codigo,tipo_propiedad,tipo_operacion,precio_venta,area,habitaciones,banos,administracion,parqueaderos,sector,estrato,antiguedad,latitud,longitud,estado,precio_arriendo,jacuzzi,chimenea,permite_mascotas,gimnasio,ascensor,conjunto_cerrado,piscina,salon_comunal,terraza,vigilancia,coords_modified,localidad,barrio,estacion_tm_cercana,distancia_estacion_tm_m,is_cerca_estacion_tm,parque_cercano,distancia_parque_m,is_cerca_parque,precio_metro_cuadrado_venta,precio_metro_cuadrado_arriendo,ratio_parqueaderos_habitaciones,ratio_habitaciones_banos,ratio_precio_venta_administracion,ratio_precio_arriendo_administracion,ratio_habitaciones_area,distance_to_nearest_juan_valdez,count_near_juan_valdez
3708073,APARTAMENTO,VENTA,19.73,58.0,2.0,2.0,166000.0,1.0,GALERIAS,4,ENTRE 5 Y 10 ANOS,4.64,-74.07,,,0,0,0,0,0,1,0,0,0,0,False,TEUSAQUILLO,SAN LUIS,Campín - UAN,707.3,0,PARQUE ESCENARIO DEPORTIVO EL CAMPINCITO - CEAD,649.66,0,0.34,,0.5,1.0,0.0,,0.03,336.62,1.0
3923506,CASA CON CONJUNTO CERRADO,VENTA,19.81,105.0,3.0,2.0,269100.0,1.0,TOBERIN,4,ENTRE 10 Y 20 ANOS,4.75,-74.03,,,0,0,0,0,0,1,0,0,0,0,False,USAQUEN,VILLAS DE ARANJUEZ,Toberin - Foundever,1628.44,0,PARQUE VECINAL URBANIZACIÓN TOBERIN,831.22,0,0.19,,0.33,1.5,0.0,,0.03,464.17,1.0
3908448,APARTAMENTO,VENTA,19.91,93.0,3.0,2.0,281300.0,1.0,GRANJAS DE TECHO,4,ENTRE 10 Y 20 ANOS,4.66,-74.13,,,0,0,0,1,0,1,0,0,1,0,False,FONTIBON,URB. PRADO GRANDE,Modelia,2102.6,0,PARQUE VECINAL VILLA HELENA VILLEMAR,1091.98,0,0.21,,0.33,1.5,0.0,,0.03,221.0,2.0
3907324,APARTAMENTO,VENTA,19.38,57.0,3.0,2.0,308000.0,0.0,USAQUEN,4,MAS DE 20 ANOS,4.71,-74.03,,,0,0,0,0,0,0,0,0,0,0,False,USAQUEN,SAN,Prado,3138.18,0,PARQUE METROPOLITANO EL COUNTRY,1414.13,0,0.34,,0.0,1.5,0.0,,0.05,896.33,0.0
3875697,APARTAMENTO,VENTA,19.32,55.0,3.0,2.0,248000.0,1.0,EL RINCON,3,MAS DE 20 ANOS,4.72,-74.09,,,0,0,0,1,0,1,0,0,0,0,False,SUBA,BOSQUES DE SAN JORGE,Suba - AV. Boyacá,1684.89,0,PARQUE METROPOLITANO CEFE COMETAS,820.03,0,0.35,,0.33,1.5,0.0,,0.05,1997.97,0.0
2941950,CASA CON CONJUNTO CERRADO,VENTA,19.04,62.0,3.0,2.0,66000.0,0.0,TINTAL NORTE,2,ENTRE 10 Y 20 ANOS,4.66,-74.16,,,0,0,0,0,0,1,0,0,0,0,False,KENNEDY,S.C. OSORIO II - LA MAGDALENA CIUDAD TINTAL,Biblioteca Tintal,2098.35,0,PARQUE ZONAL SAN IGNACIO,647.53,0,0.31,,0.0,1.5,0.0,,0.05,2884.98,0.0
3972671,APARTAMENTO,VENTA,19.83,56.0,2.0,2.0,160000.0,1.0,LA SABANA,4,ENTRE 0 Y 5 ANOS,4.61,-74.08,,,0,0,0,0,0,1,0,0,0,0,False,LOS MARTIRES,SAN VICTORINO,De La Sabana,324.3,1,PARQUE METROPOLITANO TERCER MILENIO,1045.21,0,0.35,,0.5,1.0,0.0,,0.04,1196.4,0.0
3969686,APARTAMENTO,VENTA,19.32,52.0,3.0,2.0,204000.0,1.0,CALANDAIMA,3,ENTRE 0 Y 5 ANOS,4.65,-74.15,,,0,0,0,0,0,1,0,0,0,0,False,KENNEDY,S.C. TINTALA,Biblioteca Tintal,1912.41,0,PARQUE ZONAL SAN IGNACIO,740.99,0,0.37,,0.33,1.5,0.0,,0.06,2728.92,0.0
3812319,APARTAMENTO,VENTA,19.61,71.0,3.0,2.0,242000.0,1.0,CASTILLA,3,ENTRE 5 Y 10 ANOS,4.65,-74.14,,,0,0,0,1,0,1,0,0,0,0,False,KENNEDY,BOSCONIA,Transversal 86,1925.28,0,PARQUE VECINAL VILLA ALSACIA,950.47,0,0.28,,0.33,1.5,0.0,,0.04,1693.75,0.0
3047157,APARTAMENTO,VENTA,19.21,53.0,3.0,2.0,174000.0,0.0,CIUDAD MONTES,3,MAS DE 20 ANOS,4.61,-74.11,,,0,0,0,0,0,1,0,0,0,0,False,PUENTE ARANDA,TIBANA,Santa Isabel,1248.83,0,PARQUE VECINAL GORGONZOLA,466.42,1,0.36,,0.0,1.5,0.0,,0.06,2465.76,0.0
3746706,APARTAMENTO,VENTA,19.3,69.0,3.0,2.0,173000.0,1.0,SUBA,3,MAS DE 20 ANOS,4.75,-74.1,,,0,0,0,0,0,0,0,0,0,0,False,SUBA,LOMBARDIA II,Portal Suba,770.0,0,PARQUE VECINAL URBANIZACIÓN LOMBARDIA II ETAPA,337.0,1,0.28,,0.33,1.5,0.0,,0.04,562.49,0.0
4081633,APARTAMENTO,VENTA,19.57,56.0,3.0,2.0,120000.0,1.0,BOYACA REAL,3,ENTRE 0 Y 5 ANOS,4.69,-74.09,,,0,0,0,0,0,0,0,0,1,0,False,ENGATIVA,SANTA MARIA I Y II SECTOR,Minuto de Dios,700.0,0,PARQUE ZONAL BONANZA,501.97,0,0.35,,0.33,1.5,0.0,,0.05,948.2,0.0
4079650,CASA CON CONJUNTO CERRADO,VENTA,19.74,82.0,3.0,2.0,218000.0,1.0,BOLIVIA,3,MAS DE 20 ANOS,4.73,-74.12,,,0,0,0,0,0,0,0,0,0,0,False,ENGATIVA,EL_CORTIJO,Portal 80,2385.74,0,PARQUE METROPOLITANO PLANTA DE TRATAMIENTO SALITRE,643.21,0,0.24,,0.33,1.5,0.0,,0.04,2208.39,0.0
3762679,APARTAMENTO,VENTA,20.24,143.0,3.0,3.0,500000.0,1.0,LOS ALCAZARES,4,MAS DE 20 ANOS,4.67,-74.06,,,0,0,0,0,0,0,0,0,0,0,False,BARRIOS UNIDOS,POLO CLUB - BRASILIA,Calle 85,268.67,1,PARQUE METROPOLITANO RECONCILIACIÓN,337.49,1,0.14,,0.33,1.0,0.0,,0.02,539.7,0.0
2571820,APARTAMENTO,VENTA,19.45,71.0,3.0,2.0,274327.0,0.0,GARCES NAVAS,4,ENTRE 5 Y 10 ANOS,4.72,-74.13,,,0,0,0,0,0,0,0,0,0,0,False,ENGATIVA,S.C. ENGATIVA EL DORADO,Portal 80,2696.48,0,PARQUE METROPOLITANO PLANTA DE TRATAMIENTO SALITRE,991.59,0,0.27,,0.0,1.5,0.0,,0.04,2483.26,0.0
2535811,CASA,VENTA,20.01,126.0,6.0,3.0,3921395.93,1.0,BOSA CENTRAL,2,MAS DE 20 ANOS,4.6,-74.18,,,0,0,0,0,0,0,0,0,1,0,False,BOSA,LA ESTACION,Bosa,651.73,0,PARQUE VECINAL VILLA DE LOS SAUCES,640.77,0,0.16,,0.17,2.0,0.0,,0.05,475.05,1.0
3222591,APARTAMENTO,VENTA,20.03,85.0,2.0,3.0,426000.0,2.0,SANTA BARBARA,5,ENTRE 10 Y 20 ANOS,4.7,-74.05,,,0,0,0,0,0,0,0,0,0,0,False,USAQUEN,SANTA BARBARA OCCIDENTAL,Pepe Sierra,376.53,1,PARQUE ZONAL ATABANZA,1296.94,0,0.24,,1.0,0.67,0.0,,0.02,416.53,1.0
2167888,APARTAMENTO,VENTA,19.99,103.0,3.0,2.0,653000.0,2.0,LA ALHAMBRA,5,MAS DE 20 ANOS,4.69,-74.07,,,0,0,0,0,0,0,0,0,0,0,False,SUBA,PUENTE LARGO SECTOR I Y II,Puentelargo,235.03,1,PARQUE ZONAL CANAL CORDOBA,1017.14,0,0.19,,0.67,1.5,0.0,,0.03,496.63,1.0
2315455,APARTAMENTO,VENTA,19.41,61.0,3.0,2.0,184000.0,0.0,CALANDAIMA,3,ENTRE 0 Y 5 ANOS,4.66,-74.15,,,0,0,0,0,0,1,0,0,0,0,False,KENNEDY,S.C. TINTALA,Biblioteca Tintal,1998.15,0,PARQUE ZONAL SAN IGNACIO,686.75,0,0.32,,0.0,1.5,0.0,,0.05,2786.19,0.0
2539598,APARTAMENTO,VENTA,19.99,70.0,3.0,2.0,3921395.93,1.0,QUINTA PAREDES,4,ENTRE 0 Y 5 ANOS,4.63,-74.09,,,0,0,0,0,0,0,0,0,1,0,False,TEUSAQUILLO,QUINTA PAREDES,Recinto Ferial,271.23,1,PARQUE VECINAL SANTA CLARA,601.46,0,0.29,,0.33,1.5,0.0,,0.04,866.75,0.0
2978768,APARTAMENTO,VENTA,19.41,63.0,3.0,2.0,180000.0,1.0,BRITALIA,4,ENTRE 10 Y 20 ANOS,4.75,-74.06,,,0,0,0,0,0,1,0,0,0,0,False,SUBA,BURGOS BRITALIA,Toberin - Foundever,1903.86,0,PARQUE VECINAL DESARROLLO CANTALEJO URBANIZACIÓN CANTALEJO MANZANA B,888.16,0,0.31,,0.33,1.5,0.0,,0.05,1559.21,0.0
2520130,APARTAMENTO,VENTA,19.49,50.0,1.0,2.0,168000.0,1.0,LA ESMERALDA,4,MAS DE 20 ANOS,4.65,-74.08,,,0,0,0,0,0,0,0,0,0,0,False,TEUSAQUILLO,CAMPIN OCCIDENTAL,Campín - UAN,52.46,1,PARQUE ESCENARIO DEPORTIVO EL CAMPINCITO - CEAD,151.52,1,0.39,,1.0,0.5,0.0,,0.02,435.67,1.0
2859483,CASA CON CONJUNTO CERRADO,VENTA,19.42,72.0,3.0,3.0,136000.0,1.0,CALANDAIMA,2,ENTRE 10 Y 20 ANOS,4.65,-74.15,,,0,0,0,0,0,1,0,0,0,0,False,KENNEDY,S.C. TINTALA,Biblioteca Tintal,1674.31,0,PARQUE METROPOLITANO BIBLIOTECA EL TINTAL,834.13,0,0.27,,0.33,1.0,0.0,,0.04,2614.21,0.0
2840095,APARTAMENTO,VENTA,19.69,68.0,3.0,2.0,176800.0,1.0,CASTILLA,3,ENTRE 0 Y 5 ANOS,4.65,-74.14,,,0,0,0,0,0,1,0,0,1,0,False,KENNEDY,BOSCONIA,Transversal 86,1871.8,0,PARQUE VECINAL VILLA ALSACIA,1067.31,0,0.29,,0.33,1.5,0.0,,0.04,1821.66,0.0
2101106,APARTAMENTO,VENTA,20.03,112.0,3.0,2.0,816600.0,2.0,USAQUEN,6,MAS DE 20 ANOS,4.69,-74.05,,,0,0,0,0,0,1,0,0,0,0,False,USAQUEN,RINCON DEL CHICO,Calle 100 - Marketmedios,1411.01,0,PARQUE ZONAL CANAL EL VIRREY EL CHICO,1705.86,0,0.18,,0.67,1.5,0.0,,0.03,430.93,2.0
2140282,APARTAMENTO,VENTA,19.72,51.0,1.0,2.0,3921395.93,1.0,CIUDAD MONTES,4,ENTRE 5 Y 10 ANOS,4.6,-74.12,,,0,0,0,1,0,1,0,0,1,0,False,PUENTE ARANDA,CIUDAD MONTES III SECTOR,NQS - Calle 30 S,944.98,0,PARQUE ZONAL CIUDAD MONTES,396.59,1,0.39,,1.0,0.5,0.0,,0.02,1357.81,0.0
2152996,CASA CON CONJUNTO CERRADO,VENTA,19.06,57.0,2.0,1.0,155000.0,0.0,GARCES NAVAS,2,ENTRE 10 Y 20 ANOS,4.72,-74.13,,,0,0,0,0,0,0,0,0,1,0,False,ENGATIVA,EL GACO - EL PORVENIR (PREDIO),Portal 80,2948.93,0,PARQUE METROPOLITANO PLANTA DE TRATAMIENTO SALITRE,1227.52,0,0.33,,0.0,2.0,0.0,,0.04,2590.37,0.0
2070354,APARTAMENTO,VENTA,20.03,88.0,4.0,2.0,457000.0,2.0,SANTA BARBARA,6,MAS DE 20 ANOS,4.7,-74.04,,,0,0,0,0,0,0,0,0,0,0,False,USAQUEN,SANTA BARBARA CENTRAL I SECTOR,Calle 127,2004.01,0,PARQUE METROPOLITANO EL COUNTRY,605.35,0,0.23,,0.5,2.0,0.0,,0.05,616.46,0.0
2920899,APARTAMENTO,VENTA,20.03,101.0,3.0,4.0,495000.0,1.0,LA ALHAMBRA,5,MAS DE 20 ANOS,4.71,-74.06,,,0,0,0,0,0,0,0,0,0,0,False,SUBA,EL BATAN,Calle 127,213.35,1,PARQUE ZONAL ATABANZA,452.09,1,0.2,,0.33,0.75,0.0,,0.03,334.24,5.0
3031244,APARTAMENTO,VENTA,19.92,82.0,3.0,2.0,495000.0,1.0,LA FLORESTA,4,MAS DE 20 ANOS,4.7,-74.08,,,0,0,0,0,0,0,0,0,1,0,False,SUBA,POTOSI SECTOR I,AV. Boyacá,579.61,0,PARQUE ZONAL MORATO,1047.98,0,0.24,,0.33,1.5,0.0,,0.04,404.35,3.0
2999877,CASA CON CONJUNTO CERRADO,VENTA,19.86,87.0,3.0,2.0,272000.0,1.0,BRITALIA,3,ENTRE 10 Y 20 ANOS,4.75,-74.05,,,0,0,0,0,0,1,0,0,0,0,False,SUBA,BRITALIA - EL TIBON ALBACETE,Toberin - Foundever,671.16,0,PARQUE VECINAL DESARROLLO CANTALEJO URBANIZACIÓN CANTALEJO MANZANA B,774.55,0,0.23,,0.33,1.5,0.0,,0.03,1829.59,0.0
3050979,APARTAMENTO,VENTA,19.49,55.0,2.0,2.0,199000.0,1.0,BRITALIA,4,ENTRE 10 Y 20 ANOS,4.74,-74.06,,,0,0,0,1,0,1,0,0,0,0,False,SUBA,GILMAR II,Calle 161,1470.47,0,PARQUE VECINAL DESARROLLO CANTALEJO URBANIZACIÓN CANTALEJO MANZANA B,405.68,1,0.35,,0.5,1.0,0.0,,0.04,1315.01,0.0
3449872,APARTAMENTO,VENTA,19.68,78.0,3.0,2.0,254600.0,1.0,SUBA,3,ENTRE 10 Y 20 ANOS,4.75,-74.1,,,0,0,0,0,0,1,0,0,0,0,False,SUBA,LOMBARDIA III,Portal Suba,654.12,0,PARQUE VECINAL URBANIZACIÓN VALLE DE REFOUS,717.9,0,0.25,,0.33,1.5,0.0,,0.04,368.26,1.0
3081424,APARTAMENTO,VENTA,19.43,62.0,3.0,2.0,188000.0,1.0,ALAMOS,3,MAS DE 20 ANOS,4.69,-74.11,,,0,0,0,0,0,1,0,0,0,0,False,ENGATIVA,LOS ALAMOS - URB. TORRECAMPO,Portal El Dorado,1359.96,0,PARQUE VECINAL URBANIZACIÓN FLORENCIA I SECTOR,1480.35,0,0.31,,0.33,1.5,0.0,,0.05,731.21,0.0
3145170,APARTAMENTO,VENTA,19.9,86.0,3.0,2.0,666700.0,2.0,LOS CEDROS,5,MAS DE 20 ANOS,4.72,-74.04,,,0,0,0,0,0,0,0,0,0,0,False,USAQUEN,EL CONTADOR,Alcalá,823.67,0,PARQUE VECINAL NUEVA URBANIZACIÓN EL CEDRITO,1210.55,0,0.23,,0.67,1.5,0.0,,0.03,311.25,1.0
2342620,CASA,VENTA,19.92,45.0,4.0,4.0,3921395.93,1.0,GARCES NAVAS,3,MAS DE 20 ANOS,4.71,-74.12,,,0,0,0,0,0,0,0,0,0,0,False,ENGATIVA,VILLAS DE GRANADA,Portal 80,1634.04,0,PARQUE ZONAL VILLAS DE GRANADA,276.15,1,0.44,,0.25,1.0,0.0,,0.09,1425.84,0.0
3210035,APARTAMENTO,VENTA,19.36,63.0,3.0,2.0,336000.0,1.0,SAN CRISTOBAL NORTE,3,MAS DE 20 ANOS,4.73,-74.03,,,0,0,0,0,0,1,0,0,0,0,False,USAQUEN,BARRANCAS PERLAS DEL NORTE,Mazurén,2525.87,0,PARQUE ZONAL ALTA BLANCA,608.68,0,0.31,,0.33,1.5,0.0,,0.05,615.35,0.0
3218614,APARTAMENTO,VENTA,19.9,59.0,2.0,2.0,214400.0,1.0,EL PRADO,3,ENTRE 0 Y 5 ANOS,4.72,-74.06,,,0,0,0,0,0,1,0,0,0,0,False,SUBA,S.C. PRADO VERANIEGO NORTE,Prado,859.9,0,PARQUE ZONAL ATABANZA,966.61,0,0.34,,0.5,1.0,0.0,,0.03,643.24,0.0
2845291,APARTAMENTO,VENTA,19.91,78.0,3.0,2.0,320000.0,1.0,MODELIA,4,MAS DE 20 ANOS,4.66,-74.12,,,0,0,0,0,0,1,0,0,0,0,False,FONTIBON,LA ESPERANZA_,Normandía,984.95,0,PARQUE ZONAL CANAL BOYACA,225.72,1,0.26,,0.33,1.5,0.0,,0.04,366.98,1.0
2676086,APARTAMENTO,VENTA,19.78,85.0,2.0,2.0,556000.0,1.0,NIZA,5,MAS DE 20 ANOS,4.73,-74.07,,,0,0,0,0,0,1,0,0,0,0,False,SUBA,URB. COLINA NORTE II ETAPA,Gratamira,1085.58,0,PARQUE VECINAL PRADO PINZÓN,1263.04,0,0.23,,0.5,1.0,0.0,,0.02,298.23,2.0
2233389,APARTAMENTO,VENTA,19.61,61.0,2.0,2.0,461000.0,1.0,USAQUEN,5,MAS DE 20 ANOS,4.71,-74.03,,,0,0,0,0,0,1,0,0,0,0,False,USAQUEN,BELLA SUIZA,Calle 127,2413.33,0,PARQUE METROPOLITANO EL COUNTRY,692.9,0,0.32,,0.5,1.0,0.0,,0.03,465.42,1.0
2834276,APARTAMENTO,VENTA,19.02,52.0,2.0,2.0,72700.0,0.0,VERBENAL,3,ENTRE 10 Y 20 ANOS,4.76,-74.04,,,0,0,0,0,0,1,0,0,0,0,False,USAQUEN,SAN JOSE DE USAQUEN - URB. ARGO,Calle 187,1072.79,0,PARQUE VECINAL URBANIZACIÓN CALLE 170 / ALAMEDA,407.99,1,0.37,,0.0,1.0,0.0,,0.04,1138.93,0.0
2268104,APARTAMENTO,VENTA,19.96,88.0,3.0,2.0,327000.0,2.0,LA FLORESTA,4,ENTRE 10 Y 20 ANOS,4.7,-74.09,,,0,0,0,0,0,1,0,0,1,0,False,SUBA,URB. BOSQUE DE LOS LAGARTOS,Minuto de Dios,719.19,0,PARQUE METROPOLITANO CEFE COMETAS,1253.34,0,0.23,,0.67,1.5,0.0,,0.03,713.73,0.0
3034884,APARTAMENTO,VENTA,19.96,89.0,2.0,3.0,601000.0,2.0,NIZA,6,MAS DE 20 ANOS,4.72,-74.08,,,0,0,0,0,0,1,0,0,0,0,False,SUBA,S.C. NIZA SUBA,Suba - AV. Boyacá,292.44,1,PARQUE VECINAL AGRUPACIÓN DE VIVIENDA EN BALCON DE LINDARAJA,628.47,0,0.22,,1.0,0.67,0.0,,0.02,986.42,0.0
2834736,APARTAMENTO,VENTA,19.49,73.0,3.0,2.0,50000.0,1.0,VERBENAL,3,ENTRE 10 Y 20 ANOS,4.76,-74.03,,,0,0,0,0,0,1,0,0,0,0,False,USAQUEN,VILLAS DE ANDALUCIA,Calle 187,1292.57,0,PARQUE VECINAL URBANIZACIÓN CALLE 170 / ALAMEDA,560.15,0,0.27,,0.33,1.5,0.0,,0.04,1155.15,0.0
3031480,APARTAMENTO,VENTA,19.97,90.0,3.0,2.0,350000.0,2.0,CASA BLANCA SUBA,4,ENTRE 10 Y 20 ANOS,4.74,-74.06,,,0,0,0,1,0,1,0,0,0,0,False,SUBA,CASABLANCA (HACIENDA),Calle 161,1860.67,0,PARQUE VECINAL DESARROLLO CANTALEJO URBANIZACIÓN CANTALEJO MANZANA B,806.34,0,0.22,,0.67,1.5,0.0,,0.03,994.46,0.0
2370955,APARTAMENTO,VENTA,19.84,73.0,3.0,2.0,377000.0,1.0,EL PRADO,4,ENTRE 10 Y 20 ANOS,4.72,-74.06,,,0,0,0,0,0,1,0,0,0,0,False,SUBA,URB. SAN RAFAEL NORTE II,Prado,1047.5,0,PARQUE ZONAL ATABANZA,996.72,0,0.27,,0.33,1.5,0.0,,0.04,611.15,0.0
3026318,APARTAMENTO,VENTA,19.62,70.0,3.0,2.0,387600.0,1.0,BRITALIA,3,ENTRE 10 Y 20 ANOS,4.75,-74.05,,,0,0,0,0,0,0,0,0,0,0,False,SUBA,S.C. GRANADA NORTE,Toberin - Foundever,895.64,0,PARQUE VECINAL DESARROLLO CANTALEJO URBANIZACIÓN CANTALEJO MANZANA B,1033.05,0,0.28,,0.33,1.5,0.0,,0.04,1568.92,0.0
3052285,APARTAMENTO,VENTA,19.76,47.0,2.0,1.0,438000.0,1.0,CHICO LAGO,5,MAS DE 20 ANOS,4.68,-74.05,,,0,0,0,0,0,0,0,0,0,0,False,CHAPINERO,S.C. CHICO NORTE III SECTOR,Calle 100 - Marketmedios,901.98,0,PARQUE ZONAL CANAL EL VIRREY EL CHICO,1128.83,0,0.42,,0.5,2.0,0.0,,0.04,175.75,2.0
3169516,APARTAMENTO,VENTA,19.7,72.0,3.0,2.0,461000.0,1.0,LA ALHAMBRA,5,MAS DE 20 ANOS,4.7,-74.06,,,0,0,0,0,0,1,0,0,0,0,False,SUBA,LA ALHAMBRA SECTOR NORTE,Suba - Calle 116,734.06,0,PARQUE ZONAL CANAL CORDOBA,168.65,1,0.27,,0.33,1.5,0.0,,0.04,1264.2,0.0
2954642,APARTAMENTO,VENTA,19.86,95.0,3.0,2.0,317000.0,1.0,LOS CEDROS,4,MAS DE 20 ANOS,4.72,-74.03,,,0,0,0,0,0,1,0,0,0,0,False,USAQUEN,CEDRITOS,Alcalá,2340.15,0,PARQUE VECINAL NUEVA URBANIZACIÓN EL CEDRITO,895.54,0,0.21,,0.33,1.5,0.0,,0.03,205.14,2.0
2939919,APARTAMENTO,VENTA,19.63,69.0,2.0,2.0,370200.0,0.0,NIZA,5,MAS DE 20 ANOS,4.73,-74.06,,,0,0,0,0,0,1,0,0,0,0,False,SUBA,JEREZ DE LA FRONTERA,Calle 142,1279.29,0,PARQUE VECINAL PRADO PINZÓN,909.6,0,0.28,,0.0,1.0,0.0,,0.03,356.54,2.0
3058186,APARTAMENTO,VENTA,19.01,47.0,3.0,2.0,121000.0,0.0,FONTIBON SAN PABLO,3,ENTRE 0 Y 5 ANOS,4.7,-74.17,,,0,0,0,0,0,1,0,0,0,0,False,FONTIBON,PRADOS DE LA ALAMEDA,Portal El Dorado,5341.42,0,PARQUE ZONAL LA CONCORDIA,2375.58,0,0.4,,0.0,1.5,0.0,,0.06,2423.45,0.0
3253316,APARTAMENTO,VENTA,19.61,72.0,2.0,2.0,460800.0,1.0,LA ALHAMBRA,5,MAS DE 20 ANOS,4.7,-74.06,,,0,0,0,0,0,1,0,0,0,0,False,SUBA,EL ESTORIL,Calle 106,537.74,0,PARQUE ZONAL CANAL CORDOBA,895.64,0,0.27,,0.5,1.0,0.0,,0.03,878.39,0.0
3421685,APARTAMENTO,VENTA,19.01,50.0,2.0,1.0,200000.0,0.0,SUBA,3,ENTRE 5 Y 10 ANOS,4.76,-74.09,,,0,0,0,0,0,0,0,0,0,0,False,SUBA,S.C. TUNA BAJA,Portal Suba,1055.18,0,PARQUE VECINAL URBANIZACIÓN VALLE DE REFOUS,786.83,0,0.38,,0.0,2.0,0.0,,0.04,896.88,0.0
2029193,APARTAMENTO,VENTA,20.09,90.0,3.0,2.0,615500.0,2.0,USAQUEN,4,ENTRE 5 Y 10 ANOS,4.71,-74.03,,,0,0,0,0,0,1,0,0,0,0,False,USAQUEN,SAN,Prado,3174.27,0,PARQUE METROPOLITANO EL COUNTRY,1440.95,0,0.22,,0.67,1.5,0.0,,0.03,935.62,0.0
3450812,APARTAMENTO,VENTA,19.45,66.0,3.0,2.0,208000.0,1.0,CASTILLA,3,ENTRE 0 Y 5 ANOS,4.65,-74.14,,,0,0,0,0,0,1,0,0,0,0,False,KENNEDY,BOSCONIA,Transversal 86,1921.81,0,PARQUE VECINAL VILLA ALSACIA,960.06,0,0.29,,0.33,1.5,0.0,,0.05,1704.0,0.0
2561459,APARTAMENTO,VENTA,19.59,68.0,3.0,2.0,175000.0,1.0,CASTILLA,4,ENTRE 5 Y 10 ANOS,4.65,-74.14,,,0,0,0,1,0,1,0,0,1,0,False,KENNEDY,BOSCONIA,Transversal 86,1871.8,0,PARQUE VECINAL VILLA ALSACIA,1067.31,0,0.29,,0.33,1.5,0.0,,0.04,1821.66,0.0
2383116,APARTAMENTO,VENTA,19.77,69.0,2.0,3.0,385000.0,1.0,LA ALHAMBRA,5,ENTRE 10 Y 20 ANOS,4.71,-74.06,,,0,0,0,0,0,0,0,0,0,0,False,SUBA,EL BATAN,Calle 127,274.12,1,PARQUE ZONAL ATABANZA,477.34,1,0.29,,0.5,0.67,0.0,,0.03,431.99,3.0
3149085,APARTAMENTO,VENTA,19.99,70.0,2.0,2.0,3921395.93,1.0,CHICO LAGO,6,MAS DE 20 ANOS,4.67,-74.05,,,0,0,0,0,0,0,0,0,0,0,False,CHAPINERO,S.C. CHICO NORTE,Virrey,1204.73,0,PARQUE VECINAL URBANIZACIÓN LA CABRERA,506.7,0,0.29,,0.5,1.0,0.0,,0.03,282.79,3.0
3818178,APARTAMENTO,VENTA,19.78,72.0,3.0,2.0,259000.0,2.0,BRITALIA,3,ENTRE 10 Y 20 ANOS,4.75,-74.06,,,0,0,0,0,0,1,0,0,0,0,False,SUBA,VILLA JULIA,Portal Norte,1634.42,0,PARQUE ZONAL SAN JOSÉ DE BAVARIA,336.38,1,0.27,,0.67,1.5,0.0,,0.04,1977.55,0.0
3154245,CASA CON CONJUNTO CERRADO,VENTA,19.74,97.0,3.0,2.0,312000.0,1.0,NIZA,3,ENTRE 10 Y 20 ANOS,4.72,-74.09,,,0,0,0,1,0,1,0,0,0,0,False,SUBA,BOSQUES DE SAN JORGE,Suba - AV. Boyacá,1606.93,0,PARQUE METROPOLITANO CEFE COMETAS,702.59,0,0.2,,0.33,1.5,0.0,,0.03,1880.79,0.0
3015272,APARTAMENTO,VENTA,19.01,45.0,2.0,1.0,118000.0,0.0,CALANDAIMA,3,ENTRE 0 Y 5 ANOS,4.65,-74.16,,,0,0,0,0,0,1,0,0,0,0,False,KENNEDY,S.C. TINTALA,Biblioteca Tintal,1814.94,0,PARQUE ZONAL SAN IGNACIO,555.85,0,0.42,,0.0,2.0,0.0,,0.04,2913.17,0.0
2095437,APARTAMENTO,VENTA,19.25,59.0,3.0,2.0,212000.0,1.0,SUBA,3,MAS DE 20 ANOS,4.75,-74.08,,,0,0,0,0,0,1,0,0,0,0,False,SUBA,EL PINAR DE SUBA,La Campiña,1098.34,0,PARQUE ZONAL CAMPO VERDE,732.35,0,0.33,,0.33,1.5,0.0,,0.05,1252.91,0.0
3114019,APARTAMENTO,VENTA,19.03,46.0,2.0,1.0,106000.0,0.0,ZONA FRANCA,3,ENTRE 0 Y 5 ANOS,4.68,-74.16,,,0,0,0,0,0,1,0,0,0,0,False,FONTIBON,EL CHARCO,Portal El Dorado,3955.44,0,PARQUE ZONAL LA CONCORDIA,825.77,0,0.41,,0.0,2.0,0.0,,0.04,2238.95,0.0
2318668,APARTAMENTO,VENTA,20.1,105.0,3.0,2.0,405700.0,1.0,LA URIBE,4,ENTRE 5 Y 10 ANOS,4.75,-74.02,,,0,0,0,1,0,1,0,0,1,0,False,USAQUEN,SANTA TERESA,Toberin - Foundever,2486.28,0,PARQUE ZONAL SERVITA,450.12,1,0.19,,0.33,1.5,0.0,,0.03,1291.47,0.0
2507002,CASA CON CONJUNTO CERRADO,VENTA,19.21,71.0,4.0,2.0,45000.0,0.0,ENGATIVA,2,ENTRE 10 Y 20 ANOS,4.71,-74.13,,,0,0,0,0,0,1,0,0,0,0,False,ENGATIVA,BOLIVIA - URB. SAN VICENTE (LOTE),Portal 80,2183.56,0,PARQUE ZONAL VILLAS DE GRANADA,1256.69,0,0.27,,0.0,2.0,0.0,,0.06,1626.48,0.0
2984525,APARTAMENTO,VENTA,19.69,59.0,1.0,2.0,464000.0,2.0,LOS CEDROS,4,ENTRE 5 Y 10 ANOS,4.73,-74.05,,,0,0,0,0,0,1,0,0,0,0,False,USAQUEN,LOS CEDRITOS,Calle 142,425.03,1,PARQUE VECINAL PRADO PINZÓN,758.38,0,0.33,,2.0,0.5,0.0,,0.02,514.22,0.0
1251000,APARTAMENTO,VENTA,20.0,96.0,3.0,2.0,400000.0,1.0,LOS CEDROS,4,MAS DE 20 ANOS,4.73,-74.04,,,0,0,0,1,0,1,0,0,0,0,False,USAQUEN,PARQUES DE LORENA,Mazurén,1252.46,0,PARQUE ZONAL LA VIDA,665.88,0,0.21,,0.33,1.5,0.0,,0.03,669.32,0.0
3482931,APARTAMENTO,VENTA,20.91,207.0,4.0,3.0,1433000.0,2.0,SANTA BARBARA,5,MAS DE 20 ANOS,4.7,-74.04,,,0,0,0,0,0,1,0,0,0,0,False,USAQUEN,SANTA BARBARA OCCIDENTAL,Pepe Sierra,1197.84,0,PARQUE METROPOLITANO EL COUNTRY,945.89,0,0.1,,0.5,1.33,0.0,,0.02,363.05,1.0
3360190,APARTAMENTO,VENTA,19.78,85.0,3.0,2.0,366000.0,1.0,SUBA,3,ENTRE 5 Y 10 ANOS,4.74,-74.08,,,0,0,0,1,0,1,0,0,1,0,False,SUBA,S.C. SUBA URBANO,Suba - TV. 91,738.42,0,PARQUE ZONAL BELLAVISTA DINDALITO,641.26,0,0.23,,0.33,1.5,0.0,,0.04,1373.83,0.0
3400814,APARTAMENTO,VENTA,19.86,100.0,3.0,3.0,592000.0,1.0,LOS CEDROS,5,MAS DE 20 ANOS,4.72,-74.04,,,0,0,0,0,0,0,0,0,0,0,False,USAQUEN,EL CONTADOR,Alcalá,937.03,0,PARQUE VECINAL NUEVA URBANIZACIÓN EL CEDRITO,1198.31,0,0.2,,0.33,1.0,0.0,,0.03,431.39,1.0
2901215,APARTAMENTO,VENTA,19.01,40.0,2.0,1.0,90000.0,0.0,ARBORIZADORA,3,ENTRE 0 Y 5 ANOS,4.59,-74.16,,,0,0,0,0,0,1,0,0,1,0,False,CIUDAD BOLIVAR,RAFAEL ESCAMILLA,CC Paseo Villa del Río - Madelena,322.81,1,PARQUE VECINAL URBANIZACIÓN BALMORAL CESIÓN GUADALUPE,608.39,0,0.48,,0.0,2.0,0.0,,0.05,779.53,0.0
3279170,CASA CON CONJUNTO CERRADO,VENTA,19.4,68.0,3.0,2.0,180000.0,0.0,SANTA CECILIA,3,MAS DE 20 ANOS,4.68,-74.11,,,0,0,0,0,0,1,0,0,0,0,False,ENGATIVA,CIUDADELA INDUSTRIAL EL DORADO,Portal El Dorado,973.06,0,PARQUE VECINAL URBANIZACIÓN LA EUROPA,1768.67,0,0.29,,0.0,1.5,0.0,,0.04,277.42,2.0
3685588,APARTAMENTO,VENTA,19.86,69.0,2.0,2.0,220000.0,1.0,LA ALHAMBRA,5,ENTRE 5 Y 10 ANOS,4.71,-74.06,,,0,0,0,0,0,0,0,0,0,0,False,SUBA,EL BATAN,Calle 127,367.58,1,PARQUE ZONAL ATABANZA,384.88,1,0.29,,0.5,1.0,0.0,,0.03,513.82,0.0
3312576,APARTAMENTO,VENTA,19.87,87.0,3.0,2.0,3921395.93,1.0,EL PRADO,4,ENTRE 5 Y 10 ANOS,4.71,-74.06,,,0,0,0,1,0,1,0,0,0,0,False,SUBA,S.C. PRADO VERANIEGO SUR,Niza - Calle 127,997.43,0,PARQUE ZONAL ATABANZA,831.39,0,0.23,,0.33,1.5,0.0,,0.03,945.36,0.0
3451137,APARTAMENTO,VENTA,19.47,73.0,3.0,2.0,231600.0,0.0,EL PRADO,4,MAS DE 20 ANOS,4.71,-74.06,,,0,0,0,0,0,0,0,0,0,0,False,SUBA,PRADO VERANIEGO SUR - CORDOBA NIZA IX,Prado,917.67,0,PARQUE ZONAL ATABANZA,368.71,1,0.27,,0.0,1.5,0.0,,0.04,1045.6,0.0
3614939,APARTAMENTO,VENTA,19.62,67.0,2.0,2.0,3921395.93,1.0,LA FLORESTA,4,MAS DE 20 ANOS,4.7,-74.08,,,0,0,0,0,0,1,0,0,0,0,False,SUBA,URB. POTOSI II SECTOR,Ferias,897.94,0,PARQUE ZONAL MORATO,596.5,0,0.29,,0.5,1.0,0.0,,0.03,633.44,0.0
3616023,APARTAMENTO,VENTA,19.96,94.0,3.0,3.0,1002600.0,1.0,SANTA BARBARA,6,MAS DE 20 ANOS,4.69,-74.05,,,0,0,0,0,0,1,0,0,0,0,False,USAQUEN,SAN PATRICIO,Pepe Sierra,540.91,0,PARQUE ZONAL CANAL CORDOBA,1675.02,0,0.21,,0.33,1.0,0.0,,0.03,179.09,2.0
3568510,APARTAMENTO,VENTA,19.04,48.0,2.0,1.0,143100.0,0.0,VERBENAL,3,ENTRE 5 Y 10 ANOS,4.77,-74.03,,,0,0,0,0,0,1,0,0,0,0,False,USAQUEN,TIBABITA EL REPOSO,Terminal,1527.59,0,PARQUE VECINAL DESARROLLO VERBENAL I,1114.59,0,0.4,,0.0,2.0,0.0,,0.04,1424.39,0.0
3760740,APARTAMENTO,VENTA,19.52,74.0,2.0,2.0,174908.0,1.0,LOS CEDROS,4,MAS DE 20 ANOS,4.73,-74.03,,,0,0,0,0,0,0,0,0,0,0,False,USAQUEN,CEDRO SALAZAR,Calle 146,2262.35,0,PARQUE ZONAL ALTA BLANCA,620.99,0,0.26,,0.5,1.0,0.0,,0.03,366.64,1.0
2728521,APARTAMENTO,VENTA,19.85,72.0,2.0,2.0,360000.0,1.0,DOCE DE OCTUBRE,4,ENTRE 5 Y 10 ANOS,4.66,-74.08,,,0,0,0,0,0,1,0,0,0,0,False,BARRIOS UNIDOS,SAN MIGUEL_,7 de Agosto,535.91,0,PARQUE METROPOLITANO PARQUE DE LOS NOVIOS,843.95,0,0.28,,0.5,1.0,0.0,,0.03,1433.2,0.0
3607962,APARTAMENTO,VENTA,19.72,75.0,3.0,2.0,325000.0,0.0,CHAPINERO,4,MAS DE 20 ANOS,4.64,-74.06,,,0,0,0,0,0,0,0,0,0,0,False,CHAPINERO,S.C. CHAPINERO CENTRAL,Calle 57,368.19,1,PARQUE ZONAL GUSTAVO URIBE BOTERO,1661.16,0,0.26,,0.0,1.5,0.0,,0.04,933.91,0.0
3495825,APARTAMENTO,VENTA,20.03,105.0,3.0,3.0,597000.0,1.0,LA ALHAMBRA,5,MAS DE 20 ANOS,4.7,-74.06,,,0,0,0,0,0,0,0,0,0,0,False,SUBA,EL BATAN,Calle 127,257.52,1,PARQUE ZONAL ATABANZA,746.54,0,0.19,,0.33,1.0,0.0,,0.03,411.28,3.0
3414919,APARTAMENTO,VENTA,19.9,84.0,3.0,2.0,438000.0,1.0,EL PRADO,3,ENTRE 5 Y 10 ANOS,4.72,-74.05,,,0,0,0,0,0,0,0,0,0,0,False,SUBA,SAN JOSE DEL PRADO,Alcalá,348.44,1,PARQUE VECINAL PRADO PINZÓN,544.03,0,0.24,,0.33,1.5,0.0,,0.04,863.47,0.0
1520118,APARTAMENTO,VENTA,20.05,80.0,2.0,3.0,626300.0,2.0,LOS CEDROS,5,ENTRE 10 Y 20 ANOS,4.71,-74.04,,,0,0,0,1,0,1,0,0,1,0,False,USAQUEN,LISBOA_,Prado,1659.69,0,PARQUE VECINAL NUEVA URBANIZACIÓN EL CEDRITO,1076.95,0,0.25,,1.0,0.67,0.0,,0.02,424.07,1.0
3750948,APARTAMENTO,VENTA,19.49,59.0,3.0,2.0,307000.0,1.0,LA URIBE,4,ENTRE 10 Y 20 ANOS,4.76,-74.02,,,0,0,0,0,0,1,0,0,0,0,False,USAQUEN,S.C. HORIZONTES NORTE,Calle 187,2429.88,0,PARQUE ZONAL SERVITA,1515.4,0,0.33,,0.33,1.5,0.0,,0.05,1599.94,0.0
3438088,APARTAMENTO,VENTA,19.21,56.0,3.0,2.0,179400.0,0.0,FONTIBON,3,ENTRE 5 Y 10 ANOS,4.67,-74.14,,,0,0,0,0,0,0,0,0,0,0,False,FONTIBON,VILLEMAR,Portal El Dorado,2282.06,0,PARQUE VECINAL VILLA HELENA VILLEMAR,32.73,1,0.34,,0.0,1.5,0.0,,0.05,1269.75,0.0
3312754,APARTAMENTO,VENTA,19.07,62.0,3.0,2.0,145600.0,0.0,ISMAEL PERDOMO,3,ENTRE 5 Y 10 ANOS,4.59,-74.16,,,0,0,0,1,0,1,0,0,0,0,False,CIUDAD BOLIVAR,EL ENSUENO,Perdomo,1123.89,0,PARQUE ZONAL EL TALLER EL ENSUEÑO,163.76,1,0.31,,0.0,1.5,0.0,,0.05,1673.18,0.0
2307507,APARTAMENTO,VENTA,19.94,93.0,3.0,2.0,479000.0,2.0,LA ALHAMBRA,5,MAS DE 20 ANOS,4.7,-74.07,,,0,0,0,0,0,1,0,0,0,0,False,SUBA,PUENTE LARGO III SECTOR,Suba - Calle 116,376.65,1,PARQUE ZONAL CANAL CORDOBA,570.39,0,0.21,,0.67,1.5,0.0,,0.03,680.84,0.0
2628295,APARTAMENTO,VENTA,19.52,70.0,3.0,2.0,3921395.93,1.0,LA ALHAMBRA,5,MAS DE 20 ANOS,4.7,-74.06,,,0,0,0,0,0,0,0,0,0,0,False,SUBA,EL BATAN,Calle 127,244.11,1,PARQUE ZONAL ATABANZA,591.09,0,0.28,,0.33,1.5,0.0,,0.04,414.52,3.0
2250252,APARTAMENTO,VENTA,19.94,105.0,3.0,2.0,510000.0,1.0,LA ALHAMBRA,5,MAS DE 20 ANOS,4.7,-74.06,,,0,0,0,0,0,1,0,0,0,0,False,SUBA,S.C. PASADENA,Puentelargo,603.62,0,PARQUE ZONAL CANAL CORDOBA,793.14,0,0.19,,0.33,1.5,0.0,,0.03,824.02,0.0
3162854,APARTAMENTO,VENTA,19.38,65.0,3.0,2.0,190000.0,2.0,EL RINCON,3,ENTRE 10 Y 20 ANOS,4.74,-74.09,,,0,0,0,0,0,0,0,0,0,0,False,SUBA,ALMENDROS DE SUBA,Suba - TV. 91,86.96,1,PARQUE ZONAL BELLAVISTA DINDALITO,189.13,1,0.3,,0.67,1.5,0.0,,0.05,1487.3,0.0
2925278,APARTAMENTO,VENTA,19.69,77.0,2.0,2.0,623000.0,1.0,USAQUEN,4,MAS DE 20 ANOS,4.71,-74.03,,,0,0,0,0,0,1,0,0,0,0,False,USAQUEN,SAN,Calle 127,3039.76,0,PARQUE METROPOLITANO EL COUNTRY,1299.38,0,0.26,,0.5,1.0,0.0,,0.03,828.65,0.0
2397091,CASA,VENTA,19.58,45.0,3.0,2.0,3921395.93,0.0,GARCES NAVAS,3,MAS DE 20 ANOS,4.72,-74.12,,,0,0,0,0,0,0,0,0,0,0,False,ENGATIVA,VILLAS DE GRANADA,Portal 80,1430.14,0,PARQUE ZONAL VILLAS DE GRANADA,271.66,1,0.44,,0.0,1.5,0.0,,0.07,1219.48,0.0
3105517,APARTAMENTO,VENTA,19.23,70.0,3.0,2.0,218000.0,0.0,SUBA,3,MAS DE 20 ANOS,4.75,-74.08,,,0,0,0,0,0,1,0,0,0,0,False,SUBA,URB. OVIEDO,Portal Suba,1683.06,0,PARQUE ZONAL CAMPO VERDE,246.61,1,0.27,,0.0,1.5,0.0,,0.04,1657.63,0.0
3097207,APARTAMENTO,VENTA,19.21,61.0,3.0,2.0,218000.0,0.0,GARCES NAVAS,3,MAS DE 20 ANOS,4.71,-74.12,,,0,0,0,0,0,0,0,0,0,0,False,ENGATIVA,EL_MORTINO,Portal 80,1511.3,0,PARQUE ZONAL VILLAS DE GRANADA,362.09,1,0.31,,0.0,1.5,0.0,,0.05,1308.35,0.0
3043956,APARTAMENTO,VENTA,19.3,62.0,3.0,2.0,50000.0,1.0,AMERICAS,3,ENTRE 10 Y 20 ANOS,4.61,-74.13,,,0,0,0,0,0,1,0,0,0,0,False,KENNEDY,SANTA ROSA DEL CARVAJAL,Alquería,1951.84,0,PARQUE VECINAL CARVAJAL,545.89,0,0.31,,0.33,1.5,0.0,,0.05,928.19,0.0
2889058,APARTAMENTO,VENTA,19.01,50.0,2.0,1.0,84600.0,0.0,EL RINCON,3,MAS DE 20 ANOS,4.73,-74.09,,,0,0,0,0,0,1,0,0,0,0,False,SUBA,URB. LA PALMA I,21 Ángeles,1115.53,0,PARQUE ZONAL BELLAVISTA DINDALITO,1309.37,0,0.38,,0.0,2.0,0.0,,0.04,2396.67,0.0
3302164,APARTAMENTO,VENTA,20.09,95.0,4.0,3.0,561000.0,2.0,NIZA,5,MAS DE 20 ANOS,4.7,-74.07,,,0,0,0,0,0,1,0,0,0,0,False,SUBA,LAGOS DE CORDOBA,Humedal Córdoba,477.21,1,PARQUE ZONAL CANAL CORDOBA,397.25,1,0.21,,0.5,1.33,0.0,,0.04,883.58,0.0
3023009,APARTAMENTO,VENTA,20.0,114.0,3.0,3.0,40000.0,2.0,LOS CEDROS,5,MAS DE 20 ANOS,4.72,-74.04,,,0,0,0,0,0,0,0,0,0,0,False,USAQUEN,NUEVO COUNTRY,Alcalá,1090.23,0,PARQUE VECINAL NUEVA URBANIZACIÓN EL CEDRITO,1242.72,0,0.18,,0.67,1.0,0.0,,0.03,617.1,0.0
2769318,CASA CON CONJUNTO CERRADO,VENTA,19.01,62.0,3.0,1.0,61300.0,0.0,TINTAL NORTE,2,ENTRE 10 Y 20 ANOS,4.66,-74.16,,,0,0,0,0,0,1,0,0,0,0,False,KENNEDY,S.C. OSORIO II - LA MAGDALENA CIUDAD TINTAL,Biblioteca Tintal,2049.1,0,PARQUE ZONAL SAN IGNACIO,615.88,0,0.31,,0.0,3.0,0.0,,0.05,2895.64,0.0
3084633,APARTAMENTO,VENTA,19.75,31.0,1.0,1.0,364601.0,1.0,CHICO LAGO,6,ENTRE 0 Y 5 ANOS,4.68,-74.06,,,0,0,0,0,0,1,0,0,0,0,False,CHAPINERO,S.C. CHICO NORTE III SECTOR,Calle 100 - Marketmedios,202.66,1,PARQUE VECINAL URBANIZACIÓN NORMANDIA I II II Y IV SECTOR,728.22,0,0.64,,1.0,1.0,0.0,,0.03,348.57,1.0
3002364,APARTAMENTO,VENTA,19.83,76.0,2.0,3.0,374400.0,1.0,LOS CEDROS,5,ENTRE 5 Y 10 ANOS,4.72,-74.04,,,0,0,0,0,0,0,0,0,0,0,False,USAQUEN,EL CONTADOR,Alcalá,1103.24,0,PARQUE VECINAL NUEVA URBANIZACIÓN EL CEDRITO,983.61,0,0.26,,0.5,0.67,0.0,,0.03,453.09,1.0
2101154,APARTAMENTO,VENTA,19.92,84.0,2.0,2.0,629100.0,2.0,LOS CEDROS,5,ENTRE 10 Y 20 ANOS,4.72,-74.05,,,0,0,0,0,0,1,0,0,0,0,False,USAQUEN,LOS CEDROS,Alcalá,167.56,1,PARQUE VECINAL PRADO PINZÓN,734.64,0,0.24,,1.0,1.0,0.0,,0.02,347.91,1.0
3297763,APARTAMENTO,VENTA,19.75,83.0,3.0,2.0,533000.0,1.0,LOS CEDROS,4,ENTRE 10 Y 20 ANOS,4.73,-74.03,,,0,0,0,0,0,1,0,0,0,0,False,USAQUEN,CEDRO SALAZAR,Calle 142,2129.9,0,PARQUE VECINAL NUEVA URBANIZACIÓN EL CEDRITO,334.27,1,0.24,,0.33,1.5,0.0,,0.04,531.76,0.0
2964893,APARTAMENTO,VENTA,19.38,66.0,4.0,2.0,63000.0,2.0,GARCES NAVAS,3,MAS DE 20 ANOS,4.72,-74.12,,,0,0,0,0,0,1,0,0,0,0,False,ENGATIVA,PORTAL DE GRANADA,Portal 80,1776.26,0,PARQUE ZONAL VILLAS DE GRANADA,410.84,1,0.29,,0.5,2.0,0.0,,0.06,1564.83,0.0
3327293,APARTAMENTO,VENTA,19.78,58.0,1.0,1.0,518300.0,1.0,PARDO RUBIO,4,ENTRE 10 Y 20 ANOS,4.63,-74.06,,,0,0,0,0,0,0,0,0,0,0,False,CHAPINERO,S.C. PARDO RUBIO,Calle 45 - American School Way,668.67,0,PARQUE METROPOLITANO PARQUE NACIONAL (PM2A) ENRIQUE OLAYA HERRERA (SECTOR HISTORICO),1010.27,0,0.34,,1.0,1.0,0.0,,0.02,456.47,1.0
3175334,APARTAMENTO,VENTA,19.46,48.0,1.0,1.0,264000.0,1.0,LOS CEDROS,4,ENTRE 5 Y 10 ANOS,4.73,-74.04,,,0,0,0,0,0,1,0,0,0,0,False,USAQUEN,LOS CEDRITOS,Calle 142,889.96,0,PARQUE VECINAL NUEVA URBANIZACIÓN EL CEDRITO,1035.07,0,0.41,,1.0,1.0,0.0,,0.02,767.63,0.0
3619637,APARTAMENTO,VENTA,19.99,63.0,2.0,2.0,683000.0,0.0,SANTA BARBARA,6,ENTRE 10 Y 20 ANOS,4.7,-74.05,,,0,0,0,0,0,0,0,0,0,0,False,USAQUEN,SAN PATRICIO,Pepe Sierra,874.42,0,PARQUE METROPOLITANO EL COUNTRY,1350.36,0,0.32,,0.0,1.0,0.0,,0.03,159.87,3.0
3448405,APARTAMENTO,VENTA,19.92,68.0,2.0,2.0,660400.0,2.0,LA ALHAMBRA,5,ENTRE 5 Y 10 ANOS,4.69,-74.06,,,0,0,0,0,0,0,0,0,0,0,False,SUBA,S.C. PASADENA,Suba - Calle 100,443.77,1,PARQUE ZONAL CANAL RIO NEGRO,1323.72,0,0.29,,1.0,1.0,0.0,,0.03,391.23,1.0
3608583,APARTAMENTO,VENTA,19.78,68.0,3.0,2.0,313300.0,0.0,CASA BLANCA SUBA,4,ENTRE 10 Y 20 ANOS,4.74,-74.07,,,0,0,0,0,0,1,0,0,0,0,False,SUBA,CASABLANCA (HACIENDA),21 Ángeles,1634.22,0,PARQUE ZONAL EL TOMILLAR,695.21,0,0.29,,0.0,1.5,0.0,,0.04,742.69,0.0
3439577,APARTAMENTO,VENTA,19.34,55.0,3.0,2.0,326000.0,1.0,NIZA,3,MAS DE 20 ANOS,4.72,-74.09,,,0,0,0,0,0,1,0,0,0,0,False,SUBA,BOSQUES DE SAN JORGE,Suba - AV. Boyacá,1716.22,0,PARQUE METROPOLITANO CEFE COMETAS,720.6,0,0.35,,0.33,1.5,0.0,,0.05,1939.58,0.0
3629714,APARTAMENTO,VENTA,19.75,67.0,3.0,2.0,227000.0,1.0,BAVARIA,4,ENTRE 10 Y 20 ANOS,4.64,-74.13,,,0,0,0,0,0,1,0,0,0,0,False,KENNEDY,VILLA ALSACIA CIUDADELA,Marsella,1536.5,0,PARQUE VECINAL VILLA ALSACIA,1057.4,0,0.29,,0.33,1.5,0.0,,0.04,356.64,1.0
2803089,APARTAMENTO,VENTA,19.85,86.0,3.0,2.0,388000.0,1.0,EL PRADO,3,ENTRE 10 Y 20 ANOS,4.73,-74.05,,,0,0,0,0,0,1,0,0,0,0,False,SUBA,PRADO PINZON,Calle 142,262.78,1,PARQUE VECINAL PRADO PINZÓN,226.6,1,0.23,,0.33,1.5,0.0,,0.03,780.89,0.0
3506308,APARTAMENTO,VENTA,19.34,35.0,1.0,1.0,143000.0,0.0,LA URIBE,3,ENTRE 0 Y 5 ANOS,4.75,-74.03,,,0,0,0,0,0,1,0,0,0,0,False,USAQUEN,LA GRANJA NORTE,Portal Norte,2156.89,0,PARQUE ZONAL SERVITA,876.63,0,0.55,,0.0,1.0,0.0,,0.03,1009.8,0.0
2918577,APARTAMENTO,VENTA,19.55,63.0,2.0,2.0,201000.0,1.0,BRITALIA,3,ENTRE 10 Y 20 ANOS,4.75,-74.06,,,0,0,0,0,0,1,0,0,0,0,False,SUBA,VILLA JULIA,Portal Norte,1634.42,0,PARQUE ZONAL SAN JOSÉ DE BAVARIA,336.38,1,0.31,,0.5,1.0,0.0,,0.03,1977.55,0.0
3369612,APARTAMENTO,VENTA,19.19,40.0,1.0,1.0,331527.0,0.0,GALERIAS,3,ENTRE 0 Y 5 ANOS,4.65,-74.07,,,0,0,0,0,0,1,0,0,0,0,False,TEUSAQUILLO,CHAPINERO OCCIDENTAL,Calle 57,281.38,1,PARQUE ESCENARIO DEPORTIVO EL CAMPINCITO - CEAD,1217.58,0,0.48,,0.0,1.0,0.0,,0.02,877.4,0.0
2535938,APARTAMENTO,VENTA,20.09,116.0,4.0,3.0,675000.0,1.0,CHICO LAGO,6,MAS DE 20 ANOS,4.68,-74.05,,,0,0,0,0,0,1,0,0,0,0,False,CHAPINERO,CHICO RESERVADO II SECTOR,Calle 100 - Marketmedios,1471.48,0,PARQUE ZONAL CANAL EL VIRREY EL CHICO,1124.43,0,0.17,,0.25,1.33,0.0,,0.03,312.06,2.0
3469543,APARTAMENTO,VENTA,19.41,66.0,3.0,2.0,463.0,1.0,LOS CEDROS,4,MAS DE 20 ANOS,4.73,-74.04,,,0,0,0,0,0,1,0,0,0,0,False,USAQUEN,LOS CEDRITOS,Calle 146,935.32,0,PARQUE VECINAL NUEVA URBANIZACIÓN EL CEDRITO,1100.02,0,0.29,,0.33,1.5,0.04,,0.05,1002.36,0.0
2368462,APARTAMENTO,VENTA,19.38,71.0,3.0,2.0,228200.0,1.0,BRITALIA,3,ENTRE 10 Y 20 ANOS,4.75,-74.05,,,0,0,0,0,0,1,0,0,1,0,False,SUBA,S.C. GRANADA NORTE,Toberin - Foundever,420.96,1,PARQUE VECINAL DESARROLLO CANTALEJO URBANIZACIÓN CANTALEJO MANZANA B,1153.26,0,0.27,,0.33,1.5,0.0,,0.04,1469.31,0.0
2134206,APARTAMENTO,VENTA,19.68,68.0,3.0,2.0,245000.0,1.0,SUBA,4,MAS DE 20 ANOS,4.75,-74.06,,,0,0,0,0,0,1,0,0,0,0,False,SUBA,PORTALES DEL NORTE URB. SAN PEDRO,Portal Norte,1927.94,0,PARQUE ZONAL SAN JOSÉ DE BAVARIA,218.54,1,0.29,,0.33,1.5,0.0,,0.04,2254.36,0.0
3418826,CASA,VENTA,19.67,74.0,3.0,3.0,358000.0,2.0,CASA BLANCA SUBA,3,ENTRE 10 Y 20 ANOS,4.75,-74.07,,,0,0,0,0,0,1,0,0,0,0,False,SUBA,S.C. PORTALES DEL NORTE,21 Ángeles,2179.44,0,PARQUE ZONAL SAN JOSÉ DE BAVARIA,734.52,0,0.27,,0.67,1.0,0.0,,0.04,1867.48,0.0
3731179,APARTAMENTO,VENTA,20.42,95.0,3.0,3.0,470000.0,1.0,CIUDAD SALITRE ORIENTAL,4,ENTRE 10 Y 20 ANOS,4.64,-74.1,,,0,0,0,1,0,1,0,0,0,0,False,TEUSAQUILLO,PRADOS DEL_SALITRE,Gobernación,762.34,0,PARQUE VECINAL SANTA CLARA,752.39,0,0.21,,0.33,1.0,0.0,,0.03,287.66,2.0
3860389,APARTAMENTO,VENTA,20.29,95.0,4.0,3.0,400000.0,1.0,CIUDAD SALITRE OCCIDENTAL,4,MAS DE 20 ANOS,4.66,-74.11,,,0,0,0,0,0,0,0,0,0,0,False,FONTIBON,CIUDAD SALITRE,AV. Rojas,369.32,1,PARQUE VECINAL CARLOS LLERAS (EL FUEGO),462.87,1,0.21,,0.25,1.33,0.0,,0.04,311.44,1.0
2887027,APARTAMENTO,VENTA,19.25,54.0,2.0,1.0,240800.0,1.0,EL PRADO,3,MAS DE 20 ANOS,4.71,-74.06,,,0,0,0,0,0,0,0,0,0,0,False,SUBA,PRADO VERANIEGO,Prado,578.83,0,PARQUE ZONAL ATABANZA,414.84,1,0.36,,0.5,2.0,0.0,,0.04,894.88,0.0
2588866,CASA,VENTA,19.92,72.0,8.0,4.0,3921395.93,1.0,GARCES NAVAS,2,MAS DE 20 ANOS,4.7,-74.12,,,0,0,0,0,0,0,0,0,1,0,False,ENGATIVA,SAN BASILIO,Portal 80,1640.16,0,PARQUE ZONAL EL CARMELO,575.24,0,0.28,,0.12,2.0,0.0,,0.11,918.75,0.0
3141310,APARTAMENTO,VENTA,19.64,55.0,1.0,1.0,400000.0,1.0,CHICO LAGO,5,MAS DE 20 ANOS,4.66,-74.06,,,0,0,0,0,0,0,0,0,0,0,False,CHAPINERO,S.C. PORCIUNCULA,Calle 72,518.23,0,PARQUE ZONAL SAN ANDRÉS,934.61,0,0.36,,1.0,1.0,0.0,,0.02,165.18,4.0
1974743,APARTAMENTO,VENTA,20.05,95.0,3.0,3.0,300000.0,1.0,LOS CEDROS,4,MAS DE 20 ANOS,4.72,-74.04,,,0,0,0,0,0,1,0,0,0,0,False,USAQUEN,CEDRITOS,Alcalá,1588.22,0,PARQUE VECINAL NUEVA URBANIZACIÓN EL CEDRITO,446.58,1,0.21,,0.33,1.0,0.0,,0.03,218.09,1.0
3787523,APARTAMENTO,VENTA,19.21,39.0,3.0,2.0,170000.0,0.0,SAN JOSE DE BAVARIA,4,ENTRE 0 Y 5 ANOS,4.76,-74.05,,,0,0,0,0,0,1,0,0,0,0,False,SUBA,URB. PLAZA BAVIERA,Portal Norte,787.52,0,PARQUE VECINAL URBANIZACIÓN VILANOVA,700.92,0,0.49,,0.0,1.5,0.0,,0.08,904.34,0.0
2596233,CASA CON CONJUNTO CERRADO,VENTA,19.49,68.0,4.0,2.0,140800.0,1.0,CASTILLA,3,ENTRE 10 Y 20 ANOS,4.64,-74.15,,,0,0,0,0,0,1,0,0,0,0,False,KENNEDY,URBANIZACION VILLAS DE CASTILLA,Transversal 86,926.02,0,PARQUE ZONAL CASTILLA,795.62,0,0.29,,0.25,2.0,0.0,,0.06,2098.57,0.0
3088474,APARTAMENTO,VENTA,19.68,50.0,3.0,2.0,220000.0,1.0,SAGRADO CORAZON,4,ENTRE 10 Y 20 ANOS,4.62,-74.07,,,0,0,0,0,0,1,0,0,0,0,False,SANTA FE,SAMPER,Calle 34,143.86,1,PARQUE METROPOLITANO PARQUE NACIONAL (PM2A) ENRIQUE OLAYA HERRERA (SECTOR HISTORICO),512.7,0,0.39,,0.33,1.5,0.0,,0.06,510.33,0.0
3320783,APARTAMENTO,VENTA,19.25,31.0,1.0,1.0,186000.0,0.0,PARDO RUBIO,4,ENTRE 0 Y 5 ANOS,4.64,-74.05,,,0,0,0,0,0,1,0,0,0,0,False,CHAPINERO,LOS OLIVOS,Calle 63,1200.54,0,PARQUE ZONAL GUSTAVO URIBE BOTERO,747.28,0,0.62,,0.0,1.0,0.0,,0.03,871.27,0.0
2551624,APARTAMENTO,VENTA,19.69,64.0,3.0,2.0,138000.0,1.0,BOYACA REAL,3,ENTRE 5 Y 10 ANOS,4.69,-74.1,,,0,0,0,0,0,1,0,0,1,0,False,ENGATIVA,S.C. BOYACA,Minuto de Dios,1321.05,0,PARQUE VECINAL URBANIZACIÓN LA EUROPA,518.24,0,0.31,,0.33,1.5,0.0,,0.05,1443.41,0.0
3435183,APARTAMENTO,VENTA,19.06,49.0,3.0,1.0,127000.0,0.0,BOLIVIA,3,MAS DE 20 ANOS,4.73,-74.12,,,0,0,0,0,0,1,0,0,0,0,False,ENGATIVA,CIUDADELA COLSUBSIDIO 4 SECTOR,Portal 80,2101.68,0,PARQUE METROPOLITANO PLANTA DE TRATAMIENTO SALITRE,1148.7,0,0.39,,0.0,3.0,0.0,,0.06,1956.07,0.0
3125990,APARTAMENTO,VENTA,19.5,67.0,3.0,2.0,207500.0,0.0,BRITALIA,3,ENTRE 10 Y 20 ANOS,4.74,-74.06,,,0,0,0,0,0,1,0,0,0,0,False,SUBA,CANTALEJO,Calle 161,1269.08,0,PARQUE VECINAL DESARROLLO CANTALEJO URBANIZACIÓN CANTALEJO MANZANA B,282.23,1,0.29,,0.0,1.5,0.0,,0.04,1564.41,0.0
3691803,APARTAMENTO,VENTA,19.11,52.0,2.0,2.0,88000.0,1.0,VERBENAL,3,MAS DE 20 ANOS,4.76,-74.04,,,0,0,0,0,0,1,0,0,0,0,False,USAQUEN,SAN JOSE DE USAQUEN - URB. ARGO,Calle 187,1072.79,0,PARQUE VECINAL URBANIZACIÓN CALLE 170 / ALAMEDA,407.99,1,0.37,,0.5,1.0,0.0,,0.04,1138.93,0.0
3673382,APARTAMENTO,VENTA,19.8,70.0,2.0,2.0,535000.0,1.0,USAQUEN,5,MAS DE 20 ANOS,4.7,-74.03,,,0,0,0,0,0,0,0,0,0,0,False,USAQUEN,BELLA SUIZA,Calle 127,2684.74,0,PARQUE METROPOLITANO EL COUNTRY,948.17,0,0.28,,0.5,1.0,0.0,,0.03,771.36,0.0
3127717,APARTAMENTO,VENTA,19.32,55.0,3.0,2.0,132900.0,0.0,SOSIEGO,3,MAS DE 20 ANOS,4.58,-74.09,,,0,0,0,0,0,1,0,0,0,0,False,SAN CRISTOBAL,URB. SANTA MARGARITA II,Ciudad Jardín - UAN,282.32,1,PARQUE ZONAL CIUDAD JARDIN,417.24,1,0.35,,0.0,1.5,0.0,,0.05,2080.54,0.0
2752127,APARTAMENTO,VENTA,19.06,60.0,3.0,2.0,121400.0,0.0,SUBA,3,ENTRE 10 Y 20 ANOS,4.74,-74.08,,,0,0,0,0,0,1,0,0,0,0,False,SUBA,BALCONES DE SUBA,21 Ángeles,378.71,1,PARQUE ZONAL BELLAVISTA DINDALITO,639.3,0,0.32,,0.0,1.5,0.0,,0.05,1747.23,0.0
3822574,APARTAMENTO,VENTA,20.03,86.0,2.0,2.0,599999.0,1.0,PARDO RUBIO,4,MAS DE 20 ANOS,4.64,-74.06,,,0,0,0,1,0,1,0,0,0,0,False,CHAPINERO,S.C INGEMAR,Calle 57,1004.63,0,PARQUE ZONAL GUSTAVO URIBE BOTERO,1076.94,0,0.23,,0.5,1.0,0.0,,0.02,1123.86,0.0
3491688,APARTAMENTO,VENTA,19.3,57.0,3.0,2.0,198000.0,1.0,BOYACA REAL,3,MAS DE 20 ANOS,4.7,-74.11,,,0,0,0,0,0,0,0,0,0,0,False,ENGATIVA,TORREDON,Quirigua,1119.33,0,PARQUE ZONAL EL CARMELO,898.88,0,0.34,,0.33,1.5,0.0,,0.05,478.54,1.0
3417537,APARTAMENTO,VENTA,19.69,51.0,1.0,1.0,388500.0,1.0,CHICO LAGO,5,MAS DE 20 ANOS,4.66,-74.06,,,0,0,0,0,0,1,0,0,0,0,False,CHAPINERO,S.C. PORCIUNCULA,Calle 72,507.35,0,PARQUE ZONAL SAN ANDRÉS,937.36,0,0.39,,1.0,1.0,0.0,,0.02,166.87,4.0
3661471,APARTAMENTO,VENTA,19.79,76.0,3.0,2.0,297000.0,1.0,SAN JOSE DE BAVARIA,4,MAS DE 20 ANOS,4.76,-74.05,,,0,0,0,0,0,1,0,0,0,0,False,SUBA,CAMPO HERMOSO,Calle 187,460.07,1,PARQUE VECINAL URBANIZACIÓN VILANOVA,359.52,1,0.26,,0.33,1.5,0.0,,0.04,330.78,1.0
3643068,APARTAMENTO,VENTA,19.58,68.0,3.0,2.0,202500.0,1.0,CASTILLA,3,ENTRE 0 Y 5 ANOS,4.65,-74.14,,,0,0,0,0,0,1,0,0,0,0,False,KENNEDY,BOSCONIA,Transversal 86,1871.8,0,PARQUE VECINAL VILLA ALSACIA,1067.31,0,0.29,,0.33,1.5,0.0,,0.04,1821.66,0.0
3149523,APARTAMENTO,VENTA,19.94,71.0,3.0,2.0,367000.0,1.0,CASA BLANCA SUBA,4,ENTRE 0 Y 5 ANOS,4.74,-74.07,,,0,0,0,0,0,1,0,0,0,0,False,SUBA,CASABLANCA (HACIENDA),21 Ángeles,1605.03,0,PARQUE ZONAL EL TOMILLAR,589.44,0,0.28,,0.33,1.5,0.0,,0.04,972.38,0.0
2957585,APARTAMENTO,VENTA,19.34,74.0,3.0,2.0,243000.0,1.0,SUBA,4,MAS DE 20 ANOS,4.75,-74.09,,,0,0,0,0,0,1,0,0,0,0,False,SUBA,EL PINAR DE SUBA,Portal Suba,928.87,0,PARQUE VECINAL URBANIZACIÓN VALLE DE REFOUS,506.06,0,0.26,,0.33,1.5,0.0,,0.04,972.54,0.0
3687174,APARTAMENTO,VENTA,19.01,50.0,2.0,1.0,100000.0,0.0,SUBA,3,ENTRE 10 Y 20 ANOS,4.76,-74.09,,,0,0,0,0,0,1,0,0,0,0,False,SUBA,S.C. TUNA BAJA,Portal Suba,1151.42,0,PARQUE VECINAL URBANIZACIÓN VALLE DE REFOUS,903.78,0,0.38,,0.0,2.0,0.0,,0.04,971.18,0.0
1415533,APARTAMENTO,VENTA,19.83,67.0,2.0,2.0,596000.0,1.0,LOS CEDROS,5,ENTRE 10 Y 20 ANOS,4.72,-74.03,,,0,0,0,0,0,1,0,0,0,0,False,USAQUEN,LISBOA_,Alcalá,1941.3,0,PARQUE VECINAL NUEVA URBANIZACIÓN EL CEDRITO,821.92,0,0.3,,0.5,1.0,0.0,,0.03,383.8,1.0
3685125,APARTAMENTO,VENTA,19.03,43.0,2.0,1.0,120000.0,0.0,APOGEO,3,ENTRE 0 Y 5 ANOS,4.6,-74.16,,,0,0,0,0,0,0,0,0,0,0,False,BOSA,VILLA DEL RIO II SECTOR,CC Paseo Villa del Río - Madelena,409.12,1,PARQUE VECINAL URBANIZACIÓN BALMORAL CESIÓN GUADALUPE,503.21,0,0.44,,0.0,2.0,0.0,,0.05,768.71,0.0
3502757,APARTAMENTO,VENTA,19.76,59.0,1.0,2.0,514500.0,1.0,PARDO RUBIO,4,MAS DE 20 ANOS,4.64,-74.06,,,0,0,0,0,0,1,0,0,0,0,False,CHAPINERO,S.C. PARDO RUBIO,Marly,465.2,1,PARQUE METROPOLITANO PARQUE NACIONAL (PM2A) ENRIQUE OLAYA HERRERA (SECTOR HISTORICO),1331.04,0,0.33,,1.0,0.5,0.0,,0.02,549.62,0.0
3642119,APARTAMENTO,VENTA,19.82,74.0,3.0,2.0,345000.0,1.0,BRITALIA,4,ENTRE 5 Y 10 ANOS,4.74,-74.06,,,0,0,0,0,0,0,0,0,0,0,False,SUBA,GILMAR II,Calle 161,1371.25,0,PARQUE VECINAL DESARROLLO CANTALEJO URBANIZACIÓN CANTALEJO MANZANA B,305.35,1,0.27,,0.33,1.5,0.0,,0.04,1336.61,0.0
3218517,APARTAMENTO,VENTA,19.64,65.0,3.0,2.0,320000.0,1.0,EL PRADO,3,MAS DE 20 ANOS,4.72,-74.06,,,0,0,0,0,0,1,0,0,0,0,False,SUBA,S.C. PRADO VERANIEGO NORTE,Alcalá,754.33,0,PARQUE VECINAL PRADO PINZÓN,894.04,0,0.3,,0.33,1.5,0.0,,0.05,619.41,0.0
3812355,APARTAMENTO,VENTA,19.29,52.0,3.0,2.0,125000.0,0.0,BAVARIA,4,ENTRE 10 Y 20 ANOS,4.64,-74.13,,,0,0,0,0,0,1,0,0,0,0,False,KENNEDY,VILLA ALSACIA CIUDADELA,Marsella,1710.98,0,PARQUE VECINAL VILLA ALSACIA,1042.19,0,0.37,,0.0,1.5,0.0,,0.06,239.28,1.0
3693914,APARTAMENTO,VENTA,19.34,59.0,3.0,2.0,180000.0,1.0,BRITALIA,3,MAS DE 20 ANOS,4.75,-74.05,,,0,0,0,0,0,1,0,0,0,0,False,SUBA,GRANJAS DE NAMUR,Toberin - Foundever,539.94,0,PARQUE VECINAL DESARROLLO CANTALEJO URBANIZACIÓN CANTALEJO MANZANA B,1038.99,0,0.33,,0.33,1.5,0.0,,0.05,1599.52,0.0
3590654,APARTAMENTO,VENTA,19.77,77.0,2.0,2.0,420000.0,1.0,LA ALHAMBRA,5,MAS DE 20 ANOS,4.71,-74.06,,,0,0,0,0,0,1,0,0,0,0,False,SUBA,EL BATAN,Calle 127,281.9,1,PARQUE ZONAL ATABANZA,383.38,1,0.26,,0.5,1.0,0.0,,0.03,393.92,5.0
3869367,APARTAMENTO,VENTA,19.88,93.0,3.0,1.0,267000.0,1.0,CHAPINERO,4,MAS DE 20 ANOS,4.63,-74.07,,,0,0,0,0,0,0,0,0,0,0,False,CHAPINERO,S.C. SUCRE,Calle 45 - American School Way,257.26,1,PARQUE METROPOLITANO PARQUE NACIONAL (PM2A) ENRIQUE OLAYA HERRERA (SECTOR HISTORICO),533.54,0,0.21,,0.33,3.0,0.0,,0.03,245.34,3.0
2487548,APARTAMENTO,VENTA,19.28,66.0,3.0,2.0,167000.0,0.0,GARCES NAVAS,3,ENTRE 10 Y 20 ANOS,4.72,-74.13,,,0,0,0,0,0,1,0,0,0,0,False,ENGATIVA,EL DORADO INDUSTRIAL - SANTA ISABEL (HACIENDA),Portal 80,2440.95,0,PARQUE METROPOLITANO PLANTA DE TRATAMIENTO SALITRE,728.65,0,0.29,,0.0,1.5,0.0,,0.05,2227.66,0.0
3268224,APARTAMENTO,VENTA,19.18,57.0,3.0,1.0,135000.0,1.0,BOLIVIA,3,MAS DE 20 ANOS,4.73,-74.12,,,0,0,0,0,0,0,0,0,0,0,False,ENGATIVA,EL_CORTIJO,Portal 80,2345.85,0,PARQUE METROPOLITANO PLANTA DE TRATAMIENTO SALITRE,337.16,1,0.34,,0.33,3.0,0.0,,0.05,2152.72,0.0
3192755,APARTAMENTO,VENTA,19.85,68.0,2.0,2.0,220000.0,1.0,LA ALHAMBRA,5,ENTRE 0 Y 5 ANOS,4.71,-74.06,,,0,0,0,0,0,1,0,0,0,0,False,SUBA,EL BATAN,Calle 127,367.58,1,PARQUE ZONAL ATABANZA,384.88,1,0.29,,0.5,1.0,0.0,,0.03,513.82,0.0
2060979,APARTAMENTO,VENTA,19.96,97.0,3.0,2.0,150000.0,2.0,SANTA BARBARA,6,MAS DE 20 ANOS,4.7,-74.04,,,0,0,0,0,0,0,0,0,0,0,False,USAQUEN,SANTA BARBARA CENTRAL I SECTOR,Pepe Sierra,1440.94,0,PARQUE METROPOLITANO EL COUNTRY,978.1,0,0.21,,0.67,1.5,0.0,,0.03,606.37,0.0
2555198,APARTAMENTO,VENTA,19.62,59.0,1.0,1.0,559000.0,1.0,PARDO RUBIO,4,MAS DE 20 ANOS,4.63,-74.06,,,0,0,0,0,0,1,0,0,0,0,False,CHAPINERO,S.C. PARDO RUBIO,Calle 45 - American School Way,631.87,0,PARQUE METROPOLITANO PARQUE NACIONAL (PM2A) ENRIQUE OLAYA HERRERA (SECTOR HISTORICO),921.63,0,0.33,,1.0,1.0,0.0,,0.02,439.44,1.0
1963063,APARTAMENTO,VENTA,20.0,71.0,1.0,2.0,516200.0,2.0,SANTA BARBARA,6,ENTRE 10 Y 20 ANOS,4.69,-74.06,,,0,0,0,0,0,1,0,0,0,0,False,USAQUEN,SANTA BIBIANA,Calle 100 - Marketmedios,497.24,1,PARQUE VECINAL URBANIZACIÓN NORMANDIA I II II Y IV SECTOR,1222.79,0,0.28,,2.0,0.5,0.0,,0.01,692.1,0.0
3677536,APARTAMENTO,VENTA,19.38,64.0,3.0,1.0,175000.0,0.0,BOLIVIA,3,MAS DE 20 ANOS,4.73,-74.12,,,0,0,0,0,0,1,0,0,0,0,False,ENGATIVA,CIUDADELA COLSUBSIDIO 4 SECTOR,Portal 80,2771.13,0,PARQUE METROPOLITANO PLANTA DE TRATAMIENTO SALITRE,1098.05,0,0.3,,0.0,3.0,0.0,,0.05,2612.99,0.0
2206114,APARTAMENTO,VENTA,19.38,38.0,1.0,1.0,204600.0,0.0,CHAPINERO,3,ENTRE 5 Y 10 ANOS,4.64,-74.07,,,0,0,0,0,0,1,0,0,1,0,False,CHAPINERO,S.C. CHAPINERO CENTRAL,Calle 57,220.92,1,PARQUE ESCENARIO DEPORTIVO EL CAMPINCITO - CEAD,1441.18,0,0.51,,0.0,1.0,0.0,,0.03,981.48,0.0
3362436,APARTAMENTO,VENTA,19.84,85.0,3.0,2.0,239000.0,1.0,CASA BLANCA SUBA,4,ENTRE 10 Y 20 ANOS,4.74,-74.07,,,0,0,0,0,0,1,0,0,0,0,False,SUBA,CASABLANCA (HACIENDA),21 Ángeles,1687.94,0,PARQUE ZONAL EL TOMILLAR,708.92,0,0.23,,0.33,1.5,0.0,,0.04,858.17,0.0
2508621,APARTAMENTO,VENTA,19.2,41.0,2.0,1.0,170000.0,0.0,SAN JOSE DE BAVARIA,4,ENTRE 0 Y 5 ANOS,4.76,-74.05,,,0,0,0,0,0,0,0,0,0,0,False,SUBA,URB. PLAZA BAVIERA,Portal Norte,785.89,0,PARQUE VECINAL URBANIZACIÓN VILANOVA,678.78,0,0.47,,0.0,2.0,0.0,,0.05,883.65,0.0
3890137,APARTAMENTO,VENTA,20.11,104.0,3.0,2.0,900000.0,2.0,LA ALHAMBRA,5,ENTRE 10 Y 20 ANOS,4.7,-74.06,,,0,0,0,0,0,1,0,0,0,0,False,SUBA,EL BATAN,Calle 127,613.46,0,PARQUE ZONAL ATABANZA,576.95,0,0.19,,0.67,1.5,0.0,,0.03,781.29,0.0
3795145,APARTAMENTO,VENTA,19.28,62.0,3.0,2.0,195000.0,0.0,GARCES NAVAS,3,MAS DE 20 ANOS,4.7,-74.12,,,0,0,0,0,0,1,0,0,0,0,False,ENGATIVA,LOS ANGELES,Quirigua,1364.97,0,PARQUE ZONAL EL CARMELO,461.23,1,0.31,,0.0,1.5,0.0,,0.05,393.39,1.0
3501296,APARTAMENTO,VENTA,19.27,55.0,3.0,1.0,193500.0,0.0,LAS FERIAS,3,ENTRE 10 Y 20 ANOS,4.68,-74.1,,,0,0,0,0,0,1,0,0,0,0,False,ENGATIVA,SAN JOAQUIN NORTE,Ferias,1941.6,0,PARQUE VECINAL URBANIZACIÓN LA EUROPA,339.74,1,0.35,,0.0,3.0,0.0,,0.05,1143.42,0.0
3832031,APARTAMENTO,VENTA,19.9,117.0,4.0,2.0,745000.0,1.0,NIZA,4,MAS DE 20 ANOS,4.73,-74.07,,,0,0,0,0,0,1,0,0,0,0,False,SUBA,COLINA CAMPESTRE III SECTOR,Gratamira,915.16,0,PARQUE VECINAL PRADO PINZÓN,1431.12,0,0.17,,0.25,2.0,0.0,,0.03,185.45,2.0
3822455,CASA CON CONJUNTO CERRADO,VENTA,19.3,68.0,3.0,2.0,58000.0,0.0,GARCES NAVAS,3,MAS DE 20 ANOS,4.7,-74.12,,,0,0,0,0,0,1,0,0,0,0,False,ENGATIVA,VILLA DEL MAR - URB. TIERRAGRATA,Quirigua,1242.85,0,PARQUE ZONAL EL CARMELO,135.04,1,0.28,,0.0,1.5,0.0,,0.04,447.33,1.0
3456146,APARTAMENTO,VENTA,19.04,45.0,3.0,2.0,139000.0,0.0,CASTILLA,2,ENTRE 10 Y 20 ANOS,4.64,-74.15,,,0,0,0,0,0,1,0,0,0,0,False,KENNEDY,EL_CASTILLO,Transversal 86,998.7,0,PARQUE METROPOLITANO BIBLIOTECA EL TINTAL,620.28,0,0.42,,0.0,1.5,0.0,,0.07,2410.09,0.0
3599075,APARTAMENTO,VENTA,19.29,68.0,3.0,2.0,171000.0,1.0,EL RINCON,3,MAS DE 20 ANOS,4.74,-74.09,,,0,0,0,0,0,1,0,0,0,0,False,SUBA,LA CHUCUA - LA TRINITARIA,La Campiña,392.07,1,PARQUE ZONAL BELLAVISTA DINDALITO,617.66,0,0.28,,0.33,1.5,0.0,,0.04,1133.69,0.0
3443617,APARTAMENTO,VENTA,19.44,75.0,3.0,2.0,143000.0,0.0,AMERICAS,3,MAS DE 20 ANOS,4.61,-74.13,,,0,0,0,0,0,0,0,0,0,0,False,KENNEDY,CARVAJAL,Marsella,1664.58,0,PARQUE VECINAL CARVAJAL,332.04,1,0.26,,0.0,1.5,0.0,,0.04,675.23,0.0
3529452,APARTAMENTO,VENTA,19.36,61.0,3.0,2.0,250000.0,1.0,TOBERIN,3,MAS DE 20 ANOS,4.74,-74.04,,,0,0,0,0,0,1,0,0,0,0,False,USAQUEN,LAS ORQUIDEAS,Calle 161,1028.11,0,PARQUE VECINAL URBANIZACIÓN TOBERIN,247.81,1,0.32,,0.33,1.5,0.0,,0.05,759.06,0.0
2358288,APARTAMENTO,VENTA,19.11,44.0,3.0,1.0,157000.0,1.0,ARBORIZADORA,3,ENTRE 5 Y 10 ANOS,4.59,-74.16,,,0,0,0,0,0,1,0,0,0,0,False,CIUDAD BOLIVAR,MADELENA,CC Paseo Villa del Río - Madelena,372.05,1,PARQUE VECINAL URBANIZACIÓN BALMORAL CESIÓN GUADALUPE,933.53,0,0.43,,0.33,3.0,0.0,,0.07,666.63,0.0
2412318,APARTAMENTO,VENTA,19.45,61.0,2.0,1.0,317100.0,1.0,DOCE DE OCTUBRE,3,MAS DE 20 ANOS,4.68,-74.08,,,0,0,0,0,0,1,0,0,0,0,False,BARRIOS UNIDOS,URB. SIMON BOLIVAR,Carrera 53,120.44,1,PARQUE VECINAL URBANIZACIÓN METROPOLIS,685.57,0,0.32,,0.5,2.0,0.0,,0.03,506.48,0.0
3650067,APARTAMENTO,VENTA,19.06,46.0,3.0,2.0,3921395.93,0.0,VERBENAL,2,ENTRE 5 Y 10 ANOS,4.76,-74.03,,,0,0,0,0,0,0,0,0,0,0,False,USAQUEN,SAN ANTONIO NORTE II SECTOR,Calle 187,1391.38,0,PARQUE VECINAL URBANIZACIÓN CALLE 170 / ALAMEDA,968.49,0,0.41,,0.0,1.5,0.0,,0.07,1495.55,0.0
3514587,APARTAMENTO,VENTA,19.4,65.0,3.0,2.0,198900.0,0.0,BOLIVIA,3,MAS DE 20 ANOS,4.73,-74.12,,,0,0,0,0,0,1,0,0,0,0,False,ENGATIVA,CIUDADELA COLSUBSIDIO 4 SECTOR,Portal 80,2771.13,0,PARQUE METROPOLITANO PLANTA DE TRATAMIENTO SALITRE,1098.05,0,0.3,,0.0,1.5,0.0,,0.05,2612.99,0.0
3847949,APARTAMENTO,VENTA,20.21,85.0,1.0,2.0,816000.0,2.0,EL REFUGIO,5,MAS DE 20 ANOS,4.66,-74.05,,,0,0,0,0,0,0,0,0,0,0,False,CHAPINERO,LOS ROSALES,Calle 72,1581.45,0,PARQUE ZONAL GUSTAVO URIBE BOTERO,918.57,0,0.24,,2.0,0.5,0.0,,0.01,844.05,0.0
2839963,APARTAMENTO,VENTA,19.06,36.0,2.0,1.0,87000.0,0.0,BRITALIA,4,ENTRE 0 Y 5 ANOS,4.75,-74.06,,,0,0,0,0,0,1,0,0,0,0,False,SUBA,S.C. PORTALES DEL NORTE,Toberin - Foundever,1614.3,0,PARQUE VECINAL DESARROLLO CANTALEJO URBANIZACIÓN CANTALEJO MANZANA B,653.4,0,0.53,,0.0,2.0,0.0,,0.06,1627.49,0.0
3806452,APARTAMENTO,VENTA,19.7,89.0,3.0,2.0,350000.0,1.0,EL PRADO,4,MAS DE 20 ANOS,4.73,-74.05,,,0,0,0,0,0,1,0,0,0,0,False,SUBA,LA VICTORIA NORTE,Calle 146,212.37,1,PARQUE VECINAL URBANIZACIÓN LA LAGUNA,401.08,1,0.22,,0.33,1.5,0.0,,0.03,1338.75,0.0
3854194,APARTAMENTO,VENTA,20.16,83.0,2.0,2.0,495000.0,2.0,LOS CEDROS,4,ENTRE 5 Y 10 ANOS,4.72,-74.03,,,0,0,0,1,0,1,0,0,1,0,False,USAQUEN,LOS CEDROS ORIENTAL,Calle 142,2384.46,0,PARQUE VECINAL NUEVA URBANIZACIÓN EL CEDRITO,466.46,1,0.24,,1.0,1.0,0.0,,0.02,839.51,0.0
3450316,APARTAMENTO,VENTA,19.86,55.0,2.0,2.0,578000.0,1.0,USAQUEN,5,ENTRE 5 Y 10 ANOS,4.7,-74.03,,,0,0,0,0,0,0,0,0,0,0,False,USAQUEN,SANTA BARBARA ORIENTAL,Calle 127,2533.32,0,PARQUE METROPOLITANO EL COUNTRY,923.32,0,0.36,,0.5,1.0,0.0,,0.04,305.4,2.0
3740904,APARTAMENTO,VENTA,20.13,83.0,2.0,2.0,660000.0,2.0,USAQUEN,5,ENTRE 5 Y 10 ANOS,4.69,-74.04,,,0,0,0,0,0,1,0,0,0,0,False,USAQUEN,RINCON DEL CHICO,Calle 106,1593.05,0,PARQUE ZONAL CANAL EL VIRREY EL CHICO,1917.77,0,0.24,,1.0,1.0,0.0,,0.02,603.06,0.0
3952145,APARTAMENTO,VENTA,19.39,64.0,3.0,2.0,259000.0,1.0,SUBA,3,ENTRE 10 Y 20 ANOS,4.75,-74.09,,,0,0,0,0,0,1,0,0,0,0,False,SUBA,TURINGIA III,Portal Suba,579.54,0,PARQUE VECINAL URBANIZACIÓN VALLE DE REFOUS,481.67,1,0.3,,0.33,1.5,0.0,,0.05,387.34,1.0
4020533,APARTAMENTO,VENTA,19.81,72.0,3.0,2.0,365000.0,1.0,AMERICAS,3,ENTRE 5 Y 10 ANOS,4.61,-74.13,,,0,0,0,0,0,1,0,0,0,0,False,KENNEDY,SANTA ROSA DEL CARVAJAL,Marsella,1820.69,0,PARQUE VECINAL CARVAJAL,477.15,1,0.28,,0.33,1.5,0.0,,0.04,842.59,0.0
3952198,APARTAMENTO,VENTA,20.43,141.0,3.0,3.0,440999.0,1.0,SANTA BARBARA,6,MAS DE 20 ANOS,4.69,-74.04,,,0,0,0,0,0,0,0,0,1,0,False,USAQUEN,SANTA BARBARA CENTRAL III SECTOR,Pepe Sierra,2055.14,0,PARQUE METROPOLITANO EL COUNTRY,1214.06,0,0.14,,0.33,1.0,0.0,,0.02,351.25,1.0
3808778,APARTAMENTO,VENTA,19.58,58.0,3.0,2.0,250000.0,1.0,BRITALIA,4,ENTRE 10 Y 20 ANOS,4.74,-74.06,,,0,0,0,0,0,1,0,0,0,0,False,SUBA,URB. CARIMAGUA I,Calle 161,1225.44,0,PARQUE VECINAL DESARROLLO CANTALEJO URBANIZACIÓN CANTALEJO MANZANA B,251.94,1,0.34,,0.33,1.5,0.0,,0.05,1237.35,0.0
3769596,APARTAMENTO,VENTA,19.96,87.0,3.0,2.0,318700.0,1.0,AMERICAS,4,ENTRE 0 Y 5 ANOS,4.63,-74.12,,,0,0,0,1,0,1,0,0,0,0,False,KENNEDY,LA IGUALDAD,Pradera,526.51,0,PARQUE ZONAL LA IGUALDAD,555.2,0,0.23,,0.33,1.5,0.0,,0.03,1014.08,0.0
3623141,APARTAMENTO,VENTA,19.94,84.0,3.0,2.0,140700.0,2.0,LOS CEDROS,5,MAS DE 20 ANOS,4.72,-74.05,,,0,0,0,0,0,1,0,0,0,0,False,USAQUEN,LOS CEDROS,Alcalá,293.33,1,PARQUE VECINAL PRADO PINZÓN,825.78,0,0.24,,0.67,1.5,0.0,,0.04,221.83,1.0
3802913,APARTAMENTO,VENTA,19.2,54.0,3.0,2.0,127000.0,0.0,GARCES NAVAS,3,ENTRE 10 Y 20 ANOS,4.72,-74.14,,,0,0,0,0,0,1,0,0,0,0,False,ENGATIVA,S.C. EL GACO,Portal 80,3249.69,0,PARQUE METROPOLITANO PLANTA DE TRATAMIENTO SALITRE,1293.49,0,0.36,,0.0,1.5,0.0,,0.06,2728.34,0.0
3569049,APARTAMENTO,VENTA,20.25,100.0,3.0,3.0,539000.0,1.0,NIZA,5,ENTRE 5 Y 10 ANOS,4.73,-74.06,,,0,0,0,0,0,1,0,0,0,0,False,SUBA,SAN JOSE DEL PRADO - URB. ECHEVERRIA,Alcalá,1157.42,0,PARQUE VECINAL PRADO PINZÓN,788.61,0,0.2,,0.33,1.0,0.0,,0.03,316.5,1.0
2294378,APARTAMENTO,VENTA,19.49,61.0,3.0,2.0,236201.0,1.0,BRITALIA,3,MAS DE 20 ANOS,4.75,-74.06,,,0,0,0,0,0,1,0,0,0,0,False,SUBA,URB. LA CHOCITA,Toberin - Foundever,1743.87,0,PARQUE VECINAL DESARROLLO CANTALEJO URBANIZACIÓN CANTALEJO MANZANA B,782.26,0,0.32,,0.33,1.5,0.0,,0.05,1638.65,0.0
3512841,CASA CON CONJUNTO CERRADO,VENTA,19.44,70.0,3.0,2.0,300000.0,1.0,LA URIBE,4,MAS DE 20 ANOS,4.75,-74.03,,,0,0,0,0,0,1,0,0,0,0,False,USAQUEN,EL REDIL,Portal Norte,2027.65,0,PARQUE VECINAL URBANIZACIÓN CALLE 170 / ALAMEDA,1167.24,0,0.28,,0.33,1.5,0.0,,0.04,1072.4,0.0
3537720,APARTAMENTO,VENTA,19.65,71.0,3.0,2.0,214000.0,1.0,CASTILLA,3,ENTRE 0 Y 5 ANOS,4.65,-74.14,,,0,0,0,0,0,1,0,0,0,0,False,KENNEDY,BOSCONIA,Transversal 86,1921.81,0,PARQUE VECINAL VILLA ALSACIA,960.06,0,0.28,,0.33,1.5,0.0,,0.04,1704.0,0.0
3333614,APARTAMENTO,VENTA,19.04,31.0,1.0,1.0,74000.0,0.0,LA URIBE,4,ENTRE 5 Y 10 ANOS,4.75,-74.03,,,0,0,0,0,0,1,0,0,0,0,False,USAQUEN,LA GRANJA NORTE,Portal Norte,2006.88,0,PARQUE ZONAL SERVITA,1106.27,0,0.61,,0.0,1.0,0.0,,0.03,963.24,0.0
4072552,APARTAMENTO,VENTA,20.1,74.0,2.0,2.0,900000.0,2.0,SANTA BARBARA,6,ENTRE 10 Y 20 ANOS,4.7,-74.04,,,0,0,0,1,0,1,0,0,0,0,False,USAQUEN,SANTA BARBARA CENTRAL I SECTOR,Calle 127,1734.63,0,PARQUE METROPOLITANO EL COUNTRY,516.08,0,0.27,,1.0,1.0,0.0,,0.03,441.23,1.0
3672198,APARTAMENTO,VENTA,19.44,39.0,2.0,1.0,199300.0,0.0,EL PRADO,4,ENTRE 0 Y 5 ANOS,4.72,-74.06,,,0,0,0,1,0,1,0,0,0,0,False,SUBA,S.C. PRADO VERANIEGO NORTE,Prado,967.55,0,PARQUE ZONAL ATABANZA,965.13,0,0.5,,0.0,2.0,0.0,,0.05,629.3,0.0
3957908,APARTAMENTO,VENTA,19.38,53.0,2.0,2.0,250000.0,1.0,TOBERIN,3,ENTRE 5 Y 10 ANOS,4.74,-74.04,,,0,0,0,0,0,1,0,0,1,0,False,USAQUEN,LAS ORQUIDEAS,Calle 161,627.41,0,PARQUE VECINAL URBANIZACIÓN TOBERIN,335.46,1,0.37,,0.5,1.0,0.0,,0.04,927.71,0.0
3835747,APARTAMENTO,VENTA,19.45,63.0,3.0,2.0,147000.0,0.0,EL RINCON,4,ENTRE 10 Y 20 ANOS,4.74,-74.09,,,0,0,0,0,0,1,0,0,0,0,False,SUBA,SUBA LINDA,Suba - TV. 91,132.24,1,PARQUE ZONAL BELLAVISTA DINDALITO,192.32,1,0.31,,0.0,1.5,0.0,,0.05,1432.72,0.0
4070013,APARTAMENTO,VENTA,19.82,72.0,3.0,2.0,300000.0,1.0,AMERICAS,4,ENTRE 0 Y 5 ANOS,4.63,-74.13,,,0,0,0,1,0,1,0,0,0,0,False,KENNEDY,LA IGUALDAD,Marsella,671.38,0,PARQUE ZONAL LA IGUALDAD,325.29,1,0.28,,0.33,1.5,0.0,,0.04,1247.64,0.0
1751372,APARTAMENTO,VENTA,20.14,110.0,3.0,2.0,437100.0,1.0,LOS CEDROS,4,ENTRE 10 Y 20 ANOS,4.73,-74.04,,,0,0,0,1,0,1,0,0,1,0,False,USAQUEN,PARQUES DE LORENA,Mazurén,1411.64,0,PARQUE ZONAL LA VIDA,824.26,0,0.18,,0.33,1.5,0.0,,0.03,504.22,0.0
3455360,APARTAMENTO,VENTA,19.24,56.0,3.0,2.0,100000.0,0.0,CASTILLA,3,ENTRE 10 Y 20 ANOS,4.65,-74.14,,,0,0,0,0,0,1,0,0,0,0,False,KENNEDY,CASTILLA REAL,Mandalay,1946.71,0,PARQUE VECINAL VILLA ALSACIA,529.57,0,0.34,,0.0,1.5,0.0,,0.05,1233.07,0.0
3959708,APARTAMENTO,VENTA,19.4,61.0,3.0,2.0,150000.0,1.0,BOLIVIA,3,MAS DE 20 ANOS,4.72,-74.12,,,0,0,0,0,0,1,0,0,0,0,False,ENGATIVA,EL_CORTIJO,Portal 80,2026.14,0,PARQUE METROPOLITANO PLANTA DE TRATAMIENTO SALITRE,547.97,0,0.32,,0.33,1.5,0.0,,0.05,1828.14,0.0
3782565,APARTAMENTO,VENTA,19.34,61.0,3.0,2.0,239000.0,0.0,LA URIBE,3,MAS DE 20 ANOS,4.74,-74.03,,,0,0,0,0,0,1,0,0,0,0,False,USAQUEN,SANTA TERESA,Toberin - Foundever,2076.51,0,PARQUE ZONAL SERVITA,454.95,1,0.32,,0.0,1.5,0.0,,0.05,982.34,0.0
3704075,APARTAMENTO,VENTA,19.03,53.0,2.0,2.0,122600.0,0.0,TIBABUYES,3,ENTRE 5 Y 10 ANOS,4.76,-74.12,,,0,0,0,0,0,1,0,0,0,0,False,SUBA,CAMINOS DE ESPERANZA,Portal Suba,2699.65,0,PARQUE ZONAL CEFE FONTANAR DEL RIO,607.97,0,0.36,,0.0,1.0,0.0,,0.04,2486.38,0.0
2955870,APARTAMENTO,VENTA,19.97,87.0,3.0,2.0,354000.0,1.0,MODELIA,4,ENTRE 10 Y 20 ANOS,4.66,-74.11,,,0,0,0,0,0,1,0,0,0,0,False,FONTIBON,MODELIA,Normandía,550.47,0,PARQUE ZONAL CANAL BOYACA,469.39,1,0.23,,0.33,1.5,0.0,,0.03,708.69,0.0
3581647,APARTAMENTO,VENTA,19.77,62.0,2.0,2.0,570000.0,1.0,LOS CEDROS,4,ENTRE 10 Y 20 ANOS,4.72,-74.03,,,0,0,0,0,0,1,0,0,0,0,False,USAQUEN,LISBOA_,Alcalá,2055.04,0,PARQUE VECINAL NUEVA URBANIZACIÓN EL CEDRITO,922.06,0,0.32,,0.5,1.0,0.0,,0.03,275.49,1.0
3315238,APARTAMENTO,VENTA,19.8,72.0,3.0,2.0,477000.0,1.0,LA ALHAMBRA,5,MAS DE 20 ANOS,4.7,-74.06,,,0,0,0,0,0,1,0,0,0,0,False,SUBA,LA ALHAMBRA SECTOR NORTE,Suba - Calle 116,734.06,0,PARQUE ZONAL CANAL CORDOBA,168.65,1,0.27,,0.33,1.5,0.0,,0.04,1264.2,0.0
3796160,APARTAMENTO,VENTA,19.38,71.0,3.0,2.0,148400.0,0.0,CASTILLA,3,ENTRE 10 Y 20 ANOS,4.64,-74.15,,,0,0,0,0,0,1,0,0,0,0,False,KENNEDY,CIUDAD TECHO II,Transversal 86,709.62,0,PARQUE METROPOLITANO BIBLIOTECA EL TINTAL,675.59,0,0.27,,0.0,1.5,0.0,,0.04,2542.83,0.0
3518606,APARTAMENTO,VENTA,19.79,90.0,3.0,2.0,196000.0,1.0,CALANDAIMA,3,ENTRE 5 Y 10 ANOS,4.65,-74.15,,,0,0,0,0,0,1,0,0,0,0,False,KENNEDY,S.C. TINTALA,Biblioteca Tintal,1244.55,0,PARQUE METROPOLITANO BIBLIOTECA EL TINTAL,444.28,1,0.22,,0.33,1.5,0.0,,0.03,2604.86,0.0
2907588,APARTAMENTO,VENTA,19.77,81.0,2.0,2.0,564000.0,1.0,LA ALHAMBRA,5,ENTRE 10 Y 20 ANOS,4.69,-74.06,,,0,0,0,0,0,0,0,0,0,0,False,SUBA,S.C. PASADENA,Suba - Calle 100,431.67,1,PARQUE ZONAL CANAL CORDOBA,1100.96,0,0.24,,0.5,1.0,0.0,,0.02,511.52,0.0
3794128,APARTAMENTO,VENTA,19.67,66.0,2.0,2.0,300000.0,1.0,LOS CEDROS,5,MAS DE 20 ANOS,4.72,-74.03,,,0,0,0,0,0,0,0,0,0,0,False,USAQUEN,LISBOA_,Alcalá,2025.19,0,PARQUE VECINAL NUEVA URBANIZACIÓN EL CEDRITO,888.1,0,0.3,,0.5,1.0,0.0,,0.03,308.3,1.0
2692004,APARTAMENTO,VENTA,20.37,143.0,4.0,4.0,893000.0,2.0,SANTA BARBARA,6,MAS DE 20 ANOS,4.69,-74.04,,,0,0,0,0,0,1,0,0,1,0,False,USAQUEN,MOLINOS NORTE,Calle 106,1673.61,0,PARQUE METROPOLITANO EL COUNTRY,1724.63,0,0.14,,0.5,1.0,0.0,,0.03,483.14,1.0
3881872,APARTAMENTO,VENTA,20.3,117.0,2.0,4.0,712000.0,1.0,SANTA BARBARA,5,MAS DE 20 ANOS,4.7,-74.05,,,0,0,0,0,0,1,0,0,0,0,False,USAQUEN,SANTA BARBARA OCCIDENTAL,Pepe Sierra,1047.76,0,PARQUE METROPOLITANO EL COUNTRY,971.04,0,0.17,,0.5,0.5,0.0,,0.02,299.92,1.0
3312912,APARTAMENTO,VENTA,19.27,54.0,3.0,2.0,268000.0,0.0,RESTREPO,3,ENTRE 10 Y 20 ANOS,4.59,-74.1,,,0,0,0,0,0,0,0,0,0,0,False,ANTONIO NARINO,RESTREPO OCCIDENTAL,Santa Isabel,940.41,0,PARQUE ZONAL LA FRAGUA,406.96,1,0.36,,0.0,1.5,0.0,,0.06,2353.1,0.0
3794749,APARTAMENTO,VENTA,19.84,82.0,3.0,2.0,414000.0,2.0,LA FLORESTA,4,MAS DE 20 ANOS,4.7,-74.08,,,0,0,0,0,0,1,0,0,0,0,False,SUBA,URB. POTOSI II SECTOR,Ferias,895.0,0,PARQUE ZONAL MORATO,592.39,0,0.24,,0.67,1.5,0.0,,0.04,621.43,0.0
3811739,APARTAMENTO,VENTA,19.4,63.0,3.0,1.0,210000.0,0.0,BOLIVIA,3,MAS DE 20 ANOS,4.72,-74.11,,,0,0,0,0,0,1,0,0,0,0,False,ENGATIVA,BOLIVIA SECTOR OCCIDENTAL,Portal 80,1048.71,0,PARQUE ZONAL VILLAS DE GRANADA,1164.82,0,0.31,,0.0,3.0,0.0,,0.05,923.11,0.0
3967551,APARTAMENTO,VENTA,19.77,87.0,3.0,2.0,252800.0,1.0,CASTILLA,3,ENTRE 5 Y 10 ANOS,4.65,-74.14,,,0,0,0,0,0,0,0,0,0,0,False,KENNEDY,BOSCONIA,Transversal 86,1871.8,0,PARQUE VECINAL VILLA ALSACIA,1067.31,0,0.23,,0.33,1.5,0.0,,0.03,1821.66,0.0
3787173,APARTAMENTO,VENTA,19.72,67.0,3.0,2.0,342800.0,1.0,AMERICAS,3,ENTRE 5 Y 10 ANOS,4.61,-74.13,,,0,0,0,0,0,1,0,0,0,0,False,KENNEDY,SANTA ROSA DEL CARVAJAL,Marsella,1835.9,0,PARQUE VECINAL CARVAJAL,505.72,0,0.29,,0.33,1.5,0.0,,0.04,870.61,0.0
3917500,APARTAMENTO,VENTA,19.07,39.0,1.0,1.0,224000.0,0.0,EL PRADO,3,MAS DE 20 ANOS,4.72,-74.06,,,0,0,0,0,0,0,0,0,0,0,False,SUBA,SAN JOSE DEL PRADO,Alcalá,477.04,1,PARQUE VECINAL PRADO PINZÓN,348.8,1,0.49,,0.0,1.0,0.0,,0.03,787.75,0.0
2779718,APARTAMENTO,VENTA,19.65,61.0,1.0,2.0,464000.0,1.0,SANTA BARBARA,6,ENTRE 10 Y 20 ANOS,4.69,-74.05,,,0,0,0,0,0,1,0,0,0,0,False,USAQUEN,SANTA BIBIANA,Calle 106,830.87,0,PARQUE METROPOLITANO EL COUNTRY,1828.5,0,0.32,,1.0,0.5,0.0,,0.02,284.62,1.0
3162445,APARTAMENTO,VENTA,19.83,75.0,3.0,2.0,479000.0,2.0,LOS CEDROS,5,ENTRE 10 Y 20 ANOS,4.72,-74.05,,,0,0,0,0,0,1,0,0,0,0,False,USAQUEN,LOS CEDROS,Alcalá,450.78,1,PARQUE VECINAL PRADO PINZÓN,799.19,0,0.26,,0.67,1.5,0.0,,0.04,250.98,1.0
3586382,APARTAMENTO,VENTA,19.53,70.0,3.0,2.0,212000.0,1.0,BOLIVIA,3,MAS DE 20 ANOS,4.72,-74.11,,,0,0,0,0,0,1,0,0,0,0,False,ENGATIVA,BOLIVIA SECTOR OCCIDENTAL,Portal 80,1145.6,0,PARQUE ZONAL VILLAS DE GRANADA,1002.52,0,0.28,,0.33,1.5,0.0,,0.04,991.63,0.0
3474200,APARTAMENTO,VENTA,19.41,61.0,3.0,2.0,121400.0,0.0,AMERICAS,3,ENTRE 10 Y 20 ANOS,4.62,-74.13,,,0,0,0,0,0,1,0,0,0,0,False,KENNEDY,HIPOTECHO OCCIDENTAL II,Marsella,881.84,0,PARQUE ZONAL LA IGUALDAD,502.29,0,0.32,,0.0,1.5,0.0,,0.05,756.79,0.0
3163697,APARTAMENTO,VENTA,19.93,79.0,3.0,2.0,660000.0,2.0,LOS CEDROS,5,ENTRE 10 Y 20 ANOS,4.72,-74.04,,,0,0,0,0,0,1,0,0,0,0,False,USAQUEN,LISBOA_,Alcalá,1908.76,0,PARQUE VECINAL NUEVA URBANIZACIÓN EL CEDRITO,897.85,0,0.25,,0.67,1.5,0.0,,0.04,330.51,1.0
3098782,APARTAMENTO,VENTA,20.02,85.0,2.0,2.0,521000.0,1.0,SANTA BARBARA,6,MAS DE 20 ANOS,4.69,-74.05,,,0,0,0,0,0,1,0,0,0,0,False,USAQUEN,SAN PATRICIO,Calle 106,1154.84,0,PARQUE METROPOLITANO EL COUNTRY,1599.84,0,0.24,,0.5,1.0,0.0,,0.02,284.93,1.0
2419104,APARTAMENTO,VENTA,19.91,80.0,2.0,2.0,378000.0,1.0,LOS CEDROS,5,ENTRE 10 Y 20 ANOS,4.72,-74.05,,,0,0,0,0,0,0,0,0,0,0,False,USAQUEN,LOS CEDRITOS,Calle 142,299.57,1,PARQUE VECINAL PRADO PINZÓN,504.92,0,0.25,,0.5,1.0,0.0,,0.02,530.26,0.0
3454283,APARTAMENTO,VENTA,19.01,43.0,2.0,1.0,120000.0,0.0,APOGEO,3,ENTRE 0 Y 5 ANOS,4.6,-74.16,,,0,0,0,0,0,1,0,0,0,0,False,BOSA,VILLA DEL RIO II SECTOR,CC Paseo Villa del Río - Madelena,327.8,1,PARQUE VECINAL URBANIZACIÓN BALMORAL CESIÓN GUADALUPE,572.83,0,0.44,,0.0,2.0,0.0,,0.05,683.15,0.0
3615532,APARTAMENTO,VENTA,19.49,63.0,3.0,2.0,208000.0,1.0,GARCES NAVAS,4,ENTRE 5 Y 10 ANOS,4.72,-74.13,,,0,0,0,0,0,1,0,0,0,0,False,ENGATIVA,S.C. ENGATIVA EL DORADO,Portal 80,2872.96,0,PARQUE METROPOLITANO PLANTA DE TRATAMIENTO SALITRE,741.18,0,0.31,,0.33,1.5,0.0,,0.05,2659.6,0.0
3808888,APARTAMENTO,VENTA,19.95,67.0,3.0,2.0,270000.0,1.0,CAPELLANIA,4,ENTRE 0 Y 5 ANOS,4.67,-74.13,,,0,0,0,0,0,1,0,0,0,0,False,FONTIBON,RINCON DE MODELIA,Modelia,984.99,0,PARQUE VECINAL MODELIA SECTOR A,562.94,0,0.3,,0.33,1.5,0.0,,0.04,867.54,0.0
3517214,APARTAMENTO,VENTA,19.98,102.0,3.0,3.0,452000.0,2.0,NIZA,5,MAS DE 20 ANOS,4.71,-74.08,,,0,0,0,0,0,1,0,0,0,0,False,SUBA,NIZA SUR,Humedal Córdoba,642.78,0,PARQUE ZONAL LOS LACHES LA MINA,708.22,0,0.2,,0.67,1.0,0.0,,0.03,707.03,0.0
3902269,APARTAMENTO,VENTA,19.02,45.0,3.0,1.0,110000.0,0.0,ZONA FRANCA,3,ENTRE 0 Y 5 ANOS,4.68,-74.16,,,0,0,0,0,0,1,0,0,0,0,False,FONTIBON,EL CHARCO,Portal El Dorado,3968.98,0,PARQUE ZONAL LA CONCORDIA,836.09,0,0.42,,0.0,3.0,0.0,,0.07,2236.25,0.0
3871326,APARTAMENTO,VENTA,19.01,40.0,2.0,1.0,120000.0,0.0,CARVAJAL,2,ENTRE 10 Y 20 ANOS,4.6,-74.14,,,0,0,0,0,0,1,0,0,0,0,False,KENNEDY,RINCON DE SAN ANDRES,Venecia,341.67,1,PARQUE VECINAL URBANIZACIÓN LAS LAGUNETA,714.9,0,0.48,,0.0,2.0,0.0,,0.05,1320.13,0.0
3818399,APARTAMENTO,VENTA,19.19,42.0,1.0,1.0,144000.0,0.0,SAN JOSE DE BAVARIA,3,ENTRE 0 Y 5 ANOS,4.76,-74.05,,,0,0,0,0,0,1,0,0,0,0,False,SUBA,URB. PLAZA BAVIERA,Portal Norte,847.55,0,PARQUE VECINAL URBANIZACIÓN VILANOVA,788.41,0,0.46,,0.0,1.0,0.0,,0.02,1006.33,0.0
3440691,APARTAMENTO,VENTA,20.13,89.0,3.0,2.0,330000.0,1.0,MODELIA,4,ENTRE 10 Y 20 ANOS,4.66,-74.12,,,0,0,0,0,0,1,0,0,0,0,False,FONTIBON,LA ESPERANZA_,AV. Rojas,1237.55,0,PARQUE VECINAL CARLOS LLERAS (EL FUEGO),531.16,0,0.23,,0.33,1.5,0.0,,0.03,685.9,0.0
3779299,APARTAMENTO,VENTA,19.9,119.0,3.0,2.0,579000.0,1.0,CASA BLANCA SUBA,4,MAS DE 20 ANOS,4.73,-74.07,,,0,0,0,0,0,1,0,0,0,0,False,SUBA,URB. ATENAS,Gratamira,1054.04,0,PARQUE VECINAL URBANIZACIÓN LA LAGUNA,1324.02,0,0.17,,0.33,1.5,0.0,,0.03,298.06,2.0
3408809,APARTAMENTO,VENTA,19.97,65.0,2.0,2.0,648000.0,1.0,COUNTRY CLUB,6,ENTRE 10 Y 20 ANOS,4.71,-74.05,,,0,0,0,1,0,1,0,0,1,0,False,USAQUEN,LA CALLEJA,Calle 127,742.92,0,PARQUE METROPOLITANO EL COUNTRY,1014.85,0,0.31,,0.5,1.0,0.0,,0.03,511.29,0.0
3889852,APARTAMENTO,VENTA,19.25,63.0,3.0,2.0,3921395.93,0.0,SAN CRISTOBAL NORTE,3,MAS DE 20 ANOS,4.73,-74.03,,,0,0,0,0,0,0,0,0,0,0,False,USAQUEN,BARRANCAS PERLAS DEL NORTE,Mazurén,2384.89,0,PARQUE ZONAL ALTA BLANCA,472.47,1,0.31,,0.0,1.5,0.0,,0.05,487.0,1.0
3889444,APARTAMENTO,VENTA,19.45,65.0,3.0,2.0,3921395.93,1.0,SAN RAFAEL,3,MAS DE 20 ANOS,4.62,-74.11,,,0,0,0,0,0,1,0,0,0,0,False,PUENTE ARANDA,SAN RAFAEL,Distrito Grafiti,679.39,0,PARQUE VECINAL URBANIZACIÓN PRIMAVERA NORTE,585.16,0,0.3,,0.33,1.5,0.0,,0.05,1172.86,0.0
3989616,APARTAMENTO,VENTA,19.83,66.0,3.0,2.0,257000.0,1.0,LA URIBE,4,ENTRE 0 Y 5 ANOS,4.74,-74.03,,,0,0,0,1,0,1,0,0,0,0,False,USAQUEN,SANTA TERESA,Toberin - Foundever,2271.65,0,PARQUE ZONAL SERVITA,379.15,1,0.3,,0.33,1.5,0.0,,0.05,1110.96,0.0
2989937,APARTAMENTO,VENTA,19.67,75.0,3.0,2.0,274700.0,1.0,BOYACA REAL,3,ENTRE 5 Y 10 ANOS,4.68,-74.1,,,0,0,0,1,0,1,0,0,0,0,False,ENGATIVA,S.C. BOYACA,Minuto de Dios,1727.15,0,PARQUE VECINAL URBANIZACIÓN LA EUROPA,236.93,1,0.26,,0.33,1.5,0.0,,0.04,1525.11,0.0
3661616,APARTAMENTO,VENTA,19.78,90.0,3.0,3.0,282000.0,1.0,LOS CEDROS,4,MAS DE 20 ANOS,4.73,-74.03,,,0,0,0,0,0,1,0,0,0,0,False,USAQUEN,CEDRO SALAZAR,Calle 146,2025.72,0,PARQUE ZONAL ALTA BLANCA,639.72,0,0.22,,0.33,1.0,0.0,,0.03,135.55,1.0
3557565,APARTAMENTO,VENTA,19.3,66.0,3.0,1.0,150000.0,1.0,BOYACA REAL,3,MAS DE 20 ANOS,4.7,-74.11,,,0,0,0,0,0,1,0,0,0,0,False,ENGATIVA,FLORENCIA II SECTOR,Carrera 90,455.28,1,PARQUE VECINAL FLORENCIA LOS TRONQUITOS AGRUPACIÓN DE VIVIENDA FLORENCIA II SECTOR,167.24,1,0.29,,0.33,3.0,0.0,,0.05,935.72,0.0
3487123,APARTAMENTO,VENTA,19.94,73.0,1.0,2.0,448000.0,1.0,USAQUEN,4,ENTRE 10 Y 20 ANOS,4.71,-74.03,,,0,0,0,1,0,1,0,0,0,0,False,USAQUEN,BELLA SUIZA,Prado,2358.17,0,PARQUE METROPOLITANO EL COUNTRY,760.69,0,0.27,,1.0,0.5,0.0,,0.01,300.0,1.0
2652580,APARTAMENTO,VENTA,19.34,80.0,3.0,2.0,206000.0,1.0,VERBENAL,3,MAS DE 20 ANOS,4.76,-74.03,,,0,0,0,0,0,1,0,0,0,0,False,USAQUEN,SAN ANTONIO NORTE,Calle 187,2098.58,0,PARQUE VECINAL URBANIZACIÓN CALLE 170 / ALAMEDA,1379.21,0,0.24,,0.33,1.5,0.0,,0.04,1628.81,0.0
3054504,APARTAMENTO,VENTA,19.48,62.0,2.0,2.0,244200.0,1.0,LOS CEDROS,4,MAS DE 20 ANOS,4.73,-74.03,,,0,0,0,0,0,1,0,0,0,0,False,USAQUEN,CEDRO SALAZAR,Calle 146,2061.79,0,PARQUE ZONAL ALTA BLANCA,576.88,0,0.31,,0.5,1.0,0.0,,0.03,149.49,1.0
3727045,APARTAMENTO,VENTA,19.64,53.0,3.0,2.0,205000.0,1.0,CASA BLANCA SUBA,4,ENTRE 5 Y 10 ANOS,4.74,-74.07,,,0,0,0,1,0,1,0,0,0,0,False,SUBA,LAS VILLAS DE MARIANA,21 Ángeles,1276.46,0,PARQUE ZONAL EL TOMILLAR,405.61,1,0.37,,0.33,1.5,0.0,,0.06,707.55,0.0
3796419,APARTAMENTO,VENTA,19.42,67.0,3.0,2.0,211000.0,1.0,BOLIVIA,3,ENTRE 10 Y 20 ANOS,4.73,-74.12,,,0,0,0,0,0,1,0,0,0,0,False,ENGATIVA,EL_CORTIJO,Portal 80,2427.72,0,PARQUE METROPOLITANO PLANTA DE TRATAMIENTO SALITRE,230.22,1,0.29,,0.33,1.5,0.0,,0.04,2231.51,0.0
3505437,CASA CON CONJUNTO CERRADO,VENTA,19.44,69.0,3.0,3.0,166000.0,1.0,EL RINCON,3,MAS DE 20 ANOS,4.73,-74.09,,,0,0,0,0,0,1,0,0,0,0,False,SUBA,URB. CERROS DEL TABOR,21 Ángeles,921.07,0,PARQUE ZONAL BELLAVISTA DINDALITO,1163.65,0,0.28,,0.33,1.0,0.0,,0.04,2239.91,0.0
2731700,APARTAMENTO,VENTA,19.28,56.0,2.0,2.0,103000.0,1.0,SUBA,3,ENTRE 10 Y 20 ANOS,4.74,-74.08,,,0,0,0,0,0,1,0,0,0,0,False,SUBA,TUNA ALTA,Suba - TV. 91,715.2,0,PARQUE ZONAL BELLAVISTA DINDALITO,628.39,0,0.34,,0.5,1.0,0.0,,0.04,1445.59,0.0
3448347,APARTAMENTO,VENTA,19.35,61.0,3.0,2.0,150800.0,0.0,CASTILLA,3,ENTRE 10 Y 20 ANOS,4.65,-74.14,,,0,0,0,0,0,1,0,0,0,0,False,KENNEDY,CASTILLA REAL,Mandalay,1946.71,0,PARQUE VECINAL VILLA ALSACIA,529.57,0,0.32,,0.0,1.5,0.0,,0.05,1233.07,0.0
3924062,APARTAMENTO,VENTA,20.21,77.0,2.0,3.0,635000.0,1.0,SANTA BARBARA,6,ENTRE 5 Y 10 ANOS,4.7,-74.04,,,0,0,0,0,0,1,0,0,0,0,False,USAQUEN,SANTA BARBARA CENTRAL II SECTOR,Pepe Sierra,1786.75,0,PARQUE METROPOLITANO EL COUNTRY,853.34,0,0.26,,0.5,0.67,0.0,,0.03,736.46,0.0
3964784,APARTAMENTO,VENTA,19.42,75.0,3.0,2.0,3921395.93,1.0,FONTIBON,3,MAS DE 20 ANOS,4.68,-74.14,,,0,0,0,0,0,1,0,0,0,0,False,FONTIBON,VERACRUZ_II SECTOR,Portal El Dorado,1700.5,0,PARQUE VECINAL VILLA HELENA VILLEMAR,838.57,0,0.26,,0.33,1.5,0.0,,0.04,1519.54,0.0
3650174,APARTAMENTO,VENTA,19.21,35.0,1.0,1.0,142645.0,0.0,LA URIBE,4,ENTRE 0 Y 5 ANOS,4.75,-74.03,,,0,0,0,0,0,0,0,0,0,0,False,USAQUEN,SANTA TERESA,Toberin - Foundever,2422.68,0,PARQUE ZONAL SERVITA,550.83,0,0.55,,0.0,1.0,0.0,,0.03,1214.0,0.0
2450730,APARTAMENTO,VENTA,19.06,52.0,2.0,2.0,124200.0,1.0,EL RINCON,3,MAS DE 20 ANOS,4.74,-74.09,,,0,0,0,0,0,1,0,0,0,0,False,SUBA,URB. EL BOSQUE DE SUBA,Suba - TV. 91,413.34,1,PARQUE ZONAL BELLAVISTA DINDALITO,478.14,1,0.37,,0.5,1.0,0.0,,0.04,1492.36,0.0
3797418,APARTAMENTO,VENTA,19.36,60.0,3.0,2.0,232000.0,1.0,USAQUEN,4,MAS DE 20 ANOS,4.74,-74.03,,,0,0,0,0,0,1,0,0,0,0,False,USAQUEN,SANTA TERESA,Toberin - Foundever,2076.51,0,PARQUE ZONAL SERVITA,454.95,1,0.32,,0.33,1.5,0.0,,0.05,982.34,0.0
3966310,APARTAMENTO,VENTA,19.6,52.0,2.0,1.0,180000.0,0.0,LA SABANA,3,ENTRE 0 Y 5 ANOS,4.61,-74.08,,,0,0,0,0,0,1,0,0,0,0,False,LOS MARTIRES,SAN VICTORINO,De La Sabana,324.3,1,PARQUE METROPOLITANO TERCER MILENIO,1045.21,0,0.38,,0.0,2.0,0.0,,0.04,1196.4,0.0
3755322,APARTAMENTO,VENTA,19.85,68.0,3.0,2.0,350000.0,1.0,LA URIBE,4,ENTRE 0 Y 5 ANOS,4.75,-74.03,,,0,0,0,1,0,1,0,0,0,0,False,USAQUEN,LA GRANJA NORTE,Portal Norte,1986.54,0,PARQUE VECINAL URBANIZACIÓN CALLE 170 / ALAMEDA,1139.33,0,0.29,,0.33,1.5,0.0,,0.04,990.31,0.0
3086136,APARTAMENTO,VENTA,19.37,55.0,2.0,2.0,240000.0,1.0,VERBENAL,3,ENTRE 5 Y 10 ANOS,4.76,-74.03,,,0,0,0,0,0,1,0,0,0,0,False,USAQUEN,SAN ANTONIO NORTE,Calle 187,1871.39,0,PARQUE VECINAL URBANIZACIÓN CALLE 170 / ALAMEDA,1250.94,0,0.35,,0.5,1.0,0.0,,0.04,1625.96,0.0
3432211,APARTAMENTO,VENTA,19.32,42.0,1.0,1.0,421000.0,1.0,LOS CEDROS,4,MAS DE 20 ANOS,4.73,-74.04,,,0,0,0,0,0,1,0,0,1,0,False,USAQUEN,ACACIAS USAQUEN,Calle 142,1623.84,0,PARQUE VECINAL NUEVA URBANIZACIÓN EL CEDRITO,328.68,1,0.46,,1.0,1.0,0.0,,0.02,629.11,0.0
2302261,APARTAMENTO,VENTA,19.56,86.0,1.0,1.0,532000.0,1.0,PARDO RUBIO,4,MAS DE 20 ANOS,4.64,-74.06,,,0,0,0,0,0,1,0,0,1,0,False,CHAPINERO,BOSQUE CALDERON TEJADA III SECTOR,Calle 57,872.5,0,PARQUE ZONAL GUSTAVO URIBE BOTERO,1024.45,0,0.23,,1.0,1.0,0.0,,0.01,998.39,0.0
3731074,APARTAMENTO,VENTA,19.14,45.0,2.0,1.0,250000.0,1.0,TOBERIN,3,MAS DE 20 ANOS,4.74,-74.04,,,0,0,0,0,0,1,0,0,0,0,False,USAQUEN,LA RESERVA DEL PALMAR,Toberin - Foundever,967.8,0,PARQUE VECINAL URBANIZACIÓN TOBERIN,187.26,1,0.43,,0.5,2.0,0.0,,0.04,425.82,1.0
2809965,APARTAMENTO,VENTA,20.02,109.0,3.0,4.0,811893.0,2.0,LOS CEDROS,4,ENTRE 10 Y 20 ANOS,4.72,-74.03,,,0,0,0,1,0,1,0,0,0,0,False,USAQUEN,LOS CEDROS ORIENTAL,Calle 142,2206.37,0,PARQUE VECINAL NUEVA URBANIZACIÓN EL CEDRITO,296.95,1,0.18,,0.67,0.75,0.0,,0.03,741.68,0.0
3385420,APARTAMENTO,VENTA,19.3,52.0,1.0,1.0,210482.0,1.0,USAQUEN,5,MAS DE 20 ANOS,4.71,-74.03,,,0,0,0,0,0,1,0,0,0,0,False,USAQUEN,BELLA SUIZA,Prado,2411.43,0,PARQUE METROPOLITANO EL COUNTRY,699.98,0,0.37,,1.0,1.0,0.0,,0.02,451.67,1.0
3641851,CASA,VENTA,19.77,105.0,4.0,2.0,270000.0,1.0,TOBERIN,4,MAS DE 20 ANOS,4.75,-74.04,,,0,0,0,0,0,1,0,0,0,0,False,USAQUEN,VILLAS DE ARANJUEZ,Toberin - Foundever,1320.38,0,PARQUE VECINAL URBANIZACIÓN TOBERIN,576.47,0,0.19,,0.25,2.0,0.0,,0.04,193.23,1.0
3935496,APARTAMENTO,VENTA,20.47,149.0,3.0,2.0,585000.0,2.0,NIZA,4,ENTRE 10 Y 20 ANOS,4.72,-74.06,,,0,0,0,1,0,1,0,0,1,0,False,SUBA,SAN RAFAEL NORTE,Alcalá,1087.84,0,PARQUE VECINAL PRADO PINZÓN,910.22,0,0.14,,0.67,1.5,0.0,,0.02,128.84,1.0
3551269,APARTAMENTO,VENTA,19.38,67.0,3.0,2.0,216900.0,1.0,BRITALIA,3,ENTRE 10 Y 20 ANOS,4.75,-74.06,,,0,0,0,0,0,1,0,0,0,0,False,SUBA,,Toberin - Foundever,1061.24,0,PARQUE VECINAL DESARROLLO CANTALEJO URBANIZACIÓN CANTALEJO MANZANA B,895.99,0,0.29,,0.33,1.5,0.0,,0.04,1764.11,0.0
3873939,APARTAMENTO,VENTA,19.18,54.0,3.0,2.0,172800.0,0.0,BRITALIA,3,MAS DE 20 ANOS,4.75,-74.06,,,0,0,0,0,0,1,0,0,0,0,False,SUBA,URB. PICADELLY,Toberin - Foundever,1334.74,0,PARQUE VECINAL DESARROLLO CANTALEJO URBANIZACIÓN CANTALEJO MANZANA B,478.1,1,0.36,,0.0,1.5,0.0,,0.06,1728.97,0.0
3671283,CASA CON CONJUNTO CERRADO,VENTA,19.07,61.0,3.0,2.0,87600.0,0.0,SUBA,3,MAS DE 20 ANOS,4.76,-74.1,,,0,0,0,0,0,1,0,0,0,0,False,SUBA,LOS ARRAYANES DE SUBA,Portal Suba,1476.76,0,PARQUE VECINAL URBANIZACIÓN LOMBARDIA II ETAPA,1357.42,0,0.31,,0.0,1.5,0.0,,0.05,1177.72,0.0
3904073,APARTAMENTO,VENTA,19.68,63.0,2.0,2.0,329000.0,1.0,AMERICAS,3,ENTRE 0 Y 5 ANOS,4.61,-74.13,,,0,0,0,0,0,1,0,0,0,0,False,KENNEDY,SANTA ROSA DEL CARVAJAL,Marsella,1820.69,0,PARQUE VECINAL CARVAJAL,477.15,1,0.31,,0.5,1.0,0.0,,0.03,842.59,0.0
1627913,APARTAMENTO,VENTA,19.82,89.0,3.0,3.0,680000.0,2.0,SANTA BARBARA,6,MAS DE 20 ANOS,4.69,-74.05,,,0,0,0,0,0,1,0,0,0,0,False,USAQUEN,SAN PATRICIO,Pepe Sierra,1114.21,0,PARQUE METROPOLITANO EL COUNTRY,1369.91,0,0.22,,0.67,1.0,0.0,,0.03,202.57,2.0
3886762,APARTAMENTO,VENTA,19.47,63.0,3.0,2.0,130000.0,0.0,BAVARIA,3,ENTRE 10 Y 20 ANOS,4.64,-74.13,,,0,0,0,0,0,1,0,0,0,0,False,KENNEDY,VILLA ALSACIA CIUDADELA,Marsella,1091.46,0,PARQUE ZONAL MARSELLA,879.86,0,0.31,,0.0,1.5,0.0,,0.05,758.0,0.0
2742807,APARTAMENTO,VENTA,19.63,51.0,1.0,2.0,586130.0,1.0,SANTA BARBARA,6,MAS DE 20 ANOS,4.69,-74.05,,,0,0,0,0,0,1,0,0,0,0,False,USAQUEN,SANTA BIBIANA,Calle 106,856.07,0,PARQUE VECINAL URBANIZACIÓN NORMANDIA I II II Y IV SECTOR,1583.82,0,0.38,,1.0,0.5,0.0,,0.02,514.4,0.0
3875617,CASA CON CONJUNTO CERRADO,VENTA,19.06,66.0,3.0,2.0,129000.0,0.0,TIBABUYES,3,ENTRE 10 Y 20 ANOS,4.76,-74.11,,,0,0,0,0,0,1,0,0,0,0,False,SUBA,HATO CHICO II (PREDIO),Portal Suba,1884.84,0,PARQUE ZONAL CEFE FONTANAR DEL RIO,617.94,0,0.29,,0.0,1.5,0.0,,0.05,1633.75,0.0
3387533,APARTAMENTO,VENTA,19.6,59.0,3.0,2.0,350000.0,1.0,LA URIBE,4,ENTRE 0 Y 5 ANOS,4.75,-74.03,,,0,0,0,1,0,1,0,0,0,0,False,USAQUEN,LA GRANJA NORTE,Portal Norte,1986.54,0,PARQUE VECINAL URBANIZACIÓN CALLE 170 / ALAMEDA,1139.33,0,0.33,,0.33,1.5,0.0,,0.05,990.31,0.0
3942970,APARTAMENTO,VENTA,19.57,75.0,2.0,2.0,327000.0,1.0,EL PRADO,3,ENTRE 10 Y 20 ANOS,4.74,-74.05,,,0,0,0,0,0,1,0,0,0,0,False,SUBA,MAZUREN,Mazurén,561.96,0,PARQUE VECINAL URBANIZACIÓN VICTORIA NORTE,131.78,1,0.26,,0.5,1.0,0.0,,0.03,1454.72,0.0
3990853,APARTAMENTO,VENTA,19.3,60.0,2.0,2.0,270000.0,0.0,BRITALIA,3,MAS DE 20 ANOS,4.75,-74.06,,,0,0,0,0,0,1,0,0,0,0,False,SUBA,,Toberin - Foundever,1166.22,0,PARQUE ZONAL SAN JOSÉ DE BAVARIA,879.01,0,0.32,,0.0,1.0,0.0,,0.03,1725.76,0.0
2466372,APARTAMENTO,VENTA,20.28,114.0,4.0,3.0,869100.0,1.0,CHICO LAGO,6,MAS DE 20 ANOS,4.68,-74.05,,,0,0,0,0,0,1,0,0,0,0,False,CHAPINERO,S.C. CHICO NORTE III SECTOR,Calle 100 - Marketmedios,859.39,0,PARQUE VECINAL URBANIZACIÓN NORMANDIA I II II Y IV SECTOR,1141.79,0,0.18,,0.25,1.33,0.0,,0.04,109.31,2.0
3973765,APARTAMENTO,VENTA,19.55,79.0,3.0,2.0,239000.0,1.0,GRANJAS DE TECHO,4,MAS DE 20 ANOS,4.67,-74.13,,,0,0,0,0,0,1,0,0,0,0,False,FONTIBON,URB. CAPELLANIA,Modelia,2014.92,0,PARQUE VECINAL VILLA HELENA VILLEMAR,798.17,0,0.25,,0.33,1.5,0.0,,0.04,530.13,0.0
4067821,APARTAMENTO,VENTA,20.06,97.0,3.0,2.0,553000.0,0.0,LOS CEDROS,4,ENTRE 10 Y 20 ANOS,4.73,-74.04,,,0,0,0,0,0,1,0,0,0,0,False,USAQUEN,LAS MARGARITAS I SECTOR,Mazurén,991.51,0,PARQUE ZONAL LA VIDA,839.03,0,0.21,,0.0,1.5,0.0,,0.03,926.93,0.0
3831662,APARTAMENTO,VENTA,19.41,67.0,3.0,2.0,215000.0,1.0,VERBENAL,4,ENTRE 10 Y 20 ANOS,4.77,-74.03,,,0,0,0,0,0,1,0,0,0,0,False,USAQUEN,ANDALUCIA,Terminal,1240.65,0,PARQUE VECINAL DESARROLLO VERBENAL I,949.28,0,0.29,,0.33,1.5,0.0,,0.04,1074.48,0.0
1327328,APARTAMENTO,VENTA,19.81,87.0,4.0,2.0,400000.0,2.0,SUBA,3,MAS DE 20 ANOS,4.74,-74.08,,,0,0,0,0,0,1,0,0,0,0,False,SUBA,S.C. SUBA URBANO,Suba - TV. 91,645.63,0,PARQUE ZONAL BELLAVISTA DINDALITO,586.43,0,0.23,,0.5,2.0,0.0,,0.05,1582.43,0.0
3823378,APARTAMENTO,VENTA,19.42,63.0,3.0,2.0,300000.0,1.0,LA URIBE,4,MAS DE 20 ANOS,4.74,-74.03,,,0,0,0,0,0,1,0,0,0,0,False,USAQUEN,SANTA TERESA,Toberin - Foundever,1825.19,0,PARQUE ZONAL SERVITA,721.13,0,0.31,,0.33,1.5,0.0,,0.05,715.84,0.0
3615956,APARTAMENTO,VENTA,19.23,37.0,2.0,1.0,89000.0,0.0,BRITALIA,3,ENTRE 0 Y 5 ANOS,4.75,-74.06,,,0,0,0,0,0,1,0,0,0,0,False,SUBA,S.C. PORTALES DEL NORTE,Toberin - Foundever,1614.3,0,PARQUE VECINAL DESARROLLO CANTALEJO URBANIZACIÓN CANTALEJO MANZANA B,653.4,0,0.52,,0.0,2.0,0.0,,0.05,1627.49,0.0
3836001,APARTAMENTO,VENTA,20.06,115.0,3.0,3.0,450000.0,2.0,LA ALHAMBRA,4,MAS DE 20 ANOS,4.7,-74.06,,,0,0,0,0,0,1,0,0,0,0,False,SUBA,EL BATAN,Calle 127,585.72,0,PARQUE ZONAL ATABANZA,546.2,0,0.17,,0.67,1.0,0.0,,0.03,752.37,0.0
4068426,APARTAMENTO,VENTA,19.28,55.0,3.0,2.0,106000.0,0.0,BOYACA REAL,2,ENTRE 10 Y 20 ANOS,4.7,-74.1,,,0,0,0,0,0,1,0,0,0,0,False,ENGATIVA,PARIS FRANCIA,Carrera 90,89.29,1,PARQUE VECINAL FLORENCIA LOS TRONQUITOS AGRUPACIÓN DE VIVIENDA FLORENCIA II SECTOR,211.06,1,0.35,,0.0,1.5,0.0,,0.05,1106.72,0.0
3442699,APARTAMENTO,VENTA,19.61,70.0,3.0,2.0,174500.0,1.0,EL RINCON,3,ENTRE 5 Y 10 ANOS,4.72,-74.09,,,0,0,0,0,0,1,0,0,0,0,False,SUBA,URB. ALTAMAR,Suba - AV. Boyacá,1837.74,0,PARQUE ZONAL LA SERENA,800.27,0,0.28,,0.33,1.5,0.0,,0.04,2160.42,0.0
3966198,APARTAMENTO,VENTA,19.09,42.0,2.0,1.0,117000.0,0.0,APOGEO,3,ENTRE 0 Y 5 ANOS,4.6,-74.16,,,0,0,0,0,0,1,0,0,1,0,False,BOSA,VILLA DEL RIO II SECTOR,CC Paseo Villa del Río - Madelena,409.12,1,PARQUE VECINAL URBANIZACIÓN BALMORAL CESIÓN GUADALUPE,503.21,0,0.45,,0.0,2.0,0.0,,0.05,768.71,0.0
4000604,APARTAMENTO,VENTA,19.19,36.0,2.0,1.0,140000.0,0.0,LA SABANA,3,ENTRE 0 Y 5 ANOS,4.61,-74.08,,,0,0,0,1,0,1,0,0,0,0,False,LOS MARTIRES,EL LISTON,San Facon Carrera 22,421.76,1,PARQUE METROPOLITANO EL RENACIMIENTO - PARQUE CEMENTERIO CENTRAL,1258.57,0,0.53,,0.0,2.0,0.0,,0.06,1302.6,0.0
3971117,APARTAMENTO,VENTA,19.92,84.0,3.0,2.0,440000.0,1.0,LA FLORESTA,4,MAS DE 20 ANOS,4.7,-74.08,,,0,0,0,0,0,1,0,0,0,0,False,SUBA,POTOSI SECTOR I,AV. Boyacá,514.63,0,PARQUE ZONAL BONANZA,1048.11,0,0.24,,0.33,1.5,0.0,,0.04,347.95,3.0
3941099,APARTAMENTO,VENTA,19.53,63.0,3.0,2.0,210000.0,1.0,MODELIA,4,MAS DE 20 ANOS,4.67,-74.13,,,0,0,0,0,0,1,0,0,0,0,False,FONTIBON,CAPELLANIA,Portal El Dorado,1641.96,0,PARQUE VECINAL VILLA HELENA VILLEMAR,808.14,0,0.31,,0.33,1.5,0.0,,0.05,900.91,0.0
3836579,APARTAMENTO,VENTA,19.68,68.0,3.0,2.0,290000.0,1.0,CASTILLA,3,ENTRE 10 Y 20 ANOS,4.64,-74.14,,,0,0,0,0,0,1,0,0,0,0,False,KENNEDY,BAVARIA TECHO,Mandalay,1274.41,0,PARQUE ZONAL CASTILLA,349.92,1,0.29,,0.33,1.5,0.0,,0.04,1404.81,0.0
3928635,APARTAMENTO,VENTA,20.18,108.0,3.0,2.0,957000.0,2.0,USAQUEN,6,MAS DE 20 ANOS,4.69,-74.04,,,0,0,0,0,0,1,0,0,0,0,False,USAQUEN,RINCON DEL CHICO,Calle 106,1510.58,0,PARQUE ZONAL CANAL EL VIRREY EL CHICO,1821.43,0,0.19,,0.67,1.5,0.0,,0.03,554.23,0.0
3950801,APARTAMENTO,VENTA,20.15,110.0,3.0,2.0,980000.0,2.0,SANTA BARBARA,6,MAS DE 20 ANOS,4.7,-74.04,,,0,0,0,0,0,1,0,0,1,0,False,USAQUEN,SANTA BARBARA CENTRAL I SECTOR,Calle 127,1634.19,0,PARQUE METROPOLITANO EL COUNTRY,565.16,0,0.18,,0.67,1.5,0.0,,0.03,395.95,1.0
3983300,APARTAMENTO,VENTA,19.06,44.0,2.0,1.0,119100.0,0.0,CASTILLA,3,ENTRE 10 Y 20 ANOS,4.64,-74.15,,,0,0,0,1,0,1,0,0,0,0,False,KENNEDY,CIUDAD TECHO II,Transversal 86,952.98,0,PARQUE METROPOLITANO BIBLIOTECA EL TINTAL,899.22,0,0.43,,0.0,2.0,0.0,,0.05,2188.68,0.0
3947786,CASA CON CONJUNTO CERRADO,VENTA,19.01,53.0,2.0,1.0,65000.0,0.0,ZONA FRANCA,3,MAS DE 20 ANOS,4.67,-74.16,,,0,0,0,0,0,1,0,0,0,0,False,FONTIBON,PUEBLO NUEVO,Biblioteca Tintal,3239.75,0,PARQUE METROPOLITANO ZONA FRANCA,499.63,1,0.36,,0.0,2.0,0.0,,0.04,2962.46,0.0
4015874,APARTAMENTO,VENTA,19.12,50.0,3.0,2.0,120000.0,0.0,BOSA CENTRAL,2,ENTRE 0 Y 5 ANOS,4.61,-74.2,,,0,0,0,0,0,1,0,0,0,0,False,BOSA,S.C. ISLANDIA,La Despensa,2314.89,0,PARQUE ZONAL PALESTINA,450.19,1,0.38,,0.0,1.5,0.0,,0.06,1588.74,0.0
3260948,APARTAMENTO,VENTA,19.72,84.0,3.0,2.0,368000.0,1.0,SUBA,3,ENTRE 5 Y 10 ANOS,4.74,-74.08,,,0,0,0,0,0,1,0,0,0,0,False,SUBA,S.C. SUBA URBANO,Suba - TV. 91,738.42,0,PARQUE ZONAL BELLAVISTA DINDALITO,641.26,0,0.23,,0.33,1.5,0.0,,0.04,1373.83,0.0
3916565,CASA CON CONJUNTO CERRADO,VENTA,19.17,73.0,4.0,2.0,88000.0,0.0,TIBABUYES,3,ENTRE 10 Y 20 ANOS,4.76,-74.11,,,0,0,0,0,0,1,0,0,0,0,False,SUBA,HATO CHICO II (PREDIO),Portal Suba,1785.72,0,PARQUE ZONAL CEFE FONTANAR DEL RIO,708.88,0,0.26,,0.0,2.0,0.0,,0.05,1528.98,0.0
3954482,APARTAMENTO,VENTA,19.17,51.0,2.0,1.0,213000.0,1.0,EL PRADO,4,MAS DE 20 ANOS,4.73,-74.05,,,0,0,0,0,0,1,0,0,0,0,False,SUBA,LA VICTORIA NORTE,Mazurén,632.27,0,PARQUE VECINAL URBANIZACIÓN LA LAGUNA,62.41,1,0.38,,0.5,2.0,0.0,,0.04,1316.79,0.0
3980660,APARTAMENTO,VENTA,19.9,93.0,3.0,3.0,417000.0,1.0,BRITALIA,4,ENTRE 10 Y 20 ANOS,4.74,-74.06,,,0,0,0,0,0,1,0,0,1,0,False,SUBA,CANTALEJO,Calle 161,1158.92,0,PARQUE VECINAL DESARROLLO CANTALEJO URBANIZACIÓN CANTALEJO MANZANA B,219.93,1,0.21,,0.33,1.0,0.0,,0.03,1614.35,0.0
4076994,APARTAMENTO,VENTA,20.39,127.0,4.0,4.0,760000.0,2.0,SANTA BARBARA,6,MAS DE 20 ANOS,4.69,-74.04,,,0,0,0,0,0,1,0,0,0,0,False,USAQUEN,SANTA BARBARA CENTRAL I Y II,Pepe Sierra,1550.54,0,PARQUE METROPOLITANO EL COUNTRY,1103.68,0,0.16,,0.5,1.0,0.0,,0.03,670.35,0.0
1219519,APARTAMENTO,VENTA,19.02,39.0,2.0,1.0,160400.0,0.0,EL RINCON,3,ENTRE 5 Y 10 ANOS,4.74,-74.08,,,0,0,0,0,0,1,0,0,0,0,False,SUBA,URB. ZABANA,Suba - TV. 91,376.97,1,PARQUE ZONAL BELLAVISTA DINDALITO,475.59,1,0.49,,0.0,2.0,0.0,,0.05,1845.24,0.0
3598589,APARTAMENTO,VENTA,19.47,78.0,3.0,2.0,140000.0,0.0,CASTILLA,3,ENTRE 10 Y 20 ANOS,4.64,-74.15,,,0,0,0,0,0,1,0,0,0,0,False,KENNEDY,CIUDAD TECHO II,Transversal 86,709.62,0,PARQUE METROPOLITANO BIBLIOTECA EL TINTAL,675.59,0,0.25,,0.0,1.5,0.0,,0.04,2542.83,0.0
3961562,APARTAMENTO,VENTA,20.1,109.0,3.0,3.0,649900.0,1.0,NIZA,5,MAS DE 20 ANOS,4.72,-74.07,,,0,0,0,0,0,1,0,0,0,0,False,SUBA,URB. COLINA NORTE II ETAPA,Suba - AV. Boyacá,1102.78,0,PARQUE VECINAL PRADO PINZÓN,1276.37,0,0.18,,0.33,1.0,0.0,,0.03,358.05,2.0
4050080,APARTAMENTO,VENTA,19.91,73.0,2.0,2.0,402000.0,2.0,SANTA BARBARA,6,MAS DE 20 ANOS,4.7,-74.04,,,0,0,0,0,0,1,0,0,1,0,False,USAQUEN,SANTA BARBARA OCCIDENTAL,Calle 127,1066.28,0,PARQUE METROPOLITANO EL COUNTRY,742.13,0,0.27,,1.0,1.0,0.0,,0.03,337.6,1.0
3948171,APARTAMENTO,VENTA,19.38,61.0,3.0,2.0,194800.0,1.0,TOBERIN,4,ENTRE 10 Y 20 ANOS,4.75,-74.04,,,0,0,0,0,0,1,0,0,0,0,False,USAQUEN,URB. LA PRADERA,Toberin - Foundever,1021.21,0,PARQUE VECINAL URBANIZACIÓN TOBERIN,536.08,0,0.32,,0.33,1.5,0.0,,0.05,220.36,1.0
3987109,APARTAMENTO,VENTA,19.8,89.0,3.0,2.0,300000.0,1.0,LA URIBE,3,ENTRE 10 Y 20 ANOS,4.74,-74.03,,,0,0,0,0,0,1,0,0,0,0,False,USAQUEN,SANTA TERESA,Toberin - Foundever,1804.95,0,PARQUE ZONAL SERVITA,730.52,0,0.22,,0.33,1.5,0.0,,0.03,717.1,0.0
4083210,APARTAMENTO,VENTA,19.55,69.0,4.0,3.0,290000.0,2.0,TOBERIN,3,MAS DE 20 ANOS,4.74,-74.04,,,0,0,0,0,0,1,0,0,0,0,False,USAQUEN,BALCONES DE ORIENTE,Calle 161,1346.68,0,PARQUE ZONAL LA VIDA,186.24,1,0.28,,0.5,1.33,0.0,,0.06,924.0,0.0
4085433,APARTAMENTO,VENTA,19.11,48.0,3.0,2.0,170000.0,0.0,QUIROGA,3,ENTRE 5 Y 10 ANOS,4.59,-74.12,,,0,0,0,0,0,1,0,0,0,0,False,RAFAEL URIBE URIBE,S.C. BRAVO PAEZ,NQS - Calle 38A S,907.3,0,PARQUE ZONAL VILLA MAYOR CEMENTERIO,646.7,0,0.4,,0.0,1.5,0.0,,0.06,775.65,0.0
2569597,APARTAMENTO,VENTA,19.41,59.0,3.0,2.0,321300.0,1.0,BOYACA REAL,3,MAS DE 20 ANOS,4.69,-74.09,,,0,0,0,0,0,1,0,0,0,0,False,ENGATIVA,SANTA MARIA I Y II SECTOR,Minuto de Dios,732.99,0,PARQUE ZONAL BONANZA,537.98,0,0.33,,0.33,1.5,0.0,,0.05,993.28,0.0
3862984,APARTAMENTO,VENTA,19.28,55.0,3.0,2.0,248000.0,1.0,EL RINCON,3,MAS DE 20 ANOS,4.72,-74.09,,,0,0,0,1,0,1,0,0,0,0,False,SUBA,BOSQUES DE SAN JORGE,Suba - AV. Boyacá,1684.89,0,PARQUE METROPOLITANO CEFE COMETAS,820.03,0,0.35,,0.33,1.5,0.0,,0.05,1997.97,0.0
3821728,APARTAMENTO,VENTA,19.53,68.0,3.0,2.0,425000.0,1.0,LOS CEDROS,4,MAS DE 20 ANOS,4.73,-74.04,,,0,0,0,0,0,1,0,0,0,0,False,USAQUEN,ACACIAS USAQUEN,Calle 142,1302.27,0,PARQUE VECINAL NUEVA URBANIZACIÓN EL CEDRITO,690.6,0,0.29,,0.33,1.5,0.0,,0.04,779.13,0.0
3718529,APARTAMENTO,VENTA,19.4,58.0,2.0,2.0,117900.0,1.0,CASTILLA,3,ENTRE 5 Y 10 ANOS,4.65,-74.14,,,0,0,0,0,0,1,0,0,0,0,False,KENNEDY,BOSCONIA,Transversal 86,1860.47,0,PARQUE VECINAL VILLA ALSACIA,1059.5,0,0.33,,0.5,1.0,0.0,,0.03,1817.02,0.0
4014943,APARTAMENTO,VENTA,19.94,101.0,4.0,3.0,430900.0,1.0,LOS CEDROS,4,MAS DE 20 ANOS,4.72,-74.04,,,0,0,0,0,0,1,0,0,0,0,False,USAQUEN,CEDRITOS,Calle 142,1537.64,0,PARQUE VECINAL NUEVA URBANIZACIÓN EL CEDRITO,474.27,1,0.2,,0.25,1.33,0.0,,0.04,253.44,1.0
4093999,APARTAMENTO,VENTA,19.43,39.0,3.0,2.0,350000.0,1.0,VERBENAL,3,ENTRE 10 Y 20 ANOS,4.76,-74.03,,,0,0,0,1,0,1,0,0,0,0,False,USAQUEN,TIBABITA II,Terminal,1648.71,0,PARQUE VECINAL DESARROLLO VERBENAL I,1196.68,0,0.5,,0.33,1.5,0.0,,0.08,1571.6,0.0
3996831,APARTAMENTO,VENTA,19.69,74.0,3.0,2.0,401700.0,1.0,LA ALHAMBRA,5,MAS DE 20 ANOS,4.7,-74.06,,,0,0,0,0,0,1,0,0,0,0,False,SUBA,LA ALHAMBRA SECTOR NORTE,Suba - Calle 116,675.4,0,PARQUE ZONAL CANAL CORDOBA,107.26,1,0.27,,0.33,1.5,0.0,,0.04,1215.99,0.0
3947542,CASA CON CONJUNTO CERRADO,VENTA,19.06,64.0,3.0,2.0,151000.0,0.0,TIBABUYES,3,MAS DE 20 ANOS,4.75,-74.11,,,0,0,0,0,0,1,0,0,0,0,False,SUBA,LAS MARGARITAS,Portal Suba,1909.01,0,PARQUE ZONAL CEFE FONTANAR DEL RIO,268.51,1,0.3,,0.0,1.5,0.0,,0.05,1738.47,0.0
1471548,APARTAMENTO,VENTA,19.06,48.0,3.0,1.0,139700.0,0.0,ZONA FRANCA,3,ENTRE 5 Y 10 ANOS,4.68,-74.16,,,0,0,0,0,0,1,0,0,0,0,False,FONTIBON,EL CHARCO,Portal El Dorado,3955.44,0,PARQUE ZONAL LA CONCORDIA,825.77,0,0.4,,0.0,3.0,0.0,,0.06,2238.95,0.0
4076832,APARTAMENTO,VENTA,20.08,94.0,4.0,3.0,560000.0,2.0,TOBERIN,4,MAS DE 20 ANOS,4.74,-74.04,,,0,0,0,0,0,1,0,0,0,0,False,USAQUEN,CALAMARI,Mazurén,1459.79,0,PARQUE ZONAL LA VIDA,323.88,1,0.21,,0.5,1.33,0.0,,0.04,724.06,0.0
9894-M4507140,APARTAMENTO,VENTA,21.72,193.0,3.0,5.0,1300000.0,3.0,CHICO,5,ENTRE 0 Y 5 ANOS,4.67,-74.06,USADO,,0,1,0,1,1,1,1,0,0,1,False,CHAPINERO,S.C. ANTIGUO COUNTRY,Virrey,190.79,1,PARQUE METROPOLITANO RECONCILIACIÓN,229.45,1,0.11,,1.0,0.6,0.0,,0.02,487.66,1.0
754-M3028420,APARTAMENTO,VENTA,20.87,150.0,2.0,3.0,700000.0,3.0,CHICO,6,ENTRE 10 Y 20 ANOS,4.68,-74.06,USADO,,0,1,0,0,1,1,0,0,0,1,False,CHAPINERO,S.C. CHICO NORTE,Virrey,437.17,1,PARQUE VECINAL URBANIZACIÓN NORMANDIA I II II Y IV SECTOR,343.72,1,0.14,,1.5,0.67,0.0,,0.01,384.91,3.0
384-M3979924,APARTAMENTO,VENTA,20.59,123.8,2.0,2.0,1417363.0,2.0,CHAPINERO ALTO,5,ENTRE 10 Y 20 ANOS,4.65,-74.05,USADO,,0,0,0,0,1,0,0,0,0,0,False,CHAPINERO,S.C. EMAUS,Flores – Areandina,1043.95,0,PARQUE ZONAL GUSTAVO URIBE BOTERO,279.36,1,0.17,,1.0,1.0,0.0,,0.02,230.89,1.0
13374-M3083472,APARTAMENTO,VENTA,19.67,95.0,2.0,2.0,250000.0,0.0,CHAPINERO ALTO,4,MAS DE 20 ANOS,4.64,-74.07,USADO,,0,0,0,0,1,0,0,0,0,1,False,CHAPINERO,S.C. MARLY,Marly,291.31,1,PARQUE ESCENARIO DEPORTIVO EL CAMPINCITO - CEAD,1507.65,0,0.21,,0.0,1.0,0.0,,0.02,808.57,0.0
9894-M4130666,APARTAMENTO,VENTA,20.09,138.0,3.0,3.0,797000.0,2.0,SANTA BARBARA,6,MAS DE 20 ANOS,4.69,-74.04,USADO,,0,1,0,0,1,1,0,0,0,1,False,USAQUEN,SANTA BARBARA CENTRAL III SECTOR,Pepe Sierra,2027.49,0,PARQUE METROPOLITANO EL COUNTRY,1259.21,0,0.15,,0.67,1.0,0.0,,0.02,304.88,1.0
10312-M4406543,APARTAMENTO,VENTA,21.31,254.0,3.0,4.0,2300000.0,3.0,CHICO,6,MAS DE 20 ANOS,4.66,-74.05,USADO,,0,1,0,0,1,1,0,0,0,1,False,CHAPINERO,S.C. EL NOGAL,Calle 76 - San Felipe,1027.62,0,PARQUE ZONAL SAN ANDRÉS,412.27,1,0.08,,1.0,0.75,0.0,,0.01,596.44,0.0
384-M4575048,APARTAMENTO,VENTA,20.85,163.8,3.0,4.0,869200.0,2.0,COLINA Y ALREDEDORES,5,ENTRE 10 Y 20 ANOS,4.73,-74.07,USADO,,1,0,0,1,1,1,1,0,0,1,False,SUBA,ATENAS - HIBERNIA,Gratamira,547.56,0,PARQUE ZONAL EL TOMILLAR,978.22,0,0.13,,0.67,0.75,0.0,,0.02,634.02,0.0
10278-M4466543,APARTAMENTO,VENTA,19.99,90.0,2.0,2.0,3921395.93,1.0,SANTA BARBARA,5,MAS DE 20 ANOS,4.7,-74.05,USADO,,0,0,0,0,0,1,0,0,0,1,False,USAQUEN,SANTA BARBARA OCCIDENTAL,Calle 127,1047.83,0,PARQUE METROPOLITANO EL COUNTRY,962.22,0,0.22,,0.5,1.0,0.0,,0.02,313.16,1.0
11369-M4480283,APARTAMENTO,VENTA,19.8,65.0,3.0,2.0,444000.0,1.0,CHAPINERO ALTO,4,MAS DE 20 ANOS,4.65,-74.06,USADO,,0,0,0,0,0,1,0,0,0,1,False,CHAPINERO,S.C. GRANADA,Calle 63,959.61,0,PARQUE ZONAL GUSTAVO URIBE BOTERO,587.26,0,0.3,,0.33,1.5,0.0,,0.05,548.63,0.0
2266-M4067087,APARTAMENTO,VENTA,20.67,150.0,3.0,3.0,1500000.0,3.0,SANTA BARBARA,6,MAS DE 20 ANOS,4.69,-74.05,USADO,,0,1,0,0,1,0,0,0,0,1,False,USAQUEN,SANTA BIBIANA,Calle 106,409.55,1,PARQUE VECINAL URBANIZACIÓN NORMANDIA I II II Y IV SECTOR,1575.94,0,0.14,,1.0,1.0,0.0,,0.02,697.93,0.0
518-M4660765,APARTAMENTO,VENTA,20.49,86.44,2.0,2.0,623700.0,2.0,CHICO,5,ENTRE 10 Y 20 ANOS,4.67,-74.06,USADO,,0,0,0,1,1,0,0,0,0,1,False,CHAPINERO,S.C. ANTIGUO COUNTRY,Calle 85,223.06,1,PARQUE METROPOLITANO RECONCILIACIÓN,168.77,1,0.24,,1.0,1.0,0.0,,0.02,341.73,3.0
11369-M3841519,APARTAMENTO,VENTA,20.86,195.0,3.0,3.0,650000.0,3.0,SANTA BARBARA,6,ENTRE 10 Y 20 ANOS,4.69,-74.05,USADO,,0,1,0,0,1,0,0,0,0,1,False,USAQUEN,SANTA BIBIANA,Calle 106,765.56,0,PARQUE VECINAL URBANIZACIÓN NORMANDIA I II II Y IV SECTOR,1848.38,0,0.11,,1.0,1.0,0.0,,0.02,354.34,1.0
73-M3220445,APARTAMENTO,VENTA,19.4,63.0,2.0,2.0,500000.0,1.0,COUNTRY,5,MAS DE 20 ANOS,4.71,-74.03,USADO,,0,1,0,0,0,0,0,0,0,1,False,USAQUEN,S.C. LA CAROLINA,Calle 127,2357.48,0,PARQUE METROPOLITANO EL COUNTRY,636.4,0,0.31,,0.5,1.0,0.0,,0.03,485.12,1.0
11307-M4514996,APARTAMENTO,VENTA,20.55,145.0,2.0,3.0,765000.0,3.0,COUNTRY,5,ENTRE 10 Y 20 ANOS,4.72,-74.05,USADO,,0,0,0,0,1,1,0,0,0,1,False,USAQUEN,LA CALLEJA SANTACOLOMA,Prado,288.67,1,PARQUE ZONAL ATABANZA,1099.57,0,0.14,,1.5,0.67,0.0,,0.01,694.9,0.0
2974-M4613222,APARTAMENTO,VENTA,19.06,20.0,1.0,1.0,190000.0,0.0,COUNTRY,5,ENTRE 0 Y 5 ANOS,4.72,-74.04,USADO,,0,0,0,1,1,1,0,0,0,1,False,USAQUEN,NUEVO COUNTRY,Alcalá,1208.48,0,PARQUE VECINAL NUEVA URBANIZACIÓN EL CEDRITO,1169.82,0,0.95,,0.0,1.0,0.0,,0.05,562.38,0.0
12477-M4701739,APARTAMENTO,VENTA,21.34,182.0,3.0,5.0,940000.0,2.0,SANTA BARBARA,6,ENTRE 10 Y 20 ANOS,4.7,-74.03,USADO,,0,1,0,1,1,1,1,0,0,1,False,USAQUEN,RESERVAS DE LA SIERRA - LA ARBOLEDA,Calle 127,2883.84,0,PARQUE METROPOLITANO EL COUNTRY,1173.96,0,0.12,,0.67,0.6,0.0,,0.02,659.31,0.0
2456-M3911464,APARTAMENTO,VENTA,20.55,125.0,3.0,4.0,390000.0,2.0,COLINA Y ALREDEDORES,4,ENTRE 0 Y 5 ANOS,4.74,-74.06,USADO,,1,1,0,1,1,1,0,0,0,1,False,SUBA,URB. VERSALLES,Mazurén,1291.99,0,PARQUE VECINAL DESARROLLO CANTALEJO URBANIZACIÓN CANTALEJO MANZANA B,538.48,0,0.16,,0.67,0.75,0.0,,0.02,967.41,0.0
3036-M3574060,APARTAMENTO,VENTA,20.12,108.0,3.0,3.0,700000.0,2.0,CEDRITOS,4,ENTRE 5 Y 10 ANOS,4.73,-74.04,USADO,,1,1,0,1,1,1,0,0,0,1,False,USAQUEN,CAOBOS SALAZAR,Calle 146,1651.48,0,PARQUE VECINAL NUEVA URBANIZACIÓN EL CEDRITO,419.63,1,0.19,,0.67,1.0,0.0,,0.03,513.08,0.0
2123-M2797112,APARTAMENTO,VENTA,20.7,138.0,3.0,3.0,1000000.0,2.0,COUNTRY,6,ENTRE 5 Y 10 ANOS,4.71,-74.03,USADO,,0,0,0,1,0,1,0,0,0,1,False,USAQUEN,GINEBRA,Prado,2881.95,0,PARQUE METROPOLITANO EL COUNTRY,1315.97,0,0.15,,0.67,1.0,0.0,,0.02,583.99,0.0
754-M3665098,APARTAMENTO,VENTA,21.13,180.0,4.0,4.0,1320000.0,2.0,CHAPINERO ALTO,5,MAS DE 20 ANOS,4.65,-74.05,USADO,,0,1,0,0,1,1,0,0,0,1,False,CHAPINERO,S.C. EMAUS,Flores – Areandina,1046.62,0,PARQUE ZONAL GUSTAVO URIBE BOTERO,266.65,1,0.12,,0.5,1.0,0.0,,0.02,224.2,1.0
754-M3035959,APARTAMENTO,VENTA,19.92,54.0,1.0,2.0,200000.0,1.0,SANTA BARBARA,6,ENTRE 5 Y 10 ANOS,4.69,-74.04,USADO,,0,0,0,1,1,1,0,0,0,1,False,USAQUEN,SANTA BARBARA CENTRAL I Y II,Calle 106,1531.49,0,PARQUE METROPOLITANO EL COUNTRY,1515.5,0,0.37,,1.0,0.5,0.0,,0.02,574.45,0.0
12364-M2820482,APARTAMENTO,VENTA,20.56,124.9,3.0,3.0,1468000.0,2.0,SANTA BARBARA,6,ENTRE 5 Y 10 ANOS,4.7,-74.05,USADO,,0,1,0,0,1,0,0,0,0,1,False,USAQUEN,SAN PATRICIO,Pepe Sierra,304.43,1,PARQUE ZONAL CANAL CORDOBA,1379.92,0,0.16,,0.67,1.0,0.0,,0.02,447.6,1.0
3204-M2652412,APARTAMENTO,VENTA,21.33,220.0,3.0,4.0,1100000.0,2.0,CHICO,6,ENTRE 10 Y 20 ANOS,4.65,-74.05,USADO,,0,1,0,0,1,0,0,0,0,1,False,CHAPINERO,EMAUS,Flores – Areandina,1072.11,0,PARQUE ZONAL GUSTAVO URIBE BOTERO,282.45,1,0.1,,0.67,0.75,0.0,,0.01,262.55,1.0
2996-M4134419,APARTAMENTO,VENTA,20.58,130.0,3.0,3.0,650000.0,2.0,SANTA BARBARA,5,ENTRE 10 Y 20 ANOS,4.7,-74.03,USADO,,0,0,0,0,1,1,0,0,0,0,False,USAQUEN,DELICIAS DEL CARMEN,Calle 127,3175.85,0,PARQUE METROPOLITANO EL COUNTRY,1440.57,0,0.16,,0.67,1.0,0.0,,0.02,981.14,0.0
2731-M4600513,APARTAMENTO,VENTA,20.8,155.0,3.0,4.0,1380000.0,2.0,SANTA BARBARA,6,ENTRE 5 Y 10 ANOS,4.7,-74.05,USADO,,0,0,0,1,1,0,0,0,0,1,False,USAQUEN,SANTA BARBARA OCCIDENTAL,Calle 127,987.57,0,PARQUE METROPOLITANO EL COUNTRY,1003.41,0,0.13,,0.67,0.75,0.0,,0.02,299.2,1.0
4137-M4693749,APARTAMENTO,VENTA,21.47,285.0,5.0,4.0,1000000.0,2.0,SANTA BARBARA,6,REMODELADO,4.7,-74.04,USADO,,0,0,0,0,0,1,0,0,0,1,False,USAQUEN,SANTA BARBARA OCCIDENTAL,Pepe Sierra,1197.81,0,PARQUE METROPOLITANO EL COUNTRY,932.42,0,0.08,,0.4,1.25,0.0,,0.02,366.32,1.0
3074-M4078693,APARTAMENTO,VENTA,19.61,69.0,3.0,2.0,330000.0,2.0,ORQUIDEAS,4,MAS DE 20 ANOS,4.74,-74.04,USADO,,0,0,0,0,0,1,0,0,0,1,False,USAQUEN,BALCONES DE ORIENTE,Calle 161,1361.97,0,PARQUE ZONAL LA VIDA,241.25,1,0.28,,0.67,1.5,0.0,,0.04,874.58,0.0
2456-M2677339,APARTAMENTO,VENTA,20.28,124.0,3.0,4.0,500000.0,2.0,COLINA Y ALREDEDORES,5,ENTRE 5 Y 10 ANOS,4.73,-74.06,USADO,,0,1,0,1,1,1,0,0,0,1,False,SUBA,MAZUREN,Mazurén,1379.38,0,PARQUE VECINAL URBANIZACIÓN LA LAGUNA,820.27,0,0.16,,0.67,0.75,0.0,,0.02,608.08,0.0
2748-M3414019,APARTAMENTO,VENTA,20.54,105.0,3.0,2.0,393900.0,2.0,SALITRE MODELIA,5,ENTRE 5 Y 10 ANOS,4.66,-74.11,USADO,,0,1,0,1,1,1,0,0,0,1,False,FONTIBON,LA ESPERANZA NORTE,AV. Rojas,560.97,0,PARQUE VECINAL CARLOS LLERAS (EL FUEGO),559.39,0,0.2,,0.67,1.5,0.0,,0.03,716.36,0.0
2748-M3415484,APARTAMENTO,VENTA,21.34,254.0,3.0,4.0,890000.0,3.0,CERROS DE SUBA,6,ENTRE 5 Y 10 ANOS,4.72,-74.08,USADO,,0,1,0,1,1,1,1,0,0,1,False,SUBA,BELLOMONTE SUBA,Suba - AV. Boyacá,508.46,0,PARQUE VECINAL AGRUPACIÓN DE VIVIENDA EN BALCON DE LINDARAJA,1052.38,0,0.08,,1.0,0.75,0.0,,0.01,1526.49,0.0
2748-M4651791,APARTAMENTO,VENTA,19.74,76.24,3.0,2.0,322000.0,1.0,ORQUIDEAS,4,ENTRE 5 Y 10 ANOS,4.75,-74.03,USADO,,0,0,0,0,0,1,0,0,0,1,False,USAQUEN,SANTA TERESA,Toberin - Foundever,2266.66,0,PARQUE ZONAL SERVITA,427.96,1,0.26,,0.33,1.5,0.0,,0.04,1092.52,0.0
156-M4181830,APARTAMENTO,VENTA,20.13,115.0,3.0,3.0,430000.0,2.0,CEDRITOS,4,ENTRE 10 Y 20 ANOS,4.73,-74.04,USADO,,0,0,0,1,1,1,0,0,0,1,False,USAQUEN,CAOBOS SALAZAR,Calle 146,1155.95,0,PARQUE VECINAL NUEVA URBANIZACIÓN EL CEDRITO,891.98,0,0.18,,0.67,1.0,0.0,,0.03,803.6,0.0
2564-M3903817,APARTAMENTO,VENTA,19.69,70.0,3.0,2.0,280000.0,1.0,COLINA Y ALREDEDORES,3,ENTRE 5 Y 10 ANOS,4.75,-74.05,USADO,,0,0,0,1,1,1,0,0,0,1,False,SUBA,GRANJAS DE NAMUR,Toberin - Foundever,475.47,1,PARQUE VECINAL DESARROLLO CANTALEJO URBANIZACIÓN CANTALEJO MANZANA B,1185.15,0,0.28,,0.33,1.5,0.0,,0.04,1485.07,0.0
2748-M3416749,APARTAMENTO,VENTA,20.2,106.0,3.0,3.0,378000.0,2.0,NIZA ALHAMBRA,5,ENTRE 10 Y 20 ANOS,4.7,-74.07,USADO,,0,0,0,1,1,1,0,0,0,1,False,SUBA,LAGOS DE CORDOBA,Humedal Córdoba,423.23,1,PARQUE ZONAL CANAL CORDOBA,437.25,1,0.19,,0.67,1.0,0.0,,0.03,850.26,0.0
38-M4590715,APARTAMENTO,VENTA,21.19,228.0,4.0,5.0,1400000.0,4.0,COUNTRY,5,ENTRE 5 Y 10 ANOS,4.71,-74.04,USADO,,0,1,0,0,1,0,0,0,0,1,False,USAQUEN,LISBOA_,Prado,1844.44,0,PARQUE VECINAL NUEVA URBANIZACIÓN EL CEDRITO,1077.79,0,0.09,,1.0,0.8,0.0,,0.02,235.46,1.0
13034-M4133546,APARTAMENTO,VENTA,19.74,79.81,3.0,2.0,401600.0,1.0,CEDRITOS,4,MAS DE 20 ANOS,4.74,-74.04,USADO,,0,0,0,0,1,1,0,0,0,1,False,USAQUEN,URB. JARDINES DEL NORTE,Calle 161,468.85,1,PARQUE VECINAL DESARROLLO ESTRELLA DEL NORTE,62.81,1,0.25,,0.33,1.5,0.0,,0.04,1301.57,0.0
11203-M2786148,APARTAMENTO,VENTA,21.06,224.0,3.0,4.0,2250000.0,2.0,COUNTRY,6,MAS DE 20 ANOS,4.7,-74.04,USADO,,0,1,0,0,1,0,0,0,0,1,False,USAQUEN,LA_CAROLINA,Calle 127,1609.05,0,PARQUE METROPOLITANO EL COUNTRY,135.42,1,0.09,,0.67,0.75,0.0,,0.01,305.48,1.0
5545-M4466201,APARTAMENTO,VENTA,20.03,95.0,2.0,3.0,660000.0,2.0,COUNTRY,5,ENTRE 5 Y 10 ANOS,4.71,-74.04,USADO,,0,0,0,1,1,0,0,0,0,1,False,USAQUEN,LISBOA_,Prado,1787.27,0,PARQUE VECINAL NUEVA URBANIZACIÓN EL CEDRITO,1014.12,0,0.21,,1.0,0.67,0.0,,0.02,332.27,1.0
10123-M4417601,APARTAMENTO,VENTA,20.55,130.0,4.0,4.0,809000.0,2.0,SANTA BARBARA,6,ENTRE 10 Y 20 ANOS,4.69,-74.05,USADO,,0,1,0,0,1,1,0,0,0,1,False,USAQUEN,SANTA BIBIANA,Calle 106,834.09,0,PARQUE VECINAL URBANIZACIÓN NORMANDIA I II II Y IV SECTOR,1754.72,0,0.16,,0.5,1.0,0.0,,0.03,454.35,1.0
2266-M4290853,APARTAMENTO,VENTA,20.95,200.0,4.0,4.0,1216000.0,2.0,CEDRITOS,6,MAS DE 20 ANOS,4.72,-74.02,USADO,,0,0,0,0,0,1,0,0,0,0,False,USAQUEN,BOSQUE DE PINOS III,Calle 142,3059.59,0,PARQUE VECINAL NUEVA URBANIZACIÓN EL CEDRITO,1146.43,0,0.1,,0.5,1.0,0.0,,0.02,1051.37,0.0
10312-M3984278,APARTAMENTO,VENTA,21.81,261.0,3.0,4.0,2232923.0,3.0,CHICO,6,ENTRE 5 Y 10 ANOS,4.66,-74.05,USADO,,0,1,0,1,1,1,0,0,0,1,False,CHAPINERO,BOSQUE EL RETIRO I SECTOR,Héroes - Gel´Hada,1659.96,0,PARQUE ZONAL SAN ANDRÉS,679.43,0,0.08,,1.0,0.75,0.0,,0.01,818.87,0.0
5588-M4307196,APARTAMENTO,VENTA,19.67,75.0,3.0,2.0,393000.0,1.0,CEDRITOS,4,MAS DE 20 ANOS,4.73,-74.04,USADO,,0,0,0,0,1,1,0,0,0,1,False,USAQUEN,LOS CAOBOS,Calle 146,607.92,0,PARQUE VECINAL PRADO PINZÓN,1099.46,0,0.26,,0.33,1.5,0.0,,0.04,1038.23,0.0
12496-M4704682,APARTAMENTO,VENTA,19.16,59.0,3.0,2.0,150000.0,1.0,CIUDAD BOLIVAR,3,ENTRE 5 Y 10 ANOS,4.59,-74.16,USADO,,0,0,0,0,1,1,0,0,0,1,False,CIUDAD BOLIVAR,EL PENON DEL CORTIJO,Perdomo,986.53,0,PARQUE ZONAL EL TALLER EL ENSUEÑO,241.19,1,0.32,,0.33,1.5,0.0,,0.05,1572.66,0.0
2821-M4135873,APARTAMENTO,VENTA,20.7,160.0,4.0,3.0,805000.0,2.0,CHICO,6,MAS DE 20 ANOS,4.68,-74.05,USADO,,0,1,0,0,1,0,0,0,0,0,False,CHAPINERO,S.C. CHICO NORTE III SECTOR,Calle 100 - Marketmedios,877.89,0,PARQUE ZONAL CANAL EL VIRREY EL CHICO,797.67,0,0.13,,0.5,1.33,0.0,,0.02,347.9,4.0
2266-M2332215,APARTAMENTO,VENTA,21.51,220.0,3.0,5.0,1480000.0,4.0,CHICO,6,ENTRE 5 Y 10 ANOS,4.68,-74.05,USADO,,0,0,0,0,0,1,0,0,0,0,False,CHAPINERO,S.C. CHICO NORTE III SECTOR,Calle 100 - Marketmedios,312.23,1,PARQUE VECINAL URBANIZACIÓN NORMANDIA I II II Y IV SECTOR,898.86,0,0.1,,1.33,0.6,0.0,,0.01,420.49,1.0
2266-M2437933,APARTAMENTO,VENTA,20.87,210.0,3.0,2.0,843400.0,2.0,CHICO,6,MAS DE 20 ANOS,4.67,-74.05,USADO,,0,0,0,0,0,0,0,0,0,0,False,CHAPINERO,S.C. EL CHICO,Virrey,870.83,0,PARQUE ZONAL CANAL EL VIRREY EL CHICO,264.77,1,0.1,,0.67,1.5,0.0,,0.01,295.35,4.0
12374-M4275932,APARTAMENTO,VENTA,19.74,41.49,1.0,2.0,341070.0,1.0,CHAPINERO ALTO,3,ENTRE 0 Y 5 ANOS,4.65,-74.07,USADO,,0,0,0,1,1,1,0,0,0,1,False,CHAPINERO,S.C. CHAPINERO CENTRAL,Calle 63,305.14,1,PARQUE ESCENARIO DEPORTIVO EL CAMPINCITO - CEAD,1427.83,0,0.48,,1.0,0.5,0.0,,0.02,896.22,0.0
2162-M4645827,APARTAMENTO,VENTA,21.25,178.0,3.0,4.0,822000.0,2.0,CHICO,6,REMODELADO,4.65,-74.05,USADO,,0,0,0,1,1,0,0,0,0,1,False,CHAPINERO,S.C. LAS ACACIAS,Flores – Areandina,1442.08,0,PARQUE ZONAL GUSTAVO URIBE BOTERO,292.26,1,0.12,,0.67,0.75,0.0,,0.02,628.7,0.0
5161-M4193326,APARTAMENTO,VENTA,20.46,99.0,2.0,3.0,1200000.0,2.0,CHICO,6,MAS DE 20 ANOS,4.68,-74.04,USADO,,0,0,0,0,1,0,0,0,0,1,False,CHAPINERO,CHICO RESERVADO,Calle 100 - Marketmedios,1816.12,0,PARQUE VECINAL URBANIZACIÓN LA CABRERA,1199.25,0,0.21,,1.0,0.67,0.0,,0.02,428.76,2.0
3204-M2518785,APARTAMENTO,VENTA,21.82,359.0,3.0,5.0,1800000.0,3.0,CHICO,6,MAS DE 20 ANOS,4.67,-74.05,USADO,,0,0,0,0,0,1,0,0,0,0,False,CHAPINERO,S.C. EL RETIRO,Héroes - Gel´Hada,1453.21,0,PARQUE ZONAL SAN ANDRÉS,501.16,0,0.06,,1.0,0.6,0.0,,0.01,584.55,0.0
800-M4298809,APARTAMENTO,VENTA,19.98,84.0,2.0,2.0,629100.0,2.0,COUNTRY,5,ENTRE 10 Y 20 ANOS,4.72,-74.05,USADO,,0,1,0,0,0,1,0,0,0,1,False,USAQUEN,LOS CEDROS,Alcalá,186.32,1,PARQUE VECINAL PRADO PINZÓN,727.9,0,0.24,,1.0,1.0,0.0,,0.02,330.73,1.0
3774-M3093271,APARTAMENTO,VENTA,20.91,145.0,3.0,3.0,650000.0,2.0,SANTA BARBARA,5,ENTRE 10 Y 20 ANOS,4.69,-74.04,USADO,,0,1,0,1,0,1,1,0,0,1,False,USAQUEN,SANTA ANA OCCIDENTAL,Calle 106,1959.04,0,PARQUE METROPOLITANO EL COUNTRY,1895.36,0,0.14,,0.67,1.0,0.0,,0.02,401.31,1.0
3065-M3026378,APARTAMENTO,VENTA,20.44,135.0,3.0,3.0,700000.0,2.0,SANTA BARBARA,6,MAS DE 20 ANOS,4.7,-74.05,USADO,,0,1,0,0,1,0,0,0,0,1,False,USAQUEN,SAN PATRICIO,Pepe Sierra,1100.16,0,PARQUE METROPOLITANO EL COUNTRY,1138.49,0,0.15,,0.67,1.0,0.0,,0.02,270.75,2.0
246-M4508775,APARTAMENTO,VENTA,20.25,39.0,1.0,2.0,486000.0,1.0,SANTA BARBARA,6,ENTRE 0 Y 5 ANOS,4.69,-74.05,USADO,,0,0,0,1,1,1,0,0,0,1,False,USAQUEN,SAN PATRICIO,Pepe Sierra,1172.57,0,PARQUE METROPOLITANO EL COUNTRY,1311.68,0,0.52,,1.0,0.5,0.0,,0.03,275.36,2.0
2571-M4410962,APARTAMENTO,VENTA,19.66,80.0,2.0,2.0,50000.0,1.0,METROPOLIS,4,ENTRE 10 Y 20 ANOS,4.67,-74.09,USADO,,0,0,0,0,0,0,0,0,0,0,False,BARRIOS UNIDOS,J.J. VARGAS - JOSE JOAQUIN VARGAS,Carrera 53,1316.79,0,PARQUE VECINAL URBANIZACIÓN METROPOLIS,575.43,0,0.25,,0.5,1.0,0.0,,0.02,381.84,1.0
2996-M4499104,APARTAMENTO,VENTA,20.61,202.0,4.0,3.0,940000.0,2.0,NIZA ALHAMBRA,5,MAS DE 20 ANOS,4.69,-74.07,USADO,,0,0,0,0,1,0,0,0,0,0,False,SUBA,PUENTE LARGO SECTOR I Y II,Puentelargo,193.41,1,PARQUE ZONAL CANAL CORDOBA,858.13,0,0.1,,0.5,1.33,0.0,,0.02,664.79,0.0
10139-M3899464,APARTAMENTO,VENTA,20.24,82.8,2.0,2.0,440000.0,2.0,NIZA ALHAMBRA,5,ENTRE 5 Y 10 ANOS,4.7,-74.06,USADO,,0,1,0,0,1,1,0,0,0,1,False,SUBA,EL BATAN,Calle 127,323.86,1,PARQUE ZONAL ATABANZA,593.01,0,0.24,,1.0,1.0,0.0,,0.02,494.39,3.0
156-M4261168,APARTAMENTO,VENTA,19.28,58.0,3.0,2.0,225000.0,1.0,ALTOS DE SUBA Y CERROS DE SAN JORGE,3,ENTRE 10 Y 20 ANOS,4.74,-74.09,USADO,,0,0,0,0,0,1,0,0,0,1,False,SUBA,EL ARRAYAN,Suba - TV. 91,407.96,1,PARQUE ZONAL BELLAVISTA DINDALITO,280.86,1,0.33,,0.33,1.5,0.0,,0.05,1187.45,0.0
10123-M4515245,APARTAMENTO,VENTA,20.28,100.0,3.0,4.0,520000.0,1.0,CHICO,5,MAS DE 20 ANOS,4.66,-74.06,USADO,,0,1,0,1,1,1,0,0,0,1,False,CHAPINERO,S.C. ESPARTILLAL,Calle 76 - San Felipe,555.2,0,PARQUE ZONAL SAN ANDRÉS,497.76,1,0.2,,0.33,0.75,0.0,,0.03,218.17,2.0
3894-M3354571,APARTAMENTO,VENTA,19.85,63.0,2.0,2.0,3921395.93,1.0,LA SOLEDAD,4,ENTRE 10 Y 20 ANOS,4.63,-74.07,USADO,,0,0,0,0,0,0,0,0,0,1,False,TEUSAQUILLO,PALERMO,Calle 45 - American School Way,608.66,0,PARQUE METROPOLITANO PARQUE NACIONAL (PM2A) ENRIQUE OLAYA HERRERA (SECTOR HISTORICO),1275.18,0,0.32,,0.5,1.0,0.0,,0.03,737.53,0.0
4141-M4270476,APARTAMENTO,VENTA,20.37,63.0,1.0,2.0,500000.0,1.0,CENTRO Y ZONA COLONIAL,3,ENTRE 0 Y 5 ANOS,4.59,-74.07,USADO,,0,0,0,1,1,0,0,0,0,1,False,CANDELARIA,EGIPTO 2,Museo del Oro,963.04,0,PARQUE VECINAL DESARROLLO LOURDES,596.53,0,0.32,,1.0,0.5,0.0,,0.02,511.42,0.0
2147-M4198517,APARTAMENTO,VENTA,21.23,232.0,3.0,4.0,2100000.0,3.0,COUNTRY,6,ENTRE 0 Y 5 ANOS,4.72,-74.03,USADO,,0,0,0,0,0,1,0,0,0,1,False,USAQUEN,MONTEARROYO,Alcalá,2586.14,0,PARQUE VECINAL NUEVA URBANIZACIÓN EL CEDRITO,903.4,0,0.09,,1.0,0.75,0.0,,0.01,200.03,1.0
873-M4660577,APARTAMENTO,VENTA,21.09,189.0,3.0,4.0,1100000.0,2.0,SANTA BARBARA,6,MAS DE 20 ANOS,4.69,-74.04,USADO,,0,1,0,1,1,1,0,0,0,1,False,USAQUEN,MOLINOS NORTE,Calle 106,1653.39,0,PARQUE METROPOLITANO EL COUNTRY,1668.64,0,0.11,,0.67,0.75,0.0,,0.02,477.3,1.0
2266-M2443932,APARTAMENTO,VENTA,20.76,189.0,3.0,5.0,1280000.0,2.0,SANTA BARBARA,5,MAS DE 20 ANOS,4.7,-74.05,USADO,,0,0,0,0,0,0,0,0,0,0,False,USAQUEN,SANTA BARBARA OCCIDENTAL,Pepe Sierra,510.57,0,PARQUE ZONAL ATABANZA,1194.09,0,0.11,,0.67,0.6,0.0,,0.02,501.73,0.0
4969-M3496985,APARTAMENTO,VENTA,19.49,65.0,3.0,2.0,242000.0,1.0,ORQUIDEAS,3,ENTRE 10 Y 20 ANOS,4.76,-74.03,USADO,,0,0,0,0,1,1,0,0,0,1,False,USAQUEN,SAN JOSE DE USAQUEN,Portal Norte,1290.58,0,PARQUE VECINAL URBANIZACIÓN CALLE 170 / ALAMEDA,405.98,1,0.3,,0.33,1.5,0.0,,0.05,859.33,0.0
2748-M2559586,APARTAMENTO,VENTA,21.13,264.0,4.0,5.0,1300000.0,3.0,ALTOS DE SUBA Y CERROS DE SAN JORGE,6,ENTRE 5 Y 10 ANOS,4.73,-74.08,USADO,,1,1,0,1,1,1,1,0,0,1,False,SUBA,CASABLANCA SUBA - URB. VALPARAISO,21 Ángeles,542.97,0,PARQUE ZONAL EL TOMILLAR,843.54,0,0.08,,0.75,0.8,0.0,,0.02,1059.4,0.0
10278-M4027197,APARTAMENTO,VENTA,20.34,141.0,2.0,3.0,653000.0,2.0,CHICO,6,MAS DE 20 ANOS,4.68,-74.05,USADO,,0,0,0,0,1,1,0,0,0,1,False,CHAPINERO,S.C. CHICO NORTE III SECTOR,Calle 100 - Marketmedios,764.71,0,PARQUE VECINAL URBANIZACIÓN NORMANDIA I II II Y IV SECTOR,1002.19,0,0.14,,1.0,0.67,0.0,,0.01,195.86,3.0
2147-M3484510,APARTAMENTO,VENTA,20.57,178.0,3.0,4.0,1330000.0,2.0,SANTA BARBARA,5,MAS DE 20 ANOS,4.7,-74.05,USADO,,0,1,0,0,1,1,0,0,0,1,False,USAQUEN,SANTA BARBARA OCCIDENTAL,Calle 127,769.62,0,PARQUE METROPOLITANO EL COUNTRY,1212.43,0,0.12,,0.67,0.75,0.0,,0.02,317.01,1.0
2266-M2861821,APARTAMENTO,VENTA,20.33,114.0,3.0,3.0,650000.0,2.0,SANTA BARBARA,6,ENTRE 10 Y 20 ANOS,4.7,-74.05,USADO,,0,0,0,0,0,1,0,0,0,0,True,USAQUEN,SANTA BARBARA OCCIDENTAL,Calle 127,422.61,1,PARQUE ZONAL ATABANZA,1074.48,0,0.18,,0.67,1.0,0.0,,0.03,434.42,3.0
11203-M3638760,APARTAMENTO,VENTA,21.02,197.0,3.0,3.0,1075000.0,2.0,CERROS DE SUBA,6,ENTRE 10 Y 20 ANOS,4.72,-74.08,USADO,,0,0,0,0,1,1,0,0,0,1,False,SUBA,EL CEREZO Y SAN PEDRO,Suba - AV. Boyacá,874.38,0,PARQUE VECINAL AGRUPACIÓN DE VIVIENDA EN BALCON DE LINDARAJA,450.05,1,0.11,,0.67,1.0,0.0,,0.02,1332.53,0.0
2266-M4564687,APARTAMENTO,VENTA,20.71,157.0,4.0,5.0,952000.0,3.0,CEDRITOS,4,ENTRE 5 Y 10 ANOS,4.72,-74.04,USADO,,0,1,0,1,1,1,1,0,0,1,False,USAQUEN,CEDRO NARVAEZ,Alcalá,1729.43,0,PARQUE VECINAL NUEVA URBANIZACIÓN EL CEDRITO,334.73,1,0.13,,0.75,0.8,0.0,,0.03,274.37,1.0
3390-M4491094,APARTAMENTO,VENTA,21.06,147.1,3.0,3.0,1478000.0,2.0,SANTA BARBARA,6,MAS DE 20 ANOS,4.69,-74.03,USADO,,0,1,0,0,0,1,0,0,0,1,False,USAQUEN,SANTA ANA ORIENTAL,Calle 106,2960.39,0,PARQUE METROPOLITANO EL COUNTRY,2149.78,0,0.14,,0.67,1.0,0.0,,0.02,637.76,0.0
2162-M4695354,APARTAMENTO,VENTA,20.89,118.0,2.0,3.0,500000.0,1.0,CHICO,5,MAS DE 20 ANOS,4.66,-74.05,USADO,,0,0,0,0,1,0,0,0,0,1,False,CHAPINERO,S.C. EL NOGAL,Calle 76 - San Felipe,828.26,0,PARQUE ZONAL SAN ANDRÉS,405.07,1,0.18,,0.5,0.67,0.0,,0.02,496.83,1.0
2162-M4695351,APARTAMENTO,VENTA,20.89,118.0,2.0,3.0,500000.0,1.0,CHICO,5,REMODELADO,4.66,-74.05,USADO,,0,0,0,0,1,0,0,0,0,1,False,CHAPINERO,S.C. EL NOGAL,Calle 76 - San Felipe,828.26,0,PARQUE ZONAL SAN ANDRÉS,405.07,1,0.18,,0.5,0.67,0.0,,0.02,496.83,1.0
12374-M4274742,APARTAMENTO,VENTA,19.11,21.24,1.0,1.0,115000.0,0.0,CHAPINERO ALTO,3,ENTRE 0 Y 5 ANOS,4.65,-74.06,USADO,,1,0,0,1,1,1,0,0,0,1,True,CHAPINERO,S.C. CHAPINERO NORTE,Flores – Areandina,175.84,1,PARQUE ZONAL LA ESTACIÓN,1144.43,0,0.9,,0.0,1.0,0.0,,0.05,47.12,1.0
3390-M2715299,APARTAMENTO,VENTA,21.02,287.0,3.0,4.0,2160000.0,3.0,CHICO,6,MAS DE 20 ANOS,4.66,-74.05,USADO,,0,0,0,0,1,0,0,0,0,1,False,CHAPINERO,BOSQUE EL RETIRO I SECTOR,Héroes - Gel´Hada,1643.56,0,PARQUE ZONAL SAN ANDRÉS,663.01,0,0.07,,1.0,0.75,0.0,,0.01,802.26,0.0
3390-M3298180,APARTAMENTO,VENTA,20.93,130.0,3.0,3.0,1200000.0,2.0,CHICO,6,ENTRE 5 Y 10 ANOS,4.67,-74.05,USADO,,0,0,0,1,0,1,0,0,0,1,False,CHAPINERO,EL REFUGIO,Héroes - Gel´Hada,1675.99,0,PARQUE VECINAL URBANIZACIÓN LA CABRERA,715.37,0,0.16,,0.67,1.0,0.0,,0.02,711.81,0.0
2456-M2844071,APARTAMENTO,VENTA,20.29,112.0,3.0,3.0,420000.0,2.0,COLINA Y ALREDEDORES,5,ENTRE 10 Y 20 ANOS,4.73,-74.06,USADO,,0,0,0,1,1,1,0,0,0,1,False,SUBA,COLPATRIA SANTA HELENA II SECTOR,Calle 146,1119.56,0,PARQUE VECINAL URBANIZACIÓN LA LAGUNA,724.51,0,0.18,,0.67,1.0,0.0,,0.03,652.23,0.0
3604-M4199063,APARTAMENTO,VENTA,20.91,183.0,3.0,4.0,1150000.0,3.0,CHAPINERO,4,ENTRE 5 Y 10 ANOS,4.65,-74.07,USADO,,0,0,0,1,0,1,0,0,0,1,False,TEUSAQUILLO,SAN LUIS,Calle 57,433.19,1,PARQUE ESCENARIO DEPORTIVO EL CAMPINCITO - CEAD,992.52,0,0.11,,1.0,0.75,0.0,,0.02,658.39,0.0
3553-M4508160,APARTAMENTO,VENTA,20.09,90.0,3.0,2.0,615000.0,2.0,SANTA BARBARA,4,ENTRE 5 Y 10 ANOS,4.71,-74.03,USADO,,0,0,0,1,1,0,0,0,0,1,False,USAQUEN,SAN,Prado,3171.58,0,PARQUE METROPOLITANO EL COUNTRY,1442.11,0,0.22,,0.67,1.5,0.0,,0.03,930.16,0.0
2162-M4509160,APARTAMENTO,VENTA,21.49,290.0,4.0,5.0,1569000.0,3.0,SANTA BARBARA,6,ENTRE 10 Y 20 ANOS,4.69,-74.04,USADO,,1,0,0,1,1,0,0,0,0,1,False,USAQUEN,SANTA BARBARA CENTRAL III SECTOR,Pepe Sierra,2259.76,0,PARQUE METROPOLITANO EL COUNTRY,1254.26,0,0.07,,0.75,0.8,0.0,,0.01,389.19,5.0
11203-M4701203,APARTAMENTO,VENTA,20.7,180.0,3.0,4.0,1057000.0,3.0,SANTA BARBARA,6,MAS DE 20 ANOS,4.69,-74.04,USADO,,0,1,0,0,1,0,0,0,0,1,False,USAQUEN,MOLINOS NORTE,Calle 106,1794.22,0,PARQUE METROPOLITANO EL COUNTRY,1595.84,0,0.12,,1.0,0.75,0.0,,0.02,319.12,1.0
2731-M3683721,APARTAMENTO,VENTA,19.95,74.0,2.0,2.0,508000.0,2.0,NIZA ALHAMBRA,5,ENTRE 5 Y 10 ANOS,4.71,-74.06,USADO,,0,0,0,1,1,0,0,0,0,1,False,SUBA,EL BATAN,Calle 127,219.2,1,PARQUE ZONAL ATABANZA,491.69,1,0.27,,1.0,1.0,0.0,,0.03,373.02,5.0
2748-M3181070,APARTAMENTO,VENTA,20.82,270.0,3.0,4.0,732000.0,2.0,COUNTRY,6,MAS DE 20 ANOS,4.71,-74.04,USADO,,0,1,0,0,1,1,0,0,0,0,False,USAQUEN,LA_CAROLINA,Prado,1537.79,0,PARQUE METROPOLITANO EL COUNTRY,459.1,1,0.08,,0.67,0.75,0.0,,0.01,602.52,0.0
13873-M4734646,APARTAMENTO,VENTA,20.99,235.0,3.0,3.0,1300000.0,3.0,SANTA BARBARA,5,MAS DE 20 ANOS,4.7,-74.05,USADO,,0,1,0,0,1,0,0,0,0,1,False,USAQUEN,SANTA BARBARA OCCIDENTAL,Pepe Sierra,738.35,0,PARQUE METROPOLITANO EL COUNTRY,1255.13,0,0.09,,1.0,1.0,0.0,,0.01,252.86,2.0
898-M4267977,APARTAMENTO,VENTA,19.86,52.26,2.0,1.0,454800.0,1.0,CHICO,6,MAS DE 20 ANOS,4.68,-74.06,USADO,,0,1,0,0,1,0,0,0,0,1,False,CHAPINERO,S.C. CHICO NORTE III SECTOR,Calle 100 - Marketmedios,300.1,1,PARQUE VECINAL URBANIZACIÓN NORMANDIA I II II Y IV SECTOR,547.77,0,0.38,,0.5,2.0,0.0,,0.04,263.69,1.0
11633-M4638053,APARTAMENTO,VENTA,20.41,80.0,2.0,2.0,1180000.0,2.0,CHICO,6,MAS DE 20 ANOS,4.67,-74.04,USADO,,0,1,0,0,1,0,0,0,0,1,False,CHAPINERO,EL REFUGIO,Calle 85,1798.7,0,PARQUE VECINAL URBANIZACIÓN LA CABRERA,741.53,0,0.26,,1.0,1.0,0.0,,0.02,709.61,0.0
156-M4573512,APARTAMENTO,VENTA,19.52,79.5,3.0,2.0,348000.0,0.0,ALTOS DE SUBA Y CERROS DE SAN JORGE,3,MAS DE 20 ANOS,4.75,-74.09,USADO,,0,0,0,0,0,1,0,0,0,1,False,SUBA,VILLA SUSANA,La Campiña,444.74,1,PARQUE VECINAL URBANIZACIÓN VALLE DE REFOUS,442.86,1,0.25,,0.0,1.5,0.0,,0.04,926.93,0.0
717-M2460660,APARTAMENTO,VENTA,20.31,110.0,2.0,3.0,614000.0,2.0,SANTA BARBARA,6,ENTRE 10 Y 20 ANOS,4.7,-74.06,USADO,,0,0,0,0,1,1,0,0,0,1,False,USAQUEN,SAN PATRICIO,Pepe Sierra,255.63,1,PARQUE ZONAL CANAL CORDOBA,1230.0,0,0.18,,1.0,0.67,0.0,,0.02,603.2,0.0
156-M3785506,APARTAMENTO,VENTA,20.5,131.0,3.0,4.0,630000.0,2.0,COUNTRY,5,ENTRE 5 Y 10 ANOS,4.72,-74.04,USADO,,0,1,0,1,1,1,0,0,0,1,False,USAQUEN,EL CONTADOR,Alcalá,841.1,0,PARQUE VECINAL NUEVA URBANIZACIÓN EL CEDRITO,1288.13,0,0.16,,0.67,0.75,0.0,,0.02,342.18,1.0
3036-M2460927,APARTAMENTO,VENTA,19.34,52.0,3.0,1.0,110000.0,1.0,COLINA Y ALREDEDORES,4,ENTRE 5 Y 10 ANOS,4.74,-74.06,USADO,,0,0,0,1,0,1,0,0,0,1,False,SUBA,S.C. GILMAR,Calle 161,1515.05,0,PARQUE VECINAL DESARROLLO CANTALEJO URBANIZACIÓN CANTALEJO MANZANA B,472.77,1,0.37,,0.33,3.0,0.0,,0.06,1427.79,0.0
11203-M4067033,APARTAMENTO,VENTA,19.79,90.0,2.0,2.0,460000.0,1.0,CHAPINERO ALTO,3,MAS DE 20 ANOS,4.64,-74.06,USADO,,0,0,0,0,1,0,0,0,0,1,False,CHAPINERO,S.C. CHAPINERO CENTRAL,Calle 57,402.18,1,PARQUE ZONAL GUSTAVO URIBE BOTERO,1434.84,0,0.22,,0.5,1.0,0.0,,0.02,1162.22,0.0
3894-M3581254,APARTAMENTO,VENTA,19.49,81.0,2.0,2.0,50000.0,0.0,CHAPINERO,3,MAS DE 20 ANOS,4.65,-74.07,USADO,,0,0,0,0,0,0,0,0,0,1,False,BARRIOS UNIDOS,MUEQUETA,7 de Agosto,868.34,0,PARQUE ZONAL GIMNASIO DEL NORTE,477.91,1,0.24,,0.0,1.0,0.0,,0.02,930.59,0.0
3894-M4427503,APARTAMENTO,VENTA,19.67,123.0,3.0,2.0,180000.0,0.0,CENTRO Y ZONA COLONIAL,3,MAS DE 20 ANOS,4.61,-74.07,USADO,,0,0,0,0,0,1,0,0,0,1,False,SANTA FE,LA ALAMEDA,San Diego,278.37,1,PARQUE METROPOLITANO INDEPENDENCIA BICENTENARIO,618.17,0,0.16,,0.0,1.5,0.0,,0.02,433.98,4.0
290-M4661198,APARTAMENTO,VENTA,20.7,136.0,4.0,3.0,400000.0,2.0,FONTIBON TINTAL,4,ENTRE 10 Y 20 ANOS,4.65,-74.13,USADO,,0,0,0,1,1,1,0,0,0,1,False,FONTIBON,INTERINDUSTRIAL - EL VERGEL,Marsella,2224.37,0,PARQUE VECINAL VILLA ALSACIA,1049.81,0,0.15,,0.5,1.33,0.0,,0.03,301.19,3.0
252-M4706076,APARTAMENTO,VENTA,20.27,107.67,3.0,3.0,619000.0,2.0,COLINA Y ALREDEDORES,4,ENTRE 10 Y 20 ANOS,4.73,-74.06,USADO,,0,0,0,0,0,1,0,0,0,1,False,SUBA,EL PINAR,Mazurén,1081.82,0,PARQUE VECINAL URBANIZACIÓN LA LAGUNA,516.68,0,0.19,,0.67,1.0,0.0,,0.03,877.85,0.0
15695-M4557412,APARTAMENTO,VENTA,19.86,87.5,3.0,2.0,300000.0,1.0,ORQUIDEAS,3,ENTRE 5 Y 10 ANOS,4.76,-74.04,USADO,,0,0,0,0,1,1,0,0,0,1,False,USAQUEN,PORTAL DE LA URIBE,Calle 187,374.83,1,PARQUE VECINAL DESARROLLO VERBENAL I,244.28,1,0.23,,0.33,1.5,0.0,,0.03,482.92,1.0
717-M3783028,APARTAMENTO,VENTA,21.0,159.0,3.0,5.0,1030000.0,2.0,CHICO,6,ENTRE 5 Y 10 ANOS,4.66,-74.05,USADO,,0,1,0,1,1,1,1,0,0,1,False,CHAPINERO,EL REFUGIO,Héroes - Gel´Hada,1703.49,0,PARQUE ZONAL SAN ANDRÉS,734.02,0,0.13,,0.67,0.6,0.0,,0.02,838.72,0.0
13674-M4461337,APARTAMENTO,VENTA,21.02,220.0,3.0,4.0,1400000.0,3.0,ALTOS DE SUBA Y CERROS DE SAN JORGE,6,ENTRE 10 Y 20 ANOS,4.74,-74.07,USADO,,0,1,0,1,1,1,0,0,0,1,False,SUBA,CASABLANCA (HACIENDA),21 Ángeles,1290.97,0,PARQUE ZONAL EL TOMILLAR,318.39,1,0.1,,1.0,0.75,0.0,,0.01,1275.93,0.0
482-M4538011,APARTAMENTO,VENTA,19.68,42.0,1.0,2.0,321300.0,1.0,SANTA BARBARA,5,ENTRE 5 Y 10 ANOS,4.7,-74.03,USADO,,0,0,0,1,1,1,0,0,0,1,False,USAQUEN,SANTA BARBARA ORIENTAL,Calle 127,2439.68,0,PARQUE METROPOLITANO EL COUNTRY,718.4,0,0.47,,1.0,0.5,0.0,,0.02,668.44,0.0
3074-M4201337,APARTAMENTO,VENTA,19.38,50.0,2.0,1.0,304000.0,2.0,CEDRITOS,4,MAS DE 20 ANOS,4.73,-74.05,USADO,,0,1,0,0,0,0,0,0,0,1,False,USAQUEN,LOS CEDRITOS,Calle 142,152.31,1,PARQUE VECINAL PRADO PINZÓN,529.97,0,0.39,,1.0,2.0,0.0,,0.04,773.86,0.0
2748-M4645723,APARTAMENTO,VENTA,20.44,117.0,3.0,3.0,570000.0,2.0,NIZA ALHAMBRA,5,ENTRE 5 Y 10 ANOS,4.71,-74.07,USADO,,0,1,0,1,1,1,1,0,0,1,False,SUBA,BATAN LOTE NIZA XII,Humedal Córdoba,337.15,1,PARQUE ZONAL LOS LACHES LA MINA,590.44,0,0.17,,0.67,1.0,0.0,,0.03,589.27,0.0
2147-M4375202,APARTAMENTO,VENTA,19.41,30.0,1.0,1.0,190000.0,1.0,LA SOLEDAD,4,ENTRE 0 Y 5 ANOS,4.64,-74.07,USADO,,0,0,0,0,0,1,0,0,0,0,False,TEUSAQUILLO,QUESADA,Marly,240.18,1,PARQUE METROPOLITANO PARQUE NACIONAL (PM2A) ENRIQUE OLAYA HERRERA (SECTOR HISTORICO),1262.14,0,0.65,,1.0,1.0,0.0,,0.03,424.36,1.0
2592-M4603285,APARTAMENTO,VENTA,21.02,200.0,3.0,5.0,750000.0,3.0,SANTA BARBARA,6,ENTRE 10 Y 20 ANOS,4.69,-74.05,USADO,,0,1,0,1,1,1,0,0,0,0,False,USAQUEN,SAN PATRICIO,Calle 106,254.21,1,PARQUE ZONAL CANAL CORDOBA,1474.58,0,0.11,,1.0,0.6,0.0,,0.02,478.84,1.0
707-M4199127,APARTAMENTO,VENTA,21.59,339.0,4.0,5.0,1659000.0,3.0,COUNTRY,6,ENTRE 10 Y 20 ANOS,4.71,-74.03,USADO,,0,0,0,1,0,1,1,0,0,1,False,USAQUEN,BELLA SUIZA,Prado,2701.49,0,PARQUE METROPOLITANO EL COUNTRY,1097.94,0,0.06,,0.75,0.8,0.0,,0.01,442.46,1.0
3325-M3184100,APARTAMENTO,VENTA,19.49,59.0,3.0,2.0,60000.0,1.0,FONTIBON TINTAL,3,ENTRE 5 Y 10 ANOS,4.68,-74.14,USADO,,0,0,0,0,0,0,0,0,0,1,False,FONTIBON,VERACRUZ_II SECTOR,Portal El Dorado,1868.79,0,PARQUE VECINAL VILLA HELENA VILLEMAR,705.75,0,0.33,,0.33,1.5,0.0,,0.05,1695.22,0.0
384-M4545409,APARTAMENTO,VENTA,19.58,64.53,3.0,2.0,3921395.93,1.0,COLINA Y ALREDEDORES,3,MAS DE 20 ANOS,4.72,-74.06,USADO,,0,0,0,0,0,0,0,0,0,0,False,SUBA,S.C. PRADO VERANIEGO NORTE,Alcalá,809.69,0,PARQUE VECINAL PRADO PINZÓN,925.79,0,0.3,,0.33,1.5,0.0,,0.05,578.29,0.0
3390-M3780832,APARTAMENTO,VENTA,21.32,230.0,3.0,3.0,1484000.0,3.0,CHAPINERO ALTO,6,MAS DE 20 ANOS,4.65,-74.05,USADO,,0,0,0,1,0,1,0,0,0,1,False,CHAPINERO,S.C. LAS ACACIAS,Flores – Areandina,1238.72,0,PARQUE ZONAL GUSTAVO URIBE BOTERO,58.18,1,0.09,,1.0,1.0,0.0,,0.01,396.25,1.0
2238-M2522756,APARTAMENTO,VENTA,20.96,213.0,3.0,4.0,730000.0,2.0,SANTA BARBARA,6,ENTRE 10 Y 20 ANOS,4.7,-74.05,USADO,,0,0,0,0,1,0,0,0,0,1,False,USAQUEN,SANTA BARBARA OCCIDENTAL,Pepe Sierra,821.01,0,PARQUE METROPOLITANO EL COUNTRY,1244.08,0,0.1,,0.67,0.75,0.0,,0.01,56.19,3.0
11203-M3024044,APARTAMENTO,VENTA,21.72,334.0,3.0,3.0,1800000.0,4.0,CHICO,6,MAS DE 20 ANOS,4.66,-74.05,USADO,,0,1,0,0,1,1,0,0,0,1,False,CHAPINERO,S.C. EL NOGAL,Héroes - Gel´Hada,1106.14,0,PARQUE ZONAL SAN ANDRÉS,160.16,1,0.07,,1.33,1.0,0.0,,0.01,353.68,3.0
3436-M4505586,APARTAMENTO,VENTA,20.29,130.0,3.0,2.0,100000.0,1.0,ORQUIDEAS,4,MAS DE 20 ANOS,4.74,-74.02,USADO,,0,0,0,0,0,0,0,0,0,1,False,USAQUEN,SORATAMA,Toberin - Foundever,2959.41,0,PARQUE ZONAL SERVITA,499.35,1,0.16,,0.33,1.5,0.0,,0.02,1799.49,0.0
2359-M2505551,APARTAMENTO,VENTA,20.7,160.0,3.0,4.0,620000.0,2.0,CHICO,6,MAS DE 20 ANOS,4.66,-74.05,USADO,,0,1,0,0,1,1,1,0,0,1,False,CHAPINERO,LOS ROSALES,Calle 76 - San Felipe,1378.32,0,PARQUE ZONAL SAN ANDRÉS,742.85,0,0.13,,0.67,0.75,0.0,,0.02,684.21,0.0
3271-M4733630,APARTAMENTO,VENTA,20.49,119.0,3.0,3.0,670000.0,3.0,COUNTRY,6,ENTRE 10 Y 20 ANOS,4.71,-74.04,USADO,,0,1,0,1,1,1,0,0,0,1,False,USAQUEN,COUNTRY CLUB,Prado,2004.65,0,PARQUE METROPOLITANO EL COUNTRY,608.16,0,0.17,,1.0,1.0,0.0,,0.03,388.52,2.0
5537-M3089949,APARTAMENTO,VENTA,21.64,380.0,5.0,5.0,2200000.0,4.0,COUNTRY,6,MAS DE 20 ANOS,4.71,-74.04,USADO,,0,1,0,1,1,1,0,0,0,1,False,USAQUEN,LA_CAROLINA,Calle 127,1389.51,0,PARQUE METROPOLITANO EL COUNTRY,478.15,1,0.06,,0.8,1.0,0.0,,0.01,456.27,1.0
3390-M2722065,APARTAMENTO,VENTA,20.56,139.0,3.0,3.0,562900.0,2.0,SANTA BARBARA,6,MAS DE 20 ANOS,4.7,-74.04,USADO,,0,0,0,0,1,0,0,0,0,1,False,USAQUEN,SANTA BARBARA CENTRAL I SECTOR,Calle 127,1951.18,0,PARQUE METROPOLITANO EL COUNTRY,391.11,1,0.15,,0.67,1.0,0.0,,0.02,576.8,0.0
3390-M4131904,APARTAMENTO,VENTA,21.77,213.68,3.0,4.0,1641000.0,4.0,CHAPINERO ALTO,4,ENTRE 5 Y 10 ANOS,4.65,-74.06,USADO,,0,1,0,1,1,1,0,0,0,1,False,CHAPINERO,S.C. GRANADA,Calle 63,1081.99,0,PARQUE ZONAL GUSTAVO URIBE BOTERO,396.82,1,0.1,,1.33,0.75,0.0,,0.01,415.5,1.0
3390-M4558635,APARTAMENTO,VENTA,20.95,209.0,3.0,4.0,1800000.0,3.0,CHICO,6,MAS DE 20 ANOS,4.65,-74.05,USADO,,0,1,0,0,0,1,0,0,0,1,False,CHAPINERO,S.C. BELLAVISTA,Calle 72,1412.15,0,PARQUE ZONAL GUSTAVO URIBE BOTERO,355.11,1,0.1,,1.0,0.75,0.0,,0.01,626.99,0.0
13374-M4240551,APARTAMENTO,VENTA,21.25,232.0,3.0,4.0,2300000.0,3.0,COUNTRY,6,MAS DE 20 ANOS,4.72,-74.03,USADO,,0,1,0,1,1,1,0,0,0,1,False,USAQUEN,MONTEARROYO,Alcalá,2712.87,0,PARQUE VECINAL NUEVA URBANIZACIÓN EL CEDRITO,1035.6,0,0.09,,1.0,0.75,0.0,,0.01,223.66,1.0
13374-M4576325,APARTAMENTO,VENTA,20.29,78.0,3.0,2.0,306000.0,2.0,SALITRE MODELIA,4,ENTRE 0 Y 5 ANOS,4.65,-74.11,USADO,,0,0,0,1,1,1,1,0,0,1,False,TEUSAQUILLO,CIUDAD SALITRE SURORIENTAL,Salitre - El Greco,849.96,0,PARQUE ZONAL SAUZALITO,1037.16,0,0.26,,0.67,1.5,0.0,,0.04,610.58,0.0
2456-M4701640,APARTAMENTO,VENTA,20.49,160.0,4.0,4.0,450000.0,2.0,COLINA Y ALREDEDORES,5,ENTRE 10 Y 20 ANOS,4.74,-74.06,USADO,,0,1,0,1,1,1,1,0,0,1,False,SUBA,URB. LA SIRENA,Mazurén,1704.02,0,PARQUE VECINAL DESARROLLO CANTALEJO URBANIZACIÓN CANTALEJO MANZANA B,800.56,0,0.13,,0.5,1.0,0.0,,0.02,763.3,0.0
2748-M4734706,APARTAMENTO,VENTA,20.29,106.0,3.0,3.0,427000.0,2.0,NIZA ALHAMBRA,5,ENTRE 10 Y 20 ANOS,4.71,-74.07,USADO,,0,0,0,1,1,1,0,0,0,1,False,SUBA,BATAN LOTE NIZA XII,Humedal Córdoba,282.16,1,PARQUE ZONAL CANAL CORDOBA,574.93,0,0.19,,0.67,1.0,0.0,,0.03,727.83,0.0
2238-M4590938,APARTAMENTO,VENTA,20.7,180.0,2.0,3.0,1150000.0,2.0,NIZA ALHAMBRA,4,ENTRE 5 Y 10 ANOS,4.71,-74.08,USADO,,0,0,0,0,1,0,0,0,0,1,True,SUBA,NIZA SUR,Humedal Córdoba,989.88,0,PARQUE METROPOLITANO CEFE COMETAS,853.17,0,0.12,,1.0,0.67,0.0,,0.01,1087.23,0.0
2748-M3899657,APARTAMENTO,VENTA,20.27,102.0,3.0,2.0,380000.0,2.0,NIZA ALHAMBRA,5,ENTRE 10 Y 20 ANOS,4.71,-74.07,USADO,,0,0,0,1,1,1,0,0,0,1,False,SUBA,BATAN LOTE NIZA XII,Humedal Córdoba,282.16,1,PARQUE ZONAL CANAL CORDOBA,574.93,0,0.2,,0.67,1.5,0.0,,0.03,727.83,0.0
10312-M3615922,APARTAMENTO,VENTA,21.5,262.53,4.0,4.0,1680000.0,2.0,CHAPINERO ALTO,6,MAS DE 20 ANOS,4.65,-74.05,USADO,,0,1,0,1,1,1,0,0,0,1,False,CHAPINERO,S.C. LAS ACACIAS,Flores – Areandina,1302.65,0,PARQUE ZONAL GUSTAVO URIBE BOTERO,180.6,1,0.08,,0.5,1.0,0.0,,0.02,478.64,1.0
2993-M4014511,APARTAMENTO,VENTA,21.28,206.0,3.0,5.0,1500000.0,3.0,COUNTRY,6,ENTRE 5 Y 10 ANOS,4.71,-74.03,USADO,,0,1,0,1,1,1,0,0,0,1,False,USAQUEN,GINEBRA,Prado,2679.27,0,PARQUE METROPOLITANO EL COUNTRY,1284.22,0,0.1,,1.0,0.6,0.0,,0.01,387.0,1.0
3147-M4516839,APARTAMENTO,VENTA,19.64,63.0,2.0,2.0,350000.0,1.0,CEDRITOS,4,ENTRE 10 Y 20 ANOS,4.72,-74.04,USADO,,0,0,0,0,1,0,0,0,0,0,False,USAQUEN,ACACIAS USAQUEN,Calle 142,1367.79,0,PARQUE VECINAL NUEVA URBANIZACIÓN EL CEDRITO,558.21,0,0.31,,0.5,1.0,0.0,,0.03,601.87,0.0
5506-M4183838,APARTAMENTO,VENTA,20.1,89.42,3.0,2.0,374000.0,1.0,SALITRE MODELIA,4,MAS DE 20 ANOS,4.66,-74.11,USADO,,0,0,0,0,0,1,0,0,0,1,False,FONTIBON,CIUDAD SALITRE,AV. Rojas,480.76,1,PARQUE VECINAL CARLOS LLERAS (EL FUEGO),362.82,1,0.22,,0.33,1.5,0.0,,0.03,387.46,1.0
3553-M2907169,APARTAMENTO,VENTA,21.31,320.0,3.0,4.0,1700000.0,4.0,COUNTRY,6,ENTRE 10 Y 20 ANOS,4.7,-74.05,USADO,,0,0,0,0,1,0,0,0,0,1,False,USAQUEN,SANTA BARBARA OCCIDENTAL,Pepe Sierra,551.78,0,PARQUE ZONAL ATABANZA,1298.1,0,0.07,,1.33,0.75,0.0,,0.01,424.58,2.0
3702-M4082518,APARTAMENTO,VENTA,19.95,62.0,2.0,2.0,366000.0,1.0,CHAPINERO ALTO,4,MAS DE 20 ANOS,4.64,-74.06,USADO,,0,0,0,0,1,0,0,0,0,1,False,CHAPINERO,S.C. LA SALLE,Calle 57,588.12,0,PARQUE ZONAL GUSTAVO URIBE BOTERO,1159.8,0,0.32,,0.5,1.0,0.0,,0.03,958.29,0.0
3147-M4616089,APARTAMENTO,VENTA,20.11,83.9,2.0,2.0,611000.0,1.0,SANTA BARBARA,5,MAS DE 20 ANOS,4.71,-74.05,USADO,,0,0,0,0,1,0,0,0,0,0,False,USAQUEN,SANTA BARBARA OCCIDENTAL,Calle 127,570.95,0,PARQUE ZONAL ATABANZA,1079.44,0,0.24,,0.5,1.0,0.0,,0.02,361.16,5.0
2162-M3018983,APARTAMENTO,VENTA,20.2,128.0,3.0,3.0,845000.0,2.0,SANTA BARBARA,6,MAS DE 20 ANOS,4.69,-74.05,USADO,,0,0,0,0,1,1,0,0,0,1,False,USAQUEN,RINCON DEL CHICO,Calle 106,1362.07,0,PARQUE ZONAL CANAL EL VIRREY EL CHICO,1825.23,0,0.16,,0.67,1.0,0.0,,0.02,519.57,0.0
2469-M3916012,APARTAMENTO,VENTA,20.75,170.0,3.0,5.0,880000.0,2.0,CERROS DE SUBA,4,ENTRE 10 Y 20 ANOS,4.73,-74.08,USADO,,0,0,0,0,1,1,0,0,0,0,False,SUBA,NIZA SUBA - QUIMBAYA SAN CARLOS,Gratamira,159.46,1,PARQUE ZONAL EL TOMILLAR,1383.5,0,0.12,,0.67,0.6,0.0,,0.02,1125.35,0.0
2359-M3843780,APARTAMENTO,VENTA,20.95,160.0,3.0,5.0,890000.0,2.0,CEDRITOS,6,ENTRE 10 Y 20 ANOS,4.72,-74.03,USADO,,0,1,0,1,1,1,0,0,0,1,False,USAQUEN,LA CANADA,Alcalá,2832.98,0,PARQUE VECINAL NUEVA URBANIZACIÓN EL CEDRITO,1011.73,0,0.13,,0.67,0.6,0.0,,0.02,468.91,1.0
359-M4601050,APARTAMENTO,VENTA,20.2,105.0,3.0,2.0,510000.0,2.0,CEDRITOS,4,ENTRE 10 Y 20 ANOS,4.72,-74.04,USADO,,0,0,0,1,1,0,0,0,0,1,False,USAQUEN,LOS CEDRITOS,Calle 142,971.1,0,PARQUE VECINAL NUEVA URBANIZACIÓN EL CEDRITO,952.35,0,0.19,,0.67,1.5,0.0,,0.03,702.95,0.0
5483-M3780077,APARTAMENTO,VENTA,20.03,112.0,2.0,3.0,434000.0,1.0,SANTA BARBARA,6,MAS DE 20 ANOS,4.68,-74.04,USADO,,0,1,0,0,1,0,0,0,0,1,False,USAQUEN,RINCON DEL CHICO,Calle 100 - Marketmedios,1437.49,0,PARQUE ZONAL CANAL EL VIRREY EL CHICO,1630.15,0,0.18,,0.5,0.67,0.0,,0.02,368.16,2.0
523-M4738136,APARTAMENTO,VENTA,20.86,135.0,3.0,3.0,790000.0,2.0,SANTA BARBARA,6,ENTRE 10 Y 20 ANOS,4.7,-74.03,USADO,,0,1,0,1,1,1,1,0,0,1,False,USAQUEN,RESERVAS DE LA SIERRA - LA ARBOLEDA,Calle 127,2883.84,0,PARQUE METROPOLITANO EL COUNTRY,1173.96,0,0.15,,0.67,1.0,0.0,,0.02,659.31,0.0
16350-M4700532,APARTAMENTO,VENTA,19.32,53.0,2.0,1.0,3921395.93,1.0,ENGATIVA,3,ENTRE 5 Y 10 ANOS,4.7,-74.11,USADO,,0,0,0,0,0,0,0,0,0,1,False,ENGATIVA,SANTA ROSITA,Quirigua,409.29,1,PARQUE VECINAL FLORENCIA LOS TRONQUITOS AGRUPACIÓN DE VIVIENDA FLORENCIA II SECTOR,312.29,1,0.36,,0.5,2.0,0.0,,0.04,730.82,0.0
523-M4602722,APARTAMENTO,VENTA,21.12,150.0,3.0,4.0,1500000.0,2.0,SANTA BARBARA,6,ENTRE 0 Y 5 ANOS,4.7,-74.05,USADO,,0,1,0,1,0,1,0,0,0,1,True,USAQUEN,SANTA BARBARA OCCIDENTAL,Calle 127,166.88,1,PARQUE ZONAL ATABANZA,783.14,0,0.14,,0.67,0.75,0.0,,0.02,51.48,5.0
523-M4602767,APARTAMENTO,VENTA,20.5,120.0,3.0,3.0,444000.0,2.0,SANTA BARBARA,5,ENTRE 0 Y 5 ANOS,4.69,-74.04,USADO,,0,0,0,1,0,1,0,0,0,0,False,USAQUEN,SANTA ANA OCCIDENTAL,Calle 106,2381.67,0,PARQUE METROPOLITANO EL COUNTRY,2117.93,0,0.17,,0.67,1.0,0.0,,0.02,556.85,0.0
15747-M4451231,APARTAMENTO,VENTA,20.04,74.0,2.0,3.0,480000.0,2.0,SANTA BARBARA,5,ENTRE 5 Y 10 ANOS,4.7,-74.03,USADO,,0,1,0,1,1,1,0,0,0,1,False,USAQUEN,SANTA BARBARA ORIENTAL,Calle 127,2743.41,0,PARQUE METROPOLITANO EL COUNTRY,1037.92,0,0.27,,1.0,0.67,0.0,,0.03,591.9,0.0
2571-M4547610,APARTAMENTO,VENTA,19.06,54.0,3.0,2.0,120000.0,0.0,ALTOS DE SUBA Y CERROS DE SAN JORGE,3,ENTRE 5 Y 10 ANOS,4.75,-74.11,USADO,,0,0,0,1,1,1,0,0,0,1,False,SUBA,CONJUNTO RESIDENCIAL KUMARU,Portal Suba,1697.95,0,PARQUE ZONAL CEFE FONTANAR DEL RIO,433.88,1,0.35,,0.0,1.5,0.0,,0.06,1498.81,0.0
156-M4181887,APARTAMENTO,VENTA,19.09,60.0,3.0,2.0,120000.0,0.0,ALTOS DE SUBA Y CERROS DE SAN JORGE,3,ENTRE 10 Y 20 ANOS,4.74,-74.09,USADO,,0,0,0,0,0,1,0,0,0,1,False,SUBA,URB. EL BOSQUE DE SUBA,Suba - TV. 91,228.33,1,PARQUE ZONAL BELLAVISTA DINDALITO,271.22,1,0.32,,0.0,1.5,0.0,,0.05,1402.98,0.0
3390-M2707607,APARTAMENTO,VENTA,21.06,230.0,3.0,3.0,1168000.0,2.0,CHAPINERO ALTO,6,MAS DE 20 ANOS,4.65,-74.05,USADO,,0,0,0,1,1,0,0,0,0,1,False,CHAPINERO,S.C. INGEMAR ORIENTAL,Calle 63,1537.99,0,PARQUE ZONAL GUSTAVO URIBE BOTERO,457.66,1,0.09,,0.67,1.0,0.0,,0.01,816.52,0.0
5395-M4274775,APARTAMENTO,VENTA,21.12,152.0,3.0,5.0,630000.0,2.0,COUNTRY,5,ENTRE 0 Y 5 ANOS,4.72,-74.05,USADO,,0,1,0,1,1,1,0,0,0,1,False,USAQUEN,LA CALLEJA SANTACOLOMA,Prado,453.85,1,PARQUE VECINAL PRADO PINZÓN,1231.64,0,0.14,,0.67,0.6,0.0,,0.02,507.44,0.0
10312-M4297145,APARTAMENTO,VENTA,20.91,107.71,2.0,3.0,896000.0,2.0,SANTA BARBARA,6,ENTRE 0 Y 5 ANOS,4.7,-74.04,USADO,,0,0,0,0,1,1,0,0,0,1,False,USAQUEN,SANTA BARBARA OCCIDENTAL,Pepe Sierra,1257.73,0,PARQUE METROPOLITANO EL COUNTRY,904.33,0,0.19,,1.0,0.67,0.0,,0.02,422.39,1.0
3390-M4241431,APARTAMENTO,VENTA,21.34,206.0,3.0,4.0,1540000.0,3.0,COUNTRY,6,ENTRE 5 Y 10 ANOS,4.71,-74.05,USADO,,0,0,0,1,1,1,0,0,0,1,False,USAQUEN,LA CALLEJA,Calle 127,979.03,0,PARQUE METROPOLITANO EL COUNTRY,851.93,0,0.1,,1.0,0.75,0.0,,0.01,624.32,0.0
2592-M4701834,APARTAMENTO,VENTA,20.07,105.0,3.0,4.0,883000.0,2.0,SANTA BARBARA,6,MAS DE 20 ANOS,4.69,-74.04,USADO,,0,1,0,0,1,0,0,0,0,1,False,USAQUEN,RINCON DEL CHICO,Calle 100 - Marketmedios,1546.34,0,PARQUE ZONAL CANAL EL VIRREY EL CHICO,1789.91,0,0.19,,0.67,0.75,0.0,,0.03,492.73,1.0
10312-M4297508,APARTAMENTO,VENTA,21.33,219.0,3.0,4.0,1100000.0,3.0,CHAPINERO ALTO,5,ENTRE 5 Y 10 ANOS,4.64,-74.06,USADO,,0,1,0,1,1,1,0,0,0,1,False,CHAPINERO,SIBERIA - BOSQUE CALDERON TEJADA,Calle 57,991.19,0,PARQUE ZONAL GUSTAVO URIBE BOTERO,1455.04,0,0.1,,1.0,0.75,0.0,,0.01,1136.11,0.0
10312-M4413869,APARTAMENTO,VENTA,21.31,245.64,4.0,4.0,1440000.0,4.0,SANTA BARBARA,6,ENTRE 10 Y 20 ANOS,4.69,-74.06,USADO,,1,1,0,1,1,1,0,0,0,1,False,USAQUEN,SANTA BIBIANA,Calle 106,125.67,1,PARQUE ZONAL CANAL CORDOBA,1494.24,0,0.09,,1.0,1.0,0.0,,0.02,633.95,0.0
2748-M4696408,APARTAMENTO,VENTA,20.2,79.0,2.0,2.0,366000.0,2.0,COUNTRY,4,MAS DE 20 ANOS,4.72,-74.03,USADO,,0,1,0,0,0,0,0,0,0,1,False,USAQUEN,CEDRITOS,Alcalá,2306.06,0,PARQUE VECINAL NUEVA URBANIZACIÓN EL CEDRITO,808.71,0,0.26,,1.0,1.0,0.0,,0.03,249.15,1.0
2748-M3181040,APARTAMENTO,VENTA,20.21,106.0,3.0,3.0,330000.0,2.0,NIZA ALHAMBRA,5,ENTRE 10 Y 20 ANOS,4.7,-74.07,USADO,,0,0,0,1,1,1,0,0,0,1,False,SUBA,LAGOS DE CORDOBA,Humedal Córdoba,347.8,1,PARQUE ZONAL CANAL CORDOBA,532.86,0,0.19,,0.67,1.0,0.0,,0.03,833.37,0.0
2996-M4264486,APARTAMENTO,VENTA,21.0,122.84,3.0,3.0,646000.0,3.0,SANTA BARBARA,6,ENTRE 0 Y 5 ANOS,4.69,-74.05,USADO,,0,0,0,0,1,0,0,0,0,0,False,USAQUEN,SAN PATRICIO,Calle 106,473.91,1,PARQUE ZONAL CANAL CORDOBA,1700.95,0,0.17,,1.0,1.0,0.0,,0.02,301.62,2.0
272-M4589280,APARTAMENTO,VENTA,19.01,47.32,3.0,1.0,123000.0,0.0,170 Y ALREDORES,3,MAS DE 20 ANOS,4.76,-74.1,USADO,,0,0,0,0,0,1,0,0,0,1,False,SUBA,S.C TUNA BAJA,Portal Suba,1211.42,0,PARQUE VECINAL URBANIZACIÓN VALLE DE REFOUS,1203.35,0,0.4,,0.0,3.0,0.0,,0.06,922.02,0.0
2996-M4642029,APARTAMENTO,VENTA,20.35,130.0,3.0,4.0,650000.0,1.0,SANTA BARBARA,6,MAS DE 20 ANOS,4.7,-74.05,USADO,,0,0,0,0,1,0,0,0,0,0,True,USAQUEN,SANTA BARBARA OCCIDENTAL,Calle 127,827.72,0,PARQUE METROPOLITANO EL COUNTRY,1099.46,0,0.16,,0.33,0.75,0.0,,0.02,345.53,1.0
10139-M3221443,APARTAMENTO,VENTA,19.92,85.0,2.0,2.0,702000.0,1.0,SANTA BARBARA,6,REMODELADO,4.7,-74.04,USADO,,0,0,0,0,1,1,0,0,0,1,False,USAQUEN,SANTA BARBARA CENTRAL II SECTOR,Pepe Sierra,1786.7,0,PARQUE METROPOLITANO EL COUNTRY,1021.68,0,0.23,,0.5,1.0,0.0,,0.02,587.42,0.0
10139-M4343016,APARTAMENTO,VENTA,20.0,77.2,3.0,2.0,367000.0,1.0,COLINA Y ALREDEDORES,4,ENTRE 5 Y 10 ANOS,4.74,-74.06,USADO,,0,0,0,1,1,1,1,0,0,1,False,SUBA,CAMPOS DE SILENCIO,Calle 161,933.85,0,PARQUE VECINAL DESARROLLO CANTALEJO URBANIZACIÓN CANTALEJO MANZANA B,136.43,1,0.26,,0.33,1.5,0.0,,0.04,1551.54,0.0
10139-M2490120,APARTAMENTO,VENTA,20.62,134.0,3.0,4.0,930000.0,2.0,CHICO,6,MAS DE 20 ANOS,4.67,-74.05,USADO,,0,1,0,0,1,1,0,0,0,1,False,CHAPINERO,S.C. EL CHICO,Calle 85,1341.39,0,PARQUE VECINAL URBANIZACIÓN LA CABRERA,323.01,1,0.15,,0.67,0.75,0.0,,0.02,245.07,1.0
10139-M4292564,APARTAMENTO,VENTA,20.82,135.0,3.0,3.0,782000.0,2.0,COUNTRY,5,ENTRE 0 Y 5 ANOS,4.72,-74.05,USADO,,0,0,0,1,1,1,1,0,0,1,False,USAQUEN,LA CALLEJA SANTACOLOMA,Prado,581.51,0,PARQUE VECINAL PRADO PINZÓN,1246.06,0,0.15,,0.67,1.0,0.0,,0.02,419.46,1.0
10139-M3975986,APARTAMENTO,VENTA,20.16,78.0,2.0,3.0,440000.0,2.0,SANTA BARBARA,5,ENTRE 0 Y 5 ANOS,4.69,-74.05,USADO,,0,0,0,1,1,1,0,0,0,1,False,USAQUEN,RINCON DEL CHICO,Calle 106,1218.76,0,PARQUE METROPOLITANO EL COUNTRY,1867.7,0,0.26,,1.0,0.67,0.0,,0.03,540.36,0.0
2120-M3644694,APARTAMENTO,VENTA,21.51,220.0,3.0,5.0,1400000.0,2.0,CHICO,6,REMODELADO,4.67,-74.05,USADO,,0,1,0,1,1,1,0,0,0,1,False,CHAPINERO,LA CABRERA,Héroes - Gel´Hada,1528.31,0,PARQUE VECINAL URBANIZACIÓN LA CABRERA,528.81,0,0.1,,0.67,0.6,0.0,,0.01,524.96,0.0
2748-M4706040,APARTAMENTO,VENTA,21.16,138.0,3.0,3.0,1000000.0,2.0,CHICO,6,REMODELADO,4.67,-74.05,USADO,,0,1,0,0,1,1,0,0,0,1,False,CHAPINERO,LA CABRERA,Calle 85,1009.53,0,PARQUE VECINAL URBANIZACIÓN LA CABRERA,75.87,1,0.15,,0.67,1.0,0.0,,0.02,100.86,6.0
720-M4612378,APARTAMENTO,VENTA,21.01,166.35,2.0,4.0,1591600.0,2.0,CHICO,5,MAS DE 20 ANOS,4.67,-74.06,USADO,,0,1,0,0,1,0,0,0,0,1,False,CHAPINERO,S.C. ANTIGUO COUNTRY,Calle 85,381.75,1,PARQUE ZONAL CANAL EL VIRREY EL CHICO,281.35,1,0.13,,1.0,0.5,0.0,,0.01,251.96,3.0
13674-M4460988,APARTAMENTO,VENTA,20.56,134.0,3.0,3.0,240000.0,2.0,SANTA BARBARA,6,MAS DE 20 ANOS,4.7,-74.05,USADO,,0,0,0,0,0,0,0,0,0,1,False,USAQUEN,SANTA BARBARA OCCIDENTAL,Pepe Sierra,915.17,0,PARQUE METROPOLITANO EL COUNTRY,1092.46,0,0.15,,0.67,1.0,0.0,,0.02,227.15,1.0
2162-M3837480,APARTAMENTO,VENTA,21.71,272.0,3.0,4.0,1789000.0,3.0,SANTA BARBARA,6,REMODELADO,4.69,-74.03,USADO,,1,1,0,0,1,1,0,0,0,1,False,USAQUEN,SANTA ANA ORIENTAL,Calle 106,3386.95,0,PARQUE METROPOLITANO EL COUNTRY,2387.56,0,0.08,,1.0,0.75,0.0,,0.01,900.86,0.0
16297-M4622596,APARTAMENTO,VENTA,20.07,108.0,3.0,3.0,450000.0,2.0,CEDRITOS,4,ENTRE 10 Y 20 ANOS,4.74,-74.04,USADO,,0,1,0,1,1,1,0,0,0,1,False,USAQUEN,VILLAS DEL MEDITERRANEO,Calle 161,1265.49,0,PARQUE ZONAL LA VIDA,157.96,1,0.19,,0.67,1.0,0.0,,0.03,953.39,0.0
359-M4611386,APARTAMENTO,VENTA,19.25,32.0,1.0,1.0,277000.0,0.0,CHAPINERO,4,MAS DE 20 ANOS,4.65,-74.07,USADO,,0,0,0,0,1,0,0,0,0,1,False,TEUSAQUILLO,SAN LUIS,Calle 63,620.76,0,PARQUE ESCENARIO DEPORTIVO EL CAMPINCITO - CEAD,868.12,0,0.6,,0.0,1.0,0.0,,0.03,668.66,0.0
5483-M4659682,APARTAMENTO,VENTA,19.42,64.0,3.0,2.0,255000.0,1.0,ORQUIDEAS,3,MAS DE 20 ANOS,4.75,-74.03,USADO,,0,0,0,1,1,1,0,0,0,1,False,USAQUEN,VILLAS DE ARANJUEZ,Toberin - Foundever,1682.1,0,PARQUE VECINAL URBANIZACIÓN TOBERIN,891.41,0,0.3,,0.33,1.5,0.0,,0.05,501.53,0.0
13674-M3694437,APARTAMENTO,VENTA,20.71,86.75,3.0,3.0,3921395.93,2.0,SANTA BARBARA,5,ENTRE 0 Y 5 ANOS,4.7,-74.05,USADO,,0,1,0,0,0,0,0,0,0,1,False,USAQUEN,SANTA BARBARA OCCIDENTAL,Pepe Sierra,353.38,1,PARQUE ZONAL ATABANZA,1046.42,0,0.24,,0.67,1.0,0.0,,0.03,475.25,3.0
3340-M4426908,APARTAMENTO,VENTA,20.7,210.0,4.0,4.0,1100000.0,4.0,NIZA ALHAMBRA,5,MAS DE 20 ANOS,4.69,-74.06,USADO,,0,1,0,0,1,0,0,0,0,1,False,SUBA,S.C. PASADENA,Suba - Calle 100,394.31,1,PARQUE ZONAL CANAL RIO NEGRO,1277.65,0,0.1,,1.0,1.0,0.0,,0.02,349.77,1.0
3340-M3655391,APARTAMENTO,VENTA,20.1,73.33,2.0,3.0,778000.0,2.0,SANTA BARBARA,6,ENTRE 5 Y 10 ANOS,4.7,-74.05,USADO,,0,1,0,0,1,0,0,0,0,1,False,USAQUEN,SANTA BARBARA OCCIDENTAL,Calle 127,1056.99,0,PARQUE METROPOLITANO EL COUNTRY,781.23,0,0.27,,1.0,0.67,0.0,,0.03,372.5,1.0
512-M4321846,APARTAMENTO,VENTA,20.14,78.0,3.0,2.0,500000.0,1.0,SALITRE MODELIA,4,ENTRE 10 Y 20 ANOS,4.64,-74.11,USADO,,0,0,0,1,1,1,0,0,0,1,False,TEUSAQUILLO,CIUDAD SALITRE SURORIENTAL,CAN,935.03,0,PARQUE METROPOLITANO PARQUE CENTRAL SIMÓN BOLÍVAR,1041.59,0,0.26,,0.33,1.5,0.0,,0.04,749.17,0.0
12494-M4623091,APARTAMENTO,VENTA,21.28,155.0,3.0,3.0,2014000.0,2.0,CHICO,6,ENTRE 5 Y 10 ANOS,4.68,-74.05,USADO,,0,1,0,0,1,1,0,0,0,1,False,CHAPINERO,S.C. CHICO NORTE,Virrey,1549.05,0,PARQUE VECINAL URBANIZACIÓN LA CABRERA,968.08,0,0.14,,0.67,1.0,0.0,,0.02,357.25,1.0
770-M3992302,APARTAMENTO,VENTA,20.99,204.0,4.0,4.0,1500000.0,3.0,SANTA BARBARA,6,MAS DE 20 ANOS,4.69,-74.04,USADO,,0,1,0,1,1,1,0,0,0,1,False,USAQUEN,SANTA BARBARA CENTRAL I Y II,Calle 106,1651.6,0,PARQUE METROPOLITANO EL COUNTRY,1537.87,0,0.1,,0.75,1.0,0.0,,0.02,453.29,1.0
2456-M3031794,APARTAMENTO,VENTA,20.86,197.0,3.0,5.0,570000.0,2.0,COLINA Y ALREDEDORES,5,ENTRE 5 Y 10 ANOS,4.74,-74.07,USADO,,1,1,0,1,1,1,1,0,0,1,False,SUBA,S.C. GILMAR - LA SIRENA (PREDIO),21 Ángeles,1724.23,0,PARQUE ZONAL EL TOMILLAR,689.48,0,0.11,,0.67,0.6,0.0,,0.02,1206.22,0.0
2456-M3031787,APARTAMENTO,VENTA,20.2,108.0,3.0,3.0,410000.0,2.0,COLINA Y ALREDEDORES,4,ENTRE 5 Y 10 ANOS,4.73,-74.06,USADO,,0,1,0,1,1,1,0,0,0,1,False,SUBA,EL PINAR,Calle 146,911.65,0,PARQUE VECINAL URBANIZACIÓN LA LAGUNA,399.68,1,0.19,,0.67,1.0,0.0,,0.03,991.87,0.0
2731-M4512615,APARTAMENTO,VENTA,19.95,71.0,3.0,2.0,405900.0,1.0,NIZA ALHAMBRA,5,REMODELADO,4.7,-74.06,USADO,,0,0,0,0,0,0,0,0,0,1,False,SUBA,S.C. PASADENA,Calle 106,622.66,0,PARQUE ZONAL CANAL CORDOBA,852.91,0,0.28,,0.33,1.5,0.0,,0.04,826.5,0.0
2731-M4512755,APARTAMENTO,VENTA,19.86,58.0,2.0,2.0,379500.0,1.0,CHICO,6,REMODELADO,4.65,-74.05,USADO,,0,0,0,0,1,0,0,0,0,1,False,CHAPINERO,S.C. BELLAVISTA,Calle 72,1412.49,0,PARQUE ZONAL GUSTAVO URIBE BOTERO,371.15,1,0.34,,0.5,1.0,0.0,,0.03,636.35,0.0
3437-M4148780,APARTAMENTO,VENTA,20.34,170.0,4.0,2.0,398000.0,1.0,CHAPINERO ALTO,4,MAS DE 20 ANOS,4.64,-74.06,USADO,,0,0,0,0,1,0,0,0,0,1,False,CHAPINERO,S.C. BOSQUE CALDERON,Calle 57,429.74,1,PARQUE ZONAL GUSTAVO URIBE BOTERO,1510.84,0,0.12,,0.25,2.0,0.0,,0.02,1057.74,0.0
770-M4199629,APARTAMENTO,VENTA,20.61,115.0,3.0,3.0,850000.0,2.0,SANTA BARBARA,6,ENTRE 5 Y 10 ANOS,4.69,-74.05,USADO,,0,0,0,0,1,0,0,0,0,1,False,USAQUEN,SAN PATRICIO,Calle 106,442.28,1,PARQUE ZONAL CANAL CORDOBA,1666.75,0,0.18,,0.67,1.0,0.0,,0.03,317.74,1.0
3491-M4660062,APARTAMENTO,VENTA,19.78,90.0,3.0,3.0,282000.0,1.0,CEDRITOS,4,MAS DE 20 ANOS,4.73,-74.03,USADO,,0,0,0,0,1,1,0,0,0,1,False,USAQUEN,CEDRO SALAZAR,Calle 146,2054.23,0,PARQUE ZONAL ALTA BLANCA,638.31,0,0.22,,0.33,1.0,0.0,,0.03,165.18,1.0
2428-M4556826,APARTAMENTO,VENTA,20.7,130.0,3.0,3.0,634000.0,2.0,COUNTRY,5,ENTRE 0 Y 5 ANOS,4.71,-74.05,USADO,,0,0,0,0,1,1,0,0,0,1,False,USAQUEN,,Prado,498.81,1,PARQUE ZONAL ATABANZA,1154.13,0,0.16,,0.67,1.0,0.0,,0.02,785.43,0.0
2974-M4074232,APARTAMENTO,VENTA,20.56,161.49,2.0,2.0,500000.0,2.0,SANTA BARBARA,6,MAS DE 20 ANOS,4.69,-74.05,USADO,,0,0,0,0,0,1,0,0,0,1,False,USAQUEN,RINCON DEL CHICO,Calle 106,1232.6,0,PARQUE METROPOLITANO EL COUNTRY,1855.67,0,0.13,,1.0,1.0,0.0,,0.01,541.69,0.0
2974-M3798980,APARTAMENTO,VENTA,20.04,103.0,3.0,3.0,407000.0,2.0,CEDRITOS,4,ENTRE 5 Y 10 ANOS,4.73,-74.03,USADO,,0,0,0,1,1,1,0,0,0,0,False,USAQUEN,CAOBOS SALAZAR,Mazurén,1841.82,0,PARQUE ZONAL ALTA BLANCA,572.1,0,0.19,,0.67,1.0,0.0,,0.03,137.42,1.0
2974-M3813080,APARTAMENTO,VENTA,19.77,71.0,2.0,2.0,3921395.93,1.0,CEDRITOS,4,MAS DE 20 ANOS,4.73,-74.05,USADO,,0,0,0,0,1,1,0,0,0,0,False,USAQUEN,LOS CAOBOS,Calle 146,383.54,1,PARQUE VECINAL PRADO PINZÓN,892.98,0,0.28,,0.5,1.0,0.0,,0.03,1021.36,0.0
2974-M4130212,APARTAMENTO,VENTA,19.86,76.43,3.0,2.0,441000.0,1.0,COLINA Y ALREDEDORES,4,ENTRE 5 Y 10 ANOS,4.74,-74.06,USADO,,0,0,0,0,1,1,0,0,0,1,False,SUBA,URB. CARIMAGUA II,Calle 161,1282.36,0,PARQUE VECINAL DESARROLLO CANTALEJO URBANIZACIÓN CANTALEJO MANZANA B,312.83,1,0.26,,0.33,1.5,0.0,,0.04,1175.76,0.0
5105-M4081271,APARTAMENTO,VENTA,20.6,200.0,4.0,5.0,690000.0,2.0,COLINA Y ALREDEDORES,4,ENTRE 10 Y 20 ANOS,4.74,-74.07,USADO,,1,1,0,1,1,0,1,0,0,1,False,SUBA,CASABLANCA (HACIENDA),21 Ángeles,1619.65,0,PARQUE ZONAL EL TOMILLAR,655.93,0,0.1,,0.5,0.8,0.0,,0.02,802.97,0.0
14176-M4415345,APARTAMENTO,VENTA,20.6,162.0,3.0,4.0,560000.0,2.0,SALITRE MODELIA,4,ENTRE 10 Y 20 ANOS,4.65,-74.11,USADO,,0,1,0,1,0,1,1,0,0,1,False,FONTIBON,CIUDAD SALITRE 3 A. ETAPA,Salitre - El Greco,965.84,0,PARQUE ZONAL SAUZALITO,625.79,0,0.13,,0.67,0.75,0.0,,0.02,460.23,2.0
14193-M4603030,APARTAMENTO,VENTA,20.55,110.0,3.0,3.0,600000.0,2.0,SANTA BARBARA,5,ENTRE 0 Y 5 ANOS,4.7,-74.03,USADO,,0,0,0,1,1,0,0,0,0,1,False,USAQUEN,SANTA BARBARA ORIENTAL,Calle 127,2743.26,0,PARQUE METROPOLITANO EL COUNTRY,1027.78,0,0.19,,0.67,1.0,0.0,,0.03,639.45,0.0
2993-M3841616,APARTAMENTO,VENTA,21.56,273.0,3.0,5.0,2087000.0,3.0,CHICO,6,ENTRE 5 Y 10 ANOS,4.68,-74.04,USADO,,0,1,0,0,1,0,0,0,0,0,False,CHAPINERO,CHICO RESERVADO,Calle 100 - Marketmedios,1968.62,0,PARQUE VECINAL URBANIZACIÓN LA CABRERA,1303.66,0,0.08,,1.0,0.6,0.0,,0.01,399.87,1.0
3252-M2842434,APARTAMENTO,VENTA,21.47,275.0,3.0,4.0,1700000.0,2.0,CHICO,6,MAS DE 20 ANOS,4.66,-74.05,USADO,,0,1,0,0,1,0,0,0,0,1,False,CHAPINERO,S.C. EL NOGAL,Calle 76 - San Felipe,916.57,0,PARQUE ZONAL SAN ANDRÉS,330.98,1,0.08,,0.67,0.75,0.0,,0.01,496.36,2.0
523-M4738175,APARTAMENTO,VENTA,20.86,135.0,3.0,3.0,790000.0,2.0,SANTA BARBARA,6,ENTRE 10 Y 20 ANOS,4.7,-74.03,USADO,,0,1,0,1,1,1,1,0,0,1,False,USAQUEN,RESERVAS DE LA SIERRA - LA ARBOLEDA,Calle 127,2883.84,0,PARQUE METROPOLITANO EL COUNTRY,1173.96,0,0.15,,0.67,1.0,0.0,,0.02,659.31,0.0
2748-M4734663,APARTAMENTO,VENTA,20.29,98.0,3.0,3.0,391500.0,2.0,NIZA ALHAMBRA,5,ENTRE 10 Y 20 ANOS,4.71,-74.07,USADO,,0,1,0,1,1,1,0,0,0,1,False,SUBA,BATAN LOTE NIZA XII,Humedal Córdoba,282.16,1,PARQUE ZONAL CANAL CORDOBA,574.93,0,0.21,,0.67,1.0,0.0,,0.03,727.83,0.0
2748-M3352046,APARTAMENTO,VENTA,20.8,175.0,4.0,4.0,850000.0,2.0,NIZA ALHAMBRA,5,REMODELADO,4.7,-74.07,USADO,,1,0,0,1,1,1,1,0,0,1,False,SUBA,URB. LAGOS DE CORDOBA,Suba - Calle 116,250.31,1,PARQUE ZONAL CANAL CORDOBA,453.66,1,0.12,,0.5,1.0,0.0,,0.02,852.2,0.0
754-M3210687,APARTAMENTO,VENTA,21.13,287.0,3.0,4.0,2700000.0,3.0,CHICO,6,MAS DE 20 ANOS,4.66,-74.04,USADO,,0,1,0,0,1,1,0,0,0,1,False,CHAPINERO,EL REFUGIO,Héroes - Gel´Hada,1802.99,0,PARQUE ZONAL SAN ANDRÉS,835.9,0,0.07,,1.0,0.75,0.0,,0.01,912.3,0.0
754-M4145607,APARTAMENTO,VENTA,20.91,115.0,3.0,3.0,800000.0,2.0,CHICO,6,ENTRE 10 Y 20 ANOS,4.68,-74.05,USADO,,0,0,0,1,1,1,1,0,0,1,False,CHAPINERO,CHICO RESERVADO II SECTOR,Calle 100 - Marketmedios,1044.1,0,PARQUE ZONAL CANAL EL VIRREY EL CHICO,1091.92,0,0.18,,0.67,1.0,0.0,,0.03,239.55,3.0
2748-M2658772,APARTAMENTO,VENTA,20.71,134.0,3.0,3.0,600000.0,2.0,COUNTRY,5,ENTRE 0 Y 5 ANOS,4.71,-74.05,USADO,,0,1,0,1,0,1,1,0,0,1,False,USAQUEN,PINAR DE LA CALLEJA,Prado,447.6,1,PARQUE ZONAL ATABANZA,1133.29,0,0.15,,0.67,1.0,0.0,,0.02,802.28,0.0
16556-M4694840,APARTAMENTO,VENTA,19.52,73.0,3.0,2.0,319000.0,1.0,COLINA Y ALREDEDORES,4,ENTRE 10 Y 20 ANOS,4.75,-74.06,USADO,,0,0,0,0,1,1,0,0,0,1,False,SUBA,,Toberin - Foundever,1241.93,0,PARQUE ZONAL SAN JOSÉ DE BAVARIA,801.77,0,0.27,,0.33,1.5,0.0,,0.04,1806.9,0.0
5545-M4071874,APARTAMENTO,VENTA,19.79,37.0,1.0,1.0,380000.0,1.0,SANTA BARBARA,6,ENTRE 0 Y 5 ANOS,4.7,-74.05,USADO,,0,0,0,0,1,0,0,0,0,0,False,USAQUEN,SANTA BARBARA OCCIDENTAL,Pepe Sierra,1080.8,0,PARQUE METROPOLITANO EL COUNTRY,988.99,0,0.53,,1.0,1.0,0.0,,0.03,271.37,1.0
5537-M4644046,APARTAMENTO,VENTA,20.35,105.0,3.0,3.0,684000.0,2.0,COUNTRY,5,ENTRE 10 Y 20 ANOS,4.71,-74.05,USADO,,0,1,0,0,1,1,0,0,0,1,False,USAQUEN,COUNTRY CLUB,Prado,654.6,0,PARQUE ZONAL ATABANZA,1299.7,0,0.19,,0.67,1.0,0.0,,0.03,837.51,0.0
5545-M4451140,APARTAMENTO,VENTA,20.26,112.0,3.0,2.0,360000.0,2.0,COLINA Y ALREDEDORES,5,ENTRE 10 Y 20 ANOS,4.74,-74.06,USADO,,1,1,0,1,1,1,1,0,0,1,False,SUBA,URB. LA SIRENA,Gratamira,1574.42,0,PARQUE ZONAL EL TOMILLAR,976.08,0,0.18,,0.67,1.5,0.0,,0.03,537.93,0.0
10312-M3227424,APARTAMENTO,VENTA,21.68,245.53,3.0,4.0,2550565.0,3.0,CHICO,6,ENTRE 5 Y 10 ANOS,4.66,-74.05,USADO,,0,1,0,1,1,1,0,0,0,1,False,CHAPINERO,LOS ROSALES,Héroes - Gel´Hada,1770.31,0,PARQUE ZONAL SAN ANDRÉS,791.86,0,0.09,,1.0,0.75,0.0,,0.01,914.62,0.0
2821-M4135696,APARTAMENTO,VENTA,20.34,146.4,4.0,4.0,756000.0,2.0,CHICO,6,MAS DE 20 ANOS,4.68,-74.05,USADO,,0,0,0,0,1,0,0,0,0,1,False,CHAPINERO,S.C. CHICO NORTE III SECTOR,Calle 100 - Marketmedios,788.22,0,PARQUE VECINAL URBANIZACIÓN NORMANDIA I II II Y IV SECTOR,1000.15,0,0.14,,0.5,1.0,0.0,,0.03,218.7,3.0
2996-M4133108,APARTAMENTO,VENTA,20.09,62.0,2.0,2.0,511000.0,1.0,CHICO,6,ENTRE 10 Y 20 ANOS,4.68,-74.06,USADO,,0,0,0,1,1,0,1,0,0,0,False,CHAPINERO,S.C. CHICO NORTE III SECTOR,Calle 100 - Marketmedios,299.97,1,PARQUE VECINAL URBANIZACIÓN NORMANDIA I II II Y IV SECTOR,904.3,0,0.32,,0.5,1.0,0.0,,0.03,437.07,1.0
717-M3223796,APARTAMENTO,VENTA,20.29,112.0,3.0,3.0,400900.0,2.0,COLINA Y ALREDEDORES,4,ENTRE 5 Y 10 ANOS,4.74,-74.06,USADO,,0,1,0,1,1,1,0,0,0,1,False,SUBA,URB. LA SIRENA,Mazurén,1432.59,0,PARQUE VECINAL DESARROLLO CANTALEJO URBANIZACIÓN CANTALEJO MANZANA B,504.99,0,0.18,,0.67,1.0,0.0,,0.03,988.26,0.0
9894-M4530102,APARTAMENTO,VENTA,20.13,101.0,2.0,3.0,542000.0,2.0,NIZA ALHAMBRA,5,ENTRE 10 Y 20 ANOS,4.7,-74.06,USADO,,0,1,0,0,1,1,0,0,0,1,False,SUBA,EL BATAN,Calle 127,258.36,1,PARQUE ZONAL ATABANZA,634.27,0,0.2,,1.0,0.67,0.0,,0.02,428.32,3.0
9894-M4058279,APARTAMENTO,VENTA,20.35,100.0,3.0,3.0,380000.0,2.0,COUNTRY,5,ENTRE 0 Y 5 ANOS,4.71,-74.03,USADO,,0,1,0,1,1,1,0,0,0,1,False,USAQUEN,LISBOA_,Alcalá,2433.2,0,PARQUE VECINAL NUEVA URBANIZACIÓN EL CEDRITO,1010.95,0,0.2,,0.67,1.0,0.0,,0.03,144.61,2.0
156-M4578798,APARTAMENTO,VENTA,20.37,110.0,3.0,3.0,530000.0,1.0,CEDRITOS,4,ENTRE 5 Y 10 ANOS,4.73,-74.04,USADO,,0,0,0,1,1,1,0,0,0,1,False,USAQUEN,CAOBOS SALAZAR,Calle 146,1155.95,0,PARQUE VECINAL NUEVA URBANIZACIÓN EL CEDRITO,891.98,0,0.19,,0.33,1.0,0.0,,0.03,803.6,0.0
9894-M4589852,APARTAMENTO,VENTA,20.13,72.0,2.0,2.0,580000.0,2.0,SANTA BARBARA,5,ENTRE 10 Y 20 ANOS,4.7,-74.05,USADO,,0,0,0,0,1,1,0,0,0,1,False,USAQUEN,SAN PATRICIO,Pepe Sierra,856.95,0,PARQUE METROPOLITANO EL COUNTRY,1279.4,0,0.28,,1.0,1.0,0.0,,0.03,51.97,3.0
3390-M4592164,APARTAMENTO,VENTA,21.49,290.88,4.0,5.0,1675000.0,3.0,SANTA BARBARA,6,ENTRE 10 Y 20 ANOS,4.69,-74.04,USADO,,0,0,0,1,1,1,0,0,0,1,False,USAQUEN,SANTA BARBARA CENTRAL III SECTOR,Pepe Sierra,2259.76,0,PARQUE METROPOLITANO EL COUNTRY,1254.26,0,0.07,,0.75,0.8,0.0,,0.01,389.19,5.0
3390-M3312148,APARTAMENTO,VENTA,21.21,245.0,4.0,5.0,1400000.0,3.0,SANTA BARBARA,6,ENTRE 10 Y 20 ANOS,4.69,-74.05,USADO,,0,1,0,0,1,1,0,0,0,1,False,USAQUEN,SANTA BIBIANA,Calle 106,704.11,0,PARQUE VECINAL URBANIZACIÓN NORMANDIA I II II Y IV SECTOR,1455.77,0,0.09,,0.75,0.8,0.0,,0.02,519.91,0.0
9859-M4295226,APARTAMENTO,VENTA,21.31,184.0,3.0,4.0,1650000.0,4.0,CHICO,6,MAS DE 20 ANOS,4.68,-74.04,USADO,,0,0,0,0,0,0,0,0,0,1,False,CHAPINERO,CHICO RESERVADO,Calle 100 - Marketmedios,1637.57,0,PARQUE ZONAL CANAL EL VIRREY EL CHICO,1549.47,0,0.12,,1.33,0.75,0.0,,0.02,152.2,2.0
2501-M4198888,APARTAMENTO,VENTA,20.2,108.0,3.0,3.0,565000.0,2.0,COLINA Y ALREDEDORES,4,ENTRE 5 Y 10 ANOS,4.73,-74.06,USADO,,0,1,0,1,1,1,0,0,0,1,False,SUBA,EL PINAR,Mazurén,894.32,0,PARQUE VECINAL URBANIZACIÓN LA LAGUNA,327.42,1,0.19,,0.67,1.0,0.0,,0.03,1062.18,0.0
3390-M3215229,APARTAMENTO,VENTA,20.49,158.0,3.0,4.0,537000.0,2.0,SANTA BARBARA,5,MAS DE 20 ANOS,4.7,-74.05,USADO,,0,1,0,0,1,1,0,0,0,1,False,USAQUEN,SANTA BARBARA OCCIDENTAL,Pepe Sierra,462.69,1,PARQUE ZONAL ATABANZA,1369.41,0,0.13,,0.67,0.75,0.0,,0.02,355.43,2.0
3390-M3170761,APARTAMENTO,VENTA,21.19,250.6,3.0,5.0,1208800.0,2.0,CHAPINERO ALTO,6,MAS DE 20 ANOS,4.65,-74.05,USADO,,0,1,0,0,0,1,0,0,0,1,False,CHAPINERO,S.C. LAS ACACIAS,Flores – Areandina,1519.03,0,PARQUE ZONAL GUSTAVO URIBE BOTERO,274.78,1,0.08,,0.67,0.6,0.0,,0.01,686.09,0.0
2571-M4077567,APARTAMENTO,VENTA,20.07,109.9,3.0,2.0,600000.0,1.0,SANTA BARBARA,6,MAS DE 20 ANOS,4.69,-74.04,USADO,,0,0,0,0,1,1,0,0,0,1,False,USAQUEN,SANTA BARBARA CENTRAL II SECTOR,Pepe Sierra,1985.45,0,PARQUE METROPOLITANO EL COUNTRY,1220.33,0,0.18,,0.33,1.5,0.0,,0.03,346.77,1.0
3702-M3627783,APARTAMENTO,VENTA,19.28,78.0,3.0,2.0,130000.0,0.0,ALTOS DE SUBA Y CERROS DE SAN JORGE,3,ENTRE 10 Y 20 ANOS,4.75,-74.1,USADO,,0,0,0,0,0,1,0,0,0,1,False,SUBA,URB. LAS FLORES,Portal Suba,850.61,0,PARQUE VECINAL URBANIZACIÓN LOMBARDIA II ETAPA,444.58,1,0.25,,0.0,1.5,0.0,,0.04,619.36,0.0
10312-M4372670,APARTAMENTO,VENTA,20.95,124.0,2.0,3.0,1145000.0,2.0,CHICO,5,ENTRE 5 Y 10 ANOS,4.67,-74.06,USADO,,0,0,0,1,0,1,0,0,0,1,False,CHAPINERO,S.C. ANTIGUO COUNTRY,Calle 85,243.85,1,PARQUE METROPOLITANO RECONCILIACIÓN,168.42,1,0.17,,1.0,0.67,0.0,,0.02,364.18,3.0
14264-M3923460,APARTAMENTO,VENTA,20.03,130.0,3.0,4.0,10000.0,1.0,CEDRITOS,4,REMODELADO,4.73,-74.03,USADO,,0,1,0,0,0,0,0,0,0,0,False,USAQUEN,CAOBOS SALAZAR URB. CAPRI I Y II SECTOR,Calle 146,1756.7,0,PARQUE VECINAL NUEVA URBANIZACIÓN EL CEDRITO,490.61,1,0.15,,0.33,0.75,0.0,,0.02,324.35,1.0
4535-M3574976,APARTAMENTO,VENTA,20.18,107.0,3.0,3.0,853000.0,2.0,SANTA BARBARA,5,MAS DE 20 ANOS,4.7,-74.05,USADO,,0,1,0,0,1,0,0,0,0,1,False,USAQUEN,SANTA BARBARA OCCIDENTAL,Pepe Sierra,236.59,1,PARQUE ZONAL ATABANZA,1171.25,0,0.19,,0.67,1.0,0.0,,0.03,564.06,0.0
3036-M2374078,APARTAMENTO,VENTA,21.3,307.0,3.0,5.0,155000.0,4.0,ALTOS DE SUBA Y CERROS DE SAN JORGE,6,ENTRE 0 Y 5 ANOS,4.74,-74.08,USADO,,0,1,0,1,1,1,0,0,0,1,False,SUBA,CASA BLANCA I,21 Ángeles,669.86,0,PARQUE ZONAL EL TOMILLAR,365.02,1,0.07,,1.33,0.6,0.0,,0.01,1182.37,0.0
14977-M4631570,APARTAMENTO,VENTA,19.68,75.0,3.0,2.0,227000.0,1.0,CASTILLA MARSELLA,3,ENTRE 0 Y 5 ANOS,4.65,-74.15,USADO,,0,0,0,1,1,1,1,0,0,1,False,KENNEDY,BOSCONIA,Transversal 86,1873.6,0,PARQUE VECINAL VILLA ALSACIA,1175.69,0,0.26,,0.33,1.5,0.0,,0.04,1927.55,0.0
16350-M4583065,APARTAMENTO,VENTA,19.61,72.0,3.0,2.0,217000.0,0.0,PUENTE ARANDA,3,MAS DE 20 ANOS,4.61,-74.13,USADO,,0,0,0,0,0,1,0,0,0,1,False,PUENTE ARANDA,MILENTA,Marsella,1974.42,0,PARQUE VECINAL CARVAJAL,898.6,0,0.27,,0.0,1.5,0.0,,0.04,1240.58,0.0
10139-M3781618,APARTAMENTO,VENTA,21.19,180.0,3.0,4.0,890000.0,3.0,COUNTRY,5,ENTRE 0 Y 5 ANOS,4.71,-74.03,USADO,,0,1,0,1,1,1,0,0,0,1,False,USAQUEN,GINEBRA,Prado,2874.29,0,PARQUE METROPOLITANO EL COUNTRY,1179.8,0,0.12,,1.0,0.75,0.0,,0.02,648.99,0.0
16177-M4486990,APARTAMENTO,VENTA,19.01,50.0,3.0,2.0,100000.0,0.0,ORQUIDEAS,3,ENTRE 10 Y 20 ANOS,4.76,-74.03,USADO,,0,0,0,0,0,1,0,0,0,1,False,USAQUEN,HORIZONTES USAQUEN,Calle 187,2132.24,0,PARQUE VECINAL URBANIZACIÓN CALLE 170 / ALAMEDA,1644.59,0,0.38,,0.0,1.5,0.0,,0.06,2027.9,0.0
3604-M2569946,APARTAMENTO,VENTA,20.95,169.0,3.0,5.0,920000.0,2.0,SANTA BARBARA,6,ENTRE 10 Y 20 ANOS,4.69,-74.05,USADO,,0,1,0,0,1,1,0,0,0,0,False,USAQUEN,RINCON DEL CHICO,Calle 106,1201.15,0,PARQUE VECINAL URBANIZACIÓN NORMANDIA I II II Y IV SECTOR,1821.29,0,0.12,,0.67,0.6,0.0,,0.02,551.49,0.0
482-M4045241,APARTAMENTO,VENTA,20.34,120.0,2.0,2.0,495000.0,2.0,CERROS DE SUBA,5,MAS DE 20 ANOS,4.71,-74.08,USADO,,0,0,0,0,1,1,0,0,0,1,False,SUBA,URB. LAS PLEYADES,Humedal Córdoba,1292.22,0,PARQUE METROPOLITANO CEFE COMETAS,588.17,0,0.17,,1.0,1.0,0.0,,0.02,1279.58,0.0
3147-M4516889,APARTAMENTO,VENTA,19.88,86.8,3.0,2.0,356000.0,2.0,ORQUIDEAS,3,ENTRE 10 Y 20 ANOS,4.75,-74.04,USADO,,0,0,0,0,1,1,0,0,0,0,False,USAQUEN,LA URIBE,Portal Norte,425.4,1,PARQUE VECINAL URBANIZACIÓN CALLE 170 / ALAMEDA,525.46,0,0.23,,0.67,1.5,0.0,,0.03,903.28,0.0
3702-M4465361,APARTAMENTO,VENTA,19.74,69.0,3.0,2.0,271800.0,1.0,ORQUIDEAS,4,ENTRE 5 Y 10 ANOS,4.75,-74.03,USADO,,0,0,0,0,1,1,0,0,0,1,False,USAQUEN,SANTA TERESA,Toberin - Foundever,2266.66,0,PARQUE ZONAL SERVITA,427.96,1,0.29,,0.33,1.5,0.0,,0.04,1092.52,0.0
2993-M4416763,APARTAMENTO,VENTA,21.7,279.0,3.0,5.0,2174000.0,4.0,SANTA BARBARA,6,ENTRE 5 Y 10 ANOS,4.69,-74.05,USADO,,0,1,0,0,1,0,0,0,0,1,False,USAQUEN,SAN PATRICIO,Calle 106,697.13,0,PARQUE METROPOLITANO EL COUNTRY,1712.65,0,0.08,,1.33,0.6,0.0,,0.01,207.1,3.0
13194-M4713604,APARTAMENTO,VENTA,20.95,120.0,2.0,3.0,850000.0,2.0,COUNTRY,6,ENTRE 0 Y 5 ANOS,4.71,-74.04,USADO,,0,0,0,1,1,0,1,0,0,1,False,USAQUEN,LA_CAROLINA,Prado,1437.15,0,PARQUE METROPOLITANO EL COUNTRY,502.57,0,0.17,,1.0,0.67,0.0,,0.02,532.49,0.0
4141-M4338516,APARTAMENTO,VENTA,20.37,63.0,1.0,2.0,500000.0,1.0,CENTRO Y ZONA COLONIAL,3,ENTRE 0 Y 5 ANOS,4.59,-74.07,USADO,,0,0,0,1,1,0,0,0,0,1,False,CANDELARIA,EGIPTO 2,Museo del Oro,963.04,0,PARQUE VECINAL DESARROLLO LOURDES,596.53,0,0.32,,1.0,0.5,0.0,,0.02,511.42,0.0
12494-M4475685,APARTAMENTO,VENTA,21.68,190.0,3.0,5.0,1650000.0,3.0,CHICO,6,ENTRE 5 Y 10 ANOS,4.68,-74.04,USADO,,0,1,0,1,1,1,1,0,0,1,False,CHAPINERO,CHICO RESERVADO,Calle 100 - Marketmedios,1968.62,0,PARQUE VECINAL URBANIZACIÓN LA CABRERA,1303.66,0,0.11,,1.0,0.6,0.0,,0.02,399.87,1.0
3036-M4612376,APARTAMENTO,VENTA,19.16,55.0,2.0,1.0,190000.0,0.0,ALTOS DE SUBA Y CERROS DE SAN JORGE,3,ENTRE 0 Y 5 ANOS,4.74,-74.09,USADO,,1,0,0,1,1,1,0,0,0,1,False,SUBA,URB. EL PORTICO Y LOS REMANSOS,La Campiña,223.77,1,PARQUE VECINAL URBANIZACIÓN VALLE DE REFOUS,630.65,0,0.35,,0.0,2.0,0.0,,0.04,744.94,0.0
2974-M4498951,APARTAMENTO,VENTA,19.86,88.12,3.0,2.0,441000.0,1.0,COLINA Y ALREDEDORES,4,ENTRE 5 Y 10 ANOS,4.74,-74.06,USADO,,0,0,0,0,1,1,0,0,0,1,False,SUBA,URB. CARIMAGUA II,Calle 161,1282.36,0,PARQUE VECINAL DESARROLLO CANTALEJO URBANIZACIÓN CANTALEJO MANZANA B,312.83,1,0.23,,0.33,1.5,0.0,,0.03,1175.76,0.0
2748-M4704178,APARTAMENTO,VENTA,19.97,82.0,2.0,2.0,400000.0,1.0,COUNTRY,5,MAS DE 20 ANOS,4.71,-74.03,USADO,,0,0,0,0,1,1,0,0,0,1,False,USAQUEN,EL_VERGEL,Prado,2185.73,0,PARQUE METROPOLITANO EL COUNTRY,863.17,0,0.24,,0.5,1.0,0.0,,0.02,126.89,2.0
13194-M4713585,APARTAMENTO,VENTA,20.34,78.0,1.0,2.0,613000.0,2.0,COUNTRY,6,ENTRE 0 Y 5 ANOS,4.71,-74.04,USADO,,0,0,0,1,1,0,0,0,0,1,False,USAQUEN,LA_CAROLINA,Calle 127,1588.07,0,PARQUE METROPOLITANO EL COUNTRY,239.39,1,0.26,,2.0,0.5,0.0,,0.01,402.67,1.0
13194-M4713539,APARTAMENTO,VENTA,20.49,80.0,2.0,3.0,890000.0,2.0,SANTA BARBARA,6,ENTRE 5 Y 10 ANOS,4.7,-74.04,USADO,,0,1,0,1,1,0,0,0,0,1,False,USAQUEN,SANTA BARBARA OCCIDENTAL,Calle 127,1202.71,0,PARQUE METROPOLITANO EL COUNTRY,656.06,0,0.26,,1.0,0.67,0.0,,0.02,247.03,1.0
2974-M4704172,APARTAMENTO,VENTA,19.61,63.0,3.0,2.0,320000.0,1.0,COLINA Y ALREDEDORES,4,ENTRE 10 Y 20 ANOS,4.74,-74.06,USADO,,0,0,0,0,1,1,0,0,0,1,False,SUBA,GILMAR II,Calle 161,1561.77,0,PARQUE VECINAL DESARROLLO CANTALEJO URBANIZACIÓN CANTALEJO MANZANA B,495.97,1,0.31,,0.33,1.5,0.0,,0.05,1268.82,0.0
2974-M3219196,APARTAMENTO,VENTA,20.14,107.0,3.0,2.0,434000.0,1.0,COLINA Y ALREDEDORES,5,ENTRE 10 Y 20 ANOS,4.73,-74.06,USADO,,0,1,0,1,1,1,0,0,0,1,False,SUBA,COLPATRIA SANTA HELENA II SECTOR,Calle 146,1296.09,0,PARQUE VECINAL URBANIZACIÓN LA LAGUNA,782.25,0,0.19,,0.33,1.5,0.0,,0.03,605.91,0.0
482-M4359960,APARTAMENTO,VENTA,20.77,177.45,3.0,4.0,980000.0,2.0,COUNTRY,5,ENTRE 10 Y 20 ANOS,4.71,-74.03,USADO,,0,0,0,1,1,1,0,0,0,1,False,USAQUEN,LISBOA_,Prado,2502.35,0,PARQUE VECINAL NUEVA URBANIZACIÓN EL CEDRITO,1135.16,0,0.12,,0.67,0.75,0.0,,0.02,191.03,3.0
990-M4602625,APARTAMENTO,VENTA,20.47,148.0,3.0,4.0,913000.0,2.0,CHICO,6,REMODELADO,4.68,-74.04,USADO,,0,0,0,0,1,0,0,0,0,0,False,CHAPINERO,CHICO NORTE - URB. LA GRAN VIA,Calle 100 - Marketmedios,1988.64,0,PARQUE VECINAL URBANIZACIÓN LA CABRERA,1502.55,0,0.14,,0.67,0.75,0.0,,0.02,200.82,2.0
2748-M4300224,APARTAMENTO,VENTA,20.42,114.0,3.0,2.0,560000.0,2.0,NIZA ALHAMBRA,5,ENTRE 10 Y 20 ANOS,4.71,-74.07,USADO,,0,1,0,1,0,1,1,0,0,0,False,SUBA,BATAN LOTE NIZA XII,Humedal Córdoba,337.15,1,PARQUE ZONAL LOS LACHES LA MINA,590.44,0,0.18,,0.67,1.5,0.0,,0.03,589.27,0.0
2996-M3234856,APARTAMENTO,VENTA,20.34,94.0,3.0,3.0,3921395.93,1.0,NIZA ALHAMBRA,5,ENTRE 10 Y 20 ANOS,4.7,-74.06,USADO,,0,0,0,0,1,0,0,0,0,0,False,SUBA,S.C. PASADENA,Puentelargo,661.14,0,PARQUE ZONAL CANAL CORDOBA,755.01,0,0.22,,0.33,1.0,0.0,,0.03,892.54,0.0
4535-M4408889,APARTAMENTO,VENTA,20.23,90.0,3.0,3.0,637000.0,2.0,SANTA BARBARA,6,MAS DE 20 ANOS,4.7,-74.04,USADO,,0,1,0,0,1,0,0,0,0,1,False,USAQUEN,SANTA BARBARA CENTRAL II SECTOR,Pepe Sierra,2010.9,0,PARQUE METROPOLITANO EL COUNTRY,950.83,0,0.22,,0.67,1.0,0.0,,0.03,567.59,0.0
15833-M4454652,APARTAMENTO,VENTA,20.77,138.0,3.0,3.0,916000.0,2.0,SANTA BARBARA,5,ENTRE 5 Y 10 ANOS,4.7,-74.05,USADO,,0,0,0,1,1,1,0,0,0,0,False,USAQUEN,SANTA BARBARA OCCIDENTAL,Calle 127,373.83,1,PARQUE ZONAL ATABANZA,976.53,0,0.15,,0.67,1.0,0.0,,0.02,231.76,5.0
2748-M3899617,APARTAMENTO,VENTA,20.68,133.0,3.0,3.0,400000.0,2.0,NIZA ALHAMBRA,5,ENTRE 10 Y 20 ANOS,4.71,-74.07,USADO,,0,1,0,1,1,1,1,0,0,1,False,SUBA,BATAN LOTE NIZA XII,Humedal Córdoba,359.11,1,PARQUE ZONAL CANAL CORDOBA,532.5,0,0.16,,0.67,1.0,0.0,,0.02,748.78,0.0
3252-M4200301,APARTAMENTO,VENTA,20.82,136.0,2.0,3.0,1046000.0,2.0,CHAPINERO ALTO,4,ENTRE 5 Y 10 ANOS,4.65,-74.06,USADO,,0,0,0,0,1,0,0,0,0,1,False,CHAPINERO,S.C. GRANADA,Calle 63,1031.76,0,PARQUE ZONAL GUSTAVO URIBE BOTERO,425.95,1,0.15,,1.0,0.67,0.0,,0.01,380.6,1.0
3702-M4454241,APARTAMENTO,VENTA,20.25,79.0,1.0,2.0,884000.0,1.0,CHICO,6,MAS DE 20 ANOS,4.66,-74.05,USADO,,0,1,0,1,1,0,0,0,0,1,False,CHAPINERO,S.C. BELLAVISTA,Calle 72,1108.65,0,PARQUE ZONAL GUSTAVO URIBE BOTERO,778.24,0,0.26,,1.0,0.5,0.0,,0.01,372.97,3.0
754-M2675041,APARTAMENTO,VENTA,20.28,62.0,1.0,2.0,489000.0,2.0,CHICO,6,ENTRE 0 Y 5 ANOS,4.67,-74.04,USADO,,0,1,0,1,0,1,0,0,0,1,False,CHAPINERO,EL REFUGIO,Héroes - Gel´Hada,1844.39,0,PARQUE VECINAL URBANIZACIÓN LA CABRERA,805.25,0,0.33,,2.0,0.5,0.0,,0.02,778.4,0.0
754-M3686956,APARTAMENTO,VENTA,21.16,320.0,3.0,3.0,1700000.0,3.0,CHICO,6,MAS DE 20 ANOS,4.67,-74.05,USADO,,0,1,0,0,1,1,0,0,0,1,False,CHAPINERO,EL REFUGIO,Héroes - Gel´Hada,1645.46,0,PARQUE VECINAL URBANIZACIÓN LA CABRERA,629.39,0,0.07,,1.0,1.0,0.0,,0.01,615.2,0.0
754-M3295933,APARTAMENTO,VENTA,21.19,290.0,3.0,4.0,1700000.0,3.0,CHICO,6,MAS DE 20 ANOS,4.68,-74.05,USADO,,0,1,0,0,1,1,0,0,0,1,False,CHAPINERO,S.C. CHICO NORTE,Calle 100 - Marketmedios,954.76,0,PARQUE ZONAL CANAL EL VIRREY EL CHICO,912.15,0,0.07,,1.0,0.75,0.0,,0.01,393.55,5.0
5586-M4072030,APARTAMENTO,VENTA,21.22,176.0,3.0,4.0,1050000.0,3.0,CHICO,6,ENTRE 10 Y 20 ANOS,4.68,-74.04,USADO,,0,1,0,1,1,0,0,0,0,1,False,CHAPINERO,CHICO RESERVADO,Calle 100 - Marketmedios,1965.86,0,PARQUE VECINAL URBANIZACIÓN LA CABRERA,1282.66,0,0.12,,1.0,0.75,0.0,,0.02,420.88,1.0
2996-M3570907,APARTAMENTO,VENTA,20.03,105.0,3.0,3.0,654000.0,2.0,COLINA Y ALREDEDORES,3,ENTRE 10 Y 20 ANOS,4.73,-74.05,USADO,,0,0,0,0,1,0,0,0,0,0,False,SUBA,PRADO PINZON,Calle 142,315.0,1,PARQUE VECINAL PRADO PINZÓN,143.59,1,0.19,,0.67,1.0,0.0,,0.03,861.91,0.0
754-M2585079,APARTAMENTO,VENTA,21.44,276.0,4.0,5.0,1644000.0,4.0,CHICO,6,ENTRE 10 Y 20 ANOS,4.68,-74.05,USADO,,0,1,0,0,0,1,0,0,0,1,False,CHAPINERO,S.C. CHICO NORTE,Virrey,1525.91,0,PARQUE VECINAL URBANIZACIÓN LA CABRERA,961.45,0,0.08,,1.0,0.8,0.0,,0.01,334.5,1.0
717-M2484897,APARTAMENTO,VENTA,20.44,120.0,3.0,3.0,640000.0,1.0,SANTA BARBARA,6,MAS DE 20 ANOS,4.69,-74.05,USADO,,0,1,0,0,1,1,0,0,0,1,False,USAQUEN,SAN PATRICIO,Calle 106,1189.12,0,PARQUE METROPOLITANO EL COUNTRY,1561.88,0,0.17,,0.33,1.0,0.0,,0.02,297.17,1.0
15942-M4277998,APARTAMENTO,VENTA,20.56,145.0,4.0,5.0,680000.0,3.0,COUNTRY,5,ENTRE 10 Y 20 ANOS,4.72,-74.05,USADO,,0,1,0,1,1,1,0,0,0,1,False,USAQUEN,LA CALLEJA SANTACOLOMA,Prado,312.69,1,PARQUE ZONAL ATABANZA,1148.31,0,0.14,,0.75,0.8,0.0,,0.03,627.31,0.0
2162-M4541371,APARTAMENTO,VENTA,20.94,160.0,3.0,4.0,1058000.0,2.0,CEDRITOS,6,ENTRE 10 Y 20 ANOS,4.72,-74.03,USADO,,0,1,0,1,0,1,0,0,0,1,False,USAQUEN,LA CANADA,Alcalá,2832.98,0,PARQUE VECINAL NUEVA URBANIZACIÓN EL CEDRITO,1011.73,0,0.13,,0.67,0.75,0.0,,0.02,468.91,1.0
156-M4573448,APARTAMENTO,VENTA,20.2,94.5,2.0,2.0,770000.0,1.0,NIZA ALHAMBRA,5,ENTRE 5 Y 10 ANOS,4.7,-74.06,USADO,,0,0,0,1,1,1,0,0,0,1,False,SUBA,PUENTE LARGO III SECTOR,Puentelargo,611.98,0,PARQUE ZONAL CANAL CORDOBA,522.84,0,0.21,,0.5,1.0,0.0,,0.02,1016.93,0.0
156-M4071949,APARTAMENTO,VENTA,20.65,136.0,4.0,4.0,420000.0,2.0,CEDRITOS,4,ENTRE 5 Y 10 ANOS,4.72,-74.04,USADO,,1,1,0,1,1,0,1,0,0,1,False,USAQUEN,CEDRO NARVAEZ,Calle 142,1302.83,0,PARQUE VECINAL NUEVA URBANIZACIÓN EL CEDRITO,651.06,0,0.15,,0.5,1.0,0.0,,0.03,430.2,1.0
10139-M3827528,APARTAMENTO,VENTA,20.66,148.0,3.0,3.0,700000.0,3.0,NIZA ALHAMBRA,4,ENTRE 5 Y 10 ANOS,4.69,-74.07,USADO,,0,1,0,1,1,1,0,0,0,1,False,SUBA,COASMEDAS,Puentelargo,399.22,1,PARQUE ZONAL CANAL RIO NEGRO,693.17,0,0.14,,1.0,1.0,0.0,,0.02,581.91,0.0
2996-M4347352,APARTAMENTO,VENTA,20.77,147.0,3.0,4.0,830000.0,2.0,SANTA BARBARA,5,ENTRE 10 Y 20 ANOS,4.7,-74.03,USADO,,0,0,0,0,1,1,0,0,0,0,False,USAQUEN,DELICIAS DEL CARMEN,Calle 127,3175.85,0,PARQUE METROPOLITANO EL COUNTRY,1440.57,0,0.14,,0.67,0.75,0.0,,0.02,981.14,0.0
10278-M4613580,APARTAMENTO,VENTA,20.67,150.0,3.0,3.0,1450000.0,3.0,SANTA BARBARA,6,MAS DE 20 ANOS,4.69,-74.05,USADO,,0,0,0,0,1,1,0,0,0,1,False,USAQUEN,SANTA BIBIANA,Calle 106,415.49,1,PARQUE VECINAL URBANIZACIÓN NORMANDIA I II II Y IV SECTOR,1649.04,0,0.14,,1.0,1.0,0.0,,0.02,621.67,0.0
10278-M4656340,APARTAMENTO,VENTA,19.41,27.34,1.0,1.0,215000.0,0.0,CEDRITOS,5,ENTRE 0 Y 5 ANOS,4.73,-74.02,USADO,,0,0,0,1,1,1,0,0,0,1,False,USAQUEN,BOSQUE DE PINOS III,Mazurén,2932.54,0,PARQUE ZONAL ALTA BLANCA,739.45,0,0.71,,0.0,1.0,0.0,,0.04,1065.49,0.0
9894-M4655524,APARTAMENTO,VENTA,19.06,22.0,1.0,1.0,180000.0,0.0,COLINA Y ALREDEDORES,4,ENTRE 5 Y 10 ANOS,4.72,-74.07,USADO,,0,0,0,1,1,1,0,0,0,1,False,SUBA,CIUDAD JARDIN NORTE,Suba - AV. Boyacá,361.1,1,PARQUE VECINAL AGRUPACIÓN DE VIVIENDA EN BALCON DE LINDARAJA,1278.63,0,0.87,,0.0,1.0,0.0,,0.05,974.29,0.0
898-M4548497,APARTAMENTO,VENTA,20.62,170.0,3.0,3.0,785000.0,2.0,SANTA BARBARA,6,MAS DE 20 ANOS,4.69,-74.04,USADO,,0,0,0,0,1,0,0,0,0,1,False,USAQUEN,SANTA BARBARA CENTRAL III SECTOR,Pepe Sierra,2106.14,0,PARQUE METROPOLITANO EL COUNTRY,1108.55,0,0.12,,0.67,1.0,0.0,,0.02,476.11,1.0
9894-M4648204,APARTAMENTO,VENTA,19.95,82.0,3.0,2.0,339000.0,1.0,CEDRITOS,4,ENTRE 5 Y 10 ANOS,4.73,-74.03,USADO,,0,0,0,1,1,1,0,0,0,1,False,USAQUEN,CAOBOS SALAZAR,Mazurén,1784.89,0,PARQUE ZONAL ALTA BLANCA,708.89,0,0.24,,0.33,1.5,0.0,,0.04,129.1,1.0
9894-M4591437,APARTAMENTO,VENTA,19.66,47.0,1.0,1.0,160000.0,1.0,COLINA Y ALREDEDORES,4,ENTRE 0 Y 5 ANOS,4.74,-74.07,USADO,,0,0,0,1,1,1,1,0,0,1,False,SUBA,EL CORTIJO (FINCA),Gratamira,1527.09,0,PARQUE ZONAL EL TOMILLAR,825.36,0,0.42,,1.0,1.0,0.0,,0.02,554.96,0.0
9894-M4495677,APARTAMENTO,VENTA,21.22,230.0,3.0,4.0,1250000.0,3.0,COUNTRY,6,MAS DE 20 ANOS,4.71,-74.04,USADO,,0,1,0,1,1,1,0,0,0,1,False,USAQUEN,LA_CAROLINA,Prado,1426.88,0,PARQUE METROPOLITANO EL COUNTRY,510.9,0,0.09,,1.0,0.75,0.0,,0.01,531.8,0.0
16469-M4732774,APARTAMENTO,VENTA,20.09,81.0,3.0,2.0,350000.0,1.0,COLINA Y ALREDEDORES,3,ENTRE 0 Y 5 ANOS,4.75,-74.06,USADO,,0,0,0,1,1,1,0,0,0,1,False,SUBA,,Portal Norte,1230.6,0,PARQUE ZONAL SAN JOSÉ DE BAVARIA,724.81,0,0.25,,0.33,1.5,0.0,,0.04,1650.39,0.0
9894-M4519841,APARTAMENTO,VENTA,21.58,191.0,3.0,5.0,900000.0,2.0,CHICO,5,ENTRE 0 Y 5 ANOS,4.67,-74.06,USADO,,1,0,0,1,1,1,0,0,0,1,False,CHAPINERO,S.C. ANTIGUO COUNTRY,Calle 85,380.66,1,PARQUE ZONAL CANAL EL VIRREY EL CHICO,297.32,1,0.11,,0.67,0.6,0.0,,0.02,265.85,2.0
9894-M4530242,APARTAMENTO,VENTA,21.06,226.0,3.0,4.0,1834000.0,3.0,CHICO,6,MAS DE 20 ANOS,4.68,-74.05,USADO,,0,1,0,0,1,1,0,0,0,1,False,CHAPINERO,S.C. CHICO NORTE III SECTOR,Calle 100 - Marketmedios,336.93,1,PARQUE VECINAL URBANIZACIÓN NORMANDIA I II II Y IV SECTOR,822.17,0,0.09,,1.0,0.75,0.0,,0.01,315.49,2.0
3390-M4499781,APARTAMENTO,VENTA,21.64,375.0,4.0,5.0,2500000.0,4.0,CHICO,6,MAS DE 20 ANOS,4.66,-74.05,USADO,,0,1,0,0,1,0,0,0,0,1,False,CHAPINERO,PINAR ALTO - PINAR II,Calle 76 - San Felipe,1462.1,0,PARQUE ZONAL SAN ANDRÉS,581.87,0,0.06,,1.0,0.8,0.0,,0.01,758.67,0.0
3390-M4265623,APARTAMENTO,VENTA,20.8,141.0,1.0,3.0,808000.0,2.0,CHICO,6,ENTRE 10 Y 20 ANOS,4.69,-74.06,USADO,,0,1,0,1,0,1,0,0,0,1,False,CHAPINERO,S.C. CHICO NORTE III SECTOR,Calle 100 - Marketmedios,224.2,1,PARQUE VECINAL URBANIZACIÓN NORMANDIA I II II Y IV SECTOR,935.55,0,0.15,,2.0,0.33,0.0,,0.01,554.78,0.0
16630-M4739823,APARTAMENTO,VENTA,19.4,54.0,2.0,2.0,118000.0,1.0,CASTILLA MARSELLA,3,ENTRE 5 Y 10 ANOS,4.65,-74.15,USADO,,0,0,0,1,1,1,0,0,0,1,False,KENNEDY,BOSCONIA,Transversal 86,1873.6,0,PARQUE VECINAL VILLA ALSACIA,1175.69,0,0.36,,0.5,1.0,0.0,,0.04,1927.55,0.0
3390-M4044584,APARTAMENTO,VENTA,20.99,119.0,3.0,3.0,1000000.0,2.0,SANTA BARBARA,6,ENTRE 0 Y 5 ANOS,4.7,-74.03,USADO,,0,0,0,1,1,1,1,0,0,1,False,USAQUEN,SANTA BARBARA ORIENTAL,Calle 127,2702.01,0,PARQUE METROPOLITANO EL COUNTRY,995.85,0,0.18,,0.67,1.0,0.0,,0.03,586.77,0.0
3390-M2667232,APARTAMENTO,VENTA,20.72,206.0,3.0,4.0,1102000.0,2.0,SANTA BARBARA,6,MAS DE 20 ANOS,4.7,-74.03,USADO,,0,0,0,0,1,0,0,0,0,1,False,USAQUEN,SANTA BARBARA CENTRAL II,Calle 127,2172.11,0,PARQUE METROPOLITANO EL COUNTRY,445.48,1,0.1,,0.67,0.75,0.0,,0.01,795.85,0.0
16350-M4700311,APARTAMENTO,VENTA,19.69,84.0,2.0,1.0,245000.0,0.0,CENTRO Y ZONA COLONIAL,1,MAS DE 20 ANOS,4.6,-74.07,USADO,,0,0,0,0,1,0,0,0,0,1,False,SANTA FE,VERACRUZ__,Las Aguas - Centro Colombo Americano,225.02,1,PARQUE ZONAL SENDERO A MONSERRATE,946.19,0,0.23,,0.0,2.0,0.0,,0.02,77.39,5.0
800-M4598440,APARTAMENTO,VENTA,19.51,75.0,3.0,2.0,322883.0,1.0,PUENTE ARANDA,3,REMODELADO,4.62,-74.09,USADO,,0,0,0,0,1,1,0,0,0,0,False,PUENTE ARANDA,ESTACION CENTRAL,Paloquemao,247.73,1,PARQUE ZONAL INDUSTRIAL LOS EJIDOS,941.48,0,0.26,,0.33,1.5,0.0,,0.04,1923.79,0.0
800-M4458538,APARTAMENTO,VENTA,19.91,95.0,3.0,2.0,372000.0,1.0,CEDRITOS,4,MAS DE 20 ANOS,4.72,-74.03,USADO,,0,1,0,0,0,1,0,0,0,1,False,USAQUEN,CEDRITOS,Alcalá,2097.51,0,PARQUE VECINAL NUEVA URBANIZACIÓN EL CEDRITO,612.56,0,0.21,,0.33,1.5,0.0,,0.03,486.69,1.0
11633-M4292377,APARTAMENTO,VENTA,21.13,241.0,3.0,4.0,1274000.0,2.0,CHICO,6,MAS DE 20 ANOS,4.67,-74.04,USADO,,0,1,0,0,1,0,0,0,0,1,False,CHAPINERO,CHICO ALTO,Calle 85,1877.52,0,PARQUE VECINAL URBANIZACIÓN LA CABRERA,817.65,0,0.09,,0.67,0.75,0.0,,0.01,773.18,0.0
10312-M4406372,APARTAMENTO,VENTA,20.01,75.0,2.0,2.0,804000.0,2.0,CHICO,5,MAS DE 20 ANOS,4.67,-74.06,USADO,,0,0,0,0,1,1,0,0,0,1,False,CHAPINERO,S.C. ANTIGUO COUNTRY,Calle 85,333.46,1,PARQUE METROPOLITANO RECONCILIACIÓN,256.0,1,0.27,,1.0,1.0,0.0,,0.03,295.15,3.0
16350-M4700233,APARTAMENTO,VENTA,21.31,270.0,4.0,5.0,1450000.0,3.0,COLINA Y ALREDEDORES,5,MAS DE 20 ANOS,4.73,-74.07,USADO,,1,1,0,0,0,1,0,0,0,1,False,SUBA,GRATAMIRA,Gratamira,124.21,1,PARQUE ZONAL EL TOMILLAR,1371.91,0,0.08,,0.75,0.8,0.0,,0.01,957.86,0.0
10312-M3352364,APARTAMENTO,VENTA,21.51,234.65,3.0,4.0,1473000.0,3.0,CHICO,6,ENTRE 5 Y 10 ANOS,4.66,-74.05,USADO,,0,1,0,1,0,1,0,0,0,1,False,CHAPINERO,S.C. BELLAVISTA,Calle 72,1547.28,0,PARQUE ZONAL GUSTAVO URIBE BOTERO,674.01,0,0.09,,1.0,0.75,0.0,,0.01,795.9,0.0
15519-M4738017,APARTAMENTO,VENTA,20.17,109.0,3.0,2.0,350000.0,2.0,NIZA ALHAMBRA,5,MAS DE 20 ANOS,4.7,-74.06,USADO,,0,0,0,0,0,0,0,0,0,0,False,SUBA,EL BATAN,Calle 127,645.54,0,PARQUE ZONAL CANAL CORDOBA,605.9,0,0.19,,0.67,1.5,0.0,,0.03,814.66,0.0
2238-M3628932,APARTAMENTO,VENTA,20.0,50.0,1.0,2.0,400000.0,1.0,CHAPINERO ALTO,4,ENTRE 0 Y 5 ANOS,4.64,-74.06,USADO,,0,0,0,1,1,0,0,0,0,1,False,CHAPINERO,S.C. BOSQUE CALDERON,Calle 57,789.32,0,PARQUE ZONAL GUSTAVO URIBE BOTERO,1309.46,0,0.4,,1.0,0.5,0.0,,0.02,1209.94,0.0
10139-M4550310,APARTAMENTO,VENTA,21.41,135.0,2.0,3.0,3921395.93,2.0,CHICO,6,ENTRE 0 Y 5 ANOS,4.67,-74.05,USADO,,0,0,0,1,1,0,0,0,0,1,False,CHAPINERO,S.C. EL CHICO,Calle 85,1569.63,0,PARQUE VECINAL URBANIZACIÓN LA CABRERA,535.35,0,0.16,,1.0,0.67,0.0,,0.01,467.4,1.0
14121-M4697030,APARTAMENTO,VENTA,19.55,41.0,1.0,2.0,350000.0,1.0,CEDRITOS,4,ENTRE 10 Y 20 ANOS,4.73,-74.04,USADO,,0,0,0,1,1,1,0,0,0,1,False,USAQUEN,CAOBOS SALAZAR,Calle 142,1561.38,0,PARQUE VECINAL NUEVA URBANIZACIÓN EL CEDRITO,435.09,1,0.48,,1.0,0.5,0.0,,0.02,623.74,0.0
16526-M4696450,APARTAMENTO,VENTA,19.76,80.0,3.0,2.0,280000.0,1.0,ENGATIVA,3,ENTRE 0 Y 5 ANOS,4.72,-74.13,USADO,,0,0,0,1,1,1,1,0,0,1,False,ENGATIVA,EL DORADO INDUSTRIAL - SANTA ISABEL (HACIENDA),Portal 80,2163.7,0,PARQUE METROPOLITANO PLANTA DE TRATAMIENTO SALITRE,700.19,0,0.25,,0.33,1.5,0.0,,0.04,1951.33,0.0
2238-M3122034,APARTAMENTO,VENTA,21.02,300.0,4.0,4.0,1300000.0,3.0,SANTA BARBARA,5,ENTRE 10 Y 20 ANOS,4.7,-74.05,USADO,,0,0,0,0,1,0,0,0,0,1,False,USAQUEN,SANTA BARBARA OCCIDENTAL,Calle 127,690.21,0,PARQUE METROPOLITANO EL COUNTRY,1208.48,0,0.07,,0.75,1.0,0.0,,0.01,417.91,1.0
2993-M4362428,APARTAMENTO,VENTA,21.37,252.0,4.0,5.0,1500000.0,3.0,COUNTRY,6,ENTRE 10 Y 20 ANOS,4.71,-74.03,USADO,,0,1,0,1,1,1,0,0,0,1,False,USAQUEN,BOSQUES DE MEDINA,Prado,2973.94,0,PARQUE METROPOLITANO EL COUNTRY,1502.38,0,0.08,,0.75,0.8,0.0,,0.02,674.3,0.0
12073-M3242239,APARTAMENTO,VENTA,19.16,57.3,3.0,1.0,150000.0,0.0,CORTIJO AUTOPISTA MEDELLIN,3,MAS DE 20 ANOS,4.73,-74.12,USADO,,0,0,0,1,0,1,0,0,0,1,False,ENGATIVA,CIUDADELA COLSUBSIDIO,Portal 80,2812.12,0,PARQUE ZONAL LA GAITANA,1023.34,0,0.33,,0.0,3.0,0.0,,0.05,2660.72,0.0
2993-M2538305,APARTAMENTO,VENTA,21.25,160.0,2.0,3.0,1700000.0,2.0,CHICO,6,REMODELADO,4.67,-74.05,USADO,,0,1,0,0,1,0,0,0,0,1,False,CHAPINERO,S.C. EL CHICO,Calle 85,1461.04,0,PARQUE VECINAL URBANIZACIÓN LA CABRERA,421.53,1,0.13,,1.0,0.67,0.0,,0.01,355.26,1.0
2571-M3818303,APARTAMENTO,VENTA,19.5,72.0,3.0,2.0,3921395.93,2.0,ALTOS DE SUBA Y CERROS DE SAN JORGE,3,ENTRE 10 Y 20 ANOS,4.74,-74.08,USADO,,0,0,0,0,0,1,0,0,0,1,False,SUBA,LOS ARREBOLES,21 Ángeles,105.6,1,PARQUE ZONAL BELLAVISTA DINDALITO,850.37,0,0.27,,0.67,1.5,0.0,,0.04,1550.37,0.0
4969-M3343989,APARTAMENTO,VENTA,20.95,141.0,3.0,4.0,900000.0,3.0,COLINA Y ALREDEDORES,5,ENTRE 0 Y 5 ANOS,4.73,-74.06,USADO,,0,0,0,1,1,1,1,0,0,1,False,SUBA,EL PINAR,Gratamira,1349.53,0,PARQUE ZONAL EL TOMILLAR,1121.18,0,0.15,,1.0,0.75,0.0,,0.02,268.07,1.0
668-M3819141,APARTAMENTO,VENTA,21.44,256.0,3.0,4.0,1200000.0,4.0,CHAPINERO ALTO,5,MAS DE 20 ANOS,4.65,-74.05,USADO,,0,0,0,1,1,0,0,0,0,1,False,CHAPINERO,ZAMUDIO,Flores – Areandina,1270.47,0,PARQUE ZONAL GUSTAVO URIBE BOTERO,111.13,1,0.08,,1.33,0.75,0.0,,0.01,439.52,1.0
12494-M4581631,APARTAMENTO,VENTA,21.34,179.0,3.0,3.0,1300000.0,3.0,CHICO,6,ENTRE 5 Y 10 ANOS,4.68,-74.04,USADO,,0,1,0,1,1,1,0,0,0,1,False,CHAPINERO,CHICO RESERVADO,Calle 100 - Marketmedios,2035.23,0,PARQUE VECINAL URBANIZACIÓN LA CABRERA,1390.08,0,0.12,,1.0,1.0,0.0,,0.02,366.05,1.0
14653-M4679596,APARTAMENTO,VENTA,21.02,187.0,4.0,4.0,1000000.0,2.0,COUNTRY,6,ENTRE 10 Y 20 ANOS,4.7,-74.04,USADO,,0,1,0,1,1,1,0,0,0,1,False,USAQUEN,PLENITUD LA CALLEJA,Calle 127,1261.16,0,PARQUE METROPOLITANO EL COUNTRY,482.15,1,0.11,,0.5,1.0,0.0,,0.02,191.24,1.0
3496-M4662282,APARTAMENTO,VENTA,19.76,86.0,1.0,1.0,10000.0,1.0,CHAPINERO ALTO,4,MAS DE 20 ANOS,4.64,-74.06,USADO,,0,0,0,0,0,1,0,0,0,0,False,CHAPINERO,BOSQUE CALDERON TEJADA III SECTOR,Calle 57,880.28,0,PARQUE ZONAL GUSTAVO URIBE BOTERO,1033.54,0,0.23,,1.0,1.0,0.0,,0.01,1014.29,0.0
675-M3733633,APARTAMENTO,VENTA,21.42,245.0,5.0,5.0,1508000.0,4.0,COUNTRY,5,ENTRE 10 Y 20 ANOS,4.71,-74.05,USADO,,1,1,0,1,1,0,1,0,0,1,False,USAQUEN,,Prado,241.39,1,PARQUE ZONAL ATABANZA,958.13,0,0.09,,0.8,1.0,0.0,,0.02,757.36,0.0
5483-M4680442,APARTAMENTO,VENTA,20.13,83.0,2.0,2.0,660000.0,2.0,SANTA BARBARA,5,ENTRE 5 Y 10 ANOS,4.69,-74.04,USADO,,0,0,0,0,0,0,0,0,0,0,False,USAQUEN,RINCON DEL CHICO,Calle 106,1600.93,0,PARQUE ZONAL CANAL EL VIRREY EL CHICO,1910.51,0,0.24,,1.0,1.0,0.0,,0.02,592.32,0.0
12494-M4581570,APARTAMENTO,VENTA,21.28,155.0,3.0,3.0,2014000.0,2.0,CHICO,6,ENTRE 5 Y 10 ANOS,4.68,-74.04,USADO,,0,1,0,0,1,1,0,0,0,1,False,CHAPINERO,CHICO RESERVADO,Calle 100 - Marketmedios,1758.78,0,PARQUE VECINAL URBANIZACIÓN LA CABRERA,1145.8,0,0.14,,0.67,1.0,0.0,,0.02,456.63,2.0
11676-M4678785,APARTAMENTO,VENTA,20.13,108.0,2.0,3.0,418000.0,2.0,CEDRITOS,5,ENTRE 5 Y 10 ANOS,4.72,-74.04,USADO,,0,0,0,1,1,0,0,0,0,1,False,USAQUEN,CEDRITOS,Alcalá,1827.16,0,PARQUE VECINAL NUEVA URBANIZACIÓN EL CEDRITO,499.49,1,0.19,,1.0,0.67,0.0,,0.02,274.95,1.0
10162-M2786538,APARTAMENTO,VENTA,21.29,180.0,2.0,3.0,3921395.93,3.0,CHICO,6,ENTRE 0 Y 5 ANOS,4.68,-74.05,USADO,,0,0,0,1,1,1,0,0,0,0,False,CHAPINERO,S.C. EL CHICO,Virrey,472.56,1,PARQUE ZONAL CANAL EL VIRREY EL CHICO,338.22,1,0.12,,1.5,0.67,0.0,,0.01,325.69,2.0
800-M3102851,APARTAMENTO,VENTA,21.22,200.0,3.0,3.0,1500000.0,2.0,CHICO,6,MAS DE 20 ANOS,4.67,-74.05,USADO,,0,0,0,0,0,1,0,0,0,0,False,CHAPINERO,LA CABRERA,Héroes - Gel´Hada,1294.62,0,PARQUE VECINAL URBANIZACIÓN LA CABRERA,378.49,1,0.11,,0.67,1.0,0.0,,0.02,411.78,3.0
2748-M2998126,APARTAMENTO,VENTA,20.67,130.0,3.0,3.0,384000.0,2.0,NIZA ALHAMBRA,5,ENTRE 5 Y 10 ANOS,4.71,-74.07,USADO,,0,1,0,1,1,1,1,0,0,1,False,SUBA,BATAN LOTE NIZA XII,Humedal Córdoba,497.71,1,PARQUE ZONAL CANAL CORDOBA,447.34,1,0.16,,0.67,1.0,0.0,,0.02,848.75,0.0
10123-M4203574,APARTAMENTO,VENTA,19.34,52.0,1.0,2.0,176000.0,0.0,CENTRO Y ZONA COLONIAL,3,MAS DE 20 ANOS,4.6,-74.07,USADO,,0,0,0,0,1,1,0,0,0,1,False,SANTA FE,LAS NIEVES,Universidades,152.99,1,PARQUE ZONAL SENDERO A MONSERRATE,792.04,0,0.37,,0.0,0.5,0.0,,0.02,169.14,5.0
2993-M2588632,APARTAMENTO,VENTA,21.28,186.0,3.0,5.0,850000.0,4.0,SANTA BARBARA,6,ENTRE 0 Y 5 ANOS,4.7,-74.03,USADO,,1,1,0,1,1,1,1,0,0,1,False,USAQUEN,LOS ALPES II SECTOR,Calle 127,2911.9,0,PARQUE METROPOLITANO EL COUNTRY,1230.79,0,0.11,,1.33,0.6,0.0,,0.02,560.88,0.0
2456-M4087543,APARTAMENTO,VENTA,21.02,248.0,4.0,5.0,750000.0,3.0,COLINA Y ALREDEDORES,5,ENTRE 5 Y 10 ANOS,4.74,-74.06,USADO,,1,0,0,1,1,1,1,0,0,1,False,SUBA,URB. LA SIRENA,Mazurén,1526.76,0,PARQUE VECINAL DESARROLLO CANTALEJO URBANIZACIÓN CANTALEJO MANZANA B,884.53,0,0.08,,0.75,0.8,0.0,,0.02,607.03,0.0
2456-M4705217,APARTAMENTO,VENTA,20.68,163.0,4.0,5.0,650000.0,2.0,COLINA Y ALREDEDORES,5,ENTRE 5 Y 10 ANOS,4.73,-74.06,USADO,,0,1,0,1,1,1,0,0,0,1,False,SUBA,URB. ATENAS,Gratamira,1117.55,0,PARQUE VECINAL PRADO PINZÓN,1265.04,0,0.13,,0.5,0.8,0.0,,0.02,173.94,2.0
2821-M4515500,APARTAMENTO,VENTA,20.21,87.0,2.0,2.0,489000.0,1.0,CHICO,6,MAS DE 20 ANOS,4.68,-74.05,USADO,,0,0,0,0,1,0,0,0,0,0,False,CHAPINERO,S.C. CHICO NORTE III SECTOR,Calle 100 - Marketmedios,651.53,0,PARQUE VECINAL URBANIZACIÓN NORMANDIA I II II Y IV SECTOR,845.63,0,0.23,,0.5,1.0,0.0,,0.02,222.23,3.0
4186-M4661682,APARTAMENTO,VENTA,19.61,50.0,1.0,2.0,370000.0,1.0,CHAPINERO ALTO,4,ENTRE 0 Y 5 ANOS,4.63,-74.07,USADO,,0,0,0,0,1,1,0,0,0,1,False,CHAPINERO,S.C. SUCRE,Calle 45 - American School Way,253.96,1,PARQUE METROPOLITANO PARQUE NACIONAL (PM2A) ENRIQUE OLAYA HERRERA (SECTOR HISTORICO),787.78,0,0.39,,1.0,0.5,0.0,,0.02,108.64,2.0
5535-M4615169,APARTAMENTO,VENTA,20.61,167.0,3.0,4.0,786000.0,2.0,CERROS DE SUBA,6,MAS DE 20 ANOS,4.71,-74.08,USADO,,0,0,0,0,1,1,0,0,0,1,False,SUBA,URB. LAS PLEYADES,Niza - Calle 127,1153.87,0,PARQUE METROPOLITANO CEFE COMETAS,468.25,1,0.12,,0.67,0.75,0.0,,0.02,1139.49,0.0
3036-M4038831,APARTAMENTO,VENTA,19.92,90.0,3.0,2.0,1100000.0,2.0,SANTA BARBARA,6,ENTRE 10 Y 20 ANOS,4.69,-74.05,USADO,,0,0,0,0,1,1,0,0,0,1,False,USAQUEN,SAN PATRICIO,Calle 106,446.06,1,PARQUE ZONAL CANAL CORDOBA,1726.85,0,0.22,,0.67,1.5,0.0,,0.03,375.02,1.0
16350-M4571414,APARTAMENTO,VENTA,19.49,61.0,2.0,2.0,230000.0,1.0,CEDRITOS,4,ENTRE 10 Y 20 ANOS,4.74,-74.04,USADO,,0,0,0,0,0,1,0,0,0,1,False,USAQUEN,RINCON DEL CEDRO,Mazurén,837.89,0,PARQUE VECINAL DESARROLLO ESTRELLA DEL NORTE,581.2,0,0.32,,0.5,1.0,0.0,,0.03,1186.26,0.0
2996-M2719020,APARTAMENTO,VENTA,20.82,135.0,2.0,3.0,630000.0,2.0,CHAPINERO ALTO,4,ENTRE 0 Y 5 ANOS,4.64,-74.06,USADO,,0,1,0,0,1,0,0,0,0,0,False,CHAPINERO,S.C. LA SALLE,Calle 57,681.71,0,PARQUE ZONAL GUSTAVO URIBE BOTERO,1130.68,0,0.15,,1.0,0.67,0.0,,0.01,1025.5,0.0
5506-M4417181,APARTAMENTO,VENTA,19.76,69.0,3.0,2.0,3921395.93,1.0,CASTILLA MARSELLA,4,ENTRE 0 Y 5 ANOS,4.63,-74.13,USADO,,0,0,0,1,1,1,1,0,0,1,False,KENNEDY,LOS PINOS DE MARSELLA,Marsella,690.31,0,PARQUE ZONAL MARSELLA,383.49,1,0.29,,0.33,1.5,0.0,,0.04,1183.79,0.0
384-M4572183,APARTAMENTO,VENTA,20.34,97.85,2.0,2.0,814000.0,2.0,SANTA BARBARA,6,MAS DE 20 ANOS,4.68,-74.04,USADO,,0,0,0,0,0,0,0,0,0,1,False,USAQUEN,RINCON DEL CHICO,Calle 100 - Marketmedios,1443.7,0,PARQUE ZONAL CANAL EL VIRREY EL CHICO,1623.52,0,0.21,,1.0,1.0,0.0,,0.02,353.38,2.0
2996-M2849673,APARTAMENTO,VENTA,21.28,154.0,2.0,2.0,1100000.0,4.0,CHICO,0,ENTRE 5 Y 10 ANOS,4.67,-74.05,USADO,,0,0,0,0,1,0,0,0,0,0,False,CHAPINERO,S.C. EL CHICO,Calle 85,1243.8,0,PARQUE VECINAL URBANIZACIÓN LA CABRERA,242.96,1,0.14,,2.0,1.0,0.0,,0.01,156.94,1.0
10139-M4600963,APARTAMENTO,VENTA,21.44,135.0,2.0,3.0,3921395.93,2.0,CHICO,6,ENTRE 0 Y 5 ANOS,4.67,-74.05,USADO,,0,0,0,1,1,0,0,0,0,1,False,CHAPINERO,S.C. EL CHICO,Calle 85,1594.18,0,PARQUE VECINAL URBANIZACIÓN LA CABRERA,576.15,0,0.16,,1.0,0.67,0.0,,0.01,502.34,0.0
16399-M4740132,APARTAMENTO,VENTA,19.28,55.0,3.0,2.0,10000.0,1.0,ALTOS DE SUBA Y CERROS DE SAN JORGE,3,REMODELADO,4.72,-74.09,USADO,,0,0,0,1,0,1,0,0,0,1,False,SUBA,BOSQUES DE SAN JORGE,Suba - AV. Boyacá,1634.06,0,PARQUE METROPOLITANO CEFE COMETAS,825.14,0,0.35,,0.33,1.5,0.0,,0.05,1978.33,0.0
4186-M4741268,APARTAMENTO,VENTA,20.02,100.0,3.0,3.0,567900.0,2.0,NIZA ALHAMBRA,5,ENTRE 10 Y 20 ANOS,4.7,-74.07,USADO,,0,1,0,0,1,1,0,0,0,1,False,SUBA,PUENTE LARGO III SECTOR,Suba - Calle 116,325.55,1,PARQUE ZONAL CANAL CORDOBA,517.6,0,0.2,,0.67,1.0,0.0,,0.03,697.54,0.0
10278-M2996663,APARTAMENTO,VENTA,19.94,80.0,2.0,2.0,450000.0,1.0,COUNTRY,5,ENTRE 0 Y 5 ANOS,4.72,-74.05,USADO,,0,0,0,1,1,0,0,0,0,1,False,USAQUEN,LOS CEDROS,Alcalá,383.76,1,PARQUE VECINAL PRADO PINZÓN,670.08,0,0.25,,0.5,1.0,0.0,,0.02,360.47,1.0
44-M4197914,APARTAMENTO,VENTA,20.98,151.0,4.0,3.0,709000.0,2.0,COUNTRY,6,ENTRE 10 Y 20 ANOS,4.71,-74.04,USADO,,0,1,0,1,0,1,0,0,0,0,False,USAQUEN,LA_CAROLINA,Calle 127,1411.4,0,PARQUE METROPOLITANO EL COUNTRY,472.08,1,0.14,,0.5,1.33,0.0,,0.03,470.82,1.0
14384-M4701360,APARTAMENTO,VENTA,19.73,76.0,3.0,2.0,346000.0,1.0,CEDRITOS,4,ENTRE 10 Y 20 ANOS,4.72,-74.04,USADO,,0,0,0,0,1,1,0,0,0,1,False,USAQUEN,CEDRITOS,Alcalá,1827.16,0,PARQUE VECINAL NUEVA URBANIZACIÓN EL CEDRITO,499.49,1,0.26,,0.33,1.5,0.0,,0.04,274.95,1.0
12617-M4145429,APARTAMENTO,VENTA,20.52,116.0,3.0,3.0,696000.0,2.0,NIZA ALHAMBRA,4,ENTRE 0 Y 5 ANOS,4.71,-74.08,USADO,,0,0,0,1,1,1,0,0,0,1,True,SUBA,NIZA SUR,Humedal Córdoba,1141.32,0,PARQUE METROPOLITANO CEFE COMETAS,711.19,0,0.18,,0.67,1.0,0.0,,0.03,1178.53,0.0
2748-M2783624,APARTAMENTO,VENTA,21.79,274.0,3.0,5.0,1700000.0,4.0,CERROS DE SUBA,6,ENTRE 0 Y 5 ANOS,4.72,-74.08,USADO,,1,1,0,1,1,1,1,0,0,1,False,SUBA,S.C. NIZA SUBA,Suba - AV. Boyacá,269.48,1,PARQUE VECINAL AGRUPACIÓN DE VIVIENDA EN BALCON DE LINDARAJA,1056.25,0,0.08,,1.33,0.6,0.0,,0.01,1291.63,0.0
2974-M4072216,APARTAMENTO,VENTA,19.12,51.8,1.0,1.0,243000.0,0.0,CENTRO Y ZONA COLONIAL,3,MAS DE 20 ANOS,4.6,-74.07,USADO,,0,0,0,0,0,1,0,0,0,1,False,SANTA FE,VERACRUZ__,Las Aguas - Centro Colombo Americano,262.05,1,PARQUE METROPOLITANO INDEPENDENCIA BICENTENARIO,962.59,0,0.37,,0.0,1.0,0.0,,0.02,299.43,2.0
2359-M4556783,APARTAMENTO,VENTA,20.91,123.0,3.0,3.0,980000.0,3.0,SANTA BARBARA,6,ENTRE 0 Y 5 ANOS,4.69,-74.05,USADO,,0,0,0,0,0,1,0,0,0,0,False,USAQUEN,SAN PATRICIO,Calle 106,534.8,0,PARQUE ZONAL CANAL CORDOBA,1746.42,0,0.17,,1.0,1.0,0.0,,0.02,258.04,2.0
2974-M4123346,APARTAMENTO,VENTA,19.55,78.0,3.0,2.0,243000.0,1.0,COLINA Y ALREDEDORES,4,MAS DE 20 ANOS,4.73,-74.06,USADO,,0,0,0,0,0,1,0,0,0,1,False,SUBA,URB. EL MORAL II,Calle 146,854.02,0,PARQUE VECINAL URBANIZACIÓN LA LAGUNA,551.93,0,0.25,,0.33,1.5,0.0,,0.04,881.68,0.0
2974-M4495914,APARTAMENTO,VENTA,19.91,78.42,2.0,3.0,513300.0,1.0,NIZA ALHAMBRA,5,MAS DE 20 ANOS,4.71,-74.07,USADO,,0,0,0,0,1,1,0,0,0,1,True,SUBA,NIZA SUR,Humedal Córdoba,352.63,1,PARQUE ZONAL LOS LACHES LA MINA,643.58,0,0.25,,0.5,0.67,0.0,,0.03,640.58,0.0
2993-M2997955,APARTAMENTO,VENTA,21.64,346.0,4.0,5.0,1350000.0,3.0,CHICO,6,REMODELADO,4.68,-74.05,USADO,,0,1,0,0,1,0,0,0,0,1,False,CHAPINERO,S.C. CHICO NORTE,Calle 100 - Marketmedios,913.17,0,PARQUE ZONAL CANAL EL VIRREY EL CHICO,753.38,0,0.06,,0.75,0.8,0.0,,0.01,298.18,3.0
3038-M4200801,APARTAMENTO,VENTA,19.87,92.0,3.0,2.0,520000.0,1.0,NIZA ALHAMBRA,4,MAS DE 20 ANOS,4.7,-74.07,USADO,,0,0,0,0,1,1,0,0,0,1,True,SUBA,NIZA SUR,Humedal Córdoba,229.74,1,PARQUE ZONAL LOS LACHES LA MINA,700.45,0,0.22,,0.33,1.5,0.0,,0.03,696.58,0.0
2147-M4640618,APARTAMENTO,VENTA,19.72,70.0,3.0,2.0,370000.0,1.0,CENTRO NARINO,4,MAS DE 20 ANOS,4.63,-74.1,USADO,,0,0,0,0,0,1,0,0,0,0,False,TEUSAQUILLO,ORTEZAL_,Quinta Paredes,657.27,0,PARQUE VECINAL SANTA CLARA,279.64,1,0.28,,0.33,1.5,0.0,,0.04,829.63,0.0
16272-M4741094,APARTAMENTO,VENTA,21.09,132.0,3.0,4.0,1180000.0,3.0,SANTA BARBARA,5,ENTRE 5 Y 10 ANOS,4.7,-74.05,USADO,,0,0,0,0,1,1,0,0,0,0,False,USAQUEN,SANTA BARBARA OCCIDENTAL,Calle 127,393.42,1,PARQUE ZONAL ATABANZA,1054.13,0,0.16,,1.0,0.75,0.0,,0.02,335.73,3.0
12364-M2821014,APARTAMENTO,VENTA,20.72,250.0,4.0,3.0,650000.0,2.0,SANTA BARBARA,6,MAS DE 20 ANOS,4.69,-74.05,USADO,,0,0,0,0,0,1,0,0,0,1,False,USAQUEN,SANTA BIBIANA,Calle 106,433.04,1,PARQUE VECINAL URBANIZACIÓN NORMANDIA I II II Y IV SECTOR,1574.03,0,0.08,,0.5,1.33,0.0,,0.02,696.06,0.0
359-M3427800,APARTAMENTO,VENTA,21.51,250.0,4.0,5.0,1400000.0,4.0,CERROS DE SUBA,6,ENTRE 5 Y 10 ANOS,4.72,-74.08,USADO,,0,1,0,1,1,1,1,0,0,1,False,SUBA,BELLOMONTE SUBA,Suba - AV. Boyacá,399.22,1,PARQUE VECINAL AGRUPACIÓN DE VIVIENDA EN BALCON DE LINDARAJA,891.64,0,0.09,,1.0,0.8,0.0,,0.02,1385.67,0.0
5395-M4653244,APARTAMENTO,VENTA,20.5,86.0,1.0,2.0,748000.0,2.0,CHICO,6,ENTRE 0 Y 5 ANOS,4.67,-74.05,USADO,,0,1,0,0,1,1,0,0,0,1,False,CHAPINERO,S.C. EL NOGAL,Héroes - Gel´Hada,985.22,0,PARQUE ZONAL SAN ANDRÉS,11.35,1,0.24,,2.0,0.5,0.0,,0.01,190.6,4.0
2996-M4652509,APARTAMENTO,VENTA,20.46,112.0,3.0,3.0,689000.0,2.0,COUNTRY,5,ENTRE 10 Y 20 ANOS,4.7,-74.03,USADO,,0,1,0,1,1,1,0,0,0,1,False,USAQUEN,BELLA SUIZA,Calle 127,2546.87,0,PARQUE METROPOLITANO EL COUNTRY,803.91,0,0.18,,0.67,1.0,0.0,,0.03,674.95,0.0
2748-M2467070,APARTAMENTO,VENTA,20.88,173.0,3.0,5.0,420000.0,3.0,NIZA ALHAMBRA,5,ENTRE 0 Y 5 ANOS,4.71,-74.07,USADO,,0,1,0,1,1,1,1,0,0,1,False,SUBA,BATAN LOTE NIZA XII,Humedal Córdoba,304.24,1,PARQUE ZONAL CANAL CORDOBA,597.28,0,0.12,,1.0,0.6,0.0,,0.02,684.45,0.0
2587-M3493318,APARTAMENTO,VENTA,20.03,90.0,3.0,3.0,490000.0,2.0,CEDRITOS,4,REMODELADO,4.72,-74.03,USADO,,0,1,0,0,0,1,0,0,0,1,False,USAQUEN,BELMIRA,Alcalá,2223.43,0,PARQUE VECINAL NUEVA URBANIZACIÓN EL CEDRITO,477.29,1,0.22,,0.67,1.0,0.0,,0.03,532.16,0.0
10312-M4411433,APARTAMENTO,VENTA,20.95,102.07,2.0,2.0,1000000.0,2.0,CHICO,5,ENTRE 0 Y 5 ANOS,4.67,-74.06,USADO,,0,1,0,1,1,1,0,0,0,1,False,CHAPINERO,S.C. ANTIGUO COUNTRY,Calle 85,178.05,1,PARQUE METROPOLITANO RECONCILIACIÓN,99.81,1,0.21,,1.0,1.0,0.0,,0.02,438.71,3.0
2571-M4411104,APARTAMENTO,VENTA,20.13,175.0,3.0,3.0,3921395.93,1.0,METROPOLIS,4,MAS DE 20 ANOS,4.67,-74.09,USADO,,0,0,0,0,0,0,0,0,0,0,False,BARRIOS UNIDOS,J.J. VARGAS - JOSE JOAQUIN VARGAS,Carrera 53,1316.79,0,PARQUE VECINAL URBANIZACIÓN METROPOLIS,575.43,0,0.12,,0.33,1.0,0.0,,0.02,381.84,1.0
2238-M3759826,APARTAMENTO,VENTA,20.02,89.0,2.0,2.0,310000.0,1.0,SANTA BARBARA,5,MAS DE 20 ANOS,4.7,-74.04,USADO,,0,0,0,0,1,0,0,0,0,1,False,USAQUEN,SANTA BARBARA CENTRAL I SECTOR,Pepe Sierra,1571.42,0,PARQUE METROPOLITANO EL COUNTRY,776.94,0,0.22,,0.5,1.0,0.0,,0.02,558.14,0.0
5586-M4399764,APARTAMENTO,VENTA,21.22,200.0,3.0,4.0,1100000.0,2.0,CHICO,6,MAS DE 20 ANOS,4.67,-74.05,USADO,,0,1,0,1,1,0,0,0,0,1,False,CHAPINERO,LA CABRERA,Héroes - Gel´Hada,1399.79,0,PARQUE VECINAL URBANIZACIÓN LA CABRERA,482.99,1,0.11,,0.67,0.75,0.0,,0.02,504.44,0.0
272-M4596193,APARTAMENTO,VENTA,19.67,68.96,2.0,1.0,300000.0,1.0,NIZA ALHAMBRA,4,MAS DE 20 ANOS,4.71,-74.08,USADO,,0,0,0,0,1,1,0,0,0,1,True,SUBA,NIZA SUR,Humedal Córdoba,877.4,0,PARQUE METROPOLITANO CEFE COMETAS,723.86,0,0.29,,0.5,2.0,0.0,,0.03,876.12,0.0
2587-M3022742,APARTAMENTO,VENTA,21.19,261.05,4.0,5.0,2900000.0,4.0,SANTA BARBARA,6,MAS DE 20 ANOS,4.69,-74.06,USADO,,1,1,0,0,0,1,0,0,0,1,False,USAQUEN,SANTA BIBIANA,Calle 100 - Marketmedios,457.61,1,PARQUE VECINAL URBANIZACIÓN NORMANDIA I II II Y IV SECTOR,1202.93,0,0.08,,1.0,0.8,0.0,,0.02,774.87,0.0
10312-M3682568,APARTAMENTO,VENTA,21.06,144.0,3.0,5.0,980000.0,3.0,SANTA BARBARA,6,ENTRE 5 Y 10 ANOS,4.7,-74.05,USADO,,0,1,0,1,1,1,0,0,0,1,False,USAQUEN,SAN PATRICIO,Pepe Sierra,669.81,0,PARQUE METROPOLITANO EL COUNTRY,1650.61,0,0.15,,1.0,0.6,0.0,,0.02,95.86,3.0
11304-M4733581,APARTAMENTO,VENTA,20.05,80.0,2.0,3.0,626300.0,2.0,COUNTRY,5,ENTRE 5 Y 10 ANOS,4.71,-74.04,USADO,,0,0,0,0,1,1,0,0,0,1,False,USAQUEN,LISBOA_,Prado,1669.74,0,PARQUE VECINAL NUEVA URBANIZACIÓN EL CEDRITO,1079.01,0,0.25,,1.0,0.67,0.0,,0.02,411.98,1.0
13674-M4068021,APARTAMENTO,VENTA,19.73,40.0,1.0,1.0,400000.0,1.0,METROPOLIS,3,ENTRE 0 Y 5 ANOS,4.66,-74.07,USADO,,0,0,0,1,1,1,1,0,0,1,False,BARRIOS UNIDOS,LOS ALCAZARES - URB. SUPERCENTER,AV. Chile,775.77,0,PARQUE ZONAL LA ESTACIÓN,191.18,1,0.49,,1.0,1.0,0.0,,0.02,1282.99,0.0
5161-M4595664,APARTAMENTO,VENTA,20.03,65.0,2.0,2.0,250000.0,1.0,COLINA Y ALREDEDORES,5,ENTRE 0 Y 5 ANOS,4.76,-74.07,USADO,,0,0,0,1,1,1,1,0,0,1,False,SUBA,SAN JOSE V SECTOR,Portal Norte,2228.18,0,PARQUE ZONAL SAN JOSÉ DE BAVARIA,585.03,0,0.31,,0.5,1.0,0.0,,0.03,2242.53,0.0
3204-M2367210,APARTAMENTO,VENTA,20.99,176.0,2.0,3.0,1090000.0,2.0,CHICO,6,MAS DE 20 ANOS,4.66,-74.05,USADO,,0,1,0,0,0,0,0,0,0,1,False,CHAPINERO,S.C. EL NOGAL,Calle 76 - San Felipe,826.75,0,PARQUE ZONAL SAN ANDRÉS,535.01,0,0.12,,1.0,0.67,0.0,,0.01,444.13,3.0
3204-M2693215,APARTAMENTO,VENTA,20.49,94.0,2.0,3.0,530000.0,2.0,CHICO,6,ENTRE 0 Y 5 ANOS,4.68,-74.05,USADO,,0,0,0,1,1,0,0,0,0,1,False,CHAPINERO,S.C. CHICO NORTE,Virrey,752.85,0,PARQUE ZONAL CANAL EL VIRREY EL CHICO,573.71,0,0.22,,1.0,0.67,0.0,,0.02,215.9,2.0
156-M3741385,APARTAMENTO,VENTA,20.41,122.0,3.0,3.0,430000.0,2.0,CEDRITOS,4,ENTRE 5 Y 10 ANOS,4.72,-74.04,USADO,,1,1,0,1,1,1,1,0,0,1,False,USAQUEN,CEDRITOS,Alcalá,1263.06,0,PARQUE VECINAL NUEVA URBANIZACIÓN EL CEDRITO,741.57,0,0.17,,0.67,1.0,0.0,,0.02,386.04,1.0
156-M4687411,APARTAMENTO,VENTA,19.4,61.0,3.0,2.0,210000.0,1.0,ALTOS DE SUBA Y CERROS DE SAN JORGE,3,ENTRE 5 Y 10 ANOS,4.75,-74.09,USADO,,0,0,0,0,1,1,0,0,0,1,False,SUBA,URB. BARANDILLAS DE SUBA,Portal Suba,793.56,0,PARQUE VECINAL URBANIZACIÓN VALLE DE REFOUS,789.89,0,0.32,,0.33,1.5,0.0,,0.05,518.61,0.0
13674-M3751283,APARTAMENTO,VENTA,19.7,64.0,3.0,2.0,300000.0,1.0,COLINA Y ALREDEDORES,4,ENTRE 10 Y 20 ANOS,4.72,-74.07,USADO,,0,0,0,0,0,1,0,0,0,1,False,SUBA,NIZA NORTE - URB. TUMANACO,Suba - AV. Boyacá,431.05,1,PARQUE VECINAL AGRUPACIÓN DE VIVIENDA EN BALCON DE LINDARAJA,691.21,0,0.31,,0.33,1.5,0.0,,0.05,683.44,0.0
156-M4072002,APARTAMENTO,VENTA,20.21,82.73,3.0,2.0,350000.0,2.0,CEDRITOS,4,ENTRE 5 Y 10 ANOS,4.72,-74.05,USADO,,0,0,0,1,1,1,0,0,0,1,False,USAQUEN,LOS CEDRITOS,Calle 142,645.6,0,PARQUE VECINAL PRADO PINZÓN,985.73,0,0.24,,0.67,1.5,0.0,,0.04,512.76,0.0
156-M4393590,APARTAMENTO,VENTA,20.13,107.0,3.0,2.0,410000.0,1.0,ORQUIDEAS,3,ENTRE 10 Y 20 ANOS,4.74,-74.03,USADO,,0,0,0,0,1,1,0,0,0,1,False,USAQUEN,SANTA TERESA,Toberin - Foundever,1846.22,0,PARQUE ZONAL SERVITA,707.55,0,0.19,,0.33,1.5,0.0,,0.03,725.78,0.0
2996-M3386159,APARTAMENTO,VENTA,21.02,324.0,3.0,4.0,1600000.0,3.0,SANTA BARBARA,6,MAS DE 20 ANOS,4.7,-74.04,USADO,,0,0,0,0,1,0,0,0,0,0,False,USAQUEN,SANTA BARBARA CENTRAL II SECTOR,Pepe Sierra,1839.18,0,PARQUE METROPOLITANO EL COUNTRY,883.99,0,0.06,,1.0,0.75,0.0,,0.01,691.24,0.0
2996-M3603908,APARTAMENTO,VENTA,20.37,142.0,3.0,3.0,650000.0,2.0,SANTA BARBARA,6,REMODELADO,4.69,-74.04,USADO,,0,0,0,0,1,0,0,0,0,0,False,USAQUEN,SANTA BARBARA CENTRAL I Y II,Pepe Sierra,1582.09,0,PARQUE METROPOLITANO EL COUNTRY,1271.34,0,0.14,,0.67,1.0,0.0,,0.02,600.11,0.0
488-M4652504,APARTAMENTO,VENTA,20.41,131.55,3.0,4.0,610600.0,2.0,COLINA Y ALREDEDORES,5,ENTRE 10 Y 20 ANOS,4.73,-74.06,USADO,,0,1,0,1,1,1,0,0,0,1,False,SUBA,EL PINAR,Calle 146,1227.76,0,PARQUE VECINAL URBANIZACIÓN LA LAGUNA,702.49,0,0.16,,0.67,0.75,0.0,,0.02,683.47,0.0
5588-M4491886,APARTAMENTO,VENTA,21.3,250.0,3.0,4.0,1400000.0,2.0,CHAPINERO ALTO,4,ENTRE 5 Y 10 ANOS,4.65,-74.05,USADO,,0,0,0,1,1,0,0,0,0,1,False,CHAPINERO,S.C. GRANADA,Calle 63,1119.11,0,PARQUE ZONAL GUSTAVO URIBE BOTERO,353.49,1,0.09,,0.67,0.75,0.0,,0.01,402.93,1.0
2238-M2964053,APARTAMENTO,VENTA,21.25,200.0,3.0,4.0,1300000.0,3.0,SANTA BARBARA,6,ENTRE 10 Y 20 ANOS,4.69,-74.03,USADO,,0,1,0,0,1,1,0,0,0,1,False,USAQUEN,SANTA ANA ORIENTAL,Calle 106,2573.33,0,PARQUE METROPOLITANO EL COUNTRY,1956.49,0,0.11,,1.0,0.75,0.0,,0.02,523.57,0.0
651-M4124857,APARTAMENTO,VENTA,20.98,174.0,3.0,5.0,960000.0,3.0,COUNTRY,5,ENTRE 5 Y 10 ANOS,4.71,-74.05,USADO,,1,1,0,1,1,1,1,0,0,1,False,USAQUEN,,Prado,619.97,0,PARQUE ZONAL ATABANZA,1086.7,0,0.12,,1.0,0.6,0.0,,0.02,592.62,0.0
16449-M4634007,APARTAMENTO,VENTA,20.31,125.0,2.0,2.0,853000.0,2.0,SANTA BARBARA,6,MAS DE 20 ANOS,4.69,-74.04,USADO,,0,1,0,1,0,1,0,0,0,1,False,USAQUEN,MOLINOS NORTE,Calle 106,1830.03,0,PARQUE METROPOLITANO EL COUNTRY,1593.88,0,0.16,,1.0,1.0,0.0,,0.02,283.35,1.0
5483-M4680214,APARTAMENTO,VENTA,20.24,143.0,3.0,3.0,500000.0,1.0,NIZA ALHAMBRA,4,MAS DE 20 ANOS,4.71,-74.08,USADO,,0,0,0,0,0,1,0,0,0,0,True,SUBA,NIZA SUR,Humedal Córdoba,627.94,0,PARQUE ZONAL LOS LACHES LA MINA,600.71,0,0.14,,0.33,1.0,0.0,,0.02,600.18,0.0
384-M4492589,APARTAMENTO,VENTA,19.88,67.77,2.0,3.0,762000.0,1.0,NIZA ALHAMBRA,5,ENTRE 5 Y 10 ANOS,4.7,-74.06,USADO,,0,0,0,0,1,0,0,0,0,1,False,SUBA,EL BATAN,Calle 127,286.95,1,PARQUE ZONAL ATABANZA,773.22,0,0.29,,0.5,0.67,0.0,,0.03,436.8,3.0
2266-M2853170,APARTAMENTO,VENTA,19.74,72.0,2.0,2.0,340000.0,1.0,SANTA BARBARA,4,REMODELADO,4.7,-74.03,USADO,,0,1,0,0,1,0,0,0,0,1,False,USAQUEN,SAN,Calle 127,3141.67,0,PARQUE METROPOLITANO EL COUNTRY,1399.27,0,0.27,,0.5,1.0,0.0,,0.03,941.99,0.0
2368-M4173270,APARTAMENTO,VENTA,20.23,108.77,3.0,3.0,387000.0,1.0,SALITRE MODELIA,4,MAS DE 20 ANOS,4.66,-74.11,USADO,,0,1,0,0,0,1,0,0,0,1,False,FONTIBON,CIUDAD SALITRE,El Tiempo - Maloka,595.72,0,PARQUE ZONAL SAUZALITO,296.85,1,0.19,,0.33,1.0,0.0,,0.03,390.59,4.0
9816-M4443610,APARTAMENTO,VENTA,20.13,60.0,1.0,2.0,432000.0,2.0,CHICO,6,ENTRE 10 Y 20 ANOS,4.69,-74.06,USADO,,0,0,0,1,1,1,0,0,0,1,False,CHAPINERO,S.C. CHICO NORTE III SECTOR,Calle 100 - Marketmedios,205.98,1,PARQUE VECINAL URBANIZACIÓN NORMANDIA I II II Y IV SECTOR,917.79,0,0.34,,2.0,0.5,0.0,,0.02,545.53,0.0
384-3610,APARTAMENTO,VENTA,20.68,99.56,2.0,3.0,612000.0,2.0,COUNTRY,6,ENTRE 5 Y 10 ANOS,4.72,-74.04,USADO,,0,1,0,0,1,0,0,0,0,0,True,USAQUEN,NUEVO COUNTRY,Alcalá,1206.72,0,PARQUE VECINAL NUEVA URBANIZACIÓN EL CEDRITO,1142.33,0,0.21,,1.0,0.67,0.0,,0.02,536.09,0.0
2195-M4444180,APARTAMENTO,VENTA,19.52,54.0,3.0,2.0,260000.0,1.0,ORQUIDEAS,4,MAS DE 20 ANOS,4.75,-74.04,USADO,,0,0,0,0,1,1,0,0,0,1,False,USAQUEN,VILLAS DE ARANJUEZ,Toberin - Foundever,1198.23,0,PARQUE VECINAL URBANIZACIÓN TOBERIN,500.26,0,0.36,,0.33,1.5,0.0,,0.06,134.77,1.0
384-M4658345,APARTAMENTO,VENTA,19.86,66.72,2.0,2.0,247000.0,0.0,RAFAEL URIBE URIBE TUNJUELITO,3,ENTRE 0 Y 5 ANOS,4.59,-74.11,USADO,,1,0,0,1,1,0,0,0,0,1,False,ANTONIO NARINO,SANTANDER_,NQS - Calle 30 S,689.43,0,PARQUE ZONAL VILLA MAYOR CEMENTERIO,737.48,0,0.3,,0.0,1.0,0.0,,0.03,1149.28,0.0
164-M4415139,APARTAMENTO,VENTA,19.66,66.35,3.0,2.0,3921395.93,1.0,COLINA Y ALREDEDORES,4,MAS DE 20 ANOS,4.74,-74.06,USADO,,0,0,0,0,0,0,0,0,0,1,False,SUBA,CANTALEJO,Calle 161,1331.94,0,PARQUE VECINAL DESARROLLO CANTALEJO URBANIZACIÓN CANTALEJO MANZANA B,268.16,1,0.3,,0.33,1.5,0.0,,0.05,1375.44,0.0
164-M4422247,APARTAMENTO,VENTA,19.66,73.94,2.0,2.0,3921395.93,1.0,CEDRITOS,4,MAS DE 20 ANOS,4.73,-74.03,USADO,,0,1,0,0,0,0,0,0,0,1,False,USAQUEN,CEDRO SALAZAR,Calle 142,2117.7,0,PARQUE VECINAL NUEVA URBANIZACIÓN EL CEDRITO,308.75,1,0.27,,0.5,1.0,0.0,,0.03,550.11,0.0
11203-M3333286,APARTAMENTO,VENTA,19.88,77.0,3.0,2.0,481000.0,1.0,SANTA BARBARA,6,MAS DE 20 ANOS,4.69,-74.04,USADO,,0,0,0,0,1,0,0,0,0,0,False,USAQUEN,SANTA BARBARA CENTRAL III SECTOR,Pepe Sierra,2187.52,0,PARQUE METROPOLITANO EL COUNTRY,1119.79,0,0.26,,0.33,1.5,0.0,,0.04,449.49,3.0
384-M4658024,APARTAMENTO,VENTA,19.87,66.72,2.0,2.0,247000.0,1.0,RAFAEL URIBE URIBE TUNJUELITO,3,ENTRE 0 Y 5 ANOS,4.59,-74.11,USADO,,1,0,0,1,1,0,0,0,0,1,False,ANTONIO NARINO,SANTANDER_,NQS - Calle 30 S,689.43,0,PARQUE ZONAL VILLA MAYOR CEMENTERIO,737.48,0,0.3,,0.5,1.0,0.0,,0.03,1149.28,0.0
13194-M4624947,APARTAMENTO,VENTA,20.14,84.0,3.0,3.0,400000.0,2.0,COLINA Y ALREDEDORES,5,ENTRE 0 Y 5 ANOS,4.72,-74.06,USADO,,0,0,0,1,1,1,1,0,0,1,False,SUBA,SAN JOSE DEL PRADO - URB. ECHEVERRIA,Alcalá,1136.69,0,PARQUE VECINAL PRADO PINZÓN,806.48,0,0.24,,0.67,1.0,0.0,,0.04,251.09,1.0
16177-M4572479,APARTAMENTO,VENTA,21.12,300.0,5.0,5.0,1500000.0,4.0,SANTA BARBARA,6,ENTRE 10 Y 20 ANOS,4.69,-74.04,USADO,,0,1,0,1,1,0,0,0,0,1,False,USAQUEN,RINCON DEL CHICO,Calle 100 - Marketmedios,1428.05,0,PARQUE ZONAL CANAL EL VIRREY EL CHICO,1646.4,0,0.07,,0.8,1.0,0.0,,0.02,398.9,2.0
668-M4160762,APARTAMENTO,VENTA,21.25,268.0,3.0,3.0,1561000.0,3.0,COUNTRY,6,MAS DE 20 ANOS,4.71,-74.04,USADO,,0,1,0,1,1,1,0,0,0,1,False,USAQUEN,LA_CAROLINA,Calle 127,1960.85,0,PARQUE METROPOLITANO EL COUNTRY,294.18,1,0.08,,1.0,1.0,0.0,,0.01,666.17,0.0
2147-M4648158,APARTAMENTO,VENTA,20.71,123.0,3.0,3.0,750000.0,2.0,CHICO,6,ENTRE 10 Y 20 ANOS,4.68,-74.05,USADO,,0,1,0,1,0,0,1,0,0,1,False,CHAPINERO,S.C. CHICO NORTE III SECTOR,Calle 100 - Marketmedios,404.09,1,PARQUE VECINAL URBANIZACIÓN NORMANDIA I II II Y IV SECTOR,714.11,0,0.17,,0.67,1.0,0.0,,0.02,168.32,2.0
3390-M4067694,APARTAMENTO,VENTA,21.56,228.0,2.0,4.0,900000.0,2.0,SANTA BARBARA,6,ENTRE 0 Y 5 ANOS,4.69,-74.05,USADO,,1,0,0,1,1,1,0,0,0,1,False,USAQUEN,RINCON DEL CHICO,Calle 106,1260.01,0,PARQUE METROPOLITANO EL COUNTRY,1857.39,0,0.09,,1.0,0.5,0.0,,0.01,563.65,0.0
13674-M4072601,APARTAMENTO,VENTA,21.36,252.0,3.0,3.0,1767000.0,3.0,CHAPINERO ALTO,6,MAS DE 20 ANOS,4.65,-74.05,USADO,,0,0,0,0,1,1,0,0,0,1,False,CHAPINERO,S.C. EMAUS,Flores – Areandina,1017.93,0,PARQUE ZONAL GUSTAVO URIBE BOTERO,386.68,1,0.08,,1.0,1.0,0.0,,0.01,269.38,4.0
272-M4596000,APARTAMENTO,VENTA,19.92,90.0,3.0,2.0,426000.0,1.0,COLINA Y ALREDEDORES,4,ENTRE 10 Y 20 ANOS,4.74,-74.06,USADO,,0,1,0,1,1,1,1,0,0,1,False,SUBA,CASABLANCA (HACIENDA),Calle 161,1874.68,0,PARQUE VECINAL DESARROLLO CANTALEJO URBANIZACIÓN CANTALEJO MANZANA B,822.72,0,0.22,,0.33,1.5,0.0,,0.03,973.36,0.0
11203-M2584610,APARTAMENTO,VENTA,21.25,262.0,3.0,4.0,1080000.0,2.0,CHICO,6,MAS DE 20 ANOS,4.67,-74.04,USADO,,0,1,0,0,1,1,0,0,0,1,False,CHAPINERO,CHICO ORIENTAL,Calle 85,2038.34,0,PARQUE VECINAL URBANIZACIÓN LA CABRERA,992.89,0,0.08,,0.67,0.75,0.0,,0.01,933.0,0.0
171-M3089966,APARTAMENTO,VENTA,20.49,108.84,3.0,3.0,957000.0,2.0,SANTA BARBARA,6,ENTRE 10 Y 20 ANOS,4.7,-74.05,USADO,,0,1,0,0,1,0,0,0,0,1,False,USAQUEN,SAN PATRICIO,Pepe Sierra,317.05,1,PARQUE ZONAL CANAL CORDOBA,1450.26,0,0.19,,0.67,1.0,0.0,,0.03,335.98,1.0
5161-M4595673,APARTAMENTO,VENTA,19.88,60.0,2.0,1.0,420000.0,1.0,SANTA BARBARA,6,MAS DE 20 ANOS,4.7,-74.04,USADO,,0,0,0,0,1,1,0,0,0,1,False,USAQUEN,SANTA BARBARA NORTE,Calle 127,1735.91,0,PARQUE METROPOLITANO EL COUNTRY,101.58,1,0.33,,0.5,2.0,0.0,,0.03,369.54,1.0
3390-M3274298,APARTAMENTO,VENTA,20.62,170.0,3.0,5.0,729000.0,2.0,SANTA BARBARA,6,MAS DE 20 ANOS,4.7,-74.05,USADO,,0,0,0,0,0,1,0,0,0,1,False,USAQUEN,SAN PATRICIO,Pepe Sierra,283.89,1,PARQUE ZONAL CANAL CORDOBA,1417.44,0,0.12,,0.67,0.6,0.0,,0.02,364.35,1.0
3553-M4457934,APARTAMENTO,VENTA,19.76,47.0,2.0,1.0,438000.0,1.0,CHICO,5,MAS DE 20 ANOS,4.68,-74.05,USADO,,0,0,0,0,1,0,0,0,0,1,False,CHAPINERO,S.C. CHICO NORTE III SECTOR,Calle 100 - Marketmedios,912.36,0,PARQUE ZONAL CANAL EL VIRREY EL CHICO,1144.39,0,0.42,,0.5,2.0,0.0,,0.04,171.89,2.0
771-M2555065,APARTAMENTO,VENTA,20.71,192.0,3.0,4.0,700000.0,3.0,CHICO,6,MAS DE 20 ANOS,4.69,-74.05,USADO,,0,1,0,1,1,0,0,0,0,1,False,CHAPINERO,S.C. CHICO NORTE III SECTOR,Calle 100 - Marketmedios,334.71,1,PARQUE VECINAL URBANIZACIÓN NORMANDIA I II II Y IV SECTOR,954.78,0,0.11,,1.0,0.75,0.0,,0.02,476.32,1.0
3390-M2713013,APARTAMENTO,VENTA,21.79,287.0,5.0,5.0,1310000.0,4.0,CHICO,6,ENTRE 10 Y 20 ANOS,4.68,-74.04,USADO,,1,1,0,1,1,0,0,0,0,1,False,CHAPINERO,CHICO RESERVADO,Calle 100 - Marketmedios,1571.98,0,PARQUE VECINAL URBANIZACIÓN LA CABRERA,1320.29,0,0.08,,0.8,1.0,0.0,,0.02,152.57,2.0
3390-M3263086,APARTAMENTO,VENTA,21.46,292.26,3.0,4.0,1500000.0,2.0,CHICO,6,MAS DE 20 ANOS,4.67,-74.04,USADO,,0,1,0,1,0,1,0,0,0,1,False,CHAPINERO,EL REFUGIO,Calle 85,1851.05,0,PARQUE VECINAL URBANIZACIÓN LA CABRERA,790.93,0,0.07,,0.67,0.75,0.0,,0.01,750.23,0.0
2748-M4653630,APARTAMENTO,VENTA,19.76,65.98,2.0,2.0,301000.0,1.0,ORQUIDEAS,4,ENTRE 10 Y 20 ANOS,4.74,-74.03,USADO,,0,0,0,1,1,1,1,0,0,1,False,USAQUEN,VILLAS DE ARANJUEZ,Toberin - Foundever,1543.58,0,PARQUE VECINAL URBANIZACIÓN TOBERIN,705.83,0,0.3,,0.5,1.0,0.0,,0.03,472.15,1.0
754-M3361984,APARTAMENTO,VENTA,20.39,116.0,3.0,4.0,920000.0,2.0,SANTA BARBARA,6,ENTRE 5 Y 10 ANOS,4.69,-74.04,USADO,,0,1,0,0,1,1,0,0,0,1,False,USAQUEN,SANTA BARBARA CENTRAL I Y II,Calle 106,1514.84,0,PARQUE METROPOLITANO EL COUNTRY,1355.98,0,0.18,,0.67,0.75,0.0,,0.03,574.89,0.0
4535-M4413387,APARTAMENTO,VENTA,20.18,72.0,2.0,2.0,480000.0,1.0,CHICO,6,MAS DE 20 ANOS,4.68,-74.05,USADO,,0,1,0,0,1,0,0,0,0,1,False,CHAPINERO,S.C. CHICO NORTE,Calle 100 - Marketmedios,800.72,0,PARQUE ZONAL CANAL EL VIRREY EL CHICO,772.93,0,0.28,,0.5,1.0,0.0,,0.03,278.78,3.0
252-M4293451,APARTAMENTO,VENTA,19.52,75.0,3.0,2.0,201400.0,1.0,KENNEDY,3,ENTRE 0 Y 5 ANOS,4.64,-74.15,USADO,,0,0,0,1,1,1,0,0,0,1,False,KENNEDY,CIUDAD TECHO II,Biblioteca Tintal,800.89,0,PARQUE METROPOLITANO BIBLIOTECA EL TINTAL,437.21,1,0.26,,0.33,1.5,0.0,,0.04,2755.42,0.0
2456-M4509269,APARTAMENTO,VENTA,19.95,90.0,4.0,2.0,320000.0,1.0,COLINA Y ALREDEDORES,4,ENTRE 5 Y 10 ANOS,4.74,-74.06,USADO,,0,0,0,0,1,1,0,0,0,1,False,SUBA,URB. CARIMAGUA I,Calle 161,1062.62,0,PARQUE VECINAL DESARROLLO CANTALEJO URBANIZACIÓN CANTALEJO MANZANA B,235.73,1,0.22,,0.25,2.0,0.0,,0.04,1334.28,0.0
2996-M4413423,APARTAMENTO,VENTA,20.91,160.0,3.0,4.0,930000.0,3.0,SANTA BARBARA,6,ENTRE 10 Y 20 ANOS,4.7,-74.03,USADO,,0,0,0,0,1,1,0,0,0,0,False,USAQUEN,DELICIAS DEL CARMEN,Calle 127,3059.65,0,PARQUE METROPOLITANO EL COUNTRY,1316.85,0,0.13,,1.0,0.75,0.0,,0.02,940.63,0.0
384-M4186646,APARTAMENTO,VENTA,20.66,105.0,2.0,3.0,1132700.0,4.0,CHICO,6,ENTRE 5 Y 10 ANOS,4.67,-74.04,USADO,,0,1,0,1,1,0,0,0,0,1,False,CHAPINERO,EL REFUGIO,Héroes - Gel´Hada,1744.46,0,PARQUE VECINAL URBANIZACIÓN LA CABRERA,727.9,0,0.2,,2.0,0.67,0.0,,0.02,709.74,0.0
754-M3049493,APARTAMENTO,VENTA,20.95,167.0,3.0,4.0,1135000.0,2.0,SANTA BARBARA,6,ENTRE 10 Y 20 ANOS,4.7,-74.05,USADO,,0,1,0,0,0,1,0,0,0,1,False,USAQUEN,SANTA BARBARA OCCIDENTAL,Calle 127,923.57,0,PARQUE METROPOLITANO EL COUNTRY,1007.23,0,0.13,,0.67,0.75,0.0,,0.02,348.43,1.0
754-M2509942,APARTAMENTO,VENTA,20.82,139.0,3.0,3.0,1180000.0,2.0,CHICO,6,ENTRE 5 Y 10 ANOS,4.68,-74.05,USADO,,0,1,0,0,0,1,0,0,0,1,False,CHAPINERO,S.C. CHICO NORTE III SECTOR,Calle 100 - Marketmedios,709.63,0,PARQUE VECINAL URBANIZACIÓN NORMANDIA I II II Y IV SECTOR,1046.74,0,0.15,,0.67,1.0,0.0,,0.02,121.95,3.0
14381-M4729614,APARTAMENTO,VENTA,19.94,84.0,3.0,2.0,140700.0,2.0,COUNTRY,5,ENTRE 10 Y 20 ANOS,4.72,-74.05,USADO,,0,0,0,0,1,1,0,0,0,1,False,USAQUEN,LOS CEDROS,Alcalá,302.27,1,PARQUE VECINAL PRADO PINZÓN,826.39,0,0.24,,0.67,1.5,0.0,,0.04,213.03,1.0
15573-M4684582,APARTAMENTO,VENTA,19.34,60.0,3.0,2.0,253000.0,0.0,ENGATIVA,3,ENTRE 5 Y 10 ANOS,4.7,-74.1,USADO,,0,0,0,0,1,1,0,0,0,1,False,ENGATIVA,PARIS FRANCIA,Carrera 90,152.7,1,PARQUE VECINAL FLORENCIA LOS TRONQUITOS AGRUPACIÓN DE VIVIENDA FLORENCIA II SECTOR,242.01,1,0.32,,0.0,1.5,0.0,,0.05,1203.48,0.0
11203-M3610080,APARTAMENTO,VENTA,20.6,120.0,2.0,2.0,1200000.0,2.0,CHICO,6,MAS DE 20 ANOS,4.67,-74.05,USADO,,0,1,0,0,1,0,0,0,0,1,False,CHAPINERO,LA CABRERA,Calle 85,769.93,0,PARQUE ZONAL CANAL EL VIRREY EL CHICO,187.37,1,0.17,,1.0,1.0,0.0,,0.02,209.87,4.0
14381-M4729370,APARTAMENTO,VENTA,19.78,90.0,3.0,3.0,282000.0,1.0,CEDRITOS,4,REMODELADO,4.73,-74.03,USADO,,0,0,0,0,1,1,0,0,0,1,False,USAQUEN,CEDRO SALAZAR,Calle 146,2054.23,0,PARQUE ZONAL ALTA BLANCA,638.31,0,0.22,,0.33,1.0,0.0,,0.03,165.18,1.0
9816-M4420283,APARTAMENTO,VENTA,20.5,133.0,3.0,3.0,681000.0,2.0,SANTA BARBARA,5,MAS DE 20 ANOS,4.7,-74.05,USADO,,0,0,0,0,1,0,0,0,0,1,False,USAQUEN,SANTA BARBARA OCCIDENTAL,Pepe Sierra,401.29,1,PARQUE ZONAL ATABANZA,1234.44,0,0.15,,0.67,1.0,0.0,,0.02,481.1,1.0
10797-M3819749,APARTAMENTO,VENTA,20.94,220.0,3.0,5.0,800000.0,2.0,COUNTRY,6,MAS DE 20 ANOS,4.71,-74.04,USADO,,0,1,0,0,1,1,0,0,0,1,False,USAQUEN,LA_CAROLINA,Prado,1494.61,0,PARQUE METROPOLITANO EL COUNTRY,498.56,1,0.1,,0.67,0.6,0.0,,0.01,619.01,0.0
2238-M3271670,APARTAMENTO,VENTA,20.0,100.0,4.0,3.0,523000.0,1.0,NIZA ALHAMBRA,5,MAS DE 20 ANOS,4.7,-74.07,USADO,,0,0,0,0,1,1,0,0,0,0,False,SUBA,LA ALHAMBRA SECTOR NORTE,Suba - Calle 116,578.39,0,PARQUE ZONAL CANAL CORDOBA,30.65,1,0.2,,0.25,1.33,0.0,,0.04,1148.64,0.0
16392-M4678824,APARTAMENTO,VENTA,19.92,64.0,3.0,2.0,350000.0,1.0,ORQUIDEAS,4,ENTRE 0 Y 5 ANOS,4.75,-74.03,USADO,,0,0,0,1,1,1,0,0,0,1,False,USAQUEN,EL REDIL,Portal Norte,2034.72,0,PARQUE VECINAL URBANIZACIÓN CALLE 170 / ALAMEDA,1172.71,0,0.31,,0.33,1.5,0.0,,0.05,1084.93,0.0
2359-M3240103,APARTAMENTO,VENTA,19.99,100.0,2.0,3.0,618000.0,1.0,SANTA BARBARA,6,MAS DE 20 ANOS,4.69,-74.04,USADO,,0,1,0,0,1,0,0,0,0,0,False,USAQUEN,SANTA BARBARA CENTRAL II SECTOR,Pepe Sierra,1844.83,0,PARQUE METROPOLITANO EL COUNTRY,1185.75,0,0.2,,0.5,0.67,0.0,,0.02,428.89,1.0
10797-M3353537,APARTAMENTO,VENTA,20.51,150.0,3.0,4.0,1000000.0,2.0,COUNTRY,6,MAS DE 20 ANOS,4.7,-74.04,USADO,,0,1,0,0,1,0,0,0,0,1,False,USAQUEN,SANTA BARBARA NORTE,Calle 127,1552.92,0,PARQUE METROPOLITANO EL COUNTRY,215.31,1,0.14,,0.67,0.75,0.0,,0.02,195.18,1.0
2238-M4515847,APARTAMENTO,VENTA,21.02,138.0,2.0,3.0,1322000.0,2.0,CHICO,6,ENTRE 10 Y 20 ANOS,4.66,-74.05,USADO,,0,0,0,0,0,0,0,0,0,0,False,CHAPINERO,BOSQUE EL RETIRO I SECTOR,Calle 76 - San Felipe,1741.85,0,PARQUE ZONAL SAN ANDRÉS,778.98,0,0.15,,1.0,0.67,0.0,,0.01,922.78,0.0
2456-M4705029,APARTAMENTO,VENTA,21.28,240.0,4.0,5.0,950000.0,3.0,COLINA Y ALREDEDORES,5,ENTRE 5 Y 10 ANOS,4.73,-74.06,USADO,,0,1,0,1,1,1,0,0,0,0,False,SUBA,URB. ATENAS,Gratamira,1117.55,0,PARQUE VECINAL PRADO PINZÓN,1265.04,0,0.09,,0.75,0.8,0.0,,0.02,173.94,2.0
3204-M3155097,APARTAMENTO,VENTA,21.09,243.0,3.0,4.0,1300000.0,3.0,SANTA BARBARA,6,MAS DE 20 ANOS,4.69,-74.05,USADO,,0,1,0,0,1,0,0,0,0,1,False,USAQUEN,SANTA BIBIANA,Calle 106,452.19,1,PARQUE VECINAL URBANIZACIÓN NORMANDIA I II II Y IV SECTOR,1561.49,0,0.09,,1.0,0.75,0.0,,0.01,706.74,0.0
2510-M4088633,APARTAMENTO,VENTA,19.06,35.0,2.0,1.0,70050.0,0.0,CASTILLA MARSELLA,3,ENTRE 10 Y 20 ANOS,4.65,-74.14,USADO,,0,0,0,0,0,1,0,0,0,1,False,KENNEDY,CASTILLA REAL,AV. Américas - AV. Boyacá,1675.78,0,PARQUE VECINAL VILLA ALSACIA,99.59,1,0.54,,0.0,2.0,0.0,,0.06,740.77,0.0
14388-M3442602,APARTAMENTO,VENTA,21.19,230.0,3.0,3.0,1100000.0,2.0,CHICO,6,REMODELADO,4.68,-74.06,USADO,,0,1,0,0,1,1,0,0,0,1,True,CHAPINERO,S.C. CHICO NORTE,Calle 100 - Marketmedios,548.16,0,PARQUE VECINAL URBANIZACIÓN NORMANDIA I II II Y IV SECTOR,472.23,1,0.09,,0.67,1.0,0.0,,0.01,156.27,1.0
10278-M2588859,APARTAMENTO,VENTA,20.95,200.0,3.0,3.0,766000.0,2.0,SANTA BARBARA,6,MAS DE 20 ANOS,4.69,-74.03,USADO,,0,1,0,0,1,0,0,0,0,1,False,USAQUEN,ESCUELA DE CABALLERIA,Calle 106,2497.9,0,PARQUE METROPOLITANO EL COUNTRY,2099.37,0,0.1,,0.67,1.0,0.0,,0.02,572.07,0.0
3147-M4657274,APARTAMENTO,VENTA,19.76,62.0,2.0,2.0,280000.0,1.0,CHAPINERO ALTO,3,ENTRE 5 Y 10 ANOS,4.65,-74.06,USADO,,0,0,0,0,1,0,0,0,0,0,False,CHAPINERO,S.C. CHAPINERO CENTRAL,Calle 63,406.0,1,PARQUE ZONAL GUSTAVO URIBE BOTERO,1038.66,0,0.32,,0.5,1.0,0.0,,0.03,577.71,0.0
14390-M4661998,APARTAMENTO,VENTA,20.29,116.0,4.0,3.0,1300000.0,2.0,CHICO,6,MAS DE 20 ANOS,4.68,-74.05,USADO,,0,0,0,0,1,1,0,0,0,1,False,CHAPINERO,S.C. CHICO NORTE III SECTOR,Calle 100 - Marketmedios,836.95,0,PARQUE ZONAL CANAL EL VIRREY EL CHICO,930.14,0,0.17,,0.5,1.33,0.0,,0.03,325.21,4.0
2996-M3033737,APARTAMENTO,VENTA,20.51,100.0,3.0,3.0,3921395.93,2.0,SANTA BARBARA,6,ENTRE 10 Y 20 ANOS,4.69,-74.06,USADO,,0,0,0,0,1,1,0,0,0,0,False,USAQUEN,SANTA BIBIANA,Calle 106,389.79,1,PARQUE VECINAL URBANIZACIÓN NORMANDIA I II II Y IV SECTOR,1382.87,0,0.21,,0.67,1.0,0.0,,0.03,885.24,0.0
3340-M3706908,APARTAMENTO,VENTA,21.02,230.0,4.0,3.0,1000000.0,2.0,CHICO,6,MAS DE 20 ANOS,4.66,-74.05,USADO,,0,1,0,0,1,0,0,0,0,1,False,CHAPINERO,BELLAVISTA - URB. EL CASTILLO,Calle 72,952.27,0,PARQUE ZONAL GUSTAVO URIBE BOTERO,583.46,0,0.09,,0.5,1.33,0.0,,0.02,229.58,5.0
2355-M2497329,APARTAMENTO,VENTA,19.81,69.88,1.0,2.0,392000.0,1.0,LA SOLEDAD,4,MAS DE 20 ANOS,4.62,-74.07,USADO,,0,1,0,1,1,1,0,0,0,1,False,TEUSAQUILLO,ARMENIA,Calle 34,178.06,1,PARQUE METROPOLITANO EL RENACIMIENTO - PARQUE CEMENTERIO CENTRAL,584.01,0,0.28,,1.0,0.5,0.0,,0.01,558.04,0.0
2974-M4426779,APARTAMENTO,VENTA,20.09,90.0,3.0,2.0,615500.0,2.0,SANTA BARBARA,4,ENTRE 5 Y 10 ANOS,4.71,-74.03,USADO,,0,0,0,0,1,1,0,0,0,1,False,USAQUEN,SAN,Prado,3171.58,0,PARQUE METROPOLITANO EL COUNTRY,1442.11,0,0.22,,0.67,1.5,0.0,,0.03,930.16,0.0
16349-M4657299,APARTAMENTO,VENTA,19.14,45.0,2.0,1.0,250000.0,1.0,ORQUIDEAS,3,MAS DE 20 ANOS,4.74,-74.04,USADO,,0,0,0,0,0,1,0,0,0,1,False,USAQUEN,LAS ORQUIDEAS,Calle 161,1171.93,0,PARQUE ZONAL LA VIDA,163.72,1,0.43,,0.5,2.0,0.0,,0.04,925.04,0.0
16350-M4656914,APARTAMENTO,VENTA,19.9,90.0,3.0,2.0,200000.0,1.0,PUENTE ARANDA,4,ENTRE 0 Y 5 ANOS,4.63,-74.12,USADO,,0,1,0,1,1,1,1,0,0,1,False,PUENTE ARANDA,LA PRADERA,Pradera,538.6,0,PARQUE ZONAL LA IGUALDAD,539.75,0,0.22,,0.33,1.5,0.0,,0.03,1045.0,0.0
3038-M4200850,APARTAMENTO,VENTA,21.34,318.0,5.0,3.0,3921395.93,3.0,CHICO,6,ENTRE 10 Y 20 ANOS,4.68,-74.05,USADO,,0,0,0,0,0,0,0,0,0,0,False,CHAPINERO,CHICO RESERVADO II SECTOR,Calle 100 - Marketmedios,1038.84,0,PARQUE ZONAL CANAL EL VIRREY EL CHICO,1057.09,0,0.07,,0.6,1.67,0.0,,0.02,273.08,3.0
2974-M4121046,APARTAMENTO,VENTA,19.73,76.0,3.0,2.0,392000.0,1.0,NIZA ALHAMBRA,5,MAS DE 20 ANOS,4.71,-74.06,USADO,,0,1,0,0,1,1,0,0,0,1,False,SUBA,EL BATAN,Calle 127,831.98,0,PARQUE ZONAL ATABANZA,424.42,1,0.26,,0.33,1.5,0.0,,0.04,975.65,0.0
2974-M4206130,APARTAMENTO,VENTA,19.95,80.0,3.0,2.0,322000.0,1.0,COLINA Y ALREDEDORES,5,MAS DE 20 ANOS,4.73,-74.06,USADO,,0,1,0,1,1,1,0,0,0,1,False,SUBA,EL PINAR,Calle 146,1405.3,0,PARQUE VECINAL URBANIZACIÓN LA LAGUNA,862.9,0,0.25,,0.33,1.5,0.0,,0.04,530.74,0.0
411-M4292168,APARTAMENTO,VENTA,19.79,55.0,3.0,2.0,233000.0,1.0,COLINA Y ALREDEDORES,4,ENTRE 0 Y 5 ANOS,4.74,-74.07,USADO,,0,0,0,1,1,1,0,0,0,1,False,SUBA,CASABLANCA (HACIENDA),Gratamira,1745.01,0,PARQUE ZONAL EL TOMILLAR,809.55,0,0.36,,0.33,1.5,0.0,,0.05,805.13,0.0
12364-M4195481,APARTAMENTO,VENTA,19.7,82.0,3.0,2.0,274000.0,1.0,ORQUIDEAS,3,ENTRE 0 Y 5 ANOS,4.74,-74.03,USADO,,0,0,0,1,1,1,0,0,0,1,False,USAQUEN,BABILONIA,Toberin - Foundever,1418.35,0,PARQUE VECINAL URBANIZACIÓN TOBERIN,540.76,0,0.24,,0.33,1.5,0.0,,0.04,527.08,0.0
2748-M4651788,APARTAMENTO,VENTA,19.64,66.0,2.0,2.0,361000.0,1.0,CEDRITOS,4,ENTRE 10 Y 20 ANOS,4.73,-74.04,USADO,,0,0,0,0,0,0,0,0,0,1,False,USAQUEN,ACACIAS USAQUEN,Calle 142,1179.63,0,PARQUE VECINAL NUEVA URBANIZACIÓN EL CEDRITO,754.48,0,0.3,,0.5,1.0,0.0,,0.03,727.9,0.0
16268-M4593614,APARTAMENTO,VENTA,19.66,71.24,3.0,2.0,254600.0,1.0,ALTOS DE SUBA Y CERROS DE SAN JORGE,3,ENTRE 5 Y 10 ANOS,4.75,-74.1,USADO,,0,0,0,0,1,1,0,0,0,1,False,SUBA,LOMBARDIA III,Portal Suba,629.88,0,PARQUE VECINAL URBANIZACIÓN VALLE DE REFOUS,710.73,0,0.28,,0.33,1.5,0.0,,0.04,341.23,1.0
2993-M3567810,APARTAMENTO,VENTA,21.06,205.0,3.0,5.0,1268000.0,4.0,CERROS DE SUBA,6,ENTRE 5 Y 10 ANOS,4.72,-74.08,USADO,,0,1,0,1,1,1,0,0,0,1,False,SUBA,BELLOMONTE SUBA,Suba - AV. Boyacá,432.95,1,PARQUE VECINAL AGRUPACIÓN DE VIVIENDA EN BALCON DE LINDARAJA,1098.11,0,0.1,,1.33,0.6,0.0,,0.01,1401.16,0.0
4070-M2819456,APARTAMENTO,VENTA,21.47,240.0,3.0,5.0,1500000.0,4.0,CERROS DE SUBA,6,ENTRE 0 Y 5 ANOS,4.72,-74.08,USADO,,0,0,0,1,1,1,1,0,0,1,False,SUBA,S.C VEREDA SUBA NARANJOS,Suba - AV. Boyacá,750.26,0,PARQUE VECINAL AGRUPACIÓN DE VIVIENDA EN BALCON DE LINDARAJA,502.52,0,0.09,,1.33,0.6,0.0,,0.01,1312.77,0.0
3340-M4693954,APARTAMENTO,VENTA,20.56,102.0,2.0,3.0,523000.0,1.0,SANTA BARBARA,6,ENTRE 5 Y 10 ANOS,4.69,-74.05,USADO,,0,1,0,1,1,0,0,0,0,1,False,USAQUEN,SAN PATRICIO,Calle 106,1036.38,0,PARQUE METROPOLITANO EL COUNTRY,1660.23,0,0.2,,0.5,0.67,0.0,,0.02,215.87,1.0
10312-M3755871,APARTAMENTO,VENTA,20.09,39.0,1.0,1.0,300000.0,1.0,CHICO,5,ENTRE 0 Y 5 ANOS,4.67,-74.06,USADO,,1,0,0,1,1,1,0,0,0,1,False,CHAPINERO,S.C. EL CHICO,Virrey,341.29,1,PARQUE ZONAL CANAL EL VIRREY EL CHICO,318.4,1,0.52,,1.0,1.0,0.0,,0.03,290.72,1.0
2162-M4645778,APARTAMENTO,VENTA,21.25,178.0,3.0,4.0,822000.0,2.0,CHICO,6,ENTRE 10 Y 20 ANOS,4.65,-74.05,USADO,,0,0,0,1,1,0,0,0,0,1,False,CHAPINERO,S.C. LAS ACACIAS,Flores – Areandina,1442.08,0,PARQUE ZONAL GUSTAVO URIBE BOTERO,292.26,1,0.12,,0.67,0.75,0.0,,0.02,628.7,0.0
2996-M3224344,APARTAMENTO,VENTA,20.25,74.0,1.0,2.0,3921395.93,2.0,COUNTRY,6,ENTRE 0 Y 5 ANOS,4.7,-74.04,USADO,,0,0,0,0,1,0,0,0,0,0,False,USAQUEN,SANTA BARBARA NORTE,Calle 127,1488.67,0,PARQUE METROPOLITANO EL COUNTRY,279.6,1,0.27,,2.0,0.5,0.0,,0.01,131.38,1.0
4070-M3345293,APARTAMENTO,VENTA,19.88,49.0,1.0,1.0,237000.0,2.0,SANTA BARBARA,6,ENTRE 0 Y 5 ANOS,4.7,-74.04,USADO,,0,0,0,0,1,0,0,0,0,0,False,USAQUEN,SANTA BARBARA NORTE,Calle 127,1560.17,0,PARQUE METROPOLITANO EL COUNTRY,442.89,1,0.41,,2.0,1.0,0.0,,0.02,249.81,1.0
4394-M4692521,APARTAMENTO,VENTA,19.49,47.0,1.0,2.0,302000.0,1.0,CEDRITOS,4,ENTRE 5 Y 10 ANOS,4.72,-74.04,USADO,,0,0,0,1,1,1,0,0,0,1,False,USAQUEN,CEDRO NARVAEZ,Calle 142,1360.03,0,PARQUE VECINAL NUEVA URBANIZACIÓN EL CEDRITO,572.85,0,0.41,,1.0,0.5,0.0,,0.02,449.78,1.0
10797-M3466724,APARTAMENTO,VENTA,20.61,110.0,3.0,3.0,870000.0,2.0,COUNTRY,6,ENTRE 5 Y 10 ANOS,4.71,-74.04,USADO,,0,1,0,1,1,0,0,0,0,1,False,USAQUEN,LA_CAROLINA,Calle 127,1368.54,0,PARQUE METROPOLITANO EL COUNTRY,441.03,1,0.19,,0.67,1.0,0.0,,0.03,376.95,1.0
11633-M4435950,APARTAMENTO,VENTA,20.99,187.0,3.0,4.0,1900000.0,2.0,CHICO,6,MAS DE 20 ANOS,4.65,-74.05,USADO,,0,1,0,0,1,0,0,0,0,1,False,CHAPINERO,S.C. BELLAVISTA,Flores – Areandina,1449.17,0,PARQUE ZONAL GUSTAVO URIBE BOTERO,351.05,1,0.11,,0.67,0.75,0.0,,0.02,652.21,0.0
11203-M4629908,APARTAMENTO,VENTA,21.31,202.0,3.0,4.0,1800000.0,2.0,CHAPINERO ALTO,6,MAS DE 20 ANOS,4.65,-74.05,USADO,,0,1,0,1,1,0,0,0,0,1,False,CHAPINERO,S.C. LAS ACACIAS,Flores – Areandina,1272.27,0,PARQUE ZONAL GUSTAVO URIBE BOTERO,109.3,1,0.11,,0.67,0.75,0.0,,0.01,435.96,1.0
11203-M4176871,APARTAMENTO,VENTA,21.13,150.0,3.0,3.0,1774000.0,2.0,COUNTRY,6,MAS DE 20 ANOS,4.71,-74.04,USADO,,0,0,0,0,1,0,0,0,0,1,False,USAQUEN,LA_CAROLINA,Calle 127,1493.12,0,PARQUE METROPOLITANO EL COUNTRY,269.93,1,0.14,,0.67,1.0,0.0,,0.02,291.4,1.0
10677-M4275741,APARTAMENTO,VENTA,21.19,137.0,3.0,3.0,750000.0,2.0,COUNTRY,6,MAS DE 20 ANOS,4.72,-74.04,USADO,,0,1,0,0,1,1,0,0,0,1,True,USAQUEN,NUEVO COUNTRY,Alcalá,1166.7,0,PARQUE VECINAL NUEVA URBANIZACIÓN EL CEDRITO,1187.39,0,0.15,,0.67,1.0,0.0,,0.02,582.91,0.0
16475-M4656407,APARTAMENTO,VENTA,19.84,55.0,3.0,2.0,420000.0,1.0,COLINA Y ALREDEDORES,4,ENTRE 0 Y 5 ANOS,4.73,-74.06,USADO,,0,0,0,0,1,1,0,0,0,1,False,SUBA,EL PINAR,Mazurén,754.41,0,PARQUE VECINAL URBANIZACIÓN LA LAGUNA,185.85,1,0.36,,0.33,1.5,0.0,,0.05,1201.41,0.0
356-M3014000,APARTAMENTO,VENTA,21.22,200.0,3.0,4.0,1080000.0,3.0,CHICO,6,MAS DE 20 ANOS,4.66,-74.05,USADO,,0,1,0,0,0,0,0,0,0,1,False,CHAPINERO,URB. BELMONTE,Calle 76 - San Felipe,1524.79,0,PARQUE ZONAL SAN ANDRÉS,728.75,0,0.11,,1.0,0.75,0.0,,0.02,904.74,0.0
384-M4654561,APARTAMENTO,VENTA,19.84,66.68,2.0,2.0,247000.0,1.0,RAFAEL URIBE URIBE TUNJUELITO,3,ENTRE 0 Y 5 ANOS,4.59,-74.11,USADO,,1,0,0,1,1,0,0,0,0,1,False,ANTONIO NARINO,SANTANDER_,NQS - Calle 30 S,689.43,0,PARQUE ZONAL VILLA MAYOR CEMENTERIO,737.48,0,0.3,,0.5,1.0,0.0,,0.03,1149.28,0.0
10278-M4203110,APARTAMENTO,VENTA,19.8,68.03,2.0,2.0,3921395.93,2.0,COUNTRY,5,ENTRE 10 Y 20 ANOS,4.71,-74.03,USADO,,0,0,0,0,0,1,0,0,0,1,False,USAQUEN,GINEBRA NORTE,Prado,2576.15,0,PARQUE METROPOLITANO EL COUNTRY,1074.03,0,0.29,,1.0,1.0,0.0,,0.03,284.45,1.0
12364-M3574862,APARTAMENTO,VENTA,20.37,138.0,3.0,3.0,576000.0,2.0,CEDRITOS,4,ENTRE 10 Y 20 ANOS,4.74,-74.04,USADO,,0,1,0,1,1,1,0,0,0,1,False,USAQUEN,VILLAS DEL MEDITERRANEO,Calle 161,1234.09,0,PARQUE ZONAL LA VIDA,173.14,1,0.15,,0.67,1.0,0.0,,0.02,975.23,0.0
384-M4652956,APARTAMENTO,VENTA,19.63,66.68,3.0,2.0,247000.0,0.0,RAFAEL URIBE URIBE TUNJUELITO,3,ENTRE 0 Y 5 ANOS,4.59,-74.11,USADO,,1,0,0,1,1,0,0,0,0,1,False,ANTONIO NARINO,SANTANDER_,NQS - Calle 30 S,689.43,0,PARQUE ZONAL VILLA MAYOR CEMENTERIO,737.48,0,0.29,,0.0,1.5,0.0,,0.04,1149.28,0.0
384-M4654548,APARTAMENTO,VENTA,19.84,66.72,2.0,2.0,247000.0,1.0,RAFAEL URIBE URIBE TUNJUELITO,3,ENTRE 0 Y 5 ANOS,4.59,-74.11,USADO,,1,0,0,1,1,0,0,0,0,1,False,ANTONIO NARINO,SANTANDER_,NQS - Calle 30 S,689.43,0,PARQUE ZONAL VILLA MAYOR CEMENTERIO,737.48,0,0.3,,0.5,1.0,0.0,,0.03,1149.28,0.0
2996-M3108623,APARTAMENTO,VENTA,20.95,150.0,3.0,2.0,3921395.93,2.0,NIZA ALHAMBRA,5,MAS DE 20 ANOS,4.71,-74.08,USADO,,0,1,0,0,1,1,0,0,0,0,True,SUBA,NIZA SUR,Humedal Córdoba,610.84,0,PARQUE ZONAL LOS LACHES LA MINA,794.6,0,0.14,,0.67,1.5,0.0,,0.02,792.25,0.0
2996-M2647846,APARTAMENTO,VENTA,20.49,110.0,2.0,3.0,782000.0,2.0,CHICO,6,REMODELADO,4.65,-74.05,USADO,,0,0,0,0,1,0,0,0,0,0,False,CHAPINERO,S.C. BELLAVISTA,Calle 72,1075.34,0,PARQUE ZONAL GUSTAVO URIBE BOTERO,455.86,1,0.19,,1.0,0.67,0.0,,0.02,369.4,4.0
3325-M4694667,APARTAMENTO,VENTA,20.11,107.0,3.0,3.0,600000.0,1.0,CHICO,5,MAS DE 20 ANOS,4.66,-74.06,USADO,,0,0,0,0,1,0,0,0,0,1,False,CHAPINERO,S.C. ESPARTILLAL,Calle 76 - San Felipe,577.41,0,PARQUE ZONAL SAN ANDRÉS,491.61,1,0.19,,0.33,1.0,0.0,,0.03,305.07,1.0
164-M4591319,APARTAMENTO,VENTA,19.61,59.1,3.0,2.0,275000.0,1.0,COLINA Y ALREDEDORES,4,REMODELADO,4.74,-74.06,USADO,,0,0,0,0,0,0,0,0,0,1,False,SUBA,CAMPOS DE SILENCIO,Calle 161,824.22,0,PARQUE VECINAL DESARROLLO CANTALEJO URBANIZACIÓN CANTALEJO MANZANA B,257.74,1,0.33,,0.33,1.5,0.0,,0.05,1707.24,0.0
2564-M4472209,APARTAMENTO,VENTA,19.3,62.7,3.0,3.0,3921395.93,1.0,ORQUIDEAS,3,MAS DE 20 ANOS,4.75,-74.04,USADO,,0,0,0,0,0,1,0,0,0,1,False,USAQUEN,ISMENA II,Portal Norte,337.09,1,PARQUE VECINAL URBANIZACIÓN CALLE 170 / ALAMEDA,564.71,0,0.31,,0.33,1.0,0.0,,0.05,993.65,0.0
3340-M3706554,APARTAMENTO,VENTA,20.56,140.0,3.0,3.0,770000.0,2.0,NIZA ALHAMBRA,5,ENTRE 5 Y 10 ANOS,4.71,-74.07,USADO,,0,1,0,1,1,0,0,0,0,1,False,SUBA,BATAN LOTE NIZA XII,Humedal Córdoba,390.77,1,PARQUE ZONAL CANAL CORDOBA,509.43,0,0.15,,0.67,1.0,0.0,,0.02,771.83,0.0
2996-M3033840,APARTAMENTO,VENTA,20.95,142.0,3.0,3.0,3921395.93,2.0,SANTA BARBARA,5,ENTRE 10 Y 20 ANOS,4.7,-74.03,USADO,,0,1,0,0,0,1,0,0,0,0,False,USAQUEN,SANTA BARBARA ORIENTAL,Pepe Sierra,2636.87,0,PARQUE METROPOLITANO EL COUNTRY,1081.44,0,0.15,,0.67,1.0,0.0,,0.02,155.84,2.0
2501-M2557518,APARTAMENTO,VENTA Y ARRIENDO,20.56,178.0,3.0,2.0,800000.0,2.0,SANTA BARBARA,6,ENTRE 5 Y 10 ANOS,4.68,-74.05,USADO,5000000.0,0,0,0,0,0,0,0,0,0,0,False,USAQUEN,RINCON DEL CHICO,Calle 100 - Marketmedios,1321.98,0,PARQUE ZONAL CANAL EL VIRREY EL CHICO,1541.35,0,0.12,28089.89,0.67,1.5,0.0,6.25,0.02,297.83,2.0
2266-M4617970,APARTAMENTO,VENTA,19.81,44.0,1.0,2.0,360000.0,1.0,NIZA ALHAMBRA,4,ENTRE 0 Y 5 ANOS,4.7,-74.07,USADO,,0,0,0,0,0,1,0,0,0,0,True,SUBA,NIZA SUR,Suba - Calle 116,407.81,1,PARQUE ZONAL MORATO,619.35,0,0.45,,1.0,0.5,0.0,,0.02,901.29,0.0
4933-M3851765,APARTAMENTO,VENTA,20.52,159.79,4.0,4.0,532800.0,2.0,SANTA BARBARA,6,MAS DE 20 ANOS,4.69,-74.05,USADO,,0,1,0,0,1,0,0,0,0,1,False,USAQUEN,SAN PATRICIO,Calle 106,462.83,1,PARQUE ZONAL CANAL CORDOBA,1615.03,0,0.13,,0.5,1.0,0.0,,0.03,270.21,1.0
11369-M4597833,APARTAMENTO,VENTA,20.86,226.0,4.0,5.0,969300.0,3.0,SANTA BARBARA,6,ENTRE 10 Y 20 ANOS,4.7,-74.05,USADO,,0,1,0,0,0,0,0,0,0,1,False,USAQUEN,SANTA BARBARA OCCIDENTAL,Pepe Sierra,940.57,0,PARQUE METROPOLITANO EL COUNTRY,1104.31,0,0.09,,0.75,0.8,0.0,,0.02,162.87,1.0
11369-M3857392,APARTAMENTO,VENTA,20.61,135.0,3.0,4.0,601000.0,2.0,COUNTRY,5,ENTRE 10 Y 20 ANOS,4.71,-74.03,USADO,,0,1,0,1,1,1,1,0,0,1,False,USAQUEN,LISBOA_,Prado,2276.27,0,PARQUE VECINAL NUEVA URBANIZACIÓN EL CEDRITO,1033.44,0,0.15,,0.67,0.75,0.0,,0.02,305.97,3.0
2266-M2423413,APARTAMENTO,VENTA,20.49,110.0,2.0,3.0,780000.0,2.0,CHICO,6,ENTRE 10 Y 20 ANOS,4.68,-74.04,USADO,,0,0,0,0,0,0,0,0,0,0,False,CHAPINERO,CHICO RESERVADO,Calle 100 - Marketmedios,1517.69,0,PARQUE ZONAL CANAL EL VIRREY EL CHICO,1293.59,0,0.19,,1.0,0.67,0.0,,0.02,138.15,2.0
4957-M4081027,APARTAMENTO,VENTA,20.63,110.0,2.0,2.0,1300000.0,2.0,CHAPINERO ALTO,5,ENTRE 10 Y 20 ANOS,4.65,-74.05,USADO,,0,1,0,0,1,0,0,0,0,1,False,CHAPINERO,S.C. GRANADA,Flores – Areandina,1084.59,0,PARQUE ZONAL GUSTAVO URIBE BOTERO,214.48,1,0.19,,1.0,1.0,0.0,,0.02,247.23,1.0
11203-M4643234,APARTAMENTO,VENTA,20.92,150.0,3.0,3.0,900000.0,2.0,COUNTRY,6,MAS DE 20 ANOS,4.71,-74.04,USADO,,0,1,0,1,1,1,0,0,0,1,False,USAQUEN,SABANALARGA,Calle 127,1147.01,0,PARQUE METROPOLITANO EL COUNTRY,697.34,0,0.14,,0.67,1.0,0.0,,0.02,530.45,0.0
9816-M3892097,APARTAMENTO,VENTA,20.67,160.0,2.0,2.0,490000.0,2.0,COUNTRY,5,MAS DE 20 ANOS,4.71,-74.05,USADO,,0,1,0,0,0,0,0,0,0,1,False,USAQUEN,,Prado,349.04,1,PARQUE ZONAL ATABANZA,880.21,0,0.13,,1.0,1.0,0.0,,0.01,591.36,0.0
2996-M4073097,APARTAMENTO,VENTA,20.67,91.0,2.0,3.0,519000.0,2.0,SANTA BARBARA,6,ENTRE 0 Y 5 ANOS,4.69,-74.05,USADO,,0,0,0,0,1,0,0,0,0,0,False,USAQUEN,SAN PATRICIO,Calle 106,894.35,0,PARQUE METROPOLITANO EL COUNTRY,1777.49,0,0.23,,1.0,0.67,0.0,,0.02,247.58,1.0
272-M4695147,APARTAMENTO,VENTA,19.55,42.22,2.0,1.0,261000.0,1.0,CENTRO NARINO,4,ENTRE 10 Y 20 ANOS,4.63,-74.1,USADO,,0,0,0,0,1,1,0,0,0,1,False,TEUSAQUILLO,SANTA CLARA,Quinta Paredes,680.45,0,PARQUE VECINAL SANTA CLARA,59.61,1,0.46,,0.5,2.0,0.0,,0.05,643.51,0.0
2162-M4695325,APARTAMENTO,VENTA,20.89,118.0,2.0,3.0,500000.0,1.0,CHICO,5,MAS DE 20 ANOS,4.66,-74.05,USADO,,0,0,0,0,1,0,0,0,0,1,False,CHAPINERO,S.C. EL NOGAL,Calle 76 - San Felipe,828.26,0,PARQUE ZONAL SAN ANDRÉS,405.07,1,0.18,,0.5,0.67,0.0,,0.02,496.83,1.0
3436-M3683008,APARTAMENTO,VENTA,19.99,75.0,2.0,2.0,486000.0,1.0,CHAPINERO ALTO,4,MAS DE 20 ANOS,4.65,-74.06,USADO,,0,0,0,0,1,1,0,0,0,1,False,CHAPINERO,S.C. GRANADA,Calle 63,819.93,0,PARQUE ZONAL GUSTAVO URIBE BOTERO,609.3,0,0.27,,0.5,1.0,0.0,,0.03,365.96,1.0
2162-M4500974,APARTAMENTO,VENTA,20.91,180.0,3.0,4.0,730000.0,2.0,COUNTRY,5,REMODELADO,4.71,-74.05,USADO,,0,1,0,1,1,1,0,0,0,1,False,USAQUEN,COUNTRY CLUB - URB. QUIRA,Prado,574.19,0,PARQUE ZONAL ATABANZA,1325.11,0,0.12,,0.67,0.75,0.0,,0.02,647.54,0.0
2993-M2405603,APARTAMENTO,VENTA,20.49,125.0,3.0,4.0,397000.0,2.0,COLINA Y ALREDEDORES,5,ENTRE 5 Y 10 ANOS,4.74,-74.06,USADO,,0,1,0,1,1,1,1,0,0,1,False,SUBA,URB. LA SIRENA,Mazurén,1546.43,0,PARQUE VECINAL URBANIZACIÓN LA LAGUNA,992.58,0,0.16,,0.67,0.75,0.0,,0.02,492.96,1.0
512-M4690333,APARTAMENTO,VENTA,19.37,55.0,2.0,2.0,240000.0,1.0,ORQUIDEAS,3,ENTRE 0 Y 5 ANOS,4.76,-74.03,USADO,,0,0,0,0,1,1,0,0,0,1,False,USAQUEN,SAN ANTONIO NORTE,Calle 187,1876.88,0,PARQUE VECINAL URBANIZACIÓN CALLE 170 / ALAMEDA,1273.77,0,0.35,,0.5,1.0,0.0,,0.04,1656.2,0.0
3204-M2525717,APARTAMENTO,VENTA,21.47,230.0,4.0,5.0,1630000.0,1.0,CHICO,6,REMODELADO,4.66,-74.05,USADO,,0,0,0,0,0,1,0,0,0,0,False,CHAPINERO,PINAR ALTO - PINAR II,Calle 76 - San Felipe,1507.26,0,PARQUE ZONAL SAN ANDRÉS,599.95,0,0.09,,0.25,0.8,0.0,,0.02,769.95,0.0
3204-M4374812,APARTAMENTO,VENTA,21.7,307.0,3.0,4.0,1921000.0,2.0,CHICO,6,MAS DE 20 ANOS,4.67,-74.05,USADO,,0,1,0,0,1,0,0,0,0,1,False,CHAPINERO,LA CABRERA,Calle 85,1561.05,0,PARQUE VECINAL URBANIZACIÓN LA CABRERA,501.0,0,0.07,,0.67,0.75,0.0,,0.01,463.64,1.0
13674-M3752217,APARTAMENTO,VENTA,19.92,121.0,3.0,4.0,379000.0,1.0,NIZA ALHAMBRA,4,MAS DE 20 ANOS,4.71,-74.08,USADO,,0,0,0,0,0,1,0,0,0,1,True,SUBA,NIZA SUR,Niza - Calle 127,700.57,0,PARQUE VECINAL AGRUPACIÓN DE VIVIENDA EN BALCON DE LINDARAJA,621.43,0,0.16,,0.33,0.75,0.0,,0.02,687.4,0.0
3229-M4401495,APARTAMENTO,VENTA,21.11,141.2,3.0,4.0,860000.0,2.0,SANTA BARBARA,6,ENTRE 0 Y 5 ANOS,4.69,-74.04,USADO,,0,0,0,0,0,0,0,0,0,0,False,USAQUEN,SANTA BARBARA CENTRAL I Y II,Calle 106,1530.11,0,PARQUE METROPOLITANO EL COUNTRY,1508.96,0,0.15,,0.67,0.75,0.0,,0.02,576.36,0.0
3204-M2777160,APARTAMENTO,VENTA,21.73,324.0,3.0,4.0,1991000.0,4.0,CHICO,6,MAS DE 20 ANOS,4.66,-74.05,USADO,,1,1,0,0,1,0,0,0,0,1,False,CHAPINERO,LOS ROSALES,Calle 72,1560.82,0,PARQUE ZONAL GUSTAVO URIBE BOTERO,826.35,0,0.07,,1.33,0.75,0.0,,0.01,814.09,0.0
156-M4071978,APARTAMENTO,VENTA,20.51,136.0,4.0,4.0,420000.0,2.0,CEDRITOS,4,ENTRE 5 Y 10 ANOS,4.72,-74.04,USADO,,1,0,0,1,1,0,1,0,0,1,False,USAQUEN,CEDRO NARVAEZ,Calle 142,1302.83,0,PARQUE VECINAL NUEVA URBANIZACIÓN EL CEDRITO,651.06,0,0.15,,0.5,1.0,0.0,,0.03,430.2,1.0
3702-M4699989,APARTAMENTO,VENTA,20.5,106.0,2.0,3.0,560000.0,2.0,SANTA BARBARA,6,ENTRE 10 Y 20 ANOS,4.69,-74.05,USADO,,0,1,0,1,1,0,0,0,0,1,False,USAQUEN,SANTA BIBIANA,Calle 106,403.21,1,PARQUE ZONAL CANAL CORDOBA,1699.41,0,0.19,,1.0,0.67,0.0,,0.02,410.85,1.0
2731-M4600145,APARTAMENTO,VENTA,20.47,105.0,3.0,3.0,996000.0,2.0,SANTA BARBARA,6,ENTRE 5 Y 10 ANOS,4.69,-74.04,USADO,,0,0,0,0,1,0,0,0,0,1,False,USAQUEN,SANTA BARBARA CENTRAL I Y II,Calle 106,1512.62,0,PARQUE METROPOLITANO EL COUNTRY,1641.95,0,0.19,,0.67,1.0,0.0,,0.03,602.93,0.0
754-M2753198,APARTAMENTO,VENTA,21.41,201.0,2.0,3.0,1450000.0,3.0,CHICO,6,ENTRE 10 Y 20 ANOS,4.67,-74.04,USADO,,0,1,0,0,1,1,0,0,0,1,False,CHAPINERO,S.C. CHICO NORTE,Virrey,1704.4,0,PARQUE VECINAL URBANIZACIÓN LA CABRERA,896.45,0,0.11,,1.5,0.67,0.0,,0.01,557.03,0.0
2731-M4197213,APARTAMENTO,VENTA,20.29,120.0,3.0,3.0,273000.0,2.0,NIZA ALHAMBRA,5,MAS DE 20 ANOS,4.7,-74.06,USADO,,0,1,0,0,0,0,0,0,0,0,False,SUBA,EL BATAN,Calle 127,268.7,1,PARQUE ZONAL ATABANZA,773.7,0,0.17,,0.67,1.0,0.0,,0.02,416.08,3.0
9859-M4653602,APARTAMENTO,VENTA,20.58,102.6,2.0,3.0,796000.0,2.0,SANTA BARBARA,6,ENTRE 0 Y 5 ANOS,4.7,-74.05,USADO,,1,0,0,1,1,0,0,0,0,1,False,USAQUEN,SAN PATRICIO,Calle 106,296.66,1,PARQUE ZONAL CANAL CORDOBA,1370.96,0,0.2,,1.0,0.67,0.0,,0.02,492.35,1.0
2359-M4552917,APARTAMENTO,VENTA,21.31,209.0,3.0,4.0,1700000.0,2.0,CHICO,6,REMODELADO,4.65,-74.05,USADO,,0,0,0,0,1,0,0,0,0,0,False,CHAPINERO,S.C. LAS ACACIAS,Flores – Areandina,1454.36,0,PARQUE ZONAL GUSTAVO URIBE BOTERO,237.97,1,0.1,,0.67,0.75,0.0,,0.01,625.18,0.0
754-M2777560,APARTAMENTO,VENTA,21.6,300.0,3.0,4.0,2560000.0,3.0,CHICO,6,ENTRE 10 Y 20 ANOS,4.67,-74.04,USADO,,0,1,0,0,0,1,0,0,0,1,False,CHAPINERO,EL REFUGIO,Héroes - Gel´Hada,1989.3,0,PARQUE VECINAL URBANIZACIÓN LA CABRERA,947.15,0,0.07,,1.0,0.75,0.0,,0.01,916.49,0.0
675-M2658611,APARTAMENTO,VENTA,19.8,68.0,2.0,3.0,100000.0,1.0,COUNTRY,5,MAS DE 20 ANOS,4.72,-74.04,USADO,,0,1,0,0,0,0,0,0,0,1,False,USAQUEN,COUNTRY CLUB,Prado,1139.64,0,PARQUE VECINAL NUEVA URBANIZACIÓN EL CEDRITO,1302.23,0,0.29,,0.5,0.67,0.0,,0.03,693.22,0.0
754-M3316295,APARTAMENTO,VENTA,21.06,275.0,3.0,4.0,1500000.0,4.0,SANTA BARBARA,6,MAS DE 20 ANOS,4.7,-74.05,USADO,,0,1,0,1,1,1,0,0,0,1,False,USAQUEN,SANTA BARBARA OCCIDENTAL,Pepe Sierra,207.54,1,PARQUE ZONAL ATABANZA,1171.28,0,0.08,,1.33,0.75,0.0,,0.01,575.75,0.0
2359-M2580553,APARTAMENTO,VENTA,21.64,178.0,3.0,4.0,1880000.0,4.0,CHICO,6,ENTRE 0 Y 5 ANOS,4.66,-74.05,USADO,,1,1,0,0,1,1,0,0,0,0,False,CHAPINERO,LOS ROSALES,Calle 72,1652.06,0,PARQUE ZONAL GUSTAVO URIBE BOTERO,903.96,0,0.12,,1.33,0.75,0.0,,0.02,908.1,0.0
164-M3044701,APARTAMENTO,VENTA,21.67,334.0,3.0,4.0,1600000.0,4.0,CHICO,6,REMODELADO,4.66,-74.05,USADO,,0,0,0,0,0,0,0,0,0,0,False,CHAPINERO,S.C. EL NOGAL,Héroes - Gel´Hada,1170.13,0,PARQUE ZONAL SAN ANDRÉS,190.13,1,0.06,,1.33,0.75,0.0,,0.01,340.69,3.0
2359-M2580467,APARTAMENTO,VENTA,20.37,83.0,1.0,2.0,800000.0,2.0,CHICO,6,ENTRE 0 Y 5 ANOS,4.66,-74.05,USADO,,0,1,0,0,1,0,0,0,0,0,False,CHAPINERO,LOS ROSALES,Calle 72,1544.92,0,PARQUE ZONAL GUSTAVO URIBE BOTERO,732.25,0,0.25,,2.0,0.5,0.0,,0.01,793.52,0.0
2571-M2836161,APARTAMENTO,VENTA,19.99,92.0,3.0,2.0,376000.0,1.0,NIZA ALHAMBRA,4,MAS DE 20 ANOS,4.7,-74.06,USADO,,0,0,0,0,0,1,0,0,0,1,False,SUBA,EL BATAN,Calle 127,532.26,0,PARQUE ZONAL ATABANZA,536.64,0,0.22,,0.33,1.5,0.0,,0.03,699.26,0.0
917-M4260499,APARTAMENTO,VENTA,21.53,300.0,4.0,5.0,3000000.0,4.0,SANTA BARBARA,6,MAS DE 20 ANOS,4.68,-74.03,USADO,,1,1,0,1,1,1,0,0,0,1,False,USAQUEN,SANTA ANA ORIENTAL,Calle 106,3052.6,0,PARQUE METROPOLITANO EL COUNTRY,2402.16,0,0.07,,1.0,0.8,0.0,,0.01,897.65,0.0
2996-M3808063,APARTAMENTO,VENTA,21.82,326.0,3.0,4.0,2500000.0,4.0,CHICO,6,ENTRE 10 Y 20 ANOS,4.67,-74.05,USADO,,0,0,0,0,1,0,0,0,0,0,False,CHAPINERO,S.C. EL CHICO,Virrey,1207.36,0,PARQUE VECINAL URBANIZACIÓN LA CABRERA,446.68,1,0.07,,1.33,0.75,0.0,,0.01,345.32,3.0
917-M4244439,APARTAMENTO,VENTA,21.51,270.0,3.0,5.0,2000000.0,3.0,SANTA BARBARA,6,MAS DE 20 ANOS,4.69,-74.03,USADO,,1,1,0,1,1,0,0,0,0,1,False,USAQUEN,SANTA ANA ORIENTAL,Calle 106,2717.31,0,PARQUE METROPOLITANO EL COUNTRY,1915.33,0,0.08,,1.0,0.6,0.0,,0.01,437.97,2.0
11633-M4175103,APARTAMENTO,VENTA,19.91,80.0,2.0,3.0,770000.0,1.0,SANTA BARBARA,6,MAS DE 20 ANOS,4.69,-74.05,USADO,,0,1,0,0,1,0,0,0,0,1,False,USAQUEN,SANTA BIBIANA,Calle 106,892.89,0,PARQUE VECINAL URBANIZACIÓN NORMANDIA I II II Y IV SECTOR,1803.28,0,0.25,,0.5,0.67,0.0,,0.02,421.46,1.0
15573-M4171586,APARTAMENTO,VENTA,21.73,260.0,4.0,5.0,1980000.0,3.0,CHICO,6,ENTRE 5 Y 10 ANOS,4.67,-74.04,USADO,,0,1,0,1,1,1,0,0,0,1,False,CHAPINERO,CHICO ORIENTAL,Calle 85,1857.08,0,PARQUE VECINAL URBANIZACIÓN LA CABRERA,820.79,0,0.08,,0.75,0.8,0.0,,0.02,755.71,0.0
675-M4174260,APARTAMENTO,VENTA,19.74,56.0,1.0,2.0,312000.0,1.0,CEDRITOS,4,ENTRE 0 Y 5 ANOS,4.72,-74.03,USADO,,0,0,0,1,1,1,0,0,0,1,False,USAQUEN,LOS CEDROS ORIENTAL,Calle 142,2408.66,0,PARQUE VECINAL NUEVA URBANIZACIÓN EL CEDRITO,488.88,1,0.35,,1.0,0.5,0.0,,0.02,798.65,0.0
2238-M3114481,APARTAMENTO,VENTA,20.07,117.0,3.0,2.0,855000.0,2.0,SANTA BARBARA,6,MAS DE 20 ANOS,4.69,-74.04,USADO,,0,1,0,0,1,0,0,0,0,1,False,USAQUEN,RINCON DEL CHICO,Calle 106,1480.67,0,PARQUE ZONAL CANAL EL VIRREY EL CHICO,1885.39,0,0.17,,0.67,1.5,0.0,,0.03,603.52,0.0
771-M2614401,APARTAMENTO,VENTA,20.5,131.0,3.0,3.0,400000.0,2.0,CORTIJO AUTOPISTA MEDELLIN,6,ENTRE 0 Y 5 ANOS,4.71,-74.09,USADO,,1,1,0,1,1,1,1,0,0,1,False,SUBA,BOSQUES DE SAN JORGE,Suba - AV. Boyacá,1600.95,0,PARQUE METROPOLITANO CEFE COMETAS,572.7,0,0.16,,0.67,1.0,0.0,,0.02,1785.05,0.0
438-M3994282,APARTAMENTO,VENTA,20.39,102.0,3.0,3.0,600000.0,2.0,NICOLAS DE FEDERMAN,5,ENTRE 10 Y 20 ANOS,4.65,-74.08,USADO,,0,1,0,1,1,1,0,0,0,1,False,TEUSAQUILLO,NICOLAS DE FEDERMAN,Movistar Arena,695.34,0,PARQUE ZONAL NICOLAS DE FEDERMAN 3,220.42,1,0.2,,0.67,1.0,0.0,,0.03,760.24,0.0
533-M4741653,APARTAMENTO,VENTA,20.18,135.3,3.0,4.0,711000.0,2.0,COUNTRY,5,MAS DE 20 ANOS,4.72,-74.04,USADO,,0,1,0,0,1,0,0,0,0,1,False,USAQUEN,EL CONTADOR,Alcalá,838.88,0,PARQUE VECINAL NUEVA URBANIZACIÓN EL CEDRITO,1172.03,0,0.15,,0.67,0.75,0.0,,0.02,339.97,1.0
10145-M4462258,APARTAMENTO,VENTA,19.92,75.0,3.0,2.0,479000.0,2.0,COUNTRY,5,ENTRE 10 Y 20 ANOS,4.72,-74.05,USADO,,0,0,0,0,1,1,0,0,0,1,False,USAQUEN,LOS CEDROS,Alcalá,454.07,1,PARQUE VECINAL PRADO PINZÓN,823.38,0,0.27,,0.67,1.5,0.0,,0.04,222.09,1.0
10278-M3643108,APARTAMENTO,VENTA,21.53,280.0,3.0,4.0,1100000.0,4.0,CERROS DE SUBA,6,ENTRE 0 Y 5 ANOS,4.72,-74.08,USADO,,0,1,0,1,1,1,1,0,0,1,False,SUBA,BELLOMONTE SUBA,Gratamira,614.79,0,PARQUE VECINAL AGRUPACIÓN DE VIVIENDA EN BALCON DE LINDARAJA,1079.86,0,0.08,,1.33,0.75,0.0,,0.01,1638.9,0.0
3312-M4705252,APARTAMENTO,VENTA,21.68,319.0,4.0,4.0,1850000.0,4.0,SANTA BARBARA,5,ENTRE 10 Y 20 ANOS,4.69,-74.05,USADO,,0,1,0,0,1,0,0,0,0,1,False,USAQUEN,RINCON DEL CHICO,Calle 106,1175.34,0,PARQUE METROPOLITANO EL COUNTRY,1853.42,0,0.07,,1.0,1.0,0.0,,0.01,497.64,1.0
14241-M3919834,APARTAMENTO,VENTA,20.88,229.0,5.0,4.0,1600000.0,4.0,SANTA BARBARA,6,MAS DE 20 ANOS,4.7,-74.05,USADO,,0,1,0,0,1,1,0,0,0,1,False,USAQUEN,SAN PATRICIO,Pepe Sierra,224.84,1,PARQUE ZONAL CANAL CORDOBA,1380.1,0,0.09,,0.8,1.25,0.0,,0.02,386.33,1.0
10139-M4513848,APARTAMENTO,VENTA,21.01,172.0,2.0,3.0,1273300.0,2.0,CHICO,5,MAS DE 20 ANOS,4.67,-74.06,USADO,,0,1,0,0,1,0,0,0,0,1,False,CHAPINERO,S.C. ANTIGUO COUNTRY,Calle 85,381.75,1,PARQUE ZONAL CANAL EL VIRREY EL CHICO,281.35,1,0.12,,1.0,0.67,0.0,,0.01,251.96,3.0
2355-M2609203,APARTAMENTO,VENTA,20.91,148.2,2.0,3.0,1109500.0,2.0,CHICO,6,ENTRE 10 Y 20 ANOS,4.68,-74.06,USADO,,0,1,0,1,1,0,0,0,0,1,False,CHAPINERO,S.C. CHICO NORTE III SECTOR,Calle 100 - Marketmedios,254.47,1,PARQUE VECINAL URBANIZACIÓN NORMANDIA I II II Y IV SECTOR,553.12,0,0.14,,1.0,0.67,0.0,,0.01,317.7,1.0
3147-M4515050,APARTAMENTO,VENTA,20.15,98.0,3.0,3.0,480000.0,1.0,NICOLAS DE FEDERMAN,5,ENTRE 10 Y 20 ANOS,4.65,-74.08,USADO,,0,0,0,0,1,0,0,0,0,0,False,TEUSAQUILLO,NICOLAS DE FEDERMAN,Movistar Arena,359.07,1,PARQUE ZONAL NICOLAS DE FEDERMAN 3,285.48,1,0.21,,0.33,1.0,0.0,,0.03,447.58,1.0
3074-M4612937,APARTAMENTO,VENTA,19.72,66.0,3.0,3.0,322000.0,1.0,FONTIBON TINTAL,4,ENTRE 0 Y 5 ANOS,4.66,-74.13,USADO,,0,0,0,0,1,0,0,0,0,1,False,FONTIBON,EL TINTAL A.S.D.,Normandía,2417.94,0,PARQUE VECINAL VILLA ALSACIA,1585.98,0,0.3,,0.33,1.0,0.0,,0.05,555.59,0.0
2996-M4613097,APARTAMENTO,VENTA,20.89,179.0,3.0,4.0,776000.0,2.0,SANTA BARBARA,5,ENTRE 5 Y 10 ANOS,4.7,-74.05,USADO,,0,1,0,1,1,0,0,0,0,0,False,USAQUEN,SANTA BARBARA OCCIDENTAL,Pepe Sierra,897.64,0,PARQUE METROPOLITANO EL COUNTRY,1110.1,0,0.12,,0.67,0.75,0.0,,0.02,217.36,1.0
668-M4154591,APARTAMENTO,VENTA,20.0,105.0,3.0,3.0,348000.0,1.0,SANTA BARBARA,5,MAS DE 20 ANOS,4.69,-74.04,USADO,,0,1,0,0,0,0,0,0,0,1,False,USAQUEN,SANTA ANA OCCIDENTAL,Calle 106,2408.15,0,PARQUE METROPOLITANO EL COUNTRY,2120.33,0,0.19,,0.33,1.0,0.0,,0.03,563.74,0.0
3340-M4421736,APARTAMENTO,VENTA,19.7,46.21,1.0,2.0,526000.0,1.0,SANTA BARBARA,6,REMODELADO,4.7,-74.04,USADO,,0,1,0,0,1,0,0,0,0,1,False,USAQUEN,SANTA BARBARA CENTRAL I SECTOR,Pepe Sierra,1778.87,0,PARQUE METROPOLITANO EL COUNTRY,703.25,0,0.43,,1.0,0.5,0.0,,0.02,605.12,0.0
2564-M4565636,APARTAMENTO,VENTA,19.97,94.0,3.0,2.0,400000.0,1.0,NIZA ALHAMBRA,5,MAS DE 20 ANOS,4.7,-74.08,USADO,,0,0,0,0,1,1,0,0,0,1,True,SUBA,NIZA SUR,Humedal Córdoba,958.2,0,PARQUE METROPOLITANO CEFE COMETAS,883.64,0,0.21,,0.33,1.5,0.0,,0.03,1069.11,0.0
11203-M4034231,APARTAMENTO,VENTA,20.82,163.4,3.0,4.0,1195000.0,3.0,SANTA BARBARA,5,MAS DE 20 ANOS,4.7,-74.05,USADO,,0,0,0,0,1,0,0,0,0,1,False,USAQUEN,SANTA BARBARA OCCIDENTAL,Calle 127,286.43,1,PARQUE ZONAL ATABANZA,905.26,0,0.13,,1.0,0.75,0.0,,0.02,157.6,5.0
12538-M4741692,APARTAMENTO,VENTA,19.47,63.0,3.0,2.0,370000.0,1.0,CENTRO Y ZONA COLONIAL,3,ENTRE 5 Y 10 ANOS,4.6,-74.1,USADO,,0,0,0,0,1,1,0,0,0,1,False,LOS MARTIRES,SANTA ISABEL SUR,Santa Isabel,644.31,0,PARQUE ZONAL SANTA ISABEL,400.79,1,0.31,,0.33,1.5,0.0,,0.05,2499.71,0.0
4933-M4656873,APARTAMENTO,VENTA,19.7,76.0,3.0,2.0,400200.0,1.0,COLINA Y ALREDEDORES,4,ENTRE 5 Y 10 ANOS,4.74,-74.06,USADO,,0,0,0,1,1,1,0,0,0,1,False,SUBA,MAZUREN,Mazurén,758.68,0,PARQUE VECINAL URBANIZACIÓN VICTORIA NORTE,340.81,1,0.26,,0.33,1.5,0.0,,0.04,1371.73,0.0
5044-M2430552,APARTAMENTO,VENTA,21.06,209.0,3.0,4.0,1500000.0,3.0,CHICO,6,MAS DE 20 ANOS,4.66,-74.05,USADO,,0,0,0,0,0,1,0,0,0,0,False,CHAPINERO,S.C. BELLAVISTA,Calle 72,1206.69,0,PARQUE ZONAL GUSTAVO URIBE BOTERO,667.49,0,0.1,,1.0,0.75,0.0,,0.01,455.46,1.0
2359-M4079367,APARTAMENTO,VENTA,20.91,170.0,3.0,3.0,1280000.0,2.0,CERROS DE SUBA,6,MAS DE 20 ANOS,4.72,-74.08,USADO,,0,0,0,1,1,1,0,0,0,0,False,SUBA,NIZA SUBA - EL BALCON DE LINDARAJA,Suba - AV. Boyacá,841.66,0,PARQUE VECINAL AGRUPACIÓN DE VIVIENDA EN BALCON DE LINDARAJA,281.84,1,0.12,,0.67,1.0,0.0,,0.02,1171.43,0.0
2564-M4603458,APARTAMENTO,VENTA,19.4,59.0,2.0,2.0,240000.0,1.0,ORQUIDEAS,3,ENTRE 10 Y 20 ANOS,4.74,-74.03,USADO,,0,0,0,0,1,0,0,0,0,0,False,USAQUEN,SANTA TERESA,Toberin - Foundever,2021.71,0,PARQUE ZONAL SERVITA,506.1,0,0.33,,0.5,1.0,0.0,,0.03,938.89,0.0
2456-M4201224,APARTAMENTO,VENTA,19.94,90.0,3.0,2.0,380000.0,1.0,COLINA Y ALREDEDORES,4,ENTRE 5 Y 10 ANOS,4.74,-74.06,USADO,,0,0,0,0,1,1,0,0,0,1,False,SUBA,URB. CARIMAGUA II,Calle 161,1282.36,0,PARQUE VECINAL DESARROLLO CANTALEJO URBANIZACIÓN CANTALEJO MANZANA B,312.83,1,0.22,,0.33,1.5,0.0,,0.03,1175.76,0.0
2974-M4547163,APARTAMENTO,VENTA,20.07,107.0,3.0,3.0,490000.0,2.0,COLINA Y ALREDEDORES,5,ENTRE 10 Y 20 ANOS,4.73,-74.06,USADO,,0,1,0,1,1,1,0,0,0,1,False,SUBA,EL PINAR,Mazurén,1313.45,0,PARQUE VECINAL URBANIZACIÓN LA LAGUNA,751.56,0,0.19,,0.67,1.0,0.0,,0.03,660.0,0.0
3147-M4702642,APARTAMENTO,VENTA,19.86,65.0,3.0,2.0,700000.0,1.0,CHAPINERO ALTO,3,ENTRE 10 Y 20 ANOS,4.64,-74.06,USADO,,0,0,0,0,1,0,0,0,0,0,False,CHAPINERO,S.C. CHAPINERO CENTRAL,Calle 57,432.96,1,PARQUE ZONAL GUSTAVO URIBE BOTERO,1340.45,0,0.31,,0.33,1.5,0.0,,0.05,1077.16,0.0
2974-M4141761,APARTAMENTO,VENTA,19.68,86.0,3.0,2.0,250000.0,1.0,ORQUIDEAS,4,ENTRE 10 Y 20 ANOS,4.77,-74.03,USADO,,0,0,0,1,1,1,0,0,0,1,False,USAQUEN,ANDALUCIA,Terminal,1169.01,0,PARQUE VECINAL DESARROLLO VERBENAL I,909.81,0,0.23,,0.33,1.5,0.0,,0.03,990.36,0.0
2147-M4402543,APARTAMENTO,VENTA,20.2,114.0,3.0,3.0,600000.0,2.0,COUNTRY,5,MAS DE 20 ANOS,4.72,-74.05,USADO,,0,0,0,0,0,1,0,0,0,0,False,USAQUEN,URB. SANTACOLOMA,Prado,343.13,1,PARQUE VECINAL PRADO PINZÓN,996.78,0,0.18,,0.67,1.0,0.0,,0.03,624.51,0.0
16399-M4601278,APARTAMENTO,VENTA,19.97,87.0,3.0,2.0,354000.0,1.0,SALITRE MODELIA,4,REMODELADO,4.66,-74.11,USADO,,0,0,0,0,1,1,0,0,0,1,False,FONTIBON,MODELIA,Normandía,557.28,0,PARQUE ZONAL CANAL BOYACA,447.06,1,0.23,,0.33,1.5,0.0,,0.03,686.76,0.0
2974-M4123332,APARTAMENTO,VENTA,20.01,96.0,3.0,3.0,481000.0,2.0,COLINA Y ALREDEDORES,4,ENTRE 5 Y 10 ANOS,4.74,-74.06,USADO,,0,0,0,0,1,1,0,0,0,1,False,SUBA,URB. CARIMAGUA II,Calle 161,1282.36,0,PARQUE VECINAL DESARROLLO CANTALEJO URBANIZACIÓN CANTALEJO MANZANA B,312.83,1,0.21,,0.67,1.0,0.0,,0.03,1175.76,0.0
3353-M4413108,APARTAMENTO,VENTA,19.22,54.0,3.0,1.0,3921395.93,0.0,ENGATIVA,3,ENTRE 0 Y 5 ANOS,4.71,-74.11,USADO,,0,0,0,0,0,0,0,0,0,0,False,ENGATIVA,SANTA ROSITA,Quirigua,147.0,1,PARQUE VECINAL URBANIZACIÓN EL MADRIGAL PRIMER SECTOR,404.18,1,0.36,,0.0,3.0,0.0,,0.06,532.41,0.0
2469-M3777219,APARTAMENTO,VENTA,20.86,207.0,3.0,5.0,670000.0,2.0,SANTA BARBARA,6,ENTRE 10 Y 20 ANOS,4.69,-74.04,USADO,,0,1,0,0,1,1,0,0,0,1,False,USAQUEN,RINCON DEL CHICO,Calle 106,1494.57,0,PARQUE ZONAL CANAL EL VIRREY EL CHICO,1944.41,0,0.1,,0.67,0.6,0.0,,0.01,661.31,0.0
16630-M4739808,APARTAMENTO,VENTA,19.17,54.0,3.0,2.0,180000.0,0.0,ALTOS DE SUBA Y CERROS DE SAN JORGE,3,ENTRE 10 Y 20 ANOS,4.75,-74.08,USADO,,0,0,0,0,1,1,0,0,0,1,False,SUBA,S C. TUNA ALTA,La Campiña,1857.57,0,PARQUE ZONAL CAMPO VERDE,53.19,1,0.36,,0.0,1.5,0.0,,0.06,1857.84,0.0
2571-M2735286,APARTAMENTO,VENTA,19.97,65.0,1.0,1.0,450000.0,1.0,CHICO,6,MAS DE 20 ANOS,4.66,-74.05,USADO,,0,1,0,0,1,1,0,0,0,1,False,CHAPINERO,S.C. BELLAVISTA,Calle 72,1300.88,0,PARQUE ZONAL GUSTAVO URIBE BOTERO,735.28,0,0.31,,1.0,1.0,0.0,,0.02,554.15,0.0
2571-M4077568,APARTAMENTO,VENTA,19.86,74.0,2.0,2.0,550000.0,1.0,SANTA BARBARA,6,MAS DE 20 ANOS,4.69,-74.04,USADO,,0,0,0,0,1,1,0,0,0,1,False,USAQUEN,SANTA BARBARA CENTRAL II SECTOR,Pepe Sierra,1985.45,0,PARQUE METROPOLITANO EL COUNTRY,1220.33,0,0.27,,0.5,1.0,0.0,,0.03,346.77,1.0
10292-M4294392,APARTAMENTO,VENTA,20.63,173.0,3.0,4.0,908000000.0,2.0,COUNTRY,5,ENTRE 10 Y 20 ANOS,4.71,-74.03,USADO,,1,1,0,1,1,1,1,0,0,1,False,USAQUEN,LISBOA_,Prado,2502.35,0,PARQUE VECINAL NUEVA URBANIZACIÓN EL CEDRITO,1135.16,0,0.12,,0.67,0.75,0.0,,0.02,191.03,3.0
11633-M4456568,APARTAMENTO,VENTA,19.29,31.0,1.0,1.0,170000.0,0.0,CHAPINERO ALTO,4,ENTRE 0 Y 5 ANOS,4.64,-74.05,USADO,,1,0,0,1,1,0,0,0,0,1,False,CHAPINERO,S.C. MARIA CRISTINA,Calle 63,1182.46,0,PARQUE ZONAL GUSTAVO URIBE BOTERO,729.39,0,0.62,,0.0,1.0,0.0,,0.03,846.3,0.0
2571-M4507563,APARTAMENTO,VENTA,19.3,72.0,4.0,2.0,11111.0,0.0,ALTOS DE SUBA Y CERROS DE SAN JORGE,3,MAS DE 20 ANOS,4.74,-74.1,USADO,,0,0,0,0,0,0,0,0,0,1,False,SUBA,COSTA AZUL I ETAPA,La Campiña,617.09,0,PARQUE ZONAL BELLAVISTA DINDALITO,926.09,0,0.27,,0.0,2.0,0.0,,0.06,1132.76,0.0
2748-M3415083,APARTAMENTO,VENTA,21.51,250.0,3.0,4.0,1400000.0,4.0,CERROS DE SUBA,6,ENTRE 5 Y 10 ANOS,4.72,-74.08,USADO,,1,1,0,1,1,1,1,0,0,1,False,SUBA,BELLOMONTE SUBA,Suba - AV. Boyacá,435.58,1,PARQUE VECINAL AGRUPACIÓN DE VIVIENDA EN BALCON DE LINDARAJA,859.71,0,0.09,,1.33,0.75,0.0,,0.01,1389.67,0.0
3204-M2443722,APARTAMENTO,VENTA,20.82,175.0,3.0,4.0,1200000.0,2.0,CHICO,6,ENTRE 10 Y 20 ANOS,4.65,-74.05,USADO,,0,0,0,0,0,1,0,0,0,0,False,CHAPINERO,S.C. BELLAVISTA,Calle 72,1470.48,0,PARQUE ZONAL GUSTAVO URIBE BOTERO,422.46,1,0.12,,0.67,0.75,0.0,,0.02,705.21,0.0
3204-M2580913,APARTAMENTO,VENTA,21.59,219.0,3.0,5.0,1380000.0,4.0,CHAPINERO ALTO,5,ENTRE 5 Y 10 ANOS,4.65,-74.05,USADO,,0,0,0,0,0,1,0,0,0,0,False,CHAPINERO,ZAMUDIO,Flores – Areandina,1148.06,0,PARQUE ZONAL GUSTAVO URIBE BOTERO,161.27,1,0.1,,1.33,0.6,0.0,,0.01,313.04,1.0
2377-M4506610,APARTAMENTO,VENTA,19.96,76.5,3.0,2.0,384000.0,1.0,CENTRO NARINO,4,MAS DE 20 ANOS,4.63,-74.1,USADO,,0,0,0,0,1,1,0,0,0,1,False,TEUSAQUILLO,SANTA CLARA,Quinta Paredes,566.17,0,PARQUE VECINAL SANTA CLARA,97.3,1,0.26,,0.33,1.5,0.0,,0.04,578.88,0.0
2748-M4651789,APARTAMENTO,VENTA,19.95,94.0,3.0,2.0,350000.0,2.0,NIZA ALHAMBRA,5,ENTRE 10 Y 20 ANOS,4.7,-74.06,USADO,,0,0,0,0,0,0,0,0,0,1,False,SUBA,EL BATAN,Calle 127,384.51,1,PARQUE ZONAL ATABANZA,661.88,0,0.21,,0.67,1.5,0.0,,0.03,554.25,0.0
2162-M4646401,APARTAMENTO,VENTA,21.25,178.0,3.0,4.0,822000.0,2.0,CHICO,6,ENTRE 10 Y 20 ANOS,4.65,-74.05,USADO,,0,0,0,1,1,0,0,0,0,1,False,CHAPINERO,S.C. LAS ACACIAS,Flores – Areandina,1442.08,0,PARQUE ZONAL GUSTAVO URIBE BOTERO,292.26,1,0.12,,0.67,0.75,0.0,,0.02,628.7,0.0
10139-M4543850,APARTAMENTO,VENTA,21.6,255.0,4.0,4.0,2500000.0,4.0,CHICO,6,MAS DE 20 ANOS,4.67,-74.04,USADO,,0,1,0,1,1,1,0,0,0,1,False,CHAPINERO,S.C. SEMINARIO,Virrey,1832.85,0,PARQUE VECINAL URBANIZACIÓN LA CABRERA,929.22,0,0.08,,1.0,1.0,0.0,,0.02,719.01,0.0
4070-M4451513,APARTAMENTO,VENTA,20.77,159.0,4.0,4.0,870000.0,2.0,NIZA ALHAMBRA,5,ENTRE 5 Y 10 ANOS,4.71,-74.07,USADO,,0,1,0,1,1,0,0,0,0,1,False,SUBA,LAGOS DE CORDOBA,Humedal Córdoba,295.62,1,PARQUE ZONAL CANAL CORDOBA,560.09,0,0.13,,0.5,1.0,0.0,,0.03,745.54,0.0
3390-M3226377,APARTAMENTO,VENTA,20.63,93.35,2.0,3.0,781300.0,2.0,CHICO,6,ENTRE 0 Y 5 ANOS,4.68,-74.05,USADO,,0,0,0,1,0,1,0,0,0,1,False,CHAPINERO,S.C. CHICO NORTE III SECTOR,Calle 100 - Marketmedios,557.11,0,PARQUE VECINAL URBANIZACIÓN NORMANDIA I II II Y IV SECTOR,996.02,0,0.22,,1.0,0.67,0.0,,0.02,252.99,3.0
3390-M4532565,APARTAMENTO,VENTA,21.19,272.0,3.0,4.0,1931000.0,2.0,CHICO,6,MAS DE 20 ANOS,4.67,-74.04,USADO,,0,0,0,0,0,1,0,0,0,1,False,CHAPINERO,CHICO ORIENTAL,Virrey,2193.61,0,PARQUE VECINAL URBANIZACIÓN LA CABRERA,1171.2,0,0.08,,0.67,0.75,0.0,,0.01,1097.6,0.0
3390-M4592576,APARTAMENTO,VENTA,20.76,177.8,3.0,4.0,850000.0,2.0,NIZA ALHAMBRA,5,MAS DE 20 ANOS,4.71,-74.06,USADO,,0,0,0,1,1,1,0,0,0,1,False,SUBA,EL BATAN,Humedal Córdoba,913.47,0,PARQUE ZONAL ATABANZA,574.79,0,0.12,,0.67,0.75,0.0,,0.02,1082.32,0.0
3390-M2698447,APARTAMENTO,VENTA,21.31,231.0,3.0,5.0,1040000.0,3.0,SANTA BARBARA,6,ENTRE 10 Y 20 ANOS,4.7,-74.03,USADO,,0,0,0,1,1,0,0,0,0,1,False,USAQUEN,S.C. SAN NORTE,Calle 127,2879.37,0,PARQUE METROPOLITANO EL COUNTRY,1149.83,0,0.09,,1.0,0.6,0.0,,0.01,770.33,0.0
3390-M3218811,APARTAMENTO,VENTA,21.25,310.0,4.0,5.0,1550000.0,3.0,CEDRITOS,6,MAS DE 20 ANOS,4.73,-74.02,USADO,,0,1,0,0,1,1,0,0,0,1,False,USAQUEN,BOSQUE DE PINOS III,Calle 146,2960.76,0,PARQUE ZONAL ALTA BLANCA,1095.83,0,0.07,,0.75,0.8,0.0,,0.01,1096.97,0.0
156-M4686885,APARTAMENTO,VENTA,19.43,74.0,3.0,2.0,235000.0,1.0,COLINA Y ALREDEDORES,4,MAS DE 20 ANOS,4.74,-74.07,USADO,,0,0,0,0,0,1,0,0,0,1,False,SUBA,CASABLANCA (HACIENDA),Gratamira,1745.19,0,PARQUE ZONAL EL TOMILLAR,884.81,0,0.26,,0.33,1.5,0.0,,0.04,767.98,0.0
13674-M4689018,APARTAMENTO,VENTA,20.86,180.0,3.0,3.0,800000.0,3.0,SANTA BARBARA,5,MAS DE 20 ANOS,4.7,-74.05,USADO,,0,1,0,0,1,1,0,0,0,1,False,USAQUEN,SANTA BARBARA OCCIDENTAL,Calle 127,736.46,0,PARQUE METROPOLITANO EL COUNTRY,1077.08,0,0.12,,1.0,1.0,0.0,,0.02,506.45,0.0
13674-M3748772,APARTAMENTO,VENTA,20.91,105.97,3.0,3.0,3921395.93,2.0,SANTA BARBARA,5,ENTRE 0 Y 5 ANOS,4.7,-74.05,USADO,,0,1,0,0,1,0,0,0,0,0,False,USAQUEN,SANTA BARBARA OCCIDENTAL,Calle 127,237.45,1,PARQUE ZONAL ATABANZA,893.87,0,0.2,,0.67,1.0,0.0,,0.03,271.45,5.0
2706-M4372498,APARTAMENTO,VENTA,20.03,78.0,2.0,2.0,423000.0,1.0,CHAPINERO ALTO,4,ENTRE 10 Y 20 ANOS,4.65,-74.05,USADO,,0,0,0,0,0,1,0,0,0,1,False,CHAPINERO,LOS CERROS,Calle 63,1169.36,0,PARQUE ZONAL GUSTAVO URIBE BOTERO,620.74,0,0.26,,0.5,1.0,0.0,,0.03,742.0,0.0
675-M4498856,APARTAMENTO,VENTA,20.58,148.0,3.0,4.0,1059000.0,2.0,CHICO,6,MAS DE 20 ANOS,4.68,-74.04,USADO,,0,1,0,0,1,1,0,0,0,1,False,CHAPINERO,CHICO NORTE - URB. CONJUNTO DE LA CIEN,Calle 100 - Marketmedios,1823.31,0,PARQUE VECINAL URBANIZACIÓN LA CABRERA,1456.92,0,0.14,,0.67,0.75,0.0,,0.02,157.52,2.0
16066-M4722232,APARTAMENTO,VENTA,19.66,49.64,1.0,2.0,300000.0,1.0,CHAPINERO,4,ENTRE 0 Y 5 ANOS,4.65,-74.07,USADO,,0,0,0,1,1,1,0,0,0,1,False,TEUSAQUILLO,SAN LUIS,Campín - UAN,422.74,1,PARQUE ESCENARIO DEPORTIVO EL CAMPINCITO - CEAD,343.71,1,0.4,,1.0,0.5,0.0,,0.02,376.79,2.0
14264-M4369583,APARTAMENTO,VENTA,20.2,123.0,2.0,4.0,580000.0,2.0,SANTA BARBARA,5,ENTRE 5 Y 10 ANOS,4.7,-74.05,USADO,,0,1,0,0,1,1,0,0,0,1,False,USAQUEN,SANTA BARBARA OCCIDENTAL,Calle 127,838.28,0,PARQUE METROPOLITANO EL COUNTRY,907.99,0,0.16,,1.0,0.5,0.0,,0.02,547.75,0.0
13034-M4238079,APARTAMENTO,VENTA,19.38,44.0,3.0,2.0,156900.0,1.0,CASTILLA MARSELLA,3,ENTRE 10 Y 20 ANOS,4.65,-74.13,USADO,,0,1,0,1,1,1,0,0,0,1,False,KENNEDY,CASTILLA REAL,AV. Américas - AV. Boyacá,1699.46,0,PARQUE VECINAL VILLA ALSACIA,179.59,1,0.44,,0.33,1.5,0.0,,0.07,663.8,0.0
13757-M4577632,APARTAMENTO,VENTA,19.16,49.0,3.0,2.0,3921395.93,0.0,CASTILLA MARSELLA,3,ENTRE 5 Y 10 ANOS,4.64,-74.14,USADO,,0,0,0,0,1,1,0,0,0,1,False,KENNEDY,CASTILLA,Mandalay,1020.27,0,PARQUE ZONAL CASTILLA,176.16,1,0.39,,0.0,1.5,0.0,,0.06,1532.94,0.0
13034-M4241625,APARTAMENTO,VENTA,19.67,69.0,2.0,2.0,378000.0,1.0,CEDRITOS,4,MAS DE 20 ANOS,4.72,-74.03,USADO,,0,1,0,0,1,1,0,0,0,1,False,USAQUEN,CEDRO SALAZAR,Calle 142,2291.94,0,PARQUE VECINAL NUEVA URBANIZACIÓN EL CEDRITO,417.32,1,0.29,,0.5,1.0,0.0,,0.03,678.26,0.0
708-M4531478,APARTAMENTO,VENTA,20.8,110.0,2.0,3.0,950000.0,2.0,CHICO,6,ENTRE 5 Y 10 ANOS,4.67,-74.05,USADO,,0,0,0,1,1,0,0,0,0,1,False,CHAPINERO,S.C. EL CHICO,Calle 85,1480.6,0,PARQUE VECINAL URBANIZACIÓN LA CABRERA,421.35,1,0.19,,1.0,0.67,0.0,,0.02,376.98,1.0
957-M4430917,APARTAMENTO,VENTA,21.59,287.0,3.0,4.0,1820000.0,3.0,SANTA BARBARA,6,ENTRE 10 Y 20 ANOS,4.7,-74.04,USADO,,0,1,0,1,1,1,1,0,0,1,False,USAQUEN,SANTA BARBARA CENTRAL II,Calle 127,2138.78,0,PARQUE METROPOLITANO EL COUNTRY,416.95,1,0.08,,1.0,0.75,0.0,,0.01,764.45,0.0
410-M3889896,APARTAMENTO,VENTA,20.61,112.0,2.0,2.0,850000.0,3.0,CHICO,6,ENTRE 5 Y 10 ANOS,4.68,-74.05,USADO,,0,1,0,1,1,0,0,0,0,1,False,CHAPINERO,S.C. CHICO NORTE,Virrey,1115.25,0,PARQUE ZONAL CANAL EL VIRREY EL CHICO,674.84,0,0.18,,1.5,1.0,0.0,,0.02,85.72,2.0
771-M4371549,APARTAMENTO,VENTA,20.07,98.0,3.0,3.0,450000.0,1.0,SANTA BARBARA,6,MAS DE 20 ANOS,4.7,-74.04,USADO,,0,0,0,0,0,1,0,0,0,1,False,USAQUEN,SANTA BARBARA NORTE,Calle 127,1735.58,0,PARQUE METROPOLITANO EL COUNTRY,378.35,1,0.2,,0.33,1.0,0.0,,0.03,381.56,1.0
2238-M3267771,APARTAMENTO,VENTA,20.56,142.0,3.0,4.0,848000.0,2.0,SANTA BARBARA,6,ENTRE 10 Y 20 ANOS,4.7,-74.04,USADO,,0,1,0,0,1,0,0,0,0,1,False,USAQUEN,SANTA BARBARA CENTRAL I SECTOR,Calle 127,1864.11,0,PARQUE METROPOLITANO EL COUNTRY,460.64,1,0.14,,0.67,0.75,0.0,,0.02,520.09,0.0
10278-M4497290,APARTAMENTO,VENTA,19.52,58.0,2.0,2.0,449100.0,1.0,NIZA ALHAMBRA,5,MAS DE 20 ANOS,4.7,-74.06,USADO,,0,0,0,0,0,1,0,0,0,1,False,SUBA,LA ALHAMBRA SECTOR SUR,Pepe Sierra,212.27,1,PARQUE ZONAL CANAL CORDOBA,944.58,0,0.34,,0.5,1.0,0.0,,0.03,819.81,0.0
14876-M4349716,APARTAMENTO,VENTA,20.75,196.0,4.0,4.0,520000.0,2.0,SANTA BARBARA,6,MAS DE 20 ANOS,4.7,-74.04,USADO,,0,1,0,0,1,0,0,0,0,1,False,USAQUEN,SANTA BARBARA CENTRAL II SECTOR,Pepe Sierra,1810.46,0,PARQUE METROPOLITANO EL COUNTRY,820.95,0,0.11,,0.5,1.0,0.0,,0.02,724.14,0.0
2379-M4466114,APARTAMENTO,VENTA,19.51,41.0,1.0,1.0,351000.0,1.0,NIZA ALHAMBRA,5,MAS DE 20 ANOS,4.7,-74.06,USADO,,0,0,0,0,0,0,0,0,0,1,False,SUBA,EL ESTORIL,Calle 106,335.24,1,PARQUE ZONAL CANAL CORDOBA,1055.12,0,0.48,,1.0,1.0,0.0,,0.02,892.66,0.0
10278-M4564636,APARTAMENTO,VENTA,19.98,66.0,2.0,3.0,450000.0,2.0,CEDRITOS,4,ENTRE 0 Y 5 ANOS,4.73,-74.04,USADO,,0,1,0,1,1,1,1,0,0,1,False,USAQUEN,CAOBOS SALAZAR,Calle 146,1134.95,0,PARQUE VECINAL NUEVA URBANIZACIÓN EL CEDRITO,881.98,0,0.3,,1.0,0.67,0.0,,0.03,856.72,0.0
164-M4207310,APARTAMENTO,VENTA,19.52,52.0,2.0,2.0,278000.0,1.0,COLINA Y ALREDEDORES,4,MAS DE 20 ANOS,4.73,-74.07,USADO,,0,0,0,0,0,0,0,0,0,1,False,SUBA,GRATAMIRA,Gratamira,19.24,1,PARQUE ZONAL EL TOMILLAR,1448.97,0,0.38,,0.5,1.0,0.0,,0.04,1068.46,0.0
10278-M4612298,APARTAMENTO,VENTA,20.62,121.0,2.0,3.0,1150000.0,2.0,CHICO,6,ENTRE 10 Y 20 ANOS,4.68,-74.06,USADO,,0,1,0,0,1,1,0,0,0,1,False,CHAPINERO,S.C. CHICO NORTE III SECTOR,Calle 100 - Marketmedios,320.91,1,PARQUE VECINAL URBANIZACIÓN NORMANDIA I II II Y IV SECTOR,947.93,0,0.17,,1.0,0.67,0.0,,0.02,478.2,1.0
2266-M3059117,APARTAMENTO,VENTA,20.91,161.0,3.0,3.0,1200000.0,2.0,SANTA BARBARA,6,ENTRE 5 Y 10 ANOS,4.7,-74.05,USADO,,0,1,0,1,1,0,0,0,0,1,False,USAQUEN,SANTA BARBARA OCCIDENTAL,Calle 127,841.77,0,PARQUE METROPOLITANO EL COUNTRY,903.13,0,0.13,,0.67,1.0,0.0,,0.02,546.51,0.0
2996-M3851194,APARTAMENTO,VENTA,19.92,65.0,2.0,2.0,460000.0,1.0,SANTA BARBARA,5,ENTRE 5 Y 10 ANOS,4.7,-74.05,USADO,,0,0,0,0,1,0,0,0,0,0,False,USAQUEN,SANTA BARBARA OCCIDENTAL,Pepe Sierra,536.6,0,PARQUE ZONAL ATABANZA,1211.87,0,0.31,,0.5,1.0,0.0,,0.03,508.51,0.0
3325-M4700143,APARTAMENTO,VENTA,19.4,60.0,3.0,1.0,160000.0,0.0,TIMIZA LA ALQUERIA,3,MAS DE 20 ANOS,4.61,-74.16,USADO,,0,0,0,0,0,1,0,0,0,1,False,KENNEDY,LAGOS DE TIMIZA II,CC Paseo Villa del Río - Madelena,1476.97,0,PARQUE VECINAL LAGO TIMIZA I ETAPA,282.66,1,0.32,,0.0,3.0,0.0,,0.05,1407.55,0.0
14179-M4663230,APARTAMENTO,VENTA,19.06,52.0,3.0,1.0,190000.0,0.0,COLINA Y ALREDEDORES,3,ENTRE 10 Y 20 ANOS,4.75,-74.06,USADO,,0,0,0,0,0,1,0,0,0,1,False,SUBA,,Toberin - Foundever,1218.46,0,PARQUE VECINAL DESARROLLO CANTALEJO URBANIZACIÓN CANTALEJO MANZANA B,810.46,0,0.37,,0.0,3.0,0.0,,0.06,1944.87,0.0
2266-762,APARTAMENTO,VENTA,20.44,120.0,2.0,3.0,940000.0,2.0,COUNTRY,6,ENTRE 5 Y 10 ANOS,4.7,-74.03,USADO,,0,0,0,0,1,0,0,0,0,1,False,USAQUEN,BELLA SUIZA,Calle 127,2654.33,0,PARQUE METROPOLITANO EL COUNTRY,911.38,0,0.17,,1.0,0.67,0.0,,0.02,698.44,0.0
4969-M3847620,APARTAMENTO,VENTA,20.25,106.0,3.0,2.0,310000.0,1.0,SALITRE MODELIA,4,ENTRE 10 Y 20 ANOS,4.66,-74.12,USADO,,0,0,0,1,1,1,0,0,0,1,False,FONTIBON,MODELIA,Normandía,662.28,0,PARQUE ZONAL CANAL BOYACA,141.27,1,0.19,,0.33,1.5,0.0,,0.03,362.68,1.0
748-M3240642,APARTAMENTO,VENTA,20.18,116.0,3.0,2.0,740000.0,2.0,CHICO,5,MAS DE 20 ANOS,4.67,-74.06,USADO,,0,0,0,0,0,0,0,0,0,0,False,CHAPINERO,S.C. LAGO GAITAN,Héroes - Gel´Hada,398.41,1,PARQUE ZONAL SAN ANDRÉS,621.55,0,0.17,,0.67,1.5,0.0,,0.03,208.13,2.0
384-M4733406,APARTAMENTO,VENTA,19.92,79.37,3.0,2.0,273300.0,1.0,ENGATIVA,4,REMODELADO,4.72,-74.13,USADO,,0,0,0,1,1,0,0,0,0,1,False,ENGATIVA,EL GACO - EL PORVENIR (PREDIO),Portal 80,3115.9,0,PARQUE METROPOLITANO PLANTA DE TRATAMIENTO SALITRE,1151.04,0,0.25,,0.33,1.5,0.0,,0.04,2792.25,0.0
2266-741,APARTAMENTO,VENTA Y ARRIENDO,21.33,147.0,2.0,3.0,1251000.0,2.0,CHICO,6,ENTRE 0 Y 5 ANOS,4.66,-74.05,USADO,9000000.0,0,1,0,1,1,1,1,0,0,1,False,CHAPINERO,BOSQUE EL RETIRO I SECTOR,Héroes - Gel´Hada,1510.59,0,PARQUE ZONAL SAN ANDRÉS,534.04,0,0.15,61224.49,1.0,0.67,0.0,7.19,0.01,655.16,0.0
3325-M3580929,APARTAMENTO,VENTA,19.73,75.0,3.0,2.0,3921395.93,0.0,CHAPINERO ALTO,4,MAS DE 20 ANOS,4.65,-74.06,USADO,,0,0,0,0,1,0,0,0,0,1,False,CHAPINERO,S.C. LA SALLE,Calle 63,532.72,0,PARQUE ZONAL GUSTAVO URIBE BOTERO,1099.58,0,0.26,,0.0,1.5,0.0,,0.04,838.86,0.0
3204-M2545125,APARTAMENTO,VENTA Y ARRIENDO,21.19,230.0,3.0,4.0,1300000.0,2.0,CHICO,6,MAS DE 20 ANOS,4.66,-74.05,USADO,8000000.0,0,0,0,0,0,1,0,0,0,0,False,CHAPINERO,LOS ROSALES,Calle 76 - San Felipe,1352.7,0,PARQUE ZONAL SAN ANDRÉS,533.66,0,0.09,34782.61,0.67,0.75,0.0,6.15,0.01,721.33,0.0
3325-M4448997,APARTAMENTO,VENTA,19.45,63.0,3.0,2.0,320000.0,1.0,CEDRITOS,4,MAS DE 20 ANOS,4.74,-74.05,USADO,,0,0,0,0,0,1,0,0,0,1,False,USAQUEN,ESTRELLA DEL NORTE,Calle 161,274.78,1,PARQUE VECINAL DESARROLLO ESTRELLA DEL NORTE,153.18,1,0.31,,0.33,1.5,0.0,,0.05,1419.93,0.0
164-M4539242,APARTAMENTO,VENTA,19.97,75.39,2.0,2.0,452000.0,1.0,CHAPINERO ALTO,5,MAS DE 20 ANOS,4.64,-74.06,USADO,,0,1,0,0,0,0,0,0,0,1,False,CHAPINERO,S.C INGEMAR,Calle 57,970.22,0,PARQUE ZONAL GUSTAVO URIBE BOTERO,1131.21,0,0.26,,0.5,1.0,0.0,,0.03,1167.64,0.0
11278-M4638253,APARTAMENTO,VENTA,21.06,197.0,3.0,5.0,940000.0,3.0,COUNTRY,5,ENTRE 10 Y 20 ANOS,4.71,-74.03,USADO,,1,1,0,1,0,1,0,0,0,1,False,USAQUEN,LISBOA_,Alcalá,2335.68,0,PARQUE VECINAL NUEVA URBANIZACIÓN EL CEDRITO,989.88,0,0.11,,1.0,0.6,0.0,,0.02,247.4,3.0
11369-M3181214,APARTAMENTO,VENTA,21.04,219.0,3.0,4.0,1100000.0,4.0,SANTA BARBARA,6,MAS DE 20 ANOS,4.7,-74.03,USADO,,0,1,0,1,1,1,0,0,0,1,False,USAQUEN,LOS ALPES II SECTOR,Calle 127,2986.05,0,PARQUE METROPOLITANO EL COUNTRY,1285.02,0,0.1,,1.33,0.75,0.0,,0.01,672.35,0.0
11369-M4492015,APARTAMENTO,VENTA,20.9,195.0,3.0,4.0,623200.0,2.0,COLINA Y ALREDEDORES,5,ENTRE 5 Y 10 ANOS,4.74,-74.07,USADO,,0,1,0,1,1,1,1,0,0,1,False,SUBA,S.C. GILMAR - LA SIRENA (PREDIO),21 Ángeles,1739.44,0,PARQUE ZONAL EL TOMILLAR,708.85,0,0.11,,0.67,0.75,0.0,,0.02,1289.79,0.0
11369-M4533845,APARTAMENTO,VENTA,20.41,178.0,3.0,3.0,280000.0,2.0,CEDRITOS,4,MAS DE 20 ANOS,4.73,-74.03,USADO,,0,1,0,0,0,0,0,0,0,1,False,USAQUEN,CEDRO SALAZAR,Calle 146,2326.7,0,PARQUE VECINAL NUEVA URBANIZACIÓN EL CEDRITO,569.98,0,0.11,,0.67,1.0,0.0,,0.02,548.54,0.0
11369-M3448560,APARTAMENTO,VENTA,20.54,136.0,3.0,4.0,776000.0,2.0,SANTA BARBARA,5,ENTRE 10 Y 20 ANOS,4.69,-74.05,USADO,,0,1,0,0,0,0,0,0,0,1,False,USAQUEN,RINCON DEL CHICO,Calle 106,1266.15,0,PARQUE METROPOLITANO EL COUNTRY,1780.24,0,0.15,,0.67,0.75,0.0,,0.02,514.76,0.0
11307-M3232541,APARTAMENTO,VENTA,20.15,100.57,3.0,3.0,304600.0,2.0,COLINA Y ALREDEDORES,5,ENTRE 0 Y 5 ANOS,4.72,-74.06,USADO,,0,0,0,1,1,1,1,0,0,1,False,SUBA,SAN JOSE DEL PRADO - URB. ECHEVERRIA,Alcalá,1140.91,0,PARQUE VECINAL PRADO PINZÓN,802.87,0,0.2,,0.67,1.0,0.0,,0.03,263.66,1.0
9816-M4339312,APARTAMENTO,VENTA,20.7,148.0,3.0,3.0,798000.0,2.0,SANTA BARBARA,6,ENTRE 10 Y 20 ANOS,4.7,-74.04,USADO,,0,0,0,0,1,1,0,0,0,1,False,USAQUEN,SANTA BARBARA CENTRAL I SECTOR,Pepe Sierra,1566.23,0,PARQUE METROPOLITANO EL COUNTRY,961.45,0,0.14,,0.67,1.0,0.0,,0.02,732.74,0.0
3204-M2359131,APARTAMENTO,VENTA,21.64,326.0,3.0,5.0,1200000.0,3.0,CHICO,6,MAS DE 20 ANOS,4.66,-74.05,USADO,,0,1,0,0,1,1,0,0,0,0,False,CHAPINERO,S.C. BELLAVISTA,Calle 72,1144.03,0,PARQUE ZONAL GUSTAVO URIBE BOTERO,758.1,0,0.07,,1.0,0.6,0.0,,0.01,403.52,1.0
3204-M2400848,APARTAMENTO,VENTA,21.56,300.0,2.0,5.0,1300000.0,3.0,CHICO,6,MAS DE 20 ANOS,4.66,-74.04,USADO,,0,1,0,0,0,1,0,0,0,0,False,CHAPINERO,EL REFUGIO,Héroes - Gel´Hada,1976.9,0,PARQUE VECINAL URBANIZACIÓN LA CABRERA,1013.33,0,0.07,,1.5,0.4,0.0,,0.01,999.93,0.0
14179-M4692993,APARTAMENTO,VENTA,19.1,74.0,3.0,2.0,3921395.93,1.0,ALTOS DE SUBA Y CERROS DE SAN JORGE,2,ENTRE 10 Y 20 ANOS,4.73,-74.09,USADO,,0,0,0,0,0,1,0,0,0,0,False,SUBA,URB. VILLA LILIA Y EL ROSAL,Suba - TV. 91,1013.03,0,PARQUE ZONAL BELLAVISTA DINDALITO,1086.79,0,0.26,,0.33,1.5,0.0,,0.04,1832.25,0.0
2266-598,APARTAMENTO,VENTA,21.34,175.0,3.0,4.0,1100000.0,4.0,CHICO,6,ENTRE 0 Y 5 ANOS,4.66,-74.05,USADO,,0,1,0,1,1,1,0,0,0,1,False,CHAPINERO,LOS ROSALES,Calle 72,1366.67,0,PARQUE ZONAL GUSTAVO URIBE BOTERO,705.48,0,0.12,,1.33,0.75,0.0,,0.02,616.45,0.0
2162-M4544426,APARTAMENTO,VENTA,21.39,243.0,3.0,3.0,2333000.0,2.0,CHICO,6,MAS DE 20 ANOS,4.66,-74.05,USADO,,0,1,0,0,1,1,0,0,0,1,False,CHAPINERO,LOS ROSALES,Calle 76 - San Felipe,1313.0,0,PARQUE ZONAL SAN ANDRÉS,720.98,0,0.09,,0.67,1.0,0.0,,0.01,617.8,0.0
156-M4578843,APARTAMENTO,VENTA,19.99,66.0,2.0,2.0,280000.0,1.0,COLINA Y ALREDEDORES,5,ENTRE 5 Y 10 ANOS,4.73,-74.07,USADO,,0,0,0,1,1,1,1,0,0,1,False,SUBA,EL REFUGIO DE LA COLINA I,Gratamira,485.24,1,PARQUE ZONAL EL TOMILLAR,1243.95,0,0.3,,0.5,1.0,0.0,,0.03,601.05,0.0
156-M4099065,APARTAMENTO,VENTA,20.13,115.0,3.0,3.0,370000.0,2.0,NIZA ALHAMBRA,5,ENTRE 10 Y 20 ANOS,4.69,-74.06,USADO,,0,0,0,1,1,1,0,0,0,1,False,SUBA,SANTA MARGARITA,Calle 106,499.67,1,PARQUE VECINAL URBANIZACIÓN NORMANDIA I II II Y IV SECTOR,1385.33,0,0.18,,0.67,1.0,0.0,,0.03,598.47,0.0
2941-M4458429,APARTAMENTO,VENTA,19.92,64.73,2.0,2.0,636300.0,1.0,SANTA BARBARA,6,ENTRE 5 Y 10 ANOS,4.69,-74.05,USADO,,0,1,0,0,1,1,0,0,0,1,False,USAQUEN,SANTA BIBIANA,Calle 100 - Marketmedios,672.88,0,PARQUE VECINAL URBANIZACIÓN NORMANDIA I II II Y IV SECTOR,1296.95,0,0.31,,0.5,1.0,0.0,,0.03,451.67,1.0
16587-M4734225,APARTAMENTO,VENTA,19.46,48.0,1.0,1.0,264000.0,1.0,CEDRITOS,4,ENTRE 5 Y 10 ANOS,4.73,-74.04,USADO,,0,0,0,0,1,1,0,0,0,1,False,USAQUEN,LOS CEDRITOS,Calle 142,890.59,0,PARQUE VECINAL NUEVA URBANIZACIÓN EL CEDRITO,1033.84,0,0.41,,1.0,1.0,0.0,,0.02,764.27,0.0
15453-M4079211,APARTAMENTO,VENTA,20.82,156.0,3.0,4.0,560000.0,3.0,SANTA BARBARA,6,ENTRE 5 Y 10 ANOS,4.69,-74.04,USADO,,0,1,0,1,1,1,0,0,0,1,False,USAQUEN,SANTA ANA OCCIDENTAL,Calle 106,2019.8,0,PARQUE METROPOLITANO EL COUNTRY,1811.41,0,0.13,,1.0,0.75,0.0,,0.02,285.72,1.0
717-M3347867,APARTAMENTO,VENTA,20.98,170.0,3.0,4.0,1165000.0,2.0,SANTA BARBARA,6,ENTRE 10 Y 20 ANOS,4.69,-74.05,USADO,,0,1,0,0,1,1,0,0,0,1,False,USAQUEN,SANTA BIBIANA,Calle 106,1054.96,0,PARQUE VECINAL URBANIZACIÓN NORMANDIA I II II Y IV SECTOR,1693.35,0,0.12,,0.67,0.75,0.0,,0.02,500.65,0.0
3576-M4732092,APARTAMENTO,VENTA,19.63,57.0,3.0,2.0,251000.0,1.0,NORMANDIA,4,MAS DE 20 ANOS,4.68,-74.1,USADO,,0,0,0,0,1,1,1,0,0,1,False,ENGATIVA,NORMANDIA - CONJUNTO MULTIFAMILIAR COLSEGUROS,Normandía,1147.43,0,PARQUE VECINAL URBANIZACIÓN LA EUROPA,1098.37,0,0.34,,0.33,1.5,0.0,,0.05,623.61,0.0
16205-M4541735,APARTAMENTO,VENTA,20.12,121.0,3.0,2.0,470000.0,2.0,COLINA Y ALREDEDORES,5,ENTRE 10 Y 20 ANOS,4.73,-74.06,USADO,,0,1,0,1,0,1,0,0,0,1,False,SUBA,COLPATRIA SANTA HELENA II SECTOR,Gratamira,1414.42,0,PARQUE VECINAL URBANIZACIÓN LA LAGUNA,963.59,0,0.17,,0.67,1.5,0.0,,0.02,482.7,2.0
79-M4457424,APARTAMENTO,VENTA,20.42,135.0,3.0,3.0,550000.0,2.0,CHICO,6,MAS DE 20 ANOS,4.68,-74.05,USADO,,0,1,0,0,1,0,0,0,0,1,False,CHAPINERO,S.C. CHICO NORTE III SECTOR,Calle 100 - Marketmedios,736.97,0,PARQUE VECINAL URBANIZACIÓN NORMANDIA I II II Y IV SECTOR,999.72,0,0.15,,0.67,1.0,0.0,,0.02,180.78,3.0
10312-M4655236,APARTAMENTO,VENTA,20.21,91.0,3.0,3.0,601000.0,2.0,CEDRITOS,4,ENTRE 5 Y 10 ANOS,4.72,-74.04,USADO,,0,1,0,1,1,0,1,0,0,1,False,USAQUEN,CEDRO NARVAEZ,Alcalá,1697.61,0,PARQUE VECINAL NUEVA URBANIZACIÓN EL CEDRITO,351.48,1,0.22,,0.67,1.0,0.0,,0.03,265.12,1.0
2571-M4411083,APARTAMENTO,VENTA,19.66,80.0,2.0,2.0,3921395.93,1.0,METROPOLIS,4,ENTRE 10 Y 20 ANOS,4.67,-74.09,USADO,,0,0,0,0,0,0,0,0,0,0,False,BARRIOS UNIDOS,J.J. VARGAS - JOSE JOAQUIN VARGAS,Carrera 53,1316.79,0,PARQUE VECINAL URBANIZACIÓN METROPOLIS,575.43,0,0.25,,0.5,1.0,0.0,,0.02,381.84,1.0
2571-M4508131,APARTAMENTO,VENTA,20.05,74.0,3.0,2.0,420000.0,1.0,SALITRE MODELIA,4,ENTRE 10 Y 20 ANOS,4.66,-74.11,USADO,,0,0,0,0,1,1,0,0,0,1,False,FONTIBON,CIUDAD SALITRE,El Tiempo - Maloka,351.83,1,PARQUE ZONAL SAUZALITO,415.52,1,0.27,,0.33,1.5,0.0,,0.04,247.31,4.0
13674-M4698294,APARTAMENTO,VENTA,20.32,122.0,3.0,2.0,510000.0,2.0,COLINA Y ALREDEDORES,5,ENTRE 5 Y 10 ANOS,4.72,-74.07,USADO,,0,1,0,1,1,1,0,0,0,1,False,SUBA,S.C. CIUDAD JARDIN NORTE,Suba - AV. Boyacá,258.77,1,PARQUE VECINAL AGRUPACIÓN DE VIVIENDA EN BALCON DE LINDARAJA,1169.15,0,0.17,,0.67,1.5,0.0,,0.02,1024.87,0.0
717-M2585076,APARTAMENTO,VENTA,20.29,190.0,3.0,4.0,280000.0,2.0,CEDRITOS,5,ENTRE 10 Y 20 ANOS,4.72,-74.04,USADO,,0,0,0,0,0,1,0,0,0,1,False,USAQUEN,EL CONTADOR,Alcalá,1052.55,0,PARQUE VECINAL NUEVA URBANIZACIÓN EL CEDRITO,991.35,0,0.11,,0.67,0.75,0.0,,0.02,502.83,0.0
754-M4186828,APARTAMENTO,VENTA,20.86,220.0,4.0,5.0,968300.0,3.0,SANTA BARBARA,6,ENTRE 10 Y 20 ANOS,4.7,-74.05,USADO,,0,1,0,0,1,1,0,0,0,1,False,USAQUEN,SANTA BARBARA OCCIDENTAL,Calle 127,989.65,0,PARQUE METROPOLITANO EL COUNTRY,1006.44,0,0.09,,0.75,0.8,0.0,,0.02,294.23,1.0
754-M4463429,APARTAMENTO,VENTA,20.89,148.0,3.0,4.0,500000.0,2.0,COLINA Y ALREDEDORES,5,ENTRE 0 Y 5 ANOS,4.76,-74.07,USADO,,0,1,0,1,1,1,1,0,0,1,False,SUBA,SAN JOSE V SECTOR,Portal Norte,2228.18,0,PARQUE ZONAL SAN JOSÉ DE BAVARIA,585.03,0,0.14,,0.67,0.75,0.0,,0.02,2242.53,0.0
16185-M4491897,APARTAMENTO,VENTA,19.64,52.0,2.0,2.0,230000.0,1.0,FONTIBON TINTAL,4,ENTRE 0 Y 5 ANOS,4.67,-74.14,USADO,,0,0,0,1,1,1,1,0,0,1,False,FONTIBON,S.C. EL TINTAL CENTRAL,Portal El Dorado,2293.45,0,PARQUE VECINAL VILLA HELENA VILLEMAR,423.44,1,0.38,,0.5,1.0,0.0,,0.04,893.34,0.0
10797-M4636858,APARTAMENTO,VENTA,20.77,132.0,3.0,5.0,1200000.0,2.0,COUNTRY,6,REMODELADO,4.7,-74.04,USADO,,0,1,0,0,1,1,0,0,0,1,False,USAQUEN,LA_CAROLINA,Calle 127,1385.27,0,PARQUE METROPOLITANO EL COUNTRY,360.67,1,0.16,,0.67,0.6,0.0,,0.02,213.16,1.0
2359-M2369540,APARTAMENTO,VENTA,21.22,267.0,3.0,4.0,1584000.0,3.0,COUNTRY,6,ENTRE 10 Y 20 ANOS,4.71,-74.03,USADO,,0,0,0,0,1,1,0,0,0,0,False,USAQUEN,GINEBRA,Prado,3042.73,0,PARQUE METROPOLITANO EL COUNTRY,1523.95,0,0.08,,1.0,0.75,0.0,,0.01,738.42,0.0
2996-M3218302,APARTAMENTO,VENTA,20.58,130.0,3.0,3.0,590000.0,2.0,COUNTRY,5,ENTRE 10 Y 20 ANOS,4.7,-74.03,USADO,,0,0,0,0,1,1,0,0,0,0,False,USAQUEN,S.C. SAN NORTE,Calle 127,2888.44,0,PARQUE METROPOLITANO EL COUNTRY,1148.04,0,0.16,,0.67,1.0,0.0,,0.02,886.56,0.0
16185-M4491600,APARTAMENTO,VENTA,20.57,116.0,3.0,3.0,420000.0,2.0,SALITRE MODELIA,4,ENTRE 5 Y 10 ANOS,4.66,-74.12,USADO,,0,1,0,1,1,1,1,0,0,1,False,FONTIBON,LA ESPERANZA_,AV. Rojas,1273.09,0,PARQUE VECINAL CARLOS LLERAS (EL FUEGO),541.44,0,0.18,,0.67,1.0,0.0,,0.03,735.31,0.0
675-M2940035,APARTAMENTO,VENTA,20.07,53.0,1.0,2.0,328700.0,2.0,CHICO,6,ENTRE 5 Y 10 ANOS,4.68,-74.06,USADO,,0,1,0,1,1,0,0,0,0,1,False,CHAPINERO,S.C. CHICO NORTE III SECTOR,Calle 100 - Marketmedios,362.66,1,PARQUE VECINAL URBANIZACIÓN NORMANDIA I II II Y IV SECTOR,413.79,1,0.38,,2.0,0.5,0.0,,0.02,349.21,1.0
3340-M4432797,APARTAMENTO,VENTA,20.07,49.0,1.0,2.0,220000.0,1.0,CHICO,6,ENTRE 0 Y 5 ANOS,4.68,-74.06,USADO,,0,0,0,1,1,0,0,0,0,1,False,CHAPINERO,S.C. CHICO NORTE III SECTOR,Calle 100 - Marketmedios,299.57,1,PARQUE VECINAL URBANIZACIÓN NORMANDIA I II II Y IV SECTOR,902.78,0,0.41,,1.0,0.5,0.0,,0.02,435.46,1.0
3340-M3598202,APARTAMENTO,VENTA,20.09,107.0,3.0,3.0,430000.0,2.0,NIZA ALHAMBRA,5,MAS DE 20 ANOS,4.7,-74.07,USADO,,0,0,0,0,0,1,0,0,0,0,False,SUBA,PUENTE LARGO III SECTOR,Puentelargo,416.91,1,PARQUE ZONAL CANAL CORDOBA,561.99,0,0.19,,0.67,1.0,0.0,,0.03,756.23,0.0
12494-M2833832,APARTAMENTO,VENTA,20.98,130.0,3.0,4.0,980000.0,2.0,CHICO,6,ENTRE 10 Y 20 ANOS,4.68,-74.04,USADO,,0,1,0,1,1,1,0,0,0,1,False,CHAPINERO,CHICO RESERVADO,Calle 100 - Marketmedios,1780.4,0,PARQUE VECINAL URBANIZACIÓN LA CABRERA,1187.68,0,0.16,,0.67,0.75,0.0,,0.02,431.69,2.0
4428-M2794314,APARTAMENTO,VENTA,19.81,59.0,1.0,2.0,450000.0,1.0,CEDRITOS,4,ENTRE 5 Y 10 ANOS,4.73,-74.05,USADO,,0,0,0,1,1,1,0,0,0,1,False,USAQUEN,LOS CEDRITOS,Calle 146,486.04,1,PARQUE VECINAL PRADO PINZÓN,871.67,0,0.34,,1.0,0.5,0.0,,0.02,873.29,0.0
16145-M4463761,APARTAMENTO,VENTA,20.67,155.0,3.0,5.0,920000.0,2.0,COUNTRY,5,MAS DE 20 ANOS,4.71,-74.03,USADO,,0,1,0,1,1,1,1,0,0,1,False,USAQUEN,LISBOA_,Prado,2502.35,0,PARQUE VECINAL NUEVA URBANIZACIÓN EL CEDRITO,1135.16,0,0.13,,0.67,0.6,0.0,,0.02,191.03,3.0
16113-M4661584,APARTAMENTO,VENTA,21.09,142.0,2.0,3.0,978600.0,2.0,CHICO,6,ENTRE 10 Y 20 ANOS,4.67,-74.05,USADO,,0,1,0,1,1,1,0,0,0,1,False,CHAPINERO,S.C. EL RETIRO,Héroes - Gel´Hada,1037.01,0,PARQUE ZONAL SAN ANDRÉS,283.12,1,0.15,,1.0,0.67,0.0,,0.01,191.59,4.0
10307-M3697219,APARTAMENTO,VENTA,20.67,176.0,3.0,4.0,828000.0,2.0,CERROS DE SUBA,6,ENTRE 5 Y 10 ANOS,4.71,-74.08,USADO,,0,1,0,1,1,1,0,0,0,1,False,SUBA,NIZA SUBA - EL BALCON DE LINDARAJA,Niza - Calle 127,1174.24,0,PARQUE METROPOLITANO CEFE COMETAS,196.5,1,0.12,,0.67,0.75,0.0,,0.02,1215.92,0.0
16145-M4463924,APARTAMENTO,VENTA,20.0,73.67,2.0,3.0,480000.0,1.0,CEDRITOS,4,ENTRE 0 Y 5 ANOS,4.73,-74.04,USADO,,0,0,0,1,1,1,0,0,0,1,False,USAQUEN,LOS CEDRITOS,Calle 142,653.77,0,PARQUE VECINAL PRADO PINZÓN,1030.61,0,0.27,,0.5,0.67,0.0,,0.03,812.73,0.0
3340-M3660032,APARTAMENTO,VENTA,20.6,134.81,3.0,4.0,700000.0,2.0,COLINA Y ALREDEDORES,5,ENTRE 5 Y 10 ANOS,4.73,-74.06,USADO,,0,0,0,0,1,0,0,0,0,1,False,SUBA,SAN JOSE DEL PRADO - URB. ECHEVERRIA,Alcalá,1275.53,0,PARQUE VECINAL PRADO PINZÓN,934.0,0,0.15,,0.67,0.75,0.0,,0.02,247.13,2.0
3147-M4616082,APARTAMENTO,VENTA,19.95,68.0,2.0,2.0,460000.0,2.0,CHAPINERO ALTO,3,ENTRE 0 Y 5 ANOS,4.65,-74.06,USADO,,0,0,0,0,1,0,0,0,0,0,False,CHAPINERO,S.C. CHAPINERO CENTRAL,Calle 63,379.73,1,PARQUE ZONAL GUSTAVO URIBE BOTERO,1249.2,0,0.29,,1.0,1.0,0.0,,0.03,802.69,0.0
3038-M3918816,APARTAMENTO,VENTA,19.54,64.8,3.0,2.0,175000.0,1.0,ORQUIDEAS,4,ENTRE 10 Y 20 ANOS,4.75,-74.03,USADO,,0,0,0,0,1,1,0,0,0,1,False,USAQUEN,EL REDIL,Portal Norte,1980.63,0,PARQUE VECINAL URBANIZACIÓN CALLE 170 / ALAMEDA,1111.33,0,0.3,,0.33,1.5,0.0,,0.05,1079.42,0.0
3340-M3696099,APARTAMENTO,VENTA,20.09,94.45,3.0,2.0,560000.0,2.0,SANTA BARBARA,5,MAS DE 20 ANOS,4.7,-74.05,USADO,,0,1,0,0,1,0,0,0,0,1,False,USAQUEN,SANTA BARBARA OCCIDENTAL,Calle 127,391.97,1,PARQUE ZONAL ATABANZA,1049.0,0,0.21,,0.67,1.5,0.0,,0.03,394.53,3.0
2748-M3916798,APARTAMENTO,VENTA,21.51,360.0,4.0,5.0,1500000.0,4.0,ALTOS DE SUBA Y CERROS DE SAN JORGE,6,ENTRE 5 Y 10 ANOS,4.74,-74.08,USADO,,0,0,0,0,1,0,0,0,0,1,False,SUBA,TORRELADERA,21 Ángeles,539.74,0,PARQUE ZONAL EL TOMILLAR,498.69,1,0.06,,1.0,0.8,0.0,,0.01,1202.46,0.0
3553-M4514566,APARTAMENTO,VENTA,19.86,75.57,3.0,2.0,302000.0,1.0,ORQUIDEAS,3,ENTRE 5 Y 10 ANOS,4.76,-74.04,USADO,,0,0,0,0,1,1,0,0,0,1,False,USAQUEN,PORTAL DE LA URIBE,Calle 187,374.83,1,PARQUE VECINAL DESARROLLO VERBENAL I,244.28,1,0.26,,0.33,1.5,0.0,,0.04,482.92,1.0
11104-M4517113,APARTAMENTO,VENTA,19.64,84.0,3.0,2.0,430000.0,1.0,ENGATIVA,3,ENTRE 5 Y 10 ANOS,4.72,-74.13,USADO,,0,0,0,1,1,1,0,0,0,1,False,ENGATIVA,EL DORADO INDUSTRIAL - SANTA ISABEL (HACIENDA),Portal 80,2403.72,0,PARQUE METROPOLITANO PLANTA DE TRATAMIENTO SALITRE,642.18,0,0.23,,0.33,1.5,0.0,,0.04,2190.92,0.0
11203-M2827172,APARTAMENTO,VENTA,21.16,135.0,1.0,2.0,792000.0,4.0,CHICO,6,ENTRE 10 Y 20 ANOS,4.67,-74.05,USADO,,0,1,0,1,1,0,0,0,0,1,False,CHAPINERO,LA CABRERA,Héroes - Gel´Hada,1366.76,0,PARQUE ZONAL SAN ANDRÉS,459.15,1,0.16,,4.0,0.5,0.0,,0.01,497.83,3.0
16145-M4705407,APARTAMENTO,VENTA,21.35,247.3,3.0,5.0,1800000.0,4.0,CERROS DE SUBA,6,ENTRE 10 Y 20 ANOS,4.73,-74.08,USADO,,0,1,0,1,1,1,0,0,0,1,False,SUBA,S.C. VEREDA SUBA NARANJOS,21 Ángeles,529.47,0,PARQUE ZONAL EL TOMILLAR,1213.04,0,0.09,,1.33,0.6,0.0,,0.01,1343.03,0.0
3340-M3919569,APARTAMENTO,VENTA,20.69,153.0,4.0,4.0,1405000.0,2.0,SANTA BARBARA,6,ENTRE 10 Y 20 ANOS,4.7,-74.05,USADO,,0,1,0,1,1,0,0,0,0,1,False,USAQUEN,SAN PATRICIO,Pepe Sierra,477.98,1,PARQUE ZONAL ATABANZA,1545.8,0,0.14,,0.5,1.0,0.0,,0.03,168.76,2.0
10278-M4515203,APARTAMENTO,VENTA,20.41,116.0,3.0,3.0,597000.0,2.0,COUNTRY,5,ENTRE 10 Y 20 ANOS,4.71,-74.03,USADO,,0,0,0,1,1,1,0,0,0,1,False,USAQUEN,LISBOA_,Prado,2532.17,0,PARQUE VECINAL NUEVA URBANIZACIÓN EL CEDRITO,1143.57,0,0.18,,0.67,1.0,0.0,,0.03,177.61,2.0
9859-M3362351,APARTAMENTO,VENTA,20.28,128.0,3.0,3.0,500000.0,2.0,CERROS DE SUBA,5,ENTRE 10 Y 20 ANOS,4.71,-74.08,USADO,,0,0,0,0,1,1,0,0,0,1,False,SUBA,NIZA SUR,Humedal Córdoba,1131.77,0,PARQUE METROPOLITANO CEFE COMETAS,740.26,0,0.16,,0.67,1.0,0.0,,0.02,1181.41,0.0
38-M4078199,APARTAMENTO,VENTA,21.82,354.0,3.0,5.0,2612000.0,4.0,CHICO,6,REMODELADO,4.66,-74.05,USADO,,1,1,0,0,1,1,0,0,0,1,False,CHAPINERO,LOS ROSALES,Calle 76 - San Felipe,1628.95,0,PARQUE ZONAL SAN ANDRÉS,873.56,0,0.06,,1.33,0.6,0.0,,0.01,939.31,0.0
16350-M4655526,APARTAMENTO,VENTA,19.43,54.0,3.0,2.0,3921395.93,1.0,CIUDAD BOLIVAR,3,ENTRE 5 Y 10 ANOS,4.59,-74.16,USADO,,0,0,0,1,1,1,0,0,0,1,False,CIUDAD BOLIVAR,MADELENA,CC Paseo Villa del Río - Madelena,327.77,1,PARQUE VECINAL URBANIZACIÓN BALMORAL CESIÓN GUADALUPE,894.64,0,0.36,,0.33,1.5,0.0,,0.06,647.44,0.0
3553-M2355322,APARTAMENTO,VENTA,21.77,204.0,3.0,4.0,3921395.93,3.0,CHICO,6,ENTRE 5 Y 10 ANOS,4.67,-74.05,USADO,,0,1,0,0,0,0,0,0,0,0,False,CHAPINERO,S.C. CHICO NORTE,Virrey,1456.5,0,PARQUE VECINAL URBANIZACIÓN LA CABRERA,687.37,0,0.11,,1.0,0.75,0.0,,0.01,358.46,1.0
5537-M4656163,APARTAMENTO,VENTA,19.78,74.0,3.0,2.0,335000.0,2.0,COLINA Y ALREDEDORES,5,MAS DE 20 ANOS,4.73,-74.07,USADO,,0,0,0,0,0,1,0,0,0,1,False,SUBA,IBERIA PORTOALEGRE,Gratamira,980.36,0,PARQUE VECINAL PRADO PINZÓN,1338.69,0,0.27,,0.67,1.5,0.0,,0.04,97.74,1.0
839-M4656958,APARTAMENTO,VENTA,21.71,326.0,4.0,5.0,1500000.0,4.0,CERROS DE SUBA,6,ENTRE 5 Y 10 ANOS,4.72,-74.08,USADO,,0,1,0,1,1,1,1,0,0,1,False,SUBA,BELLOMONTE SUBA,Suba - AV. Boyacá,544.72,0,PARQUE VECINAL AGRUPACIÓN DE VIVIENDA EN BALCON DE LINDARAJA,942.42,0,0.07,,1.0,0.8,0.0,,0.01,1512.11,0.0
16350-M4656974,APARTAMENTO,VENTA,19.73,72.0,3.0,2.0,300000.0,1.0,PUENTE ARANDA,4,ENTRE 0 Y 5 ANOS,4.63,-74.12,USADO,,0,0,0,1,1,1,1,0,0,1,False,PUENTE ARANDA,LA PRADERA,Pradera,538.6,0,PARQUE ZONAL LA IGUALDAD,539.75,0,0.27,,0.33,1.5,0.0,,0.04,1045.0,0.0
2359-M4078371,APARTAMENTO,VENTA,20.72,158.0,3.0,5.0,1700000.0,4.0,SANTA BARBARA,6,ENTRE 10 Y 20 ANOS,4.69,-74.06,USADO,,0,1,0,0,1,1,0,0,0,1,False,USAQUEN,SANTA BIBIANA,Calle 106,333.06,1,PARQUE VECINAL URBANIZACIÓN NORMANDIA I II II Y IV SECTOR,1465.18,0,0.13,,1.33,0.6,0.0,,0.02,872.12,0.0
2974-M4702136,APARTAMENTO,VENTA,20.44,139.0,3.0,4.0,500000.0,2.0,COLINA Y ALREDEDORES,5,ENTRE 10 Y 20 ANOS,4.73,-74.06,USADO,,0,1,0,1,1,1,0,0,0,1,False,SUBA,EL PINAR,Calle 146,1257.09,0,PARQUE VECINAL URBANIZACIÓN LA LAGUNA,698.27,0,0.15,,0.67,0.75,0.0,,0.02,702.13,0.0
2974-M4373030,APARTAMENTO,VENTA,19.97,90.0,3.0,2.0,350000.0,2.0,COLINA Y ALREDEDORES,4,ENTRE 10 Y 20 ANOS,4.74,-74.06,USADO,,0,0,0,1,1,1,1,0,0,1,False,SUBA,CASABLANCA (HACIENDA),Calle 161,1874.68,0,PARQUE VECINAL DESARROLLO CANTALEJO URBANIZACIÓN CANTALEJO MANZANA B,822.72,0,0.22,,0.67,1.5,0.0,,0.03,973.36,0.0
2469-M3780912,APARTAMENTO,VENTA,20.35,67.0,1.0,2.0,387000.0,2.0,SANTA BARBARA,6,ENTRE 0 Y 5 ANOS,4.69,-74.04,USADO,,0,1,0,0,1,1,0,0,0,1,False,USAQUEN,SANTA BARBARA CENTRAL II SECTOR,Pepe Sierra,1808.64,0,PARQUE METROPOLITANO EL COUNTRY,1155.51,0,0.3,,2.0,0.5,0.0,,0.01,471.36,1.0
2974-M3575035,APARTAMENTO,VENTA,19.93,86.0,3.0,2.0,3921395.93,2.0,COUNTRY,5,MAS DE 20 ANOS,4.72,-74.05,USADO,,0,0,0,0,1,1,0,0,0,1,False,USAQUEN,LA CALLEJA SANTACOLOMA,Prado,272.84,1,PARQUE ZONAL ATABANZA,1090.18,0,0.23,,0.67,1.5,0.0,,0.03,696.88,0.0
2974-M3808684,APARTAMENTO,VENTA,19.56,65.0,2.0,2.0,3921395.93,1.0,COLINA Y ALREDEDORES,4,MAS DE 20 ANOS,4.72,-74.06,USADO,,0,0,0,0,0,1,0,0,0,1,False,SUBA,SAN RAFAEL NORTE,Alcalá,947.49,0,PARQUE VECINAL PRADO PINZÓN,635.79,0,0.3,,0.5,1.0,0.0,,0.03,364.28,1.0
2974-M4498938,APARTAMENTO,VENTA,20.32,139.0,3.0,3.0,400000.0,2.0,COLINA Y ALREDEDORES,5,ENTRE 10 Y 20 ANOS,4.73,-74.06,USADO,,0,1,0,1,1,1,0,0,0,1,False,SUBA,EL PINAR,Calle 146,1257.09,0,PARQUE VECINAL URBANIZACIÓN LA LAGUNA,698.27,0,0.15,,0.67,1.0,0.0,,0.02,702.13,0.0
2456-M4598192,APARTAMENTO,VENTA,21.22,187.0,3.0,5.0,850000.0,3.0,COLINA Y ALREDEDORES,5,ENTRE 0 Y 5 ANOS,4.74,-74.07,USADO,,1,1,0,1,1,1,0,0,0,1,False,SUBA,URB. LA SIRENA,Gratamira,1408.37,0,PARQUE ZONAL EL TOMILLAR,1033.33,0,0.11,,1.0,0.6,0.0,,0.02,342.4,1.0
2456-M4653685,APARTAMENTO,VENTA,19.88,70.0,3.0,2.0,250000.0,1.0,COLINA Y ALREDEDORES,4,ENTRE 0 Y 5 ANOS,4.74,-74.07,USADO,,0,0,0,1,1,1,0,0,0,1,False,SUBA,CASABLANCA (HACIENDA),Gratamira,1745.01,0,PARQUE ZONAL EL TOMILLAR,809.55,0,0.28,,0.33,1.5,0.0,,0.04,805.13,0.0
2456-M4598178,APARTAMENTO,VENTA,21.22,187.0,3.0,5.0,850000.0,3.0,COLINA Y ALREDEDORES,5,ENTRE 0 Y 5 ANOS,4.74,-74.07,USADO,,1,1,0,1,1,1,0,0,0,1,False,SUBA,URB. LA SIRENA,Gratamira,1408.37,0,PARQUE ZONAL EL TOMILLAR,1033.33,0,0.11,,1.0,0.6,0.0,,0.02,342.4,1.0
800-M4599943,APARTAMENTO,VENTA,19.23,70.0,3.0,2.0,218000.0,0.0,ALTOS DE SUBA Y CERROS DE SAN JORGE,3,MAS DE 20 ANOS,4.75,-74.08,USADO,,0,0,0,0,1,1,0,0,0,0,False,SUBA,URB. OVIEDO,Portal Suba,1682.22,0,PARQUE ZONAL CAMPO VERDE,227.31,1,0.27,,0.0,1.5,0.0,,0.04,1661.7,0.0
11633-M4551502,APARTAMENTO,VENTA,21.05,130.88,3.0,3.0,540000.0,2.0,SALITRE MODELIA,4,ENTRE 0 Y 5 ANOS,4.67,-74.11,USADO,,0,1,0,1,1,1,1,0,0,1,False,FONTIBON,MODELIA,Normandía,448.9,1,PARQUE ZONAL CANAL BOYACA,477.02,1,0.16,,0.67,1.0,0.0,,0.02,698.63,0.0
2456-M4653615,APARTAMENTO,VENTA,21.22,187.0,3.0,5.0,950000.0,3.0,COLINA Y ALREDEDORES,5,ENTRE 0 Y 5 ANOS,4.74,-74.07,USADO,,1,1,0,1,1,1,0,0,0,1,False,SUBA,URB. LA SIRENA,Gratamira,1408.37,0,PARQUE ZONAL EL TOMILLAR,1033.33,0,0.11,,1.0,0.6,0.0,,0.02,342.4,1.0
5161-M4506428,APARTAMENTO,VENTA,20.62,165.0,3.0,4.0,1200000.0,2.0,SANTA BARBARA,6,MAS DE 20 ANOS,4.7,-74.04,USADO,,0,1,0,0,1,1,0,0,0,1,False,USAQUEN,SANTA BARBARA CENTRAL I SECTOR,Calle 127,1981.23,0,PARQUE METROPOLITANO EL COUNTRY,443.91,1,0.12,,0.67,0.75,0.0,,0.02,612.95,0.0
10312-M4018792,APARTAMENTO,VENTA,20.98,151.0,2.0,3.0,865500.0,3.0,CHICO,6,ENTRE 5 Y 10 ANOS,4.67,-74.04,USADO,,0,1,0,1,1,1,0,0,0,1,False,CHAPINERO,EL REFUGIO,Héroes - Gel´Hada,1766.17,0,PARQUE VECINAL URBANIZACIÓN LA CABRERA,725.1,0,0.14,,1.5,0.67,0.0,,0.01,699.83,0.0
2162-M4543332,APARTAMENTO,VENTA,20.97,190.0,2.0,4.0,1200000.0,2.0,COUNTRY,6,MAS DE 20 ANOS,4.71,-74.03,USADO,,0,1,0,0,1,1,0,0,0,1,False,USAQUEN,BOSQUES DE MEDINA,Prado,2930.22,0,PARQUE METROPOLITANO EL COUNTRY,1502.96,0,0.11,,1.0,0.5,0.0,,0.01,615.87,0.0
3390-M4381406,APARTAMENTO,VENTA,21.03,143.67,3.0,4.0,1100000.0,3.0,SANTA BARBARA,6,ENTRE 0 Y 5 ANOS,4.7,-74.05,USADO,,0,0,0,1,0,1,0,0,0,1,False,USAQUEN,SANTA BARBARA OCCIDENTAL,Calle 127,924.16,0,PARQUE METROPOLITANO EL COUNTRY,837.19,0,0.15,,1.0,0.75,0.0,,0.02,458.14,1.0
3390-M3484674,APARTAMENTO,VENTA,21.6,305.0,3.0,4.0,1400000.0,3.0,CHICO,5,MAS DE 20 ANOS,4.66,-74.06,USADO,,0,1,0,0,0,1,0,0,0,1,False,CHAPINERO,S.C. ESPARTILLAL,Calle 76 - San Felipe,652.08,0,PARQUE ZONAL SAN ANDRÉS,453.75,1,0.07,,1.0,0.75,0.0,,0.01,362.21,1.0
38-M4129755,APARTAMENTO,VENTA,19.34,74.0,3.0,2.0,270000.0,1.0,ALTOS DE SUBA Y CERROS DE SAN JORGE,4,ENTRE 10 Y 20 ANOS,4.75,-74.09,USADO,,0,0,0,0,0,1,0,0,0,1,False,SUBA,ATARDECERES DE SUBA,Portal Suba,349.12,1,PARQUE VECINAL URBANIZACIÓN VALLE DE REFOUS,259.8,1,0.26,,0.33,1.5,0.0,,0.04,582.1,0.0
2993-M3567797,APARTAMENTO,VENTA,21.25,182.0,3.0,5.0,948000.0,2.0,SANTA BARBARA,6,ENTRE 5 Y 10 ANOS,4.7,-74.03,USADO,,0,1,0,1,1,1,1,0,0,1,False,USAQUEN,RESERVAS DE LA SIERRA - LA ARBOLEDA,Calle 127,3022.7,0,PARQUE METROPOLITANO EL COUNTRY,1307.57,0,0.12,,0.67,0.6,0.0,,0.02,755.33,0.0
5395-M4591764,APARTAMENTO,VENTA,19.99,73.0,2.0,2.0,435000.0,2.0,CEDRITOS,4,ENTRE 5 Y 10 ANOS,4.72,-74.03,USADO,,0,1,0,1,1,1,1,0,0,1,False,USAQUEN,CEDRO NARVAEZ,Calle 142,1907.73,0,PARQUE VECINAL NUEVA URBANIZACIÓN EL CEDRITO,198.77,1,0.27,,1.0,1.0,0.0,,0.03,443.61,1.0
2266-M3040995,APARTAMENTO,VENTA,21.52,290.0,3.0,5.0,1280000.0,3.0,COUNTRY,6,ENTRE 5 Y 10 ANOS,4.71,-74.02,USADO,,0,0,0,0,0,1,0,0,0,0,False,USAQUEN,S.C. PARAMO_,Prado,3190.08,0,PARQUE METROPOLITANO EL COUNTRY,1701.79,0,0.07,,1.0,0.6,0.0,,0.01,827.24,0.0
3390-M2677231,APARTAMENTO,VENTA,21.47,340.0,4.0,5.0,1550000.0,4.0,CHAPINERO ALTO,4,ENTRE 5 Y 10 ANOS,4.64,-74.06,USADO,,0,0,0,0,1,0,0,0,0,1,False,CHAPINERO,S.C INGEMAR,Calle 57,918.66,0,PARQUE ZONAL GUSTAVO URIBE BOTERO,1130.61,0,0.06,,1.0,0.8,0.0,,0.01,1145.64,0.0
10312-M4130901,APARTAMENTO,VENTA,21.68,295.0,3.0,4.0,1600000.0,4.0,CHICO,6,ENTRE 10 Y 20 ANOS,4.68,-74.06,USADO,,1,1,0,1,1,1,0,0,0,1,False,CHAPINERO,S.C. EL CHICO,Virrey,137.4,1,PARQUE VECINAL URBANIZACIÓN NORMANDIA I II II Y IV SECTOR,135.33,1,0.07,,1.33,0.75,0.0,,0.01,527.33,0.0
14264-M4205398,APARTAMENTO,VENTA,20.11,104.0,3.0,2.0,317000.0,1.0,SALITRE MODELIA,4,REMODELADO,4.66,-74.11,USADO,,0,0,0,0,1,1,0,0,0,1,False,FONTIBON,MODELIA,Normandía,557.28,0,PARQUE ZONAL CANAL BOYACA,447.06,1,0.19,,0.33,1.5,0.0,,0.03,686.76,0.0
2996-M3808054,APARTAMENTO,VENTA,19.97,87.0,2.0,2.0,460000.0,2.0,NIZA ALHAMBRA,5,MAS DE 20 ANOS,4.7,-74.06,USADO,,0,0,0,0,1,0,0,0,0,0,False,SUBA,LA ALHAMBRA SECTOR NORTE,Pepe Sierra,756.77,0,PARQUE ZONAL CANAL CORDOBA,399.23,1,0.23,,1.0,1.0,0.0,,0.02,1093.87,0.0
15573-M4131276,APARTAMENTO,VENTA,20.35,175.0,3.0,4.0,660000.0,1.0,CHAPINERO ALTO,4,MAS DE 20 ANOS,4.63,-74.07,USADO,,0,0,0,0,1,0,0,0,0,1,False,CHAPINERO,S.C. SUCRE,Calle 45 - American School Way,115.54,1,PARQUE METROPOLITANO PARQUE NACIONAL (PM2A) ENRIQUE OLAYA HERRERA (SECTOR HISTORICO),753.41,0,0.12,,0.33,0.75,0.0,,0.02,151.19,2.0
2996-M3808033,APARTAMENTO,VENTA,20.25,141.0,3.0,3.0,500000.0,2.0,CEDRITOS,4,ENTRE 0 Y 5 ANOS,4.74,-74.03,USADO,,0,0,0,0,1,0,0,0,0,0,False,USAQUEN,VILLAS DEL MEDITERRANEO,Calle 161,1777.62,0,PARQUE ZONAL LA VIDA,515.23,0,0.14,,0.67,1.0,0.0,,0.02,828.21,0.0
717-M2477628,APARTAMENTO,VENTA,20.5,144.0,3.0,4.0,730000.0,2.0,COUNTRY,5,ENTRE 10 Y 20 ANOS,4.71,-74.03,USADO,,0,1,0,0,1,1,0,0,0,1,False,USAQUEN,BELLA SUIZA,Prado,2556.29,0,PARQUE METROPOLITANO EL COUNTRY,1033.24,0,0.14,,0.67,0.75,0.0,,0.02,279.44,1.0
11293-M4530328,APARTAMENTO,VENTA,20.03,106.0,3.0,3.0,640000.0,1.0,NIZA ALHAMBRA,5,MAS DE 20 ANOS,4.7,-74.06,USADO,,0,1,0,0,1,1,0,0,0,1,False,SUBA,PUENTE LARGO III SECTOR,Puentelargo,525.34,0,PARQUE ZONAL CANAL CORDOBA,548.43,0,0.19,,0.33,1.0,0.0,,0.03,965.21,0.0
16350-M4673605,APARTAMENTO,VENTA,19.95,67.0,3.0,2.0,270000.0,1.0,SALITRE MODELIA,4,ENTRE 0 Y 5 ANOS,4.67,-74.12,USADO,,0,0,0,0,1,1,0,0,0,1,False,FONTIBON,MODELIA OCCIDENTAL,Modelia,935.32,0,PARQUE VECINAL MODELIA SECTOR A,435.87,1,0.3,,0.33,1.5,0.0,,0.04,731.88,0.0
10278-M3993088,APARTAMENTO,VENTA,21.22,255.08,3.0,3.0,3921395.93,3.0,COUNTRY,5,MAS DE 20 ANOS,4.71,-74.03,USADO,,0,1,0,0,1,1,0,0,0,1,False,USAQUEN,BOSQUES DE MEDINA,Prado,2769.32,0,PARQUE METROPOLITANO EL COUNTRY,1321.87,0,0.08,,1.0,1.0,0.0,,0.01,467.74,1.0
10278-M4078034,APARTAMENTO,VENTA,20.31,121.35,2.0,3.0,600000.0,2.0,SANTA BARBARA,5,MAS DE 20 ANOS,4.7,-74.05,USADO,,0,0,0,0,1,1,0,0,0,1,True,USAQUEN,SANTA BARBARA OCCIDENTAL,Calle 127,491.51,1,PARQUE ZONAL ATABANZA,1146.43,0,0.17,,1.0,0.67,0.0,,0.02,409.69,3.0
12041-M4079795,APARTAMENTO,VENTA,20.06,122.0,3.0,3.0,587000.0,1.0,CEDRITOS,4,MAS DE 20 ANOS,4.72,-74.03,USADO,,0,0,0,0,1,1,0,0,0,1,False,USAQUEN,BELMIRA,Alcalá,2491.61,0,PARQUE VECINAL NUEVA URBANIZACIÓN EL CEDRITO,627.12,0,0.16,,0.33,1.0,0.0,,0.02,516.26,0.0
11278-M4500319,APARTAMENTO,VENTA,20.56,147.0,2.0,3.0,604000.0,2.0,SANTA BARBARA,6,MAS DE 20 ANOS,4.69,-74.05,USADO,,0,1,0,0,0,0,0,0,0,0,False,USAQUEN,SANTA BIBIANA,Calle 106,946.79,0,PARQUE VECINAL URBANIZACIÓN NORMANDIA I II II Y IV SECTOR,1793.4,0,0.14,,1.0,0.67,0.0,,0.01,455.56,1.0
771-M4371546,APARTAMENTO,VENTA,21.72,245.0,3.0,4.0,1650000.0,2.0,CHICO,6,MAS DE 20 ANOS,4.67,-74.05,USADO,,0,0,0,0,1,0,0,0,0,1,False,CHAPINERO,LA CABRERA,Héroes - Gel´Hada,1260.07,0,PARQUE VECINAL URBANIZACIÓN LA CABRERA,373.96,1,0.09,,0.67,0.75,0.0,,0.01,397.21,4.0
384-M4654778,APARTAMENTO,VENTA,19.84,66.72,2.0,2.0,247000.0,0.0,RAFAEL URIBE URIBE TUNJUELITO,3,ENTRE 0 Y 5 ANOS,4.59,-74.11,USADO,,1,0,0,1,1,0,0,0,0,1,False,ANTONIO NARINO,SANTANDER_,NQS - Calle 30 S,689.43,0,PARQUE ZONAL VILLA MAYOR CEMENTERIO,737.48,0,0.3,,0.0,1.0,0.0,,0.03,1149.28,0.0
384-M4658344,APARTAMENTO,VENTA,19.86,66.72,3.0,2.0,247000.0,1.0,RAFAEL URIBE URIBE TUNJUELITO,3,ENTRE 0 Y 5 ANOS,4.59,-74.11,USADO,,1,0,0,1,1,0,0,0,0,1,False,ANTONIO NARINO,SANTANDER_,NQS - Calle 30 S,689.43,0,PARQUE ZONAL VILLA MAYOR CEMENTERIO,737.48,0,0.3,,0.33,1.5,0.0,,0.04,1149.28,0.0
518-M4696561,APARTAMENTO,VENTA,21.06,105.55,2.0,4.0,1065000.0,2.0,CHICO,6,ENTRE 10 Y 20 ANOS,4.67,-74.05,USADO,,0,1,0,0,1,0,0,0,0,1,False,CHAPINERO,S.C. EL CHICO,Virrey,888.61,0,PARQUE ZONAL CANAL EL VIRREY EL CHICO,326.5,1,0.2,,1.0,0.5,0.0,,0.02,243.69,4.0
384-M4655863,APARTAMENTO,VENTA,19.85,66.72,3.0,2.0,247000.0,1.0,RAFAEL URIBE URIBE TUNJUELITO,3,ENTRE 0 Y 5 ANOS,4.59,-74.11,USADO,,1,0,0,1,1,0,0,0,0,1,False,ANTONIO NARINO,SANTANDER_,NQS - Calle 30 S,689.43,0,PARQUE ZONAL VILLA MAYOR CEMENTERIO,737.48,0,0.3,,0.33,1.5,0.0,,0.04,1149.28,0.0
2195-M4588739,APARTAMENTO,VENTA,20.86,220.0,3.0,4.0,1065000.0,2.0,COUNTRY,6,MAS DE 20 ANOS,4.71,-74.04,USADO,,0,1,0,0,0,0,0,0,0,1,False,USAQUEN,LA_CAROLINA,Calle 127,1446.2,0,PARQUE METROPOLITANO EL COUNTRY,486.12,1,0.09,,0.67,0.75,0.0,,0.01,519.01,0.0
9951-M3186546,APARTAMENTO,VENTA,21.59,233.0,3.0,5.0,1500000.0,4.0,CHICO,6,ENTRE 5 Y 10 ANOS,4.67,-74.05,USADO,,0,1,0,1,1,1,0,0,0,1,False,CHAPINERO,LA CABRERA,Héroes - Gel´Hada,1189.15,0,PARQUE VECINAL URBANIZACIÓN LA CABRERA,312.44,1,0.09,,1.33,0.6,0.0,,0.01,335.05,4.0
770-M2679666,APARTAMENTO,VENTA Y ARRIENDO,21.72,245.0,3.0,5.0,1550000.0,3.0,CHICO,6,ENTRE 5 Y 10 ANOS,4.67,-74.05,USADO,14000000.0,1,1,1,1,1,1,0,0,0,1,False,CHAPINERO,LA CABRERA,Héroes - Gel´Hada,1004.32,0,PARQUE VECINAL URBANIZACIÓN LA CABRERA,198.78,1,0.09,57142.86,1.0,0.6,0.0,9.03,0.01,243.13,5.0
2996-M3004445,APARTAMENTO,VENTA,20.61,102.0,3.0,3.0,700000.0,2.0,SANTA BARBARA,6,ENTRE 5 Y 10 ANOS,4.69,-74.05,USADO,,0,0,0,0,1,1,0,0,0,0,False,USAQUEN,SAN PATRICIO,Pepe Sierra,989.35,0,PARQUE METROPOLITANO EL COUNTRY,1477.93,0,0.2,,0.67,1.0,0.0,,0.03,70.48,3.0
5586-M2569118,APARTAMENTO,VENTA,21.58,230.0,3.0,5.0,1500000.0,3.0,SANTA BARBARA,6,MAS DE 20 ANOS,4.69,-74.03,USADO,,0,1,0,1,1,0,0,0,0,1,False,USAQUEN,SANTA ANA ORIENTAL,Calle 106,3115.07,0,PARQUE METROPOLITANO EL COUNTRY,2381.58,0,0.09,,1.0,0.6,0.0,,0.01,867.35,0.0
164-M3389452,APARTAMENTO,VENTA,20.08,104.4,3.0,2.0,558000.0,1.0,SANTA BARBARA,5,MAS DE 20 ANOS,4.7,-74.05,USADO,,0,0,0,0,1,0,0,0,0,0,False,USAQUEN,SAN PATRICIO,Pepe Sierra,352.91,1,PARQUE ZONAL ATABANZA,1313.82,0,0.19,,0.33,1.5,0.0,,0.03,400.2,1.0
2359-M2369542,APARTAMENTO,VENTA,21.22,267.0,3.0,4.0,1584000.0,3.0,COUNTRY,6,ENTRE 10 Y 20 ANOS,4.71,-74.03,USADO,,0,1,0,1,1,1,0,0,0,0,False,USAQUEN,BOSQUES DE MEDINA,Prado,3070.65,0,PARQUE VECINAL NUEVA URBANIZACIÓN EL CEDRITO,1636.95,0,0.08,,1.0,0.75,0.0,,0.01,643.62,0.0
4566-M2549804,APARTAMENTO,VENTA,21.55,382.0,3.0,4.0,1287000.0,4.0,CHICO,6,MAS DE 20 ANOS,4.66,-74.05,USADO,,0,0,0,0,0,1,0,0,0,0,False,CHAPINERO,S.C. BELLAVISTA,Calle 72,1236.77,0,PARQUE ZONAL SAN ANDRÉS,790.45,0,0.06,,1.33,0.75,0.0,,0.01,512.2,0.0
11203-M2858263,APARTAMENTO,VENTA,20.71,184.0,3.0,4.0,850000.0,3.0,SANTA BARBARA,6,MAS DE 20 ANOS,4.69,-74.05,USADO,,0,0,0,1,1,0,0,0,0,1,False,USAQUEN,SANTA BIBIANA,Calle 106,763.28,0,PARQUE VECINAL URBANIZACIÓN NORMANDIA I II II Y IV SECTOR,1458.13,0,0.11,,1.0,0.75,0.0,,0.02,477.41,1.0
12364-M4615952,APARTAMENTO,VENTA,20.29,88.5,3.0,3.0,500000.0,2.0,SALITRE MODELIA,4,ENTRE 10 Y 20 ANOS,4.64,-74.1,USADO,,0,1,0,1,1,1,0,0,0,1,False,TEUSAQUILLO,PRADOS DEL_SALITRE,Gobernación,743.32,0,PARQUE VECINAL SANTA CLARA,783.76,0,0.23,,0.67,1.0,0.0,,0.03,296.51,2.0
10139-M2820961,APARTAMENTO,VENTA,20.66,140.0,3.0,3.0,990000.0,2.0,SANTA BARBARA,6,ENTRE 5 Y 10 ANOS,4.69,-74.05,USADO,,0,1,0,0,1,1,0,0,0,1,False,USAQUEN,SAN PATRICIO,Calle 106,364.07,1,PARQUE ZONAL CANAL CORDOBA,1516.07,0,0.15,,0.67,1.0,0.0,,0.02,371.12,1.0
11369-M4702515,APARTAMENTO,VENTA,19.95,93.9,3.0,3.0,601600.0,1.0,SANTA BARBARA,6,MAS DE 20 ANOS,4.69,-74.05,USADO,,0,1,0,0,1,0,0,0,0,1,False,USAQUEN,SAN PATRICIO,Calle 106,539.03,0,PARQUE ZONAL CANAL CORDOBA,1709.37,0,0.21,,0.33,1.0,0.0,,0.03,217.24,2.0
679-M3638939,APARTAMENTO,VENTA,20.49,125.0,3.0,3.0,1012000.0,2.0,CHICO,6,MAS DE 20 ANOS,4.68,-74.05,USADO,,0,0,0,0,1,0,0,0,0,1,False,CHAPINERO,S.C. CHICO NORTE III SECTOR,Calle 100 - Marketmedios,789.08,0,PARQUE VECINAL URBANIZACIÓN NORMANDIA I II II Y IV SECTOR,1004.58,0,0.16,,0.67,1.0,0.0,,0.02,213.57,3.0
16449-M4671596,APARTAMENTO,VENTA,20.5,109.0,2.0,3.0,1290000.0,2.0,CHICO,6,ENTRE 10 Y 20 ANOS,4.68,-74.05,USADO,,0,1,0,0,1,0,0,0,0,1,False,CHAPINERO,S.C. CHICO NORTE,Calle 100 - Marketmedios,558.37,0,PARQUE VECINAL URBANIZACIÓN NORMANDIA I II II Y IV SECTOR,574.99,0,0.19,,1.0,0.67,0.0,,0.02,61.43,1.0
13437-M4704797,APARTAMENTO,VENTA,19.92,108.0,3.0,3.0,700000.0,2.0,COUNTRY,5,ENTRE 10 Y 20 ANOS,4.72,-74.04,USADO,,0,1,0,0,1,0,0,0,0,0,False,USAQUEN,LISBOA_,Alcalá,1658.25,0,PARQUE VECINAL NUEVA URBANIZACIÓN EL CEDRITO,978.25,0,0.18,,0.67,1.0,0.0,,0.03,448.17,2.0
5588-M4333875,APARTAMENTO,VENTA,20.34,146.0,3.0,3.0,1135000.0,1.0,CHICO,6,MAS DE 20 ANOS,4.65,-74.05,USADO,,0,1,0,0,0,0,0,0,0,1,False,CHAPINERO,S.C. BELLAVISTA,Flores – Areandina,1392.54,0,PARQUE ZONAL GUSTAVO URIBE BOTERO,327.69,1,0.14,,0.33,1.0,0.0,,0.02,599.12,0.0
800-M4417183,APARTAMENTO,VENTA,19.9,97.0,2.0,3.0,586000.0,1.0,CEDRITOS,4,MAS DE 20 ANOS,4.73,-74.03,USADO,,0,0,0,0,0,1,0,0,0,1,False,USAQUEN,CEDRO SALAZAR,Calle 146,2731.2,0,PARQUE VECINAL NUEVA URBANIZACIÓN EL CEDRITO,914.74,0,0.21,,0.5,0.67,0.0,,0.02,890.9,0.0
2238-M3335496,APARTAMENTO,VENTA,20.96,226.0,3.0,5.0,1300000.0,2.0,CEDRITOS,6,MAS DE 20 ANOS,4.72,-74.03,USADO,,0,1,0,1,1,1,0,0,0,1,False,USAQUEN,CEDRO SALAZAR,Calle 142,2720.83,0,PARQUE VECINAL NUEVA URBANIZACIÓN EL CEDRITO,840.75,0,0.09,,0.67,0.6,0.0,,0.01,940.33,0.0
368-M4613266,APARTAMENTO,VENTA,20.79,123.54,3.0,4.0,870000.0,2.0,CHICO,6,ENTRE 0 Y 5 ANOS,4.67,-74.05,USADO,,0,1,0,1,0,1,0,0,0,1,False,CHAPINERO,EL REFUGIO,Héroes - Gel´Hada,1688.85,0,PARQUE VECINAL URBANIZACIÓN LA CABRERA,715.98,0,0.17,,0.67,0.75,0.0,,0.02,709.51,0.0
3553-M3441969,APARTAMENTO,VENTA,19.4,54.0,3.0,1.0,183500.0,1.0,COLINA Y ALREDEDORES,3,MAS DE 20 ANOS,4.74,-74.05,USADO,,0,0,0,0,0,1,0,0,0,1,False,SUBA,CANTAGALLO - CARMEL CLUB CAMPESTRE,Toberin - Foundever,559.17,0,PARQUE VECINAL DESARROLLO CANTALEJO URBANIZACIÓN CANTALEJO MANZANA B,646.88,0,0.36,,0.33,3.0,0.0,,0.06,1790.66,0.0
12633-M4517402,APARTAMENTO,VENTA,19.25,60.0,3.0,2.0,3921395.93,1.0,CIUDAD BOLIVAR,2,ENTRE 5 Y 10 ANOS,4.58,-74.16,USADO,,0,0,0,0,1,1,0,0,0,1,False,CIUDAD BOLIVAR,EL ENSUENO,Perdomo,1358.12,0,PARQUE ZONAL EL TALLER EL ENSUEÑO,158.47,1,0.32,,0.33,1.5,0.0,,0.05,1725.4,0.0
368-M3696472,APARTAMENTO,VENTA,21.34,238.0,3.0,3.0,3921395.93,2.0,CHICO,6,MAS DE 20 ANOS,4.66,-74.05,USADO,,0,1,0,0,0,1,0,0,0,0,False,CHAPINERO,S.C. EL NOGAL,Héroes - Gel´Hada,1007.59,0,PARQUE ZONAL SAN ANDRÉS,88.09,1,0.09,,0.67,1.0,0.0,,0.01,277.9,4.0
11203-M3153694,APARTAMENTO,VENTA,20.72,181.0,3.0,4.0,1530000.0,3.0,COUNTRY,6,MAS DE 20 ANOS,4.71,-74.04,USADO,,0,1,0,0,1,1,0,0,0,1,False,USAQUEN,LA_CAROLINA,Calle 127,1379.38,0,PARQUE METROPOLITANO EL COUNTRY,412.46,1,0.11,,1.0,0.75,0.0,,0.02,343.71,1.0
523-M2847344,APARTAMENTO,VENTA,21.64,171.0,3.0,4.0,1400000.0,3.0,CHICO,6,ENTRE 0 Y 5 ANOS,4.67,-74.05,USADO,,0,0,0,1,1,1,0,0,0,1,False,CHAPINERO,S.C. EL CHICO,Calle 85,1623.3,0,PARQUE VECINAL URBANIZACIÓN LA CABRERA,571.86,0,0.13,,1.0,0.75,0.0,,0.02,514.97,0.0
12673-M3564383,APARTAMENTO,VENTA,21.07,165.7,3.0,3.0,1200000.0,2.0,SANTA BARBARA,6,ENTRE 10 Y 20 ANOS,4.7,-74.05,USADO,,0,1,0,0,1,0,0,0,0,1,False,USAQUEN,SAN PATRICIO,Pepe Sierra,546.68,0,PARQUE METROPOLITANO EL COUNTRY,1515.47,0,0.13,,0.67,1.0,0.0,,0.02,191.27,2.0
661-M2910199,APARTAMENTO,VENTA,19.72,93.25,3.0,2.0,3921395.93,0.0,LA SOLEDAD,4,MAS DE 20 ANOS,4.63,-74.08,USADO,,0,0,0,0,0,0,0,0,0,1,False,TEUSAQUILLO,LA SOLEDAD,AV. ElDorado,219.73,1,PARQUE METROPOLITANO EL RENACIMIENTO - PARQUE CEMENTERIO CENTRAL,1396.82,0,0.21,,0.0,1.5,0.0,,0.03,867.5,0.0
159-M4700985,APARTAMENTO,VENTA,20.32,105.0,3.0,3.0,417000.0,2.0,COLINA Y ALREDEDORES,5,ENTRE 0 Y 5 ANOS,4.74,-74.06,USADO,,1,1,0,1,1,1,1,0,0,1,False,SUBA,CAMPOS DE SILENCIO,Calle 161,993.75,0,PARQUE VECINAL DESARROLLO CANTALEJO URBANIZACIÓN CANTALEJO MANZANA B,205.68,1,0.19,,0.67,1.0,0.0,,0.03,1411.39,0.0
2974-M4547072,APARTAMENTO,VENTA,20.07,98.0,3.0,3.0,400000.0,2.0,COLINA Y ALREDEDORES,5,ENTRE 10 Y 20 ANOS,4.73,-74.06,USADO,,0,1,0,1,1,1,0,0,0,1,False,SUBA,EL PINAR,Calle 146,1405.3,0,PARQUE VECINAL URBANIZACIÓN LA LAGUNA,862.9,0,0.2,,0.67,1.0,0.0,,0.03,530.74,0.0
16205-M4603668,APARTAMENTO,VENTA,19.87,87.0,2.0,2.0,460000.0,1.0,CEDRITOS,4,MAS DE 20 ANOS,4.72,-74.03,USADO,,0,1,0,0,1,1,0,0,0,1,False,USAQUEN,LAS_ACACIAS,Calle 142,2168.98,0,PARQUE VECINAL NUEVA URBANIZACIÓN EL CEDRITO,265.84,1,0.23,,0.5,1.0,0.0,,0.02,717.29,0.0
10139-M4555425,APARTAMENTO,VENTA,21.41,233.0,3.0,4.0,1980000.0,3.0,CHICO,6,ENTRE 10 Y 20 ANOS,4.68,-74.04,USADO,,0,1,0,1,1,0,0,0,0,1,False,CHAPINERO,S.C. CHICO NORTE,Virrey,1651.65,0,PARQUE VECINAL URBANIZACIÓN LA CABRERA,964.76,0,0.09,,1.0,0.75,0.0,,0.01,466.87,1.0
16430-M4657353,APARTAMENTO,VENTA,21.05,214.0,2.0,3.0,2140000.0,2.0,CHAPINERO ALTO,4,REMODELADO,4.65,-74.06,USADO,,0,0,0,0,1,0,0,0,0,1,False,CHAPINERO,S.C. QUINTA CAMACHO,Flores – Areandina,761.29,0,PARQUE ZONAL GUSTAVO URIBE BOTERO,571.97,0,0.1,,1.0,0.67,0.0,,0.01,175.28,5.0
10278-M2588059,APARTAMENTO,VENTA,20.55,150.0,3.0,4.0,620000.0,2.0,SANTA BARBARA,6,MAS DE 20 ANOS,4.69,-74.05,USADO,,0,1,0,0,1,0,0,0,0,1,False,USAQUEN,RINCON DEL CHICO,Calle 106,1337.48,0,PARQUE ZONAL CANAL EL VIRREY EL CHICO,1735.51,0,0.14,,0.67,0.75,0.0,,0.02,427.55,1.0
10165-M3401989,APARTAMENTO,VENTA,19.96,81.0,3.0,3.0,450000.0,2.0,NIZA ALHAMBRA,5,MAS DE 20 ANOS,4.7,-74.07,USADO,,0,1,0,0,1,1,0,0,0,1,False,SUBA,SANTA ROSA,Suba - Calle 116,355.0,1,PARQUE ZONAL MORATO,63.76,1,0.25,,0.67,1.0,0.0,,0.04,320.79,1.0
3390-M4654568,APARTAMENTO,VENTA,21.47,192.0,3.0,5.0,2450000.0,3.0,CHICO,6,ENTRE 10 Y 20 ANOS,4.68,-74.04,USADO,,0,0,0,0,0,1,0,0,0,1,False,CHAPINERO,S.C. CHICO NORTE,Virrey,1587.84,0,PARQUE VECINAL URBANIZACIÓN LA CABRERA,1026.32,0,0.11,,1.0,0.6,0.0,,0.02,398.72,2.0
4535-M4653618,APARTAMENTO,VENTA,20.5,92.0,2.0,3.0,946000.0,2.0,CHICO,6,ENTRE 10 Y 20 ANOS,4.68,-74.05,USADO,,0,1,0,1,1,0,0,0,0,1,False,CHAPINERO,S.C. CHICO NORTE III SECTOR,Calle 100 - Marketmedios,360.55,1,PARQUE VECINAL URBANIZACIÓN NORMANDIA I II II Y IV SECTOR,922.89,0,0.22,,1.0,0.67,0.0,,0.02,414.24,2.0
3025-M4598698,APARTAMENTO,VENTA,20.86,190.0,4.0,5.0,1108800.0,4.0,SANTA BARBARA,5,ENTRE 10 Y 20 ANOS,4.7,-74.05,USADO,,0,1,0,0,1,1,0,0,0,1,False,USAQUEN,SANTA BARBARA OCCIDENTAL,Pepe Sierra,397.96,1,PARQUE ZONAL ATABANZA,1231.07,0,0.11,,1.0,0.8,0.0,,0.02,484.08,1.0
13674-M4654938,APARTAMENTO,VENTA,19.99,93.0,3.0,2.0,450000.0,1.0,SANTA BARBARA,5,MAS DE 20 ANOS,4.69,-74.04,USADO,,0,1,0,0,1,1,0,0,0,1,False,USAQUEN,SANTA BARBARA CENTRAL III SECTOR,Pepe Sierra,2106.14,0,PARQUE METROPOLITANO EL COUNTRY,1108.55,0,0.21,,0.33,1.5,0.0,,0.03,476.11,1.0
10165-M4544075,APARTAMENTO,VENTA,19.83,95.0,3.0,2.0,350000.0,2.0,CEDRITOS,4,MAS DE 20 ANOS,4.74,-74.03,USADO,,0,1,0,0,0,1,0,0,0,1,False,USAQUEN,VILLAS DEL MEDITERRANEO,Calle 161,1580.5,0,PARQUE ZONAL LA VIDA,314.48,1,0.21,,0.67,1.5,0.0,,0.03,812.56,0.0
10312-M3490254,APARTAMENTO,VENTA,21.51,270.0,3.0,4.0,1680000.0,3.0,CHAPINERO ALTO,6,MAS DE 20 ANOS,4.65,-74.05,USADO,,1,1,0,1,1,1,0,0,0,1,False,CHAPINERO,S.C. LAS ACACIAS,Flores – Areandina,1417.96,0,PARQUE ZONAL GUSTAVO URIBE BOTERO,133.79,1,0.08,,1.0,0.75,0.0,,0.01,577.97,0.0
2266-M3465316,APARTAMENTO,VENTA,21.16,240.0,4.0,5.0,960000.0,4.0,SALITRE MODELIA,5,MAS DE 20 ANOS,4.65,-74.11,USADO,,0,0,0,0,0,1,0,0,0,0,False,TEUSAQUILLO,CIUDAD SALITRE SURORIENTAL,CAN,739.64,0,PARQUE VECINAL URBANIZACIÓN SALITRE (GRECO),1007.18,0,0.09,,1.0,0.8,0.0,,0.02,498.43,3.0
2266-M2509290,APARTAMENTO,VENTA,21.64,290.0,3.0,5.0,1683000.0,3.0,COUNTRY,6,ENTRE 10 Y 20 ANOS,4.71,-74.03,USADO,,0,0,0,0,0,1,0,0,0,0,False,USAQUEN,BOSQUES DE MEDINA,Prado,3036.32,0,PARQUE METROPOLITANO EL COUNTRY,1624.77,0,0.07,,1.0,0.6,0.0,,0.01,646.19,0.0
10173-M4695585,APARTAMENTO,VENTA,21.31,178.0,3.0,4.0,1300000.0,2.0,CHICO,6,ENTRE 5 Y 10 ANOS,4.68,-74.05,USADO,,0,1,0,1,1,1,0,0,0,1,False,CHAPINERO,S.C. CHICO NORTE,Virrey,812.21,0,PARQUE ZONAL CANAL EL VIRREY EL CHICO,357.97,1,0.12,,0.67,0.75,0.0,,0.02,117.22,3.0
2266-M2730693,APARTAMENTO,VENTA,20.13,69.0,1.0,2.0,490000.0,1.0,CHICO,6,MAS DE 20 ANOS,4.66,-74.05,USADO,,0,0,0,0,0,1,0,0,0,0,False,CHAPINERO,LOS ROSALES,Calle 72,1499.48,0,PARQUE ZONAL SAN ANDRÉS,874.7,0,0.29,,1.0,0.5,0.0,,0.01,769.39,0.0
2266-M2332417,APARTAMENTO,VENTA,19.81,87.0,3.0,2.0,360000.0,2.0,SANTA BARBARA,6,MAS DE 20 ANOS,4.7,-74.04,USADO,,0,0,0,0,0,0,0,0,0,0,False,USAQUEN,SANTA BARBARA CENTRAL I SECTOR,Pepe Sierra,2132.02,0,PARQUE METROPOLITANO EL COUNTRY,727.71,0,0.23,,0.67,1.5,0.0,,0.03,479.54,1.0
14121-M4595572,APARTAMENTO,VENTA,19.9,63.0,2.0,2.0,581000.0,2.0,SANTA BARBARA,6,MAS DE 20 ANOS,4.69,-74.05,USADO,,0,0,0,0,1,1,0,0,0,1,False,USAQUEN,SANTA BIBIANA,Calle 100 - Marketmedios,999.99,0,PARQUE VECINAL URBANIZACIÓN NORMANDIA I II II Y IV SECTOR,1460.98,0,0.32,,1.0,1.0,0.0,,0.03,299.06,2.0
3271-M4733643,APARTAMENTO,VENTA,20.07,65.0,1.0,2.0,580000.0,2.0,CHICO,6,ENTRE 0 Y 5 ANOS,4.68,-74.06,USADO,,0,0,0,0,1,0,0,0,0,1,False,CHAPINERO,S.C. CHICO NORTE III SECTOR,Calle 100 - Marketmedios,165.78,1,PARQUE VECINAL URBANIZACIÓN NORMANDIA I II II Y IV SECTOR,665.69,0,0.31,,2.0,0.5,0.0,,0.02,367.52,1.0
16430-M4640409,APARTAMENTO,VENTA,20.91,149.0,3.0,4.0,1150000.0,2.0,SANTA BARBARA,5,MAS DE 20 ANOS,4.7,-74.05,USADO,,0,1,0,0,1,0,0,0,0,0,False,USAQUEN,SANTA BARBARA OCCIDENTAL,Pepe Sierra,295.32,1,PARQUE ZONAL ATABANZA,1048.45,0,0.14,,0.67,0.75,0.0,,0.02,524.32,0.0
10312-M4265680,APARTAMENTO,VENTA,20.36,107.0,3.0,2.0,640000.0,2.0,CHAPINERO ALTO,6,MAS DE 20 ANOS,4.65,-74.05,USADO,,0,1,0,1,1,1,0,0,0,1,False,CHAPINERO,S.C. LAS ACACIAS,Flores – Areandina,1518.61,0,PARQUE ZONAL GUSTAVO URIBE BOTERO,224.9,1,0.19,,0.67,1.5,0.0,,0.03,676.23,0.0
11203-M3889816,APARTAMENTO,VENTA,20.41,114.0,3.0,3.0,693000.0,2.0,SANTA BARBARA,5,ENTRE 10 Y 20 ANOS,4.7,-74.05,USADO,,0,0,0,0,1,0,0,0,0,1,False,USAQUEN,SANTA BARBARA OCCIDENTAL,Pepe Sierra,353.83,1,PARQUE ZONAL ATABANZA,1174.58,0,0.18,,0.67,1.0,0.0,,0.03,538.41,0.0
874-M4110630,APARTAMENTO,VENTA,20.62,152.0,3.0,2.0,615000.0,2.0,CHICO,5,MAS DE 20 ANOS,4.66,-74.06,USADO,,0,0,0,0,0,0,0,0,0,0,False,CHAPINERO,S.C. ESPARTILLAL,Calle 76 - San Felipe,590.29,0,PARQUE ZONAL SAN ANDRÉS,651.45,0,0.14,,0.67,1.5,0.0,,0.02,453.8,4.0
12494-M2833944,APARTAMENTO,VENTA,21.42,150.0,2.0,3.0,1450000.0,4.0,CHICO,6,ENTRE 5 Y 10 ANOS,4.67,-74.05,USADO,,0,1,0,0,1,1,0,0,0,1,False,CHAPINERO,S.C. EL CHICO,Calle 85,1502.54,0,PARQUE VECINAL URBANIZACIÓN LA CABRERA,486.9,1,0.14,,2.0,0.67,0.0,,0.01,411.16,1.0
9816-M4652495,APARTAMENTO,VENTA,19.86,71.0,3.0,2.0,300000.0,1.0,COLINA Y ALREDEDORES,4,ENTRE 10 Y 20 ANOS,4.74,-74.06,USADO,,0,0,0,1,1,1,0,0,0,1,False,SUBA,URB. VERSALLES,Mazurén,1064.03,0,PARQUE VECINAL DESARROLLO CANTALEJO URBANIZACIÓN CANTALEJO MANZANA B,518.56,0,0.28,,0.33,1.5,0.0,,0.04,1115.48,0.0
3036-M2515548,APARTAMENTO,VENTA,21.06,213.0,3.0,3.0,663000.0,2.0,SANTA BARBARA,6,ENTRE 10 Y 20 ANOS,4.7,-74.05,USADO,,0,1,0,0,1,1,0,0,0,1,False,USAQUEN,SANTA BARBARA OCCIDENTAL,Pepe Sierra,975.18,0,PARQUE METROPOLITANO EL COUNTRY,1028.26,0,0.1,,0.67,1.0,0.0,,0.01,278.42,1.0
16288-M4563898,APARTAMENTO,VENTA,21.19,204.0,3.0,4.0,1250000.0,2.0,CHICO,6,MAS DE 20 ANOS,4.67,-74.04,USADO,,0,1,0,0,1,0,0,0,0,1,False,CHAPINERO,CHICO ORIENTAL,Virrey,2189.87,0,PARQUE VECINAL URBANIZACIÓN LA CABRERA,1176.96,0,0.1,,0.67,0.75,0.0,,0.01,1071.35,0.0
684-M3025348,APARTAMENTO,VENTA,19.97,80.0,3.0,2.0,300000.0,2.0,CEDRITOS,4,ENTRE 10 Y 20 ANOS,4.73,-74.04,USADO,,0,0,0,1,1,1,0,0,0,1,False,USAQUEN,LOS CEDRITOS,Calle 142,676.95,0,PARQUE VECINAL PRADO PINZÓN,1047.56,0,0.25,,0.67,1.5,0.0,,0.04,725.41,0.0
11278-M4681854,APARTAMENTO,VENTA,20.37,113.0,3.0,3.0,509500.0,2.0,SANTA BARBARA,6,MAS DE 20 ANOS,4.7,-74.03,USADO,,0,1,0,0,0,0,0,0,0,1,False,USAQUEN,SANTA BARBARA CENTRAL IV SECTOR,Calle 127,2319.98,0,PARQUE METROPOLITANO EL COUNTRY,650.27,0,0.18,,0.67,1.0,0.0,,0.03,555.41,0.0
14876-M4443082,APARTAMENTO,VENTA,20.54,133.12,4.0,5.0,750000.0,3.0,COUNTRY,5,ENTRE 10 Y 20 ANOS,4.72,-74.05,USADO,,0,0,0,1,1,1,0,0,0,1,False,USAQUEN,LA CALLEJA SANTACOLOMA,Prado,288.67,1,PARQUE ZONAL ATABANZA,1099.57,0,0.15,,0.75,0.8,0.0,,0.03,694.9,0.0
10278-M4077814,APARTAMENTO,VENTA,19.88,59.0,1.0,2.0,445000.0,2.0,COUNTRY,5,ENTRE 5 Y 10 ANOS,4.71,-74.03,USADO,,0,0,0,1,0,1,0,0,0,1,False,USAQUEN,LISBOA_,Prado,2058.53,0,PARQUE VECINAL NUEVA URBANIZACIÓN EL CEDRITO,1042.45,0,0.34,,2.0,0.5,0.0,,0.02,156.58,2.0
164-M4502545,APARTAMENTO,VENTA,19.25,59.9,3.0,2.0,199000.0,1.0,FONTIBON TINTAL,3,MAS DE 20 ANOS,4.68,-74.13,USADO,,0,0,0,0,0,0,0,0,0,1,False,FONTIBON,URB. PARQUE AFIR,Portal El Dorado,1293.7,0,PARQUE ZONAL ATAHUALPA,1412.02,0,0.32,,0.33,1.5,0.0,,0.05,930.06,0.0
2379-M4147299,APARTAMENTO,VENTA,19.86,78.86,3.0,2.0,305000.0,1.0,FONTIBON TINTAL,4,ENTRE 5 Y 10 ANOS,4.66,-74.13,USADO,,0,0,0,0,0,0,0,0,0,1,False,FONTIBON,EL TINTAL A.S.D.,Normandía,1975.06,0,PARQUE ZONAL CANAL BOYACA,1223.57,0,0.25,,0.33,1.5,0.0,,0.04,355.75,2.0
2195-M2903276,APARTAMENTO,VENTA,21.22,302.0,4.0,5.0,2900000.0,4.0,SANTA BARBARA,6,MAS DE 20 ANOS,4.69,-74.05,USADO,,0,1,0,0,0,0,0,0,0,1,False,USAQUEN,SANTA BIBIANA,Calle 100 - Marketmedios,535.63,0,PARQUE VECINAL URBANIZACIÓN NORMANDIA I II II Y IV SECTOR,1251.21,0,0.07,,1.0,0.8,0.0,,0.01,665.13,0.0
13436-M4704756,APARTAMENTO,VENTA,19.94,88.0,2.0,3.0,739000.0,1.0,NIZA ALHAMBRA,5,MAS DE 20 ANOS,4.7,-74.06,USADO,,0,1,0,0,1,1,0,0,0,1,False,SUBA,S.C. PASADENA,Puentelargo,656.53,0,PARQUE ZONAL CANAL CORDOBA,746.63,0,0.23,,0.5,0.67,0.0,,0.02,895.05,0.0
2123-3920475,APARTAMENTO,VENTA,21.28,221.0,3.0,5.0,1200000.0,4.0,COUNTRY,6,ENTRE 5 Y 10 ANOS,4.71,-74.03,USADO,,0,1,0,1,1,1,0,0,0,1,False,USAQUEN,GINEBRA,Prado,2781.56,0,PARQUE METROPOLITANO EL COUNTRY,1286.65,0,0.1,,1.33,0.6,0.0,,0.01,476.59,1.0
3390-M3466316,APARTAMENTO,VENTA,21.56,290.0,3.0,5.0,1790000.0,3.0,CHICO,6,MAS DE 20 ANOS,4.68,-74.05,USADO,,0,1,0,1,0,1,0,0,0,1,False,CHAPINERO,S.C. CHICO NORTE,Virrey,1504.36,0,PARQUE VECINAL URBANIZACIÓN LA CABRERA,804.19,0,0.07,,1.0,0.6,0.0,,0.01,344.78,1.0
3072-M3359825,APARTAMENTO,VENTA,21.51,216.0,3.0,5.0,1350000.0,4.0,CHAPINERO ALTO,6,ENTRE 5 Y 10 ANOS,4.65,-74.06,USADO,,0,1,0,1,1,1,0,0,0,1,False,CHAPINERO,S.C. EMAUS,Flores – Areandina,913.44,0,PARQUE ZONAL GUSTAVO URIBE BOTERO,398.31,1,0.1,,1.33,0.6,0.0,,0.01,108.31,2.0
79-M4080458,APARTAMENTO,VENTA,20.62,128.45,3.0,3.0,626300.0,2.0,COUNTRY,5,REMODELADO,4.71,-74.03,USADO,,0,0,0,1,1,1,0,0,0,1,False,USAQUEN,ARBOLEDA DEL COUNTRY,Prado,2163.17,0,PARQUE METROPOLITANO EL COUNTRY,756.67,0,0.16,,0.67,1.0,0.0,,0.02,208.87,2.0
11369-M4652625,APARTAMENTO,VENTA,19.73,60.44,3.0,2.0,175000.0,1.0,SALITRE MODELIA,3,MAS DE 20 ANOS,4.66,-74.12,USADO,,0,0,0,0,0,1,0,0,0,1,False,FONTIBON,CARLOS LLERAS RESTREPO,AV. Rojas,983.96,0,PARQUE VECINAL CARLOS LLERAS (EL FUEGO),167.79,1,0.33,,0.33,1.5,0.0,,0.05,894.97,0.0
11369-M3061363,APARTAMENTO,VENTA,20.71,161.0,4.0,4.0,950000.0,2.0,CHICO,5,MAS DE 20 ANOS,4.66,-74.06,USADO,,0,1,0,1,0,1,0,0,0,1,False,CHAPINERO,S.C. EL NOGAL,Calle 76 - San Felipe,700.15,0,PARQUE ZONAL SAN ANDRÉS,546.95,0,0.13,,0.5,1.0,0.0,,0.02,482.56,1.0
384-M4651994,APARTAMENTO,VENTA,19.73,66.8,3.0,2.0,196000.0,1.0,CASTILLA MARSELLA,3,ENTRE 0 Y 5 ANOS,4.65,-74.14,USADO,,0,0,0,1,1,0,0,0,0,1,False,KENNEDY,BOSCONIA,Transversal 86,1919.62,0,PARQUE VECINAL VILLA ALSACIA,945.1,0,0.3,,0.33,1.5,0.0,,0.04,1690.31,0.0
10139-M3153548,APARTAMENTO,VENTA,20.82,110.0,3.0,3.0,589000.0,2.0,SANTA BARBARA,5,ENTRE 0 Y 5 ANOS,4.7,-74.05,USADO,,0,1,0,1,1,1,0,0,0,1,False,USAQUEN,SANTA BARBARA OCCIDENTAL,Calle 127,618.65,0,PARQUE ZONAL ATABANZA,1275.08,0,0.19,,0.67,1.0,0.0,,0.03,446.96,1.0
2359-M4127340,APARTAMENTO,VENTA,19.81,74.0,3.0,2.0,321000.0,1.0,CEDRITOS,4,MAS DE 20 ANOS,4.72,-74.03,USADO,,0,0,0,0,1,0,0,0,0,0,False,USAQUEN,ACACIAS USAQUEN,Calle 142,1824.27,0,PARQUE VECINAL NUEVA URBANIZACIÓN EL CEDRITO,162.48,1,0.27,,0.33,1.5,0.0,,0.04,445.45,1.0
2469-M4616075,APARTAMENTO,VENTA,20.06,62.0,2.0,2.0,411000.0,1.0,SANTA BARBARA,6,ENTRE 0 Y 5 ANOS,4.7,-74.04,USADO,,0,0,0,0,1,1,0,0,0,1,False,USAQUEN,SANTA BARBARA CENTRAL I SECTOR,Pepe Sierra,1694.67,0,PARQUE METROPOLITANO EL COUNTRY,878.37,0,0.32,,0.5,1.0,0.0,,0.03,719.39,0.0
16403-M4604777,APARTAMENTO,VENTA,20.72,125.0,2.0,3.0,1600000.0,2.0,SANTA BARBARA,6,ENTRE 5 Y 10 ANOS,4.69,-74.05,USADO,,0,0,0,0,1,1,0,0,0,1,False,USAQUEN,SANTA BIBIANA,Calle 106,853.31,0,PARQUE VECINAL URBANIZACIÓN NORMANDIA I II II Y IV SECTOR,1581.75,0,0.17,,1.0,0.67,0.0,,0.02,513.98,0.0
2162-M3278510,APARTAMENTO,VENTA,20.5,99.0,2.0,3.0,550000.0,2.0,CHICO,6,ENTRE 5 Y 10 ANOS,4.68,-74.05,USADO,,0,0,0,1,1,1,0,0,0,1,False,CHAPINERO,S.C. CHICO NORTE III SECTOR,Calle 100 - Marketmedios,378.94,1,PARQUE VECINAL URBANIZACIÓN NORMANDIA I II II Y IV SECTOR,807.0,0,0.21,,1.0,0.67,0.0,,0.02,269.79,2.0
2162-M3611582,APARTAMENTO,VENTA,21.6,230.0,3.0,4.0,1910000.0,3.0,CHICO,6,ENTRE 10 Y 20 ANOS,4.67,-74.05,USADO,,1,1,0,0,1,1,0,0,0,1,False,CHAPINERO,S.C. EL RETIRO,Héroes - Gel´Hada,1210.96,0,PARQUE ZONAL SAN ANDRÉS,306.66,1,0.09,,1.0,0.75,0.0,,0.01,340.94,4.0
16403-M4604549,APARTAMENTO,VENTA,20.26,138.0,2.0,3.0,1050000.0,1.0,CHICO,6,MAS DE 20 ANOS,4.68,-74.04,USADO,,0,1,0,0,1,1,0,0,0,1,False,CHAPINERO,CHICO RESERVADO,Calle 100 - Marketmedios,1509.2,0,PARQUE VECINAL URBANIZACIÓN LA CABRERA,1196.53,0,0.15,,0.5,0.67,0.0,,0.01,247.93,3.0
2456-M4561129,APARTAMENTO,VENTA,20.18,105.0,3.0,2.0,320000.0,2.0,COLINA Y ALREDEDORES,4,ENTRE 5 Y 10 ANOS,4.74,-74.06,USADO,,0,1,0,1,1,1,0,0,0,1,False,SUBA,MAZUREN,Mazurén,1029.16,0,PARQUE VECINAL DESARROLLO CANTALEJO URBANIZACIÓN CANTALEJO MANZANA B,441.31,1,0.19,,0.67,1.5,0.0,,0.03,1214.73,0.0
2162-M4034188,APARTAMENTO,VENTA,20.47,131.0,3.0,3.0,741000.0,2.0,SANTA BARBARA,6,REMODELADO,4.69,-74.05,USADO,,0,1,0,0,1,1,0,0,0,1,False,USAQUEN,SAN PATRICIO,Calle 106,1053.53,0,PARQUE METROPOLITANO EL COUNTRY,1610.67,0,0.16,,0.67,1.0,0.0,,0.02,185.22,1.0
2456-M3697688,APARTAMENTO,VENTA,21.02,210.0,3.0,5.0,550000.0,2.0,COLINA Y ALREDEDORES,2,ENTRE 5 Y 10 ANOS,4.74,-74.07,USADO,,1,1,0,1,1,1,1,0,0,1,False,SUBA,EL CORTIJO (FINCA),Gratamira,1446.74,0,PARQUE ZONAL EL TOMILLAR,957.76,0,0.1,,0.67,0.6,0.0,,0.01,408.55,1.0
2456-M2715789,APARTAMENTO,VENTA,20.44,137.0,3.0,3.0,400000.0,2.0,COLINA Y ALREDEDORES,4,ENTRE 5 Y 10 ANOS,4.73,-74.06,USADO,,0,1,0,1,1,1,0,0,0,1,False,SUBA,EL PINAR,Calle 146,1101.89,0,PARQUE VECINAL URBANIZACIÓN LA LAGUNA,543.95,0,0.15,,0.67,1.0,0.0,,0.02,846.87,0.0
2456-M2715787,APARTAMENTO,VENTA,20.29,100.0,3.0,3.0,350000.0,2.0,COLINA Y ALREDEDORES,5,ENTRE 0 Y 5 ANOS,4.73,-74.06,USADO,,0,1,0,1,1,1,1,0,0,1,False,SUBA,URB. BOCA COLINA,Alcalá,1257.88,0,PARQUE VECINAL PRADO PINZÓN,925.02,0,0.2,,0.67,1.0,0.0,,0.03,228.22,2.0
3774-M3067860,APARTAMENTO,VENTA,21.42,220.0,3.0,4.0,1150000.0,2.0,CEDRITOS,6,MAS DE 20 ANOS,4.72,-74.02,USADO,,0,1,0,0,1,1,0,0,0,1,False,USAQUEN,S.C. BARRANCAS ORIENTAL,Calle 142,3140.65,0,PARQUE VECINAL NUEVA URBANIZACIÓN EL CEDRITO,1223.55,0,0.1,,0.67,0.75,0.0,,0.01,882.22,0.0
3340-M4706155,APARTAMENTO,VENTA,20.67,110.0,3.0,3.0,1068000.0,2.0,SANTA BARBARA,6,ENTRE 5 Y 10 ANOS,4.7,-74.04,USADO,,0,0,0,0,1,0,0,0,0,1,False,USAQUEN,SANTA BARBARA OCCIDENTAL,Pepe Sierra,1266.2,0,PARQUE METROPOLITANO EL COUNTRY,837.33,0,0.19,,0.67,1.0,0.0,,0.03,447.72,2.0
883-M3993318,APARTAMENTO,VENTA,19.67,70.0,3.0,2.0,302000.0,1.0,CEDRITOS,4,MAS DE 20 ANOS,4.72,-74.04,USADO,,0,1,0,0,1,1,0,0,0,1,False,USAQUEN,CEDRO NARVAEZ,Calle 142,1305.85,0,PARQUE VECINAL NUEVA URBANIZACIÓN EL CEDRITO,648.24,0,0.28,,0.33,1.5,0.0,,0.04,428.04,1.0
171-M4142948,APARTAMENTO,VENTA,21.22,164.0,3.0,5.0,950000.0,2.0,SANTA BARBARA,6,ENTRE 5 Y 10 ANOS,4.7,-74.03,USADO,,1,1,0,1,1,1,1,0,0,1,False,USAQUEN,RESERVAS DE LA SIERRA - LA ARBOLEDA,Calle 127,2883.84,0,PARQUE METROPOLITANO EL COUNTRY,1173.96,0,0.13,,0.67,0.6,0.0,,0.02,659.31,0.0
11203-M3064318,APARTAMENTO,VENTA,20.25,89.0,2.0,3.0,584000.0,2.0,SANTA BARBARA,6,ENTRE 5 Y 10 ANOS,4.69,-74.04,USADO,,0,1,0,0,1,0,0,0,0,1,False,USAQUEN,SANTA BARBARA CENTRAL I Y II,Calle 106,1473.01,0,PARQUE METROPOLITANO EL COUNTRY,1386.52,0,0.23,,1.0,0.67,0.0,,0.02,537.18,0.0
2456-M3496595,APARTAMENTO,VENTA,20.56,136.0,3.0,3.0,400000.0,2.0,COLINA Y ALREDEDORES,5,ENTRE 0 Y 5 ANOS,4.74,-74.07,USADO,,1,1,0,1,1,1,0,0,0,1,False,SUBA,EL CORTIJO (FINCA),Gratamira,1477.21,0,PARQUE ZONAL EL TOMILLAR,938.19,0,0.15,,0.67,1.0,0.0,,0.02,448.55,1.0
2748-M2782747,APARTAMENTO,VENTA,21.82,275.0,3.0,5.0,1300000.0,4.0,CERROS DE SUBA,6,ENTRE 0 Y 5 ANOS,4.72,-74.08,USADO,,1,1,0,1,1,1,1,0,0,1,False,SUBA,BELLOMONTE SUBA,Gratamira,628.2,0,PARQUE VECINAL AGRUPACIÓN DE VIVIENDA EN BALCON DE LINDARAJA,1091.12,0,0.08,,1.33,0.6,0.0,,0.01,1658.07,0.0
11974-M3065768,APARTAMENTO,VENTA,21.82,272.0,3.0,5.0,2030000.0,3.0,CHICO,6,ENTRE 10 Y 20 ANOS,4.67,-74.05,USADO,,0,0,0,0,0,1,0,0,0,0,False,CHAPINERO,LA CABRERA,Calle 85,1372.36,0,PARQUE VECINAL URBANIZACIÓN LA CABRERA,313.3,1,0.08,,1.0,0.6,0.0,,0.01,270.24,1.0
3340-M4702536,APARTAMENTO,VENTA,20.52,140.0,3.0,2.0,760000.0,2.0,CHAPINERO ALTO,4,REMODELADO,4.65,-74.06,USADO,,0,0,0,0,0,0,0,0,0,1,False,CHAPINERO,S.C. GRANADA,Calle 63,963.39,0,PARQUE ZONAL GUSTAVO URIBE BOTERO,474.82,1,0.15,,0.67,1.5,0.0,,0.02,341.18,1.0
800-M4603652,APARTAMENTO,VENTA,19.81,85.0,3.0,2.0,557000.0,1.0,COLINA Y ALREDEDORES,4,REMODELADO,4.71,-74.06,USADO,,0,0,0,0,1,1,0,0,0,0,False,SUBA,PRADO VERANIEGO,Prado,432.07,1,PARQUE ZONAL ATABANZA,417.83,1,0.23,,0.33,1.5,0.0,,0.04,643.05,0.0
717-M3135597,APARTAMENTO,VENTA,20.62,178.0,3.0,4.0,3921395.93,1.0,CHICO,6,MAS DE 20 ANOS,4.68,-74.06,USADO,,0,1,0,0,1,1,0,0,0,1,False,CHAPINERO,S.C. CHICO NORTE III SECTOR,Calle 100 - Marketmedios,196.42,1,PARQUE VECINAL URBANIZACIÓN NORMANDIA I II II Y IV SECTOR,875.04,0,0.12,,0.33,0.75,0.0,,0.02,489.84,1.0
2748-M4653635,APARTAMENTO,VENTA,20.61,215.0,4.0,4.0,1800000.0,1.0,SANTA BARBARA,6,MAS DE 20 ANOS,4.7,-74.04,USADO,,0,0,0,0,0,0,0,0,0,1,False,USAQUEN,SANTA BARBARA CENTRAL III SECTOR,Pepe Sierra,2199.47,0,PARQUE METROPOLITANO EL COUNTRY,925.43,0,0.1,,0.25,1.0,0.0,,0.02,368.89,1.0
2748-M4653640,APARTAMENTO,VENTA,19.92,84.74,3.0,2.0,390000.0,1.0,ORQUIDEAS,4,ENTRE 10 Y 20 ANOS,4.74,-74.03,USADO,,0,0,0,1,0,1,1,0,0,1,False,USAQUEN,VILLAS DE ARANJUEZ,Toberin - Foundever,1543.58,0,PARQUE VECINAL URBANIZACIÓN TOBERIN,705.83,0,0.24,,0.33,1.5,0.0,,0.04,472.15,1.0
4070-M4653623,APARTAMENTO,VENTA,20.03,98.0,3.0,3.0,350000.0,2.0,COLINA Y ALREDEDORES,4,ENTRE 0 Y 5 ANOS,4.73,-74.06,USADO,,0,0,0,1,1,1,0,0,0,1,False,SUBA,URB. EL MORAL,Calle 142,812.38,0,PARQUE VECINAL PRADO PINZÓN,435.89,1,0.2,,0.67,1.0,0.0,,0.03,592.62,0.0
2162-M4695505,APARTAMENTO,VENTA,20.89,118.0,2.0,3.0,500000.0,1.0,CHICO,5,REMODELADO,4.66,-74.05,USADO,,0,0,0,0,1,0,0,0,0,1,False,CHAPINERO,S.C. EL NOGAL,Calle 76 - San Felipe,828.26,0,PARQUE ZONAL SAN ANDRÉS,405.07,1,0.18,,0.5,0.67,0.0,,0.02,496.83,1.0
754-M4596413,APARTAMENTO,VENTA,20.82,94.06,2.0,3.0,700000.0,2.0,SANTA BARBARA,6,ENTRE 0 Y 5 ANOS,4.69,-74.05,USADO,,0,1,0,1,1,1,0,0,0,1,False,USAQUEN,SAN PATRICIO,Calle 106,238.42,1,PARQUE ZONAL CANAL CORDOBA,1508.11,0,0.22,,1.0,0.67,0.0,,0.02,495.94,1.0
3155-M4453009,APARTAMENTO,VENTA,19.96,103.0,3.0,3.0,450000.0,2.0,NIZA ALHAMBRA,4,MAS DE 20 ANOS,4.7,-74.08,USADO,,0,1,0,0,1,1,0,0,0,1,False,SUBA,URB. PONTEVEDRA SECTOR I,Humedal Córdoba,1084.57,0,PARQUE ZONAL MORATO,1013.99,0,0.19,,0.67,1.0,0.0,,0.03,1121.27,0.0
3507-M2485533,APARTAMENTO,VENTA,19.86,95.0,3.0,2.0,390000.0,1.0,COLINA Y ALREDEDORES,5,MAS DE 20 ANOS,4.73,-74.07,USADO,,0,0,0,1,1,1,0,0,0,1,False,SUBA,COLINA CAMPESTRE III SECTOR,Gratamira,840.31,0,PARQUE VECINAL PRADO PINZÓN,1488.02,0,0.21,,0.33,1.5,0.0,,0.03,232.95,1.0
2266-M2688208,APARTAMENTO,VENTA,21.04,210.0,3.0,3.0,920000.0,2.0,SANTA BARBARA,6,MAS DE 20 ANOS,4.7,-74.03,USADO,,0,0,0,0,0,1,0,0,0,0,False,USAQUEN,RESERVAS DE LA SIERRA - LA ARBOLEDA,Calle 127,2875.55,0,PARQUE METROPOLITANO EL COUNTRY,1158.73,0,0.1,,0.67,1.0,0.0,,0.01,690.25,0.0
2266-M2581338,APARTAMENTO,VENTA,20.34,140.0,3.0,4.0,811000.0,2.0,SANTA BARBARA,6,ENTRE 10 Y 20 ANOS,4.7,-74.04,USADO,,0,0,0,0,0,0,0,0,0,0,False,USAQUEN,SANTA BARBARA OCCIDENTAL,Pepe Sierra,1228.0,0,PARQUE METROPOLITANO EL COUNTRY,1031.18,0,0.15,,0.67,0.75,0.0,,0.02,389.83,1.0
9894-M4519845,APARTAMENTO,VENTA,21.34,150.0,3.0,4.0,700000.0,2.0,CHICO,5,ENTRE 0 Y 5 ANOS,4.67,-74.06,USADO,,1,0,0,1,1,1,0,0,0,1,False,CHAPINERO,S.C. ANTIGUO COUNTRY,Calle 85,380.66,1,PARQUE ZONAL CANAL EL VIRREY EL CHICO,297.32,1,0.14,,0.67,0.75,0.0,,0.02,265.85,2.0
9894-M4644235,APARTAMENTO,VENTA,21.82,269.0,4.0,5.0,1900000.0,4.0,CHAPINERO ALTO,6,ENTRE 0 Y 5 ANOS,4.65,-74.05,USADO,,1,0,0,1,1,1,1,0,0,1,False,CHAPINERO,S.C. EMAUS,Flores – Areandina,1067.23,0,PARQUE ZONAL GUSTAVO URIBE BOTERO,315.13,1,0.08,,1.0,0.8,0.0,,0.01,277.42,2.0
9894-M4495963,APARTAMENTO,VENTA,20.03,81.0,2.0,2.0,300000.0,1.0,CEDRITOS,4,ENTRE 0 Y 5 ANOS,4.73,-74.04,USADO,,0,0,0,0,1,1,0,0,0,1,False,USAQUEN,LOS CEDRITOS,Calle 146,931.03,0,PARQUE VECINAL NUEVA URBANIZACIÓN EL CEDRITO,1068.24,0,0.25,,0.5,1.0,0.0,,0.02,1023.88,0.0
3390-M3090785,APARTAMENTO,VENTA,21.47,197.0,3.0,4.0,1257000.0,3.0,CHICO,6,ENTRE 10 Y 20 ANOS,4.67,-74.06,USADO,,0,1,0,1,0,1,0,0,0,1,False,CHAPINERO,S.C. ANTIGUO COUNTRY,Virrey,328.59,1,PARQUE METROPOLITANO RECONCILIACIÓN,315.93,1,0.11,,1.0,0.75,0.0,,0.02,307.74,2.0
3390-M4475415,APARTAMENTO,VENTA,20.81,153.0,3.0,3.0,725000.0,2.0,CHICO,5,MAS DE 20 ANOS,4.66,-74.06,USADO,,0,1,0,1,1,0,0,0,0,1,False,CHAPINERO,S.C. ESPARTILLAL,Calle 76 - San Felipe,514.37,0,PARQUE ZONAL SAN ANDRÉS,674.65,0,0.14,,0.67,1.0,0.0,,0.02,480.02,3.0
16129-M4728821,APARTAMENTO,VENTA,19.36,51.0,2.0,2.0,3921395.93,1.0,KENNEDY,3,ENTRE 10 Y 20 ANOS,4.65,-74.15,USADO,,0,1,0,0,1,1,1,0,0,1,False,KENNEDY,S.C. TINTALA,Biblioteca Tintal,1847.9,0,PARQUE ZONAL SAN IGNACIO,684.14,0,0.38,,0.5,1.0,0.0,,0.04,2791.04,0.0
2359-M4587666,APARTAMENTO,VENTA,19.7,52.0,1.0,2.0,297000.0,1.0,CEDRITOS,4,ENTRE 5 Y 10 ANOS,4.72,-74.04,USADO,,0,0,0,0,1,0,0,0,0,0,False,USAQUEN,LOS CEDRITOS,Calle 142,1042.73,0,PARQUE VECINAL NUEVA URBANIZACIÓN EL CEDRITO,895.4,0,0.38,,1.0,0.5,0.0,,0.02,649.45,0.0
3204-M3289406,APARTAMENTO,VENTA,21.79,300.0,3.0,5.0,1873000.0,3.0,CHAPINERO ALTO,6,MAS DE 20 ANOS,4.65,-74.05,USADO,,0,1,0,0,1,1,0,0,0,1,False,CHAPINERO,S.C. LAS ACACIAS,Flores – Areandina,1160.39,0,PARQUE ZONAL GUSTAVO URIBE BOTERO,225.03,1,0.07,,1.0,0.6,0.0,,0.01,344.32,1.0
3390-M3080751,APARTAMENTO,VENTA,21.13,204.0,3.0,5.0,320000.0,3.0,CEDRITOS,6,MAS DE 20 ANOS,4.72,-74.02,USADO,,0,1,0,0,0,1,0,0,0,1,False,USAQUEN,S.C. BARRANCAS ORIENTAL,Calle 142,2877.95,0,PARQUE VECINAL NUEVA URBANIZACIÓN EL CEDRITO,964.87,0,0.1,,1.0,0.6,0.0,,0.01,964.26,0.0
874-M3888854,APARTAMENTO,VENTA,20.82,186.0,3.0,3.0,680000.0,2.0,COUNTRY,6,MAS DE 20 ANOS,4.71,-74.05,USADO,,0,0,0,0,0,0,0,0,0,0,False,USAQUEN,COUNTRY CLUB,Prado,694.69,0,PARQUE ZONAL ATABANZA,1230.57,0,0.11,,0.67,1.0,0.0,,0.02,730.15,0.0
675-M2634791,APARTAMENTO,VENTA,20.99,170.0,3.0,4.0,780000.0,2.0,SANTA BARBARA,6,ENTRE 10 Y 20 ANOS,4.7,-74.03,USADO,,0,0,0,1,1,1,0,0,0,1,False,USAQUEN,CERROS DE LOS ALPES,Calle 127,3058.44,0,PARQUE METROPOLITANO EL COUNTRY,1380.96,0,0.12,,0.67,0.75,0.0,,0.02,638.26,0.0
2709-M3233105,APARTAMENTO,VENTA,20.09,64.0,2.0,2.0,742000.0,1.0,CHICO,5,MAS DE 20 ANOS,4.67,-74.06,USADO,,0,0,0,0,1,1,0,0,0,1,False,CHAPINERO,S.C. ANTIGUO COUNTRY,Calle 85,265.51,1,PARQUE METROPOLITANO RECONCILIACIÓN,194.02,1,0.31,,0.5,1.0,0.0,,0.03,401.65,2.0
11278-M4135357,APARTAMENTO,VENTA,19.77,76.0,4.0,2.0,443000.0,1.0,NIZA ALHAMBRA,5,MAS DE 20 ANOS,4.71,-74.06,USADO,,0,1,0,0,0,0,0,0,0,1,False,SUBA,EL BATAN,Calle 127,693.99,0,PARQUE ZONAL ATABANZA,366.66,1,0.26,,0.25,2.0,0.0,,0.05,839.7,0.0
668-M3255212,APARTAMENTO,VENTA,20.72,214.8,3.0,4.0,1570000.0,2.0,SANTA BARBARA,6,MAS DE 20 ANOS,4.69,-74.04,USADO,,0,1,0,0,1,0,0,0,0,1,False,USAQUEN,SANTA BARBARA CENTRAL II SECTOR,Pepe Sierra,1943.31,0,PARQUE METROPOLITANO EL COUNTRY,1197.2,0,0.1,,0.67,0.75,0.0,,0.01,377.4,1.0
12617-M4545014,APARTAMENTO,VENTA,19.84,64.0,2.0,2.0,540000.0,2.0,COLINA Y ALREDEDORES,4,ENTRE 5 Y 10 ANOS,4.72,-74.07,USADO,,0,0,0,0,1,0,0,0,0,1,False,SUBA,LAS VILLAS SECTOR II,Suba - AV. Boyacá,658.9,0,PARQUE ZONAL LOS LACHES LA MINA,768.61,0,0.31,,1.0,1.0,0.0,,0.03,664.44,0.0
2195-M4166463,APARTAMENTO,VENTA,20.02,61.99,3.0,2.0,272400.0,1.0,SALITRE MODELIA,4,ENTRE 0 Y 5 ANOS,4.66,-74.12,USADO,,0,0,0,0,0,0,0,0,0,1,False,FONTIBON,EL TINTAL A.S.D.,AV. Rojas,1872.47,0,PARQUE VECINAL CARLOS LLERAS (EL FUEGO),1099.96,0,0.32,,0.33,1.5,0.0,,0.05,543.9,0.0
384-M4417671,APARTAMENTO,VENTA,20.42,114.95,3.0,3.0,855000.0,2.0,COUNTRY,4,ENTRE 5 Y 10 ANOS,4.72,-74.04,USADO,,0,0,0,0,1,0,0,0,0,1,False,USAQUEN,CEDRITOS,Alcalá,1714.66,0,PARQUE VECINAL NUEVA URBANIZACIÓN EL CEDRITO,755.75,0,0.18,,0.67,1.0,0.0,,0.03,285.5,1.0
10278-M3691084,APARTAMENTO,VENTA,20.13,133.05,3.0,2.0,3921395.93,2.0,SANTA BARBARA,5,MAS DE 20 ANOS,4.68,-74.04,USADO,,0,1,0,0,0,1,0,0,0,1,False,USAQUEN,RINCON DEL CHICO,Calle 100 - Marketmedios,1407.02,0,PARQUE ZONAL CANAL EL VIRREY EL CHICO,1542.51,0,0.15,,0.67,1.5,0.0,,0.02,286.48,2.0
4957-M4690519,APARTAMENTO,VENTA,21.14,132.68,3.0,4.0,1220640.0,2.0,SANTA BARBARA,6,ENTRE 0 Y 5 ANOS,4.7,-74.05,USADO,,0,0,0,0,1,0,0,0,0,1,False,USAQUEN,SAN PATRICIO,Pepe Sierra,750.18,0,PARQUE METROPOLITANO EL COUNTRY,1455.99,0,0.16,,0.67,0.75,0.0,,0.02,165.87,3.0
2266-360,APARTAMENTO,VENTA,21.56,318.0,4.0,5.0,1920000.0,3.0,CEDRITOS,6,ENTRE 10 Y 20 ANOS,4.72,-74.03,USADO,,1,1,0,1,1,1,0,0,0,0,False,USAQUEN,MONTEARROYO,Alcalá,2868.24,0,PARQUE VECINAL NUEVA URBANIZACIÓN EL CEDRITO,1099.35,0,0.07,,0.75,0.8,0.0,,0.01,417.19,1.0
3325-M4548126,APARTAMENTO,VENTA,19.25,47.0,1.0,1.0,3921395.93,0.0,CHAPINERO,3,MAS DE 20 ANOS,4.64,-74.07,USADO,,0,0,0,0,0,0,0,0,0,1,False,TEUSAQUILLO,GALERIAS,Campín - UAN,684.64,0,PARQUE ESCENARIO DEPORTIVO EL CAMPINCITO - CEAD,677.34,0,0.41,,0.0,1.0,0.0,,0.02,134.54,1.0
2195-M2864862,APARTAMENTO,VENTA,20.82,123.0,2.0,3.0,627000.0,2.0,CHICO,6,ENTRE 10 Y 20 ANOS,4.67,-74.04,USADO,,0,0,0,0,1,0,0,0,0,1,True,CHAPINERO,S.C. CHICO NORTE,Virrey,1637.57,0,PARQUE VECINAL URBANIZACIÓN LA CABRERA,688.05,0,0.17,,1.0,0.67,0.0,,0.02,605.59,0.0
5586-M3568023,APARTAMENTO,VENTA,21.77,345.0,4.0,4.0,2400000.0,3.0,CHICO,6,MAS DE 20 ANOS,4.65,-74.05,USADO,,1,1,1,1,1,0,0,0,0,1,False,CHAPINERO,S.C. BELLAVISTA,Calle 72,1309.55,0,PARQUE ZONAL GUSTAVO URIBE BOTERO,433.75,1,0.06,,0.75,1.0,0.0,,0.01,578.06,0.0
3204-M2627308,APARTAMENTO,VENTA Y ARRIENDO,21.34,265.0,3.0,3.0,1400000.0,2.0,CHICO,6,REMODELADO,4.66,-74.05,USADO,9000000.0,0,1,1,0,1,1,0,0,0,1,False,CHAPINERO,S.C. BELLAVISTA,Calle 72,989.35,0,PARQUE ZONAL GUSTAVO URIBE BOTERO,604.8,0,0.08,33962.26,0.67,1.0,0.0,6.43,0.01,247.48,4.0
2123-M4413594,APARTAMENTO,VENTA,20.91,160.0,3.0,4.0,930000.0,3.0,COUNTRY,6,ENTRE 10 Y 20 ANOS,4.7,-74.03,USADO,,0,0,0,1,0,1,0,0,0,1,False,USAQUEN,BELLA SUIZA,Calle 127,2784.85,0,PARQUE METROPOLITANO EL COUNTRY,1042.99,0,0.13,,1.0,0.75,0.0,,0.02,705.18,0.0
11369-M4451413,APARTAMENTO,VENTA,19.81,98.0,3.0,3.0,618000.0,2.0,CEDRITOS,4,MAS DE 20 ANOS,4.73,-74.05,USADO,,0,0,0,0,0,0,0,0,0,1,False,USAQUEN,LOS CEDRITOS,Calle 142,130.83,1,PARQUE VECINAL PRADO PINZÓN,508.46,0,0.2,,0.67,1.0,0.0,,0.03,776.86,0.0
3204-M2576703,APARTAMENTO,VENTA Y ARRIENDO,21.25,179.0,3.0,5.0,1300000.0,3.0,CHICO,6,ENTRE 5 Y 10 ANOS,4.66,-74.05,USADO,8000000.0,0,0,0,0,0,1,0,0,0,0,False,CHAPINERO,LOS ROSALES,Calle 76 - San Felipe,1116.85,0,PARQUE ZONAL SAN ANDRÉS,605.88,0,0.12,44692.74,1.0,0.6,0.0,6.15,0.02,500.54,0.0
11369-M4638504,APARTAMENTO,VENTA,20.62,129.29,3.0,2.0,1005100.0,1.0,CHICO,6,MAS DE 20 ANOS,4.66,-74.05,USADO,,0,1,0,0,1,1,0,0,0,1,False,CHAPINERO,S.C. BELLAVISTA,Calle 72,1265.39,0,PARQUE ZONAL GUSTAVO URIBE BOTERO,559.21,0,0.16,,0.33,1.5,0.0,,0.02,516.5,0.0
2974-M4704186,APARTAMENTO,VENTA,19.61,86.0,3.0,2.0,423000.0,1.0,COLINA Y ALREDEDORES,4,MAS DE 20 ANOS,4.74,-74.05,USADO,,0,1,0,0,0,1,0,0,0,1,False,SUBA,MAZUREN,Mazurén,579.41,0,PARQUE VECINAL URBANIZACIÓN MAZUREN I SECTOR,125.97,1,0.23,,0.33,1.5,0.0,,0.03,1417.48,0.0
3553-M4516376,APARTAMENTO,VENTA,19.91,84.0,3.0,2.0,438000.0,1.0,COLINA Y ALREDEDORES,3,ENTRE 5 Y 10 ANOS,4.72,-74.05,USADO,,0,0,0,0,1,0,0,0,0,0,False,SUBA,SAN JOSE DEL PRADO,Alcalá,352.17,1,PARQUE VECINAL PRADO PINZÓN,557.12,0,0.24,,0.33,1.5,0.0,,0.04,865.19,0.0
2821-M4613777,APARTAMENTO,VENTA,21.0,218.0,3.0,5.0,988000.0,2.0,CHICO,6,MAS DE 20 ANOS,4.66,-74.05,USADO,,0,1,0,0,1,1,0,0,0,1,False,CHAPINERO,S.C. BELLAVISTA,Calle 72,1299.88,0,PARQUE ZONAL GUSTAVO URIBE BOTERO,698.52,0,0.1,,0.67,0.6,0.0,,0.01,550.03,0.0
851-M2717303,APARTAMENTO,VENTA,20.51,100.5,3.0,3.0,746000.0,2.0,SANTA BARBARA,6,ENTRE 5 Y 10 ANOS,4.69,-74.05,USADO,,0,1,0,1,1,1,0,0,0,0,False,USAQUEN,SANTA BIBIANA,Calle 100 - Marketmedios,849.47,0,PARQUE VECINAL URBANIZACIÓN NORMANDIA I II II Y IV SECTOR,1386.95,0,0.2,,0.67,1.0,0.0,,0.03,332.11,2.0
2147-M4135342,APARTAMENTO,VENTA,20.51,122.0,3.0,3.0,3921395.93,2.0,COLINA Y ALREDEDORES,5,ENTRE 0 Y 5 ANOS,4.73,-74.07,USADO,,0,1,0,0,0,1,1,0,0,1,False,SUBA,GRATAMIRA,Gratamira,455.98,1,PARQUE ZONAL EL TOMILLAR,1416.65,0,0.17,,0.67,1.0,0.0,,0.02,618.12,0.0
3038-M4031422,APARTAMENTO,VENTA,21.19,160.0,1.0,3.0,1200000.0,3.0,CHICO,6,ENTRE 10 Y 20 ANOS,4.67,-74.05,USADO,,0,1,0,0,1,1,0,0,0,1,False,CHAPINERO,S.C. CHICO NORTE,Virrey,1430.54,0,PARQUE VECINAL URBANIZACIÓN LA CABRERA,709.57,0,0.13,,3.0,0.33,0.0,,0.01,309.52,1.0
4606-M4554640,APARTAMENTO,VENTA,19.99,85.0,2.0,2.0,571500.0,2.0,SANTA BARBARA,6,MAS DE 20 ANOS,4.7,-74.03,USADO,,0,0,0,0,0,1,0,0,0,1,False,USAQUEN,SANTA BARBARA CENTRAL IV SECTOR,Calle 127,2334.32,0,PARQUE METROPOLITANO EL COUNTRY,810.73,0,0.24,,1.0,1.0,0.0,,0.02,321.31,1.0
10173-M4555558,APARTAMENTO,VENTA,21.12,165.0,3.0,3.0,1350000.0,2.0,CHICO,6,ENTRE 5 Y 10 ANOS,4.68,-74.05,USADO,,0,1,0,1,1,1,0,0,0,1,False,CHAPINERO,S.C. CHICO NORTE,Virrey,812.21,0,PARQUE ZONAL CANAL EL VIRREY EL CHICO,357.97,1,0.13,,0.67,1.0,0.0,,0.02,117.22,3.0
44-M4023029,APARTAMENTO,VENTA,20.77,144.0,3.0,4.0,950000.0,2.0,CHICO,5,ENTRE 10 Y 20 ANOS,4.68,-74.05,USADO,,0,0,0,1,0,1,0,0,0,0,False,CHAPINERO,CHICO RESERVADO II SECTOR,Calle 100 - Marketmedios,1073.58,0,PARQUE ZONAL CANAL EL VIRREY EL CHICO,1195.75,0,0.14,,0.67,0.75,0.0,,0.02,148.56,3.0
2147-M4185705,APARTAMENTO,VENTA,20.41,117.0,3.0,3.0,650000.0,2.0,NIZA ALHAMBRA,5,ENTRE 10 Y 20 ANOS,4.71,-74.07,USADO,,0,1,0,1,1,1,1,0,0,1,False,SUBA,BATAN LOTE NIZA XII,Humedal Córdoba,337.15,1,PARQUE ZONAL LOS LACHES LA MINA,590.44,0,0.17,,0.67,1.0,0.0,,0.03,589.27,0.0
2147-M4549444,APARTAMENTO,VENTA,19.76,70.0,2.0,2.0,375000.0,1.0,NIZA ALHAMBRA,5,ENTRE 10 Y 20 ANOS,4.71,-74.06,USADO,,0,1,0,0,1,1,0,0,0,1,False,SUBA,EL BATAN,Calle 127,524.69,0,PARQUE ZONAL ATABANZA,285.16,1,0.28,,0.5,1.0,0.0,,0.03,661.58,0.0
3553-M4457847,APARTAMENTO,VENTA,19.99,70.0,2.0,2.0,481000.0,2.0,CHICO,6,ENTRE 10 Y 20 ANOS,4.67,-74.05,USADO,,0,0,0,1,1,0,0,0,0,1,False,CHAPINERO,S.C. CHICO NORTE,Virrey,1204.23,0,PARQUE VECINAL URBANIZACIÓN LA CABRERA,478.58,1,0.29,,1.0,1.0,0.0,,0.03,311.34,3.0
159-M4699261,APARTAMENTO,VENTA,19.16,53.0,3.0,2.0,110000.0,0.0,KENNEDY,3,ENTRE 0 Y 5 ANOS,4.64,-74.15,USADO,,0,0,0,1,1,1,0,0,0,1,False,KENNEDY,PIO XII,Transversal 86,264.67,1,PARQUE METROPOLITANO BIBLIOTECA EL TINTAL,934.21,0,0.36,,0.0,1.5,0.0,,0.06,2630.08,0.0
2941-M4320262,APARTAMENTO,VENTA,19.45,41.67,2.0,2.0,300000.0,1.0,SALITRE MODELIA,4,ENTRE 0 Y 5 ANOS,4.66,-74.12,USADO,,0,1,0,0,1,1,0,0,0,1,False,FONTIBON,LA ESPERANZA_,AV. Rojas,1251.59,0,PARQUE ZONAL CANAL BOYACA,547.18,0,0.47,,0.5,1.0,0.0,,0.05,631.53,0.0
13194-M4596760,APARTAMENTO,VENTA,20.27,84.0,3.0,3.0,415000.0,2.0,CEDRITOS,3,ENTRE 0 Y 5 ANOS,4.73,-74.03,USADO,,0,0,0,1,1,1,1,0,0,1,False,USAQUEN,BARRANCAS NORTE,Mazurén,2551.01,0,PARQUE ZONAL ALTA BLANCA,286.55,1,0.24,,0.67,1.0,0.0,,0.04,842.04,0.0
754-M3846783,APARTAMENTO,VENTA,20.52,80.0,2.0,3.0,500000.0,1.0,SANTA BARBARA,5,ENTRE 0 Y 5 ANOS,4.7,-74.05,USADO,,0,1,0,1,1,1,0,0,0,1,False,USAQUEN,SANTA BARBARA OCCIDENTAL,Calle 127,415.49,1,PARQUE ZONAL ATABANZA,1051.86,0,0.26,,0.5,0.67,0.0,,0.02,305.04,5.0
754-M4159281,APARTAMENTO,VENTA,21.49,270.0,3.0,4.0,2028000.0,4.0,CHICO,6,MAS DE 20 ANOS,4.66,-74.05,USADO,,1,1,0,1,1,1,0,0,0,1,False,CHAPINERO,S.C. BELLAVISTA,Calle 72,1229.13,0,PARQUE ZONAL GUSTAVO URIBE BOTERO,671.12,0,0.08,,1.33,0.75,0.0,,0.01,478.07,1.0
14-M2908156,APARTAMENTO,VENTA,21.39,267.0,3.0,4.0,1334700.0,3.0,CHICO,6,MAS DE 20 ANOS,4.67,-74.05,USADO,,0,1,0,0,1,0,0,0,0,1,False,CHAPINERO,LA CABRERA,Héroes - Gel´Hada,1459.27,0,PARQUE VECINAL URBANIZACIÓN LA CABRERA,453.83,1,0.08,,1.0,0.75,0.0,,0.01,453.71,1.0
9894-M4130821,APARTAMENTO,VENTA,20.37,107.0,3.0,3.0,826000.0,2.0,SANTA BARBARA,5,ENTRE 10 Y 20 ANOS,4.7,-74.05,USADO,,0,1,0,0,1,1,0,0,0,1,False,USAQUEN,SANTA BARBARA OCCIDENTAL,Pepe Sierra,385.31,1,PARQUE ZONAL ATABANZA,1017.38,0,0.19,,0.67,1.0,0.0,,0.03,440.92,3.0
3390-M4198549,APARTAMENTO,VENTA,21.06,176.0,3.0,4.0,1490000.0,3.0,SANTA BARBARA,6,ENTRE 5 Y 10 ANOS,4.7,-74.05,USADO,,0,0,0,0,1,1,0,0,0,1,False,USAQUEN,SAN PATRICIO,Pepe Sierra,856.95,0,PARQUE METROPOLITANO EL COUNTRY,1279.4,0,0.12,,1.0,0.75,0.0,,0.02,51.97,3.0
9894-M4496193,APARTAMENTO,VENTA,20.34,120.0,3.0,2.0,470000.0,2.0,CEDRITOS,4,ENTRE 0 Y 5 ANOS,4.73,-74.04,USADO,,0,0,0,0,1,1,0,0,0,1,False,USAQUEN,LOS CEDRITOS,Calle 146,931.03,0,PARQUE VECINAL NUEVA URBANIZACIÓN EL CEDRITO,1068.24,0,0.17,,0.67,1.5,0.0,,0.02,1023.88,0.0
9894-M4551067,APARTAMENTO,VENTA,20.97,136.0,3.0,4.0,830000.0,3.0,SANTA BARBARA,5,ENTRE 5 Y 10 ANOS,4.7,-74.05,USADO,,0,0,0,0,1,1,0,0,0,1,False,USAQUEN,SANTA BARBARA OCCIDENTAL,Pepe Sierra,853.76,0,PARQUE METROPOLITANO EL COUNTRY,1187.19,0,0.15,,1.0,0.75,0.0,,0.02,111.9,2.0
9894-M4548919,APARTAMENTO,VENTA,20.43,133.0,3.0,3.0,686000.0,2.0,COUNTRY,5,ENTRE 10 Y 20 ANOS,4.71,-74.05,USADO,,0,1,0,1,1,1,0,0,0,1,False,USAQUEN,URB. SANTACOLOMA,Prado,141.16,1,PARQUE ZONAL ATABANZA,968.52,0,0.15,,0.67,1.0,0.0,,0.02,798.21,0.0
3390-M3297672,APARTAMENTO,VENTA,20.91,99.0,2.0,4.0,960000.0,1.0,COUNTRY,6,MAS DE 20 ANOS,4.7,-74.04,USADO,,0,1,0,0,0,1,0,0,0,1,False,USAQUEN,LA_CAROLINA,Calle 127,1575.9,0,PARQUE METROPOLITANO EL COUNTRY,167.29,1,0.21,,0.5,0.5,0.0,,0.02,272.93,1.0
3390-M4420382,APARTAMENTO,VENTA,20.39,120.0,3.0,4.0,760000.0,1.0,COUNTRY,5,ENTRE 10 Y 20 ANOS,4.72,-74.05,USADO,,0,0,0,1,0,1,0,0,0,1,False,USAQUEN,LOS CEDROS,Alcalá,489.71,1,PARQUE VECINAL PRADO PINZÓN,1075.99,0,0.17,,0.33,0.75,0.0,,0.02,229.01,1.0
3390-M4028127,APARTAMENTO,VENTA,21.25,163.0,3.0,4.0,1088300.0,3.0,SANTA BARBARA,5,ENTRE 5 Y 10 ANOS,4.69,-74.04,USADO,,0,0,0,0,1,1,0,0,0,1,False,USAQUEN,SANTA ANA OCCIDENTAL,Calle 106,2129.45,0,PARQUE METROPOLITANO EL COUNTRY,1662.3,0,0.13,,1.0,0.75,0.0,,0.02,96.42,1.0
10857-M4727990,APARTAMENTO,VENTA,20.81,205.0,2.0,2.0,1200000.0,2.0,CHICO,6,ENTRE 10 Y 20 ANOS,4.67,-74.05,USADO,,0,1,0,0,1,1,0,0,0,1,False,CHAPINERO,S.C. CHICO NORTE,Virrey,1312.97,0,PARQUE VECINAL URBANIZACIÓN LA CABRERA,494.34,1,0.1,,1.0,1.0,0.0,,0.01,371.91,2.0
16106-M4441987,APARTAMENTO,VENTA,19.7,70.0,3.0,2.0,236000.0,1.0,COLINA Y ALREDEDORES,4,ENTRE 5 Y 10 ANOS,4.75,-74.06,USADO,,0,0,0,0,0,1,0,0,0,1,False,SUBA,S.C. PORTALES DEL NORTE,Toberin - Foundever,1835.72,0,PARQUE ZONAL SAN JOSÉ DE BAVARIA,503.13,0,0.28,,0.33,1.5,0.0,,0.04,1978.54,0.0
11633-M4638193,APARTAMENTO,VENTA,20.99,200.0,3.0,3.0,1100000.0,2.0,CHICO,6,MAS DE 20 ANOS,4.67,-74.05,USADO,,0,1,0,0,1,0,0,0,0,1,False,CHAPINERO,S.C. EL CHICO,Virrey,1052.02,0,PARQUE VECINAL URBANIZACIÓN LA CABRERA,377.32,1,0.1,,0.67,1.0,0.0,,0.02,307.17,4.0
518-M4140776,APARTAMENTO,VENTA,21.6,178.95,3.0,5.0,1700000.0,4.0,CHICO,6,ENTRE 5 Y 10 ANOS,4.68,-74.05,USADO,,0,1,0,0,1,0,0,0,0,1,False,CHAPINERO,S.C. EL CHICO,Virrey,517.98,0,PARQUE ZONAL CANAL EL VIRREY EL CHICO,326.5,1,0.12,,1.33,0.6,0.0,,0.02,318.05,2.0
11203-M3458375,APARTAMENTO,VENTA,20.98,127.0,3.0,3.0,728000.0,2.0,CHICO,6,ENTRE 10 Y 20 ANOS,4.68,-74.06,USADO,,0,1,0,1,1,0,0,0,0,1,False,CHAPINERO,S.C. CHICO NORTE,Virrey,520.06,0,PARQUE VECINAL URBANIZACIÓN NORMANDIA I II II Y IV SECTOR,390.27,1,0.17,,0.67,1.0,0.0,,0.02,243.07,1.0
15573-M4538445,APARTAMENTO,VENTA,19.09,60.0,3.0,2.0,142000.0,1.0,ALTOS DE SUBA Y CERROS DE SAN JORGE,3,MAS DE 20 ANOS,4.74,-74.1,USADO,,0,0,0,0,0,1,0,0,0,1,False,SUBA,URB. TORRES DE SUBA,La Campiña,841.05,0,PARQUE VECINAL URBANIZACIÓN LOMBARDIA II ETAPA,885.06,0,0.32,,0.33,1.5,0.0,,0.05,1105.51,0.0
11203-M4590155,APARTAMENTO,VENTA,20.34,134.0,3.0,3.0,1000000.0,2.0,SANTA BARBARA,5,MAS DE 20 ANOS,4.7,-74.03,USADO,,0,0,0,0,1,0,0,0,0,1,False,USAQUEN,SANTA BARBARA ORIENTAL,Calle 127,2555.09,0,PARQUE METROPOLITANO EL COUNTRY,933.97,0,0.15,,0.67,1.0,0.0,,0.02,323.83,1.0
12494-M4623052,APARTAMENTO,VENTA,21.42,160.0,3.0,4.0,1340000.0,2.0,CHICO,6,ENTRE 0 Y 5 ANOS,4.68,-74.04,USADO,,0,0,0,1,1,1,0,0,0,1,False,CHAPINERO,CHICO RESERVADO,Calle 100 - Marketmedios,1815.77,0,PARQUE VECINAL URBANIZACIÓN LA CABRERA,1288.42,0,0.13,,0.67,0.75,0.0,,0.02,332.74,2.0
2996-M4213419,APARTAMENTO,VENTA,20.34,89.0,2.0,3.0,630000.0,2.0,SANTA BARBARA,6,ENTRE 5 Y 10 ANOS,4.7,-74.05,USADO,,0,0,0,0,1,0,0,0,0,0,False,USAQUEN,SANTA BARBARA OCCIDENTAL,Calle 127,859.51,0,PARQUE METROPOLITANO EL COUNTRY,891.38,0,0.23,,1.0,0.67,0.0,,0.02,523.5,0.0
11278-M3394350,APARTAMENTO,VENTA,20.44,118.0,3.0,3.0,980000.0,2.0,SANTA BARBARA,6,MAS DE 20 ANOS,4.69,-74.05,USADO,,0,1,0,0,0,0,0,0,0,1,False,USAQUEN,SANTA BIBIANA,Calle 106,235.57,1,PARQUE ZONAL CANAL CORDOBA,1625.48,0,0.17,,0.67,1.0,0.0,,0.03,678.32,0.0
304-M3237202,APARTAMENTO,VENTA,19.7,75.0,3.0,2.0,289000.0,1.0,COLINA Y ALREDEDORES,3,ENTRE 0 Y 5 ANOS,4.72,-74.07,USADO,,0,0,0,0,1,1,0,0,0,1,False,SUBA,CIUDAD JARDIN NORTE,Suba - AV. Boyacá,662.21,0,PARQUE ZONAL LOS LACHES LA MINA,1066.82,0,0.26,,0.33,1.5,0.0,,0.04,806.53,0.0
164-M4493488,APARTAMENTO,VENTA,19.16,34.05,1.0,1.0,150000.0,0.0,170 Y ALREDORES,4,REMODELADO,4.76,-74.05,USADO,,0,0,0,0,0,0,0,0,0,1,False,SUBA,URB. PLAZA BAVIERA,Portal Norte,782.01,0,PARQUE VECINAL URBANIZACIÓN VILANOVA,694.54,0,0.56,,0.0,1.0,0.0,,0.03,896.09,0.0
11369-M4503694,APARTAMENTO,VENTA,19.97,75.0,2.0,2.0,430000.0,1.0,CHAPINERO ALTO,5,MAS DE 20 ANOS,4.64,-74.06,USADO,,0,0,0,0,1,0,0,0,0,1,False,CHAPINERO,S.C INGEMAR,Calle 57,970.25,0,PARQUE ZONAL GUSTAVO URIBE BOTERO,1131.36,0,0.27,,0.5,1.0,0.0,,0.03,1167.82,0.0
384-M4354839,APARTAMENTO,VENTA,19.7,49.02,1.0,1.0,436000.0,1.0,CHAPINERO ALTO,6,MAS DE 20 ANOS,4.65,-74.05,USADO,,0,0,0,0,1,0,0,0,0,1,False,CHAPINERO,S.C. LAS ACACIAS,Flores – Areandina,1263.48,0,PARQUE ZONAL GUSTAVO URIBE BOTERO,84.89,1,0.4,,1.0,1.0,0.0,,0.02,424.05,1.0
356-M3021990,APARTAMENTO,VENTA,21.28,190.0,3.0,3.0,1725000.0,3.0,CHICO,6,ENTRE 10 Y 20 ANOS,4.67,-74.05,USADO,,0,1,1,0,1,0,0,0,0,1,False,CHAPINERO,EL REFUGIO,Héroes - Gel´Hada,1610.15,0,PARQUE VECINAL URBANIZACIÓN LA CABRERA,631.64,0,0.11,,1.0,1.0,0.0,,0.02,627.65,0.0
562-M3058047,APARTAMENTO,VENTA,21.56,250.0,3.0,4.0,1700000.0,3.0,CHICO,6,ENTRE 10 Y 20 ANOS,4.66,-74.05,USADO,,0,1,1,1,1,1,0,0,0,1,False,CHAPINERO,LOS ROSALES,Calle 72,1368.8,0,PARQUE ZONAL SAN ANDRÉS,830.33,0,0.09,,1.0,0.75,0.0,,0.01,639.44,0.0
5545-M4645729,APARTAMENTO,VENTA,21.31,200.0,3.0,4.0,1500000.0,2.0,CHICO,6,MAS DE 20 ANOS,4.66,-74.05,USADO,,0,0,1,0,1,1,0,0,0,1,False,CHAPINERO,S.C. BELLAVISTA,Calle 72,1171.54,0,PARQUE ZONAL SAN ANDRÉS,792.08,0,0.11,,0.67,0.75,0.0,,0.02,446.55,1.0
10093-M4336165,APARTAMENTO,VENTA,20.2,95.0,3.0,3.0,560000.0,1.0,LA SOLEDAD,4,ENTRE 10 Y 20 ANOS,4.64,-74.08,USADO,,0,0,0,0,0,1,0,0,0,1,False,TEUSAQUILLO,BELALCAZAR,Universidad Nacional,205.45,1,PARQUE ESCENARIO DEPORTIVO EL CAMPINCITO - CEAD,1051.58,0,0.21,,0.33,1.0,0.0,,0.03,731.58,0.0
11369-M4639289,APARTAMENTO,VENTA,20.69,162.0,3.0,4.0,800000.0,2.0,COLINA Y ALREDEDORES,5,ENTRE 10 Y 20 ANOS,4.73,-74.06,USADO,,0,1,0,1,1,1,1,0,0,1,False,SUBA,COLPATRIA SANTA HELENA II SECTOR,Gratamira,1321.46,0,PARQUE VECINAL URBANIZACIÓN LA LAGUNA,1094.52,0,0.13,,0.67,0.75,0.0,,0.02,294.91,1.0
4957-M4540304,APARTAMENTO,VENTA,19.95,70.0,3.0,3.0,330000.0,1.0,CEDRITOS,4,ENTRE 5 Y 10 ANOS,4.72,-74.04,USADO,,0,0,0,1,1,0,0,0,0,1,False,USAQUEN,CEDRITOS,Calle 142,1299.9,0,PARQUE VECINAL NUEVA URBANIZACIÓN EL CEDRITO,663.71,0,0.28,,0.33,1.0,0.0,,0.04,416.96,1.0
10093-M4500397,APARTAMENTO,VENTA,21.37,207.0,3.0,4.0,1340000.0,3.0,SANTA BARBARA,6,ENTRE 5 Y 10 ANOS,4.7,-74.03,USADO,,0,1,0,1,1,1,1,0,0,1,False,USAQUEN,RESERVAS DE LA SIERRA - LA ARBOLEDA,Calle 127,2923.67,0,PARQUE METROPOLITANO EL COUNTRY,1211.87,0,0.1,,1.0,0.75,0.0,,0.01,686.63,0.0
9894-M4549026,APARTAMENTO,VENTA,20.61,142.0,3.0,3.0,1000000.0,2.0,COUNTRY,5,ENTRE 10 Y 20 ANOS,4.71,-74.05,USADO,,0,1,0,1,1,1,0,0,0,1,False,USAQUEN,LA CALLEJA,Calle 127,435.49,1,PARQUE ZONAL ATABANZA,785.76,0,0.15,,0.67,1.0,0.0,,0.02,87.73,5.0
9894-M4516901,APARTAMENTO,VENTA,20.25,111.0,3.0,3.0,540000.0,1.0,CEDRITOS,4,ENTRE 10 Y 20 ANOS,4.72,-74.03,USADO,,0,0,0,1,1,1,0,0,0,1,False,USAQUEN,CEDRO NARVAEZ,Alcalá,2020.18,0,PARQUE VECINAL NUEVA URBANIZACIÓN EL CEDRITO,276.46,1,0.18,,0.33,1.0,0.0,,0.03,498.33,1.0
12364-M2804913,APARTAMENTO,VENTA,21.06,230.0,3.0,2.0,1015000.0,2.0,CHICO,6,MAS DE 20 ANOS,4.68,-74.06,USADO,,0,1,0,0,1,0,0,0,0,1,False,CHAPINERO,S.C. CHICO NORTE III SECTOR,Calle 100 - Marketmedios,223.16,1,PARQUE VECINAL URBANIZACIÓN NORMANDIA I II II Y IV SECTOR,539.17,0,0.09,,0.67,1.5,0.0,,0.01,397.21,1.0
2359-M2580532,APARTAMENTO,VENTA,20.37,83.0,1.0,2.0,800000.0,2.0,CHICO,6,ENTRE 0 Y 5 ANOS,4.66,-74.05,USADO,,0,1,0,0,0,0,0,0,0,0,False,CHAPINERO,LOS ROSALES,Calle 72,1646.92,0,PARQUE ZONAL GUSTAVO URIBE BOTERO,886.17,0,0.25,,2.0,0.5,0.0,,0.01,901.51,0.0
10139-M2681037,APARTAMENTO,VENTA,21.13,267.0,4.0,4.0,1200000.0,3.0,CHICO,6,REMODELADO,4.68,-74.05,USADO,,0,1,0,0,1,1,0,0,0,1,False,CHAPINERO,S.C. CHICO NORTE,Calle 100 - Marketmedios,861.62,0,PARQUE ZONAL CANAL EL VIRREY EL CHICO,764.94,0,0.08,,0.75,1.0,0.0,,0.01,322.84,4.0
3390-M3224116,APARTAMENTO,VENTA,21.09,145.0,2.0,3.0,1274000.0,3.0,CHICO,6,ENTRE 5 Y 10 ANOS,4.66,-74.05,USADO,,0,1,0,1,0,1,0,0,0,1,False,CHAPINERO,LOS ROSALES,Calle 72,1516.97,0,PARQUE ZONAL GUSTAVO URIBE BOTERO,859.02,0,0.15,,1.5,0.67,0.0,,0.01,775.91,0.0
2238-M4570211,APARTAMENTO,VENTA,20.68,160.0,3.0,3.0,1108000.0,2.0,SANTA BARBARA,6,ENTRE 10 Y 20 ANOS,4.7,-74.05,USADO,,1,1,0,1,0,0,0,0,0,1,False,USAQUEN,SANTA BARBARA OCCIDENTAL,Calle 127,1059.31,0,PARQUE METROPOLITANO EL COUNTRY,931.58,0,0.13,,0.67,1.0,0.0,,0.02,343.43,1.0
2996-M3005529,APARTAMENTO,VENTA,19.71,62.0,1.0,2.0,381000.0,2.0,NIZA ALHAMBRA,5,MAS DE 20 ANOS,4.69,-74.06,USADO,,0,0,0,0,1,1,0,0,0,1,False,SUBA,S.C. PASADENA,Suba - Calle 100,538.6,0,PARQUE ZONAL CANAL CORDOBA,1125.2,0,0.32,,2.0,0.5,0.0,,0.02,584.58,0.0
14176-M4426842,APARTAMENTO,VENTA,20.29,109.0,3.0,3.0,590000.0,3.0,NIZA ALHAMBRA,5,MAS DE 20 ANOS,4.7,-74.07,USADO,,0,0,0,1,1,1,0,0,0,1,False,SUBA,LAGOS DE CORDOBA,Humedal Córdoba,403.21,1,PARQUE ZONAL CANAL CORDOBA,456.54,1,0.19,,1.0,1.0,0.0,,0.03,832.75,0.0
4957-M4638675,APARTAMENTO,VENTA,21.18,162.0,3.0,3.0,914000.0,2.0,CHICO,6,ENTRE 10 Y 20 ANOS,4.68,-74.05,USADO,,0,1,0,0,1,0,0,0,0,1,False,CHAPINERO,S.C. CHICO NORTE,Calle 100 - Marketmedios,1311.81,0,PARQUE ZONAL CANAL EL VIRREY EL CHICO,978.51,0,0.13,,0.67,1.0,0.0,,0.02,277.6,2.0
11369-M4081279,APARTAMENTO,VENTA,20.39,134.0,2.0,4.0,630000.0,1.0,SANTA BARBARA,5,MAS DE 20 ANOS,4.7,-74.04,USADO,,0,1,0,0,0,0,0,0,0,1,False,USAQUEN,SANTA BARBARA CENTRAL I SECTOR,Pepe Sierra,1423.89,0,PARQUE METROPOLITANO EL COUNTRY,806.46,0,0.15,,0.5,0.5,0.0,,0.01,512.39,0.0
16288-M4563402,APARTAMENTO,VENTA,21.16,234.0,3.0,4.0,1243000.0,1.0,CHICO,6,MAS DE 20 ANOS,4.66,-74.05,USADO,,0,1,0,0,1,1,0,0,0,1,False,CHAPINERO,S.C. BELLAVISTA,Calle 72,889.41,0,PARQUE ZONAL GUSTAVO URIBE BOTERO,688.64,0,0.09,,0.33,0.75,0.0,,0.01,141.4,4.0
15353-M4599825,APARTAMENTO,VENTA,19.64,77.8,2.0,2.0,330000.0,1.0,COLINA Y ALREDEDORES,5,MAS DE 20 ANOS,4.74,-74.06,USADO,,0,0,0,0,0,1,0,0,0,1,False,SUBA,S.C. GILMAR - LA SIRENA (PREDIO),Calle 161,1593.17,0,PARQUE VECINAL DESARROLLO CANTALEJO URBANIZACIÓN CANTALEJO MANZANA B,545.52,0,0.25,,0.5,1.0,0.0,,0.03,1074.3,0.0
4-M4586432,APARTAMENTO,VENTA,20.68,172.57,3.0,5.0,800000.0,2.0,SANTA BARBARA,6,MAS DE 20 ANOS,4.69,-74.04,USADO,,0,0,0,0,1,0,0,0,0,1,False,USAQUEN,SANTA BARBARA CENTRAL II SECTOR,Pepe Sierra,1971.07,0,PARQUE METROPOLITANO EL COUNTRY,1154.04,0,0.12,,0.67,0.6,0.0,,0.02,411.29,1.0
4877-M4060556,APARTAMENTO,VENTA,20.72,97.42,2.0,3.0,611878.0,2.0,SANTA BARBARA,6,ENTRE 0 Y 5 ANOS,4.69,-74.05,USADO,,0,0,0,1,1,0,0,0,0,1,False,USAQUEN,SAN PATRICIO,Calle 106,803.54,0,PARQUE METROPOLITANO EL COUNTRY,1637.61,0,0.21,,1.0,0.67,0.0,,0.02,156.54,3.0
3325-M4493118,APARTAMENTO,VENTA,20.36,80.0,2.0,2.0,3921395.93,2.0,CHICO,5,MAS DE 20 ANOS,4.68,-74.06,USADO,,0,0,0,0,1,0,0,0,0,1,False,CHAPINERO,S.C. CHICO NORTE III SECTOR,Calle 100 - Marketmedios,361.88,1,PARQUE VECINAL URBANIZACIÓN NORMANDIA I II II Y IV SECTOR,501.5,0,0.25,,1.0,1.0,0.0,,0.02,231.8,1.0
164-M4500146,APARTAMENTO,VENTA,19.25,63.58,2.0,2.0,3921395.93,0.0,CASTILLA MARSELLA,3,MAS DE 20 ANOS,4.64,-74.13,USADO,,0,0,0,0,0,0,0,0,0,1,False,KENNEDY,VILLA ALSACIA,AV. Américas - AV. Boyacá,1349.87,0,PARQUE VECINAL VILLA ALSACIA,319.21,1,0.3,,0.0,1.0,0.0,,0.03,789.18,0.0
2147-M3561819,APARTAMENTO,VENTA,20.44,108.0,2.0,2.0,624000.0,1.0,CHICO,5,MAS DE 20 ANOS,4.66,-74.05,USADO,,0,0,0,0,0,0,0,0,0,0,False,CHAPINERO,S.C. ESPARTILLAL,Héroes - Gel´Hada,830.61,0,PARQUE ZONAL SAN ANDRÉS,210.4,1,0.19,,0.5,1.0,0.0,,0.02,277.79,4.0
12364-M4558434,APARTAMENTO,VENTA,20.5,147.0,3.0,3.0,1000000.0,2.0,COUNTRY,6,MAS DE 20 ANOS,4.71,-74.04,USADO,,0,0,0,0,1,0,0,0,0,1,False,USAQUEN,LA_CAROLINA,Calle 127,1598.56,0,PARQUE METROPOLITANO EL COUNTRY,336.53,1,0.14,,0.67,1.0,0.0,,0.02,502.29,0.0
3965-M4585198,APARTAMENTO,VENTA,21.51,251.0,3.0,5.0,1450000.0,2.0,CHICO,6,ENTRE 10 Y 20 ANOS,4.65,-74.05,USADO,,1,1,0,0,1,0,0,0,0,1,False,CHAPINERO,S.C. BELLAVISTA,Flores – Areandina,1695.59,0,PARQUE ZONAL GUSTAVO URIBE BOTERO,414.32,1,0.09,,0.67,0.6,0.0,,0.01,856.04,0.0
12037-M2732440,APARTAMENTO,VENTA,20.6,78.0,2.0,2.0,560000.0,2.0,CHICO,6,ENTRE 0 Y 5 ANOS,4.67,-74.04,USADO,,0,1,0,1,1,0,0,0,0,1,False,CHAPINERO,EL REFUGIO,Héroes - Gel´Hada,1838.25,0,PARQUE VECINAL URBANIZACIÓN LA CABRERA,856.14,0,0.26,,1.0,1.0,0.0,,0.03,842.68,0.0
12037-M2729586,APARTAMENTO,VENTA,21.64,345.0,4.0,5.0,2000000.0,3.0,CEDRITOS,6,MAS DE 20 ANOS,4.72,-74.03,USADO,,1,1,1,0,1,1,0,0,0,1,False,USAQUEN,LA CANADA,Alcalá,2922.68,0,PARQUE VECINAL NUEVA URBANIZACIÓN EL CEDRITO,1101.13,0,0.06,,0.75,0.8,0.0,,0.01,519.28,0.0
11369-M4115048,APARTAMENTO,VENTA,19.67,57.5,2.0,2.0,616400.0,1.0,CHAPINERO ALTO,3,MAS DE 20 ANOS,4.64,-74.06,USADO,,0,0,0,0,0,0,0,0,0,1,False,CHAPINERO,S.C. CHAPINERO CENTRAL,Calle 57,356.2,1,PARQUE ZONAL GUSTAVO URIBE BOTERO,1593.63,0,0.34,,0.5,1.0,0.0,,0.03,1004.92,0.0
3325-M4570772,APARTAMENTO,VENTA,19.04,45.0,3.0,1.0,104000.0,0.0,ALTOS DE SUBA Y CERROS DE SAN JORGE,3,ENTRE 5 Y 10 ANOS,4.76,-74.09,USADO,,0,0,0,0,1,1,0,0,0,1,False,SUBA,S.C. TUNA BAJA,Portal Suba,1153.2,0,PARQUE VECINAL URBANIZACIÓN VALLE DE REFOUS,864.63,0,0.42,,0.0,3.0,0.0,,0.07,1002.75,0.0
11278-M3862139,APARTAMENTO,VENTA,20.21,101.0,3.0,2.0,525100.0,2.0,CEDRITOS,4,ENTRE 10 Y 20 ANOS,4.73,-74.04,USADO,,0,0,0,1,0,1,1,0,0,1,False,USAQUEN,PARQUES DE LORENA,Mazurén,1204.3,0,PARQUE ZONAL LA VIDA,732.41,0,0.2,,0.67,1.5,0.0,,0.03,709.42,0.0
11369-M4079632,APARTAMENTO,VENTA,21.51,285.0,3.0,5.0,1900000.0,3.0,CHAPINERO ALTO,6,MAS DE 20 ANOS,4.65,-74.05,USADO,,0,1,0,1,1,1,0,0,0,1,False,CHAPINERO,S.C. LAS ACACIAS,Flores – Areandina,1255.75,0,PARQUE ZONAL GUSTAVO URIBE BOTERO,148.96,1,0.08,,1.0,0.6,0.0,,0.01,425.79,1.0
3390-M2661240,APARTAMENTO,VENTA,21.51,274.0,3.0,5.0,1700000.0,3.0,CHICO,6,ENTRE 5 Y 10 ANOS,4.68,-74.05,USADO,,0,0,0,1,1,0,0,0,0,1,False,CHAPINERO,S.C. CHICO NORTE,Virrey,1400.41,0,PARQUE VECINAL URBANIZACIÓN LA CABRERA,897.42,0,0.08,,1.0,0.6,0.0,,0.01,210.64,1.0
2359-M4127433,APARTAMENTO,VENTA,20.72,150.0,3.0,3.0,882000.0,2.0,COUNTRY,5,MAS DE 20 ANOS,4.71,-74.05,USADO,,0,1,0,0,1,1,0,0,0,0,False,USAQUEN,URB._EL BOSQUE,Prado,497.48,1,PARQUE ZONAL ATABANZA,614.86,0,0.14,,0.67,1.0,0.0,,0.02,358.3,2.0
3390-M3468403,APARTAMENTO,VENTA,20.91,300.0,4.0,3.0,1039000.0,3.0,SANTA BARBARA,5,MAS DE 20 ANOS,4.71,-74.05,USADO,,0,1,0,0,0,1,0,0,0,1,False,USAQUEN,SANTA BARBARA OCCIDENTAL,Calle 127,76.75,1,PARQUE ZONAL ATABANZA,618.5,0,0.07,,0.75,1.33,0.0,,0.01,150.33,5.0
10139-M4307359,APARTAMENTO,VENTA,21.05,185.0,3.0,4.0,1360000.0,2.0,SANTA BARBARA,6,ENTRE 10 Y 20 ANOS,4.69,-74.05,USADO,,0,1,0,0,1,1,0,0,0,1,False,USAQUEN,SANTA BIBIANA,Calle 106,557.29,0,PARQUE VECINAL URBANIZACIÓN NORMANDIA I II II Y IV SECTOR,1567.69,0,0.11,,0.67,0.75,0.0,,0.02,673.72,0.0
12364-M3886552,APARTAMENTO,VENTA,21.72,373.0,3.0,4.0,1700000.0,3.0,CHICO,6,MAS DE 20 ANOS,4.67,-74.04,USADO,,0,1,0,1,1,0,0,0,0,1,False,CHAPINERO,CHICO ALTO,Calle 85,1989.42,0,PARQUE VECINAL URBANIZACIÓN LA CABRERA,932.05,0,0.06,,1.0,0.75,0.0,,0.01,881.81,0.0
11369-M4543243,APARTAMENTO,VENTA,19.78,46.0,1.0,1.0,582000.0,1.0,CHAPINERO ALTO,4,ENTRE 10 Y 20 ANOS,4.64,-74.06,USADO,,0,0,0,0,0,0,0,0,0,1,False,CHAPINERO,S.C. LA SALLE,Calle 57,725.49,0,PARQUE ZONAL GUSTAVO URIBE BOTERO,1116.86,0,0.43,,1.0,1.0,0.0,,0.02,1034.07,0.0
2162-M2733830,APARTAMENTO,VENTA,21.62,253.0,3.0,3.0,3000000.0,2.0,CHICO,6,MAS DE 20 ANOS,4.66,-74.05,USADO,,0,1,0,0,1,1,0,0,0,1,False,CHAPINERO,BOSQUE EL RETIRO I SECTOR,Héroes - Gel´Hada,1629.67,0,PARQUE ZONAL SAN ANDRÉS,654.09,0,0.09,,0.67,1.0,0.0,,0.01,770.93,0.0
2162-M3372392,APARTAMENTO,VENTA,20.5,130.0,3.0,3.0,669000.0,2.0,COUNTRY,5,ENTRE 10 Y 20 ANOS,4.71,-74.03,USADO,,0,1,0,0,1,1,0,0,0,1,False,USAQUEN,BELLA SUIZA,Calle 127,2646.74,0,PARQUE METROPOLITANO EL COUNTRY,910.57,0,0.16,,0.67,1.0,0.0,,0.02,574.93,0.0
2162-M2683641,APARTAMENTO,VENTA,21.14,145.0,1.0,2.0,1150000.0,2.0,CHICO,6,ENTRE 0 Y 5 ANOS,4.67,-74.04,USADO,,0,1,0,0,1,1,0,0,0,1,False,CHAPINERO,EL REFUGIO,Héroes - Gel´Hada,1922.4,0,PARQUE VECINAL URBANIZACIÓN LA CABRERA,880.25,0,0.15,,2.0,0.5,0.0,,0.01,850.84,0.0
234-M4206726,APARTAMENTO,VENTA,20.39,91.0,1.0,2.0,902000.0,2.0,CHICO,6,ENTRE 10 Y 20 ANOS,4.67,-74.06,USADO,,0,1,0,0,1,0,0,0,0,1,False,CHAPINERO,S.C. ANTIGUO COUNTRY,Calle 85,185.1,1,PARQUE METROPOLITANO RECONCILIACIÓN,118.52,1,0.22,,2.0,0.5,0.0,,0.01,388.91,3.0
10278-M4028796,APARTAMENTO,VENTA,20.7,183.0,3.0,4.0,620000.0,2.0,COLINA Y ALREDEDORES,5,ENTRE 10 Y 20 ANOS,4.75,-74.07,USADO,,0,0,0,0,1,1,0,0,0,1,False,SUBA,BURGOS BRITALIA,21 Ángeles,1762.32,0,PARQUE ZONAL EL TOMILLAR,760.34,0,0.11,,0.67,0.75,0.0,,0.02,1460.64,0.0
14876-M4349624,APARTAMENTO,VENTA,20.07,74.68,2.0,2.0,560000.0,2.0,,6,MAS DE 20 ANOS,4.7,-74.05,USADO,,0,0,0,0,1,0,0,0,0,1,False,USAQUEN,SANTA BARBARA OCCIDENTAL,Calle 127,706.89,0,PARQUE METROPOLITANO EL COUNTRY,1221.95,0,0.27,,1.0,1.0,0.0,,0.03,386.41,1.0
10278-M3784324,APARTAMENTO,VENTA,20.2,82.0,3.0,3.0,532000.0,1.0,SANTA BARBARA,5,MAS DE 20 ANOS,4.7,-74.04,USADO,,0,1,0,0,1,1,0,0,0,1,False,USAQUEN,SANTA BARBARA CENTRAL I SECTOR,Pepe Sierra,2027.82,0,PARQUE METROPOLITANO EL COUNTRY,727.26,0,0.25,,0.33,1.0,0.0,,0.04,563.47,0.0
2648-M4462464,APARTAMENTO,VENTA,19.81,58.21,3.0,2.0,340000.0,0.0,METROPOLIS,3,ENTRE 10 Y 20 ANOS,4.66,-74.08,USADO,,0,0,0,0,0,0,0,0,0,1,False,BARRIOS UNIDOS,SAN MIGUEL_,7 de Agosto,283.05,1,PARQUE METROPOLITANO PARQUE DE LOS NOVIOS,566.15,0,0.34,,0.0,1.5,0.0,,0.05,1159.15,0.0
164-M3676853,APARTAMENTO,VENTA,19.38,31.38,1.0,1.0,320000.0,1.0,CHICO,5,MAS DE 20 ANOS,4.68,-74.05,USADO,,0,0,0,0,0,0,0,0,0,1,False,CHAPINERO,S.C. CHICO NORTE III SECTOR,Calle 100 - Marketmedios,321.03,1,PARQUE VECINAL URBANIZACIÓN NORMANDIA I II II Y IV SECTOR,898.18,0,0.62,,1.0,1.0,0.0,,0.03,412.85,2.0
16475-M4656395,APARTAMENTO,VENTA,19.99,76.67,3.0,2.0,300000.0,1.0,KENNEDY,4,ENTRE 0 Y 5 ANOS,4.63,-74.12,USADO,,0,1,0,1,1,1,1,0,0,1,False,PUENTE ARANDA,LA PRADERA,Pradera,556.12,0,PARQUE ZONAL LA IGUALDAD,545.93,0,0.26,,0.33,1.5,0.0,,0.04,1079.74,0.0
384-M4514301,APARTAMENTO,VENTA,20.52,132.0,3.0,4.0,3921395.93,1.0,CENTRO NARINO,4,ENTRE 0 Y 5 ANOS,4.63,-74.1,USADO,,0,0,0,0,0,0,0,0,0,1,False,TEUSAQUILLO,ORTEZAL_,Recinto Ferial,785.14,0,PARQUE VECINAL SANTA CLARA,415.86,1,0.16,,0.33,0.75,0.0,,0.02,994.02,0.0
851-M4417613,APARTAMENTO,VENTA,19.92,56.0,1.0,2.0,530000.0,2.0,SANTA BARBARA,6,ENTRE 0 Y 5 ANOS,4.7,-74.04,USADO,,0,0,0,0,1,0,0,0,0,0,False,USAQUEN,SANTA BARBARA CENTRAL III SECTOR,Pepe Sierra,2139.93,0,PARQUE METROPOLITANO EL COUNTRY,879.01,0,0.36,,2.0,0.5,0.0,,0.02,429.21,1.0
2162-M4038630,APARTAMENTO,VENTA,20.47,131.0,3.0,3.0,741000.0,2.0,SANTA BARBARA,6,REMODELADO,4.69,-74.05,USADO,,0,1,0,0,1,1,0,0,0,1,False,USAQUEN,SAN PATRICIO,Calle 106,1053.53,0,PARQUE METROPOLITANO EL COUNTRY,1610.67,0,0.16,,0.67,1.0,0.0,,0.02,185.22,1.0
12364-M3312610,APARTAMENTO,VENTA,21.06,276.63,4.0,5.0,1450000.0,3.0,SANTA BARBARA,6,MAS DE 20 ANOS,4.7,-74.05,USADO,,0,1,0,0,1,0,0,0,0,1,False,USAQUEN,SANTA BARBARA OCCIDENTAL,Calle 127,383.72,1,PARQUE ZONAL ATABANZA,1046.77,0,0.08,,0.75,0.8,0.0,,0.01,349.26,3.0
10278-M4658695,APARTAMENTO,VENTA,19.64,68.5,2.0,2.0,282050.0,1.0,NIZA ALHAMBRA,5,MAS DE 20 ANOS,4.69,-74.07,USADO,,1,0,0,0,0,1,0,0,0,1,False,SUBA,S.C. ANDES NORTE,Suba - Calle 100,79.18,1,PARQUE ZONAL CANAL RIO NEGRO,966.81,0,0.29,,0.5,1.0,0.0,,0.03,350.98,1.0
3325-M4700522,APARTAMENTO,VENTA,19.78,84.0,3.0,2.0,290000.0,1.0,CASTILLA MARSELLA,3,ENTRE 0 Y 5 ANOS,4.65,-74.14,USADO,,0,1,0,0,1,1,0,0,0,1,False,KENNEDY,BOSCONIA,Transversal 86,1924.01,0,PARQUE VECINAL VILLA ALSACIA,950.24,0,0.24,,0.33,1.5,0.0,,0.04,1693.91,0.0
16285-M4557885,APARTAMENTO,VENTA,20.91,132.0,3.0,3.0,1000000.0,2.0,SANTA BARBARA,5,ENTRE 0 Y 5 ANOS,4.69,-74.04,USADO,,0,1,0,1,1,1,0,0,0,1,False,USAQUEN,SANTA BARBARA CENTRAL II SECTOR,Pepe Sierra,1968.26,0,PARQUE METROPOLITANO EL COUNTRY,1107.57,0,0.16,,0.67,1.0,0.0,,0.02,456.27,1.0
11369-M4452702,APARTAMENTO,VENTA,20.72,170.0,2.0,3.0,770000.0,1.0,CHICO,6,MAS DE 20 ANOS,4.67,-74.04,USADO,,0,1,0,0,0,1,0,0,0,1,False,CHAPINERO,CHICO ORIENTAL,Calle 85,1746.56,0,PARQUE VECINAL URBANIZACIÓN LA CABRERA,701.28,0,0.12,,0.5,0.67,0.0,,0.01,640.26,0.0
183-M4149450,APARTAMENTO,VENTA,20.2,63.96,2.0,2.0,416000.0,1.0,CHAPINERO ALTO,4,ENTRE 10 Y 20 ANOS,4.65,-74.06,USADO,,0,0,0,0,0,0,0,0,0,1,False,CHAPINERO,ALTOS DE LA SALLE,Calle 63,1054.03,0,PARQUE ZONAL GUSTAVO URIBE BOTERO,663.39,0,0.32,,0.5,1.0,0.0,,0.03,709.75,0.0
11369-M4466735,APARTAMENTO,VENTA,20.92,170.0,3.0,4.0,1400000.0,2.0,CERROS DE SUBA,6,MAS DE 20 ANOS,4.72,-74.08,USADO,,0,1,0,1,1,1,0,0,0,1,False,SUBA,NIZA SUBA - URB. BALCON DEL LINDARAJA,Suba - AV. Boyacá,1018.05,0,PARQUE VECINAL AGRUPACIÓN DE VIVIENDA EN BALCON DE LINDARAJA,307.37,1,0.12,,0.67,0.75,0.0,,0.02,1252.63,0.0
11369-M4301008,APARTAMENTO,VENTA,20.41,132.0,2.0,3.0,661900.0,1.0,CHICO,4,MAS DE 20 ANOS,4.66,-74.06,USADO,,0,0,0,0,0,0,0,0,0,1,False,CHAPINERO,S.C. PORCIUNCULA,Calle 72,594.39,0,PARQUE ZONAL GUSTAVO URIBE BOTERO,905.0,0,0.15,,0.5,0.67,0.0,,0.02,47.41,4.0
11307-M4054686,APARTAMENTO,VENTA,20.97,173.0,4.0,5.0,975000.0,3.0,COUNTRY,5,ENTRE 5 Y 10 ANOS,4.71,-74.05,USADO,,1,1,0,1,1,1,1,0,0,1,False,USAQUEN,,Prado,559.43,0,PARQUE ZONAL ATABANZA,1022.65,0,0.12,,0.75,0.8,0.0,,0.02,561.79,0.0
12364-M3687581,APARTAMENTO,VENTA,20.14,94.0,3.0,3.0,994000.0,2.0,SANTA BARBARA,6,MAS DE 20 ANOS,4.69,-74.05,USADO,,0,0,0,0,1,0,0,0,0,1,False,USAQUEN,SAN PATRICIO,Pepe Sierra,1127.86,0,PARQUE METROPOLITANO EL COUNTRY,1420.86,0,0.21,,0.67,1.0,0.0,,0.03,179.26,2.0
5044-M3213991,APARTAMENTO,VENTA,21.25,265.0,4.0,5.0,1400000.0,4.0,,6,ENTRE 10 Y 20 ANOS,4.69,-74.05,USADO,,0,0,0,0,0,1,0,0,0,1,False,USAQUEN,SANTA BIBIANA,Calle 106,464.49,1,PARQUE VECINAL URBANIZACIÓN NORMANDIA I II II Y IV SECTOR,1385.35,0,0.08,,1.0,0.8,0.0,,0.02,740.59,0.0
16475-M4656377,APARTAMENTO,VENTA,20.09,107.0,2.0,3.0,418700.0,2.0,CEDRITOS,4,ENTRE 10 Y 20 ANOS,4.72,-74.04,USADO,,0,1,0,1,1,0,0,0,0,1,False,USAQUEN,ACACIAS USAQUEN,Calle 142,1401.49,0,PARQUE VECINAL NUEVA URBANIZACIÓN EL CEDRITO,526.44,0,0.19,,1.0,0.67,0.0,,0.02,599.67,0.0
384-M4508168,APARTAMENTO,VENTA,19.54,66.77,3.0,2.0,314000.0,1.0,COLINA Y ALREDEDORES,3,ENTRE 10 Y 20 ANOS,4.74,-74.06,USADO,,0,0,0,0,1,0,0,0,0,1,False,SUBA,CANTALEJO,Calle 161,1298.05,0,PARQUE VECINAL DESARROLLO CANTALEJO URBANIZACIÓN CANTALEJO MANZANA B,301.02,1,0.29,,0.33,1.5,0.0,,0.04,1548.68,0.0
5586-M2356185,APARTAMENTO,VENTA,21.64,175.0,3.0,3.0,1268000.0,2.0,CHICO,6,ENTRE 0 Y 5 ANOS,4.67,-74.06,USADO,,0,1,0,1,1,0,1,0,0,1,False,CHAPINERO,S.C. ANTIGUO COUNTRY,Calle 85,442.59,1,PARQUE ZONAL CANAL EL VIRREY EL CHICO,240.53,1,0.12,,0.67,1.0,0.0,,0.02,214.62,3.0
14383-M4079313,APARTAMENTO,VENTA,20.03,70.0,1.0,2.0,510000.0,2.0,SANTA BARBARA,5,ENTRE 0 Y 5 ANOS,4.7,-74.05,USADO,,0,0,1,0,1,0,0,0,0,1,False,USAQUEN,SANTA BARBARA OCCIDENTAL,Calle 127,699.93,0,PARQUE METROPOLITANO EL COUNTRY,1127.38,0,0.29,,2.0,0.5,0.0,,0.01,492.45,1.0
384-M3682669,APARTAMENTO,VENTA,21.47,249.6,3.0,3.0,1290000.0,2.0,CHICO,5,MAS DE 20 ANOS,4.67,-74.05,USADO,,0,0,0,1,0,0,0,0,0,0,False,CHAPINERO,LA CABRERA,Calle 85,758.62,0,PARQUE ZONAL CANAL EL VIRREY EL CHICO,292.88,1,0.09,,0.67,1.0,0.0,,0.01,241.65,6.0
2123-1311358,APARTAMENTO,VENTA,20.82,160.0,3.0,5.0,600000.0,2.0,SANTA BARBARA,6,MAS DE 20 ANOS,4.7,-74.04,USADO,,0,0,0,0,0,0,0,0,0,0,False,USAQUEN,SANTA BARBARA OCCIDENTAL,Calle 127,1183.11,0,PARQUE METROPOLITANO EL COUNTRY,576.02,0,0.13,,0.67,0.6,0.0,,0.02,202.51,1.0
2266-M3580529,APARTAMENTO,VENTA,20.98,275.0,3.0,3.0,1934000.0,3.0,CHICO,6,MAS DE 20 ANOS,4.68,-74.04,USADO,,0,1,0,0,1,0,0,0,0,1,False,CHAPINERO,SIERRAS DEL CHICO,Calle 100 - Marketmedios,2147.6,0,PARQUE VECINAL URBANIZACIÓN LA CABRERA,1611.89,0,0.08,,1.0,1.0,0.0,,0.01,294.82,1.0
384-M4658395,APARTAMENTO,VENTA,19.86,66.68,2.0,2.0,247000.0,1.0,RAFAEL URIBE URIBE TUNJUELITO,3,ENTRE 0 Y 5 ANOS,4.59,-74.11,USADO,,1,0,0,1,1,0,0,0,0,1,False,ANTONIO NARINO,SANTANDER_,NQS - Calle 30 S,689.43,0,PARQUE ZONAL VILLA MAYOR CEMENTERIO,737.48,0,0.3,,0.5,1.0,0.0,,0.03,1149.28,0.0
384-M4654444,APARTAMENTO,VENTA,19.82,66.72,2.0,2.0,347000.0,1.0,RAFAEL URIBE URIBE TUNJUELITO,3,ENTRE 0 Y 5 ANOS,4.59,-74.11,USADO,,1,0,0,1,1,0,0,0,0,1,False,ANTONIO NARINO,SANTANDER_,NQS - Calle 30 S,689.43,0,PARQUE ZONAL VILLA MAYOR CEMENTERIO,737.48,0,0.3,,0.5,1.0,0.0,,0.03,1149.28,0.0
13436-M4741375,APARTAMENTO,VENTA,20.52,124.0,3.0,3.0,485000.0,2.0,COLINA Y ALREDEDORES,5,ENTRE 5 Y 10 ANOS,4.74,-74.05,USADO,,1,1,0,1,1,1,1,0,0,1,False,SUBA,CAMPOS DE SILENCIO,Calle 161,766.77,0,PARQUE VECINAL DESARROLLO CANTALEJO URBANIZACIÓN CANTALEJO MANZANA B,299.79,1,0.17,,0.67,1.0,0.0,,0.02,1697.09,0.0
3325-M4552538,APARTAMENTO,VENTA,19.76,58.0,1.0,2.0,408000.0,1.0,CEDRITOS,4,REMODELADO,4.72,-74.03,USADO,,0,1,0,0,1,0,0,0,0,1,False,USAQUEN,CEDRITOS,Alcalá,2022.02,0,PARQUE VECINAL NUEVA URBANIZACIÓN EL CEDRITO,438.32,1,0.34,,1.0,0.5,0.0,,0.02,470.42,1.0
11369-M4271222,APARTAMENTO,VENTA,21.19,174.0,3.0,4.0,1240000.0,2.0,CHICO,6,MAS DE 20 ANOS,4.66,-74.05,USADO,,0,1,0,1,1,1,0,0,0,1,False,CHAPINERO,S.C. BELLAVISTA,Calle 72,1306.76,0,PARQUE ZONAL GUSTAVO URIBE BOTERO,780.7,0,0.12,,0.67,0.75,0.0,,0.02,565.6,0.0
3325-M4495310,APARTAMENTO,VENTA,20.21,79.0,2.0,2.0,430000.0,1.0,SANTA BARBARA,5,MAS DE 20 ANOS,4.69,-74.04,USADO,,0,1,0,0,1,0,0,0,0,1,False,USAQUEN,RINCON DEL CHICO,Calle 106,1532.23,0,PARQUE METROPOLITANO EL COUNTRY,1817.69,0,0.26,,0.5,1.0,0.0,,0.03,656.1,0.0
384-M4658053,APARTAMENTO,VENTA,19.87,66.72,2.0,2.0,247000.0,1.0,RAFAEL URIBE URIBE TUNJUELITO,3,ENTRE 0 Y 5 ANOS,4.59,-74.11,USADO,,1,0,0,1,1,0,0,0,0,1,False,ANTONIO NARINO,SANTANDER_,NQS - Calle 30 S,689.43,0,PARQUE ZONAL VILLA MAYOR CEMENTERIO,737.48,0,0.3,,0.5,1.0,0.0,,0.03,1149.28,0.0
488-M4288450,APARTAMENTO,VENTA,20.18,72.0,3.0,2.0,3921395.93,1.0,CENTRO NARINO,4,ENTRE 10 Y 20 ANOS,4.63,-74.1,USADO,,0,0,0,0,0,0,0,0,0,1,False,TEUSAQUILLO,ORTEZAL CADIZ,Quinta Paredes,655.18,0,PARQUE VECINAL SANTA CLARA,179.13,1,0.28,,0.33,1.5,0.0,,0.04,743.15,0.0
304-M3679030,APARTAMENTO,VENTA,19.92,60.0,1.0,2.0,590000.0,2.0,,5,REMODELADO,4.68,-74.06,USADO,,0,1,0,0,1,1,0,0,0,1,False,CHAPINERO,S.C. CHICO NORTE III SECTOR,Calle 100 - Marketmedios,345.72,1,PARQUE VECINAL URBANIZACIÓN NORMANDIA I II II Y IV SECTOR,594.26,0,0.33,,2.0,0.5,0.0,,0.02,191.67,1.0
384-M4654420,APARTAMENTO,VENTA,19.8,66.72,2.0,2.0,347000.0,1.0,RAFAEL URIBE URIBE TUNJUELITO,3,ENTRE 0 Y 5 ANOS,4.59,-74.11,USADO,,1,0,0,1,1,0,0,0,0,1,False,ANTONIO NARINO,SANTANDER_,NQS - Calle 30 S,689.43,0,PARQUE ZONAL VILLA MAYOR CEMENTERIO,737.48,0,0.3,,0.5,1.0,0.0,,0.03,1149.28,0.0
679-M3984290,APARTAMENTO,VENTA,20.41,85.0,2.0,2.0,735100.0,2.0,CHICO,5,ENTRE 10 Y 20 ANOS,4.68,-74.04,USADO,,0,1,0,0,1,0,0,0,0,1,False,CHAPINERO,CHICO RESERVADO,Calle 100 - Marketmedios,1891.82,0,PARQUE VECINAL URBANIZACIÓN LA CABRERA,1340.1,0,0.24,,1.0,1.0,0.0,,0.02,306.4,2.0
11369-M4494100,APARTAMENTO,VENTA,20.51,119.0,3.0,3.0,376000.0,2.0,COLINA Y ALREDEDORES,4,ENTRE 0 Y 5 ANOS,4.74,-74.07,USADO,,0,1,0,1,0,1,1,0,0,1,False,SUBA,EL CORTIJO (FINCA),Gratamira,1467.5,0,PARQUE ZONAL EL TOMILLAR,681.92,0,0.17,,0.67,1.0,0.0,,0.03,581.16,0.0
384-M4714804,APARTAMENTO,VENTA,19.9,81.6,3.0,2.0,311000.0,1.0,NIZA ALHAMBRA,4,ENTRE 10 Y 20 ANOS,4.7,-74.08,USADO,,0,0,0,1,1,0,0,0,0,0,False,SUBA,S.C. POTOSI,AV. Boyacá,500.21,0,PARQUE ZONAL BONANZA,1000.94,0,0.24,,0.33,1.5,0.0,,0.04,318.28,3.0
384-M4656018,APARTAMENTO,VENTA,19.86,66.68,2.0,2.0,247000.0,1.0,RAFAEL URIBE URIBE TUNJUELITO,3,ENTRE 0 Y 5 ANOS,4.59,-74.11,USADO,,1,0,0,1,1,0,0,0,0,1,False,ANTONIO NARINO,SANTANDER_,NQS - Calle 30 S,689.43,0,PARQUE ZONAL VILLA MAYOR CEMENTERIO,737.48,0,0.3,,0.5,1.0,0.0,,0.03,1149.28,0.0
399-M4081020,APARTAMENTO,VENTA,19.41,44.0,2.0,2.0,150000.0,1.0,CASTILLA MARSELLA,3,ENTRE 0 Y 5 ANOS,4.66,-74.16,USADO,,0,0,0,1,1,1,1,0,0,1,False,KENNEDY,S.C. OSORIO II - LA MAGDALENA CIUDAD TINTAL,Biblioteca Tintal,1907.33,0,PARQUE ZONAL SAN IGNACIO,387.6,1,0.44,,0.5,1.0,0.0,,0.05,3124.57,0.0
11369-M4510953,APARTAMENTO,VENTA,20.29,80.46,2.0,3.0,580000.0,1.0,SANTA BARBARA,6,ENTRE 10 Y 20 ANOS,4.7,-74.05,USADO,,0,1,0,0,0,0,0,0,0,1,False,USAQUEN,SANTA BARBARA OCCIDENTAL,Calle 127,1029.73,0,PARQUE METROPOLITANO EL COUNTRY,746.25,0,0.25,,0.5,0.67,0.0,,0.02,355.3,1.0
4957-M4587694,APARTAMENTO,VENTA,21.56,207.0,3.0,4.0,1200000.0,3.0,COLINA Y ALREDEDORES,6,ENTRE 10 Y 20 ANOS,4.73,-74.08,USADO,,0,1,0,1,1,1,1,0,0,1,False,SUBA,NIZA SUBA - SAN SILVESTRE,Gratamira,295.24,1,PARQUE ZONAL EL TOMILLAR,1199.58,0,0.1,,1.0,0.75,0.0,,0.01,1013.68,0.0
11369-M4583487,APARTAMENTO,VENTA,21.47,246.0,3.0,4.0,4172000.0,3.0,CHAPINERO ALTO,6,MAS DE 20 ANOS,4.65,-74.05,USADO,,0,1,0,0,1,0,0,0,0,1,False,CHAPINERO,S.C. LAS ACACIAS,Flores – Areandina,1421.27,0,PARQUE ZONAL GUSTAVO URIBE BOTERO,128.44,1,0.09,,1.0,0.75,0.0,,0.01,578.85,0.0
164-M3494693,APARTAMENTO,VENTA,19.55,60.81,2.0,2.0,237000.0,1.0,COLINA Y ALREDEDORES,4,REMODELADO,4.72,-74.07,USADO,,0,1,0,0,0,0,0,0,0,1,False,SUBA,LAS VILLAS SECTOR II,Niza - Calle 127,630.39,0,PARQUE ZONAL LOS LACHES LA MINA,718.99,0,0.32,,0.5,1.0,0.0,,0.03,614.87,0.0
11369-M4389330,APARTAMENTO,VENTA,20.29,155.0,4.0,4.0,560000.0,2.0,COLINA Y ALREDEDORES,4,MAS DE 20 ANOS,4.72,-74.07,USADO,,0,1,0,0,0,1,0,0,0,1,False,SUBA,LAS VILLAS SECTOR III,Niza - Calle 127,614.73,0,PARQUE ZONAL LOS LACHES LA MINA,684.79,0,0.13,,0.5,1.0,0.0,,0.03,584.73,0.0
11369-M4450895,APARTAMENTO,VENTA,19.88,78.0,3.0,2.0,309000.0,1.0,CEDRITOS,4,MAS DE 20 ANOS,4.72,-74.03,USADO,,0,0,0,0,0,1,0,0,0,1,False,USAQUEN,LAS_ACACIAS,Calle 142,2386.34,0,PARQUE VECINAL NUEVA URBANIZACIÓN EL CEDRITO,487.69,1,0.25,,0.33,1.5,0.0,,0.04,642.99,0.0
10093-M4498521,APARTAMENTO,VENTA,21.19,240.0,4.0,5.0,980000.0,3.0,NIZA ALHAMBRA,5,ENTRE 10 Y 20 ANOS,4.7,-74.06,USADO,,0,1,0,1,0,1,0,0,0,1,False,SUBA,LA ALHAMBRA SECTOR NORTE,Suba - Calle 116,711.07,0,PARQUE ZONAL CANAL CORDOBA,133.99,1,0.09,,0.75,0.8,0.0,,0.02,1212.79,0.0
2266-M3475084,APARTAMENTO,VENTA,21.05,220.0,3.0,3.0,1047400.0,3.0,SANTA BARBARA,6,MAS DE 20 ANOS,4.7,-74.03,USADO,,0,1,0,1,1,1,0,0,0,1,False,USAQUEN,LOS ALPES II SECTOR,Calle 127,2978.05,0,PARQUE METROPOLITANO EL COUNTRY,1277.0,0,0.1,,1.0,1.0,0.0,,0.01,667.94,0.0
11369-M3733091,APARTAMENTO,VENTA,20.89,185.0,3.0,5.0,1323000.0,2.0,COUNTRY,6,ENTRE 10 Y 20 ANOS,4.71,-74.04,USADO,,0,1,0,1,0,1,0,0,0,1,False,USAQUEN,LA_CAROLINA,Calle 127,1921.46,0,PARQUE METROPOLITANO EL COUNTRY,304.48,1,0.11,,0.67,0.6,0.0,,0.02,668.66,0.0
14384-M4701130,APARTAMENTO,VENTA,19.7,72.0,3.0,2.0,230000.0,1.0,CEDRITOS,4,MAS DE 20 ANOS,4.72,-74.04,USADO,,0,0,0,0,1,1,0,0,0,1,False,USAQUEN,CEDRITOS,Alcalá,1827.16,0,PARQUE VECINAL NUEVA URBANIZACIÓN EL CEDRITO,499.49,1,0.27,,0.33,1.5,0.0,,0.04,274.95,1.0
3036-M3838483,APARTAMENTO,VENTA,20.03,86.5,2.0,3.0,265000.0,2.0,SANTA BARBARA,5,MAS DE 20 ANOS,4.7,-74.04,USADO,,0,1,0,0,0,0,0,0,0,1,False,USAQUEN,SANTA BARBARA OCCIDENTAL,Calle 127,1098.67,0,PARQUE METROPOLITANO EL COUNTRY,658.09,0,0.23,,1.0,0.67,0.0,,0.02,285.31,1.0
2456-M4510379,APARTAMENTO,VENTA,20.49,160.0,4.0,3.0,450000.0,2.0,COLINA Y ALREDEDORES,5,ENTRE 5 Y 10 ANOS,4.74,-74.06,USADO,,0,1,0,1,1,1,1,0,0,1,False,SUBA,URB. LA SIRENA,Mazurén,1704.02,0,PARQUE VECINAL DESARROLLO CANTALEJO URBANIZACIÓN CANTALEJO MANZANA B,800.56,0,0.13,,0.5,1.33,0.0,,0.02,763.3,0.0
2147-M4411621,APARTAMENTO,VENTA,20.36,123.0,3.0,3.0,3921395.93,1.0,ALTOS DE SUBA Y CERROS DE SAN JORGE,6,ENTRE 5 Y 10 ANOS,4.76,-74.07,USADO,,0,1,0,1,0,1,0,0,0,1,False,SUBA,S.C. CASABLANCA SUBA,Portal Norte,2446.16,0,PARQUE ZONAL SAN JOSÉ DE BAVARIA,567.92,0,0.17,,0.33,1.0,0.0,,0.02,2563.07,0.0
3252-M3776595,APARTAMENTO,VENTA,21.19,343.0,5.0,4.0,3921395.93,2.0,CHAPINERO ALTO,4,MAS DE 20 ANOS,4.65,-74.06,USADO,,0,0,0,0,0,0,0,0,0,0,False,CHAPINERO,S.C. CHAPINERO CENTRAL,Calle 63,480.45,1,PARQUE ZONAL GUSTAVO URIBE BOTERO,1177.42,0,0.06,,0.4,1.25,0.0,,0.01,845.96,0.0
16630-M4739883,APARTAMENTO,VENTA,19.27,54.0,3.0,1.0,195000.0,1.0,CORTIJO AUTOPISTA MEDELLIN,3,REMODELADO,4.73,-74.12,USADO,,0,0,0,0,1,1,0,0,0,1,False,ENGATIVA,EL_CORTIJO,Portal 80,2384.6,0,PARQUE METROPOLITANO PLANTA DE TRATAMIENTO SALITRE,219.98,1,0.36,,0.33,3.0,0.0,,0.06,2186.5,0.0
2456-M3496721,APARTAMENTO,VENTA,20.18,104.0,3.0,3.0,390000.0,2.0,COLINA Y ALREDEDORES,4,ENTRE 5 Y 10 ANOS,4.72,-74.06,USADO,,0,1,0,1,1,1,0,0,0,1,False,SUBA,SAN RAFAEL NORTE,Alcalá,923.17,0,PARQUE VECINAL PRADO PINZÓN,649.21,0,0.19,,0.67,1.0,0.0,,0.03,347.93,1.0
12633-M4080592,APARTAMENTO,VENTA,19.28,70.0,3.0,2.0,100000.0,0.0,ENGATIVA,3,MAS DE 20 ANOS,4.72,-74.12,USADO,,0,0,0,0,0,1,0,0,0,1,False,ENGATIVA,RINCON DE SAN IGNACIO,Portal 80,1253.39,0,PARQUE ZONAL VILLAS DE GRANADA,283.4,1,0.28,,0.0,1.5,0.0,,0.04,1041.44,0.0
10278-111450,APARTAMENTO,VENTA,20.55,147.0,3.0,3.0,496000.0,2.0,COLINA Y ALREDEDORES,5,ENTRE 0 Y 5 ANOS,4.73,-74.07,USADO,,0,0,0,0,0,0,0,0,0,1,False,SUBA,URB. ATENAS,Gratamira,1038.02,0,PARQUE VECINAL URBANIZACIÓN LA LAGUNA,1339.96,0,0.14,,0.67,1.0,0.0,,0.02,275.76,2.0
370-M4026207,APARTAMENTO,VENTA,20.16,71.86,2.0,2.0,623000.0,1.0,SANTA BARBARA,6,ENTRE 5 Y 10 ANOS,4.7,-74.05,USADO,,0,0,0,1,1,0,0,0,0,1,False,USAQUEN,SANTA BARBARA OCCIDENTAL,Pepe Sierra,1108.49,0,PARQUE METROPOLITANO EL COUNTRY,1033.7,0,0.28,,0.5,1.0,0.0,,0.03,269.86,1.0
10278-M2714265,APARTAMENTO,VENTA,21.29,207.0,3.0,4.0,861387.0,4.0,SANTA BARBARA,6,ENTRE 0 Y 5 ANOS,4.7,-74.05,USADO,,0,0,0,1,1,0,0,0,0,1,False,USAQUEN,SAN PATRICIO,Pepe Sierra,822.01,0,PARQUE METROPOLITANO EL COUNTRY,1330.34,0,0.1,,1.33,0.75,0.0,,0.01,87.2,3.0
2510-M4601997,APARTAMENTO,VENTA,19.19,39.65,2.0,1.0,1040000.0,0.0,CASTILLA MARSELLA,3,ENTRE 10 Y 20 ANOS,4.65,-74.14,USADO,,0,0,0,1,0,1,0,0,0,1,False,KENNEDY,CASTILLA REAL,Mandalay,1886.47,0,PARQUE VECINAL VILLA ALSACIA,290.44,1,0.48,,0.0,2.0,0.0,,0.05,952.37,0.0
5588-M4306952,APARTAMENTO,VENTA,20.99,278.0,3.0,3.0,500000.0,2.0,CHICO,6,MAS DE 20 ANOS,4.68,-74.06,USADO,,0,1,0,0,0,0,0,0,0,1,False,CHAPINERO,S.C. EL CHICO,Virrey,311.72,1,PARQUE VECINAL URBANIZACIÓN NORMANDIA I II II Y IV SECTOR,167.74,1,0.08,,0.67,1.0,0.0,,0.01,462.14,1.0
2456-M2784765,APARTAMENTO,VENTA,20.66,155.0,3.0,4.0,550000.0,2.0,COLINA Y ALREDEDORES,5,ENTRE 0 Y 5 ANOS,4.73,-74.07,USADO,,1,1,0,1,1,1,0,0,0,1,False,SUBA,URB. ATENAS,Gratamira,990.62,0,PARQUE VECINAL URBANIZACIÓN LA LAGUNA,1390.17,0,0.13,,0.67,0.75,0.0,,0.02,231.06,2.0
14179-M4464644,APARTAMENTO,VENTA,19.9,78.5,3.0,2.0,310000.0,1.0,ENGATIVA,3,ENTRE 0 Y 5 ANOS,4.7,-74.11,USADO,,0,0,0,1,1,1,0,0,0,1,False,ENGATIVA,PARIS FRANCIA,Carrera 90,148.75,1,PARQUE VECINAL FLORENCIA LOS TRONQUITOS AGRUPACIÓN DE VIVIENDA FLORENCIA II SECTOR,148.04,1,0.25,,0.33,1.5,0.0,,0.04,1060.21,0.0
14193-M4705717,APARTAMENTO,VENTA,19.83,64.0,2.0,2.0,505000.0,1.0,SANTA BARBARA,6,ENTRE 10 Y 20 ANOS,4.7,-74.04,USADO,,0,1,0,0,1,0,0,0,0,1,False,USAQUEN,SANTA BARBARA CENTRAL I Y II,Pepe Sierra,1526.73,0,PARQUE METROPOLITANO EL COUNTRY,1093.07,0,0.31,,0.5,1.0,0.0,,0.03,654.29,0.0
10307-M4434832,APARTAMENTO,VENTA,19.91,93.5,3.0,2.0,420000.0,2.0,COLINA Y ALREDEDORES,5,MAS DE 20 ANOS,4.73,-74.07,USADO,,0,0,0,0,1,1,0,0,0,1,False,SUBA,URB. LA ZERREZUELA,Gratamira,598.21,0,PARQUE ZONAL EL TOMILLAR,1153.3,0,0.21,,0.67,1.5,0.0,,0.03,482.5,1.0
2996-M3808093,APARTAMENTO,VENTA,20.91,158.0,3.0,3.0,745000.0,2.0,CHICO,6,MAS DE 20 ANOS,4.66,-74.05,USADO,,0,0,0,0,1,0,0,0,0,0,False,CHAPINERO,S.C. BELLAVISTA,Calle 72,1166.04,0,PARQUE ZONAL GUSTAVO URIBE BOTERO,526.83,0,0.13,,0.67,1.0,0.0,,0.02,423.33,1.0
3340-M3874279,APARTAMENTO,VENTA,19.92,60.0,1.0,2.0,526000.0,2.0,CHICO,6,ENTRE 5 Y 10 ANOS,4.68,-74.05,USADO,,0,1,0,1,1,0,0,0,0,0,False,CHAPINERO,S.C. CHICO NORTE III SECTOR,Calle 100 - Marketmedios,477.17,1,PARQUE VECINAL URBANIZACIÓN NORMANDIA I II II Y IV SECTOR,969.16,0,0.33,,2.0,0.5,0.0,,0.02,336.83,2.0
5586-M4730620,APARTAMENTO,VENTA,20.49,94.0,2.0,2.0,623000.0,2.0,CHICO,5,ENTRE 5 Y 10 ANOS,4.67,-74.06,USADO,,0,0,0,1,1,0,0,0,0,1,False,CHAPINERO,S.C. ANTIGUO COUNTRY,Calle 85,363.89,1,PARQUE METROPOLITANO RECONCILIACIÓN,289.61,1,0.22,,1.0,1.0,0.0,,0.02,272.19,3.0
14381-M4729478,APARTAMENTO,VENTA,19.91,76.0,3.0,2.0,400200.0,1.0,COLINA Y ALREDEDORES,4,REMODELADO,4.74,-74.06,USADO,,0,0,0,0,1,1,0,0,0,1,False,SUBA,MAZUREN,Mazurén,758.68,0,PARQUE VECINAL URBANIZACIÓN VICTORIA NORTE,340.81,1,0.26,,0.33,1.5,0.0,,0.04,1371.73,0.0
2996-M3085512,APARTAMENTO,VENTA,21.37,210.0,3.0,4.0,850000.0,3.0,COUNTRY,6,ENTRE 10 Y 20 ANOS,4.7,-74.03,USADO,,0,0,0,0,1,1,0,0,0,1,False,USAQUEN,RESERVAS DE LA SIERRA - LA ARBOLEDA,Calle 127,2995.67,0,PARQUE METROPOLITANO EL COUNTRY,1281.97,0,0.1,,1.0,0.75,0.0,,0.01,733.06,0.0
11203-M3889531,APARTAMENTO,VENTA,19.67,60.0,2.0,2.0,476000.0,1.0,CHAPINERO ALTO,4,REMODELADO,4.64,-74.06,USADO,,0,0,0,0,1,0,0,0,0,1,False,CHAPINERO,S.C. PARDO RUBIO,Marly,528.78,0,PARQUE METROPOLITANO PARQUE NACIONAL (PM2A) ENRIQUE OLAYA HERRERA (SECTOR HISTORICO),1382.91,0,0.33,,0.5,1.0,0.0,,0.03,623.88,0.0
512-M4238487,APARTAMENTO,VENTA,20.67,180.0,5.0,4.0,750000.0,3.0,NIZA ALHAMBRA,5,MAS DE 20 ANOS,4.69,-74.07,USADO,,0,1,0,1,1,1,0,0,0,1,False,SUBA,PUENTE LARGO SECTOR I Y II,Puentelargo,198.47,1,PARQUE ZONAL CANAL CORDOBA,835.35,0,0.11,,0.6,1.25,0.0,,0.03,689.69,0.0
156-M4083308,APARTAMENTO,VENTA,20.18,90.0,3.0,2.0,350000.0,2.0,COLINA Y ALREDEDORES,4,ENTRE 5 Y 10 ANOS,4.74,-74.07,USADO,,0,0,0,1,1,1,1,0,0,1,False,SUBA,EL CORTIJO (FINCA),21 Ángeles,1379.74,0,PARQUE ZONAL EL TOMILLAR,358.14,1,0.22,,0.67,1.5,0.0,,0.03,972.45,0.0
156-M3767755,APARTAMENTO,VENTA,20.18,82.73,3.0,2.0,430000.0,2.0,CEDRITOS,4,ENTRE 5 Y 10 ANOS,4.73,-74.04,USADO,,0,0,0,0,0,1,0,0,0,1,False,USAQUEN,LOS CEDRITOS,Calle 142,719.29,0,PARQUE VECINAL PRADO PINZÓN,1081.38,0,0.24,,0.67,1.5,0.0,,0.04,664.02,0.0
11252-M3222193,APARTAMENTO,VENTA,20.9,120.25,3.0,3.0,932000.0,2.0,CHICO,5,ENTRE 0 Y 5 ANOS,4.68,-74.05,USADO,,0,0,0,0,1,1,0,0,0,1,True,CHAPINERO,S.C. CHICO NORTE,Virrey,1251.63,0,PARQUE VECINAL URBANIZACIÓN LA CABRERA,745.71,0,0.17,,0.67,1.0,0.0,,0.02,79.79,2.0
10797-M4353877,APARTAMENTO,VENTA,20.55,120.0,2.0,4.0,748000.0,2.0,SANTA BARBARA,6,ENTRE 10 Y 20 ANOS,4.69,-74.06,USADO,,0,1,0,0,1,1,0,0,0,1,False,USAQUEN,SANTA BIBIANA,Calle 106,267.05,1,PARQUE VECINAL URBANIZACIÓN NORMANDIA I II II Y IV SECTOR,1551.72,0,0.17,,1.0,0.5,0.0,,0.02,789.36,0.0
3390-M4693433,APARTAMENTO,VENTA,20.97,185.0,3.0,4.0,1210000.0,2.0,COUNTRY,5,ENTRE 10 Y 20 ANOS,4.71,-74.05,USADO,,0,0,0,0,0,1,0,0,0,1,False,USAQUEN,LA CALLEJA,Calle 127,489.54,1,PARQUE ZONAL ATABANZA,856.85,0,0.11,,0.67,0.75,0.0,,0.02,156.13,5.0
2571-M4694116,APARTAMENTO,VENTA,20.2,86.0,3.0,2.0,495000.0,1.0,SANTA BARBARA,6,MAS DE 20 ANOS,4.69,-74.03,USADO,,0,0,0,0,1,1,0,0,0,1,False,USAQUEN,SANTA BARBARA ALTA,Calle 106,2510.75,0,PARQUE METROPOLITANO EL COUNTRY,1550.82,0,0.23,,0.33,1.5,0.0,,0.03,196.35,4.0
4070-M3641668,APARTAMENTO,VENTA,20.39,125.0,3.0,3.0,450000.0,2.0,NIZA ALHAMBRA,5,ENTRE 5 Y 10 ANOS,4.7,-74.07,USADO,,0,1,0,1,1,1,0,0,0,1,False,SUBA,LAGOS DE CORDOBA,Humedal Córdoba,298.19,1,PARQUE ZONAL CANAL CORDOBA,589.5,0,0.16,,0.67,1.0,0.0,,0.02,791.0,0.0
651-M4271049,APARTAMENTO,VENTA,20.53,146.0,3.0,5.0,750000.0,2.0,COUNTRY,5,ENTRE 10 Y 20 ANOS,4.72,-74.05,USADO,,0,1,0,1,1,1,0,0,0,1,False,USAQUEN,LA CALLEJA SANTACOLOMA,Prado,312.69,1,PARQUE ZONAL ATABANZA,1148.31,0,0.14,,0.67,0.6,0.0,,0.02,627.31,0.0
2996-M4134400,APARTAMENTO,VENTA,20.61,130.0,3.0,3.0,700000.0,2.0,SANTA BARBARA,5,ENTRE 10 Y 20 ANOS,4.7,-74.03,USADO,,0,0,0,0,1,1,0,0,0,0,False,USAQUEN,DELICIAS DEL CARMEN,Calle 127,3175.85,0,PARQUE METROPOLITANO EL COUNTRY,1440.57,0,0.16,,0.67,1.0,0.0,,0.02,981.14,0.0
79-M4651561,APARTAMENTO,VENTA,19.73,85.0,3.0,2.0,300000.0,1.0,CEDRITOS,4,ENTRE 10 Y 20 ANOS,4.74,-74.04,USADO,,0,1,0,0,0,1,0,0,0,1,False,USAQUEN,VILLAS DEL MEDITERRANEO,Calle 161,1411.37,0,PARQUE ZONAL LA VIDA,147.88,1,0.23,,0.33,1.5,0.0,,0.04,915.45,0.0
2996-M3392171,APARTAMENTO,VENTA,20.34,108.0,3.0,3.0,1018000.0,2.0,CHICO,5,REMODELADO,4.66,-74.05,USADO,,0,0,0,0,1,0,0,0,0,0,False,CHAPINERO,S.C. BELLAVISTA,Calle 76 - San Felipe,1151.7,0,PARQUE ZONAL SAN ANDRÉS,656.01,0,0.19,,0.67,1.0,0.0,,0.03,489.39,1.0
156-M4072045,APARTAMENTO,VENTA,19.28,55.0,3.0,2.0,140000.0,1.0,ALTOS DE SUBA Y CERROS DE SAN JORGE,3,ENTRE 10 Y 20 ANOS,4.74,-74.09,USADO,,0,0,0,0,0,1,0,0,0,1,False,SUBA,SUBA LINDA,Suba - TV. 91,190.51,1,PARQUE ZONAL BELLAVISTA DINDALITO,240.76,1,0.35,,0.33,1.5,0.0,,0.05,1417.71,0.0
4428-M4683504,APARTAMENTO,VENTA,21.82,277.0,3.0,4.0,2200000.0,3.0,SANTA BARBARA,6,MAS DE 20 ANOS,4.69,-74.03,USADO,,0,1,0,0,1,1,0,0,0,1,False,USAQUEN,CERROS DE SANTA BARBARA,Calle 106,3206.06,0,PARQUE METROPOLITANO EL COUNTRY,1996.93,0,0.08,,1.0,0.75,0.0,,0.01,575.98,0.0
5545-M3671841,APARTAMENTO,VENTA,20.16,74.0,2.0,2.0,620000.0,2.0,SANTA BARBARA,6,ENTRE 5 Y 10 ANOS,4.69,-74.05,USADO,,0,1,0,1,1,0,0,0,0,1,False,USAQUEN,SANTA BIBIANA,Calle 100 - Marketmedios,726.93,0,PARQUE VECINAL URBANIZACIÓN NORMANDIA I II II Y IV SECTOR,1274.13,0,0.27,,1.0,1.0,0.0,,0.03,304.43,2.0
2359-M3051093,APARTAMENTO,VENTA,21.52,281.0,3.0,4.0,1276000.0,3.0,COUNTRY,6,ENTRE 5 Y 10 ANOS,4.71,-74.03,USADO,,0,1,0,1,1,1,0,0,0,0,False,USAQUEN,BOSQUES DE MEDINA,Prado,3075.04,0,PARQUE METROPOLITANO EL COUNTRY,1577.53,0,0.08,,1.0,0.75,0.0,,0.01,773.37,0.0
2993-M4495876,APARTAMENTO,VENTA,20.95,221.0,4.0,5.0,1600000.0,2.0,COUNTRY,6,MAS DE 20 ANOS,4.71,-74.05,USADO,,1,1,0,0,1,0,0,0,0,1,False,USAQUEN,COUNTRY CLUB,Prado,680.91,0,PARQUE ZONAL ATABANZA,1259.2,0,0.09,,0.5,0.8,0.0,,0.02,782.94,0.0
2359-M3051198,APARTAMENTO,VENTA,20.99,180.0,3.0,4.0,1900000.0,2.0,SANTA BARBARA,6,ENTRE 0 Y 5 ANOS,4.7,-74.04,USADO,,0,0,0,0,0,0,0,0,0,0,False,USAQUEN,SANTA BARBARA OCCIDENTAL,Pepe Sierra,1160.91,0,PARQUE METROPOLITANO EL COUNTRY,911.57,0,0.12,,0.67,0.75,0.0,,0.02,352.61,1.0
651-M3551083,APARTAMENTO,VENTA,20.0,92.38,3.0,2.0,450000.0,1.0,CEDRITOS,4,REMODELADO,4.72,-74.03,USADO,,0,1,0,0,1,0,0,0,0,1,False,USAQUEN,ACACIAS USAQUEN,Calle 142,2028.67,0,PARQUE VECINAL NUEVA URBANIZACIÓN EL CEDRITO,133.72,1,0.22,,0.33,1.5,0.0,,0.03,618.53,0.0
2355-M3340855,APARTAMENTO,VENTA,20.56,130.83,2.0,3.0,1050000.0,2.0,COUNTRY,6,MAS DE 20 ANOS,4.7,-74.04,USADO,,0,1,0,0,1,1,0,0,0,1,False,USAQUEN,PLENITUD LA CALLEJA,Calle 127,1240.08,0,PARQUE METROPOLITANO EL COUNTRY,502.97,0,0.16,,1.0,0.67,0.0,,0.02,221.8,1.0
272-M4191074,APARTAMENTO,VENTA,20.25,127.26,3.0,3.0,775000.0,2.0,NIZA ALHAMBRA,5,ENTRE 10 Y 20 ANOS,4.71,-74.06,USADO,,0,1,0,0,1,1,0,0,0,1,False,SUBA,EL BATAN,Calle 127,422.17,1,PARQUE ZONAL ATABANZA,424.55,1,0.16,,0.67,1.0,0.0,,0.02,578.95,0.0
10312-M4462960,APARTAMENTO,VENTA,21.06,154.7,2.0,3.0,2030000.0,2.0,CHICO,6,ENTRE 10 Y 20 ANOS,4.68,-74.04,USADO,,0,1,0,0,1,1,0,0,0,1,False,CHAPINERO,S.C. CHICO NORTE,Virrey,1812.45,0,PARQUE VECINAL URBANIZACIÓN LA CABRERA,1091.39,0,0.14,,1.0,0.67,0.0,,0.01,570.94,0.0
156-M3741410,APARTAMENTO,VENTA,20.01,83.0,3.0,2.0,400000.0,1.0,CHAPINERO,4,ENTRE 10 Y 20 ANOS,4.65,-74.07,USADO,,0,0,0,0,1,0,0,0,0,1,False,TEUSAQUILLO,SAN LUIS,Campín - UAN,779.59,0,PARQUE ESCENARIO DEPORTIVO EL CAMPINCITO - CEAD,693.57,0,0.24,,0.33,1.5,0.0,,0.04,557.5,0.0
2748-M4081795,APARTAMENTO,VENTA,21.32,274.0,3.0,4.0,1300000.0,4.0,ALTOS DE SUBA Y CERROS DE SAN JORGE,6,ENTRE 5 Y 10 ANOS,4.73,-74.07,USADO,,0,1,0,1,1,1,1,0,0,1,False,SUBA,S C CASABLANCA SUBA,Gratamira,615.53,0,PARQUE ZONAL EL TOMILLAR,861.0,0,0.08,,1.33,0.75,0.0,,0.01,877.49,0.0
15453-M4080061,APARTAMENTO,VENTA,21.51,346.0,4.0,5.0,1500000.0,3.0,CHICO,6,REMODELADO,4.68,-74.05,USADO,,0,1,0,0,1,1,0,0,0,1,False,CHAPINERO,S.C. CHICO NORTE,Calle 100 - Marketmedios,689.63,0,PARQUE VECINAL URBANIZACIÓN NORMANDIA I II II Y IV SECTOR,735.41,0,0.06,,0.75,0.8,0.0,,0.01,168.08,3.0
2993-M4261181,APARTAMENTO,VENTA,20.71,132.0,3.0,4.0,900000.0,3.0,CHICO,6,ENTRE 10 Y 20 ANOS,4.67,-74.05,USADO,,0,1,0,1,1,0,0,0,0,1,False,CHAPINERO,S.C. EL CHICO,Calle 85,1555.11,0,PARQUE VECINAL URBANIZACIÓN LA CABRERA,495.07,1,0.16,,1.0,0.75,0.0,,0.02,453.71,1.0
10139-M3788784,APARTAMENTO,VENTA,20.67,137.0,3.0,3.0,854000.0,2.0,COUNTRY,6,ENTRE 5 Y 10 ANOS,4.71,-74.04,USADO,,0,1,0,1,1,1,0,0,0,1,False,USAQUEN,LA_CAROLINA,Calle 127,1368.88,0,PARQUE METROPOLITANO EL COUNTRY,468.74,1,0.15,,0.67,1.0,0.0,,0.02,420.35,1.0
3340-M3807655,APARTAMENTO,VENTA,21.64,382.0,5.0,5.0,1229000.0,4.0,COUNTRY,6,ENTRE 5 Y 10 ANOS,4.71,-74.03,USADO,,0,1,0,1,1,1,1,0,0,1,False,USAQUEN,BOSQUES DE MEDINA,Prado,2840.03,0,PARQUE METROPOLITANO EL COUNTRY,1386.06,0,0.06,,0.8,1.0,0.0,,0.01,539.63,0.0
675-M2596240,APARTAMENTO,VENTA,20.7,112.0,3.0,4.0,850000000.0,2.0,SANTA BARBARA,6,ENTRE 5 Y 10 ANOS,4.69,-74.04,USADO,,0,1,0,1,1,0,0,0,0,1,False,USAQUEN,SANTA BARBARA CENTRAL I Y II,Calle 106,1658.55,0,PARQUE METROPOLITANO EL COUNTRY,1467.32,0,0.18,,0.67,0.75,0.0,,0.03,451.89,1.0
15313-M4112432,APARTAMENTO,VENTA,19.81,88.0,4.0,3.0,100000.0,1.0,TIMIZA LA ALQUERIA,3,ENTRE 0 Y 5 ANOS,4.6,-74.13,USADO,,0,0,0,0,0,1,0,0,0,1,False,PUENTE ARANDA,AUTOPISTA SUR,NQS - Calle 38A S,633.63,0,PARQUE METROPOLITANO SANTA LUCIA,259.05,1,0.23,,0.25,1.33,0.0,,0.05,769.59,0.0
800-M4464267,APARTAMENTO,VENTA,19.89,95.0,3.0,2.0,317000.0,1.0,COUNTRY,4,MAS DE 20 ANOS,4.72,-74.03,USADO,,0,0,0,0,0,1,0,0,0,1,False,USAQUEN,CEDRITOS,Alcalá,2388.29,0,PARQUE VECINAL NUEVA URBANIZACIÓN EL CEDRITO,917.1,0,0.21,,0.33,1.5,0.0,,0.03,156.67,1.0
156-M4704706,APARTAMENTO,VENTA,19.01,55.0,3.0,2.0,145000.0,0.0,ALTOS DE SUBA Y CERROS DE SAN JORGE,3,ENTRE 10 Y 20 ANOS,4.75,-74.09,USADO,,0,0,0,0,0,1,0,0,0,1,False,SUBA,LOMBARDIA III,Portal Suba,555.37,0,PARQUE VECINAL URBANIZACIÓN VALLE DE REFOUS,584.03,0,0.35,,0.0,1.5,0.0,,0.05,295.37,1.0
800-M4464032,APARTAMENTO,VENTA,19.87,83.0,3.0,3.0,352000.0,1.0,CEDRITOS,4,MAS DE 20 ANOS,4.73,-74.05,USADO,,0,0,0,0,0,1,0,0,0,1,False,USAQUEN,LOS CEDRITOS,Calle 142,513.69,0,PARQUE VECINAL PRADO PINZÓN,891.44,0,0.24,,0.33,1.0,0.0,,0.04,807.39,0.0
10139-M4642661,APARTAMENTO,VENTA,21.09,173.0,3.0,4.0,1310000.0,2.0,CHICO,6,ENTRE 10 Y 20 ANOS,4.67,-74.04,USADO,,0,1,0,0,1,0,0,0,0,1,False,CHAPINERO,EL REFUGIO,Héroes - Gel´Hada,1723.35,0,PARQUE VECINAL URBANIZACIÓN LA CABRERA,684.78,0,0.12,,0.67,0.75,0.0,,0.02,661.58,0.0
10312-M3400974,APARTAMENTO,VENTA,21.12,187.0,3.0,5.0,1770000.0,2.0,CHICO,6,ENTRE 0 Y 5 ANOS,4.68,-74.04,USADO,,0,1,0,1,1,1,0,0,0,1,False,CHAPINERO,CHICO RESERVADO,Calle 100 - Marketmedios,1806.58,0,PARQUE VECINAL URBANIZACIÓN LA CABRERA,1184.9,0,0.11,,0.67,0.6,0.0,,0.02,441.21,2.0
2359-M4557526,APARTAMENTO,VENTA,20.62,106.0,3.0,3.0,580000.0,2.0,SANTA BARBARA,5,ENTRE 0 Y 5 ANOS,4.7,-74.03,USADO,,0,0,0,1,1,0,0,0,0,1,False,USAQUEN,SANTA BARBARA ORIENTAL,Calle 127,2543.78,0,PARQUE METROPOLITANO EL COUNTRY,897.38,0,0.19,,0.67,1.0,0.0,,0.03,391.53,1.0
482-M3910584,APARTAMENTO,VENTA,19.73,89.72,2.0,2.0,170000.0,1.0,CORTIJO AUTOPISTA MEDELLIN,3,MAS DE 20 ANOS,4.73,-74.12,USADO,,0,0,0,0,0,1,0,0,0,1,False,ENGATIVA,EL_CORTIJO,Portal 80,1934.6,0,PARQUE METROPOLITANO PLANTA DE TRATAMIENTO SALITRE,885.08,0,0.22,,0.5,1.0,0.0,,0.02,1763.76,0.0
156-M4332827,APARTAMENTO,VENTA,19.09,60.0,3.0,2.0,120000.0,1.0,ALTOS DE SUBA Y CERROS DE SAN JORGE,3,MAS DE 20 ANOS,4.74,-74.09,USADO,,0,0,0,0,0,1,0,0,0,1,False,SUBA,URB. EL BOSQUE DE SUBA,Suba - TV. 91,373.81,1,PARQUE ZONAL BELLAVISTA DINDALITO,458.41,1,0.32,,0.33,1.5,0.0,,0.05,1556.97,0.0
156-M4576758,APARTAMENTO,VENTA,20.34,125.0,3.0,2.0,400000.0,1.0,CEDRITOS,4,ENTRE 5 Y 10 ANOS,4.72,-74.04,USADO,,0,0,0,1,1,1,0,0,0,1,False,USAQUEN,CEDRITOS,Alcalá,1320.73,0,PARQUE VECINAL NUEVA URBANIZACIÓN EL CEDRITO,689.94,0,0.16,,0.33,1.5,0.0,,0.02,326.01,1.0
874-M2565407,APARTAMENTO,VENTA,21.51,318.0,5.0,5.0,2256000.0,3.0,COUNTRY,6,MAS DE 20 ANOS,4.72,-74.03,USADO,,0,0,0,0,0,1,0,0,0,0,False,USAQUEN,CIUDADELA REAL,Alcalá,2593.41,0,PARQUE VECINAL NUEVA URBANIZACIÓN EL CEDRITO,1004.62,0,0.07,,0.6,1.0,0.0,,0.02,74.99,1.0
11203-M4351601,APARTAMENTO,VENTA,20.83,160.0,3.0,3.0,1500000.0,2.0,CHICO,6,MAS DE 20 ANOS,4.67,-74.05,USADO,,0,1,0,0,1,1,0,0,0,1,False,CHAPINERO,S.C. EL CHICO,Virrey,887.56,0,PARQUE ZONAL CANAL EL VIRREY EL CHICO,240.1,1,0.13,,0.67,1.0,0.0,,0.02,272.06,4.0
10139-M2721303,APARTAMENTO,VENTA,20.58,160.0,4.0,3.0,700000.0,2.0,COUNTRY,4,ENTRE 10 Y 20 ANOS,4.72,-74.04,USADO,,0,1,0,1,1,1,0,0,0,1,False,USAQUEN,CEDRITOS,Alcalá,1210.01,0,PARQUE VECINAL NUEVA URBANIZACIÓN EL CEDRITO,811.68,0,0.13,,0.5,1.33,0.0,,0.02,377.43,1.0
11203-M4535703,APARTAMENTO,VENTA,20.61,127.86,2.0,3.0,943500.0,2.0,CHICO,6,ENTRE 5 Y 10 ANOS,4.68,-74.06,USADO,,0,0,0,0,1,0,0,0,0,1,False,CHAPINERO,S.C. CHICO NORTE,Virrey,498.32,1,PARQUE VECINAL URBANIZACIÓN NORMANDIA I II II Y IV SECTOR,384.52,1,0.16,,1.0,0.67,0.0,,0.02,292.23,2.0
2993-M2741930,APARTAMENTO,VENTA,21.31,266.0,4.0,5.0,1200000.0,4.0,SANTA BARBARA,6,ENTRE 5 Y 10 ANOS,4.69,-74.05,USADO,,0,1,0,1,1,0,0,0,0,1,False,USAQUEN,SANTA BIBIANA,Calle 106,243.24,1,PARQUE ZONAL CANAL CORDOBA,1627.82,0,0.08,,1.0,0.8,0.0,,0.02,636.02,0.0
11203-M3467060,APARTAMENTO,VENTA,21.19,248.0,4.0,4.0,1239000.0,3.0,CHICO,6,MAS DE 20 ANOS,4.65,-74.05,USADO,,1,1,0,1,1,1,1,0,0,1,False,CHAPINERO,S.C. BELLAVISTA,Calle 72,1450.34,0,PARQUE ZONAL GUSTAVO URIBE BOTERO,390.14,1,0.09,,0.75,1.0,0.0,,0.02,673.47,0.0
3325-M3112486,APARTAMENTO,VENTA,19.06,68.0,3.0,1.0,100000.0,0.0,ALTOS DE SUBA Y CERROS DE SAN JORGE,3,MAS DE 20 ANOS,4.75,-74.11,USADO,,0,0,0,0,0,1,0,0,0,1,False,SUBA,PARQUES DEL CAMPO,Portal Suba,1588.05,0,PARQUE ZONAL TIBABUYES,473.78,1,0.28,,0.0,3.0,0.0,,0.04,1447.58,0.0
374-M4559701,APARTAMENTO,VENTA,21.53,316.0,3.0,5.0,2400000.0,3.0,COUNTRY,6,MAS DE 20 ANOS,4.72,-74.03,USADO,,1,1,0,1,1,1,0,0,0,1,False,USAQUEN,MONTEARROYO,Alcalá,2769.83,0,PARQUE VECINAL NUEVA URBANIZACIÓN EL CEDRITO,1044.56,0,0.07,,1.0,0.6,0.0,,0.01,307.42,1.0
800-M3918312,APARTAMENTO,VENTA,20.39,100.0,3.0,3.0,590000.0,2.0,SANTA BARBARA,6,ENTRE 10 Y 20 ANOS,4.7,-74.04,USADO,,0,0,0,1,0,1,0,0,0,0,False,USAQUEN,SANTA BARBARA OCCIDENTAL,Pepe Sierra,1334.4,0,PARQUE METROPOLITANO EL COUNTRY,930.35,0,0.2,,0.67,1.0,0.0,,0.03,493.76,1.0
359-M4513591,APARTAMENTO,VENTA,19.67,65.0,1.0,2.0,147000.0,0.0,CENTRO Y ZONA COLONIAL,2,MAS DE 20 ANOS,4.6,-74.07,USADO,,0,0,0,0,0,1,0,0,0,0,False,CANDELARIA,S.C. EGIPTO,Museo del Oro,654.36,0,PARQUE VECINAL DESARROLLO LOURDES,858.98,0,0.3,,0.0,0.5,0.0,,0.02,200.14,1.0
2359-M4557617,APARTAMENTO,VENTA,20.93,161.0,3.0,4.0,1570000.0,2.0,SANTA BARBARA,5,ENTRE 10 Y 20 ANOS,4.7,-74.05,USADO,,0,1,0,1,1,0,0,0,0,1,False,USAQUEN,SANTA BARBARA OCCIDENTAL,Calle 127,828.29,0,PARQUE METROPOLITANO EL COUNTRY,919.62,0,0.13,,0.67,0.75,0.0,,0.02,555.99,0.0
11203-M4590130,APARTAMENTO,VENTA,20.35,68.0,1.0,2.0,790000.0,1.0,CHICO,5,ENTRE 0 Y 5 ANOS,4.67,-74.06,USADO,,0,0,0,0,1,0,0,0,0,1,False,CHAPINERO,S.C. ANTIGUO COUNTRY,Calle 85,209.1,1,PARQUE METROPOLITANO RECONCILIACIÓN,131.08,1,0.3,,1.0,0.5,0.0,,0.01,421.67,2.0
156-M4578875,APARTAMENTO,VENTA,19.88,57.0,3.0,2.0,169000.0,1.0,COLINA Y ALREDEDORES,5,ENTRE 5 Y 10 ANOS,4.73,-74.07,USADO,,0,0,0,1,1,1,1,0,0,1,False,SUBA,ATENAS - HIBERNIA,Gratamira,528.33,0,PARQUE ZONAL EL TOMILLAR,994.26,0,0.35,,0.33,1.5,0.0,,0.05,647.31,0.0
10139-M4084660,APARTAMENTO,VENTA,20.87,130.0,3.0,4.0,940000.0,2.0,SANTA BARBARA,6,ENTRE 0 Y 5 ANOS,4.7,-74.04,USADO,,0,1,0,1,1,1,0,0,0,1,False,USAQUEN,SANTA BARBARA OCCIDENTAL,Calle 127,1193.29,0,PARQUE METROPOLITANO EL COUNTRY,584.16,0,0.16,,0.67,0.75,0.0,,0.02,189.15,1.0
10139-M3728065,APARTAMENTO,VENTA,21.17,198.72,3.0,4.0,994000.0,3.0,COUNTRY,5,ENTRE 10 Y 20 ANOS,4.71,-74.03,USADO,,0,1,0,1,1,1,1,0,0,1,False,USAQUEN,GINEBRA NORTE,Prado,2636.53,0,PARQUE METROPOLITANO EL COUNTRY,1182.01,0,0.11,,1.0,0.75,0.0,,0.02,331.36,1.0
16556-M4725588,APARTAMENTO,VENTA,19.72,99.0,2.0,2.0,470000.0,1.0,CHAPINERO ALTO,4,ENTRE 10 Y 20 ANOS,4.64,-74.06,USADO,,0,0,0,0,1,0,0,0,0,0,False,CHAPINERO,S.C. LA SALLE,Calle 57,940.75,0,PARQUE ZONAL GUSTAVO URIBE BOTERO,958.19,0,0.2,,0.5,1.0,0.0,,0.02,953.55,0.0
2162-M4725371,APARTAMENTO,VENTA,21.59,310.0,4.0,5.0,1650000.0,4.0,COUNTRY,6,ENTRE 10 Y 20 ANOS,4.71,-74.03,USADO,,0,1,0,1,1,1,1,0,0,1,False,USAQUEN,GINEBRA,Prado,2762.64,0,PARQUE METROPOLITANO EL COUNTRY,1239.71,0,0.07,,1.0,0.8,0.0,,0.01,461.02,1.0
3340-M4681443,APARTAMENTO,VENTA,19.76,57.0,1.0,1.0,520000.0,1.0,COUNTRY,5,ENTRE 5 Y 10 ANOS,4.72,-74.03,USADO,,0,0,0,0,1,0,0,0,0,1,False,USAQUEN,LISBOA_,Alcalá,2147.11,0,PARQUE VECINAL NUEVA URBANIZACIÓN EL CEDRITO,848.59,0,0.35,,1.0,1.0,0.0,,0.02,383.3,2.0
5588-M4333857,APARTAMENTO,VENTA,20.82,186.0,3.0,3.0,1320000.0,1.0,CHICO,6,MAS DE 20 ANOS,4.65,-74.05,USADO,,0,1,0,0,0,0,0,0,0,1,False,CHAPINERO,S.C. BELLAVISTA,Flores – Areandina,1392.54,0,PARQUE ZONAL GUSTAVO URIBE BOTERO,327.69,1,0.11,,0.33,1.0,0.0,,0.02,599.12,0.0
2996-M3219224,APARTAMENTO,VENTA,20.2,94.0,3.0,3.0,490000.0,2.0,CEDRITOS,4,ENTRE 0 Y 5 ANOS,4.72,-74.04,USADO,,0,0,0,0,1,0,0,0,0,0,False,USAQUEN,CEDRITOS,Calle 142,1190.68,0,PARQUE VECINAL NUEVA URBANIZACIÓN EL CEDRITO,755.54,0,0.21,,0.67,1.0,0.0,,0.03,519.44,0.0
2672-M4576468,APARTAMENTO,VENTA,20.67,150.0,3.0,4.0,570000.0,2.0,NIZA ALHAMBRA,5,ENTRE 10 Y 20 ANOS,4.7,-74.07,USADO,,0,0,0,1,1,1,0,0,0,1,False,SUBA,LAGOS DE CORDOBA,Humedal Córdoba,323.46,1,PARQUE ZONAL CANAL CORDOBA,601.37,0,0.14,,0.67,0.75,0.0,,0.02,822.8,0.0
2162-M4144892,APARTAMENTO,VENTA,21.13,191.0,3.0,3.0,1835000.0,2.0,CHAPINERO ALTO,6,MAS DE 20 ANOS,4.65,-74.05,USADO,,0,1,0,0,1,1,0,0,0,1,False,CHAPINERO,S.C. LAS ACACIAS,Flores – Areandina,1443.4,0,PARQUE ZONAL GUSTAVO URIBE BOTERO,156.16,1,0.11,,0.67,1.0,0.0,,0.02,601.45,0.0
2238-M4105016,APARTAMENTO,VENTA,20.55,112.0,3.0,3.0,833000.0,2.0,SANTA BARBARA,6,MAS DE 20 ANOS,4.69,-74.04,USADO,,0,1,0,0,1,0,0,0,0,1,False,USAQUEN,RINCON DEL CHICO,Calle 100 - Marketmedios,1532.49,0,PARQUE ZONAL CANAL EL VIRREY EL CHICO,1766.71,0,0.18,,0.67,1.0,0.0,,0.03,471.34,1.0
675-M4332358,APARTAMENTO,VENTA,21.13,180.0,4.0,3.0,1033000.0,2.0,COUNTRY,5,ENTRE 10 Y 20 ANOS,4.7,-74.03,USADO,,0,1,0,0,1,0,0,0,0,1,False,USAQUEN,BELLA SUIZA,Calle 127,2446.63,0,PARQUE METROPOLITANO EL COUNTRY,703.94,0,0.12,,0.5,1.33,0.0,,0.02,693.72,0.0
3036-M2393773,APARTAMENTO,VENTA,19.77,87.0,3.0,3.0,380000.0,1.0,COUNTRY,5,MAS DE 20 ANOS,4.72,-74.04,USADO,,0,1,0,0,1,0,0,0,0,1,False,USAQUEN,EL CONTADOR,Alcalá,995.48,0,PARQUE VECINAL NUEVA URBANIZACIÓN EL CEDRITO,1248.38,0,0.23,,0.33,1.0,0.0,,0.03,512.68,0.0
3025-M4083039,APARTAMENTO,VENTA,20.35,75.0,3.0,3.0,547000.0,2.0,COUNTRY,5,ENTRE 5 Y 10 ANOS,4.71,-74.03,USADO,,0,0,0,1,1,1,0,0,0,1,False,USAQUEN,GINEBRA NORTE,Prado,2700.01,0,PARQUE METROPOLITANO EL COUNTRY,1106.82,0,0.27,,0.67,1.0,0.0,,0.04,434.39,1.0
2731-M4512847,APARTAMENTO,VENTA,20.25,76.54,2.0,3.0,492300.0,2.0,NIZA ALHAMBRA,5,ENTRE 0 Y 5 ANOS,4.7,-74.06,USADO,,0,0,0,1,1,0,0,0,0,1,False,SUBA,S.C. PASADENA,Calle 106,570.71,0,PARQUE ZONAL CANAL CORDOBA,848.87,0,0.26,,1.0,0.67,0.0,,0.03,917.09,0.0
3147-M4616066,APARTAMENTO,VENTA,20.21,82.0,2.0,3.0,615000.0,1.0,SANTA BARBARA,6,MAS DE 20 ANOS,4.7,-74.04,USADO,,0,0,0,0,1,0,0,0,0,0,False,USAQUEN,SANTA BARBARA OCCIDENTAL,Calle 127,1220.72,0,PARQUE METROPOLITANO EL COUNTRY,526.51,0,0.25,,0.5,0.67,0.0,,0.02,190.89,1.0
770-M3066743,APARTAMENTO,VENTA,20.61,95.0,2.0,3.0,580000.0,2.0,CHICO,6,ENTRE 5 Y 10 ANOS,4.68,-74.05,USADO,,0,0,0,1,1,1,0,0,0,1,False,CHAPINERO,CHICO RESERVADO II SECTOR,Calle 100 - Marketmedios,1242.51,0,PARQUE ZONAL CANAL EL VIRREY EL CHICO,1022.2,0,0.22,,1.0,0.67,0.0,,0.02,354.8,3.0
3147-M4515158,APARTAMENTO,VENTA,20.29,90.0,3.0,2.0,500000.0,1.0,NICOLAS DE FEDERMAN,5,ENTRE 5 Y 10 ANOS,4.65,-74.08,USADO,,0,0,0,0,1,0,0,0,0,0,False,TEUSAQUILLO,NICOLAS DE FEDERMAN,Movistar Arena,526.5,0,PARQUE ESCENARIO DEPORTIVO COMPLEJO ACUATICO,182.48,1,0.23,,0.33,1.5,0.0,,0.03,619.62,0.0
2195-4146,APARTAMENTO,VENTA,19.7,62.0,2.0,1.0,385000.0,1.0,CHAPINERO ALTO,4,MAS DE 20 ANOS,4.65,-74.05,USADO,,0,0,0,0,0,0,0,0,0,1,False,CHAPINERO,URB. LOMA DE LA CRUZ,Calle 63,1307.84,0,PARQUE ZONAL GUSTAVO URIBE BOTERO,310.65,1,0.32,,0.5,2.0,0.0,,0.03,566.82,0.0
651-M4416809,APARTAMENTO,VENTA,20.53,146.0,3.0,5.0,727000.0,2.0,COUNTRY,5,ENTRE 10 Y 20 ANOS,4.72,-74.05,USADO,,0,1,0,1,1,1,0,0,0,1,False,USAQUEN,LA CALLEJA SANTACOLOMA,Prado,413.56,1,PARQUE VECINAL PRADO PINZÓN,1241.57,0,0.14,,0.67,0.6,0.0,,0.02,545.52,0.0
2359-M3694626,APARTAMENTO,VENTA,21.09,238.0,3.0,3.0,1500000.0,3.0,COUNTRY,6,MAS DE 20 ANOS,4.71,-74.02,USADO,,0,0,0,0,1,1,0,0,0,1,False,USAQUEN,S.C. PARAMO_,Prado,3200.79,0,PARQUE VECINAL NUEVA URBANIZACIÓN EL CEDRITO,1755.79,0,0.09,,1.0,1.0,0.0,,0.01,773.52,0.0
2731-M4512819,APARTAMENTO,VENTA,19.7,53.0,2.0,2.0,341000.0,1.0,CHICO,6,REMODELADO,4.65,-74.05,USADO,,0,0,0,0,1,0,0,0,0,1,False,CHAPINERO,S.C. BELLAVISTA,Calle 72,1412.49,0,PARQUE ZONAL GUSTAVO URIBE BOTERO,371.15,1,0.37,,0.5,1.0,0.0,,0.04,636.35,0.0
990-M4557536,APARTAMENTO,VENTA,20.77,103.0,2.0,3.0,725000.0,2.0,CHICO,6,ENTRE 5 Y 10 ANOS,4.65,-74.05,USADO,,0,0,0,1,1,0,1,0,0,0,False,CHAPINERO,S.C. BELLAVISTA,Calle 72,1347.04,0,PARQUE ZONAL GUSTAVO URIBE BOTERO,351.05,1,0.2,,1.0,0.67,0.0,,0.02,575.5,0.0
5588-M4307025,APARTAMENTO,VENTA,21.59,273.0,3.0,4.0,1270000.0,3.0,CHICO,6,ENTRE 10 Y 20 ANOS,4.67,-74.05,USADO,,0,1,0,1,1,0,0,0,0,1,False,CHAPINERO,S.C. EL CHICO,Calle 85,1465.45,0,PARQUE VECINAL URBANIZACIÓN LA CABRERA,476.33,1,0.08,,1.0,0.75,0.0,,0.01,393.69,1.0
156-M4588750,APARTAMENTO,VENTA,19.64,75.0,3.0,2.0,145000.0,1.0,ALTOS DE SUBA Y CERROS DE SAN JORGE,3,ENTRE 5 Y 10 ANOS,4.75,-74.09,USADO,,0,0,0,1,1,1,0,0,0,1,False,SUBA,URB. BARANDILLAS DE SUBA,Portal Suba,793.56,0,PARQUE VECINAL URBANIZACIÓN VALLE DE REFOUS,789.89,0,0.26,,0.33,1.5,0.0,,0.04,518.61,0.0
12374-M4269139,APARTAMENTO,VENTA,19.89,41.0,1.0,2.0,3921395.93,1.0,CHAPINERO ALTO,3,ENTRE 0 Y 5 ANOS,4.65,-74.06,USADO,,1,0,0,1,1,1,0,0,0,1,True,CHAPINERO,S.C. CHAPINERO NORTE,Calle 63,658.2,0,PARQUE ZONAL GUSTAVO URIBE BOTERO,772.75,0,0.49,,1.0,0.5,0.0,,0.02,437.64,1.0
874-M4583489,APARTAMENTO,VENTA,21.81,284.0,3.0,4.0,1389000.0,3.0,CHICO,6,MAS DE 20 ANOS,4.67,-74.05,USADO,,0,0,0,0,0,0,0,0,0,0,False,CHAPINERO,LA CABRERA,Héroes - Gel´Hada,1285.88,0,PARQUE ZONAL SAN ANDRÉS,379.43,1,0.08,,1.0,0.75,0.0,,0.01,416.64,3.0
156-M4682593,APARTAMENTO,VENTA,19.43,74.0,3.0,2.0,235000.0,1.0,ALTOS DE SUBA Y CERROS DE SAN JORGE,4,MAS DE 20 ANOS,4.75,-74.08,USADO,,0,0,0,0,0,1,0,0,0,1,False,SUBA,CAMPANELLA,La Campiña,1204.34,0,PARQUE ZONAL CAMPO VERDE,627.19,0,0.26,,0.33,1.5,0.0,,0.04,1350.19,0.0
717-M2479627,APARTAMENTO,VENTA,20.29,97.0,3.0,3.0,265000.0,2.0,COLINA Y ALREDEDORES,6,ENTRE 0 Y 5 ANOS,4.74,-74.06,USADO,,0,1,0,1,1,1,0,0,0,1,False,SUBA,URB. VERSALLES,Mazurén,1419.39,0,PARQUE VECINAL DESARROLLO CANTALEJO URBANIZACIÓN CANTALEJO MANZANA B,519.48,0,0.21,,0.67,1.0,0.0,,0.03,971.21,0.0
16185-M4491919,APARTAMENTO,VENTA,20.05,59.0,2.0,2.0,208000.0,1.0,SALITRE MODELIA,4,ENTRE 0 Y 5 ANOS,4.66,-74.13,USADO,,0,0,0,1,1,1,1,0,0,1,False,FONTIBON,LA ESPERANZA_,Normandía,1520.2,0,PARQUE ZONAL CANAL BOYACA,753.88,0,0.34,,0.5,1.0,0.0,,0.03,591.37,0.0
3204-M4059550,APARTAMENTO,VENTA,21.72,301.0,3.0,5.0,2000000.0,3.0,CHICO,6,MAS DE 20 ANOS,4.66,-74.05,USADO,,0,1,0,0,1,0,0,0,0,1,False,CHAPINERO,LOS ROSALES,Calle 76 - San Felipe,1386.02,0,PARQUE ZONAL SAN ANDRÉS,639.03,0,0.07,,1.0,0.6,0.0,,0.01,782.02,0.0
2996-M3603916,APARTAMENTO,VENTA,19.55,72.0,2.0,2.0,3921395.93,1.0,COUNTRY,4,ENTRE 10 Y 20 ANOS,4.71,-74.04,USADO,,0,0,0,0,0,0,0,0,0,0,False,USAQUEN,LA_CAROLINA,Calle 127,1723.41,0,PARQUE METROPOLITANO EL COUNTRY,132.26,1,0.27,,0.5,1.0,0.0,,0.03,460.27,1.0
16350-M4573880,APARTAMENTO,VENTA,19.16,59.0,3.0,2.0,110000.0,0.0,KENNEDY,2,ENTRE 5 Y 10 ANOS,4.65,-74.16,USADO,,0,0,0,0,0,1,0,0,0,1,False,KENNEDY,TINTALA,Biblioteca Tintal,933.98,0,PARQUE VECINAL PRIMAVERA,415.7,1,0.32,,0.0,1.5,0.0,,0.05,3487.56,0.0
16350-M4574291,APARTAMENTO,VENTA,19.4,62.0,3.0,2.0,140000.0,0.0,CASTILLA MARSELLA,3,ENTRE 5 Y 10 ANOS,4.65,-74.14,USADO,,0,0,0,1,0,1,0,0,0,1,False,KENNEDY,CASTILLA REAL,Mandalay,1664.77,0,PARQUE VECINAL VILLA ALSACIA,362.08,1,0.31,,0.0,1.5,0.0,,0.05,1181.25,0.0
11203-M4042121,APARTAMENTO,VENTA,20.82,163.4,3.0,4.0,1195000.0,3.0,SANTA BARBARA,5,MAS DE 20 ANOS,4.7,-74.05,USADO,,0,1,0,0,1,0,0,0,0,1,False,USAQUEN,SANTA BARBARA OCCIDENTAL,Calle 127,286.43,1,PARQUE ZONAL ATABANZA,905.26,0,0.13,,1.0,0.75,0.0,,0.02,157.6,5.0
3222-M2415529,APARTAMENTO,VENTA,20.01,127.0,5.0,4.0,3921395.93,1.0,ANTONIO NARINO,3,ENTRE 5 Y 10 ANOS,4.58,-74.09,USADO,,0,0,0,0,0,0,0,0,0,0,False,ANTONIO NARINO,CIUDAD JARDIN DEL SUR,Ciudad Jardín - UAN,343.41,1,PARQUE ZONAL CIUDAD JARDIN,300.09,1,0.16,,0.2,1.25,0.0,,0.04,2229.5,0.0
2555-M4105856,APARTAMENTO,VENTA,20.13,145.0,2.0,3.0,930000.0,2.0,SANTA BARBARA,6,MAS DE 20 ANOS,4.7,-74.04,USADO,,0,1,0,0,0,1,0,0,0,1,False,USAQUEN,SANTA BARBARA CENTRAL III SECTOR,Pepe Sierra,2161.64,0,PARQUE METROPOLITANO EL COUNTRY,1009.02,0,0.14,,1.0,0.67,0.0,,0.01,423.78,1.0
668-M4569608,APARTAMENTO,VENTA,20.39,113.0,2.0,3.0,735000.0,2.0,COUNTRY,5,ENTRE 10 Y 20 ANOS,4.71,-74.03,USADO,,0,1,0,0,1,0,0,0,0,1,False,USAQUEN,BELLA SUIZA,Prado,2592.14,0,PARQUE METROPOLITANO EL COUNTRY,961.68,0,0.18,,1.0,0.67,0.0,,0.02,392.32,1.0
3147-M4514896,APARTAMENTO,VENTA,20.61,157.0,4.0,4.0,921000.0,2.0,SANTA BARBARA,6,MAS DE 20 ANOS,4.69,-74.05,USADO,,0,0,0,0,1,0,0,0,0,0,False,USAQUEN,SANTA BIBIANA,Calle 106,666.45,0,PARQUE VECINAL URBANIZACIÓN NORMANDIA I II II Y IV SECTOR,1372.52,0,0.13,,0.5,1.0,0.0,,0.03,525.45,0.0
2993-M3101813,APARTAMENTO,VENTA,21.02,160.0,3.0,5.0,1300000.0,3.0,SANTA BARBARA,6,ENTRE 5 Y 10 ANOS,4.7,-74.05,USADO,,1,0,0,0,1,0,0,0,0,1,False,USAQUEN,SANTA BARBARA OCCIDENTAL,Calle 127,871.08,0,PARQUE METROPOLITANO EL COUNTRY,875.28,0,0.13,,1.0,0.6,0.0,,0.02,515.55,0.0
2456-M2908016,APARTAMENTO,VENTA,20.91,202.0,3.0,5.0,600000.0,2.0,COLINA Y ALREDEDORES,5,ENTRE 5 Y 10 ANOS,4.74,-74.07,USADO,,1,1,0,1,1,1,1,0,0,1,False,SUBA,URB. COMPOSTELA,Gratamira,1563.39,0,PARQUE ZONAL EL TOMILLAR,874.99,0,0.1,,0.67,0.6,0.0,,0.01,568.55,0.0
3038-M3918718,APARTAMENTO,VENTA,19.86,94.0,3.0,2.0,270000.0,1.0,NIZA ALHAMBRA,4,ENTRE 10 Y 20 ANOS,4.71,-74.08,USADO,,0,1,0,0,1,1,0,0,0,1,True,SUBA,NIZA SUR,Humedal Córdoba,905.83,0,PARQUE METROPOLITANO CEFE COMETAS,866.68,0,0.21,,0.33,1.5,0.0,,0.03,1004.33,0.0
2456-M4086631,APARTAMENTO,VENTA,20.32,150.0,3.0,5.0,400000.0,2.0,COLINA Y ALREDEDORES,5,ENTRE 5 Y 10 ANOS,4.74,-74.06,USADO,,0,1,0,1,1,1,1,0,0,1,False,SUBA,URB. LA SIRENA,Mazurén,1704.02,0,PARQUE VECINAL DESARROLLO CANTALEJO URBANIZACIÓN CANTALEJO MANZANA B,800.56,0,0.14,,0.67,0.6,0.0,,0.02,763.3,0.0
2456-M4462272,APARTAMENTO,VENTA,20.51,142.0,3.0,4.0,650000.0,2.0,COLINA Y ALREDEDORES,4,ENTRE 10 Y 20 ANOS,4.72,-74.06,USADO,,0,1,0,1,1,1,1,0,0,1,False,SUBA,SAN RAFAEL NORTE,Alcalá,1002.06,0,PARQUE VECINAL PRADO PINZÓN,717.92,0,0.14,,0.67,0.75,0.0,,0.02,280.97,1.0
2359-M3316986,APARTAMENTO,VENTA,21.49,285.0,3.0,3.0,1500000.0,2.0,COUNTRY,6,ENTRE 5 Y 10 ANOS,4.71,-74.03,USADO,,1,0,0,0,0,1,0,0,0,1,False,USAQUEN,GINEBRA NORTE,Prado,2634.61,0,PARQUE METROPOLITANO EL COUNTRY,1230.35,0,0.08,,0.67,1.0,0.0,,0.01,336.68,1.0
359-M4466099,APARTAMENTO,VENTA,20.87,102.62,2.0,2.0,958000.0,2.0,SALITRE MODELIA,5,ENTRE 0 Y 5 ANOS,4.65,-74.11,USADO,,0,0,0,1,1,1,1,0,0,0,False,FONTIBON,CIUDAD SALITRE OCCIDENTAL,Salitre - El Greco,573.75,0,PARQUE ZONAL SAUZALITO,642.33,0,0.2,,1.0,1.0,0.0,,0.02,67.18,3.0
15936-M4548350,APARTAMENTO,VENTA,19.25,30.5,1.0,1.0,180000.0,0.0,CHAPINERO ALTO,4,ENTRE 0 Y 5 ANOS,4.64,-74.05,USADO,,0,0,0,1,1,1,0,0,0,1,False,CHAPINERO,LOS OLIVOS,Calle 63,1201.29,0,PARQUE ZONAL GUSTAVO URIBE BOTERO,743.42,0,0.63,,0.0,1.0,0.0,,0.03,868.33,0.0
14384-M4701274,APARTAMENTO,VENTA,21.22,203.0,3.0,3.0,10000.0,3.0,COUNTRY,6,ENTRE 10 Y 20 ANOS,4.71,-74.03,USADO,,0,0,0,0,1,1,0,0,0,1,False,USAQUEN,BOSQUES DE MEDINA,Prado,3073.7,0,PARQUE VECINAL NUEVA URBANIZACIÓN EL CEDRITO,1644.1,0,0.1,,1.0,1.0,0.0,,0.01,650.16,0.0
3604-M2621542,APARTAMENTO,VENTA,21.64,273.0,4.0,5.0,800000.0,3.0,SALITRE MODELIA,0,ENTRE 5 Y 10 ANOS,4.65,-74.11,USADO,,0,0,0,0,1,1,0,0,0,0,False,FONTIBON,CIUDAD SALITRE 3 A. ETAPA,El Tiempo - Maloka,771.29,0,PARQUE ZONAL SAUZALITO,398.58,1,0.08,,0.75,0.8,0.0,,0.01,187.62,3.0
2996-M4564364,APARTAMENTO,VENTA,20.7,187.0,3.0,4.0,786000.0,2.0,CERROS DE SUBA,6,ENTRE 10 Y 20 ANOS,4.73,-74.07,USADO,,0,1,0,1,0,1,0,0,0,0,False,SUBA,S.C. NIZA SUBA,Gratamira,257.38,1,PARQUE VECINAL AGRUPACIÓN DE VIVIENDA EN BALCON DE LINDARAJA,1258.75,0,0.11,,0.67,0.75,0.0,,0.02,1132.81,0.0
3553-M4553755,APARTAMENTO,VENTA,20.89,112.0,3.0,3.0,609000.0,2.0,CHAPINERO ALTO,4,ENTRE 10 Y 20 ANOS,4.64,-74.06,USADO,,0,1,0,1,1,1,0,0,0,1,False,CHAPINERO,PARDO RUBIO - ARBOS I,Marly,735.18,0,PARQUE ZONAL GUSTAVO URIBE BOTERO,1621.41,0,0.19,,0.67,1.0,0.0,,0.03,911.5,0.0
14384-M4701393,APARTAMENTO,VENTA,19.66,76.0,2.0,2.0,389000.0,1.0,COLINA Y ALREDEDORES,5,ENTRE 10 Y 20 ANOS,4.75,-74.06,USADO,,0,0,0,0,1,1,0,0,0,1,False,SUBA,BRITALIA SAN DIEGO,Toberin - Foundever,1217.28,0,PARQUE VECINAL DESARROLLO CANTALEJO URBANIZACIÓN CANTALEJO MANZANA B,605.76,0,0.26,,0.5,1.0,0.0,,0.03,1939.34,0.0
15936-M4294325,APARTAMENTO,VENTA,20.4,125.0,3.0,3.0,530000.0,2.0,COLINA Y ALREDEDORES,5,REMODELADO,4.73,-74.06,USADO,,0,1,0,1,1,1,0,0,0,1,False,SUBA,SANTA HELENA - PUERTA DE HIERRO LAS ACACIAS,Gratamira,1243.72,0,PARQUE VECINAL PRADO PINZÓN,1087.92,0,0.16,,0.67,1.0,0.0,,0.02,174.24,1.0
5395-M4417561,APARTAMENTO,VENTA,20.86,140.0,3.0,4.0,890000.0,2.0,SANTA BARBARA,6,ENTRE 5 Y 10 ANOS,4.69,-74.05,USADO,,0,1,0,1,1,0,0,0,0,1,False,USAQUEN,SAN PATRICIO,Calle 106,1108.55,0,PARQUE METROPOLITANO EL COUNTRY,1720.64,0,0.15,,0.67,0.75,0.0,,0.02,335.93,1.0
3894-M2192167,APARTAMENTO,VENTA,20.2,93.0,2.0,2.0,463000.0,1.0,CHICO,6,MAS DE 20 ANOS,4.68,-74.05,USADO,,0,0,0,0,1,0,0,0,0,1,False,CHAPINERO,S.C. CHICO NORTE,Calle 100 - Marketmedios,696.97,0,PARQUE VECINAL URBANIZACIÓN NORMANDIA I II II Y IV SECTOR,750.93,0,0.22,,0.5,1.0,0.0,,0.02,179.72,3.0
15942-M4515269,APARTAMENTO,VENTA,21.05,220.0,3.0,5.0,1400000.0,3.0,CHICO,6,MAS DE 20 ANOS,4.66,-74.05,USADO,,0,1,0,0,1,0,0,0,0,1,False,CHAPINERO,LOS ROSALES,Calle 72,1626.9,0,PARQUE ZONAL GUSTAVO URIBE BOTERO,816.5,0,0.1,,1.0,0.6,0.0,,0.01,877.21,0.0
3894-M4133448,APARTAMENTO,VENTA,19.86,80.0,4.0,2.0,50000.0,1.0,CASTILLA MARSELLA,3,MAS DE 20 ANOS,4.63,-74.15,USADO,,0,0,0,0,0,0,0,0,0,1,False,KENNEDY,URB. CATALINA,Transversal 86,334.35,1,PARQUE ZONAL CASTILLA,1149.74,0,0.25,,0.25,2.0,0.0,,0.05,2232.44,0.0
15573-M4417322,APARTAMENTO,VENTA,21.49,180.0,3.0,5.0,1500000.0,2.0,CHICO,6,ENTRE 10 Y 20 ANOS,4.66,-74.05,USADO,,0,1,0,1,1,1,0,0,0,1,False,CHAPINERO,LOS ROSALES,Calle 76 - San Felipe,1591.81,0,PARQUE ZONAL SAN ANDRÉS,785.57,0,0.12,,0.67,0.6,0.0,,0.02,958.07,0.0
2748-M2644644,APARTAMENTO,VENTA,20.44,105.0,3.0,2.0,480000.0,2.0,SANTA BARBARA,6,ENTRE 10 Y 20 ANOS,4.7,-74.04,USADO,,0,1,0,0,1,1,0,0,0,1,False,USAQUEN,SANTA BARBARA CENTRAL III SECTOR,Pepe Sierra,2188.23,0,PARQUE METROPOLITANO EL COUNTRY,924.39,0,0.19,,0.67,1.5,0.0,,0.03,380.19,1.0
2748-M4460335,APARTAMENTO,VENTA,21.42,287.0,3.0,4.0,1700000.0,3.0,CHICO,6,MAS DE 20 ANOS,4.66,-74.05,USADO,,0,1,0,0,1,0,0,0,0,1,False,CHAPINERO,LOS ROSALES,Calle 72,1374.09,0,PARQUE ZONAL SAN ANDRÉS,844.48,0,0.07,,1.0,0.75,0.0,,0.01,642.2,0.0
10046-M4689285,APARTAMENTO,VENTA,19.97,119.0,3.0,3.0,680000.0,1.0,NIZA ALHAMBRA,5,MAS DE 20 ANOS,4.69,-74.06,USADO,,0,1,0,0,1,1,0,0,0,1,False,SUBA,ESTORIL - CONJUNTO RESIDENCIAL TERUEL,Suba - Calle 95,556.53,0,PARQUE VECINAL URBANIZACIÓN NORMANDIA I II II Y IV SECTOR,1316.11,0,0.17,,0.33,1.0,0.0,,0.03,432.67,1.0
12933-M4731085,APARTAMENTO,VENTA,20.18,72.0,3.0,2.0,200000.0,1.0,SALITRE MODELIA,4,ENTRE 5 Y 10 ANOS,4.66,-74.12,USADO,,0,0,0,1,1,1,1,0,0,0,False,FONTIBON,LA ESPERANZA_,AV. Rojas,1273.09,0,PARQUE VECINAL CARLOS LLERAS (EL FUEGO),541.44,0,0.28,,0.33,1.5,0.0,,0.04,735.31,0.0
675-M2344382,APARTAMENTO,VENTA,21.13,260.0,4.0,5.0,1800000.0,3.0,CHICO,6,MAS DE 20 ANOS,4.68,-74.04,USADO,,0,1,0,1,1,1,0,0,0,1,False,CHAPINERO,SIERRAS DEL CHICO,Calle 100 - Marketmedios,2246.46,0,PARQUE VECINAL URBANIZACIÓN LA CABRERA,1691.13,0,0.08,,0.75,0.8,0.0,,0.02,373.23,1.0
156-M3767776,APARTAMENTO,VENTA,20.29,106.0,3.0,2.0,450000.0,2.0,CEDRITOS,4,ENTRE 5 Y 10 ANOS,4.72,-74.04,USADO,,0,1,0,0,1,1,0,0,0,1,False,USAQUEN,CEDRITOS,Alcalá,1378.17,0,PARQUE VECINAL NUEVA URBANIZACIÓN EL CEDRITO,635.28,0,0.19,,0.67,1.5,0.0,,0.03,287.16,1.0
14264-M4333555,APARTAMENTO,VENTA,21.19,298.0,4.0,4.0,1443400.0,2.0,COLINA Y ALREDEDORES,4,MAS DE 20 ANOS,4.72,-74.07,USADO,,0,0,0,0,0,1,0,0,0,0,False,SUBA,S.C. CIUDAD JARDIN NORTE,Suba - AV. Boyacá,231.41,1,PARQUE VECINAL AGRUPACIÓN DE VIVIENDA EN BALCON DE LINDARAJA,1129.47,0,0.07,,0.5,1.0,0.0,,0.01,1138.45,0.0
13674-M3156766,APARTAMENTO,VENTA,21.21,143.21,3.0,4.0,3921395.93,2.0,SANTA BARBARA,5,ENTRE 0 Y 5 ANOS,4.7,-74.05,USADO,,0,1,0,0,1,0,0,0,0,0,False,USAQUEN,SANTA BARBARA OCCIDENTAL,Pepe Sierra,411.05,1,PARQUE ZONAL ATABANZA,1330.88,0,0.15,,0.67,0.75,0.0,,0.02,384.81,2.0
898-M4064979,APARTAMENTO,VENTA,20.61,181.25,3.0,4.0,723000.0,1.0,CHAPINERO ALTO,4,MAS DE 20 ANOS,4.65,-74.06,USADO,,0,1,0,0,1,0,0,0,0,1,False,CHAPINERO,S.C. GRANADA,Flores – Areandina,966.0,0,PARQUE ZONAL GUSTAVO URIBE BOTERO,383.75,1,0.11,,0.33,0.75,0.0,,0.02,212.29,1.0
2359-M4677932,APARTAMENTO,VENTA,19.97,121.0,3.0,3.0,906000.0,2.0,NIZA ALHAMBRA,5,ENTRE 10 Y 20 ANOS,4.7,-74.06,USADO,,0,1,0,0,1,0,0,0,0,0,False,SUBA,EL BATAN,Calle 127,228.07,1,PARQUE ZONAL ATABANZA,754.62,0,0.17,,0.67,1.0,0.0,,0.02,376.09,3.0
11676-M4678776,APARTAMENTO,VENTA,20.44,84.0,2.0,3.0,917190.0,2.0,SANTA BARBARA,6,ENTRE 5 Y 10 ANOS,4.69,-74.05,USADO,,0,0,0,1,1,0,0,0,0,1,False,USAQUEN,SANTA BIBIANA,Calle 100 - Marketmedios,930.36,0,PARQUE VECINAL URBANIZACIÓN NORMANDIA I II II Y IV SECTOR,1416.48,0,0.24,,1.0,0.67,0.0,,0.02,288.94,2.0
16350-M4582965,APARTAMENTO,VENTA,19.64,60.0,3.0,2.0,428000.0,1.0,SANTA BARBARA,4,MAS DE 20 ANOS,4.7,-74.03,USADO,,0,1,0,1,1,1,0,0,0,1,False,USAQUEN,DELICIAS DEL CARMEN,Calle 127,3178.43,0,PARQUE METROPOLITANO EL COUNTRY,1435.54,0,0.33,,0.33,1.5,0.0,,0.05,991.58,0.0
11203-M3339691,APARTAMENTO,VENTA,20.55,123.0,3.0,4.0,1183000.0,2.0,CHICO,6,ENTRE 10 Y 20 ANOS,4.68,-74.05,USADO,,0,0,0,0,1,0,0,0,0,1,False,CHAPINERO,S.C. CHICO NORTE III SECTOR,Calle 100 - Marketmedios,343.65,1,PARQUE VECINAL URBANIZACIÓN NORMANDIA I II II Y IV SECTOR,880.23,0,0.17,,0.67,0.75,0.0,,0.02,374.44,2.0
2996-M4121578,APARTAMENTO,VENTA,19.79,76.0,3.0,2.0,420000.0,1.0,CEDRITOS,4,MAS DE 20 ANOS,4.72,-74.04,USADO,,0,0,0,0,1,1,0,0,0,0,False,USAQUEN,ACACIAS USAQUEN,Calle 142,1485.06,0,PARQUE VECINAL NUEVA URBANIZACIÓN EL CEDRITO,438.97,1,0.26,,0.33,1.5,0.0,,0.04,452.3,1.0
4969-M4568534,APARTAMENTO,VENTA,19.34,71.0,3.0,2.0,300000.0,1.0,COLINA Y ALREDEDORES,4,MAS DE 20 ANOS,4.73,-74.05,USADO,,0,0,0,0,0,0,0,0,0,0,False,SUBA,LA VICTORIA NORTE,Mazurén,484.52,1,PARQUE VECINAL URBANIZACIÓN LA LAGUNA,112.93,1,0.27,,0.33,1.5,0.0,,0.04,1436.43,0.0
12494-M4436817,APARTAMENTO,VENTA,21.79,220.0,3.0,5.0,900000.0,3.0,CHICO,6,ENTRE 5 Y 10 ANOS,4.68,-74.04,USADO,,0,0,0,1,1,1,0,0,0,1,False,CHAPINERO,CHICO RESERVADO,Calle 100 - Marketmedios,1758.78,0,PARQUE VECINAL URBANIZACIÓN LA CABRERA,1145.8,0,0.1,,1.0,0.6,0.0,,0.01,456.63,2.0
10082-M4456412,APARTAMENTO,VENTA,20.66,125.0,3.0,4.0,1397000.0,2.0,SANTA BARBARA,5,ENTRE 5 Y 10 ANOS,4.69,-74.05,USADO,,0,0,0,0,1,0,0,0,0,1,False,USAQUEN,RINCON DEL CHICO,Calle 106,1271.21,0,PARQUE VECINAL URBANIZACIÓN NORMANDIA I II II Y IV SECTOR,1862.54,0,0.17,,0.67,0.75,0.0,,0.02,568.23,0.0
465-M4465601,APARTAMENTO,VENTA,20.13,78.0,2.0,2.0,460000.0,2.0,CEDRITOS,4,ENTRE 5 Y 10 ANOS,4.73,-74.04,USADO,,0,0,0,1,1,1,1,0,0,1,False,USAQUEN,LOS CEDRITOS,Calle 142,872.13,0,PARQUE VECINAL NUEVA URBANIZACIÓN EL CEDRITO,1082.88,0,0.26,,1.0,1.0,0.0,,0.03,856.05,0.0
2456-M4462252,APARTAMENTO,VENTA,20.51,142.0,3.0,4.0,650000.0,2.0,COLINA Y ALREDEDORES,4,ENTRE 10 Y 20 ANOS,4.72,-74.06,USADO,,1,1,0,1,1,1,1,0,0,1,False,SUBA,SAN RAFAEL NORTE,Alcalá,1002.06,0,PARQUE VECINAL PRADO PINZÓN,717.92,0,0.14,,0.67,0.75,0.0,,0.02,280.97,1.0
12617-M4031463,APARTAMENTO,VENTA,20.68,197.0,3.0,3.0,1096000.0,2.0,CHICO,6,MAS DE 20 ANOS,4.68,-74.05,USADO,,0,1,0,0,1,0,0,0,0,1,False,CHAPINERO,S.C. CHICO NORTE,Virrey,1252.35,0,PARQUE ZONAL CANAL EL VIRREY EL CHICO,833.08,0,0.1,,0.67,1.0,0.0,,0.02,134.82,2.0
2238-M3068438,APARTAMENTO,VENTA,20.82,145.0,3.0,4.0,685000.0,2.0,SANTA BARBARA,6,ENTRE 5 Y 10 ANOS,4.7,-74.04,USADO,,0,1,0,1,1,0,0,0,0,1,False,USAQUEN,SANTA BARBARA OCCIDENTAL,Calle 127,1077.27,0,PARQUE METROPOLITANO EL COUNTRY,669.11,0,0.14,,0.67,0.75,0.0,,0.02,318.23,1.0
15573-M4417332,APARTAMENTO,VENTA,19.32,54.0,3.0,3.0,168000.0,1.0,ALTOS DE SUBA Y CERROS DE SAN JORGE,3,MAS DE 20 ANOS,4.75,-74.09,USADO,,0,0,0,0,1,1,0,0,0,1,False,SUBA,URB. EL ALCAZAR DE SUBA,La Campiña,645.92,0,PARQUE VECINAL URBANIZACIÓN VALLE DE REFOUS,388.85,1,0.36,,0.33,1.0,0.0,,0.06,913.27,0.0
14121-M4560929,APARTAMENTO,VENTA,19.54,44.97,1.0,2.0,316400.0,1.0,CHAPINERO ALTO,3,ENTRE 5 Y 10 ANOS,4.65,-74.06,USADO,,0,0,0,1,1,1,0,0,0,1,False,CHAPINERO,S.C. CHAPINERO CENTRAL,Calle 63,399.38,1,PARQUE ZONAL GUSTAVO URIBE BOTERO,1278.88,0,0.43,,1.0,0.5,0.0,,0.02,842.37,0.0
164-M4099358,APARTAMENTO,VENTA,20.21,108.81,3.0,3.0,330000.0,1.0,CHAPINERO ALTO,4,ENTRE 5 Y 10 ANOS,4.65,-74.06,USADO,,0,0,0,0,0,0,0,0,0,0,False,CHAPINERO,S.C. CHAPINERO NORTE,Flores – Areandina,414.13,1,PARQUE ZONAL GUSTAVO URIBE BOTERO,1019.44,0,0.19,,0.33,1.0,0.0,,0.03,208.72,1.0
523-M2909923,APARTAMENTO,VENTA,21.64,171.0,3.0,4.0,1400000.0,3.0,CHICO,6,ENTRE 0 Y 5 ANOS,4.67,-74.04,USADO,,0,0,0,1,1,1,0,0,0,1,False,CHAPINERO,S.C. EL CHICO,Calle 85,1679.15,0,PARQUE VECINAL URBANIZACIÓN LA CABRERA,631.69,0,0.13,,1.0,0.75,0.0,,0.02,571.82,0.0
800-M4027212,APARTAMENTO,VENTA,20.56,164.0,3.0,3.0,968000.0,2.0,COUNTRY,6,MAS DE 20 ANOS,4.71,-74.04,USADO,,0,1,0,0,0,1,0,0,0,1,False,USAQUEN,LA_CAROLINA,Calle 127,1385.37,0,PARQUE METROPOLITANO EL COUNTRY,395.35,1,0.13,,0.67,1.0,0.0,,0.02,321.07,1.0
3340-M4089412,APARTAMENTO,VENTA,21.19,228.0,3.0,3.0,1900000.0,4.0,SANTA BARBARA,6,ENTRE 5 Y 10 ANOS,4.69,-74.04,USADO,,0,0,0,1,1,0,0,0,0,1,False,USAQUEN,SANTA BARBARA CENTRAL I Y II,Pepe Sierra,1700.92,0,PARQUE METROPOLITANO EL COUNTRY,1183.03,0,0.09,,1.33,1.0,0.0,,0.01,529.8,0.0
5044-M2384387,APARTAMENTO,VENTA,21.28,182.0,3.0,5.0,850000.0,2.0,SANTA BARBARA,5,ENTRE 5 Y 10 ANOS,4.7,-74.03,USADO,,1,0,0,1,0,1,1,0,0,0,False,USAQUEN,BELLA SUIZA,Calle 127,2778.68,0,PARQUE METROPOLITANO EL COUNTRY,1035.71,0,0.12,,0.67,0.6,0.0,,0.02,758.91,0.0
3252-M2787284,APARTAMENTO,VENTA,20.99,174.0,3.0,3.0,820000.0,2.0,CHAPINERO ALTO,6,ENTRE 5 Y 10 ANOS,4.65,-74.05,USADO,,0,0,0,0,1,0,0,0,0,1,False,CHAPINERO,S.C. LAS ACACIAS,Calle 63,1390.05,0,PARQUE ZONAL GUSTAVO URIBE BOTERO,257.44,1,0.12,,0.67,1.0,0.0,,0.02,589.17,0.0
3774-M3067803,APARTAMENTO,VENTA,21.16,191.0,3.0,4.0,938000.0,2.0,CEDRITOS,6,ENTRE 10 Y 20 ANOS,4.72,-74.03,USADO,,0,1,0,1,1,1,0,0,0,1,False,USAQUEN,SIERRAS DEL MORAL,Calle 142,2924.23,0,PARQUE VECINAL NUEVA URBANIZACIÓN EL CEDRITO,1017.34,0,0.11,,0.67,0.75,0.0,,0.02,674.74,0.0
44-M3204307,APARTAMENTO,VENTA,20.79,194.0,4.0,4.0,840500.0,4.0,COUNTRY,5,MAS DE 20 ANOS,4.72,-74.05,USADO,,0,1,0,1,1,1,0,0,0,0,False,USAQUEN,URB. SANTACOLOMA,Prado,215.51,1,PARQUE ZONAL ATABANZA,1063.55,0,0.11,,1.0,1.0,0.0,,0.02,695.6,0.0
717-M2384567,APARTAMENTO,VENTA,21.16,200.0,3.0,5.0,900000.0,3.0,CHICO,6,ENTRE 10 Y 20 ANOS,4.68,-74.04,USADO,,0,1,0,1,1,0,0,0,0,1,False,CHAPINERO,SIERRAS DEL CHICO,Virrey,2081.21,0,PARQUE VECINAL URBANIZACIÓN LA CABRERA,1343.55,0,0.11,,1.0,0.6,0.0,,0.02,472.81,1.0
14264-M4399800,APARTAMENTO,VENTA,19.29,61.0,3.0,2.0,62000.0,0.0,RAFAEL URIBE URIBE TUNJUELITO,2,ENTRE 5 Y 10 ANOS,4.57,-74.13,USADO,,0,0,0,0,0,1,0,0,0,1,False,TUNJUELITO,SAN CARLOS,Biblioteca,265.63,1,PARQUE METROPOLITANO CEFE EL TUNAL,936.22,0,0.32,,0.0,1.5,0.0,,0.05,1100.75,0.0
2571-M4448661,APARTAMENTO,VENTA,19.74,42.0,1.0,1.0,336000.0,1.0,CHICO,5,MAS DE 20 ANOS,4.66,-74.06,USADO,,0,0,0,0,1,1,0,0,0,1,False,CHAPINERO,S.C. PORCIUNCULA,Calle 72,588.91,0,PARQUE ZONAL SAN ANDRÉS,925.72,0,0.47,,1.0,1.0,0.0,,0.02,142.66,4.0
2592-M4603318,APARTAMENTO,VENTA,20.29,91.0,3.0,3.0,830000.0,2.0,SANTA BARBARA,5,ENTRE 5 Y 10 ANOS,4.7,-74.05,USADO,,0,0,0,1,1,1,0,0,0,0,False,USAQUEN,SANTA BARBARA OCCIDENTAL,Pepe Sierra,440.12,1,PARQUE ZONAL ATABANZA,1178.55,0,0.22,,0.67,1.0,0.0,,0.03,515.5,0.0
2359-M2825706,APARTAMENTO,VENTA,20.86,220.0,3.0,4.0,1100000.0,2.0,SANTA BARBARA,6,MAS DE 20 ANOS,4.7,-74.04,USADO,,0,0,0,0,1,0,0,0,0,0,False,USAQUEN,SANTA BARBARA CENTRAL I SECTOR,Pepe Sierra,1894.41,0,PARQUE METROPOLITANO EL COUNTRY,642.31,0,0.09,,0.67,0.75,0.0,,0.01,624.54,0.0
2510-M4079930,APARTAMENTO,VENTA,19.25,52.14,2.0,2.0,100000.0,1.0,CORTIJO AUTOPISTA MEDELLIN,3,ENTRE 0 Y 5 ANOS,4.71,-74.1,USADO,,0,0,0,0,0,0,0,0,0,1,False,ENGATIVA,LOS_CEREZOS,AV. Cali,590.25,0,PARQUE ZONAL JUAN AMARILLO,544.57,0,0.37,,0.5,1.0,0.0,,0.04,1535.28,0.0
11676-M4678808,APARTAMENTO,VENTA,21.13,190.0,3.0,4.0,3921395.93,2.0,CHICO,6,ENTRE 10 Y 20 ANOS,4.67,-74.05,USADO,,0,0,0,0,1,0,0,0,0,1,False,CHAPINERO,S.C. EL RETIRO,Héroes - Gel´Hada,1500.91,0,PARQUE ZONAL SAN ANDRÉS,543.9,0,0.11,,0.67,0.75,0.0,,0.02,632.95,0.0
10312-M4130393,APARTAMENTO,VENTA,21.41,232.0,3.0,3.0,1500000.0,3.0,CHICO,6,MAS DE 20 ANOS,4.68,-74.05,USADO,,0,1,0,0,1,1,0,0,0,1,False,CHAPINERO,S.C. CHICO NORTE,Virrey,1447.27,0,PARQUE VECINAL URBANIZACIÓN LA CABRERA,742.93,0,0.09,,1.0,1.0,0.0,,0.01,307.85,1.0
11312-M4523017,APARTAMENTO,VENTA,21.68,331.0,3.0,5.0,2400000.0,3.0,CHICO,6,MAS DE 20 ANOS,4.67,-74.04,USADO,,0,1,0,0,1,1,0,0,0,1,False,CHAPINERO,CHICO ALTO,Calle 85,1870.05,0,PARQUE VECINAL URBANIZACIÓN LA CABRERA,810.6,0,0.07,,1.0,0.6,0.0,,0.01,764.57,0.0
668-M3579814,APARTAMENTO,VENTA,20.91,140.0,2.0,3.0,1000000.0,2.0,CHICO,6,MAS DE 20 ANOS,4.65,-74.05,USADO,,0,1,0,0,1,0,0,0,0,1,False,CHAPINERO,S.C. INGEMAR ORIENTAL,Flores – Areandina,1861.43,0,PARQUE ZONAL GUSTAVO URIBE BOTERO,569.17,0,0.15,,1.0,0.67,0.0,,0.01,1019.4,0.0
9859-M2678957,APARTAMENTO,VENTA,20.6,125.0,3.0,4.0,780000.0,2.0,COUNTRY,6,ENTRE 5 Y 10 ANOS,4.7,-74.04,USADO,,0,1,0,1,1,1,0,0,0,1,False,USAQUEN,LA_CAROLINA,Calle 127,1630.09,0,PARQUE METROPOLITANO EL COUNTRY,118.06,1,0.16,,0.67,0.75,0.0,,0.02,330.55,1.0
12359-M3856894,APARTAMENTO,VENTA,21.13,244.0,3.0,3.0,1000000.0,2.0,SANTA BARBARA,6,ENTRE 10 Y 20 ANOS,4.69,-74.04,USADO,,0,0,0,0,1,1,0,0,0,1,False,USAQUEN,SANTA BARBARA CENTRAL I Y II,Calle 106,1323.21,0,PARQUE METROPOLITANO EL COUNTRY,1397.4,0,0.09,,0.67,1.0,0.0,,0.01,379.49,1.0
533-M4741649,APARTAMENTO,VENTA,20.09,70.0,1.0,1.0,490000.0,1.0,CHICO,6,REMODELADO,4.68,-74.06,USADO,,0,1,0,1,1,0,0,0,0,1,False,CHAPINERO,S.C. CHICO NORTE III SECTOR,Calle 100 - Marketmedios,319.0,1,PARQUE VECINAL URBANIZACIÓN NORMANDIA I II II Y IV SECTOR,638.46,0,0.29,,1.0,1.0,0.0,,0.01,214.5,1.0
11203-M3794250,APARTAMENTO,VENTA,20.63,89.18,2.0,3.0,618000.0,2.0,COUNTRY,6,ENTRE 0 Y 5 ANOS,4.72,-74.04,USADO,,0,0,0,1,1,1,0,0,0,1,True,USAQUEN,NUEVO COUNTRY,Alcalá,1084.75,0,PARQUE VECINAL NUEVA URBANIZACIÓN EL CEDRITO,1189.73,0,0.23,,1.0,0.67,0.0,,0.02,597.41,0.0
15996-M4713736,APARTAMENTO,VENTA,20.5,140.0,2.0,3.0,840000.0,2.0,COUNTRY,5,MAS DE 20 ANOS,4.7,-74.03,USADO,,0,1,0,0,1,0,0,0,0,1,False,USAQUEN,BELLA SUIZA,Calle 127,2555.64,0,PARQUE METROPOLITANO EL COUNTRY,815.17,0,0.15,,1.0,0.67,0.0,,0.01,605.86,0.0
533-M4741642,APARTAMENTO,VENTA,20.86,138.0,3.0,4.0,700000.0,2.0,SALITRE MODELIA,5,ENTRE 5 Y 10 ANOS,4.66,-74.11,USADO,,0,1,0,1,1,1,0,0,0,1,False,FONTIBON,LA ESPERANZA NORTE,AV. Rojas,557.36,0,PARQUE ZONAL CANAL BOYACA,570.5,0,0.15,,0.67,0.75,0.0,,0.02,752.27,0.0
898-M3887609,APARTAMENTO,VENTA,20.05,100.0,3.0,3.0,504000.0,1.0,SANTA BARBARA,6,MAS DE 20 ANOS,4.7,-74.04,USADO,,0,1,0,0,0,1,0,0,0,1,False,USAQUEN,SANTA BARBARA NORTE,Calle 127,1792.37,0,PARQUE METROPOLITANO EL COUNTRY,404.93,1,0.2,,0.33,1.0,0.0,,0.03,440.94,1.0
3702-M4658903,APARTAMENTO,VENTA,20.26,75.0,2.0,3.0,625788.0,2.0,NIZA ALHAMBRA,5,ENTRE 0 Y 5 ANOS,4.69,-74.06,USADO,,0,0,0,1,1,0,0,0,0,1,False,SUBA,S.C. ESTORIL,Suba - Calle 100,475.79,1,PARQUE ZONAL CANAL CORDOBA,1330.31,0,0.27,,1.0,0.67,0.0,,0.03,420.49,1.0
171-M4516729,APARTAMENTO,VENTA,21.47,285.0,3.0,5.0,1568000.0,3.0,CHICO,6,MAS DE 20 ANOS,4.67,-74.05,USADO,,0,1,0,0,1,0,0,0,0,1,False,CHAPINERO,LA CABRERA,Héroes - Gel´Hada,1129.71,0,PARQUE VECINAL URBANIZACIÓN LA CABRERA,179.49,1,0.08,,1.0,0.6,0.0,,0.01,244.79,4.0
2993-M4261655,APARTAMENTO,VENTA,20.56,124.0,3.0,3.0,480000.0,2.0,ALTOS DE SUBA Y CERROS DE SAN JORGE,6,ENTRE 5 Y 10 ANOS,4.76,-74.07,USADO,,0,0,0,1,1,1,1,0,0,1,False,SUBA,S.C. CASABLANCA SUBA,Portal Norte,2288.91,0,PARQUE ZONAL SAN JOSÉ DE BAVARIA,366.56,1,0.17,,0.67,1.0,0.0,,0.02,2480.54,0.0
675-M4657522,APARTAMENTO,VENTA,19.97,94.0,3.0,2.0,460000.0,2.0,COLINA Y ALREDEDORES,5,ENTRE 10 Y 20 ANOS,4.72,-74.06,USADO,,0,1,0,1,1,0,0,0,0,1,False,SUBA,URB. IBERIA III SECTOR,Suba - AV. Boyacá,1132.91,0,PARQUE VECINAL PRADO PINZÓN,1326.96,0,0.21,,0.67,1.5,0.0,,0.03,349.69,1.0
512-M4089972,APARTAMENTO,VENTA,20.62,120.0,3.0,3.0,700000.0,1.0,SALITRE MODELIA,4,ENTRE 10 Y 20 ANOS,4.64,-74.1,USADO,,0,1,0,1,1,1,0,0,0,1,False,TEUSAQUILLO,CIUDAD SALITRE - URB. INDUSTRIAL LOS CAMBULOS,CAN,939.7,0,PARQUE METROPOLITANO PARQUE CENTRAL SIMÓN BOLÍVAR,944.14,0,0.17,,0.33,1.0,0.0,,0.02,668.29,0.0
16428-M4630696,APARTAMENTO,VENTA,20.05,90.0,3.0,3.0,460000.0,1.0,COLINA Y ALREDEDORES,4,ENTRE 5 Y 10 ANOS,4.74,-74.06,USADO,,0,0,0,1,1,1,0,0,0,1,False,SUBA,URB. CARIMAGUA II,Calle 161,1313.73,0,PARQUE VECINAL DESARROLLO CANTALEJO URBANIZACIÓN CANTALEJO MANZANA B,275.9,1,0.22,,0.33,1.0,0.0,,0.03,1237.33,0.0
2996-M2529690,APARTAMENTO,VENTA,21.19,206.0,3.0,2.0,1400000.0,2.0,CHICO,6,REMODELADO,4.66,-74.05,USADO,,0,0,0,0,1,0,0,0,0,0,False,CHAPINERO,LOS ROSALES,Calle 76 - San Felipe,1669.41,0,PARQUE ZONAL SAN ANDRÉS,888.46,0,0.1,,0.67,1.5,0.0,,0.01,990.33,0.0
10797-M3814201,APARTAMENTO,VENTA,20.49,150.0,3.0,5.0,650000.0,2.0,COUNTRY,6,ENTRE 10 Y 20 ANOS,4.71,-74.04,USADO,,0,1,0,0,1,1,0,0,0,1,False,USAQUEN,COUNTRY CLUB,Prado,1354.53,0,PARQUE METROPOLITANO EL COUNTRY,645.45,0,0.14,,0.67,0.6,0.0,,0.02,714.81,0.0
4566-M3035081,APARTAMENTO,VENTA,21.06,120.0,4.0,5.0,3800000.0,4.0,CHAPINERO ALTO,6,MAS DE 20 ANOS,4.65,-74.06,USADO,,0,0,0,0,0,1,0,0,0,0,False,CHAPINERO,S.C. EMAUS,Flores – Areandina,898.19,0,PARQUE ZONAL GUSTAVO URIBE BOTERO,403.11,1,0.18,,1.0,0.8,0.0,,0.03,92.67,1.0
13055-M4619138,APARTAMENTO,VENTA,21.02,150.0,3.0,4.0,1640000.0,3.0,CHICO,6,ENTRE 5 Y 10 ANOS,4.66,-74.05,USADO,,0,1,0,1,1,0,0,0,0,1,False,CHAPINERO,LOS ROSALES,Calle 72,1624.62,0,PARQUE ZONAL SAN ANDRÉS,928.92,0,0.14,,1.0,0.75,0.0,,0.02,894.71,0.0
16409-M4616188,APARTAMENTO,VENTA,19.78,54.16,2.0,2.0,3921395.93,1.0,COLINA Y ALREDEDORES,3,ENTRE 0 Y 5 ANOS,4.71,-74.06,USADO,,0,0,0,0,1,0,0,0,0,1,False,SUBA,PRADO SUR,Niza - Calle 127,1053.32,0,PARQUE ZONAL ATABANZA,663.23,0,0.37,,0.5,1.0,0.0,,0.04,998.11,0.0
3858-M4613928,APARTAMENTO,VENTA,21.13,160.0,3.0,4.0,1000000.0,2.0,CHICO,6,ENTRE 10 Y 20 ANOS,4.67,-74.05,USADO,,0,1,0,0,1,1,0,0,0,1,False,CHAPINERO,LA CABRERA,Calle 85,930.81,0,PARQUE VECINAL URBANIZACIÓN LA CABRERA,182.46,1,0.13,,0.67,0.75,0.0,,0.02,256.68,5.0
3553-M4515139,APARTAMENTO,VENTA,19.67,74.0,3.0,2.0,213000.0,0.0,ENGATIVA,3,MAS DE 20 ANOS,4.67,-74.09,USADO,,0,0,0,0,0,1,0,0,0,1,False,ENGATIVA,ESTRADITA CIUDAD DE HONDA,Carrera 53,1997.13,0,PARQUE VECINAL URBANIZACIÓN CIUDAD HONDA,165.58,1,0.27,,0.0,1.5,0.0,,0.04,426.84,1.0
16409-M4616183,APARTAMENTO,VENTA,19.35,40.78,1.0,1.0,3921395.93,1.0,COLINA Y ALREDEDORES,3,ENTRE 0 Y 5 ANOS,4.71,-74.06,USADO,,0,0,0,0,1,0,0,0,0,1,False,SUBA,PRADO SUR,Niza - Calle 127,1053.32,0,PARQUE ZONAL ATABANZA,663.23,0,0.47,,1.0,1.0,0.0,,0.02,998.11,0.0
16177-M4658291,APARTAMENTO,VENTA,20.82,300.0,3.0,5.0,1000000.0,2.0,COUNTRY,6,MAS DE 20 ANOS,4.7,-74.04,USADO,,0,1,0,0,1,0,0,0,0,1,False,USAQUEN,LA_CAROLINA,Calle 127,1488.9,0,PARQUE METROPOLITANO EL COUNTRY,255.82,1,0.07,,0.67,0.6,0.0,,0.01,231.5,1.0
11698-M4509682,APARTAMENTO,VENTA,20.29,100.0,3.0,2.0,470000.0,1.0,COLINA Y ALREDEDORES,4,REMODELADO,4.74,-74.06,USADO,,0,0,0,1,1,1,1,0,0,1,False,SUBA,S.C. GILMAR - LA SIRENA (PREDIO),Calle 161,1869.79,0,PARQUE VECINAL DESARROLLO CANTALEJO URBANIZACIÓN CANTALEJO MANZANA B,805.01,0,0.2,,0.33,1.5,0.0,,0.03,1238.57,0.0
11633-M4147715,APARTAMENTO,VENTA,21.02,184.0,4.0,5.0,1000000.0,2.0,CHICO,6,MAS DE 20 ANOS,4.67,-74.05,USADO,,0,1,0,0,1,0,0,0,0,1,False,CHAPINERO,LA CABRERA,Calle 85,1256.48,0,PARQUE VECINAL URBANIZACIÓN LA CABRERA,201.61,1,0.11,,0.5,0.8,0.0,,0.02,151.96,1.0
2501-M4147240,APARTAMENTO,VENTA,20.26,114.5,2.0,3.0,587000.0,1.0,SANTA BARBARA,6,MAS DE 20 ANOS,4.7,-74.05,USADO,,0,1,0,0,1,0,0,0,0,1,False,USAQUEN,SAN PATRICIO,Pepe Sierra,247.53,1,PARQUE ZONAL ATABANZA,1251.37,0,0.18,,0.5,0.67,0.0,,0.02,480.61,1.0
3491-M4556281,APARTAMENTO,VENTA,19.92,88.8,2.0,2.0,420000.0,1.0,CHAPINERO ALTO,4,MAS DE 20 ANOS,4.64,-74.06,USADO,,0,0,0,0,1,1,0,0,0,1,False,CHAPINERO,S.C. BOSQUE CALDERON,Calle 57,592.78,0,PARQUE ZONAL GUSTAVO URIBE BOTERO,1403.46,0,0.22,,0.5,1.0,0.0,,0.02,1122.58,0.0
12364-M2805523,APARTAMENTO,VENTA,20.56,220.0,3.0,3.0,932000.0,2.0,SANTA BARBARA,6,MAS DE 20 ANOS,4.69,-74.04,USADO,,0,1,0,0,1,0,0,0,0,1,False,USAQUEN,SANTA BARBARA CENTRAL II SECTOR,Pepe Sierra,1916.86,0,PARQUE METROPOLITANO EL COUNTRY,1208.38,0,0.09,,0.67,1.0,0.0,,0.01,376.96,1.0
44-M4023124,APARTAMENTO,VENTA,21.48,268.0,3.0,5.0,1550000.0,3.0,CHICO,6,MAS DE 20 ANOS,4.67,-74.05,USADO,,0,0,0,1,0,1,0,0,0,0,False,CHAPINERO,S.C. EL CHICO,Virrey,1049.71,0,PARQUE VECINAL URBANIZACIÓN LA CABRERA,302.61,1,0.08,,1.0,0.6,0.0,,0.01,237.91,4.0
523-M4602728,APARTAMENTO,VENTA,21.12,150.0,3.0,4.0,1500000.0,2.0,SANTA BARBARA,6,ENTRE 0 Y 5 ANOS,4.7,-74.04,USADO,,0,1,0,1,0,1,0,0,0,1,True,USAQUEN,SANTA BARBARA OCCIDENTAL,Calle 127,1158.01,0,PARQUE METROPOLITANO EL COUNTRY,709.3,0,0.14,,0.67,0.75,0.0,,0.02,299.61,1.0
11633-M4442843,APARTAMENTO,VENTA,19.89,82.0,2.0,2.0,390000.0,1.0,SANTA BARBARA,6,MAS DE 20 ANOS,4.69,-74.05,USADO,,0,0,0,0,0,0,0,0,0,1,False,USAQUEN,SANTA BIBIANA,Calle 106,641.04,0,PARQUE METROPOLITANO EL COUNTRY,1871.84,0,0.24,,0.5,1.0,0.0,,0.02,346.99,2.0
10312-M3286833,APARTAMENTO,VENTA,21.34,275.0,3.0,4.0,1363000.0,2.0,COUNTRY,6,ENTRE 10 Y 20 ANOS,4.71,-74.03,USADO,,1,1,0,1,1,1,0,0,0,1,False,USAQUEN,GINEBRA,Prado,2720.28,0,PARQUE VECINAL NUEVA URBANIZACIÓN EL CEDRITO,1329.45,0,0.08,,0.67,0.75,0.0,,0.01,317.22,1.0
10797-M3813657,APARTAMENTO,VENTA,20.37,108.0,3.0,2.0,608000.0,2.0,COUNTRY,6,REMODELADO,4.7,-74.04,USADO,,0,1,0,0,1,1,0,0,0,1,False,USAQUEN,LA_CAROLINA,Calle 127,1489.48,0,PARQUE METROPOLITANO EL COUNTRY,258.47,1,0.19,,0.67,1.5,0.0,,0.03,248.11,1.0
14558-M3735453,APARTAMENTO,VENTA,20.52,158.0,3.0,3.0,580000.0,2.0,SANTA BARBARA,6,ENTRE 10 Y 20 ANOS,4.69,-74.04,USADO,,0,1,0,0,1,1,0,0,0,1,False,USAQUEN,RINCON DEL CHICO,Calle 106,1498.89,0,PARQUE ZONAL CANAL EL VIRREY EL CHICO,1804.97,0,0.13,,0.67,1.0,0.0,,0.02,536.31,0.0
2355-M3553374,APARTAMENTO,VENTA,20.59,126.27,3.0,3.0,839000.0,2.0,SANTA BARBARA,6,ENTRE 10 Y 20 ANOS,4.69,-74.05,USADO,,0,1,0,1,1,1,0,0,0,1,False,USAQUEN,SANTA BIBIANA,Calle 106,641.07,0,PARQUE VECINAL URBANIZACIÓN NORMANDIA I II II Y IV SECTOR,1490.12,0,0.16,,0.67,1.0,0.0,,0.02,584.03,0.0
708-M2882302,APARTAMENTO,VENTA,20.5,118.0,3.0,3.0,620000.0,2.0,SANTA BARBARA,6,ENTRE 10 Y 20 ANOS,4.7,-74.05,USADO,,0,0,0,1,1,1,0,0,0,1,False,USAQUEN,SANTA BARBARA OCCIDENTAL,Calle 127,395.42,1,PARQUE ZONAL ATABANZA,1058.31,0,0.17,,0.67,1.0,0.0,,0.03,366.89,3.0
3204-M3600860,APARTAMENTO,VENTA,21.56,270.0,3.0,4.0,860000.0,3.0,CHICO,6,ENTRE 0 Y 5 ANOS,4.66,-74.05,USADO,,0,1,0,0,1,0,0,0,0,1,False,CHAPINERO,LOS ROSALES,Calle 72,1331.33,0,PARQUE ZONAL GUSTAVO URIBE BOTERO,819.23,0,0.08,,1.0,0.75,0.0,,0.01,595.27,0.0
4698-M3164330,APARTAMENTO,VENTA,20.98,215.0,4.0,4.0,1490000.0,3.0,SANTA BARBARA,5,ENTRE 10 Y 20 ANOS,4.7,-74.05,USADO,,0,1,0,0,0,0,0,0,0,1,False,USAQUEN,SANTA BARBARA OCCIDENTAL,Pepe Sierra,744.51,0,PARQUE METROPOLITANO EL COUNTRY,1294.3,0,0.1,,0.75,1.0,0.0,,0.02,127.32,2.0
10797-M3454520,APARTAMENTO,VENTA,20.95,180.0,3.0,5.0,1200000.0,2.0,COUNTRY,6,ENTRE 10 Y 20 ANOS,4.71,-74.04,USADO,,1,1,0,1,1,1,0,0,0,1,False,USAQUEN,LA_CAROLINA,Calle 127,1824.56,0,PARQUE METROPOLITANO EL COUNTRY,292.05,1,0.12,,0.67,0.6,0.0,,0.02,628.16,0.0
10797-M3847538,APARTAMENTO,VENTA,20.71,145.0,3.0,4.0,619000.0,2.0,COUNTRY,6,ENTRE 5 Y 10 ANOS,4.71,-74.04,USADO,,0,0,0,1,1,1,0,0,0,1,False,USAQUEN,LA_CAROLINA,Calle 127,1482.55,0,PARQUE METROPOLITANO EL COUNTRY,322.97,1,0.14,,0.67,0.75,0.0,,0.02,361.2,1.0
2996-M3857308,APARTAMENTO,VENTA,20.99,200.0,3.0,5.0,2000000.0,2.0,CHICO,6,ENTRE 10 Y 20 ANOS,4.67,-74.05,USADO,,0,0,0,0,1,0,0,0,0,0,False,CHAPINERO,S.C. CHICO NORTE,Virrey,1181.47,0,PARQUE VECINAL URBANIZACIÓN LA CABRERA,479.22,1,0.1,,0.67,0.6,0.0,,0.02,301.72,3.0
668-M4618324,APARTAMENTO,VENTA,20.72,150.0,2.0,2.0,1500000.0,3.0,CHICO,6,MAS DE 20 ANOS,4.67,-74.05,USADO,,0,1,0,0,1,0,0,0,0,1,False,CHAPINERO,S.C. CHICO NORTE,Virrey,1355.8,0,PARQUE VECINAL URBANIZACIÓN LA CABRERA,550.06,0,0.14,,1.5,1.0,0.0,,0.01,359.62,2.0
2996-M3071460,APARTAMENTO,VENTA,19.67,49.0,1.0,2.0,343600.0,1.0,SANTA BARBARA,6,ENTRE 10 Y 20 ANOS,4.69,-74.05,USADO,,0,0,0,0,1,1,0,0,0,0,False,USAQUEN,SANTA BIBIANA,Calle 106,629.54,0,PARQUE VECINAL URBANIZACIÓN NORMANDIA I II II Y IV SECTOR,1814.36,0,0.4,,1.0,0.5,0.0,,0.02,421.79,2.0
668-M4618173,APARTAMENTO,VENTA,21.31,180.0,3.0,3.0,1300000.0,2.0,CHICO,6,MAS DE 20 ANOS,4.68,-74.05,USADO,,0,1,0,0,1,0,0,0,0,1,False,CHAPINERO,S.C. CHICO NORTE,Virrey,1252.35,0,PARQUE ZONAL CANAL EL VIRREY EL CHICO,833.08,0,0.12,,0.67,1.0,0.0,,0.02,134.82,2.0
2238-M3579306,APARTAMENTO,VENTA,20.62,142.0,4.0,3.0,900000.0,2.0,SANTA BARBARA,6,MAS DE 20 ANOS,4.7,-74.04,USADO,,0,0,0,0,1,0,0,0,0,1,False,USAQUEN,SANTA BARBARA CENTRAL III SECTOR,Pepe Sierra,2188.29,0,PARQUE METROPOLITANO EL COUNTRY,825.17,0,0.15,,0.5,1.33,0.0,,0.03,396.22,1.0
2996-M2646385,APARTAMENTO,VENTA,20.51,109.0,3.0,3.0,700000.0,2.0,CHICO,0,ENTRE 5 Y 10 ANOS,4.67,-74.05,USADO,,0,0,0,0,1,1,0,0,0,0,False,CHAPINERO,S.C. ESPARTILLAL,Héroes - Gel´Hada,704.41,0,PARQUE ZONAL SAN ANDRÉS,286.27,1,0.19,,0.67,1.0,0.0,,0.03,145.24,5.0
2821-M4512816,APARTAMENTO,VENTA,21.07,110.0,2.0,3.0,3921395.93,2.0,SALITRE MODELIA,4,ENTRE 0 Y 5 ANOS,4.65,-74.11,USADO,,0,0,0,1,1,1,0,0,0,1,False,FONTIBON,CIUDAD SALITRE OCCIDENTAL,Salitre - El Greco,573.75,0,PARQUE ZONAL SAUZALITO,642.33,0,0.19,,1.0,0.67,0.0,,0.02,67.18,3.0
2359-M4203962,APARTAMENTO,VENTA,20.03,52.0,1.0,1.0,511000.0,2.0,CHICO,6,ENTRE 0 Y 5 ANOS,4.66,-74.05,USADO,,0,1,0,0,1,0,0,0,0,0,False,CHAPINERO,LOS ROSALES,Calle 72,1572.59,0,PARQUE ZONAL GUSTAVO URIBE BOTERO,836.04,0,0.39,,2.0,1.0,0.0,,0.02,826.2,0.0
3038-M3920582,APARTAMENTO,VENTA,21.19,160.0,1.0,3.0,1200000.0,3.0,CHICO,6,ENTRE 10 Y 20 ANOS,4.67,-74.05,USADO,,0,1,0,0,1,1,0,0,0,1,False,CHAPINERO,S.C. CHICO NORTE,Virrey,1430.54,0,PARQUE VECINAL URBANIZACIÓN LA CABRERA,709.57,0,0.13,,3.0,0.33,0.0,,0.01,309.52,1.0
5044-M2358392,APARTAMENTO,VENTA,20.5,142.0,4.0,4.0,800000.0,2.0,CHICO,5,MAS DE 20 ANOS,4.68,-74.05,USADO,,0,0,0,0,0,1,0,0,0,0,False,CHAPINERO,S.C. CHICO NORTE III SECTOR,Calle 100 - Marketmedios,936.67,0,PARQUE ZONAL CANAL EL VIRREY EL CHICO,1201.59,0,0.14,,0.5,1.0,0.0,,0.03,128.89,2.0
450-M4087796,APARTAMENTO,VENTA,19.92,93.0,2.0,2.0,380000.0,1.0,SALITRE MODELIA,4,ENTRE 5 Y 10 ANOS,4.67,-74.13,USADO,,0,0,0,0,1,1,0,0,0,1,False,FONTIBON,MODELIA OCCIDENTAL,Modelia,1291.27,0,PARQUE VECINAL MODELIA SECTOR A,663.56,0,0.21,,0.5,1.0,0.0,,0.02,656.63,0.0
3036-M4459806,APARTAMENTO,VENTA,20.35,115.0,3.0,3.0,304000.0,2.0,COLINA Y ALREDEDORES,4,ENTRE 5 Y 10 ANOS,4.72,-74.06,USADO,,0,1,0,1,1,1,0,0,0,1,False,SUBA,SAN RAFAEL NORTE,Alcalá,1034.24,0,PARQUE VECINAL PRADO PINZÓN,813.52,0,0.18,,0.67,1.0,0.0,,0.03,189.12,1.0
2587-M4517422,APARTAMENTO,VENTA,20.99,158.72,3.0,4.0,1237058.0,2.0,SANTA BARBARA,6,REMODELADO,4.69,-74.05,USADO,,0,1,0,0,0,1,0,0,0,1,False,USAQUEN,SAN PATRICIO,Calle 106,1014.0,0,PARQUE METROPOLITANO EL COUNTRY,1594.21,0,0.13,,0.67,0.75,0.0,,0.02,125.72,2.0
2147-M4581692,APARTAMENTO,VENTA,21.19,230.0,3.0,3.0,3921395.93,2.0,CHICO,6,MAS DE 20 ANOS,4.66,-74.05,USADO,,0,1,0,0,1,1,0,0,0,1,False,CHAPINERO,S.C. EL NOGAL,Calle 76 - San Felipe,1153.05,0,PARQUE ZONAL SAN ANDRÉS,223.51,1,0.09,,0.67,1.0,0.0,,0.01,414.55,2.0
252-M3068186,APARTAMENTO,VENTA,19.99,93.0,3.0,4.0,544000.0,2.0,COUNTRY,5,MAS DE 20 ANOS,4.71,-74.05,USADO,,0,0,0,0,1,1,0,0,0,1,False,USAQUEN,,Prado,343.54,1,PARQUE ZONAL ATABANZA,1097.75,0,0.21,,0.67,0.75,0.0,,0.03,750.43,0.0
5044-M2411677,APARTAMENTO,VENTA,20.67,223.0,5.0,4.0,500000.0,2.0,CHAPINERO ALTO,4,ENTRE 10 Y 20 ANOS,4.64,-74.06,USADO,,0,0,0,0,1,0,0,0,0,0,False,CHAPINERO,S.C. MARLY,Marly,412.47,1,PARQUE METROPOLITANO PARQUE NACIONAL (PM2A) ENRIQUE OLAYA HERRERA (SECTOR HISTORICO),1193.12,0,0.09,,0.4,1.25,0.0,,0.02,387.78,1.0
2536-M4657569,APARTAMENTO,VENTA,19.6,30.0,1.0,1.0,300000.0,1.0,CENTRO INTERNACIONAL,3,ENTRE 0 Y 5 ANOS,4.62,-74.07,USADO,,0,0,0,1,1,1,1,0,0,1,False,SANTA FE,SAN_MARTIN,Museo Nacional,395.61,1,PARQUE METROPOLITANO INDEPENDENCIA BICENTENARIO,633.77,0,0.65,,1.0,1.0,0.0,,0.03,303.48,4.0
15573-M4115636,APARTAMENTO,VENTA,19.5,57.0,3.0,2.0,302000.0,1.0,ALTOS DE SUBA Y CERROS DE SAN JORGE,4,ENTRE 5 Y 10 ANOS,4.75,-74.09,USADO,,0,0,0,1,1,1,0,0,0,1,False,SUBA,URB. MAITRELLA,Portal Suba,604.8,0,PARQUE VECINAL URBANIZACIÓN VALLE DE REFOUS,198.82,1,0.34,,0.33,1.5,0.0,,0.05,723.01,0.0
800-M4298919,APARTAMENTO,VENTA,19.98,88.0,3.0,2.0,387000.0,1.0,COLINA Y ALREDEDORES,5,MAS DE 20 ANOS,4.73,-74.06,USADO,,0,0,0,0,0,1,0,0,0,1,False,SUBA,SANTA HELENA - PUERTA DE HIERRO LAS ACACIAS,Gratamira,1160.84,0,PARQUE VECINAL PRADO PINZÓN,1177.69,0,0.23,,0.33,1.5,0.0,,0.03,101.9,1.0
2731-M4200474,APARTAMENTO,VENTA,20.19,100.4,3.0,3.0,746000.0,2.0,NIZA ALHAMBRA,5,ENTRE 5 Y 10 ANOS,4.7,-74.06,USADO,,0,1,0,0,1,1,0,0,0,1,False,SUBA,EL BATAN,Calle 127,686.07,0,PARQUE ZONAL ATABANZA,575.73,0,0.2,,0.67,1.0,0.0,,0.03,852.1,0.0
2147-M4436007,APARTAMENTO,VENTA,20.25,100.88,2.0,4.0,800000.0,2.0,SANTA BARBARA,6,ENTRE 10 Y 20 ANOS,4.7,-74.03,USADO,,0,0,0,0,1,1,0,0,0,0,False,USAQUEN,SANTA BARBARA CENTRAL IV SECTOR,Calle 127,2224.87,0,PARQUE METROPOLITANO EL COUNTRY,686.19,0,0.2,,1.0,0.5,0.0,,0.02,446.46,1.0
2748-M4079820,APARTAMENTO,VENTA,20.52,132.0,3.0,3.0,480000.0,2.0,COLINA Y ALREDEDORES,5,ENTRE 0 Y 5 ANOS,4.74,-74.05,USADO,,0,0,0,1,1,1,1,0,0,1,False,SUBA,CAMPOS DE SILENCIO,Calle 161,766.77,0,PARQUE VECINAL DESARROLLO CANTALEJO URBANIZACIÓN CANTALEJO MANZANA B,299.79,1,0.16,,0.67,1.0,0.0,,0.02,1697.09,0.0
754-M4659213,APARTAMENTO,VENTA,20.91,174.0,3.0,3.0,1707000.0,3.0,CHICO,6,MAS DE 20 ANOS,4.68,-74.05,USADO,,0,1,0,0,1,1,0,0,0,1,False,CHAPINERO,S.C. CHICO NORTE III SECTOR,Calle 100 - Marketmedios,597.62,0,PARQUE VECINAL URBANIZACIÓN NORMANDIA I II II Y IV SECTOR,717.26,0,0.12,,1.0,1.0,0.0,,0.02,99.11,2.0
800-M4603666,APARTAMENTO,VENTA,19.7,82.0,3.0,2.0,322300.0,1.0,COUNTRY,5,REMODELADO,4.72,-74.05,USADO,,0,0,0,0,1,1,0,0,0,0,False,USAQUEN,LA CALLEJA SANTACOLOMA,Prado,540.26,0,PARQUE VECINAL PRADO PINZÓN,1213.36,0,0.24,,0.33,1.5,0.0,,0.04,427.53,1.0
4969-M3847612,APARTAMENTO,VENTA,20.25,106.0,3.0,2.0,310000.0,1.0,SALITRE MODELIA,4,ENTRE 10 Y 20 ANOS,4.66,-74.12,USADO,,0,0,0,0,1,1,0,0,0,1,False,FONTIBON,MODELIA,Normandía,732.92,0,PARQUE ZONAL CANAL BOYACA,312.89,1,0.19,,0.33,1.5,0.0,,0.03,562.95,0.0
2238-M3364522,APARTAMENTO,VENTA,20.95,210.0,3.0,5.0,1500000.0,3.0,CHICO,6,MAS DE 20 ANOS,4.66,-74.05,USADO,,0,1,0,0,0,0,0,0,0,1,False,CHAPINERO,S.C. BELLAVISTA,Calle 72,1161.69,0,PARQUE ZONAL GUSTAVO URIBE BOTERO,653.42,0,0.1,,1.0,0.6,0.0,,0.01,409.84,1.0
16449-M4661975,APARTAMENTO,VENTA,20.45,102.0,2.0,3.0,977000.0,2.0,CHICO,6,MAS DE 20 ANOS,4.67,-74.05,USADO,,0,0,0,0,1,0,0,0,0,1,False,CHAPINERO,S.C. EL CHICO,Virrey,976.48,0,PARQUE ZONAL CANAL EL VIRREY EL CHICO,390.81,1,0.2,,1.0,0.67,0.0,,0.02,299.66,4.0
3271-M4463699,APARTAMENTO,VENTA,20.5,162.0,3.0,4.0,1300000.0,2.0,CHICO,6,MAS DE 20 ANOS,4.68,-74.05,USADO,,0,1,0,0,1,0,0,0,0,1,False,CHAPINERO,S.C. CHICO NORTE III SECTOR,Calle 100 - Marketmedios,551.11,0,PARQUE VECINAL URBANIZACIÓN NORMANDIA I II II Y IV SECTOR,856.4,0,0.13,,0.67,0.75,0.0,,0.02,236.39,2.0
3036-M4150010,APARTAMENTO,VENTA,19.75,84.5,3.0,2.0,152000.0,1.0,CEDRITOS,4,MAS DE 20 ANOS,4.73,-74.03,USADO,,0,1,0,0,0,1,0,0,0,1,False,USAQUEN,CEDRO SALAZAR,Calle 146,2301.87,0,PARQUE ZONAL ALTA BLANCA,607.81,0,0.23,,0.33,1.5,0.0,,0.04,401.28,1.0
3074-M4706532,APARTAMENTO,VENTA,19.78,93.0,3.0,2.0,656000.0,2.0,COUNTRY,4,MAS DE 20 ANOS,4.72,-74.03,USADO,,0,1,0,0,1,1,0,0,0,1,False,USAQUEN,CEDRITOS,Alcalá,2287.6,0,PARQUE VECINAL NUEVA URBANIZACIÓN EL CEDRITO,744.36,0,0.21,,0.67,1.5,0.0,,0.03,291.88,1.0
252-M4466724,APARTAMENTO,VENTA,19.9,66.9,2.0,2.0,292600.0,1.0,CEDRITOS,3,ENTRE 0 Y 5 ANOS,4.73,-74.03,USADO,,1,0,0,1,1,1,1,0,0,1,False,USAQUEN,BARRANCAS NORTE,Mazurén,2551.01,0,PARQUE ZONAL ALTA BLANCA,286.55,1,0.3,,0.5,1.0,0.0,,0.03,842.04,0.0
2456-M2545854,APARTAMENTO,VENTA,20.44,140.0,3.0,4.0,380000.0,2.0,COLINA Y ALREDEDORES,4,ENTRE 5 Y 10 ANOS,4.74,-74.07,USADO,,1,1,0,1,1,1,1,0,0,0,False,SUBA,BURGOS BRITALIA,Calle 161,1911.42,0,PARQUE VECINAL DESARROLLO CANTALEJO URBANIZACIÓN CANTALEJO MANZANA B,848.82,0,0.15,,0.67,0.75,0.0,,0.02,1275.32,0.0
2748-M3103969,APARTAMENTO,VENTA,21.63,364.0,4.0,5.0,1500000.0,1.0,CHICO,6,ENTRE 5 Y 10 ANOS,4.68,-74.05,USADO,,1,1,0,1,0,0,0,0,0,1,False,CHAPINERO,S.C. EL CHICO,Virrey,853.74,0,PARQUE ZONAL CANAL EL VIRREY EL CHICO,332.97,1,0.06,,0.25,0.8,0.0,,0.01,186.5,3.0
3312-M4516151,APARTAMENTO,VENTA,20.06,102.35,3.0,3.0,595000.0,2.0,NIZA ALHAMBRA,5,ENTRE 10 Y 20 ANOS,4.7,-74.06,USADO,,0,1,0,0,1,0,0,0,0,1,False,SUBA,EL BATAN,Calle 127,319.71,1,PARQUE ZONAL ATABANZA,606.11,0,0.2,,0.67,1.0,0.0,,0.03,490.35,3.0
438-M2846618,APARTAMENTO,VENTA,20.44,136.0,3.0,4.0,3921395.93,2.0,COLINA Y ALREDEDORES,5,ENTRE 0 Y 5 ANOS,4.73,-74.06,USADO,,0,1,0,1,1,1,0,0,0,1,False,SUBA,EL PINAR,Gratamira,1498.95,0,PARQUE VECINAL URBANIZACIÓN LA LAGUNA,1026.85,0,0.15,,0.67,0.75,0.0,,0.02,418.47,1.0
2748-M3235664,APARTAMENTO,VENTA,20.2,103.16,3.0,2.0,430000.0,2.0,NIZA ALHAMBRA,5,ENTRE 5 Y 10 ANOS,4.71,-74.07,USADO,,0,1,0,1,1,1,1,0,0,1,False,SUBA,BATAN LOTE NIZA XII,Humedal Córdoba,352.91,1,PARQUE ZONAL CANAL CORDOBA,576.04,0,0.2,,0.67,1.5,0.0,,0.03,706.77,0.0
426-M2411469,APARTAMENTO,VENTA,20.56,98.0,3.0,5.0,1300000.0,2.0,COUNTRY,5,ENTRE 10 Y 20 ANOS,4.7,-74.03,USADO,,0,1,0,0,1,1,0,0,0,1,False,USAQUEN,BELLA SUIZA,Calle 127,2680.15,0,PARQUE METROPOLITANO EL COUNTRY,943.43,0,0.21,,0.67,0.6,0.0,,0.03,772.02,0.0
2571-M4022593,APARTAMENTO,VENTA,19.41,74.0,3.0,2.0,250000.0,1.0,ENGATIVA,4,ENTRE 5 Y 10 ANOS,4.72,-74.14,USADO,,0,0,0,1,1,1,0,0,0,1,False,ENGATIVA,S.C. EL GACO,Portal 80,3172.41,0,PARQUE METROPOLITANO PLANTA DE TRATAMIENTO SALITRE,1207.63,0,0.26,,0.33,1.5,0.0,,0.04,2768.84,0.0
2748-M2559562,APARTAMENTO,VENTA,20.91,200.0,3.0,5.0,1000000.0,3.0,CERROS DE SUBA,6,REMODELADO,4.72,-74.08,USADO,,1,1,0,1,1,1,1,0,0,1,False,SUBA,NIZA SUBA - EL BALCON DE LINDARAJA,Suba - AV. Boyacá,987.01,0,PARQUE VECINAL AGRUPACIÓN DE VIVIENDA EN BALCON DE LINDARAJA,162.23,1,0.1,,1.0,0.6,0.0,,0.02,1109.38,0.0
14193-M4603079,APARTAMENTO,VENTA,20.91,216.0,3.0,4.0,780000.0,4.0,COLINA Y ALREDEDORES,5,ENTRE 10 Y 20 ANOS,4.72,-74.06,USADO,,0,0,0,0,1,0,0,0,0,1,False,SUBA,URB. BOCA COLINA,Alcalá,1237.56,0,PARQUE VECINAL PRADO PINZÓN,927.3,0,0.1,,1.33,0.75,0.0,,0.01,182.84,2.0
5105-M3434298,APARTAMENTO,VENTA,20.99,210.0,3.0,5.0,1300000.0,3.0,SANTA BARBARA,6,MAS DE 20 ANOS,4.7,-74.05,USADO,,0,1,0,0,1,0,0,0,0,1,False,USAQUEN,SANTA BARBARA OCCIDENTAL,Calle 127,934.61,0,PARQUE METROPOLITANO EL COUNTRY,962.02,0,0.1,,1.0,0.6,0.0,,0.01,396.45,1.0
2147-M3981024,APARTAMENTO,VENTA,19.73,76.0,2.0,2.0,443200.0,1.0,NIZA ALHAMBRA,5,MAS DE 20 ANOS,4.69,-74.07,USADO,,0,0,0,0,0,1,0,0,0,0,False,SUBA,PUENTE LARGO III SECTOR,Puentelargo,160.81,1,PARQUE ZONAL MORATO,707.66,0,0.26,,0.5,1.0,0.0,,0.03,611.51,0.0
2147-M4413523,APARTAMENTO,VENTA,19.6,79.0,3.0,2.0,280000.0,1.0,COLINA Y ALREDEDORES,4,MAS DE 20 ANOS,4.74,-74.06,USADO,,0,0,0,0,0,1,0,0,0,0,False,SUBA,MAZUREN,Mazurén,1188.34,0,PARQUE VECINAL URBANIZACIÓN LA LAGUNA,633.49,0,0.25,,0.33,1.5,0.0,,0.04,794.54,0.0
4186-M4706310,APARTAMENTO,VENTA,20.2,73.0,2.0,3.0,950000.0,2.0,CHICO,6,ENTRE 10 Y 20 ANOS,4.68,-74.05,USADO,,0,1,0,0,1,1,0,0,0,1,False,CHAPINERO,S.C. CHICO NORTE III SECTOR,Calle 100 - Marketmedios,622.39,0,PARQUE VECINAL URBANIZACIÓN NORMANDIA I II II Y IV SECTOR,730.84,0,0.28,,1.0,0.67,0.0,,0.03,120.7,3.0
4969-M3690506,APARTAMENTO,VENTA,20.25,87.0,2.0,2.0,554000.0,2.0,SANTA BARBARA,6,ENTRE 5 Y 10 ANOS,4.69,-74.05,USADO,,0,1,0,1,1,1,0,0,0,1,False,USAQUEN,SANTA BIBIANA,Calle 106,937.82,0,PARQUE VECINAL URBANIZACIÓN NORMANDIA I II II Y IV SECTOR,1556.78,0,0.23,,1.0,1.0,0.0,,0.02,451.46,2.0
5099-M2906525,APARTAMENTO,VENTA,21.13,245.0,4.0,5.0,1032000.0,3.0,ALTOS DE SUBA Y CERROS DE SAN JORGE,6,ENTRE 5 Y 10 ANOS,4.74,-74.08,USADO,,0,0,0,0,1,1,0,0,0,0,False,SUBA,SALAMANCA Y CATALAYUD,21 Ángeles,648.67,0,PARQUE ZONAL EL TOMILLAR,599.44,0,0.09,,0.75,0.8,0.0,,0.02,951.08,0.0
4186-M4705831,APARTAMENTO,VENTA,21.15,153.74,2.0,3.0,1100000.0,2.0,CHICO,6,ENTRE 5 Y 10 ANOS,4.68,-74.05,USADO,,0,0,0,1,1,1,0,0,0,1,False,CHAPINERO,S.C. EL CHICO,Virrey,533.03,0,PARQUE ZONAL CANAL EL VIRREY EL CHICO,385.62,1,0.14,,1.0,0.67,0.0,,0.01,314.42,3.0
12473-M3694880,APARTAMENTO,VENTA,20.21,122.5,3.0,3.0,434000.0,1.0,NICOLAS DE FEDERMAN,5,ENTRE 10 Y 20 ANOS,4.65,-74.08,USADO,,0,0,0,0,1,1,0,0,0,1,False,TEUSAQUILLO,NICOLAS DE FEDERMAN,Movistar Arena,473.36,1,PARQUE ZONAL NICOLAS DE FEDERMAN 3,159.38,1,0.16,,0.33,1.0,0.0,,0.02,544.56,0.0
11203-M4512782,APARTAMENTO,VENTA,19.49,49.09,1.0,1.0,291000.0,1.0,CEDRITOS,4,MAS DE 20 ANOS,4.72,-74.03,USADO,,0,0,0,1,1,0,0,0,0,1,False,USAQUEN,CEDRITOS,Alcalá,2170.19,0,PARQUE VECINAL NUEVA URBANIZACIÓN EL CEDRITO,555.84,0,0.4,,1.0,1.0,0.0,,0.02,475.19,1.0
11104-M4514877,APARTAMENTO,VENTA,19.63,72.0,3.0,2.0,226000.0,1.0,FONTIBON TINTAL,4,MAS DE 20 ANOS,4.67,-74.13,USADO,,0,0,0,0,1,1,0,0,0,1,False,FONTIBON,URB. PRADO GRANDE,Modelia,2227.48,0,PARQUE VECINAL VILLA HELENA VILLEMAR,848.75,0,0.27,,0.33,1.5,0.0,,0.04,479.01,2.0
16416-M4612266,APARTAMENTO,VENTA,19.76,95.11,4.0,2.0,110000.0,1.0,NICOLAS DE FEDERMAN,4,MAS DE 20 ANOS,4.64,-74.08,USADO,,0,0,0,0,0,1,0,0,0,1,False,TEUSAQUILLO,NICOLAS DE FEDERMAN,Campín - UAN,481.59,1,PARQUE ZONAL NICOLAS DE FEDERMAN 3,551.34,0,0.21,,0.25,2.0,0.0,,0.04,759.72,0.0
11252-M4558542,APARTAMENTO,VENTA,19.55,52.0,2.0,2.0,379000.0,1.0,CEDRITOS,4,ENTRE 10 Y 20 ANOS,4.72,-74.04,USADO,,0,0,0,0,1,1,0,0,0,1,False,USAQUEN,ACACIAS USAQUEN,Calle 142,1374.84,0,PARQUE VECINAL NUEVA URBANIZACIÓN EL CEDRITO,545.06,0,0.38,,0.5,1.0,0.0,,0.04,528.45,0.0
4186-M4705720,APARTAMENTO,VENTA,19.92,65.0,1.0,1.0,192000.0,1.0,LA SOLEDAD,4,MAS DE 20 ANOS,4.63,-74.07,USADO,,0,1,0,0,0,0,0,0,0,1,False,TEUSAQUILLO,LA SOLEDAD,AV. 39,551.97,0,PARQUE METROPOLITANO PARQUE NACIONAL (PM2A) ENRIQUE OLAYA HERRERA (SECTOR HISTORICO),930.52,0,0.31,,1.0,1.0,0.0,,0.02,525.82,0.0
851-M4614001,APARTAMENTO,VENTA,21.06,118.0,2.0,3.0,800000.0,2.0,CHICO,6,ENTRE 10 Y 20 ANOS,4.67,-74.05,USADO,,0,1,0,1,0,0,0,0,0,1,False,CHAPINERO,S.C. EL CHICO,Virrey,1315.36,0,PARQUE VECINAL URBANIZACIÓN LA CABRERA,387.41,1,0.18,,1.0,0.67,0.0,,0.02,296.82,2.0
16630-M4740714,APARTAMENTO,VENTA,19.49,60.0,3.0,2.0,208000.0,1.0,ENGATIVA,4,ENTRE 10 Y 20 ANOS,4.72,-74.13,USADO,,0,0,0,1,1,1,0,0,0,1,False,ENGATIVA,S.C. ENGATIVA EL DORADO,Portal 80,2857.13,0,PARQUE METROPOLITANO PLANTA DE TRATAMIENTO SALITRE,723.86,0,0.32,,0.33,1.5,0.0,,0.05,2643.85,0.0
10278-M3844332,APARTAMENTO,VENTA,20.32,102.0,3.0,3.0,417000.0,2.0,COLINA Y ALREDEDORES,4,ENTRE 0 Y 5 ANOS,4.74,-74.06,USADO,,0,0,0,1,1,1,1,0,0,1,False,SUBA,MAZUREN,Mazurén,1029.16,0,PARQUE VECINAL DESARROLLO CANTALEJO URBANIZACIÓN CANTALEJO MANZANA B,441.31,1,0.2,,0.67,1.0,0.0,,0.03,1214.73,0.0
2821-M2528601,APARTAMENTO,VENTA,20.52,170.0,4.0,4.0,150000.0,2.0,SANTA BARBARA,6,MAS DE 20 ANOS,4.7,-74.04,USADO,,0,0,0,0,0,1,0,0,0,1,False,USAQUEN,SANTA BARBARA OCCIDENTAL,Pepe Sierra,1158.28,0,PARQUE METROPOLITANO EL COUNTRY,984.38,0,0.12,,0.5,1.0,0.0,,0.02,321.76,1.0
290-M4705646,APARTAMENTO,VENTA,19.52,60.0,3.0,2.0,90000.0,1.0,KENNEDY,3,MAS DE 20 ANOS,4.61,-74.13,USADO,,0,0,0,0,0,1,0,0,0,1,False,KENNEDY,CARVAJAL,Marsella,1852.94,0,PARQUE VECINAL CARVAJAL,378.25,1,0.33,,0.33,1.5,0.0,,0.05,759.56,0.0
851-M2717304,APARTAMENTO,VENTA,20.51,100.48,2.0,3.0,746000.0,2.0,SANTA BARBARA,6,ENTRE 5 Y 10 ANOS,4.69,-74.05,USADO,,0,1,0,1,1,1,0,0,0,1,False,USAQUEN,SANTA BIBIANA,Calle 100 - Marketmedios,1014.51,0,PARQUE VECINAL URBANIZACIÓN NORMANDIA I II II Y IV SECTOR,1425.92,0,0.2,,1.0,0.67,0.0,,0.02,202.8,2.0
2571-M3846202,APARTAMENTO,VENTA,19.7,35.0,1.0,1.0,330000.0,1.0,CHICO,6,MAS DE 20 ANOS,4.66,-74.05,USADO,,0,0,0,0,1,1,0,0,0,1,False,CHAPINERO,S.C. EL NOGAL,Calle 76 - San Felipe,1206.91,0,PARQUE ZONAL SAN ANDRÉS,255.0,1,0.56,,1.0,1.0,0.0,,0.03,438.82,2.0
2571-M4563824,APARTAMENTO,VENTA,19.36,54.0,3.0,2.0,120000.0,1.0,RAFAEL URIBE URIBE TUNJUELITO,3,MAS DE 20 ANOS,4.58,-74.14,USADO,,0,0,0,0,0,1,0,0,0,1,False,TUNJUELITO,TUNAL SECTOR_II,Portal Tunal,938.59,0,PARQUE METROPOLITANO TIMIZA (SECTOR VILLA DEL RIO),748.19,0,0.36,,0.33,1.5,0.0,,0.06,819.46,0.0
2706-M3067890,APARTAMENTO,VENTA,21.04,212.0,3.0,3.0,1150000.0,4.0,ALTOS DE SUBA Y CERROS DE SAN JORGE,6,ENTRE 0 Y 5 ANOS,4.74,-74.08,USADO,,1,0,0,1,0,1,0,0,0,1,False,SUBA,CASABLANCA SECTOR BELLAVISTA,21 Ángeles,411.92,1,PARQUE ZONAL EL TOMILLAR,623.53,0,0.1,,1.33,1.0,0.0,,0.01,1323.43,0.0
13674-M4147623,APARTAMENTO,VENTA,21.01,168.0,4.0,5.0,3921395.93,2.0,SALITRE MODELIA,4,ENTRE 10 Y 20 ANOS,4.64,-74.1,USADO,,0,1,0,0,1,0,0,0,0,0,False,TEUSAQUILLO,PRADOS DEL_SALITRE,Gobernación,853.22,0,PARQUE VECINAL SANTA CLARA,724.7,0,0.13,,0.5,0.8,0.0,,0.02,341.2,2.0
4566-M2399892,APARTAMENTO,VENTA,21.31,394.0,3.0,3.0,1145000.0,2.0,CHICO,6,MAS DE 20 ANOS,4.65,-74.05,USADO,,0,1,0,0,0,1,0,0,0,0,False,CHAPINERO,S.C. LAS ACACIAS,Flores – Areandina,1198.63,0,PARQUE ZONAL GUSTAVO URIBE BOTERO,200.36,1,0.05,,0.67,1.0,0.0,,0.01,378.57,1.0
359-M4200400,APARTAMENTO,VENTA,19.67,75.0,3.0,2.0,225600.0,1.0,SALITRE MODELIA,4,MAS DE 20 ANOS,4.67,-74.13,USADO,,0,0,0,1,0,1,0,0,0,1,False,FONTIBON,CAPELLANIA,Modelia,1152.34,0,PARQUE VECINAL MODELIA SECTOR A,724.48,0,0.26,,0.33,1.5,0.0,,0.04,967.03,0.0
2974-M4146964,APARTAMENTO,VENTA,19.91,83.0,2.0,2.0,793000.0,1.0,SANTA BARBARA,6,ENTRE 10 Y 20 ANOS,4.7,-74.04,USADO,,0,0,0,0,1,1,0,0,0,1,False,USAQUEN,SANTA BARBARA CENTRAL I SECTOR,Pepe Sierra,1454.71,0,PARQUE METROPOLITANO EL COUNTRY,873.63,0,0.24,,0.5,1.0,0.0,,0.02,603.64,0.0
5483-M3690350,APARTAMENTO,VENTA,20.21,130.0,3.0,2.0,940000.0,2.0,COUNTRY,5,MAS DE 20 ANOS,4.7,-74.03,USADO,,0,0,0,0,1,0,0,0,0,1,False,USAQUEN,BELLA SUIZA,Calle 127,2539.16,0,PARQUE METROPOLITANO EL COUNTRY,797.44,0,0.16,,0.67,1.5,0.0,,0.02,731.53,0.0
79-M4555654,APARTAMENTO,VENTA,20.26,90.0,2.0,3.0,890000.0,2.0,CHICO,6,ENTRE 5 Y 10 ANOS,4.68,-74.05,USADO,,0,1,0,0,1,0,0,0,0,1,False,CHAPINERO,S.C. CHICO NORTE III SECTOR,Calle 100 - Marketmedios,853.04,0,PARQUE ZONAL CANAL EL VIRREY EL CHICO,1042.17,0,0.23,,1.0,0.67,0.0,,0.02,223.83,3.0
2974-M3463495,APARTAMENTO,VENTA,20.34,139.0,3.0,3.0,340000.0,2.0,COLINA Y ALREDEDORES,5,ENTRE 10 Y 20 ANOS,4.74,-74.06,USADO,,0,1,0,1,1,1,0,0,0,1,False,SUBA,MAZUREN,Mazurén,1224.39,0,PARQUE VECINAL URBANIZACIÓN LA LAGUNA,678.22,0,0.15,,0.67,1.0,0.0,,0.02,783.22,0.0
2974-M3608931,APARTAMENTO,VENTA,20.49,148.0,3.0,3.0,3921395.93,0.0,CENTRO INTERNACIONAL,4,MAS DE 20 ANOS,4.61,-74.07,USADO,,0,0,0,0,0,1,0,0,0,0,False,SANTA FE,LA MACARENA,Museo Nacional,503.07,0,PARQUE METROPOLITANO INDEPENDENCIA BICENTENARIO,301.58,1,0.14,,0.0,1.0,0.0,,0.02,465.37,3.0
4394-M4027330,APARTAMENTO,VENTA,19.98,88.0,3.0,3.0,485000.0,2.0,COUNTRY,5,ENTRE 5 Y 10 ANOS,4.72,-74.04,USADO,,0,1,0,0,1,0,0,0,0,0,False,USAQUEN,EL CONTADOR,Alcalá,1038.87,0,PARQUE VECINAL NUEVA URBANIZACIÓN EL CEDRITO,1193.82,0,0.23,,0.67,1.0,0.0,,0.03,547.07,0.0
2974-M4120429,APARTAMENTO,VENTA,19.98,88.0,3.0,2.0,387000.0,1.0,COLINA Y ALREDEDORES,5,MAS DE 20 ANOS,4.73,-74.06,USADO,,0,0,0,1,1,1,0,0,0,1,False,SUBA,URB. NOGALES DE LA COLINA,Gratamira,1286.3,0,PARQUE VECINAL PRADO PINZÓN,1094.47,0,0.23,,0.33,1.5,0.0,,0.03,255.69,1.0
3487-M4511381,APARTAMENTO,VENTA,20.2,82.86,3.0,3.0,406700.0,2.0,COLINA Y ALREDEDORES,4,ENTRE 10 Y 20 ANOS,4.74,-74.07,USADO,,1,1,0,1,1,1,1,0,0,1,False,SUBA,EL CORTIJO (FINCA),21 Ángeles,1444.42,0,PARQUE ZONAL EL TOMILLAR,489.9,1,0.24,,0.67,1.0,0.0,,0.04,784.13,0.0
482-M4270398,APARTAMENTO,VENTA,20.88,300.0,3.0,4.0,1116000.0,3.0,ALTOS DE SUBA Y CERROS DE SAN JORGE,6,MAS DE 20 ANOS,4.74,-74.08,USADO,,1,1,0,0,0,1,0,0,0,1,False,SUBA,SALAMANCA Y CATALAYUD,21 Ángeles,594.99,0,PARQUE ZONAL EL TOMILLAR,645.45,0,0.07,,1.0,0.75,0.0,,0.01,996.59,0.0
315-M4149336,APARTAMENTO,VENTA,19.92,99.0,2.0,2.0,3921395.93,1.0,NIZA ALHAMBRA,5,REMODELADO,4.7,-74.08,USADO,,0,1,0,0,0,0,0,0,0,1,False,SUBA,POTOSI,Suba - Calle 116,918.55,0,PARQUE ZONAL MORATO,610.88,0,0.2,,0.5,1.0,0.0,,0.02,807.12,0.0
15514-M4681869,APARTAMENTO,VENTA,19.8,62.0,2.0,2.0,420000.0,1.0,CEDRITOS,4,ENTRE 5 Y 10 ANOS,4.72,-74.03,USADO,,0,1,0,1,1,1,0,0,0,1,False,USAQUEN,BELMIRA,Alcalá,2422.44,0,PARQUE VECINAL NUEVA URBANIZACIÓN EL CEDRITO,566.29,0,0.32,,0.5,1.0,0.0,,0.03,528.17,0.0
2748-M3361247,APARTAMENTO,VENTA,20.32,130.0,3.0,3.0,405500.0,2.0,NIZA ALHAMBRA,5,ENTRE 0 Y 5 ANOS,4.7,-74.07,USADO,,0,1,0,1,1,1,0,0,0,1,False,SUBA,LAGOS DE CORDOBA,Humedal Córdoba,358.4,1,PARQUE ZONAL CANAL CORDOBA,509.52,0,0.16,,0.67,1.0,0.0,,0.02,835.01,0.0
5588-M4706354,APARTAMENTO,VENTA,19.88,67.0,2.0,2.0,644000.0,2.0,SANTA BARBARA,6,MAS DE 20 ANOS,4.7,-74.04,USADO,,0,0,0,0,1,0,0,0,0,1,False,USAQUEN,SANTA BARBARA CENTRAL I SECTOR,Pepe Sierra,1528.63,0,PARQUE METROPOLITANO EL COUNTRY,767.74,0,0.3,,1.0,1.0,0.0,,0.03,524.68,0.0
10123-M4305612,APARTAMENTO,VENTA,20.82,140.0,3.0,4.0,930000.0,2.0,SANTA BARBARA,6,ENTRE 5 Y 10 ANOS,4.69,-74.05,USADO,,0,1,0,1,1,1,0,0,0,1,False,USAQUEN,SANTA BIBIANA,Calle 106,958.14,0,PARQUE VECINAL URBANIZACIÓN NORMANDIA I II II Y IV SECTOR,1561.64,0,0.15,,0.67,0.75,0.0,,0.02,447.32,2.0
359-M4466255,APARTAMENTO,VENTA,20.81,96.0,2.0,3.0,958000.0,2.0,SALITRE MODELIA,5,ENTRE 0 Y 5 ANOS,4.65,-74.11,USADO,,0,0,0,1,1,1,1,0,0,0,False,FONTIBON,CIUDAD SALITRE OCCIDENTAL,Salitre - El Greco,573.75,0,PARQUE ZONAL SAUZALITO,642.33,0,0.22,,1.0,0.67,0.0,,0.02,67.18,3.0
523-M4602765,APARTAMENTO,VENTA,20.5,120.0,3.0,3.0,440000.0,2.0,SANTA BARBARA,5,ENTRE 0 Y 5 ANOS,4.69,-74.04,USADO,,0,0,0,1,1,1,0,0,0,1,False,USAQUEN,SANTA ANA OCCIDENTAL,Calle 106,2381.67,0,PARQUE METROPOLITANO EL COUNTRY,2117.93,0,0.17,,0.67,1.0,0.0,,0.02,556.85,0.0
800-M4603623,APARTAMENTO,VENTA,19.9,84.0,3.0,2.0,438000.0,1.0,COLINA Y ALREDEDORES,3,ENTRE 5 Y 10 ANOS,4.72,-74.05,USADO,,0,0,0,0,1,1,0,0,0,0,False,SUBA,SAN JOSE DEL PRADO,Alcalá,327.05,1,PARQUE VECINAL PRADO PINZÓN,562.68,0,0.24,,0.33,1.5,0.0,,0.04,840.69,0.0
2377-M4659492,APARTAMENTO,VENTA,20.79,138.0,3.0,3.0,600000.0,2.0,FONTIBON TINTAL,5,ENTRE 5 Y 10 ANOS,4.66,-74.13,USADO,,0,1,0,1,1,1,0,0,0,1,False,FONTIBON,EL TINTAL A.S.D.,Normandía,2088.7,0,PARQUE ZONAL CANAL BOYACA,1299.12,0,0.15,,0.67,1.0,0.0,,0.02,689.15,0.0
2974-M4497365,APARTAMENTO,VENTA,20.07,107.0,3.0,3.0,490000.0,2.0,COLINA Y ALREDEDORES,5,ENTRE 10 Y 20 ANOS,4.73,-74.06,USADO,,1,1,0,1,1,1,0,0,0,1,False,SUBA,EL PINAR,Mazurén,1313.45,0,PARQUE VECINAL URBANIZACIÓN LA LAGUNA,751.56,0,0.19,,0.67,1.0,0.0,,0.03,660.0,0.0
770-M4147895,APARTAMENTO,VENTA,20.82,200.0,4.0,4.0,770000.0,2.0,SANTA BARBARA,6,MAS DE 20 ANOS,4.7,-74.03,USADO,,0,1,0,1,1,0,0,0,0,1,False,USAQUEN,SANTA BARBARA CENTRAL IV SECTOR,Calle 127,2283.19,0,PARQUE METROPOLITANO EL COUNTRY,732.04,0,0.1,,0.5,1.0,0.0,,0.02,399.59,1.0
707-M4199108,APARTAMENTO,VENTA,20.77,120.0,2.0,3.0,943000.0,2.0,CHICO,6,ENTRE 5 Y 10 ANOS,4.68,-74.06,USADO,,0,0,0,1,1,1,0,0,0,1,False,CHAPINERO,S.C. CHICO NORTE III SECTOR,Calle 100 - Marketmedios,249.25,1,PARQUE VECINAL URBANIZACIÓN NORMANDIA I II II Y IV SECTOR,795.66,0,0.17,,1.0,0.67,0.0,,0.02,358.19,1.0
2974-M4226063,APARTAMENTO,VENTA,20.44,94.0,2.0,3.0,650000.0,2.0,COUNTRY,5,ENTRE 5 Y 10 ANOS,4.71,-74.05,USADO,,1,1,0,0,1,1,0,0,0,1,False,USAQUEN,LA CALLEJA,Prado,721.18,0,PARQUE ZONAL ATABANZA,1032.3,0,0.22,,1.0,0.67,0.0,,0.02,448.63,2.0
2974-M4512945,APARTAMENTO,VENTA,19.99,109.0,3.0,3.0,879800.0,2.0,COUNTRY,5,MAS DE 20 ANOS,4.71,-74.03,USADO,,0,1,0,0,1,1,0,0,0,1,False,USAQUEN,BELLA SUIZA,Calle 127,2396.71,0,PARQUE METROPOLITANO EL COUNTRY,668.43,0,0.18,,0.67,1.0,0.0,,0.03,508.74,0.0
2974-M4225746,APARTAMENTO,VENTA,20.44,94.0,2.0,3.0,650000.0,2.0,COUNTRY,5,ENTRE 5 Y 10 ANOS,4.71,-74.05,USADO,,1,1,0,0,1,1,0,0,0,1,False,USAQUEN,LA CALLEJA,Prado,721.18,0,PARQUE ZONAL ATABANZA,1032.3,0,0.22,,1.0,0.67,0.0,,0.02,448.63,2.0
2974-M4147009,APARTAMENTO,VENTA,19.91,81.0,2.0,3.0,366000.0,1.0,SANTA BARBARA,6,MAS DE 20 ANOS,4.7,-74.05,USADO,,0,1,0,0,1,1,0,0,0,1,False,USAQUEN,SAN PATRICIO,Pepe Sierra,346.07,1,PARQUE ZONAL CANAL CORDOBA,1472.33,0,0.25,,0.5,0.67,0.0,,0.02,326.5,1.0
2974-M4265135,APARTAMENTO,VENTA,20.14,111.0,3.0,3.0,490000.0,2.0,COLINA Y ALREDEDORES,4,ENTRE 10 Y 20 ANOS,4.73,-74.06,USADO,,0,1,0,1,1,1,0,0,0,1,False,SUBA,COLPATRIA SANTA HELENA,Calle 146,846.9,0,PARQUE VECINAL URBANIZACIÓN LA LAGUNA,396.86,1,0.18,,0.67,1.0,0.0,,0.03,979.66,0.0
2974-M3799814,APARTAMENTO,VENTA,19.55,53.0,1.0,1.0,3921395.93,1.0,NIZA ALHAMBRA,5,ENTRE 10 Y 20 ANOS,4.71,-74.06,USADO,,0,0,0,0,1,1,0,0,0,0,False,SUBA,EL BATAN,Calle 127,581.26,0,PARQUE ZONAL ATABANZA,328.43,1,0.37,,1.0,1.0,0.0,,0.02,725.59,0.0
2974-M4408950,APARTAMENTO,VENTA,19.91,90.0,3.0,2.0,391000.0,1.0,CEDRITOS,4,ENTRE 10 Y 20 ANOS,4.72,-74.04,USADO,,0,0,0,1,1,1,0,0,0,0,False,USAQUEN,ACACIAS USAQUEN,Calle 142,1502.78,0,PARQUE VECINAL NUEVA URBANIZACIÓN EL CEDRITO,422.5,1,0.22,,0.33,1.5,0.0,,0.03,560.32,0.0
2147-M4375300,APARTAMENTO,VENTA,19.32,25.0,1.0,1.0,170000.0,1.0,LA SOLEDAD,4,ENTRE 0 Y 5 ANOS,4.64,-74.07,USADO,,0,0,0,0,0,1,0,0,0,0,False,TEUSAQUILLO,QUESADA,Marly,240.18,1,PARQUE METROPOLITANO PARQUE NACIONAL (PM2A) ENRIQUE OLAYA HERRERA (SECTOR HISTORICO),1262.14,0,0.77,,1.0,1.0,0.0,,0.04,424.36,1.0
2147-M4177804,APARTAMENTO,VENTA,19.7,70.0,3.0,2.0,450000.0,2.0,COUNTRY,4,MAS DE 20 ANOS,4.71,-74.03,USADO,,0,0,0,0,1,1,0,0,0,0,False,USAQUEN,SAN,Prado,3186.22,0,PARQUE METROPOLITANO EL COUNTRY,1462.26,0,0.28,,0.67,1.5,0.0,,0.04,939.02,0.0
2147-M3161343,APARTAMENTO,VENTA,20.7,200.0,3.0,3.0,1000000.0,4.0,COUNTRY,5,ENTRE 0 Y 5 ANOS,4.72,-74.04,USADO,,0,0,0,0,0,1,0,0,0,1,False,USAQUEN,CEDRITOS,Alcalá,1184.03,0,PARQUE VECINAL NUEVA URBANIZACIÓN EL CEDRITO,855.7,0,0.1,,1.33,1.0,0.0,,0.02,380.33,1.0
2162-M4702588,APARTAMENTO,VENTA,21.42,167.0,3.0,4.0,1726000.0,3.0,CHAPINERO ALTO,4,ENTRE 5 Y 10 ANOS,4.65,-74.06,USADO,,1,1,0,0,1,0,0,0,0,1,False,CHAPINERO,S.C. GRANADA,Calle 63,1088.41,0,PARQUE ZONAL GUSTAVO URIBE BOTERO,374.94,1,0.13,,1.0,0.75,0.0,,0.02,386.61,1.0
2456-M3359555,APARTAMENTO,VENTA,20.32,100.0,3.0,2.0,450000.0,2.0,COLINA Y ALREDEDORES,5,ENTRE 5 Y 10 ANOS,4.73,-74.07,USADO,,0,0,0,1,1,1,1,0,0,1,False,SUBA,IBERIA PORTOALEGRE,Gratamira,1029.94,0,PARQUE VECINAL PRADO PINZÓN,1306.59,0,0.2,,0.67,1.5,0.0,,0.03,66.95,1.0
2974-M4702531,APARTAMENTO,VENTA,20.13,107.0,3.0,3.0,527000.0,2.0,COLINA Y ALREDEDORES,5,ENTRE 10 Y 20 ANOS,4.73,-74.06,USADO,,0,1,0,1,1,1,0,0,0,1,False,SUBA,EL PINAR,Mazurén,1313.45,0,PARQUE VECINAL URBANIZACIÓN LA LAGUNA,751.56,0,0.19,,0.67,1.0,0.0,,0.03,660.0,0.0
2456-M4510361,APARTAMENTO,VENTA,20.49,152.0,3.0,4.0,490000.0,2.0,COLINA Y ALREDEDORES,5,ENTRE 5 Y 10 ANOS,4.74,-74.06,USADO,,1,1,0,1,1,1,1,0,0,1,False,SUBA,URB. LA SIRENA,Mazurén,1704.02,0,PARQUE VECINAL DESARROLLO CANTALEJO URBANIZACIÓN CANTALEJO MANZANA B,800.56,0,0.13,,0.67,0.75,0.0,,0.02,763.3,0.0
3390-M4414582,APARTAMENTO,VENTA,20.29,90.0,2.0,3.0,790000.0,2.0,SANTA BARBARA,5,MAS DE 20 ANOS,4.7,-74.05,USADO,,0,0,0,0,0,1,0,0,0,1,False,USAQUEN,SANTA BARBARA OCCIDENTAL,Calle 127,333.88,1,PARQUE ZONAL ATABANZA,996.72,0,0.23,,1.0,0.67,0.0,,0.02,314.12,3.0
3390-M3470501,APARTAMENTO,VENTA,20.71,185.0,3.0,5.0,1500000.0,2.0,SANTA BARBARA,6,MAS DE 20 ANOS,4.69,-74.05,USADO,,0,1,0,0,0,1,0,0,0,1,False,USAQUEN,SANTA BIBIANA,Calle 106,1032.26,0,PARQUE METROPOLITANO EL COUNTRY,1836.63,0,0.11,,0.67,0.6,0.0,,0.02,384.95,1.0
3390-M4591116,APARTAMENTO,VENTA,20.91,197.0,2.0,3.0,846000.0,2.0,CHICO,6,MAS DE 20 ANOS,4.66,-74.05,USADO,,0,0,0,0,0,1,0,0,0,1,False,CHAPINERO,BOSQUE EL RETIRO I SECTOR,Héroes - Gel´Hada,1562.9,0,PARQUE ZONAL SAN ANDRÉS,589.16,0,0.11,,1.0,0.67,0.0,,0.01,702.99,0.0
3390-M4548432,APARTAMENTO,VENTA,21.37,240.0,4.0,4.0,1400000.0,2.0,CHICO,6,MAS DE 20 ANOS,4.66,-74.05,USADO,,0,0,0,0,1,1,0,0,0,1,False,CHAPINERO,LOS ROSALES,Calle 76 - San Felipe,1590.18,0,PARQUE ZONAL SAN ANDRÉS,677.72,0,0.09,,0.5,1.0,0.0,,0.02,842.73,0.0
3390-M3325394,APARTAMENTO,VENTA,20.71,175.0,3.0,3.0,794700.0,2.0,SANTA BARBARA,6,MAS DE 20 ANOS,4.69,-74.05,USADO,,0,1,0,0,0,1,0,0,0,1,False,USAQUEN,SANTA BIBIANA,Calle 100 - Marketmedios,616.32,0,PARQUE VECINAL URBANIZACIÓN NORMANDIA I II II Y IV SECTOR,1298.23,0,0.12,,0.67,1.0,0.0,,0.02,581.9,0.0
3390-M3242175,APARTAMENTO,VENTA,21.82,270.0,3.0,5.0,1600000.0,3.0,CHICO,6,ENTRE 10 Y 20 ANOS,4.66,-74.05,USADO,,0,0,0,0,1,1,0,0,0,1,False,CHAPINERO,S.C. BELLAVISTA,Calle 72,1287.19,0,PARQUE ZONAL GUSTAVO URIBE BOTERO,656.02,0,0.08,,1.0,0.6,0.0,,0.01,535.49,0.0
3390-M3341109,APARTAMENTO,VENTA,21.0,170.0,3.0,4.0,1160000.0,2.0,SANTA BARBARA,6,MAS DE 20 ANOS,4.69,-74.05,USADO,,0,1,0,0,0,1,0,0,0,1,False,USAQUEN,SANTA BIBIANA,Calle 106,828.25,0,PARQUE VECINAL URBANIZACIÓN NORMANDIA I II II Y IV SECTOR,1739.5,0,0.12,,0.67,0.75,0.0,,0.02,468.68,1.0
16146-M4655172,APARTAMENTO,VENTA,20.13,115.0,3.0,2.0,930000.0,2.0,CEDRITOS,5,ENTRE 10 Y 20 ANOS,4.72,-74.03,USADO,,0,0,0,1,1,0,0,0,0,0,False,USAQUEN,LAS_ACACIAS,Calle 142,2210.29,0,PARQUE VECINAL NUEVA URBANIZACIÓN EL CEDRITO,302.82,1,0.18,,0.67,1.5,0.0,,0.03,755.81,0.0
3390-M3266946,APARTAMENTO,VENTA,20.7,176.0,3.0,4.0,1000000.0,3.0,SANTA BARBARA,6,MAS DE 20 ANOS,4.7,-74.04,USADO,,0,1,0,1,1,1,0,0,0,1,False,USAQUEN,SANTA BARBARA CENTRAL I SECTOR,Calle 127,2164.34,0,PARQUE METROPOLITANO EL COUNTRY,576.01,0,0.12,,1.0,0.75,0.0,,0.02,555.45,0.0
3390-M4198366,APARTAMENTO,VENTA,21.37,340.0,4.0,3.0,350000.0,2.0,CENTRO INTERNACIONAL,4,MAS DE 20 ANOS,4.61,-74.07,USADO,,0,0,0,0,0,1,0,0,0,1,False,SANTA FE,LA MACARENA,Museo Nacional,289.9,1,PARQUE METROPOLITANO INDEPENDENCIA BICENTENARIO,302.3,1,0.06,,0.5,1.33,0.0,,0.01,217.66,5.0
2974-M4336924,APARTAMENTO,VENTA,20.12,105.0,3.0,2.0,405700.0,2.0,ORQUIDEAS,4,ENTRE 5 Y 10 ANOS,4.75,-74.02,USADO,,0,1,0,1,1,1,1,0,0,1,False,USAQUEN,SANTA TERESA,Toberin - Foundever,2565.26,0,PARQUE ZONAL SERVITA,445.12,1,0.19,,0.67,1.5,0.0,,0.03,1371.49,0.0
246-M3227399,APARTAMENTO,VENTA,20.99,220.0,3.0,3.0,1000000.0,1.0,SANTA BARBARA,6,MAS DE 20 ANOS,4.7,-74.03,USADO,,0,1,0,1,1,1,0,0,0,1,False,USAQUEN,DELICIAS DEL CARMEN,Calle 127,3139.39,0,PARQUE METROPOLITANO EL COUNTRY,1397.17,0,0.1,,0.33,1.0,0.0,,0.01,1018.9,0.0
2974-M4372560,APARTAMENTO,VENTA,19.98,84.0,2.0,2.0,629100.0,2.0,COUNTRY,4,ENTRE 10 Y 20 ANOS,4.72,-74.05,USADO,,0,1,0,0,1,1,0,0,0,1,False,USAQUEN,LOS CEDROS,Alcalá,169.83,1,PARQUE VECINAL PRADO PINZÓN,725.43,0,0.24,,1.0,1.0,0.0,,0.02,345.69,1.0
175-M4508146,APARTAMENTO,VENTA,19.92,77.0,3.0,2.0,300000.0,1.0,FONTIBON TINTAL,4,ENTRE 0 Y 5 ANOS,4.67,-74.14,USADO,,1,0,0,1,1,1,1,0,0,1,False,FONTIBON,S.C. EL TINTAL CENTRAL,Portal El Dorado,2382.16,0,PARQUE VECINAL VILLA HELENA VILLEMAR,445.8,1,0.26,,0.33,1.5,0.0,,0.04,911.07,0.0
3147-M4616126,APARTAMENTO,VENTA,20.21,96.0,3.0,3.0,750000.0,2.0,CORTIJO AUTOPISTA MEDELLIN,4,ENTRE 10 Y 20 ANOS,4.7,-74.09,USADO,,0,0,0,0,1,1,0,0,0,0,False,SUBA,URB. BOSQUE DE LOS LAGARTOS,AV. Boyacá,561.75,0,PARQUE ZONAL BONANZA,1121.11,0,0.21,,0.67,1.0,0.0,,0.03,454.28,3.0
15514-M4741635,APARTAMENTO,VENTA,19.86,65.0,2.0,2.0,480000.0,1.0,SANTA BARBARA,5,MAS DE 20 ANOS,4.7,-74.05,USADO,,0,1,0,0,1,0,0,0,0,1,False,USAQUEN,SANTA BARBARA OCCIDENTAL,Calle 127,266.9,1,PARQUE ZONAL ATABANZA,929.67,0,0.31,,0.5,1.0,0.0,,0.03,242.26,5.0
12538-M4741687,APARTAMENTO,VENTA,19.43,60.0,2.0,2.0,200000.0,1.0,CASTILLA MARSELLA,2,ENTRE 0 Y 5 ANOS,4.65,-74.14,USADO,,0,0,0,0,1,1,0,0,0,1,False,KENNEDY,ANDALUCIA,Mandalay,2483.29,0,PARQUE VECINAL VILLA ALSACIA,946.86,0,0.32,,0.5,1.0,0.0,,0.03,1363.61,0.0
12538-M4741681,APARTAMENTO,VENTA,19.79,85.0,3.0,2.0,290000.0,1.0,CASTILLA MARSELLA,4,ENTRE 0 Y 5 ANOS,4.64,-74.13,USADO,,0,0,0,0,1,1,0,0,0,1,False,KENNEDY,VILLA ALSACIA CIUDADELA,Marsella,1490.88,0,PARQUE VECINAL VILLA ALSACIA,1078.76,0,0.23,,0.33,1.5,0.0,,0.04,404.21,1.0
12538-M4741678,APARTAMENTO,VENTA,19.49,55.0,3.0,2.0,130000.0,1.0,CASTILLA MARSELLA,3,ENTRE 0 Y 5 ANOS,4.64,-74.14,USADO,,0,0,0,0,1,1,0,0,0,1,False,KENNEDY,CASTILLA,Mandalay,1102.71,0,PARQUE ZONAL CASTILLA,248.88,1,0.35,,0.33,1.5,0.0,,0.05,1531.45,0.0
12538-M4741679,APARTAMENTO,VENTA,19.21,55.0,3.0,2.0,120000.0,0.0,CIUDAD BOLIVAR,3,ENTRE 5 Y 10 ANOS,4.59,-74.16,USADO,,0,0,0,0,0,1,0,0,0,1,False,CIUDAD BOLIVAR,MADELENA,Perdomo,600.79,0,PARQUE VECINAL URBANIZACIÓN BALMORAL CESIÓN GUADALUPE,504.88,0,0.35,,0.0,1.5,0.0,,0.05,1086.98,0.0
10139-M4513549,APARTAMENTO,VENTA,21.01,172.0,2.0,3.0,1273300.0,2.0,CHICO,5,MAS DE 20 ANOS,4.67,-74.06,USADO,,0,1,0,0,1,0,0,0,0,1,False,CHAPINERO,S.C. ANTIGUO COUNTRY,Calle 85,381.75,1,PARQUE ZONAL CANAL EL VIRREY EL CHICO,281.35,1,0.12,,1.0,0.67,0.0,,0.01,251.96,3.0
2529-M4625036,APARTAMENTO,VENTA,20.99,202.0,3.0,3.0,1080000.0,2.0,SANTA BARBARA,6,MAS DE 20 ANOS,4.7,-74.03,USADO,,0,0,0,1,1,1,0,0,0,1,False,USAQUEN,LOS ALPES II SECTOR,Calle 127,2952.18,0,PARQUE METROPOLITANO EL COUNTRY,1261.23,0,0.1,,0.67,1.0,0.0,,0.01,615.78,0.0
10323-M3349190,APARTAMENTO,VENTA,21.09,153.0,2.0,3.0,1155400.0,4.0,CHICO,6,ENTRE 0 Y 5 ANOS,4.68,-74.05,USADO,,0,1,0,1,1,0,0,0,0,1,False,CHAPINERO,S.C. CHICO NORTE,Virrey,566.65,0,PARQUE ZONAL CANAL EL VIRREY EL CHICO,420.08,1,0.14,,2.0,0.67,0.0,,0.01,288.36,3.0
2671-M4371896,APARTAMENTO,VENTA,21.33,270.0,3.0,5.0,1814000.0,4.0,COUNTRY,6,MAS DE 20 ANOS,4.71,-74.03,USADO,,0,1,0,1,1,0,0,0,0,1,False,USAQUEN,BOSQUES DE MEDINA,Prado,3096.76,0,PARQUE METROPOLITANO EL COUNTRY,1622.3,0,0.08,,1.33,0.6,0.0,,0.01,755.19,0.0
5545-M4464472,APARTAMENTO,VENTA,20.9,128.0,2.0,3.0,900000.0,2.0,SANTA BARBARA,6,ENTRE 0 Y 5 ANOS,4.7,-74.05,USADO,,0,0,0,0,1,0,0,0,0,1,False,USAQUEN,SANTA BARBARA OCCIDENTAL,Pepe Sierra,1119.46,0,PARQUE METROPOLITANO EL COUNTRY,1088.0,0,0.16,,1.0,0.67,0.0,,0.02,280.96,2.0
10109-M4613429,APARTAMENTO,VENTA,20.32,116.0,3.0,4.0,440000.0,2.0,COLINA Y ALREDEDORES,5,ENTRE 10 Y 20 ANOS,4.74,-74.07,USADO,,0,1,0,1,1,1,1,0,0,1,False,SUBA,BURGOS BRITALIA,21 Ángeles,1937.35,0,PARQUE ZONAL EL TOMILLAR,903.22,0,0.18,,0.67,0.75,0.0,,0.03,1268.08,0.0
5535-M4304090,APARTAMENTO,VENTA,19.94,90.0,3.0,3.0,605000.0,1.0,COUNTRY,5,MAS DE 20 ANOS,4.71,-74.05,USADO,,0,0,0,0,1,1,0,0,0,1,False,USAQUEN,,Prado,362.78,1,PARQUE ZONAL ATABANZA,951.73,0,0.22,,0.33,1.0,0.0,,0.03,646.55,0.0
4535-M3697229,APARTAMENTO,VENTA,21.06,140.0,3.0,2.0,1141500.0,2.0,CHICO,6,ENTRE 5 Y 10 ANOS,4.67,-74.05,USADO,,0,0,0,1,1,0,1,0,0,1,False,CHAPINERO,EL REFUGIO,Héroes - Gel´Hada,1590.82,0,PARQUE ZONAL SAN ANDRÉS,639.15,0,0.15,,0.67,1.5,0.0,,0.02,707.76,0.0
3271-M4462478,APARTAMENTO,VENTA,20.46,114.0,2.0,4.0,1300000.0,2.0,COUNTRY,6,MAS DE 20 ANOS,4.7,-74.04,USADO,,0,1,0,0,1,0,0,0,0,1,False,USAQUEN,LA_CAROLINA,Calle 127,1414.76,0,PARQUE METROPOLITANO EL COUNTRY,329.13,1,0.18,,1.0,0.5,0.0,,0.02,156.07,1.0
5545-M3697006,APARTAMENTO,VENTA,20.88,128.0,2.0,3.0,900000.0,2.0,SANTA BARBARA,6,ENTRE 0 Y 5 ANOS,4.7,-74.04,USADO,,0,0,0,0,1,0,0,0,0,0,False,USAQUEN,SANTA BARBARA OCCIDENTAL,Pepe Sierra,1251.62,0,PARQUE METROPOLITANO EL COUNTRY,1050.36,0,0.16,,1.0,0.67,0.0,,0.02,417.72,1.0
11013-M4401323,APARTAMENTO,VENTA,21.05,160.0,3.0,4.0,880000.0,2.0,SANTA BARBARA,6,ENTRE 10 Y 20 ANOS,4.7,-74.03,USADO,,0,1,0,1,1,1,1,0,0,1,False,USAQUEN,RESERVAS DE LA SIERRA - LA ARBOLEDA,Calle 127,2934.79,0,PARQUE METROPOLITANO EL COUNTRY,1222.73,0,0.13,,0.67,0.75,0.0,,0.02,693.26,0.0
5031-10128,APARTAMENTO,VENTA,20.72,0.0,3.0,2.0,1199000.0,3.0,SANTA BARBARA,6,ENTRE 10 Y 20 ANOS,4.69,-74.04,USADO,,0,0,0,0,0,1,0,0,0,1,False,USAQUEN,RINCON DEL CHICO,Calle 106,1320.01,0,PARQUE METROPOLITANO EL COUNTRY,1793.46,0,inf,,1.0,1.5,0.0,,inf,568.4,0.0
504-101840,APARTAMENTO,VENTA,20.7,123.0,4.0,4.0,3921395.93,1.0,CHAPINERO ALTO,6,ENTRE 10 Y 20 ANOS,4.65,-74.06,USADO,,0,1,0,0,1,0,0,0,0,1,False,CHAPINERO,S.C. EMAUS,Flores – Areandina,833.66,0,PARQUE ZONAL GUSTAVO URIBE BOTERO,460.68,1,0.17,,0.25,1.0,0.0,,0.03,9.36,1.0
614-M4208682,APARTAMENTO,VENTA,20.86,141.0,3.0,5.0,480000.0,2.0,NIZA ALHAMBRA,5,ENTRE 5 Y 10 ANOS,4.71,-74.07,USADO,,0,1,0,1,1,1,1,0,0,1,False,SUBA,BATAN LOTE NIZA XII,Humedal Córdoba,353.12,1,PARQUE ZONAL CANAL CORDOBA,567.64,0,0.15,,0.67,0.6,0.0,,0.02,714.44,0.0
2671-M4730707,APARTAMENTO,VENTA,20.77,168.5,3.0,4.0,563700.0,2.0,COLINA Y ALREDEDORES,5,ENTRE 10 Y 20 ANOS,4.74,-74.06,USADO,,0,1,0,1,1,1,1,0,0,1,False,SUBA,URB. LA SIRENA,Gratamira,1602.31,0,PARQUE VECINAL DESARROLLO CANTALEJO URBANIZACIÓN CANTALEJO MANZANA B,958.0,0,0.12,,0.67,0.75,0.0,,0.02,541.12,0.0
11013-M4288180,APARTAMENTO,VENTA,20.99,144.0,3.0,3.0,580000.0,2.0,SANTA BARBARA,5,ENTRE 10 Y 20 ANOS,4.7,-74.04,USADO,,0,0,0,1,1,1,0,0,0,1,False,USAQUEN,SAN PATRICIO,Pepe Sierra,1299.35,0,PARQUE METROPOLITANO EL COUNTRY,1206.53,0,0.15,,0.67,1.0,0.0,,0.02,421.24,1.0
4660-M4635163,APARTAMENTO,VENTA,20.18,96.0,3.0,2.0,368000.0,1.0,FONTIBON TINTAL,4,ENTRE 5 Y 10 ANOS,4.66,-74.13,USADO,,1,0,0,1,1,1,0,0,0,1,False,FONTIBON,URB. PRADO GRANDE,Modelia,2238.09,0,PARQUE VECINAL VILLA HELENA VILLEMAR,1053.79,0,0.21,,0.33,1.5,0.0,,0.03,322.94,2.0
815-M4433296,APARTAMENTO,VENTA,21.05,174.0,4.0,4.0,1120000.0,4.0,CHAPINERO ALTO,5,ENTRE 10 Y 20 ANOS,4.64,-74.06,USADO,,0,1,0,1,1,1,0,0,0,1,False,CHAPINERO,S.C. BOSQUE CALDERON,Marly,767.23,0,PARQUE ZONAL GUSTAVO URIBE BOTERO,1554.05,0,0.12,,1.0,1.0,0.0,,0.02,973.18,0.0
703-2298,APARTAMENTO,VENTA,21.28,0.0,3.0,3.0,1000000.0,2.0,CHICO,6,ENTRE 10 Y 20 ANOS,4.66,-74.05,USADO,,0,1,0,0,1,1,0,0,0,1,False,CHAPINERO,S.C. BELLAVISTA,Calle 72,961.36,0,PARQUE ZONAL GUSTAVO URIBE BOTERO,675.01,0,inf,,0.67,1.0,0.0,,inf,209.58,4.0
2748-M4661953,APARTAMENTO,VENTA,19.74,62.0,2.0,2.0,380000.0,1.0,NIZA ALHAMBRA,5,ENTRE 10 Y 20 ANOS,4.7,-74.06,USADO,,0,1,0,0,0,0,0,0,0,1,False,SUBA,EL BATAN,Calle 127,292.13,1,PARQUE ZONAL ATABANZA,682.45,0,0.32,,0.5,1.0,0.0,,0.03,458.84,3.0
2731-M4512873,APARTAMENTO,VENTA,20.23,150.0,3.0,3.0,550000.0,2.0,COUNTRY,5,REMODELADO,4.72,-74.03,USADO,,0,1,0,0,0,1,0,0,0,1,False,USAQUEN,CEDRITOS,Alcalá,2144.07,0,PARQUE VECINAL NUEVA URBANIZACIÓN EL CEDRITO,782.25,0,0.13,,0.67,1.0,0.0,,0.02,401.19,2.0
3036-M4150002,APARTAMENTO,VENTA,20.09,127.9,3.0,2.0,152000.0,2.0,CEDRITOS,4,MAS DE 20 ANOS,4.73,-74.03,USADO,,1,1,0,0,0,1,0,0,0,1,False,USAQUEN,CEDRO SALAZAR,Calle 146,2301.87,0,PARQUE ZONAL ALTA BLANCA,607.81,0,0.16,,0.67,1.5,0.0,,0.02,401.28,1.0
2993-M3697398,APARTAMENTO,VENTA,20.21,143.0,5.0,2.0,315000.0,1.0,NICOLAS DE FEDERMAN,4,MAS DE 20 ANOS,4.65,-74.09,USADO,,0,0,0,1,1,1,0,0,0,1,False,TEUSAQUILLO,PABLO VI ETAPA I,Campín - UAN,956.98,0,PARQUE ZONAL NICOLAS DE FEDERMAN 3,481.38,1,0.14,,0.2,2.5,0.0,,0.03,625.46,0.0
2748-M3001338,APARTAMENTO,VENTA,20.86,175.0,3.0,5.0,800000.0,2.0,SANTA BARBARA,6,ENTRE 0 Y 5 ANOS,4.69,-74.05,USADO,,0,1,0,0,0,1,0,0,0,1,False,USAQUEN,SANTA BIBIANA,Calle 106,885.35,0,PARQUE VECINAL URBANIZACIÓN NORMANDIA I II II Y IV SECTOR,1444.71,0,0.12,,0.67,0.6,0.0,,0.02,386.43,2.0
73-M3795006,APARTAMENTO,VENTA,21.77,344.0,4.0,5.0,2800000.0,4.0,CERROS DE SUBA,6,ENTRE 5 Y 10 ANOS,4.72,-74.08,USADO,,0,1,0,1,1,1,1,0,0,1,False,SUBA,BELLOMONTE SUBA,Suba - AV. Boyacá,557.05,0,PARQUE VECINAL AGRUPACIÓN DE VIVIENDA EN BALCON DE LINDARAJA,1027.06,0,0.06,,1.0,0.8,0.0,,0.01,1566.52,0.0
5031-M4514890,APARTAMENTO,VENTA,20.39,137.52,4.0,3.0,697000.0,2.0,CEDRITOS,4,ENTRE 10 Y 20 ANOS,4.72,-74.04,USADO,,0,1,0,1,1,1,1,0,0,1,False,USAQUEN,CEDRITOS,Alcalá,1839.09,0,PARQUE VECINAL NUEVA URBANIZACIÓN EL CEDRITO,511.43,0,0.15,,0.5,1.33,0.0,,0.03,288.03,1.0
4-1409778,APARTAMENTO,VENTA,20.54,0.0,3.0,4.0,943000.0,2.0,FONTIBON TINTAL,5,ENTRE 10 Y 20 ANOS,4.69,-74.16,USADO,,0,1,0,0,0,1,0,0,0,1,False,FONTIBON,ALMAGRARIO,Portal El Dorado,3884.07,0,PARQUE ZONAL LA CONCORDIA,897.91,0,inf,,0.67,0.75,0.0,,inf,1523.5,0.0
11013-M4401170,APARTAMENTO,VENTA,21.47,200.0,3.0,5.0,1093000.0,3.0,SANTA BARBARA,6,ENTRE 5 Y 10 ANOS,4.7,-74.03,USADO,,0,1,0,1,1,1,1,0,0,1,False,USAQUEN,RESERVAS DE LA SIERRA - LA ARBOLEDA,Calle 127,2934.79,0,PARQUE METROPOLITANO EL COUNTRY,1222.73,0,0.11,,1.0,0.6,0.0,,0.02,693.26,0.0
2671-M4728089,APARTAMENTO,VENTA,21.05,215.0,3.0,4.0,1285000.0,4.0,ALTOS DE SUBA Y CERROS DE SAN JORGE,6,ENTRE 10 Y 20 ANOS,4.73,-74.08,USADO,,0,1,0,1,1,1,1,0,0,1,False,SUBA,S C CASABLANCA SUBA,Gratamira,630.42,0,PARQUE ZONAL EL TOMILLAR,855.56,0,0.1,,1.33,0.75,0.0,,0.01,911.81,0.0
703-2330,APARTAMENTO,VENTA,21.19,190.0,3.0,5.0,1147000.0,4.0,CHICO,6,ENTRE 10 Y 20 ANOS,4.66,-74.05,USADO,,0,1,0,0,1,0,0,0,0,1,False,CHAPINERO,S.C. EL NOGAL,Calle 76 - San Felipe,1057.25,0,PARQUE ZONAL SAN ANDRÉS,630.19,0,0.11,,1.33,0.6,0.0,,0.02,429.11,1.0
384-4038,APARTAMENTO,VENTA,20.46,87.0,3.0,2.0,391500.0,2.0,SALITRE MODELIA,4,ENTRE 0 Y 5 ANOS,4.67,-74.11,USADO,,0,0,0,0,0,0,0,0,0,0,False,ENGATIVA,NORMANDIA,AV. Rojas,458.41,1,PARQUE ZONAL CANAL BOYACA,877.41,0,0.24,,0.67,1.5,0.0,,0.03,746.32,0.0
384-M3452602,APARTAMENTO,VENTA,19.91,82.79,3.0,2.0,331160.0,1.0,FONTIBON TINTAL,4,ENTRE 0 Y 5 ANOS,4.67,-74.14,USADO,,0,0,0,0,0,0,0,0,0,0,False,FONTIBON,VILLEMAR,Portal El Dorado,2765.38,0,PARQUE VECINAL VILLA HELENA VILLEMAR,473.58,1,0.24,,0.33,1.5,0.0,,0.04,1520.26,0.0
2974-M4512804,APARTAMENTO,VENTA,20.58,106.0,2.0,3.0,3921395.93,2.0,SANTA BARBARA,6,ENTRE 0 Y 5 ANOS,4.69,-74.04,USADO,,0,0,0,1,1,1,0,0,0,0,False,USAQUEN,SANTA BARBARA CENTRAL II SECTOR,Pepe Sierra,1875.18,0,PARQUE METROPOLITANO EL COUNTRY,1093.66,0,0.19,,1.0,0.67,0.0,,0.02,489.4,1.0
384-M3905983,APARTAMENTO,VENTA,20.13,109.0,3.0,2.0,811893.0,2.0,CEDRITOS,4,ENTRE 10 Y 20 ANOS,4.72,-74.03,USADO,,0,0,0,0,0,0,0,0,0,0,False,USAQUEN,LOS CEDROS ORIENTAL,Calle 142,2231.9,0,PARQUE VECINAL NUEVA URBANIZACIÓN EL CEDRITO,314.15,1,0.18,,0.67,1.5,0.0,,0.03,793.16,0.0
2974-M4029215,APARTAMENTO,VENTA,19.61,50.25,1.0,1.0,385000.0,1.0,SANTA BARBARA,5,MAS DE 20 ANOS,4.7,-74.05,USADO,,0,1,0,0,1,1,0,0,0,1,False,USAQUEN,SANTA BARBARA OCCIDENTAL,Calle 127,528.89,0,PARQUE ZONAL ATABANZA,1176.98,0,0.39,,1.0,1.0,0.0,,0.02,432.95,3.0
11549-M4081025,APARTAMENTO,VENTA,19.5,60.0,3.0,2.0,3921395.93,1.0,ENGATIVA,4,ENTRE 5 Y 10 ANOS,4.72,-74.13,USADO,,0,0,0,0,1,1,0,0,0,1,False,ENGATIVA,S.C. ENGATIVA EL DORADO,Portal 80,2675.55,0,PARQUE METROPOLITANO PLANTA DE TRATAMIENTO SALITRE,1033.24,0,0.33,,0.33,1.5,0.0,,0.05,2462.61,0.0
512-M4024301,APARTAMENTO,VENTA,19.95,61.0,3.0,2.0,264000.0,1.0,SALITRE MODELIA,4,ENTRE 10 Y 20 ANOS,4.65,-74.11,USADO,,0,0,0,1,1,1,0,0,0,1,False,FONTIBON,CIUDAD SALITRE 3 A. ETAPA,El Tiempo - Maloka,945.14,0,PARQUE ZONAL SAUZALITO,336.48,1,0.33,,0.33,1.5,0.0,,0.05,351.54,2.0
2974-M3181902,APARTAMENTO,VENTA,20.34,139.0,3.0,4.0,370000.0,2.0,COLINA Y ALREDEDORES,5,ENTRE 10 Y 20 ANOS,4.73,-74.06,USADO,,0,1,0,1,1,1,0,0,0,1,False,SUBA,EL PINAR,Calle 146,1213.33,0,PARQUE VECINAL URBANIZACIÓN LA LAGUNA,695.18,0,0.15,,0.67,0.75,0.0,,0.02,692.6,0.0
11013-M4735964,APARTAMENTO,VENTA,20.56,162.0,3.0,3.0,899000.0,2.0,SANTA BARBARA,6,ENTRE 5 Y 10 ANOS,4.7,-74.04,USADO,,0,1,0,0,1,1,0,0,0,1,False,USAQUEN,SANTA BARBARA OCCIDENTAL,Calle 127,1257.73,0,PARQUE METROPOLITANO EL COUNTRY,520.93,0,0.13,,0.67,1.0,0.0,,0.02,124.07,1.0
771-1144051090,APARTAMENTO,VENTA,20.71,240.0,3.0,5.0,1000000.0,2.0,COUNTRY,6,ENTRE 10 Y 20 ANOS,4.7,-74.04,USADO,,0,0,0,0,0,0,0,0,0,1,False,USAQUEN,SANTA BARBARA NORTE,Calle 127,1461.0,0,PARQUE METROPOLITANO EL COUNTRY,290.29,1,0.09,,0.67,0.6,0.0,,0.01,140.66,1.0
11013-M4411162,APARTAMENTO,VENTA,21.18,234.0,3.0,4.0,1116000.0,3.0,COUNTRY,6,ENTRE 10 Y 20 ANOS,4.71,-74.03,USADO,,0,1,0,1,1,1,1,0,0,1,False,USAQUEN,GINEBRA,Prado,2791.82,0,PARQUE METROPOLITANO EL COUNTRY,1272.95,0,0.09,,1.0,0.75,0.0,,0.01,488.55,1.0
771-M4370708,APARTAMENTO,VENTA,21.25,220.0,3.0,5.0,1500000.0,4.0,COUNTRY,6,ENTRE 10 Y 20 ANOS,4.71,-74.03,USADO,,0,1,0,1,1,1,0,0,0,1,False,USAQUEN,BOSQUES DE MEDINA,Prado,2751.13,0,PARQUE METROPOLITANO EL COUNTRY,1378.05,0,0.1,,1.33,0.6,0.0,,0.01,472.58,2.0
3606-1001452,APARTAMENTO,VENTA,21.02,248.0,3.0,4.0,662000.0,2.0,COUNTRY,5,MAS DE 20 ANOS,4.72,-74.05,USADO,,0,0,0,1,1,1,0,0,0,1,False,USAQUEN,COUNTRY CLUB,Prado,618.88,0,PARQUE ZONAL ATABANZA,1383.14,0,0.08,,0.67,0.75,0.0,,0.01,601.7,0.0
3038-M4560763,APARTAMENTO,VENTA,21.19,160.0,2.0,3.0,1200000.0,3.0,CHICO,6,ENTRE 10 Y 20 ANOS,4.67,-74.05,USADO,,0,0,0,0,1,1,0,0,0,1,False,CHAPINERO,S.C. CHICO NORTE,Virrey,1430.54,0,PARQUE VECINAL URBANIZACIÓN LA CABRERA,709.57,0,0.13,,1.5,0.67,0.0,,0.01,309.52,1.0
399-1305,APARTAMENTO,VENTA,19.64,0.0,2.0,2.0,516000.0,1.0,NIZA ALHAMBRA,5,ENTRE 10 Y 20 ANOS,4.71,-74.06,USADO,,0,0,0,0,1,0,0,0,0,1,False,SUBA,EL BATAN,Calle 127,703.17,0,PARQUE ZONAL ATABANZA,485.2,1,inf,,0.5,1.0,0.0,,inf,861.58,0.0
10139-M4462457,APARTAMENTO,VENTA,20.44,105.0,3.0,2.0,983000.0,2.0,SANTA BARBARA,5,ENTRE 5 Y 10 ANOS,4.7,-74.05,USADO,,0,1,0,0,1,0,0,0,0,1,False,USAQUEN,SANTA BARBARA OCCIDENTAL,Pepe Sierra,417.48,1,PARQUE ZONAL ATABANZA,1231.37,0,0.19,,0.67,1.5,0.0,,0.03,486.45,1.0
832-M4661952,APARTAMENTO,VENTA,19.64,80.0,3.0,2.0,231000.0,1.0,170 Y ALREDORES,4,MAS DE 20 ANOS,4.77,-74.05,USADO,,0,0,0,0,0,1,0,0,0,1,False,SUBA,URB. SAN PEDRO,Terminal,648.09,0,PARQUE VECINAL URBANIZACIÓN VILANOVA,364.23,1,0.25,,0.33,1.5,0.0,,0.04,621.54,0.0
4-1409688,APARTAMENTO,VENTA,20.16,0.0,3.0,3.0,525000.0,2.0,SANTA BARBARA,5,ENTRE 10 Y 20 ANOS,4.7,-74.05,USADO,,0,0,0,0,0,1,0,0,0,1,False,USAQUEN,SAN PATRICIO,Pepe Sierra,623.86,0,PARQUE METROPOLITANO EL COUNTRY,1404.62,0,inf,,0.67,1.0,0.0,,inf,228.81,2.0
3038-M4028126,APARTAMENTO,VENTA,21.19,160.0,1.0,3.0,1200000.0,3.0,CHICO,6,ENTRE 10 Y 20 ANOS,4.68,-74.05,USADO,,0,1,0,0,1,1,0,0,0,1,False,CHAPINERO,S.C. CHICO NORTE,Virrey,1439.04,0,PARQUE VECINAL URBANIZACIÓN LA CABRERA,730.18,0,0.13,,3.0,0.33,0.0,,0.01,305.87,1.0
3038-M4028103,APARTAMENTO,VENTA,19.86,94.0,3.0,2.0,270000.0,1.0,NIZA ALHAMBRA,4,ENTRE 10 Y 20 ANOS,4.7,-74.08,USADO,,0,1,0,0,1,1,0,0,0,1,True,SUBA,NIZA SUR,Humedal Córdoba,959.98,0,PARQUE METROPOLITANO CEFE COMETAS,898.73,0,0.21,,0.33,1.5,0.0,,0.03,1078.32,0.0
14674-M4462208,APARTAMENTO,VENTA,20.55,154.0,3.0,4.0,604000.0,2.0,NIZA ALHAMBRA,5,ENTRE 10 Y 20 ANOS,4.71,-74.07,USADO,,0,1,0,1,1,1,0,0,0,1,False,SUBA,BATAN LOTE NIZA XII,Humedal Córdoba,282.16,1,PARQUE ZONAL CANAL CORDOBA,574.93,0,0.13,,0.67,0.75,0.0,,0.02,727.83,0.0
4-1409797,APARTAMENTO,VENTA,21.51,0.0,3.0,5.0,1400000000.0,4.0,CHICO,6,ENTRE 10 Y 20 ANOS,4.67,-74.05,USADO,,0,1,0,1,0,1,0,0,0,1,False,CHAPINERO,S.C. EL NOGAL,Héroes - Gel´Hada,1119.68,0,PARQUE ZONAL SAN ANDRÉS,148.22,1,inf,,1.33,0.6,0.0,,inf,278.63,3.0
4-1409773,APARTAMENTO,VENTA,20.56,0.0,3.0,3.0,1031000.0,2.0,SANTA BARBARA,6,ENTRE 10 Y 20 ANOS,4.69,-74.05,USADO,,0,1,0,0,0,1,0,0,0,1,False,USAQUEN,SANTA BIBIANA,Calle 106,819.17,0,PARQUE VECINAL URBANIZACIÓN NORMANDIA I II II Y IV SECTOR,1795.3,0,inf,,0.67,1.0,0.0,,inf,410.16,1.0
384-M4459087,APARTAMENTO,VENTA,19.49,73.0,3.0,2.0,50000.0,1.0,ORQUIDEAS,3,ENTRE 10 Y 20 ANOS,4.76,-74.03,USADO,,0,0,0,0,0,0,0,0,0,0,False,USAQUEN,VILLAS DE ANDALUCIA,Calle 187,1327.97,0,PARQUE VECINAL URBANIZACIÓN CALLE 170 / ALAMEDA,623.08,0,0.27,,0.33,1.5,0.0,,0.04,1199.23,0.0
410-466,APARTAMENTO,VENTA,19.67,0.0,2.0,2.0,467200.0,2.0,COUNTRY,5,ENTRE 10 Y 20 ANOS,4.71,-74.03,USADO,1390000.0,0,0,0,0,1,0,0,0,0,1,False,USAQUEN,GINEBRA NORTE,Prado,2582.34,0,PARQUE METROPOLITANO EL COUNTRY,1121.49,0,inf,inf,1.0,1.0,0.0,2.98,inf,278.48,1.0
2630-M3827658,APARTAMENTO,VENTA,20.64,108.0,2.0,2.0,672000.0,2.0,CHAPINERO ALTO,6,ENTRE 10 Y 20 ANOS,4.65,-74.06,USADO,,0,0,0,0,0,0,0,0,0,0,True,CHAPINERO,S.C. CHAPINERO NORTE,Calle 63,420.41,1,PARQUE ZONAL GUSTAVO URIBE BOTERO,1006.73,0,0.19,,1.0,1.0,0.0,,0.02,488.55,1.0
815-M3393831,APARTAMENTO,VENTA,21.81,295.0,4.0,5.0,3700000.0,4.0,SANTA BARBARA,6,ENTRE 5 Y 10 ANOS,4.69,-74.05,USADO,,0,1,0,1,1,1,0,0,0,1,False,USAQUEN,SAN PATRICIO,Calle 106,266.64,1,PARQUE ZONAL CANAL CORDOBA,1501.6,0,0.07,,1.0,0.8,0.0,,0.01,465.41,1.0
384-M4493905,APARTAMENTO,VENTA,19.98,85.0,3.0,2.0,239000.0,1.0,COLINA Y ALREDEDORES,4,ENTRE 10 Y 20 ANOS,4.74,-74.07,USADO,,0,0,0,0,0,0,0,0,0,0,False,SUBA,CASABLANCA (HACIENDA),21 Ángeles,1713.34,0,PARQUE ZONAL EL TOMILLAR,714.04,0,0.24,,0.33,1.5,0.0,,0.04,933.05,0.0
815-M4475292,APARTAMENTO,VENTA,21.6,280.0,3.0,5.0,2100000.0,3.0,CHICO,6,MAS DE 20 ANOS,4.67,-74.04,USADO,,0,1,0,1,1,1,1,0,0,1,False,CHAPINERO,CHICO ALTO,Calle 85,1989.42,0,PARQUE VECINAL URBANIZACIÓN LA CABRERA,932.05,0,0.08,,1.0,0.6,0.0,,0.01,881.81,0.0
384-M3980705,APARTAMENTO,VENTA,19.61,1.0,3.0,2.0,288200.0,1.0,ENGATIVA,3,ENTRE 0 Y 5 ANOS,4.7,-74.1,USADO,,0,0,0,0,0,0,0,0,0,0,False,ENGATIVA,LA GRANJA,Granja - Kr 77,228.29,1,PARQUE VECINAL URBANIZACIÓN FLORENCIA I SECTOR,985.55,0,19.61,,0.33,1.5,0.0,,3.0,1112.66,0.0
384-4012,APARTAMENTO,VENTA,20.98,142.67,3.0,4.0,933855.0,3.0,SANTA BARBARA,6,ENTRE 0 Y 5 ANOS,4.7,-74.05,USADO,,0,0,0,0,0,0,0,0,0,0,True,USAQUEN,SANTA BARBARA OCCIDENTAL,Pepe Sierra,938.77,0,PARQUE METROPOLITANO EL COUNTRY,1109.23,0,0.15,,1.0,0.75,0.0,,0.02,156.41,1.0
384-M4507222,APARTAMENTO,VENTA,19.96,67.83,2.0,2.0,373065.0,1.0,COLINA Y ALREDEDORES,4,ENTRE 0 Y 5 ANOS,4.72,-74.06,USADO,,0,0,0,0,0,0,0,0,0,0,False,SUBA,URB. SAN RAFAEL NORTE II,Prado,1044.33,0,PARQUE ZONAL ATABANZA,1072.34,0,0.29,,0.5,1.0,0.0,,0.03,523.8,0.0
13634-M4300130,APARTAMENTO,VENTA,20.08,77.0,2.0,3.0,863000.0,2.0,SANTA BARBARA,6,ENTRE 10 Y 20 ANOS,4.7,-74.05,USADO,,0,0,0,0,1,1,0,0,0,1,False,USAQUEN,SANTA BARBARA OCCIDENTAL,Pepe Sierra,362.26,1,PARQUE ZONAL ATABANZA,1125.89,0,0.26,,1.0,0.67,0.0,,0.03,512.11,0.0
315-M4659299,APARTAMENTO,VENTA,20.7,146.0,2.0,3.0,1000000.0,2.0,SANTA BARBARA,6,ENTRE 5 Y 10 ANOS,4.7,-74.05,USADO,,0,0,0,0,1,1,0,0,0,1,False,USAQUEN,SAN PATRICIO,Pepe Sierra,346.64,1,PARQUE ZONAL ATABANZA,1399.81,0,0.14,,1.0,0.67,0.0,,0.01,321.37,2.0
10139-M4603976,APARTAMENTO,VENTA,21.41,135.0,2.0,3.0,3921395.93,2.0,CHICO,6,ENTRE 0 Y 5 ANOS,4.67,-74.05,USADO,,0,0,0,1,1,0,0,0,0,1,False,CHAPINERO,S.C. EL CHICO,Calle 85,1594.18,0,PARQUE VECINAL URBANIZACIÓN LA CABRERA,576.15,0,0.16,,1.0,0.67,0.0,,0.01,502.34,0.0
5483-M4557162,APARTAMENTO,VENTA,20.13,80.0,2.0,3.0,769000.0,2.0,CHICO,6,MAS DE 20 ANOS,4.68,-74.05,USADO,,0,1,0,0,1,0,0,0,0,1,False,CHAPINERO,S.C. CHICO NORTE III SECTOR,Calle 100 - Marketmedios,488.23,1,PARQUE VECINAL URBANIZACIÓN NORMANDIA I II II Y IV SECTOR,852.55,0,0.25,,1.0,0.67,0.0,,0.02,254.69,2.0
2147-M3078023,APARTAMENTO,VENTA,20.12,82.0,2.0,2.0,600000.0,2.0,SANTA BARBARA,6,ENTRE 10 Y 20 ANOS,4.69,-74.05,USADO,,0,0,0,0,0,1,0,0,0,1,False,USAQUEN,RINCON DEL CHICO,Calle 100 - Marketmedios,1121.93,0,PARQUE VECINAL URBANIZACIÓN NORMANDIA I II II Y IV SECTOR,1523.81,0,0.25,,1.0,1.0,0.0,,0.02,235.8,2.0
2147-M3178761,APARTAMENTO,VENTA,20.45,96.47,3.0,3.0,600000.0,2.0,COUNTRY,5,ENTRE 0 Y 5 ANOS,4.7,-74.03,USADO,,0,0,0,0,1,0,0,0,0,1,False,USAQUEN,SAN,Calle 127,2888.0,0,PARQUE METROPOLITANO EL COUNTRY,1146.53,0,0.21,,0.67,1.0,0.0,,0.03,750.5,0.0
384-M4624737,APARTAMENTO,VENTA,20.56,86.5,3.0,2.0,301051.0,1.0,,5,ENTRE 0 Y 5 ANOS,4.66,-74.11,USADO,,1,0,0,1,1,0,1,0,0,0,False,FONTIBON,LA ESPERANZA NORTE,AV. Rojas,363.77,1,PARQUE VECINAL CARLOS LLERAS (EL FUEGO),674.29,0,0.24,,0.33,1.5,0.0,,0.03,575.72,0.0
10278-M4417334,APARTAMENTO,VENTA,19.07,48.0,3.0,2.0,3921395.93,1.0,KENNEDY,3,ENTRE 10 Y 20 ANOS,4.65,-74.15,USADO,,0,0,0,1,0,1,0,0,0,1,False,KENNEDY,VILLA MEJIA - EL TINTAL,Biblioteca Tintal,2033.48,0,PARQUE METROPOLITANO BIBLIOTECA EL TINTAL,1196.25,0,0.4,,0.33,1.5,0.0,,0.06,2298.57,0.0
359-M4706366,APARTAMENTO,VENTA,20.05,72.0,2.0,2.0,280000.0,2.0,CENTRO NARINO,4,ENTRE 5 Y 10 ANOS,4.63,-74.08,USADO,,0,0,0,1,1,1,0,0,0,1,False,TEUSAQUILLO,GRAN AMERICA - MULTIFAMILIARES FUTURA,Ciudad Universitaria - Lotería de Bogotá,199.22,1,PARQUE METROPOLITANO EL RENACIMIENTO - PARQUE CEMENTERIO CENTRAL,1280.28,0,0.28,,1.0,1.0,0.0,,0.03,1011.95,0.0
3147-M4514323,APARTAMENTO,VENTA,20.82,180.0,3.0,2.0,320000.0,2.0,COLINA Y ALREDEDORES,4,ENTRE 0 Y 5 ANOS,4.72,-74.07,USADO,,0,0,0,0,1,1,0,0,0,0,False,SUBA,CIUDAD JARDIN NORTE,Suba - AV. Boyacá,442.35,1,PARQUE ZONAL LOS LACHES LA MINA,1083.4,0,0.12,,0.67,1.5,0.0,,0.02,979.97,0.0
2453-M4741112,APARTAMENTO,VENTA,19.83,80.0,3.0,2.0,270000.0,1.0,COLINA Y ALREDEDORES,4,ENTRE 5 Y 10 ANOS,4.73,-74.06,USADO,,0,0,0,0,1,1,0,0,0,1,False,SUBA,PRADO PINZON - SANTA CAROLINA,Calle 142,620.87,0,PARQUE VECINAL PRADO PINZÓN,255.07,1,0.25,,0.33,1.5,0.0,,0.04,795.03,0.0
12473-M4026258,APARTAMENTO,VENTA,20.34,97.0,3.0,2.0,300000.0,2.0,ORQUIDEAS,4,ENTRE 0 Y 5 ANOS,4.76,-74.04,USADO,,0,0,0,0,1,1,0,0,0,1,False,USAQUEN,EL VERBENAL III SECTOR,Calle 187,718.87,0,PARQUE VECINAL DESARROLLO VERBENAL I,457.1,1,0.21,,0.67,1.5,0.0,,0.03,810.03,0.0
16400-M4660110,APARTAMENTO,VENTA,19.73,66.0,3.0,2.0,370000000.0,2.0,CEDRITOS,4,ENTRE 10 Y 20 ANOS,4.72,-74.03,USADO,,0,0,0,0,0,1,0,0,0,0,False,USAQUEN,LOS CEDROS ORIENTAL,Calle 142,2408.66,0,PARQUE VECINAL NUEVA URBANIZACIÓN EL CEDRITO,488.88,1,0.3,,0.67,1.5,0.0,,0.05,798.65,0.0
10538-M4147680,APARTAMENTO,VENTA,20.34,114.0,3.0,2.0,365000.0,2.0,NIZA ALHAMBRA,4,ENTRE 10 Y 20 ANOS,4.7,-74.08,USADO,,0,0,0,0,0,1,0,0,0,0,False,SUBA,POTOSI SECTOR I,Ferias,631.19,0,PARQUE ZONAL MORATO,932.09,0,0.18,,0.67,1.5,0.0,,0.03,485.9,1.0
5105-M2994658,APARTAMENTO,VENTA,20.03,117.0,2.0,2.0,470000.0,2.0,SANTA BARBARA,6,ENTRE 10 Y 20 ANOS,4.69,-74.05,USADO,,0,1,0,0,1,0,0,0,0,1,False,USAQUEN,SAN PATRICIO,Pepe Sierra,1041.81,0,PARQUE METROPOLITANO EL COUNTRY,1466.73,0,0.17,,1.0,1.0,0.0,,0.02,93.96,3.0
11203-M4026818,APARTAMENTO,VENTA,21.02,165.0,3.0,3.0,1196000.0,2.0,CHICO,6,MAS DE 20 ANOS,4.67,-74.05,USADO,,0,1,0,0,1,0,0,0,0,1,False,CHAPINERO,S.C. EL CHICO,Virrey,1037.07,0,PARQUE VECINAL URBANIZACIÓN LA CABRERA,383.64,1,0.13,,0.67,1.0,0.0,,0.02,315.83,4.0
4761-M4144743,APARTAMENTO,VENTA,20.93,159.0,3.0,5.0,1200000.0,2.0,CHICO,6,ENTRE 10 Y 20 ANOS,4.66,-74.05,USADO,,0,1,0,1,0,1,1,0,0,0,False,CHAPINERO,BOSQUE EL RETIRO I SECTOR,Héroes - Gel´Hada,1573.6,0,PARQUE ZONAL SAN ANDRÉS,597.72,0,0.13,,0.67,0.6,0.0,,0.02,716.06,0.0
370-M4600892,APARTAMENTO,VENTA,20.16,124.97,3.0,3.0,408300.0,2.0,COLINA Y ALREDEDORES,5,MAS DE 20 ANOS,4.73,-74.07,USADO,,0,1,0,1,1,1,0,0,0,1,False,SUBA,URB. PARQUES DE LA COLINA,Gratamira,863.57,0,PARQUE VECINAL PRADO PINZÓN,1455.01,0,0.16,,0.67,1.0,0.0,,0.02,257.36,1.0
3389-M4601262,APARTAMENTO,VENTA,20.46,85.0,3.0,2.0,250000.0,2.0,SALITRE MODELIA,4,ENTRE 0 Y 5 ANOS,4.66,-74.12,USADO,,0,0,0,1,1,1,1,0,0,1,False,FONTIBON,LA ESPERANZA_,Normandía,1511.17,0,PARQUE ZONAL CANAL BOYACA,742.1,0,0.24,,0.67,1.5,0.0,,0.04,583.72,0.0
11203-M3921935,APARTAMENTO,VENTA,20.62,161.0,3.0,3.0,1347000.0,2.0,SANTA BARBARA,6,ENTRE 10 Y 20 ANOS,4.7,-74.04,USADO,,0,1,0,0,1,0,0,0,0,1,False,USAQUEN,SANTA BARBARA CENTRAL I SECTOR,Pepe Sierra,1597.87,0,PARQUE METROPOLITANO EL COUNTRY,757.39,0,0.13,,0.67,1.0,0.0,,0.02,552.43,0.0
16399-M4616131,APARTAMENTO,VENTA,19.35,61.0,3.0,2.0,150000.0,1.0,CASTILLA MARSELLA,3,REMODELADO,4.65,-74.14,USADO,,0,0,0,0,0,1,0,0,0,1,False,KENNEDY,CASTILLA REAL,Mandalay,1796.87,0,PARQUE VECINAL VILLA ALSACIA,472.82,1,0.32,,0.33,1.5,0.0,,0.05,1250.08,0.0
12673-M4070469,APARTAMENTO,VENTA,20.52,145.0,3.0,3.0,906300.0,2.0,SANTA BARBARA,6,MAS DE 20 ANOS,4.69,-74.05,USADO,,0,1,0,0,1,0,0,0,0,0,False,USAQUEN,SAN PATRICIO,Calle 106,1141.8,0,PARQUE METROPOLITANO EL COUNTRY,1599.35,0,0.14,,0.67,1.0,0.0,,0.02,270.7,1.0
614-M4161398,APARTAMENTO,VENTA,20.16,117.0,3.0,4.0,500000.0,2.0,NIZA ALHAMBRA,5,MAS DE 20 ANOS,4.7,-74.07,USADO,,0,0,0,0,1,0,0,0,0,1,False,SUBA,LAGOS DE CORDOBA,Humedal Córdoba,212.58,1,PARQUE ZONAL CANAL CORDOBA,653.08,0,0.17,,0.67,0.75,0.0,,0.03,701.73,0.0
15833-M4616142,APARTAMENTO,VENTA,19.67,72.0,3.0,3.0,280000.0,1.0,CEDRITOS,3,MAS DE 20 ANOS,4.73,-74.03,USADO,,0,0,0,0,1,0,0,0,0,0,False,USAQUEN,BARRANCAS PERLAS DEL NORTE,Calle 146,2623.66,0,PARQUE ZONAL ALTA BLANCA,696.5,0,0.27,,0.33,1.0,0.0,,0.04,718.14,0.0
2671-M4730819,APARTAMENTO,VENTA,21.16,297.6,4.0,5.0,900000.0,3.0,COLINA Y ALREDEDORES,5,ENTRE 10 Y 20 ANOS,4.74,-74.06,USADO,,1,1,0,1,1,1,1,0,0,1,False,SUBA,URB. LA SIRENA,Mazurén,1550.73,0,PARQUE VECINAL DESARROLLO CANTALEJO URBANIZACIÓN CANTALEJO MANZANA B,878.72,0,0.07,,0.75,0.8,0.0,,0.01,611.21,0.0
3553-M3032422,APARTAMENTO,VENTA,21.06,200.0,3.0,4.0,950000.0,3.0,COUNTRY,6,ENTRE 10 Y 20 ANOS,4.71,-74.04,USADO,,0,1,0,1,0,0,0,0,0,1,False,USAQUEN,LA_CAROLINA,Calle 127,1660.15,0,PARQUE METROPOLITANO EL COUNTRY,232.8,1,0.11,,1.0,0.75,0.0,,0.02,471.79,1.0
614-M4437856,APARTAMENTO,VENTA,20.67,120.0,3.0,4.0,700000.0,2.0,SANTA BARBARA,6,ENTRE 10 Y 20 ANOS,4.7,-74.04,USADO,,0,0,0,1,1,1,0,0,0,1,False,USAQUEN,SANTA BARBARA CENTRAL III SECTOR,Pepe Sierra,2142.25,0,PARQUE METROPOLITANO EL COUNTRY,864.82,0,0.17,,0.67,0.75,0.0,,0.02,428.29,1.0
771-1144049419,APARTAMENTO,VENTA,20.56,143.0,3.0,4.0,600000.0,3.0,COUNTRY,5,ENTRE 10 Y 20 ANOS,4.71,-74.03,USADO,,0,0,0,1,0,1,0,0,0,1,False,USAQUEN,LISBOA_,Prado,2453.78,0,PARQUE VECINAL NUEVA URBANIZACIÓN EL CEDRITO,1148.08,0,0.14,,1.0,0.75,0.0,,0.02,242.34,3.0
5168-M2589462,APARTAMENTO,VENTA,21.09,185.0,3.0,4.0,660000.0,3.0,SANTA BARBARA,5,ENTRE 10 Y 20 ANOS,4.69,-74.04,USADO,,0,0,0,1,1,1,0,0,0,1,False,USAQUEN,SANTA ANA OCCIDENTAL,Calle 106,1972.17,0,PARQUE METROPOLITANO EL COUNTRY,1763.2,0,0.11,,1.0,0.75,0.0,,0.02,266.66,1.0
13194-M4613507,APARTAMENTO,VENTA,19.76,55.0,1.0,2.0,480000.0,1.0,CHAPINERO ALTO,4,MAS DE 20 ANOS,4.64,-74.06,USADO,,0,0,0,0,1,0,0,0,0,1,False,CHAPINERO,S.C. PARDO RUBIO,Marly,462.2,1,PARQUE METROPOLITANO PARQUE NACIONAL (PM2A) ENRIQUE OLAYA HERRERA (SECTOR HISTORICO),1334.44,0,0.36,,1.0,0.5,0.0,,0.02,551.28,0.0
3340-M3696655,APARTAMENTO,VENTA,20.54,142.0,3.0,3.0,900000.0,2.0,SANTA BARBARA,6,MAS DE 20 ANOS,4.69,-74.05,USADO,,0,1,0,0,1,0,0,0,0,1,False,USAQUEN,SANTA BIBIANA,Calle 106,1036.75,0,PARQUE METROPOLITANO EL COUNTRY,1786.22,0,0.14,,0.67,1.0,0.0,,0.02,339.66,1.0
3147-M4515027,APARTAMENTO,VENTA,20.13,117.0,3.0,3.0,695000.0,1.0,NICOLAS DE FEDERMAN,5,MAS DE 20 ANOS,4.65,-74.08,USADO,,0,0,0,0,1,0,0,0,0,0,False,TEUSAQUILLO,NICOLAS DE FEDERMAN,Movistar Arena,359.07,1,PARQUE ZONAL NICOLAS DE FEDERMAN 3,285.48,1,0.17,,0.33,1.0,0.0,,0.03,447.58,1.0
523-M2869369,APARTAMENTO,VENTA,21.64,171.0,3.0,4.0,1400000.0,3.0,CHICO,6,ENTRE 0 Y 5 ANOS,4.67,-74.05,USADO,,0,0,0,0,0,1,0,0,0,1,False,CHAPINERO,S.C. EL CHICO,Calle 85,1566.36,0,PARQUE VECINAL URBANIZACIÓN LA CABRERA,534.75,0,0.13,,1.0,0.75,0.0,,0.02,465.57,1.0
10323-30065,APARTAMENTO,VENTA,20.2,110.0,3.0,3.0,332000.0,2.0,NIZA ALHAMBRA,5,ENTRE 10 Y 20 ANOS,4.71,-74.07,USADO,2330000.0,0,0,0,1,1,1,0,0,0,1,False,SUBA,NIZA SUR,Humedal Córdoba,128.74,1,PARQUE ZONAL LOS LACHES LA MINA,601.0,0,0.18,21181.82,0.67,1.0,0.0,7.02,0.03,597.7,0.0
4660-M4635224,APARTAMENTO,VENTA,20.29,86.0,2.0,2.0,380000.0,1.0,SALITRE MODELIA,4,ENTRE 10 Y 20 ANOS,4.64,-74.11,USADO,,0,1,0,1,1,1,0,0,0,1,False,TEUSAQUILLO,CIUDAD SALITRE SURORIENTAL,Salitre - El Greco,1038.99,0,PARQUE METROPOLITANO PARQUE CENTRAL SIMÓN BOLÍVAR,1110.02,0,0.24,,0.5,1.0,0.0,,0.02,805.36,0.0
11307-118,APARTAMENTO,VENTA,21.6,244.0,3.0,4.0,1423740.0,3.0,CHICO,6,ENTRE 10 Y 20 ANOS,4.67,-74.05,USADO,,0,1,0,1,1,1,0,0,0,1,False,CHAPINERO,LA CABRERA,Héroes - Gel´Hada,1211.05,0,PARQUE VECINAL URBANIZACIÓN LA CABRERA,274.61,1,0.09,,1.0,0.75,0.0,,0.01,319.77,4.0
247-409,APARTAMENTO,VENTA,20.5,0.0,3.0,4.0,750000.0,2.0,COUNTRY,5,ENTRE 10 Y 20 ANOS,4.71,-74.04,USADO,,0,1,0,0,1,1,0,0,0,1,False,USAQUEN,LA_CAROLINA,Calle 127,1619.65,0,PARQUE METROPOLITANO EL COUNTRY,353.35,1,inf,,0.67,0.75,0.0,,inf,534.07,0.0
10323-M4134249,APARTAMENTO,VENTA,20.72,148.83,3.0,4.0,462300.0,2.0,COLINA Y ALREDEDORES,5,ENTRE 0 Y 5 ANOS,4.76,-74.06,USADO,,1,1,0,1,1,1,1,0,0,1,False,SUBA,SAN JOSE V SECTOR,Portal Norte,2049.42,0,PARQUE ZONAL SAN JOSÉ DE BAVARIA,444.81,1,0.14,,0.67,0.75,0.0,,0.02,2102.93,0.0
703-2220,APARTAMENTO,VENTA,20.82,0.0,2.0,4.0,965713.0,2.0,CHICO,6,ENTRE 10 Y 20 ANOS,4.66,-74.05,USADO,,0,1,0,0,1,0,0,0,0,1,False,CHAPINERO,LOS ROSALES,Calle 76 - San Felipe,1482.68,0,PARQUE ZONAL SAN ANDRÉS,732.83,0,inf,,1.0,0.5,0.0,,inf,837.75,0.0
11013-M4735459,APARTAMENTO,VENTA,21.42,262.0,4.0,4.0,1450000.0,4.0,ALTOS DE SUBA Y CERROS DE SAN JORGE,6,ENTRE 5 Y 10 ANOS,4.73,-74.08,USADO,,0,1,0,1,1,1,1,0,0,1,False,SUBA,SALAMANCA Y CATALAYUD,21 Ángeles,354.15,1,PARQUE ZONAL EL TOMILLAR,905.96,0,0.08,,1.0,1.0,0.0,,0.02,1249.73,0.0
384-M4189459,APARTAMENTO,VENTA,20.5,115.89,2.0,3.0,960333.0,2.0,CHICO,6,MAS DE 20 ANOS,4.66,-74.05,USADO,,0,0,0,1,1,0,0,0,0,0,False,CHAPINERO,LOS ROSALES,Calle 72,1656.81,0,PARQUE ZONAL GUSTAVO URIBE BOTERO,892.76,0,0.18,,1.0,0.67,0.0,,0.02,911.48,0.0
384-M4106398,APARTAMENTO,VENTA,20.03,112.0,3.0,2.0,816600.0,1.0,SANTA BARBARA,6,MAS DE 20 ANOS,4.69,-74.05,USADO,,0,0,0,0,0,0,0,0,0,0,False,USAQUEN,RINCON DEL CHICO,Calle 100 - Marketmedios,1414.47,0,PARQUE ZONAL CANAL EL VIRREY EL CHICO,1714.66,0,0.18,,0.33,1.5,0.0,,0.03,437.83,1.0
384-M4610920,APARTAMENTO,VENTA,19.98,102.0,3.0,3.0,452000.0,1.0,NIZA ALHAMBRA,5,MAS DE 20 ANOS,4.71,-74.08,USADO,,0,0,0,0,0,0,0,0,0,0,False,SUBA,NIZA SUR,Humedal Córdoba,641.29,0,PARQUE ZONAL LOS LACHES LA MINA,707.54,0,0.2,,0.33,1.0,0.0,,0.03,706.33,0.0
2630-M3708829,APARTAMENTO,VENTA,21.49,259.0,3.0,4.0,1200000.0,3.0,CHICO,6,MAS DE 20 ANOS,4.67,-74.05,USADO,,0,0,0,1,0,0,0,0,0,0,False,CHAPINERO,LA CABRERA,Héroes - Gel´Hada,1490.2,0,PARQUE VECINAL URBANIZACIÓN LA CABRERA,548.46,0,0.08,,1.0,0.75,0.0,,0.01,558.65,0.0
384-M4588224,APARTAMENTO,VENTA,20.29,95.0,3.0,3.0,400000.0,1.0,SALITRE MODELIA,4,MAS DE 20 ANOS,4.75,-74.08,USADO,,0,0,0,0,0,0,0,0,0,0,False,SUBA,EL REGRESO,Portal Suba,1615.07,0,PARQUE ZONAL CAMPO VERDE,340.71,1,0.21,,0.33,1.0,0.0,,0.03,1578.75,0.0
384-M4680928,APARTAMENTO,VENTA,19.38,67.0,3.0,2.0,216900.0,1.0,COLINA Y ALREDEDORES,3,ENTRE 10 Y 20 ANOS,4.75,-74.06,USADO,,0,0,0,0,0,0,0,0,0,0,False,SUBA,,Toberin - Foundever,1078.45,0,PARQUE VECINAL DESARROLLO CANTALEJO URBANIZACIÓN CANTALEJO MANZANA B,898.83,0,0.29,,0.33,1.5,0.0,,0.04,1769.76,0.0
384-M4342222,APARTAMENTO,VENTA,20.91,162.0,3.0,4.0,1078916.0,3.0,COUNTRY,5,ENTRE 5 Y 10 ANOS,4.71,-74.05,USADO,,0,1,0,1,0,0,0,0,0,1,False,USAQUEN,LA CALLEJA SANTACOLOMA,Prado,288.99,1,PARQUE ZONAL ATABANZA,1094.02,0,0.13,,1.0,0.75,0.0,,0.02,704.75,0.0
384-M4678008,APARTAMENTO,VENTA,20.02,85.0,2.0,2.0,521000.0,1.0,SANTA BARBARA,6,MAS DE 20 ANOS,4.69,-74.05,USADO,,0,0,0,0,0,0,0,0,0,0,False,USAQUEN,SAN PATRICIO,Calle 106,1148.54,0,PARQUE METROPOLITANO EL COUNTRY,1597.05,0,0.24,,0.5,1.0,0.0,,0.02,276.25,1.0
2147-M4581666,APARTAMENTO,VENTA,20.08,85.0,3.0,2.0,390000.0,1.0,FONTIBON TINTAL,3,ENTRE 5 Y 10 ANOS,4.66,-74.13,USADO,,0,0,0,1,1,1,1,0,0,1,False,FONTIBON,EL TINTAL A.S.D.,Normandía,2285.77,0,PARQUE VECINAL VILLA ALSACIA,1487.26,0,0.24,,0.33,1.5,0.0,,0.04,674.76,0.0
3496-M4741729,APARTAMENTO,VENTA,19.06,48.0,3.0,1.0,10000.0,0.0,FONTIBON TINTAL,3,ENTRE 0 Y 5 ANOS,4.68,-74.16,USADO,,0,0,0,0,0,1,0,0,0,0,False,FONTIBON,EL CHARCO,Portal El Dorado,3993.65,0,PARQUE ZONAL LA CONCORDIA,860.85,0,0.4,,0.0,3.0,0.0,,0.06,2253.11,0.0
2147-M4531595,APARTAMENTO,VENTA,20.86,180.0,3.0,3.0,1176000.0,2.0,COUNTRY,6,MAS DE 20 ANOS,4.71,-74.03,USADO,,0,0,0,0,1,1,0,0,0,0,False,USAQUEN,GINEBRA,Prado,2682.6,0,PARQUE METROPOLITANO EL COUNTRY,1287.32,0,0.12,,0.67,1.0,0.0,,0.02,390.46,1.0
2147-M3852769,APARTAMENTO,VENTA,21.39,220.0,3.0,3.0,1680000.0,2.0,CHICO,6,MAS DE 20 ANOS,4.66,-74.05,USADO,,0,0,0,0,1,1,0,0,0,0,False,CHAPINERO,LOS ROSALES,Calle 76 - San Felipe,1323.54,0,PARQUE ZONAL SAN ANDRÉS,706.46,0,0.1,,0.67,1.0,0.0,,0.01,642.83,0.0
2147-M4081264,APARTAMENTO,VENTA,19.84,68.5,2.0,2.0,416000.0,2.0,CHICO,6,REMODELADO,4.68,-74.05,USADO,,0,1,0,0,1,1,0,0,0,1,False,CHAPINERO,CHICO RESERVADO II SECTOR,Calle 100 - Marketmedios,1480.38,0,PARQUE ZONAL CANAL EL VIRREY EL CHICO,1195.42,0,0.29,,1.0,1.0,0.0,,0.03,232.43,2.0
2147-M4044011,APARTAMENTO,VENTA,20.18,111.0,3.0,3.0,503000.0,2.0,COLINA Y ALREDEDORES,5,ENTRE 5 Y 10 ANOS,4.73,-74.06,USADO,,0,1,0,0,0,1,0,0,0,1,False,SUBA,COLPATRIA SANTA HELENA II SECTOR,Gratamira,1233.86,0,PARQUE VECINAL URBANIZACIÓN LA LAGUNA,1149.22,0,0.18,,0.67,1.0,0.0,,0.03,316.39,2.0
2147-M3064944,APARTAMENTO,VENTA,20.82,182.0,3.0,4.0,1100000.0,4.0,SANTA BARBARA,6,MAS DE 20 ANOS,4.69,-74.05,USADO,,0,0,0,0,1,1,0,0,0,0,False,USAQUEN,SANTA BIBIANA,Calle 100 - Marketmedios,663.35,0,PARQUE VECINAL URBANIZACIÓN NORMANDIA I II II Y IV SECTOR,1248.11,0,0.11,,1.33,0.75,0.0,,0.02,367.64,1.0
2147-M4635541,APARTAMENTO,VENTA,20.16,64.0,1.0,2.0,260000.0,1.0,COUNTRY,4,ENTRE 5 Y 10 ANOS,4.72,-74.04,USADO,,0,0,0,1,0,1,0,0,0,1,False,USAQUEN,CEDRITOS,Alcalá,1527.95,0,PARQUE VECINAL NUEVA URBANIZACIÓN EL CEDRITO,675.68,0,0.32,,1.0,0.5,0.0,,0.02,69.92,1.0
3496-M4662280,APARTAMENTO,VENTA,19.41,38.0,1.0,1.0,10000.0,0.0,CHAPINERO ALTO,3,ENTRE 0 Y 5 ANOS,4.64,-74.07,USADO,,0,0,0,0,0,1,0,0,0,0,False,CHAPINERO,S.C. CHAPINERO CENTRAL,Calle 57,209.47,1,PARQUE ESCENARIO DEPORTIVO EL CAMPINCITO - CEAD,1445.69,0,0.51,,0.0,1.0,0.0,,0.03,993.36,0.0
15701-M4611563,APARTAMENTO,VENTA,19.76,100.0,4.0,2.0,100000.0,1.0,NORMANDIA,4,ENTRE 10 Y 20 ANOS,4.67,-74.11,USADO,,0,0,0,0,0,0,0,0,0,1,False,ENGATIVA,NORMANDIA,Normandía,867.64,0,PARQUE ESCENARIO DEPORTIVO UNIDAD DEPORTIVA EL SALITRE SIMON BOLIVAR,1048.99,0,0.2,,0.25,2.0,0.0,,0.04,82.22,1.0
12364-M2825996,APARTAMENTO,VENTA,20.33,115.43,2.0,3.0,1044000.0,2.0,SANTA BARBARA,6,ENTRE 5 Y 10 ANOS,4.69,-74.04,USADO,,0,1,0,1,1,0,0,0,0,1,False,USAQUEN,SANTA BARBARA CENTRAL I Y II,Pepe Sierra,1378.64,0,PARQUE METROPOLITANO EL COUNTRY,1198.53,0,0.18,,1.0,0.67,0.0,,0.02,484.44,1.0
15180-118048,APARTAMENTO,VENTA,19.97,79.0,2.0,2.0,3921395.93,1.0,CEDRITOS,5,ENTRE 5 Y 10 ANOS,4.72,-74.04,USADO,,0,0,0,0,1,0,0,0,0,0,False,USAQUEN,EL CONTADOR,Alcalá,1079.7,0,PARQUE VECINAL NUEVA URBANIZACIÓN EL CEDRITO,920.35,0,0.25,,0.5,1.0,0.0,,0.03,559.25,0.0
4186-M4705760,APARTAMENTO,VENTA,19.01,20.0,1.0,1.0,225000.0,0.0,CHAPINERO,4,ENTRE 5 Y 10 ANOS,4.65,-74.07,USADO,,0,0,0,0,1,1,0,0,0,1,False,TEUSAQUILLO,CHAPINERO OCCIDENTAL,Calle 57,394.61,1,PARQUE ESCENARIO DEPORTIVO EL CAMPINCITO - CEAD,1160.25,0,0.95,,0.0,1.0,0.0,,0.05,866.78,0.0
4186-M4706098,APARTAMENTO,VENTA,20.98,160.0,3.0,3.0,1123147.0,2.0,SANTA BARBARA,6,MAS DE 20 ANOS,4.69,-74.05,USADO,,0,0,0,0,1,1,0,0,0,1,False,USAQUEN,SANTA BIBIANA,Calle 106,981.15,0,PARQUE VECINAL URBANIZACIÓN NORMANDIA I II II Y IV SECTOR,1641.97,0,0.13,,0.67,1.0,0.0,,0.02,506.12,0.0
13016-M4557970,APARTAMENTO,VENTA,20.29,53.0,1.0,2.0,680000.0,2.0,CHICO,6,ENTRE 5 Y 10 ANOS,4.67,-74.05,USADO,,0,0,0,1,1,1,0,0,0,1,False,CHAPINERO,S.C. EL CHICO,Calle 85,1267.33,0,PARQUE VECINAL URBANIZACIÓN LA CABRERA,315.2,1,0.38,,2.0,0.5,0.0,,0.02,224.7,1.0
515-M4201585,APARTAMENTO,VENTA,20.29,81.0,2.0,2.0,350000.0,1.0,CEDRITOS,4,ENTRE 0 Y 5 ANOS,4.73,-74.04,USADO,,0,1,0,1,1,0,0,0,0,1,False,USAQUEN,ACACIAS USAQUEN,Calle 142,1615.94,0,PARQUE VECINAL NUEVA URBANIZACIÓN EL CEDRITO,368.74,1,0.25,,0.5,1.0,0.0,,0.02,621.61,0.0
12477-M4701425,APARTAMENTO,VENTA,20.95,188.0,3.0,4.0,850000.0,2.0,COUNTRY,6,ENTRE 10 Y 20 ANOS,4.71,-74.04,USADO,,0,1,0,1,0,1,0,0,0,1,False,USAQUEN,BALCONES Y PORTALES DEL COUNTRY,Prado,2032.35,0,PARQUE METROPOLITANO EL COUNTRY,644.61,0,0.11,,0.67,0.75,0.0,,0.02,348.18,2.0
2238-M4149726,APARTAMENTO,VENTA,20.91,73.0,2.0,2.0,912000.0,2.0,SANTA BARBARA,6,ENTRE 0 Y 5 ANOS,4.69,-74.05,USADO,,0,0,0,1,1,0,1,0,0,1,False,USAQUEN,RINCON DEL CHICO,Calle 100 - Marketmedios,1196.29,0,PARQUE VECINAL URBANIZACIÓN NORMANDIA I II II Y IV SECTOR,1586.85,0,0.29,,1.0,1.0,0.0,,0.03,272.44,2.0
2456-M2844067,APARTAMENTO,VENTA,20.29,116.0,3.0,3.0,400000.0,2.0,COLINA Y ALREDEDORES,5,ENTRE 10 Y 20 ANOS,4.73,-74.06,USADO,,0,1,0,1,1,1,1,0,0,1,False,SUBA,COLPATRIA SANTA HELENA II SECTOR,Calle 146,1117.88,0,PARQUE VECINAL URBANIZACIÓN LA LAGUNA,720.68,0,0.17,,0.67,1.0,0.0,,0.03,655.91,0.0
2748-M2782712,APARTAMENTO,VENTA,19.92,87.0,3.0,3.0,285500.0,1.0,NIZA ALHAMBRA,5,ENTRE 10 Y 20 ANOS,4.7,-74.07,USADO,,0,1,0,0,1,1,0,0,0,1,False,SUBA,LAGOS DE CORDOBA,Humedal Córdoba,355.92,1,PARQUE ZONAL CANAL CORDOBA,601.77,0,0.23,,0.33,1.0,0.0,,0.03,856.85,0.0
2748-M3777200,APARTAMENTO,VENTA,21.16,274.0,3.0,4.0,1250000.0,4.0,ALTOS DE SUBA Y CERROS DE SAN JORGE,6,ENTRE 5 Y 10 ANOS,4.73,-74.07,USADO,,0,1,0,1,1,1,1,0,0,1,False,SUBA,ATENAS - HIBERNIA,Gratamira,597.59,0,PARQUE ZONAL EL TOMILLAR,875.98,0,0.08,,1.33,0.75,0.0,,0.01,742.4,0.0
5099-M4198518,APARTAMENTO,VENTA,19.67,61.0,2.0,2.0,350000.0,1.0,COLINA Y ALREDEDORES,4,ENTRE 0 Y 5 ANOS,4.73,-74.07,USADO,,0,0,0,0,0,1,0,0,0,0,False,SUBA,S.C. CIUDAD JARDIN NORTE,Gratamira,220.67,1,PARQUE VECINAL AGRUPACIÓN DE VIVIENDA EN BALCON DE LINDARAJA,1421.18,0,0.32,,0.5,1.0,0.0,,0.03,944.27,0.0
10312-M4145523,APARTAMENTO,VENTA,20.79,92.97,2.0,3.0,800000.0,2.0,SANTA BARBARA,6,ENTRE 0 Y 5 ANOS,4.69,-74.05,USADO,,0,1,0,1,1,1,0,0,0,1,False,USAQUEN,SANTA BIBIANA,Calle 106,382.65,1,PARQUE VECINAL URBANIZACIÓN NORMANDIA I II II Y IV SECTOR,1700.26,0,0.22,,1.0,0.67,0.0,,0.02,575.95,0.0
3894-M3031762,APARTAMENTO,VENTA,20.35,168.0,4.0,4.0,1191000.0,2.0,COUNTRY,4,ENTRE 5 Y 10 ANOS,4.72,-74.04,USADO,,0,0,0,0,1,0,0,0,0,1,False,USAQUEN,CEDRITOS,Alcalá,1620.22,0,PARQUE VECINAL NUEVA URBANIZACIÓN EL CEDRITO,542.53,0,0.12,,0.5,1.0,0.0,,0.02,73.79,1.0
368-M4297639,APARTAMENTO,VENTA,21.25,264.0,3.0,4.0,1200000.0,2.0,CHICO,6,ENTRE 10 Y 20 ANOS,4.67,-74.04,USADO,,0,1,0,0,0,1,0,0,0,1,False,CHAPINERO,CHICO ALTO,Calle 85,2133.09,0,PARQUE VECINAL URBANIZACIÓN LA CABRERA,1077.52,0,0.08,,0.67,0.75,0.0,,0.01,1025.19,0.0
883-M4030971,APARTAMENTO,VENTA,20.87,200.0,3.0,4.0,1186000.0,2.0,COUNTRY,6,MAS DE 20 ANOS,4.7,-74.04,USADO,,0,1,0,0,1,0,0,0,0,1,False,USAQUEN,LA_CAROLINA,Calle 127,1385.19,0,PARQUE METROPOLITANO EL COUNTRY,359.55,1,0.1,,0.67,0.75,0.0,,0.02,203.75,1.0
15573-M4417337,APARTAMENTO,VENTA,19.24,59.95,3.0,2.0,113000.0,0.0,ALTOS DE SUBA Y CERROS DE SAN JORGE,3,MAS DE 20 ANOS,4.74,-74.09,USADO,,0,0,0,0,0,1,0,0,0,1,False,SUBA,URB. SAN ANTONIO,Suba - TV. 91,107.46,1,PARQUE ZONAL BELLAVISTA DINDALITO,225.73,1,0.32,,0.0,1.5,0.0,,0.05,1531.75,0.0
3894-M3354512,APARTAMENTO,VENTA,19.76,67.0,2.0,2.0,486000.0,1.0,COUNTRY,5,MAS DE 20 ANOS,4.72,-74.05,USADO,,0,0,0,0,1,0,0,0,0,1,False,USAQUEN,LA CALLEJA SANTACOLOMA,Prado,591.56,0,PARQUE VECINAL PRADO PINZÓN,1265.61,0,0.29,,0.5,1.0,0.0,,0.03,427.83,1.0
883-M4088543,APARTAMENTO,VENTA,20.21,90.0,3.0,2.0,340000.0,1.0,SALITRE MODELIA,4,MAS DE 20 ANOS,4.64,-74.11,USADO,,0,0,0,1,1,1,0,0,0,1,False,TEUSAQUILLO,CIUDAD SALITRE SURORIENTAL,CAN,977.6,0,PARQUE METROPOLITANO PARQUE CENTRAL SIMÓN BOLÍVAR,995.41,0,0.22,,0.33,1.5,0.0,,0.03,795.46,0.0
16172-M4598596,APARTAMENTO,VENTA,19.45,60.0,3.0,2.0,172000.0,1.0,KENNEDY,3,ENTRE 0 Y 5 ANOS,4.64,-74.15,USADO,,0,0,0,1,1,1,1,0,0,1,False,KENNEDY,CIUDAD TECHO II,Biblioteca Tintal,800.89,0,PARQUE METROPOLITANO BIBLIOTECA EL TINTAL,437.21,1,0.32,,0.33,1.5,0.0,,0.05,2755.42,0.0
384-M4598656,APARTAMENTO,VENTA,19.96,89.05,3.0,3.0,472000.0,1.0,CEDRITOS,4,MAS DE 20 ANOS,4.72,-74.03,USADO,,0,0,0,0,1,1,0,0,0,0,True,USAQUEN,CEDRITOS,Alcalá,1943.37,0,PARQUE VECINAL NUEVA URBANIZACIÓN EL CEDRITO,391.48,1,0.22,,0.33,1.0,0.0,,0.03,396.29,1.0
5537-M4647455,APARTAMENTO,VENTA,20.11,96.0,3.0,2.0,575000.0,2.0,SANTA BARBARA,6,MAS DE 20 ANOS,4.7,-74.05,USADO,,0,1,0,0,1,0,0,0,0,1,False,USAQUEN,SAN PATRICIO,Pepe Sierra,814.97,0,PARQUE METROPOLITANO EL COUNTRY,1425.14,0,0.21,,0.67,1.5,0.0,,0.03,201.49,3.0
10139-M4655393,APARTAMENTO,VENTA,21.19,235.0,4.0,5.0,1500000.0,4.0,COUNTRY,5,ENTRE 5 Y 10 ANOS,4.71,-74.04,USADO,,1,1,0,0,1,1,0,0,0,1,False,USAQUEN,LISBOA_,Prado,1917.71,0,PARQUE VECINAL NUEVA URBANIZACIÓN EL CEDRITO,1083.11,0,0.09,,1.0,0.8,0.0,,0.02,168.73,1.0
2162-M4653554,APARTAMENTO,VENTA,20.03,96.0,3.0,3.0,334000.0,2.0,NIZA ALHAMBRA,4,ENTRE 10 Y 20 ANOS,4.7,-74.07,USADO,,0,0,0,0,0,0,0,0,0,1,True,SUBA,NIZA SUR,Humedal Córdoba,537.2,0,PARQUE ZONAL MORATO,599.89,0,0.21,,0.67,1.0,0.0,,0.03,900.96,0.0
16146-M4654835,APARTAMENTO,VENTA,20.56,156.0,2.0,3.0,1100000.0,2.0,COUNTRY,6,MAS DE 20 ANOS,4.7,-74.04,USADO,,0,0,0,1,1,0,0,0,0,1,False,USAQUEN,LA_CAROLINA,Calle 127,1456.82,0,PARQUE METROPOLITANO EL COUNTRY,287.04,1,0.13,,1.0,0.67,0.0,,0.01,174.05,1.0
3553-M3770117,APARTAMENTO,VENTA,20.56,73.6,2.0,2.0,846400.0,2.0,CHICO,6,ENTRE 0 Y 5 ANOS,4.67,-74.04,USADO,,0,0,0,1,1,0,0,0,0,1,False,CHAPINERO,EL REFUGIO,Calle 85,1837.6,0,PARQUE VECINAL URBANIZACIÓN LA CABRERA,780.27,0,0.28,,1.0,1.0,0.0,,0.03,747.72,0.0
3147-M4515082,APARTAMENTO,VENTA,20.26,100.0,3.0,3.0,474700.0,1.0,NICOLAS DE FEDERMAN,5,MAS DE 20 ANOS,4.65,-74.08,USADO,,0,0,0,0,1,0,0,0,0,0,False,TEUSAQUILLO,NICOLAS DE FEDERMAN,Movistar Arena,526.5,0,PARQUE ESCENARIO DEPORTIVO COMPLEJO ACUATICO,182.48,1,0.2,,0.33,1.0,0.0,,0.03,619.62,0.0
10323-M4231095,APARTAMENTO,VENTA,20.47,126.5,4.0,3.0,320000.0,2.0,SALITRE MODELIA,4,ENTRE 10 Y 20 ANOS,4.66,-74.12,USADO,,0,1,0,0,1,1,0,0,0,1,False,FONTIBON,LA ESPERANZA_,AV. Rojas,919.34,0,PARQUE ZONAL CANAL BOYACA,402.3,1,0.16,,0.5,1.33,0.0,,0.03,611.13,0.0
10323-M4500402,APARTAMENTO,VENTA,20.29,108.0,3.0,2.0,509400.0,2.0,COLINA Y ALREDEDORES,5,ENTRE 5 Y 10 ANOS,4.72,-74.07,USADO,,1,0,0,1,1,1,1,0,0,1,False,SUBA,S.C. CIUDAD JARDIN NORTE,Suba - AV. Boyacá,204.06,1,PARQUE VECINAL AGRUPACIÓN DE VIVIENDA EN BALCON DE LINDARAJA,1097.82,0,0.19,,0.67,1.5,0.0,,0.03,1085.62,0.0
11013-M4735842,APARTAMENTO,VENTA,20.14,82.0,2.0,2.0,580000.0,2.0,CHICO,6,MAS DE 20 ANOS,4.67,-74.02,USADO,,0,0,0,1,1,1,1,0,0,1,False,CHAPINERO,SAN ISIDRO,Calle 85,4667.91,0,PARQUE VECINAL URBANIZACIÓN LA CABRERA,3612.7,0,0.25,,1.0,1.0,0.0,,0.02,3023.4,0.0
11307-M3847781,APARTAMENTO,VENTA,20.34,110.0,3.0,3.0,438000.0,2.0,COLINA Y ALREDEDORES,4,ENTRE 0 Y 5 ANOS,4.74,-74.07,USADO,,0,0,0,1,1,1,1,0,0,1,False,SUBA,CASABLANCA (HACIENDA),21 Ángeles,1553.02,0,PARQUE ZONAL EL TOMILLAR,554.59,0,0.18,,0.67,1.0,0.0,,0.03,897.09,0.0
2671-M4728096,APARTAMENTO,VENTA,20.6,130.3,3.0,3.0,494010.0,2.0,COLINA Y ALREDEDORES,5,ENTRE 5 Y 10 ANOS,4.72,-74.06,USADO,,0,1,0,1,1,1,1,0,0,1,False,SUBA,SAN JOSE DEL PRADO - URB. ECHEVERRIA,Alcalá,1140.91,0,PARQUE VECINAL PRADO PINZÓN,802.87,0,0.16,,0.67,1.0,0.0,,0.02,263.66,1.0
10323-M4120734,APARTAMENTO,VENTA,20.54,132.0,3.0,3.0,711000.0,2.0,COLINA Y ALREDEDORES,5,MAS DE 20 ANOS,4.73,-74.07,USADO,,0,0,0,0,1,1,0,0,0,1,False,SUBA,GRATAMIRA,Gratamira,109.16,1,PARQUE ZONAL EL TOMILLAR,1386.16,0,0.16,,0.67,1.0,0.0,,0.02,971.94,0.0
2428-M4513544,APARTAMENTO,VENTA,19.95,65.0,1.0,2.0,420000.0,1.0,CEDRITOS,4,ENTRE 0 Y 5 ANOS,4.73,-74.05,USADO,,0,0,0,0,1,0,0,0,0,1,False,USAQUEN,LOS CEDRITOS,Calle 142,625.83,0,PARQUE VECINAL PRADO PINZÓN,973.91,0,0.31,,1.0,0.5,0.0,,0.02,550.53,0.0
523-M2869381,APARTAMENTO,VENTA,21.64,171.0,3.0,4.0,1400000.0,3.0,CHICO,6,ENTRE 0 Y 5 ANOS,4.67,-74.05,USADO,,0,1,0,0,0,1,0,0,0,1,False,CHAPINERO,S.C. EL CHICO,Calle 85,1626.81,0,PARQUE VECINAL URBANIZACIÓN LA CABRERA,566.66,0,0.13,,1.0,0.75,0.0,,0.02,526.74,0.0
815-M3427010,APARTAMENTO,VENTA,21.72,280.0,4.0,5.0,1900000.0,4.0,COUNTRY,6,ENTRE 10 Y 20 ANOS,4.71,-74.03,USADO,,1,1,0,1,1,1,1,0,0,1,False,USAQUEN,GINEBRA,Prado,2791.82,0,PARQUE METROPOLITANO EL COUNTRY,1272.95,0,0.08,,1.0,0.8,0.0,,0.01,488.55,1.0
2671-M3987060,APARTAMENTO,VENTA,21.22,237.0,4.0,5.0,800000.0,2.0,170 Y ALREDORES,6,MAS DE 20 ANOS,4.76,-74.06,USADO,,1,1,0,0,0,1,0,0,0,1,False,SUBA,SAN JOSE DE BAVARIA,Calle 187,1738.16,0,PARQUE ZONAL SAN JOSÉ DE BAVARIA,1170.79,0,0.09,,0.5,0.8,0.0,,0.02,1637.71,0.0
2123-M1955629,APARTAMENTO,VENTA,21.25,282.0,4.0,3.0,1330000.0,3.0,SANTA BARBARA,6,ENTRE 10 Y 20 ANOS,4.7,-74.04,USADO,,0,0,0,1,0,1,1,0,0,1,False,USAQUEN,SANTA BARBARA OCCIDENTAL,Pepe Sierra,1317.81,0,PARQUE METROPOLITANO EL COUNTRY,932.82,0,0.08,,0.75,1.33,0.0,,0.01,477.14,1.0
384-M4672067,APARTAMENTO,VENTA,19.7,89.0,3.0,2.0,350000.0,1.0,COLINA Y ALREDEDORES,4,MAS DE 20 ANOS,4.73,-74.05,USADO,,0,0,0,0,0,0,0,0,0,0,False,SUBA,LA VICTORIA NORTE,Calle 146,187.44,1,PARQUE VECINAL URBANIZACIÓN LA LAGUNA,426.31,1,0.22,,0.33,1.5,0.0,,0.03,1317.81,0.0
384-M4521526,APARTAMENTO,VENTA,19.77,77.0,2.0,2.0,420000.0,1.0,NIZA ALHAMBRA,5,MAS DE 20 ANOS,4.71,-74.06,USADO,,0,0,0,0,0,0,0,0,0,0,False,SUBA,EL BATAN,Calle 127,276.51,1,PARQUE ZONAL ATABANZA,390.55,1,0.26,,0.5,1.0,0.0,,0.03,392.61,5.0
384-4102,APARTAMENTO,VENTA,21.5,202.58,3.0,5.0,3921395.93,3.0,CHICO,6,ENTRE 0 Y 5 ANOS,4.67,-74.04,USADO,,0,0,0,0,0,0,0,0,0,0,False,CHAPINERO,EL REFUGIO,Héroes - Gel´Hada,1713.19,0,PARQUE VECINAL URBANIZACIÓN LA CABRERA,727.56,0,0.11,,1.0,0.6,0.0,,0.01,717.52,0.0
384-M4476977,APARTAMENTO,VENTA,19.16,39.0,2.0,1.0,132175.0,0.0,PUENTE ARANDA,3,ENTRE 0 Y 5 ANOS,4.61,-74.11,USADO,,0,0,0,0,0,0,0,0,0,0,False,PUENTE ARANDA,TIBANA,Santa Isabel,1017.58,0,PARQUE VECINAL GORGONZOLA,637.75,0,0.49,,0.0,2.0,0.0,,0.05,2597.15,0.0
2748-M2559576,APARTAMENTO,VENTA,20.56,151.0,3.0,3.0,540000.0,2.0,COLINA Y ALREDEDORES,5,ENTRE 5 Y 10 ANOS,4.72,-74.07,USADO,,1,1,0,1,1,1,1,0,0,1,False,SUBA,LAS VILLAS SECTOR II,Suba - AV. Boyacá,320.28,1,PARQUE VECINAL AGRUPACIÓN DE VIVIENDA EN BALCON DE LINDARAJA,839.63,0,0.14,,0.67,1.0,0.0,,0.02,792.61,0.0
384-M4459061,APARTAMENTO,VENTA,19.52,73.0,3.0,2.0,319000.0,1.0,COLINA Y ALREDEDORES,4,ENTRE 10 Y 20 ANOS,4.75,-74.06,USADO,,0,0,0,0,0,0,0,0,0,0,False,SUBA,,Toberin - Foundever,1234.4,0,PARQUE ZONAL SAN JOSÉ DE BAVARIA,811.02,0,0.27,,0.33,1.5,0.0,,0.04,1829.65,0.0
2974-M4065071,APARTAMENTO,VENTA,20.34,139.0,3.0,4.0,370000.0,2.0,COLINA Y ALREDEDORES,5,ENTRE 10 Y 20 ANOS,4.73,-74.06,USADO,,0,1,0,1,1,1,0,0,0,1,False,SUBA,EL PINAR,Calle 146,1257.09,0,PARQUE VECINAL URBANIZACIÓN LA LAGUNA,698.27,0,0.15,,0.67,0.75,0.0,,0.02,702.13,0.0
2974-M4495981,APARTAMENTO,VENTA,19.91,78.42,2.0,3.0,513000.0,1.0,NIZA ALHAMBRA,5,MAS DE 20 ANOS,4.71,-74.07,USADO,,0,0,0,0,1,1,0,0,0,1,True,SUBA,NIZA SUR,Humedal Córdoba,217.64,1,PARQUE ZONAL LOS LACHES LA MINA,437.72,1,0.25,,0.5,0.67,0.0,,0.03,435.46,9.0
384-M4621442,APARTAMENTO,VENTA,20.14,106.0,1.0,2.0,380000.0,1.0,CEDRITOS,4,ENTRE 5 Y 10 ANOS,4.72,-74.03,USADO,,0,0,0,0,0,0,0,0,0,0,False,USAQUEN,LAS_ACACIAS,Alcalá,2649.59,0,PARQUE VECINAL NUEVA URBANIZACIÓN EL CEDRITO,767.09,0,0.19,,1.0,0.5,0.0,,0.01,533.01,0.0
2974-M4147273,APARTAMENTO,VENTA,20.06,74.0,2.0,2.0,658000.0,2.0,SANTA BARBARA,6,ENTRE 5 Y 10 ANOS,4.7,-74.04,USADO,,0,1,0,0,1,1,0,0,0,1,False,USAQUEN,SANTA BARBARA CENTRAL I SECTOR,Pepe Sierra,1702.6,0,PARQUE METROPOLITANO EL COUNTRY,927.57,0,0.27,,1.0,1.0,0.0,,0.03,710.76,0.0
10312-M3638044,APARTAMENTO,VENTA,20.56,202.09,3.0,3.0,860000.0,2.0,SANTA BARBARA,6,MAS DE 20 ANOS,4.69,-74.04,USADO,,0,1,0,0,1,1,0,0,0,1,False,USAQUEN,SANTA BARBARA CENTRAL III SECTOR,Pepe Sierra,1995.54,0,PARQUE METROPOLITANO EL COUNTRY,1282.72,0,0.1,,0.67,1.0,0.0,,0.01,288.03,1.0
10307-M4024172,APARTAMENTO,VENTA,21.02,182.0,3.0,5.0,1300000.0,2.0,CEDRITOS,6,ENTRE 5 Y 10 ANOS,4.73,-74.02,USADO,,0,1,0,1,1,1,0,0,0,1,False,USAQUEN,BOSQUE DE PINOS III,Calle 146,2988.66,0,PARQUE ZONAL ALTA BLANCA,1126.56,0,0.12,,0.67,0.6,0.0,,0.02,1127.89,0.0
9859-M3842429,APARTAMENTO,VENTA,19.86,83.0,3.0,2.0,352000.0,1.0,CEDRITOS,4,ENTRE 5 Y 10 ANOS,4.74,-74.03,USADO,,0,0,0,1,1,1,0,0,0,1,False,USAQUEN,VILLAS DEL MEDITERRANEO,Calle 161,1777.62,0,PARQUE ZONAL LA VIDA,515.23,0,0.24,,0.33,1.5,0.0,,0.04,828.21,0.0
38-M4563888,APARTAMENTO,VENTA,19.79,74.0,3.0,2.0,3921395.93,1.0,ENGATIVA,4,ENTRE 10 Y 20 ANOS,4.68,-74.08,USADO,,0,0,0,0,0,1,0,0,0,1,False,ENGATIVA,METROPOLIS_,AV. 68,438.13,1,PARQUE VECINAL URBANIZACIÓN METROPOLIS,496.11,1,0.27,,0.33,1.5,0.0,,0.04,226.99,2.0
800-M3846288,APARTAMENTO,VENTA,21.72,274.0,3.0,4.0,797000.0,2.0,SANTA BARBARA,5,REMODELADO,4.69,-74.03,USADO,,0,1,0,0,1,1,0,0,0,1,False,USAQUEN,SANTA BARBARA ALTA,Pepe Sierra,2784.04,0,PARQUE METROPOLITANO EL COUNTRY,1516.56,0,0.08,,0.67,0.75,0.0,,0.01,183.0,4.0
3147-M4516798,APARTAMENTO,VENTA,21.25,364.0,4.0,5.0,2000000.0,3.0,CEDRITOS,6,ENTRE 10 Y 20 ANOS,4.73,-74.02,USADO,,0,0,0,0,1,1,0,0,0,0,False,USAQUEN,BOSQUE DE PINOS III,Calle 146,2979.5,0,PARQUE ZONAL ALTA BLANCA,1138.94,0,0.06,,0.75,0.8,0.0,,0.01,1125.31,0.0
2456-M3996496,APARTAMENTO,VENTA,20.47,156.0,3.0,4.0,520000.0,2.0,COLINA Y ALREDEDORES,4,ENTRE 10 Y 20 ANOS,4.73,-74.06,USADO,,1,1,0,1,0,1,1,0,0,1,False,SUBA,EL PINAR,Calle 146,782.77,0,PARQUE VECINAL URBANIZACIÓN LA LAGUNA,267.27,1,0.13,,0.67,0.75,0.0,,0.02,1111.44,0.0
2456-M3031804,APARTAMENTO,VENTA,20.86,211.0,3.0,5.0,530000.0,3.0,COLINA Y ALREDEDORES,5,ENTRE 5 Y 10 ANOS,4.75,-74.07,USADO,,1,1,0,1,1,1,1,0,0,1,False,SUBA,BURGOS BRITALIA,21 Ángeles,1895.68,0,PARQUE ZONAL EL TOMILLAR,876.0,0,0.1,,1.0,0.6,0.0,,0.01,1461.86,0.0
10173-M4303875,APARTAMENTO,VENTA,21.25,267.0,3.0,5.0,1300000.0,2.0,CEDRITOS,6,MAS DE 20 ANOS,4.72,-74.02,USADO,,0,1,0,0,1,1,0,0,0,1,False,USAQUEN,SIERRAS DEL MORAL,Alcalá,3059.89,0,PARQUE VECINAL NUEVA URBANIZACIÓN EL CEDRITO,1156.97,0,0.08,,0.67,0.6,0.0,,0.01,742.26,0.0
2456-M3922184,APARTAMENTO,VENTA,20.01,94.0,3.0,2.0,370000.0,1.0,COLINA Y ALREDEDORES,4,ENTRE 5 Y 10 ANOS,4.74,-74.06,USADO,,0,1,0,1,1,1,1,0,0,1,False,SUBA,CASABLANCA (HACIENDA),Calle 161,1874.68,0,PARQUE VECINAL DESARROLLO CANTALEJO URBANIZACIÓN CANTALEJO MANZANA B,822.72,0,0.21,,0.33,1.5,0.0,,0.03,973.36,0.0
515-M3031809,APARTAMENTO,VENTA,20.7,187.0,3.0,4.0,1000000.0,3.0,SANTA BARBARA,6,MAS DE 20 ANOS,4.7,-74.03,USADO,,0,1,0,0,1,0,0,0,0,1,False,USAQUEN,SANTA BARBARA ORIENTAL,Calle 127,2437.08,0,PARQUE METROPOLITANO EL COUNTRY,853.1,0,0.11,,1.0,0.75,0.0,,0.02,308.63,1.0
370-M3184721,APARTAMENTO,VENTA,20.44,152.19,3.0,3.0,750000.0,2.0,CHICO,6,ENTRE 10 Y 20 ANOS,4.68,-74.05,USADO,,0,1,0,0,0,1,0,0,0,0,False,CHAPINERO,S.C. CHICO NORTE III SECTOR,Calle 100 - Marketmedios,945.69,0,PARQUE ZONAL CANAL EL VIRREY EL CHICO,1169.56,0,0.13,,0.67,1.0,0.0,,0.02,149.92,2.0
10312-M2544531,APARTAMENTO,VENTA,20.62,90.0,1.0,2.0,630000.0,2.0,CHICO,6,ENTRE 5 Y 10 ANOS,4.66,-74.05,USADO,,0,1,0,1,1,0,0,0,0,1,False,CHAPINERO,LOS ROSALES,Calle 76 - San Felipe,1225.18,0,PARQUE ZONAL SAN ANDRÉS,539.87,0,0.23,,2.0,0.5,0.0,,0.01,667.17,0.0
4698-M3235087,APARTAMENTO,VENTA,20.82,171.0,3.0,4.0,900000.0,2.0,SANTA BARBARA,6,MAS DE 20 ANOS,4.7,-74.03,USADO,,1,1,0,1,1,1,0,0,0,1,False,USAQUEN,SANTA BARBARA CENTRAL II,Calle 127,2215.86,0,PARQUE METROPOLITANO EL COUNTRY,595.38,0,0.12,,0.67,0.75,0.0,,0.02,546.84,0.0
2259-M4701468,APARTAMENTO,VENTA,20.71,188.0,4.0,4.0,1760260.0,3.0,SANTA BARBARA,6,MAS DE 20 ANOS,4.69,-74.04,USADO,,0,0,0,0,1,1,0,0,0,0,False,USAQUEN,RINCON DEL CHICO,Calle 100 - Marketmedios,1545.42,0,PARQUE ZONAL CANAL EL VIRREY EL CHICO,1773.45,0,0.11,,0.75,1.0,0.0,,0.02,470.51,1.0
10139-M4612316,APARTAMENTO,VENTA,21.48,144.0,2.0,3.0,3921395.93,2.0,CHICO,6,ENTRE 0 Y 5 ANOS,4.67,-74.05,USADO,,0,0,0,1,1,0,0,0,0,1,False,CHAPINERO,S.C. EL CHICO,Calle 85,1594.18,0,PARQUE VECINAL URBANIZACIÓN LA CABRERA,576.15,0,0.15,,1.0,0.67,0.0,,0.01,502.34,0.0
16630-M4739879,APARTAMENTO,VENTA,19.72,63.0,3.0,2.0,343000.0,1.0,KENNEDY,3,ENTRE 5 Y 10 ANOS,4.61,-74.13,USADO,,0,0,0,0,1,1,0,0,0,1,False,KENNEDY,SANTA ROSA DEL CARVAJAL,Marsella,1835.86,0,PARQUE VECINAL CARVAJAL,498.27,1,0.31,,0.33,1.5,0.0,,0.05,864.11,0.0
159-M4600651,APARTAMENTO,VENTA,20.18,81.0,3.0,2.0,260000.0,1.0,COLINA Y ALREDEDORES,5,ENTRE 0 Y 5 ANOS,4.76,-74.07,USADO,,0,0,0,1,1,1,1,0,0,1,False,SUBA,SAN JOSE V SECTOR,Portal Norte,2228.18,0,PARQUE ZONAL SAN JOSÉ DE BAVARIA,585.03,0,0.25,,0.33,1.5,0.0,,0.04,2242.53,0.0
2748-M3096147,APARTAMENTO,VENTA,20.41,126.0,3.0,3.0,420000.0,2.0,NIZA ALHAMBRA,5,ENTRE 5 Y 10 ANOS,4.71,-74.07,USADO,,0,1,0,1,1,1,0,0,0,1,False,SUBA,BATAN LOTE NIZA XII,Humedal Córdoba,287.57,1,PARQUE ZONAL CANAL CORDOBA,638.41,0,0.16,,0.67,1.0,0.0,,0.02,643.02,0.0
754-M4601503,APARTAMENTO,VENTA,21.51,237.33,3.0,4.0,2317000.0,3.0,CHICO,6,MAS DE 20 ANOS,4.66,-74.05,USADO,,0,1,0,1,1,1,0,0,0,1,False,CHAPINERO,S.C. EL NOGAL,Calle 76 - San Felipe,889.54,0,PARQUE ZONAL SAN ANDRÉS,543.58,0,0.09,,1.0,0.75,0.0,,0.01,435.13,3.0
11203-M3096302,APARTAMENTO,VENTA,20.56,125.0,3.0,3.0,732000.0,1.0,CHICO,6,MAS DE 20 ANOS,4.66,-74.05,USADO,,0,0,0,0,1,1,0,0,0,1,False,CHAPINERO,S.C. EL NOGAL,Calle 76 - San Felipe,1059.41,0,PARQUE ZONAL SAN ANDRÉS,486.83,1,0.16,,0.33,1.0,0.0,,0.02,561.44,0.0
2162-M4662367,APARTAMENTO,VENTA,20.34,95.0,3.0,3.0,481000.0,2.0,CEDRITOS,4,ENTRE 10 Y 20 ANOS,4.72,-74.03,USADO,,0,1,0,1,1,0,0,0,0,1,False,USAQUEN,LAS_ACACIAS,Calle 142,2431.5,0,PARQUE VECINAL NUEVA URBANIZACIÓN EL CEDRITO,516.12,0,0.21,,0.67,1.0,0.0,,0.03,710.73,0.0
883-M4031051,APARTAMENTO,VENTA,20.99,100.0,3.0,3.0,1200000.0,2.0,SANTA BARBARA,6,ENTRE 10 Y 20 ANOS,4.7,-74.05,USADO,,0,1,0,1,1,0,0,0,0,1,False,USAQUEN,SAN PATRICIO,Pepe Sierra,289.85,1,PARQUE ZONAL CANAL CORDOBA,1445.1,0,0.21,,0.67,1.0,0.0,,0.03,321.25,1.0
2748-M4307249,APARTAMENTO,VENTA,20.1,93.0,3.0,2.0,430000.0,1.0,NIZA ALHAMBRA,5,ENTRE 10 Y 20 ANOS,4.71,-74.07,USADO,,0,0,0,1,1,1,0,0,0,1,False,SUBA,BATAN LOTE NIZA XII,Humedal Córdoba,198.16,1,PARQUE ZONAL LOS LACHES LA MINA,514.24,0,0.22,,0.33,1.5,0.0,,0.03,512.5,0.0
2748-M3186576,APARTAMENTO,VENTA,20.44,147.0,3.0,3.0,1030000.0,2.0,SANTA BARBARA,6,MAS DE 20 ANOS,4.7,-74.05,USADO,,0,1,0,0,1,1,0,0,0,1,False,USAQUEN,SAN PATRICIO,Pepe Sierra,788.17,0,PARQUE METROPOLITANO EL COUNTRY,1349.59,0,0.14,,0.67,1.0,0.0,,0.02,93.78,3.0
465-M4295011,APARTAMENTO,VENTA,20.5,138.0,3.0,3.0,1100000.0,2.0,CHICO,6,MAS DE 20 ANOS,4.66,-74.05,USADO,,0,1,0,0,1,1,0,0,0,1,False,CHAPINERO,S.C. BELLAVISTA,Calle 72,974.89,0,PARQUE ZONAL GUSTAVO URIBE BOTERO,637.49,0,0.15,,0.67,1.0,0.0,,0.02,227.15,3.0
2731-M4306384,APARTAMENTO,VENTA,19.86,60.0,1.0,2.0,277000.0,1.0,CEDRITOS,4,ENTRE 5 Y 10 ANOS,4.72,-74.04,USADO,,0,0,0,1,1,1,0,0,0,1,False,USAQUEN,CEDRITOS,Alcalá,1186.19,0,PARQUE VECINAL NUEVA URBANIZACIÓN EL CEDRITO,833.96,0,0.33,,1.0,0.5,0.0,,0.02,399.44,1.0
3702-M4197038,APARTAMENTO,VENTA,19.61,137.0,3.0,2.0,318000.0,0.0,LA SOLEDAD,4,MAS DE 20 ANOS,4.62,-74.07,USADO,,0,0,0,0,0,0,0,0,0,1,False,TEUSAQUILLO,ARMENIA,Calle 34,224.93,1,PARQUE METROPOLITANO EL RENACIMIENTO - PARQUE CEMENTERIO CENTRAL,588.26,0,0.14,,0.0,1.5,0.0,,0.02,501.25,0.0
3325-M3447383,APARTAMENTO,VENTA,19.95,76.0,2.0,2.0,693000.0,1.0,SANTA BARBARA,6,ENTRE 10 Y 20 ANOS,4.7,-74.04,USADO,,0,0,0,0,1,0,0,0,0,1,False,USAQUEN,SANTA BARBARA CENTRAL I Y II,Pepe Sierra,1512.85,0,PARQUE METROPOLITANO EL COUNTRY,1098.81,0,0.26,,0.5,1.0,0.0,,0.03,640.05,0.0
2748-M2609832,APARTAMENTO,VENTA,21.72,290.0,4.0,5.0,1300000.0,3.0,CHICO,6,ENTRE 0 Y 5 ANOS,4.66,-74.05,USADO,,0,1,0,0,1,1,0,0,0,1,False,CHAPINERO,LOS ROSALES,Calle 72,1386.52,0,PARQUE ZONAL GUSTAVO URIBE BOTERO,737.0,0,0.07,,0.75,0.8,0.0,,0.01,638.05,0.0
9859-M3904595,APARTAMENTO,VENTA,20.82,114.5,3.0,3.0,992000.0,2.0,CHICO,6,MAS DE 20 ANOS,4.67,-74.05,USADO,,0,1,0,0,1,0,0,0,0,1,False,CHAPINERO,LA CABRERA,Héroes - Gel´Hada,1231.24,0,PARQUE VECINAL URBANIZACIÓN LA CABRERA,289.72,1,0.18,,0.67,1.0,0.0,,0.03,330.47,4.0
9859-M4697475,APARTAMENTO,VENTA,20.68,175.18,3.0,4.0,930000.0,2.0,SANTA BARBARA,6,REMODELADO,4.69,-74.04,USADO,,0,1,0,0,1,0,0,0,0,1,False,USAQUEN,SANTA BARBARA CENTRAL II SECTOR,Pepe Sierra,1947.86,0,PARQUE METROPOLITANO EL COUNTRY,1168.6,0,0.12,,0.67,0.75,0.0,,0.02,401.82,1.0
272-M4695138,APARTAMENTO,VENTA,19.67,70.0,2.0,2.0,361000.0,2.0,COLINA Y ALREDEDORES,5,MAS DE 20 ANOS,4.73,-74.06,USADO,,0,1,0,0,1,1,0,0,0,1,False,SUBA,SANTA HELENA - PUERTA DE HIERRO LAS ACACIAS,Gratamira,1281.37,0,PARQUE VECINAL PRADO PINZÓN,1045.48,0,0.28,,1.0,1.0,0.0,,0.03,211.95,1.0
717-M2484803,APARTAMENTO,VENTA,21.06,240.0,4.0,5.0,1000000.0,2.0,COUNTRY,6,MAS DE 20 ANOS,4.7,-74.04,USADO,,0,1,0,0,1,1,0,0,0,1,False,USAQUEN,SANTA BARBARA NORTE,Calle 127,1592.54,0,PARQUE METROPOLITANO EL COUNTRY,174.09,1,0.09,,0.5,0.8,0.0,,0.02,236.98,1.0
9890-M3679786,APARTAMENTO,VENTA,21.44,256.0,4.0,4.0,1400000.0,4.0,CHAPINERO ALTO,5,MAS DE 20 ANOS,4.65,-74.05,USADO,,0,1,0,1,1,0,0,0,0,1,False,CHAPINERO,S.C. LAS ACACIAS,Flores – Areandina,1375.08,0,PARQUE ZONAL GUSTAVO URIBE BOTERO,223.28,1,0.08,,1.0,1.0,0.0,,0.02,562.07,0.0
2748-M4697049,APARTAMENTO,VENTA,21.06,168.0,3.0,5.0,1850000.0,4.0,CHICO,6,ENTRE 10 Y 20 ANOS,4.68,-74.05,USADO,,0,1,0,0,0,0,0,0,0,1,False,CHAPINERO,S.C. CHICO NORTE,Calle 100 - Marketmedios,596.02,0,PARQUE VECINAL URBANIZACIÓN NORMANDIA I II II Y IV SECTOR,511.55,0,0.13,,1.33,0.6,0.0,,0.02,138.2,2.0
2748-M3181056,APARTAMENTO,VENTA,20.7,172.0,4.0,5.0,788000.0,2.0,NIZA ALHAMBRA,5,ENTRE 10 Y 20 ANOS,4.7,-74.07,USADO,,1,0,0,1,1,1,1,0,0,0,False,SUBA,S.C. MONACO,Suba - Calle 116,376.87,1,PARQUE ZONAL CANAL CORDOBA,442.71,1,0.12,,0.5,0.8,0.0,,0.02,972.27,0.0
2748-M3138577,APARTAMENTO,VENTA,20.7,172.0,4.0,5.0,800000.0,2.0,NIZA ALHAMBRA,5,ENTRE 10 Y 20 ANOS,4.7,-74.07,USADO,,0,0,0,1,1,1,1,0,0,1,False,SUBA,URB. LAGOS DE CORDOBA,Suba - Calle 116,245.17,1,PARQUE ZONAL CANAL CORDOBA,542.17,0,0.12,,0.5,0.8,0.0,,0.02,821.55,0.0
11203-M2982270,APARTAMENTO,VENTA,21.25,238.0,4.0,5.0,1100000.0,4.0,SANTA BARBARA,6,MAS DE 20 ANOS,4.69,-74.04,USADO,,0,1,0,0,0,1,0,0,0,1,False,USAQUEN,MOLINOS NORTE,Calle 106,1755.18,0,PARQUE METROPOLITANO EL COUNTRY,1593.02,0,0.09,,1.0,0.8,0.0,,0.02,356.87,1.0
5545-M3680655,APARTAMENTO,VENTA,20.72,140.0,3.0,4.0,485000.0,2.0,COLINA Y ALREDEDORES,5,ENTRE 0 Y 5 ANOS,4.74,-74.06,USADO,,1,1,0,1,1,1,1,0,0,1,False,SUBA,CAMPOS DE SILENCIO,Calle 161,899.83,0,PARQUE VECINAL DESARROLLO CANTALEJO URBANIZACIÓN CANTALEJO MANZANA B,234.47,1,0.15,,0.67,0.75,0.0,,0.02,1499.54,0.0
5545-M4595212,APARTAMENTO,VENTA,20.49,122.0,3.0,3.0,550000.0,2.0,NIZA ALHAMBRA,5,ENTRE 5 Y 10 ANOS,4.71,-74.06,USADO,,0,1,0,1,1,1,0,0,0,1,False,SUBA,EL BATAN,Calle 127,896.47,0,PARQUE ZONAL ATABANZA,519.55,0,0.17,,0.67,1.0,0.0,,0.02,1046.64,0.0
2162-M4604553,APARTAMENTO,VENTA,20.13,96.0,3.0,4.0,636000.0,2.0,CEDRITOS,4,ENTRE 10 Y 20 ANOS,4.72,-74.03,USADO,,0,1,0,0,1,0,0,0,0,1,False,USAQUEN,LOS CEDROS ORIENTAL,Calle 142,2537.13,0,PARQUE VECINAL NUEVA URBANIZACIÓN EL CEDRITO,617.41,0,0.21,,0.67,0.75,0.0,,0.03,789.15,0.0
800-M3785599,APARTAMENTO,VENTA,19.94,93.0,3.0,2.0,864300.0,1.0,SANTA BARBARA,6,MAS DE 20 ANOS,4.7,-74.05,USADO,,0,0,0,0,0,1,0,0,0,0,False,USAQUEN,SAN PATRICIO,Pepe Sierra,429.28,1,PARQUE ZONAL CANAL CORDOBA,1575.97,0,0.21,,0.33,1.5,0.0,,0.03,204.38,1.0
272-M4695094,APARTAMENTO,VENTA,20.44,92.46,3.0,2.0,550000.0,1.0,NORMANDIA,4,ENTRE 0 Y 5 ANOS,4.66,-74.11,USADO,,0,0,0,1,1,1,0,0,0,1,False,ENGATIVA,NORMANDIA,AV. Rojas,304.74,1,PARQUE VECINAL CARLOS LLERAS (EL FUEGO),927.66,0,0.22,,0.33,1.5,0.0,,0.03,599.99,0.0
2671-M4730814,APARTAMENTO,VENTA,21.16,297.6,4.0,5.0,910000.0,3.0,COLINA Y ALREDEDORES,5,ENTRE 10 Y 20 ANOS,4.74,-74.06,USADO,,1,1,0,1,1,1,1,0,0,1,False,SUBA,URB. LA SIRENA,Mazurén,1550.73,0,PARQUE VECINAL DESARROLLO CANTALEJO URBANIZACIÓN CANTALEJO MANZANA B,878.72,0,0.07,,0.75,0.8,0.0,,0.01,611.21,0.0
800-M3917702,APARTAMENTO,VENTA,20.61,124.0,2.0,2.0,750000.0,1.0,CHICO,6,REMODELADO,4.68,-74.04,USADO,,0,0,0,1,0,1,0,0,0,1,False,CHAPINERO,CHICO RESERVADO II SECTOR,Calle 100 - Marketmedios,1522.45,0,PARQUE ZONAL CANAL EL VIRREY EL CHICO,1442.15,0,0.17,,0.5,1.0,0.0,,0.02,46.56,2.0
11013-M4329910,APARTAMENTO,VENTA,21.28,181.0,3.0,4.0,950000.0,2.0,SANTA BARBARA,6,ENTRE 5 Y 10 ANOS,4.7,-74.03,USADO,,0,1,0,1,1,1,1,0,0,1,False,USAQUEN,RESERVAS DE LA SIERRA - LA ARBOLEDA,Calle 127,3044.59,0,PARQUE METROPOLITANO EL COUNTRY,1328.67,0,0.12,,0.67,0.75,0.0,,0.02,772.12,0.0
3664-M3579187,APARTAMENTO,VENTA,20.17,67.0,1.0,2.0,454000.0,1.0,CHICO,6,ENTRE 0 Y 5 ANOS,4.68,-74.04,USADO,,0,1,0,1,1,0,0,0,0,1,False,CHAPINERO,CHICO RESERVADO,Calle 100 - Marketmedios,1649.96,0,PARQUE VECINAL URBANIZACIÓN LA CABRERA,1313.57,0,0.3,,1.0,0.5,0.0,,0.01,221.95,2.0
2123-M1943429,APARTAMENTO,VENTA,21.22,250.0,3.0,3.0,1250000.0,3.0,SANTA BARBARA,6,ENTRE 5 Y 10 ANOS,4.7,-74.04,USADO,,0,0,0,0,0,1,1,0,0,0,False,USAQUEN,SANTA BARBARA OCCIDENTAL,Pepe Sierra,1317.81,0,PARQUE METROPOLITANO EL COUNTRY,932.82,0,0.08,,1.0,1.0,0.0,,0.01,477.14,1.0
2123-M1945479,APARTAMENTO,VENTA,20.61,196.0,3.0,3.0,705000.0,4.0,SANTA BARBARA,6,ENTRE 10 Y 20 ANOS,4.69,-74.05,USADO,,0,0,0,0,0,1,0,0,0,0,False,USAQUEN,SANTA BIBIANA,Calle 100 - Marketmedios,840.45,0,PARQUE VECINAL URBANIZACIÓN NORMANDIA I II II Y IV SECTOR,1314.53,0,0.11,,1.33,1.0,0.0,,0.02,207.54,2.0
384-M4533872,APARTAMENTO,VENTA,19.79,73.0,3.0,2.0,297000.0,1.0,170 Y ALREDORES,4,MAS DE 20 ANOS,4.76,-74.05,USADO,,0,0,0,0,0,0,0,0,0,0,False,SUBA,CAMPO HERMOSO,Calle 187,497.43,1,PARQUE VECINAL URBANIZACIÓN VILANOVA,402.04,1,0.27,,0.33,1.5,0.0,,0.04,369.79,1.0
5483-M4200084,APARTAMENTO,VENTA,20.29,85.0,2.0,3.0,600000.0,2.0,SANTA BARBARA,6,ENTRE 5 Y 10 ANOS,4.69,-74.05,USADO,,0,1,0,1,1,0,0,0,0,1,False,USAQUEN,SANTA BIBIANA,Calle 106,788.41,0,PARQUE METROPOLITANO EL COUNTRY,1861.17,0,0.24,,1.0,0.67,0.0,,0.02,313.06,1.0
2456-M4200818,APARTAMENTO,VENTA,20.57,150.0,3.0,4.0,400000.0,2.0,COLINA Y ALREDEDORES,5,ENTRE 5 Y 10 ANOS,4.74,-74.07,USADO,,0,1,0,1,1,1,1,0,0,1,False,SUBA,EL CORTIJO (FINCA),Gratamira,1537.51,0,PARQUE ZONAL EL TOMILLAR,878.83,0,0.14,,0.67,0.75,0.0,,0.02,539.04,0.0
2456-M2732544,APARTAMENTO,VENTA,20.16,104.0,3.0,2.0,390000.0,2.0,COLINA Y ALREDEDORES,5,ENTRE 10 Y 20 ANOS,4.73,-74.06,USADO,,0,1,0,1,1,1,0,0,0,1,False,SUBA,URB. BOSQUE DE LA COLINA,Gratamira,1256.82,0,PARQUE VECINAL URBANIZACIÓN LA LAGUNA,1134.54,0,0.19,,0.67,1.5,0.0,,0.03,270.16,2.0
2456-M4510415,APARTAMENTO,VENTA,20.25,105.0,3.0,3.0,380000.0,2.0,COLINA Y ALREDEDORES,5,ENTRE 0 Y 5 ANOS,4.74,-74.06,USADO,,0,1,0,1,1,1,1,0,0,1,False,SUBA,CAMPOS DE SILENCIO,Calle 161,993.75,0,PARQUE VECINAL DESARROLLO CANTALEJO URBANIZACIÓN CANTALEJO MANZANA B,205.68,1,0.19,,0.67,1.0,0.0,,0.03,1411.39,0.0
2456-M4705208,APARTAMENTO,VENTA,20.78,182.0,3.0,5.0,530000.0,2.0,COLINA Y ALREDEDORES,5,ENTRE 10 Y 20 ANOS,4.74,-74.06,USADO,,1,1,0,1,1,1,1,0,0,1,False,SUBA,URB. LA SIRENA,Gratamira,1608.28,0,PARQUE VECINAL DESARROLLO CANTALEJO URBANIZACIÓN CANTALEJO MANZANA B,955.02,0,0.11,,0.67,0.6,0.0,,0.02,561.66,0.0
10139-M4612356,APARTAMENTO,VENTA,21.56,152.0,2.0,3.0,3921395.93,2.0,CHICO,6,ENTRE 0 Y 5 ANOS,4.67,-74.05,USADO,,0,0,0,1,1,0,0,0,0,1,False,CHAPINERO,S.C. EL CHICO,Calle 85,1594.18,0,PARQUE VECINAL URBANIZACIÓN LA CABRERA,576.15,0,0.14,,1.0,0.67,0.0,,0.01,502.34,0.0
2359-M4419205,APARTAMENTO,VENTA,21.19,150.0,3.0,3.0,790000.0,3.0,SANTA BARBARA,6,ENTRE 0 Y 5 ANOS,4.69,-74.05,USADO,,0,1,0,1,1,1,0,0,0,1,False,USAQUEN,SAN PATRICIO,Calle 106,539.83,0,PARQUE ZONAL CANAL CORDOBA,1734.47,0,0.14,,1.0,1.0,0.0,,0.02,237.92,2.0
3325-M3362145,APARTAMENTO,VENTA,19.06,37.0,2.0,1.0,80400.0,1.0,ALTOS DE SUBA Y CERROS DE SAN JORGE,3,ENTRE 5 Y 10 ANOS,4.74,-74.08,USADO,,0,0,0,0,0,1,0,0,0,1,False,SUBA,URB. PORTAL DE SUBA,21 Ángeles,388.8,1,PARQUE ZONAL BELLAVISTA DINDALITO,520.97,0,0.52,,0.5,2.0,0.0,,0.05,1889.42,0.0
10139-M4612384,APARTAMENTO,VENTA,21.44,135.0,2.0,3.0,3921395.93,2.0,CHICO,6,ENTRE 0 Y 5 ANOS,4.67,-74.05,USADO,,0,0,0,1,1,0,0,0,0,1,False,CHAPINERO,S.C. EL CHICO,Calle 85,1594.18,0,PARQUE VECINAL URBANIZACIÓN LA CABRERA,576.15,0,0.16,,1.0,0.67,0.0,,0.01,502.34,0.0
2996-M4600884,APARTAMENTO,VENTA,20.56,125.0,3.0,4.0,616000.0,2.0,COUNTRY,5,ENTRE 5 Y 10 ANOS,4.7,-74.03,USADO,,0,0,0,0,1,1,0,0,0,0,False,USAQUEN,BELLA SUIZA,Calle 127,2418.59,0,PARQUE METROPOLITANO EL COUNTRY,677.65,0,0.16,,0.67,0.75,0.0,,0.02,731.21,0.0
2456-M2507728,APARTAMENTO,VENTA,20.2,104.0,3.0,3.0,380000.0,1.0,COLINA Y ALREDEDORES,4,ENTRE 0 Y 5 ANOS,4.74,-74.07,USADO,,0,1,0,1,1,1,1,0,0,1,False,SUBA,CASABLANCA (HACIENDA),21 Ángeles,1322.96,0,PARQUE ZONAL EL TOMILLAR,288.65,1,0.19,,0.33,1.0,0.0,,0.03,1091.5,0.0
3036-M3686921,APARTAMENTO,VENTA,20.09,100.0,3.0,2.0,348000.0,1.0,COLINA Y ALREDEDORES,5,ENTRE 10 Y 20 ANOS,4.73,-74.06,USADO,,0,0,0,1,1,1,0,0,0,1,False,SUBA,SANTA HELENA BOSQUE DE CASIGUA,Gratamira,1359.29,0,PARQUE VECINAL PRADO PINZÓN,1017.75,0,0.2,,0.33,1.5,0.0,,0.03,312.17,1.0
2456-M3496703,APARTAMENTO,VENTA,20.18,104.0,3.0,3.0,370000.0,2.0,COLINA Y ALREDEDORES,4,ENTRE 0 Y 5 ANOS,4.72,-74.06,USADO,,0,1,0,1,1,1,0,0,0,1,False,SUBA,SAN RAFAEL NORTE,Alcalá,972.6,0,PARQUE VECINAL PRADO PINZÓN,656.02,0,0.19,,0.67,1.0,0.0,,0.03,347.53,1.0
2748-M4140022,APARTAMENTO,VENTA,20.26,74.63,2.0,2.0,410000.0,1.0,CEDRITOS,4,ENTRE 0 Y 5 ANOS,4.73,-74.04,USADO,,0,1,0,1,1,0,1,0,0,0,False,USAQUEN,CAOBOS SALAZAR URB. CAPRI I Y II SECTOR,Calle 146,1253.78,0,PARQUE VECINAL NUEVA URBANIZACIÓN EL CEDRITO,860.53,0,0.27,,0.5,1.0,0.0,,0.03,680.83,0.0
2147-M4581373,APARTAMENTO,VENTA,20.98,154.0,3.0,4.0,1190000.0,2.0,CHICO,6,ENTRE 5 Y 10 ANOS,4.66,-74.05,USADO,,0,0,0,1,0,1,0,0,0,1,False,CHAPINERO,BOSQUE EL RETIRO I SECTOR,Héroes - Gel´Hada,1572.7,0,PARQUE ZONAL SAN ANDRÉS,596.37,0,0.14,,0.67,0.75,0.0,,0.02,715.82,0.0
2748-M2755459,APARTAMENTO,VENTA,21.06,274.0,4.0,5.0,1000000.0,3.0,COLINA Y ALREDEDORES,6,ENTRE 0 Y 5 ANOS,4.74,-74.06,USADO,,1,1,0,1,1,1,1,0,0,1,False,SUBA,URB. VERSALLES,Mazurén,1387.02,0,PARQUE VECINAL DESARROLLO CANTALEJO URBANIZACIÓN CANTALEJO MANZANA B,528.14,0,0.08,,0.75,0.8,0.0,,0.01,960.98,0.0
2162-M4703707,APARTAMENTO,VENTA,20.01,74.0,2.0,2.0,650000.0,1.0,COUNTRY,5,ENTRE 10 Y 20 ANOS,4.71,-74.03,USADO,,0,0,0,0,1,0,0,0,0,1,False,USAQUEN,BELLA SUIZA,Prado,2502.48,0,PARQUE METROPOLITANO EL COUNTRY,933.38,0,0.27,,0.5,1.0,0.0,,0.03,284.81,1.0
12498-M4546700,APARTAMENTO,VENTA,19.49,51.99,2.0,2.0,3921395.93,1.0,SALITRE MODELIA,3,MAS DE 20 ANOS,4.66,-74.12,USADO,,0,0,0,0,0,1,0,0,0,1,False,FONTIBON,CARLOS LLERAS RESTREPO,AV. Rojas,1015.09,0,PARQUE VECINAL CARLOS LLERAS (EL FUEGO),309.58,1,0.37,,0.5,1.0,0.0,,0.04,766.8,0.0
839-M4627218,APARTAMENTO,VENTA,21.05,160.0,3.0,5.0,1400000.0,3.0,CHICO,6,ENTRE 10 Y 20 ANOS,4.66,-74.05,USADO,,0,1,0,1,1,0,0,0,0,1,False,CHAPINERO,LOS ROSALES,Calle 76 - San Felipe,1571.91,0,PARQUE ZONAL SAN ANDRÉS,881.52,0,0.13,,1.0,0.6,0.0,,0.02,846.85,0.0
2993-M4137842,APARTAMENTO,VENTA,20.39,132.0,4.0,4.0,820000.0,2.0,CERROS DE SUBA,6,REMODELADO,4.71,-74.08,USADO,,1,0,0,0,1,1,0,0,0,1,False,SUBA,URB. LAS PLEYADES,Niza - Calle 127,1228.18,0,PARQUE METROPOLITANO CEFE COMETAS,534.66,0,0.15,,0.5,1.0,0.0,,0.03,1207.97,0.0
4761-M3493342,APARTAMENTO,VENTA,21.33,268.0,3.0,5.0,3921395.93,2.0,COUNTRY,6,MAS DE 20 ANOS,4.71,-74.04,USADO,,0,1,0,1,0,1,0,0,0,0,False,USAQUEN,COUNTRY CLUB,Prado,1642.8,0,PARQUE METROPOLITANO EL COUNTRY,526.63,0,0.08,,0.67,0.6,0.0,,0.01,633.13,0.0
614-M4089865,APARTAMENTO,VENTA,20.67,176.0,3.0,5.0,917300.0,2.0,COUNTRY,5,MAS DE 20 ANOS,4.71,-74.03,USADO,,0,1,0,1,1,1,1,0,0,1,False,USAQUEN,LISBOA_,Prado,2501.64,0,PARQUE VECINAL NUEVA URBANIZACIÓN EL CEDRITO,1112.75,0,0.12,,0.67,0.6,0.0,,0.02,169.98,2.0
2123-M1956829,APARTAMENTO,VENTA,20.91,205.0,3.0,3.0,650000.0,2.0,CEDRITOS,4,ENTRE 0 Y 5 ANOS,4.72,-74.03,USADO,,0,0,0,0,0,1,0,0,0,0,False,USAQUEN,CEDRO SALAZAR,Calle 142,2693.61,0,PARQUE VECINAL NUEVA URBANIZACIÓN EL CEDRITO,794.44,0,0.1,,0.67,1.0,0.0,,0.01,970.51,0.0
72-M4703718,APARTAMENTO,VENTA,20.9,167.0,3.0,3.0,715000.0,2.0,CHAPINERO ALTO,5,ENTRE 5 Y 10 ANOS,4.63,-74.06,USADO,,0,1,0,1,1,1,1,0,0,1,False,CHAPINERO,SAN MARTIN DE PORRES III Y IV,Calle 45 - American School Way,1095.48,0,PARQUE METROPOLITANO PARQUE NACIONAL (PM2A) ENRIQUE OLAYA HERRERA (SECTOR HISTORICO),1192.6,0,0.13,,0.67,1.0,0.0,,0.02,906.91,0.0
614-M4083611,APARTAMENTO,VENTA,20.47,106.0,2.0,2.0,485000.0,2.0,CHAPINERO ALTO,5,ENTRE 5 Y 10 ANOS,4.64,-74.06,USADO,,0,0,0,1,1,1,0,0,0,1,False,CHAPINERO,S.C INGEMAR,Calle 57,983.83,0,PARQUE ZONAL GUSTAVO URIBE BOTERO,1095.38,0,0.19,,1.0,1.0,0.0,,0.02,1134.89,0.0
2456-M4512886,APARTAMENTO,VENTA,19.9,90.0,3.0,2.0,350000.0,1.0,COLINA Y ALREDEDORES,4,ENTRE 10 Y 20 ANOS,4.74,-74.06,USADO,,0,1,0,1,1,1,1,0,0,1,False,SUBA,CASABLANCA (HACIENDA),Calle 161,1874.68,0,PARQUE VECINAL DESARROLLO CANTALEJO URBANIZACIÓN CANTALEJO MANZANA B,822.72,0,0.22,,0.33,1.5,0.0,,0.03,973.36,0.0
2456-M4704731,APARTAMENTO,VENTA,20.8,193.0,4.0,5.0,630000.0,2.0,COLINA Y ALREDEDORES,5,ENTRE 10 Y 20 ANOS,4.74,-74.06,USADO,,1,1,0,1,1,1,1,0,0,1,False,SUBA,URB. LA SIRENA,Gratamira,1608.28,0,PARQUE VECINAL DESARROLLO CANTALEJO URBANIZACIÓN CANTALEJO MANZANA B,955.02,0,0.11,,0.5,0.8,0.0,,0.02,561.66,0.0
384-3236,APARTAMENTO,VENTA,19.96,75.8,3.0,2.0,341100.0,1.0,CEDRITOS,4,ENTRE 0 Y 5 ANOS,4.73,-74.02,USADO,,0,0,0,0,0,0,0,0,0,0,False,USAQUEN,BARRANCAS NORTE,Mazurén,2713.94,0,PARQUE ZONAL ALTA BLANCA,451.99,1,0.26,,0.33,1.5,0.0,,0.04,959.9,0.0
384-3271,APARTAMENTO,VENTA,19.62,59.88,3.0,2.0,209580.0,1.0,CASTILLA MARSELLA,3,ENTRE 0 Y 5 ANOS,4.65,-74.15,USADO,,0,0,0,0,0,0,0,0,0,0,False,KENNEDY,VILLA MEJIA - EL TINTAL,Transversal 86,1826.55,0,PARQUE METROPOLITANO BIBLIOTECA EL TINTAL,1149.59,0,0.33,,0.33,1.5,0.0,,0.05,2050.04,0.0
384-M4735376,APARTAMENTO,VENTA,19.78,72.0,3.0,2.0,259000.0,2.0,COLINA Y ALREDEDORES,3,ENTRE 0 Y 5 ANOS,4.75,-74.06,USADO,,0,0,0,0,0,0,0,0,0,0,False,SUBA,VILLA JULIA,Portal Norte,1610.27,0,PARQUE ZONAL SAN JOSÉ DE BAVARIA,363.8,1,0.27,,0.67,1.5,0.0,,0.04,1961.84,0.0
2147-M4362929,APARTAMENTO,VENTA,20.72,153.0,3.0,4.0,721000.0,2.0,COUNTRY,6,ENTRE 10 Y 20 ANOS,4.71,-74.03,USADO,,0,0,0,1,0,1,1,0,0,1,False,USAQUEN,CIUDADELA REAL,Prado,2611.88,0,PARQUE VECINAL NUEVA URBANIZACIÓN EL CEDRITO,1174.28,0,0.14,,0.67,0.75,0.0,,0.02,170.1,1.0
384-M4688520,APARTAMENTO,VENTA,19.8,72.0,3.0,2.0,477000.0,1.0,NIZA ALHAMBRA,5,MAS DE 20 ANOS,4.7,-74.06,USADO,,0,0,0,0,0,0,0,0,0,0,False,SUBA,LA ALHAMBRA SECTOR NORTE,Suba - Calle 116,757.36,0,PARQUE ZONAL CANAL CORDOBA,189.72,1,0.27,,0.33,1.5,0.0,,0.04,1244.48,0.0
5483-M4307243,APARTAMENTO,VENTA,19.64,44.0,1.0,2.0,230000.0,1.0,COUNTRY,4,ENTRE 0 Y 5 ANOS,4.72,-74.03,USADO,,0,0,0,1,1,0,0,0,0,1,False,USAQUEN,CEDRITOS,Alcalá,2306.06,0,PARQUE VECINAL NUEVA URBANIZACIÓN EL CEDRITO,808.71,0,0.45,,1.0,0.5,0.0,,0.02,249.15,1.0
5483-M4307154,APARTAMENTO,VENTA,19.67,49.0,1.0,2.0,230000.0,1.0,COUNTRY,4,ENTRE 0 Y 5 ANOS,4.72,-74.03,USADO,,0,0,0,1,1,0,0,0,0,1,False,USAQUEN,CEDRITOS,Alcalá,2306.06,0,PARQUE VECINAL NUEVA URBANIZACIÓN EL CEDRITO,808.71,0,0.4,,1.0,0.5,0.0,,0.02,249.15,1.0
10139-M4706204,APARTAMENTO,VENTA,21.25,370.0,4.0,4.0,2650000.0,2.0,CHICO,6,MAS DE 20 ANOS,4.68,-74.06,USADO,,0,1,0,0,1,0,0,0,0,1,False,CHAPINERO,S.C. CHICO NORTE,Virrey,413.19,1,PARQUE VECINAL URBANIZACIÓN NORMANDIA I II II Y IV SECTOR,308.22,1,0.06,,0.5,1.0,0.0,,0.01,377.35,2.0
10123-M4417578,APARTAMENTO,VENTA,20.86,140.0,4.0,5.0,930000.0,2.0,CHICO,6,ENTRE 5 Y 10 ANOS,4.68,-74.05,USADO,,0,1,0,1,1,1,0,0,0,1,False,CHAPINERO,S.C. CHICO NORTE III SECTOR,Calle 100 - Marketmedios,319.99,1,PARQUE VECINAL URBANIZACIÓN NORMANDIA I II II Y IV SECTOR,897.94,0,0.15,,0.5,0.8,0.0,,0.03,413.35,2.0
5395-M4417449,APARTAMENTO,VENTA,20.55,130.0,4.0,4.0,809000.0,2.0,SANTA BARBARA,6,ENTRE 10 Y 20 ANOS,4.69,-74.05,USADO,,0,1,0,0,1,0,0,0,0,1,False,USAQUEN,SANTA BIBIANA,Calle 106,877.82,0,PARQUE VECINAL URBANIZACIÓN NORMANDIA I II II Y IV SECTOR,1862.69,0,0.16,,0.5,1.0,0.0,,0.03,354.01,1.0
2748-M2588368,APARTAMENTO,VENTA,21.51,234.65,3.0,4.0,1700000.0,3.0,CHICO,6,ENTRE 0 Y 5 ANOS,4.66,-74.05,USADO,,0,1,0,1,1,1,0,0,0,1,False,CHAPINERO,LOS ROSALES,Calle 72,1368.85,0,PARQUE ZONAL GUSTAVO URIBE BOTERO,735.42,0,0.09,,1.0,0.75,0.0,,0.01,620.65,0.0
800-M2783120,APARTAMENTO,VENTA,20.91,225.0,3.0,4.0,3921395.93,3.0,SANTA BARBARA,6,ENTRE 0 Y 5 ANOS,4.7,-74.05,USADO,,0,0,0,0,0,1,0,0,0,0,False,USAQUEN,SAN PATRICIO,Pepe Sierra,54.56,1,PARQUE ZONAL CANAL CORDOBA,1187.37,0,0.09,,1.0,0.75,0.0,,0.01,583.36,0.0
5395-M4704170,APARTAMENTO,VENTA,20.89,140.0,4.0,4.0,995000.0,2.0,SANTA BARBARA,6,ENTRE 10 Y 20 ANOS,4.69,-74.03,USADO,,0,1,0,1,1,1,1,0,0,1,False,USAQUEN,SANTA BARBARA ALTA,Pepe Sierra,2824.72,0,PARQUE METROPOLITANO EL COUNTRY,1666.12,0,0.15,,0.5,1.0,0.0,,0.03,182.52,3.0
2571-M3638341,APARTAMENTO,VENTA,19.76,85.0,4.0,2.0,310000.0,2.0,CEDRITOS,4,MAS DE 20 ANOS,4.73,-74.04,USADO,,0,0,0,0,0,1,0,0,0,1,False,USAQUEN,RINCON DEL CEDRO,Mazurén,677.18,0,PARQUE VECINAL DESARROLLO ESTRELLA DEL NORTE,683.88,0,0.23,,0.5,2.0,0.0,,0.05,1245.53,0.0
3025-M4655728,APARTAMENTO,VENTA,19.3,40.0,2.0,1.0,170000.0,1.0,170 Y ALREDORES,4,ENTRE 0 Y 5 ANOS,4.76,-74.05,USADO,,0,0,0,1,1,1,0,0,0,1,False,SUBA,URB. PLAZA BAVIERA,Portal Norte,795.5,0,PARQUE VECINAL URBANIZACIÓN VILANOVA,674.04,0,0.48,,0.5,2.0,0.0,,0.05,883.83,0.0
13674-M3694514,APARTAMENTO,VENTA,20.53,72.74,2.0,3.0,3921395.93,2.0,SANTA BARBARA,5,ENTRE 0 Y 5 ANOS,4.7,-74.05,USADO,,0,1,0,0,0,0,0,0,0,1,False,USAQUEN,SANTA BARBARA OCCIDENTAL,Calle 127,327.35,1,PARQUE ZONAL ATABANZA,951.93,0,0.28,,1.0,0.67,0.0,,0.03,393.79,3.0
5537-M4202387,APARTAMENTO,VENTA,20.37,107.0,1.0,2.0,1099700.0,2.0,CHICO,6,MAS DE 20 ANOS,4.66,-74.05,USADO,,0,1,0,0,1,0,0,0,0,1,False,CHAPINERO,S.C. BELLAVISTA,Calle 72,1054.19,0,PARQUE ZONAL GUSTAVO URIBE BOTERO,603.08,0,0.19,,2.0,0.5,0.0,,0.01,305.92,3.0
717-M4456126,APARTAMENTO,VENTA,20.77,200.0,3.0,3.0,3921395.93,3.0,SANTA BARBARA,6,REMODELADO,4.7,-74.04,USADO,,0,1,0,0,1,1,0,0,0,1,False,USAQUEN,SANTA BARBARA CENTRAL I SECTOR,Pepe Sierra,1540.44,0,PARQUE METROPOLITANO EL COUNTRY,811.26,0,0.1,,1.0,1.0,0.0,,0.02,577.97,0.0
5031-10940,APARTAMENTO,VENTA,20.34,0.0,5.0,3.0,3921395.93,0.0,SANTA BARBARA,6,ENTRE 10 Y 20 ANOS,4.69,-74.03,USADO,,0,0,0,0,0,1,0,0,0,1,False,USAQUEN,SANTA BARBARA CENTRAL III SECTOR,Pepe Sierra,2322.29,0,PARQUE METROPOLITANO EL COUNTRY,1264.04,0,inf,,0.0,1.67,0.0,,inf,331.48,5.0
450-M2487450,APARTAMENTO,VENTA,19.86,51.0,1.0,2.0,167000.0,1.0,CHAPINERO ALTO,4,ENTRE 0 Y 5 ANOS,4.64,-74.05,USADO,,0,0,0,1,1,1,0,0,0,1,False,CHAPINERO,LOS OLIVOS,Calle 63,1304.72,0,PARQUE ZONAL GUSTAVO URIBE BOTERO,716.7,0,0.39,,1.0,0.5,0.0,,0.02,898.36,0.0
12285-M4545907,APARTAMENTO,VENTA,20.6,112.0,3.0,3.0,630000.0,2.0,CEDRITOS,4,ENTRE 0 Y 5 ANOS,4.72,-74.03,USADO,,0,0,0,1,1,1,0,0,0,1,False,USAQUEN,LOS CEDROS ORIENTAL,Calle 142,2515.89,0,PARQUE VECINAL NUEVA URBANIZACIÓN EL CEDRITO,596.15,0,0.18,,0.67,1.0,0.0,,0.03,761.66,0.0
14381-M4594750,APARTAMENTO,VENTA,19.64,65.0,3.0,2.0,320000.0,1.0,COLINA Y ALREDEDORES,3,REMODELADO,4.72,-74.06,USADO,,0,0,0,1,0,1,0,0,0,1,False,SUBA,S.C. PRADO VERANIEGO NORTE,Alcalá,805.85,0,PARQUE VECINAL PRADO PINZÓN,918.96,0,0.3,,0.33,1.5,0.0,,0.05,575.22,0.0
5031-M4506720,APARTAMENTO,VENTA,20.69,125.0,5.0,4.0,1125000.0,3.0,SANTA BARBARA,3,MAS DE 20 ANOS,4.7,-74.03,USADO,,0,1,0,0,1,0,0,0,0,1,False,USAQUEN,USAQUEN,Pepe Sierra,2806.31,0,PARQUE METROPOLITANO EL COUNTRY,1248.61,0,0.17,,0.6,1.25,0.0,,0.04,253.72,2.0
4660-M4635240,APARTAMENTO,VENTA,19.76,64.0,2.0,2.0,250000.0,1.0,FONTIBON TINTAL,4,ENTRE 5 Y 10 ANOS,4.66,-74.14,USADO,,1,0,0,1,1,1,0,0,0,1,False,FONTIBON,URB. PRADO GRANDE,Modelia,2546.23,0,PARQUE VECINAL VILLA HELENA VILLEMAR,1148.14,0,0.31,,0.5,1.0,0.0,,0.03,563.82,0.0
2456-M4561233,APARTAMENTO,VENTA,20.62,182.0,3.0,5.0,500000.0,2.0,COLINA Y ALREDEDORES,5,ENTRE 10 Y 20 ANOS,4.74,-74.06,USADO,,1,1,0,1,1,1,1,0,0,1,False,SUBA,URB. LA SIRENA,Gratamira,1608.28,0,PARQUE VECINAL DESARROLLO CANTALEJO URBANIZACIÓN CANTALEJO MANZANA B,955.02,0,0.11,,0.67,0.6,0.0,,0.02,561.66,0.0
2456-M4514844,APARTAMENTO,VENTA,19.94,69.0,2.0,2.0,270000.0,1.0,COLINA Y ALREDEDORES,4,ENTRE 0 Y 5 ANOS,4.74,-74.06,USADO,,0,0,0,1,1,1,0,0,0,1,False,SUBA,URB. VERSALLES,Mazurén,1060.8,0,PARQUE VECINAL DESARROLLO CANTALEJO URBANIZACIÓN CANTALEJO MANZANA B,392.72,1,0.29,,0.5,1.0,0.0,,0.03,1232.65,0.0
883-M2411069,APARTAMENTO,VENTA,20.39,90.0,3.0,2.0,320000.0,2.0,SALITRE MODELIA,4,ENTRE 10 Y 20 ANOS,4.65,-74.1,USADO,,0,0,0,1,1,1,0,0,0,1,False,TEUSAQUILLO,CIUDAD SALITRE NORORIENTAL,Salitre - El Greco,350.89,1,PARQUE VECINAL URBANIZACIÓN SALITRE (GRECO),586.21,0,0.23,,0.67,1.5,0.0,,0.03,90.47,4.0
2456-M4462207,APARTAMENTO,VENTA,21.01,247.0,3.0,5.0,1300000.0,3.0,ALTOS DE SUBA Y CERROS DE SAN JORGE,6,ENTRE 5 Y 10 ANOS,4.75,-74.07,USADO,,0,1,0,1,1,1,1,0,0,1,False,SUBA,CASABLANCA SECTOR EL PINAR,21 Ángeles,1449.24,0,PARQUE ZONAL EL TOMILLAR,590.65,0,0.09,,1.0,0.6,0.0,,0.01,1562.32,0.0
2456-M4561269,APARTAMENTO,VENTA,20.89,204.0,3.0,5.0,580000.0,2.0,COLINA Y ALREDEDORES,5,ENTRE 10 Y 20 ANOS,4.74,-74.06,USADO,,1,1,0,1,1,1,1,0,0,1,False,SUBA,URB. LA SIRENA,Gratamira,1608.28,0,PARQUE VECINAL DESARROLLO CANTALEJO URBANIZACIÓN CANTALEJO MANZANA B,955.02,0,0.1,,0.67,0.6,0.0,,0.01,561.66,0.0
533-M4741610,APARTAMENTO,VENTA,20.25,66.0,2.0,2.0,10000.0,1.0,SANTA BARBARA,6,ENTRE 0 Y 5 ANOS,4.69,-74.04,USADO,,0,0,0,0,1,0,0,0,0,1,False,USAQUEN,SANTA BARBARA CENTRAL II SECTOR,Pepe Sierra,1874.34,0,PARQUE METROPOLITANO EL COUNTRY,1081.9,0,0.31,,0.5,1.0,0.0,,0.03,499.96,1.0
384-4122,APARTAMENTO,VENTA,19.67,66.11,3.0,2.0,264440.0,1.0,FONTIBON TINTAL,4,ENTRE 0 Y 5 ANOS,4.67,-74.14,USADO,,0,0,0,0,0,0,0,0,0,0,False,FONTIBON,VILLEMAR,Portal El Dorado,2768.99,0,PARQUE VECINAL VILLA HELENA VILLEMAR,477.2,1,0.3,,0.33,1.5,0.0,,0.05,1522.57,0.0
384-M4459060,APARTAMENTO,VENTA,19.64,70.0,3.0,2.0,653000.0,1.0,SANTA BARBARA,6,MAS DE 20 ANOS,4.7,-74.04,USADO,,0,0,0,0,0,0,0,0,0,0,False,USAQUEN,SANTA BARBARA CENTRAL I SECTOR,Pepe Sierra,1448.47,0,PARQUE METROPOLITANO EL COUNTRY,863.38,0,0.28,,0.33,1.5,0.0,,0.04,589.47,0.0
384-3239,APARTAMENTO,VENTA,19.86,66.9,2.0,2.0,301050.0,1.0,CEDRITOS,4,ENTRE 0 Y 5 ANOS,4.73,-74.02,USADO,,0,0,0,0,0,0,0,0,0,0,False,USAQUEN,BARRANCAS NORTE,Mazurén,2704.33,0,PARQUE ZONAL ALTA BLANCA,442.22,1,0.3,,0.5,1.0,0.0,,0.03,952.34,0.0
384-M4088119,APARTAMENTO,VENTA,19.52,65.0,3.0,2.0,175000.0,1.0,ORQUIDEAS,4,MAS DE 20 ANOS,4.75,-74.03,USADO,,0,0,0,0,0,0,0,0,0,0,False,USAQUEN,SAN ANTONIO NORTE - CODABAS,Portal Norte,1993.5,0,PARQUE VECINAL URBANIZACIÓN CALLE 170 / ALAMEDA,1111.52,0,0.3,,0.33,1.5,0.0,,0.05,1189.49,0.0
384-M4123991,APARTAMENTO,VENTA,19.45,80.0,3.0,2.0,206000.0,1.0,ORQUIDEAS,3,MAS DE 20 ANOS,4.76,-74.03,USADO,,0,0,0,0,0,0,0,0,0,0,False,USAQUEN,SAN ANTONIO NORTE,Calle 187,2105.67,0,PARQUE VECINAL URBANIZACIÓN CALLE 170 / ALAMEDA,1351.96,0,0.24,,0.33,1.5,0.0,,0.04,1574.33,0.0
384-M4072204,APARTAMENTO,VENTA,19.38,61.0,3.0,3.0,247273.0,1.0,ORQUIDEAS,3,ENTRE 10 Y 20 ANOS,4.76,-74.04,USADO,,0,0,0,0,0,0,0,0,0,0,False,USAQUEN,SAN ANTONIO NOROCCIDENTAL,Portal Norte,608.86,0,PARQUE VECINAL URBANIZACIÓN CALLE 170 / ALAMEDA,558.84,0,0.32,,0.33,1.0,0.0,,0.05,617.34,0.0
384-M4672065,APARTAMENTO,VENTA,19.03,53.0,2.0,2.0,122600.0,0.0,ALTOS DE SUBA Y CERROS DE SAN JORGE,3,ENTRE 5 Y 10 ANOS,4.76,-74.12,USADO,,0,0,0,0,0,0,0,0,0,0,False,SUBA,CAMINOS DE ESPERANZA,Portal Suba,2723.07,0,PARQUE ZONAL CEFE FONTANAR DEL RIO,625.78,0,0.36,,0.0,1.0,0.0,,0.04,2511.18,0.0
384-M4149737,APARTAMENTO,VENTA,20.39,125.2,3.0,3.0,800000.0,2.0,SANTA BARBARA,6,MAS DE 20 ANOS,4.69,-74.05,USADO,,0,1,0,0,0,0,0,0,0,0,False,USAQUEN,SAN PATRICIO,Calle 106,867.5,0,PARQUE METROPOLITANO EL COUNTRY,1639.9,0,0.16,,0.67,1.0,0.0,,0.02,96.69,3.0
384-M4208127,APARTAMENTO,VENTA,21.06,182.74,3.0,4.0,979000.0,2.0,CEDRITOS,6,ENTRE 5 Y 10 ANOS,4.73,-74.02,USADO,,0,0,0,0,1,0,0,0,0,1,False,USAQUEN,BOSQUE DE PINOS III,Calle 146,3041.57,0,PARQUE ZONAL ALTA BLANCA,1133.51,0,0.12,,0.67,0.75,0.0,,0.02,1169.93,0.0
384-M4504709,APARTAMENTO,VENTA,21.19,221.87,4.0,5.0,1329000.0,3.0,COLINA Y ALREDEDORES,6,ENTRE 5 Y 10 ANOS,4.75,-74.08,USADO,,0,1,0,1,0,0,1,0,0,1,False,SUBA,TUNA ALTA SECTOR EL ROSAL,Suba - TV. 91,1212.38,0,PARQUE ZONAL CAMPO VERDE,816.18,0,0.1,,0.75,0.8,0.0,,0.02,1796.81,0.0
14384-M4701180,APARTAMENTO,VENTA,20.03,83.0,2.0,2.0,507800.0,1.0,COUNTRY,5,ENTRE 5 Y 10 ANOS,4.71,-74.03,USADO,,0,0,0,0,1,1,0,0,0,1,False,USAQUEN,BELLA SUIZA,Prado,2447.53,0,PARQUE METROPOLITANO EL COUNTRY,764.07,0,0.24,,0.5,1.0,0.0,,0.02,412.52,1.0
3553-M3636575,APARTAMENTO,VENTA,19.04,41.38,3.0,2.0,151000.0,0.0,FONTIBON TINTAL,3,ENTRE 0 Y 5 ANOS,4.69,-74.17,USADO,,0,0,0,1,0,1,1,0,0,1,False,FONTIBON,S.C. PUENTE GRANDE,Portal El Dorado,5209.09,0,PARQUE ZONAL LA CONCORDIA,2199.57,0,0.46,,0.0,1.5,0.0,,0.07,2401.41,0.0
2510-M4701830,APARTAMENTO,VENTA,19.04,46.33,3.0,1.0,120000.0,0.0,BOSA SOACHA,2,ENTRE 0 Y 5 ANOS,4.6,-74.19,USADO,,0,0,0,1,1,1,1,0,0,1,False,BOSA,VILLA BOSA,La Despensa,1288.23,0,PARQUE ZONAL LAURELES NARANJOS,482.55,1,0.41,,0.0,3.0,0.0,,0.06,1168.69,0.0
14384-M4701311,APARTAMENTO,VENTA,19.58,45.0,1.0,1.0,279900.0,1.0,NIZA ALHAMBRA,5,ENTRE 0 Y 5 ANOS,4.69,-74.06,USADO,,0,0,0,0,1,1,0,0,0,1,False,SUBA,S.C. PASADENA,Suba - Calle 100,455.85,1,PARQUE ZONAL CANAL CORDOBA,1136.83,0,0.44,,1.0,1.0,0.0,,0.02,510.57,0.0
44-M4655800,APARTAMENTO,VENTA,20.49,82.0,2.0,2.0,410000.0,2.0,SALITRE MODELIA,5,ENTRE 0 Y 5 ANOS,4.65,-74.11,USADO,,0,1,0,1,1,1,1,0,0,1,False,FONTIBON,INMUNIZADORA DE MADERAS,El Tiempo - Maloka,1215.17,0,PARQUE ZONAL SAUZALITO,669.27,0,0.25,,1.0,1.0,0.0,,0.02,617.78,0.0
10312-M4084655,APARTAMENTO,VENTA,20.89,151.0,3.0,3.0,1100000.0,4.0,CHICO,5,MAS DE 20 ANOS,4.67,-74.05,USADO,,0,1,0,0,1,0,0,0,0,1,False,CHAPINERO,S.C. EL NOGAL,Héroes - Gel´Hada,940.65,0,PARQUE ZONAL SAN ANDRÉS,39.96,1,0.14,,1.33,1.0,0.0,,0.02,174.41,4.0
4428-M4562719,APARTAMENTO,VENTA,21.08,95.0,2.0,2.0,1213000.0,2.0,CHICO,6,ENTRE 0 Y 5 ANOS,4.67,-74.04,USADO,,0,0,0,0,1,1,0,0,0,1,False,CHAPINERO,EL REFUGIO,Héroes - Gel´Hada,1728.63,0,PARQUE VECINAL URBANIZACIÓN LA CABRERA,675.54,0,0.22,,1.0,1.0,0.0,,0.02,647.88,0.0
3894-M4356531,APARTAMENTO,VENTA,19.64,52.0,1.0,2.0,290000.0,1.0,CHAPINERO ALTO,3,ENTRE 5 Y 10 ANOS,4.64,-74.06,USADO,,0,0,0,0,1,0,0,0,0,1,False,CHAPINERO,S.C. CHAPINERO CENTRAL,Calle 57,295.95,1,PARQUE ESCENARIO DEPORTIVO EL CAMPINCITO - CEAD,1625.96,0,0.38,,1.0,0.5,0.0,,0.02,905.66,0.0
4083-M4616509,APARTAMENTO,VENTA,20.18,79.8,2.0,2.0,573000.0,2.0,COUNTRY,5,ENTRE 5 Y 10 ANOS,4.71,-74.05,USADO,,0,1,0,1,1,1,0,0,0,1,False,USAQUEN,LA CALLEJA,Calle 127,614.48,0,PARQUE ZONAL ATABANZA,942.88,0,0.25,,1.0,1.0,0.0,,0.03,275.35,5.0
10312-M3501560,APARTAMENTO,VENTA,20.42,77.0,1.0,2.0,1000000.0,1.0,CHICO,6,ENTRE 5 Y 10 ANOS,4.67,-74.05,USADO,,0,1,0,0,1,1,0,0,0,1,False,CHAPINERO,LA CABRERA,Héroes - Gel´Hada,1385.7,0,PARQUE VECINAL URBANIZACIÓN LA CABRERA,447.08,1,0.27,,1.0,0.5,0.0,,0.01,466.69,1.0
9951-M4306659,APARTAMENTO,VENTA,20.99,210.0,3.0,5.0,550000.0,2.0,COLINA Y ALREDEDORES,5,ENTRE 5 Y 10 ANOS,4.75,-74.07,USADO,,0,1,0,1,1,1,1,0,0,1,False,SUBA,S.C. GILMAR - LA SIRENA (PREDIO),21 Ángeles,1767.05,0,PARQUE ZONAL EL TOMILLAR,741.03,0,0.1,,0.67,0.6,0.0,,0.01,1343.69,0.0
2748-M2560167,APARTAMENTO,VENTA,21.06,170.0,3.0,5.0,1350000.0,4.0,CERROS DE SUBA,6,ENTRE 0 Y 5 ANOS,4.72,-74.08,USADO,,1,1,0,1,1,1,1,0,0,1,False,SUBA,URB. MONTICELLO,Suba - AV. Boyacá,656.48,0,PARQUE VECINAL AGRUPACIÓN DE VIVIENDA EN BALCON DE LINDARAJA,898.54,0,0.12,,1.33,0.6,0.0,,0.02,1553.64,0.0
3487-M4461494,APARTAMENTO,VENTA,19.9,90.0,3.0,3.0,364000.0,2.0,CEDRITOS,4,MAS DE 20 ANOS,4.74,-74.03,USADO,,0,1,0,0,0,1,0,0,0,1,False,USAQUEN,VILLAS DEL MEDITERRANEO,Calle 161,1758.8,0,PARQUE ZONAL LA VIDA,501.45,0,0.22,,0.67,1.0,0.0,,0.03,651.18,0.0
11589-M4616449,APARTAMENTO,VENTA,20.07,76.0,1.0,3.0,900000.0,1.0,CHAPINERO ALTO,4,ENTRE 10 Y 20 ANOS,4.65,-74.06,USADO,,0,0,0,0,1,0,0,0,0,1,False,CHAPINERO,S.C. GRANADA,Calle 63,1031.76,0,PARQUE ZONAL GUSTAVO URIBE BOTERO,425.95,1,0.26,,1.0,0.33,0.0,,0.01,380.6,1.0
754-M4613998,APARTAMENTO,VENTA,21.42,243.0,2.0,3.0,2333000.0,2.0,CHICO,6,MAS DE 20 ANOS,4.66,-74.05,USADO,,0,1,0,0,1,1,0,0,0,1,False,CHAPINERO,LOS ROSALES,Calle 76 - San Felipe,1313.69,0,PARQUE ZONAL SAN ANDRÉS,721.87,0,0.09,,1.0,0.67,0.0,,0.01,617.95,0.0
2731-M4512684,APARTAMENTO,VENTA,20.41,144.0,3.0,3.0,910000.0,2.0,SANTA BARBARA,6,REMODELADO,4.7,-74.05,USADO,,0,1,0,0,1,0,0,0,0,1,False,USAQUEN,SANTA BARBARA OCCIDENTAL,Pepe Sierra,950.17,0,PARQUE METROPOLITANO EL COUNTRY,1104.21,0,0.14,,0.67,1.0,0.0,,0.02,157.28,1.0
482-M4217680,APARTAMENTO,VENTA,20.07,80.3,3.0,2.0,349900.0,2.0,CEDRITOS,4,ENTRE 10 Y 20 ANOS,4.73,-74.04,USADO,,0,0,0,0,1,1,0,0,0,1,False,USAQUEN,CAOBOS SALAZAR,Calle 146,1155.95,0,PARQUE VECINAL NUEVA URBANIZACIÓN EL CEDRITO,891.98,0,0.25,,0.67,1.5,0.0,,0.04,803.6,0.0
770-M3066748,APARTAMENTO,VENTA,21.79,261.0,3.0,3.0,2340000.0,3.0,CHICO,6,ENTRE 5 Y 10 ANOS,4.66,-74.05,USADO,,0,1,0,1,1,1,0,0,0,1,False,CHAPINERO,BOSQUE EL RETIRO I SECTOR,Héroes - Gel´Hada,1522.04,0,PARQUE ZONAL SAN ANDRÉS,541.65,0,0.08,,1.0,1.0,0.0,,0.01,677.92,0.0
374-M4701373,APARTAMENTO,VENTA,21.09,249.0,3.0,5.0,918000.0,3.0,CERROS DE SUBA,6,ENTRE 10 Y 20 ANOS,4.72,-74.08,USADO,,1,1,0,1,1,1,0,0,0,1,False,SUBA,NIZA SUBA - CERROS DE SOTILEZA,Suba - AV. Boyacá,220.77,1,PARQUE VECINAL AGRUPACIÓN DE VIVIENDA EN BALCON DE LINDARAJA,703.23,0,0.08,,1.0,0.6,0.0,,0.01,1029.19,0.0
16350-M4657080,APARTAMENTO,VENTA,19.67,74.0,3.0,2.0,237500.0,1.0,SALITRE MODELIA,4,ENTRE 10 Y 20 ANOS,4.67,-74.13,USADO,,0,0,0,0,0,1,0,0,0,1,False,FONTIBON,MODELIA OCCIDENTAL,Modelia,1357.49,0,PARQUE VECINAL MODELIA SECTOR A,767.96,0,0.27,,0.33,1.5,0.0,,0.04,673.91,0.0
16466-M4657135,APARTAMENTO,VENTA,21.22,240.0,4.0,4.0,1050000.0,4.0,COUNTRY,6,ENTRE 10 Y 20 ANOS,4.71,-74.03,USADO,,0,1,0,1,1,1,0,0,0,1,False,USAQUEN,BOSQUES DE MEDINA,Prado,2862.11,0,PARQUE METROPOLITANO EL COUNTRY,1412.75,0,0.09,,1.0,1.0,0.0,,0.02,563.45,0.0
675-M2451441,APARTAMENTO,VENTA,20.86,125.0,2.0,3.0,1100000.0,3.0,SANTA BARBARA,6,ENTRE 0 Y 5 ANOS,4.7,-74.04,USADO,,0,1,0,1,1,0,0,0,0,1,False,USAQUEN,SANTA BARBARA NORTE,Calle 127,1329.87,0,PARQUE METROPOLITANO EL COUNTRY,522.64,0,0.17,,1.5,0.67,0.0,,0.02,126.28,1.0
3074-M4602339,APARTAMENTO,VENTA,19.38,55.0,3.0,2.0,128000.0,0.0,CASTILLA MARSELLA,4,ENTRE 5 Y 10 ANOS,4.64,-74.13,USADO,,0,0,0,0,1,1,0,0,0,1,False,KENNEDY,VILLA ALSACIA CIUDADELA,Marsella,1404.66,0,PARQUE VECINAL VILLA ALSACIA,879.93,0,0.35,,0.0,1.5,0.0,,0.05,382.25,1.0
2359-M4080544,APARTAMENTO,VENTA,20.98,165.0,3.0,3.0,550000.0,1.0,SANTA BARBARA,6,MAS DE 20 ANOS,4.7,-74.05,USADO,,0,1,0,1,1,1,0,0,0,1,False,USAQUEN,SAN PATRICIO,Pepe Sierra,184.19,1,PARQUE ZONAL CANAL CORDOBA,1339.32,0,0.13,,0.33,1.0,0.0,,0.02,426.52,1.0
2974-M3972193,APARTAMENTO,VENTA,19.24,57.97,1.0,1.0,215200.0,0.0,CENTRO Y ZONA COLONIAL,3,MAS DE 20 ANOS,4.6,-74.07,USADO,,0,0,0,0,0,1,0,0,0,1,False,SANTA FE,VERACRUZ__,Las Aguas - Centro Colombo Americano,262.05,1,PARQUE METROPOLITANO INDEPENDENCIA BICENTENARIO,962.59,0,0.33,,0.0,1.0,0.0,,0.02,299.43,2.0
2974-M4121986,APARTAMENTO,VENTA,19.45,62.0,3.0,3.0,280000.0,2.0,COLINA Y ALREDEDORES,4,MAS DE 20 ANOS,4.72,-74.07,USADO,,0,0,0,0,0,1,0,0,0,1,False,SUBA,IBERIA - GRANADA,Gratamira,747.6,0,PARQUE ZONAL LOS LACHES LA MINA,1545.07,0,0.31,,0.67,1.0,0.0,,0.05,538.45,0.0
2238-M4080635,APARTAMENTO,VENTA,20.55,112.0,3.0,3.0,833000.0,2.0,SANTA BARBARA,6,MAS DE 20 ANOS,4.69,-74.04,USADO,,0,1,0,0,1,0,0,0,0,1,False,USAQUEN,RINCON DEL CHICO,Calle 106,1482.78,0,PARQUE ZONAL CANAL EL VIRREY EL CHICO,1790.16,0,0.18,,0.67,1.0,0.0,,0.03,517.37,0.0
5395-M3903765,APARTAMENTO,VENTA,20.82,132.0,4.0,4.0,1270000.0,2.0,SANTA BARBARA,6,ENTRE 5 Y 10 ANOS,4.69,-74.05,USADO,,0,1,0,1,1,0,0,0,0,1,False,USAQUEN,SANTA BIBIANA,Calle 106,624.65,0,PARQUE VECINAL URBANIZACIÓN NORMANDIA I II II Y IV SECTOR,1343.56,0,0.16,,0.5,1.0,0.0,,0.03,566.0,0.0
2974-M4147051,APARTAMENTO,VENTA,19.86,79.0,2.0,2.0,400000.0,1.0,SANTA BARBARA,6,MAS DE 20 ANOS,4.7,-74.04,USADO,,0,1,0,0,1,1,0,0,0,1,False,USAQUEN,SANTA BARBARA CENTRAL II SECTOR,Pepe Sierra,1791.97,0,PARQUE METROPOLITANO EL COUNTRY,888.66,0,0.25,,0.5,1.0,0.0,,0.03,701.99,0.0
2996-M4291907,APARTAMENTO,VENTA,21.31,184.0,3.0,4.0,1650000.0,4.0,CHICO,6,MAS DE 20 ANOS,4.68,-74.04,USADO,,0,0,0,0,0,0,0,0,0,0,False,CHAPINERO,S.C. CHICO NORTE,Virrey,1669.86,0,PARQUE VECINAL URBANIZACIÓN LA CABRERA,971.15,0,0.12,,1.33,0.75,0.0,,0.02,486.39,1.0
2748-M3182246,APARTAMENTO,VENTA,20.15,93.0,2.0,2.0,340000.0,2.0,NIZA ALHAMBRA,5,ENTRE 10 Y 20 ANOS,4.71,-74.07,USADO,,0,0,0,1,1,1,0,0,0,0,False,SUBA,BATAN LOTE NIZA XII,Humedal Córdoba,149.41,1,PARQUE ZONAL LOS LACHES LA MINA,394.88,1,0.22,,1.0,1.0,0.0,,0.02,393.16,10.0
2731-M3061999,APARTAMENTO,VENTA,20.2,97.0,2.0,2.0,849000.0,2.0,SANTA BARBARA,6,MAS DE 20 ANOS,4.69,-74.04,USADO,,0,1,0,0,1,0,0,0,0,1,False,USAQUEN,SAN PATRICIO,Calle 106,1275.81,0,PARQUE METROPOLITANO EL COUNTRY,1384.34,0,0.21,,1.0,1.0,0.0,,0.02,325.56,1.0
5545-M4456406,APARTAMENTO,VENTA,20.17,74.0,2.0,2.0,650000.0,2.0,SANTA BARBARA,6,ENTRE 5 Y 10 ANOS,4.69,-74.05,USADO,,0,1,0,1,1,0,0,0,0,1,False,USAQUEN,SANTA BIBIANA,Calle 106,983.83,0,PARQUE VECINAL URBANIZACIÓN NORMANDIA I II II Y IV SECTOR,1679.32,0,0.27,,1.0,1.0,0.0,,0.03,535.48,0.0
5395-M4652853,APARTAMENTO,VENTA,20.13,63.5,2.0,2.0,301000.0,1.0,CHAPINERO ALTO,3,ENTRE 0 Y 5 ANOS,4.64,-74.06,USADO,,0,1,0,1,1,1,0,0,0,1,False,CHAPINERO,LOS OLIVOS,Calle 63,1040.23,0,PARQUE ZONAL GUSTAVO URIBE BOTERO,776.79,0,0.32,,0.5,1.0,0.0,,0.03,812.68,0.0
3115-M3485385,APARTAMENTO,VENTA,20.29,95.0,3.0,3.0,288000.0,2.0,COUNTRY,4,ENTRE 0 Y 5 ANOS,4.72,-74.04,USADO,,0,1,0,1,1,1,1,0,0,1,True,USAQUEN,NUEVO COUNTRY,Alcalá,1118.22,0,PARQUE VECINAL NUEVA URBANIZACIÓN EL CEDRITO,1026.25,0,0.21,,0.67,1.0,0.0,,0.03,462.23,1.0
15747-M4451225,APARTAMENTO,VENTA,19.78,52.0,1.0,1.0,603000.0,1.0,SANTA BARBARA,6,ENTRE 5 Y 10 ANOS,4.69,-74.05,USADO,,0,0,0,0,1,1,0,0,0,1,False,USAQUEN,SAN PATRICIO,Calle 106,418.77,1,PARQUE ZONAL CANAL CORDOBA,1656.32,0,0.38,,1.0,1.0,0.0,,0.02,342.32,1.0
2162-M4646537,APARTAMENTO,VENTA,21.25,178.0,3.0,4.0,822000.0,2.0,CHICO,6,REMODELADO,4.65,-74.05,USADO,,0,0,0,1,1,0,0,0,0,1,False,CHAPINERO,S.C. LAS ACACIAS,Flores – Areandina,1442.08,0,PARQUE ZONAL GUSTAVO URIBE BOTERO,292.26,1,0.12,,0.67,0.75,0.0,,0.02,628.7,0.0
384-4263,APARTAMENTO,VENTA,21.16,174.21,2.0,5.0,879000.0,4.0,ALTOS DE SUBA Y CERROS DE SAN JORGE,6,ENTRE 5 Y 10 ANOS,4.74,-74.08,USADO,,0,0,0,1,1,0,0,0,0,0,False,SUBA,ALTAMIRA,21 Ángeles,836.85,0,PARQUE ZONAL EL TOMILLAR,527.28,0,0.12,,2.0,0.4,0.0,,0.01,1553.91,0.0
5483-M4453762,APARTAMENTO,VENTA,19.84,85.0,3.0,2.0,239000.0,1.0,COLINA Y ALREDEDORES,4,ENTRE 10 Y 20 ANOS,4.74,-74.07,USADO,,0,1,0,1,1,1,1,0,0,1,False,SUBA,CASABLANCA (HACIENDA),Gratamira,1760.95,0,PARQUE ZONAL EL TOMILLAR,827.07,0,0.23,,0.33,1.5,0.0,,0.04,814.88,0.0
3036-M2524315,APARTAMENTO,VENTA,19.83,80.0,3.0,2.0,356000.0,1.0,NIZA ALHAMBRA,5,ENTRE 10 Y 20 ANOS,4.69,-74.06,USADO,,0,0,0,0,1,1,0,0,0,1,False,SUBA,SANTA MARGARITA,Calle 106,186.32,1,PARQUE ZONAL CANAL CORDOBA,1240.87,0,0.25,,0.33,1.5,0.0,,0.04,888.18,0.0
2195-M4422856,APARTAMENTO,VENTA,19.95,62.36,2.0,2.0,360000.0,1.0,CENTRO NARINO,4,MAS DE 20 ANOS,4.63,-74.09,USADO,,0,0,0,0,0,1,0,0,0,1,False,TEUSAQUILLO,CIUDAD UNIVERSITARIA,Recinto Ferial,48.9,1,PARQUE VECINAL SANTA CLARA,844.1,0,0.32,,0.5,1.0,0.0,,0.03,1022.24,0.0
754-M4595254,APARTAMENTO,VENTA,20.91,106.6,2.0,3.0,790000.0,2.0,SANTA BARBARA,6,ENTRE 0 Y 5 ANOS,4.7,-74.05,USADO,,0,0,0,1,1,1,0,0,0,1,False,USAQUEN,SAN PATRICIO,Pepe Sierra,425.65,1,PARQUE ZONAL ATABANZA,1449.41,0,0.2,,1.0,0.67,0.0,,0.02,264.52,2.0
384-M4043945,APARTAMENTO,VENTA,19.99,70.0,3.0,2.0,3921395.93,1.0,CENTRO NARINO,4,ENTRE 0 Y 5 ANOS,4.63,-74.09,USADO,,0,0,0,0,0,0,0,0,0,0,False,TEUSAQUILLO,QUINTA PAREDES,Recinto Ferial,276.72,1,PARQUE VECINAL SANTA CLARA,596.86,0,0.29,,0.33,1.5,0.0,,0.04,856.37,0.0
384-M3926135,APARTAMENTO,VENTA,19.87,72.0,3.0,2.0,271400.0,1.0,CEDRITOS,4,ENTRE 0 Y 5 ANOS,4.73,-74.02,USADO,,0,0,0,0,0,0,0,0,0,0,False,USAQUEN,FINCA MORAGA (BARRACAS),Mazurén,2689.97,0,PARQUE ZONAL ALTA BLANCA,426.23,1,0.28,,0.33,1.5,0.0,,0.04,950.05,0.0
384-M4309812,APARTAMENTO,VENTA,21.51,237.33,3.0,4.0,1813000.0,3.0,CHICO,6,MAS DE 20 ANOS,4.66,-74.05,USADO,,0,0,0,0,0,0,0,0,0,0,False,CHAPINERO,S.C. EL NOGAL,Calle 76 - San Felipe,887.84,0,PARQUE ZONAL SAN ANDRÉS,527.45,0,0.09,,1.0,0.75,0.0,,0.01,450.81,1.0
384-M4252034,APARTAMENTO,VENTA,20.44,112.58,4.0,3.0,475500.0,1.0,FONTIBON TINTAL,4,ENTRE 5 Y 10 ANOS,4.66,-74.13,USADO,,1,0,0,0,0,0,1,0,0,0,False,FONTIBON,EL TINTAL A.S.D.,Normandía,1945.57,0,PARQUE ZONAL CANAL BOYACA,1156.18,0,0.18,,0.25,1.33,0.0,,0.04,679.44,0.0
384-M3817580,APARTAMENTO,VENTA,19.81,86.04,4.0,3.0,478000.0,2.0,COUNTRY,5,MAS DE 20 ANOS,4.71,-74.04,USADO,,0,0,0,0,0,0,0,0,0,0,False,USAQUEN,LISBOA_,Prado,1687.13,0,PARQUE VECINAL NUEVA URBANIZACIÓN EL CEDRITO,1034.68,0,0.23,,0.5,1.33,0.0,,0.05,420.09,1.0
384-M4563387,APARTAMENTO,VENTA,19.84,88.31,3.0,2.0,401000.0,1.0,COLINA Y ALREDEDORES,4,MAS DE 20 ANOS,4.73,-74.07,USADO,,0,1,0,1,1,0,0,0,0,1,False,SUBA,EL RINCON DE IBERIA,Gratamira,1024.22,0,PARQUE VECINAL PRADO PINZÓN,1292.01,0,0.22,,0.33,1.5,0.0,,0.03,95.62,1.0
330-M3318478,APARTAMENTO,VENTA,19.45,70.0,3.0,2.0,275000.0,1.0,CEDRITOS,4,MAS DE 20 ANOS,4.72,-74.03,USADO,,0,0,0,0,0,0,0,0,0,0,False,USAQUEN,CEDRO SALAZAR,Calle 146,2673.02,0,PARQUE VECINAL NUEVA URBANIZACIÓN EL CEDRITO,801.41,0,0.28,,0.33,1.5,0.0,,0.04,887.39,0.0
384-M4509292,APARTAMENTO,VENTA,19.94,67.87,2.0,2.0,335000.0,1.0,COLINA Y ALREDEDORES,4,ENTRE 0 Y 5 ANOS,4.72,-74.06,USADO,,0,0,0,0,0,0,0,0,0,0,False,SUBA,S.C. PRADO VERANIEGO NORTE,Prado,864.55,0,PARQUE VECINAL PRADO PINZÓN,1014.72,0,0.29,,0.5,1.0,0.0,,0.03,579.3,0.0
384-M4212173,APARTAMENTO,VENTA,20.32,97.57,3.0,3.0,494000.0,2.0,COLINA Y ALREDEDORES,5,ENTRE 5 Y 10 ANOS,4.74,-74.07,USADO,,1,0,0,1,1,0,1,0,0,0,False,SUBA,CASABLANCA (HACIENDA),21 Ángeles,1650.69,0,PARQUE ZONAL EL TOMILLAR,638.34,0,0.21,,0.67,1.0,0.0,,0.03,968.81,0.0
384-M4515096,APARTAMENTO,VENTA,19.76,80.14,3.0,2.0,423000.0,1.0,ORQUIDEAS,4,ENTRE 10 Y 20 ANOS,4.75,-74.04,USADO,,0,0,0,1,1,0,1,0,0,1,False,USAQUEN,LA URIBE,Portal Norte,1070.65,0,PARQUE VECINAL URBANIZACIÓN CALLE 170 / ALAMEDA,525.01,0,0.25,,0.33,1.5,0.0,,0.04,305.3,1.0
384-M4732254,APARTAMENTO,VENTA,20.03,112.89,4.0,2.0,256763.0,0.0,NICOLAS DE FEDERMAN,4,MAS DE 20 ANOS,4.65,-74.09,USADO,,0,0,0,1,0,0,0,0,0,1,False,TEUSAQUILLO,PABLO VI ETAPA I,Movistar Arena,1081.04,0,PARQUE ZONAL NICOLAS DE FEDERMAN 3,557.72,0,0.18,,0.0,2.0,0.0,,0.04,774.89,0.0
4957-M4613819,APARTAMENTO,VENTA,19.45,63.0,3.0,2.0,209000.0,1.0,ALTOS DE SUBA Y CERROS DE SAN JORGE,4,ENTRE 5 Y 10 ANOS,4.75,-74.08,USADO,,1,0,0,1,1,1,0,0,0,1,False,SUBA,TUNA ALTA ALMEIRA,La Campiña,1383.08,0,PARQUE ZONAL CAMPO VERDE,468.76,1,0.31,,0.33,1.5,0.0,,0.05,1544.06,0.0
874-M3002572,APARTAMENTO,VENTA,20.82,176.0,3.0,4.0,1330000.0,3.0,SANTA BARBARA,5,ENTRE 10 Y 20 ANOS,4.71,-74.05,USADO,,0,1,0,0,1,1,0,0,0,1,False,USAQUEN,SANTA BARBARA OCCIDENTAL,Calle 127,332.13,1,PARQUE ZONAL ATABANZA,864.64,0,0.12,,1.0,0.75,0.0,,0.02,162.45,5.0
11203-M3101741,APARTAMENTO,VENTA,20.89,143.39,3.0,5.0,750000.0,2.0,CHICO,6,ENTRE 10 Y 20 ANOS,4.68,-74.06,USADO,,0,1,0,1,1,0,0,0,0,1,False,CHAPINERO,S.C. EL CHICO,Virrey,216.86,1,PARQUE VECINAL URBANIZACIÓN NORMANDIA I II II Y IV SECTOR,87.14,1,0.15,,0.67,0.6,0.0,,0.02,545.44,0.0
11203-M3321386,APARTAMENTO,VENTA,21.13,200.0,3.0,3.0,1438000.0,2.0,CHAPINERO ALTO,6,MAS DE 20 ANOS,4.65,-74.05,USADO,,0,1,0,0,0,1,0,0,0,1,False,CHAPINERO,S.C. INGEMAR ORIENTAL,Flores – Areandina,1551.91,0,PARQUE ZONAL GUSTAVO URIBE BOTERO,260.69,1,0.11,,0.67,1.0,0.0,,0.02,710.81,0.0
450-M2509909,APARTAMENTO,VENTA,21.56,250.0,4.0,4.0,1000000.0,3.0,CHICO,6,MAS DE 20 ANOS,4.67,-74.05,USADO,,0,1,0,1,1,1,0,0,0,1,False,CHAPINERO,LA CABRERA,Héroes - Gel´Hada,1428.72,0,PARQUE VECINAL URBANIZACIÓN LA CABRERA,420.83,1,0.09,,0.75,1.0,0.0,,0.02,422.86,1.0
384-M4515836,APARTAMENTO,VENTA,21.13,144.35,3.0,3.0,1362545.0,2.0,CHAPINERO ALTO,4,ENTRE 10 Y 20 ANOS,4.65,-74.06,USADO,,0,0,0,0,1,0,0,0,0,0,False,CHAPINERO,S.C. GRANADA,Calle 63,974.98,0,PARQUE ZONAL GUSTAVO URIBE BOTERO,479.94,1,0.15,,0.67,1.0,0.0,,0.02,386.88,1.0
16146-M4463236,APARTAMENTO,VENTA,20.29,139.0,3.0,3.0,868000.0,1.0,SANTA BARBARA,5,MAS DE 20 ANOS,4.7,-74.05,USADO,,0,0,0,0,0,0,0,0,0,1,False,USAQUEN,SANTA BARBARA OCCIDENTAL,Calle 127,504.81,0,PARQUE ZONAL ATABANZA,1046.72,0,0.15,,0.33,1.0,0.0,,0.02,340.41,5.0
368-M4417703,APARTAMENTO,VENTA,20.09,85.0,3.0,3.0,490000.0,2.0,NIZA ALHAMBRA,5,ENTRE 5 Y 10 ANOS,4.69,-74.06,USADO,,0,0,0,1,1,0,0,0,0,1,False,SUBA,PUENTE LARGO SECTOR I Y II,Suba - Calle 100,475.85,1,PARQUE ZONAL CANAL CORDOBA,945.37,0,0.24,,0.67,1.0,0.0,,0.04,620.77,0.0
3038-M4030864,APARTAMENTO,VENTA,19.86,94.0,3.0,2.0,275000.0,1.0,NIZA ALHAMBRA,4,ENTRE 10 Y 20 ANOS,4.7,-74.07,USADO,,0,1,0,0,1,1,0,0,0,1,True,SUBA,NIZA SUR,Humedal Córdoba,354.77,1,PARQUE ZONAL MORATO,700.34,0,0.21,,0.33,1.5,0.0,,0.03,822.4,0.0
482-M4179810,APARTAMENTO,VENTA,19.47,62.55,3.0,2.0,206000.0,1.0,ALTOS DE SUBA Y CERROS DE SAN JORGE,3,ENTRE 0 Y 5 ANOS,4.75,-74.1,USADO,,0,0,0,1,1,1,0,0,0,1,False,SUBA,URB. LAS FLORES,Portal Suba,737.82,0,PARQUE VECINAL URBANIZACIÓN LOMBARDIA II ETAPA,376.0,1,0.31,,0.33,1.5,0.0,,0.05,509.42,0.0
2238-M3068473,APARTAMENTO,VENTA,20.9,180.0,3.0,3.0,495000.0,2.0,COLINA Y ALREDEDORES,4,ENTRE 5 Y 10 ANOS,4.75,-74.06,USADO,,0,0,0,1,1,1,0,0,0,1,False,SUBA,VILLA JULIA,Portal Norte,1616.28,0,PARQUE ZONAL SAN JOSÉ DE BAVARIA,364.94,1,0.12,,0.67,1.0,0.0,,0.02,1972.23,0.0
2993-M4464522,APARTAMENTO,VENTA,20.93,168.0,3.0,4.0,695000.0,2.0,SANTA BARBARA,6,ENTRE 10 Y 20 ANOS,4.69,-74.05,USADO,,0,1,0,1,1,0,0,0,0,1,False,USAQUEN,SANTA BIBIANA,Calle 106,470.8,1,PARQUE VECINAL URBANIZACIÓN NORMANDIA I II II Y IV SECTOR,1718.99,0,0.12,,0.67,0.75,0.0,,0.02,547.8,0.0
2469-M4466027,APARTAMENTO,VENTA,20.35,150.0,3.0,4.0,754000.0,2.0,SANTA BARBARA,6,MAS DE 20 ANOS,4.7,-74.04,USADO,,0,1,0,0,1,1,0,0,0,1,False,USAQUEN,SANTA BARBARA CENTRAL I SECTOR,Pepe Sierra,1632.9,0,PARQUE METROPOLITANO EL COUNTRY,955.77,0,0.14,,0.67,0.75,0.0,,0.02,733.04,0.0
544-M4512472,APARTAMENTO,VENTA,20.99,160.0,3.0,4.0,927000.0,3.0,COUNTRY,5,ENTRE 5 Y 10 ANOS,4.72,-74.05,USADO,,0,0,0,1,1,0,1,0,0,1,False,USAQUEN,LA CALLEJA SANTACOLOMA,Prado,581.51,0,PARQUE VECINAL PRADO PINZÓN,1246.06,0,0.13,,1.0,0.75,0.0,,0.02,419.46,1.0
2748-M2560161,APARTAMENTO,VENTA,20.91,208.0,3.0,5.0,850000.0,3.0,COUNTRY,6,REMODELADO,4.71,-74.04,USADO,,1,1,0,0,1,1,0,0,0,1,False,USAQUEN,LA_CAROLINA,Calle 127,1608.58,0,PARQUE METROPOLITANO EL COUNTRY,319.55,1,0.1,,1.0,0.6,0.0,,0.01,496.23,1.0
243-M4081629,APARTAMENTO,VENTA,19.91,87.0,2.0,3.0,698000.0,2.0,CHAPINERO ALTO,4,MAS DE 20 ANOS,4.64,-74.06,USADO,,0,0,0,0,0,1,0,0,0,1,False,CHAPINERO,S.C. PARDO RUBIO,Marly,510.75,0,PARQUE METROPOLITANO PARQUE NACIONAL (PM2A) ENRIQUE OLAYA HERRERA (SECTOR HISTORICO),1375.13,0,0.23,,1.0,0.67,0.0,,0.02,608.94,0.0
800-M3844001,APARTAMENTO,VENTA,20.08,87.0,2.0,2.0,528000.0,1.0,CHAPINERO ALTO,4,MAS DE 20 ANOS,4.65,-74.06,USADO,,0,1,0,0,0,1,0,0,0,1,False,CHAPINERO,S.C. GRANADA,Flores – Areandina,1063.9,0,PARQUE ZONAL GUSTAVO URIBE BOTERO,351.09,1,0.23,,0.5,1.0,0.0,,0.02,316.13,1.0
990-M4298726,APARTAMENTO,VENTA,19.66,50.0,2.0,2.0,555000.0,1.0,CEDRITOS,4,REMODELADO,4.73,-74.04,USADO,,0,0,0,0,1,0,0,0,0,0,False,USAQUEN,ACACIAS USAQUEN,Calle 142,1603.53,0,PARQUE VECINAL NUEVA URBANIZACIÓN EL CEDRITO,343.59,1,0.39,,0.5,1.0,0.0,,0.04,619.2,0.0
800-M4303882,APARTAMENTO,VENTA,19.8,85.0,2.0,3.0,556000.0,1.0,COLINA Y ALREDEDORES,5,MAS DE 20 ANOS,4.72,-74.07,USADO,,0,1,0,0,0,1,0,0,0,1,False,SUBA,URB. COLINA NORTE II ETAPA,Gratamira,1038.53,0,PARQUE VECINAL PRADO PINZÓN,1318.21,0,0.23,,0.5,0.67,0.0,,0.02,323.98,2.0
2748-M4303441,APARTAMENTO,VENTA,20.05,90.0,3.0,3.0,380000.0,1.0,COLINA Y ALREDEDORES,4,REMODELADO,4.73,-74.07,USADO,,0,1,0,1,1,1,0,0,0,1,False,SUBA,IBERIA,Gratamira,542.51,0,PARQUE VECINAL AGRUPACIÓN DE VIVIENDA EN BALCON DE LINDARAJA,1574.17,0,0.22,,0.33,1.0,0.0,,0.03,636.26,0.0
13374-M4178492,APARTAMENTO,VENTA,20.58,144.0,3.0,5.0,887000.0,2.0,COUNTRY,6,MAS DE 20 ANOS,4.71,-74.03,USADO,,0,1,0,1,1,1,0,0,0,1,False,USAQUEN,RECODO DEL COUNTRY,Prado,2201.46,0,PARQUE METROPOLITANO EL COUNTRY,587.24,0,0.14,,0.67,0.6,0.0,,0.02,394.52,1.0
5537-M3095943,APARTAMENTO,VENTA,20.09,110.0,3.0,2.0,550000.0,2.0,COUNTRY,6,MAS DE 20 ANOS,4.71,-74.04,USADO,,0,1,0,0,1,0,0,0,0,1,False,USAQUEN,LA_CAROLINA,Calle 127,1413.19,0,PARQUE METROPOLITANO EL COUNTRY,416.22,1,0.18,,0.67,1.5,0.0,,0.03,399.13,1.0
3553-M3635523,APARTAMENTO,VENTA,21.09,230.0,3.0,4.0,1068000.0,2.0,SANTA BARBARA,6,MAS DE 20 ANOS,4.7,-74.03,USADO,,0,0,0,1,1,1,0,0,0,1,False,USAQUEN,CENTRO NORTE USAQUEN,Calle 127,2853.46,0,PARQUE METROPOLITANO EL COUNTRY,1254.04,0,0.09,,0.67,0.75,0.0,,0.01,329.44,2.0
990-M4293635,APARTAMENTO,VENTA,21.07,136.0,3.0,5.0,1000000.0,2.0,CHICO,6,ENTRE 5 Y 10 ANOS,4.68,-74.05,USADO,,0,0,0,0,1,0,0,0,0,0,False,CHAPINERO,S.C. CHICO NORTE,Virrey,578.72,0,PARQUE VECINAL URBANIZACIÓN NORMANDIA I II II Y IV SECTOR,459.91,1,0.15,,0.67,0.6,0.0,,0.02,215.85,2.0
2456-M4653613,APARTAMENTO,VENTA,21.22,187.0,3.0,5.0,1130000.0,3.0,COLINA Y ALREDEDORES,5,ENTRE 0 Y 5 ANOS,4.74,-74.07,USADO,,1,1,0,1,1,1,0,0,0,1,False,SUBA,URB. LA SIRENA,Gratamira,1408.37,0,PARQUE ZONAL EL TOMILLAR,1033.33,0,0.11,,1.0,0.6,0.0,,0.02,342.4,1.0
2974-M3817303,APARTAMENTO,VENTA,20.03,96.0,3.0,3.0,481000.0,2.0,COLINA Y ALREDEDORES,4,ENTRE 5 Y 10 ANOS,4.74,-74.06,USADO,,0,0,0,0,1,1,0,0,0,1,False,SUBA,URB. CARIMAGUA II,Calle 161,1282.36,0,PARQUE VECINAL DESARROLLO CANTALEJO URBANIZACIÓN CANTALEJO MANZANA B,312.83,1,0.21,,0.67,1.0,0.0,,0.03,1175.76,0.0
3340-M4081261,APARTAMENTO,VENTA,20.25,78.0,2.0,2.0,567000.0,2.0,SANTA BARBARA,6,ENTRE 5 Y 10 ANOS,4.7,-74.05,USADO,,0,1,0,1,1,0,0,0,0,1,False,USAQUEN,SANTA BARBARA OCCIDENTAL,Calle 127,1006.84,0,PARQUE METROPOLITANO EL COUNTRY,891.71,0,0.26,,1.0,1.0,0.0,,0.03,425.32,2.0
44-M3316973,APARTAMENTO,VENTA,21.48,268.0,3.0,5.0,1555000.0,3.0,CHICO,6,MAS DE 20 ANOS,4.67,-74.05,USADO,,0,1,0,0,0,1,0,0,0,0,False,CHAPINERO,S.C. EL CHICO,Virrey,991.85,0,PARQUE VECINAL URBANIZACIÓN LA CABRERA,328.66,1,0.08,,1.0,0.6,0.0,,0.01,275.8,4.0
3147-M4702634,APARTAMENTO,VENTA,20.18,108.0,3.0,3.0,590000.0,2.0,CEDRITOS,4,ENTRE 10 Y 20 ANOS,4.73,-74.05,USADO,,0,0,0,0,1,0,0,0,0,0,False,USAQUEN,LOS CEDRITOS,Calle 142,512.52,0,PARQUE VECINAL PRADO PINZÓN,888.13,0,0.19,,0.67,1.0,0.0,,0.03,741.24,0.0
2359-M3098368,APARTAMENTO,VENTA,20.5,158.0,3.0,3.0,520000.0,2.0,SANTA BARBARA,6,ENTRE 10 Y 20 ANOS,4.69,-74.04,USADO,,1,1,0,1,1,1,0,0,0,1,False,USAQUEN,RINCON DEL CHICO,Calle 106,1524.45,0,PARQUE ZONAL CANAL EL VIRREY EL CHICO,1945.72,0,0.13,,0.67,1.0,0.0,,0.02,662.89,0.0
651-M4199149,APARTAMENTO,VENTA,20.25,101.0,3.0,3.0,600000.0,2.0,COUNTRY,5,REMODELADO,4.71,-74.05,USADO,,0,1,0,0,1,1,0,0,0,1,False,USAQUEN,LA CALLEJA,Prado,621.55,0,PARQUE ZONAL ATABANZA,1073.57,0,0.2,,0.67,1.0,0.0,,0.03,574.7,0.0
10176-M4652523,APARTAMENTO,VENTA,21.13,180.0,4.0,5.0,850000.0,4.0,FONTIBON TINTAL,5,ENTRE 0 Y 5 ANOS,4.66,-74.13,USADO,,1,1,0,1,1,1,1,0,0,1,False,FONTIBON,EL TINTAL A.S.D.,Normandía,2095.39,0,PARQUE ZONAL CANAL BOYACA,1305.65,0,0.12,,1.0,0.8,0.0,,0.02,693.06,0.0
754-M3847115,APARTAMENTO,VENTA,21.02,127.0,2.0,3.0,1292000.0,2.0,CHICO,6,ENTRE 5 Y 10 ANOS,4.66,-74.05,USADO,,0,0,0,1,1,1,0,0,0,1,False,CHAPINERO,LOS ROSALES,Calle 76 - San Felipe,1559.07,0,PARQUE ZONAL SAN ANDRÉS,849.75,0,0.17,,1.0,0.67,0.0,,0.02,852.92,0.0
754-M3931354,APARTAMENTO,VENTA,20.56,89.9,2.0,2.0,830000.0,2.0,CHICO,6,MAS DE 20 ANOS,4.67,-74.04,USADO,,0,1,0,1,1,1,0,0,0,1,False,CHAPINERO,CHICO ORIENTAL,Virrey,1792.77,0,PARQUE VECINAL URBANIZACIÓN LA CABRERA,805.43,0,0.23,,1.0,1.0,0.0,,0.02,729.48,0.0
2571-M4652233,APARTAMENTO,VENTA,19.67,81.0,3.0,2.0,270000.0,2.0,170 Y ALREDORES,4,MAS DE 20 ANOS,4.77,-74.05,USADO,,0,0,0,0,0,1,0,0,0,1,False,SUBA,MIRANDELA,Terminal,360.52,1,PARQUE VECINAL URBANIZACIÓN VILANOVA,568.71,0,0.24,,0.67,1.5,0.0,,0.04,627.28,0.0
2748-M2557572,APARTAMENTO,VENTA,21.06,225.0,3.0,5.0,1050000.0,3.0,ALTOS DE SUBA Y CERROS DE SAN JORGE,6,ENTRE 5 Y 10 ANOS,4.73,-74.08,USADO,,1,1,0,1,1,1,1,0,0,1,False,SUBA,SALAMANCA Y CATALAYUD,21 Ángeles,511.38,0,PARQUE ZONAL EL TOMILLAR,802.23,0,0.09,,1.0,0.6,0.0,,0.01,1078.58,0.0
2571-M4508100,APARTAMENTO,VENTA,20.07,119.0,3.0,2.0,450000.0,1.0,CHAPINERO ALTO,4,MAS DE 20 ANOS,4.66,-74.06,USADO,,0,0,0,0,1,1,0,0,0,0,False,CHAPINERO,S.C. QUINTA CAMACHO,Flores – Areandina,171.18,1,PARQUE ZONAL LA ESTACIÓN,880.84,0,0.17,,0.33,1.5,0.0,,0.03,333.65,2.0
3072-M4290245,APARTAMENTO,VENTA,21.49,120.0,2.0,3.0,3921395.93,2.0,CHICO,6,ENTRE 0 Y 5 ANOS,4.67,-74.05,USADO,,0,0,0,0,0,1,0,0,0,1,False,CHAPINERO,LA CABRERA,Calle 85,1242.57,0,PARQUE VECINAL URBANIZACIÓN LA CABRERA,182.46,1,0.18,,1.0,0.67,0.0,,0.02,154.86,1.0
384-M4733401,APARTAMENTO,VENTA,19.79,78.02,2.0,2.0,439000.0,1.0,NIZA ALHAMBRA,5,MAS DE 20 ANOS,4.7,-74.06,USADO,,0,0,0,0,1,0,0,0,0,1,False,SUBA,LA ALHAMBRA SECTOR SUR,Pepe Sierra,262.26,1,PARQUE ZONAL CANAL CORDOBA,991.66,0,0.25,,0.5,1.0,0.0,,0.03,652.81,0.0
384-M4564586,APARTAMENTO,VENTA,20.11,73.53,2.0,2.0,508000.0,1.0,LA SOLEDAD,4,ENTRE 5 Y 10 ANOS,4.63,-74.08,USADO,,0,0,0,1,0,0,0,0,0,1,False,TEUSAQUILLO,LAS AMERICAS,Concejo de Bogotá,113.12,1,PARQUE METROPOLITANO EL RENACIMIENTO - PARQUE CEMENTERIO CENTRAL,844.06,0,0.27,,0.5,1.0,0.0,,0.03,551.34,0.0
384-M4247039,APARTAMENTO,VENTA,19.32,53.0,2.0,2.0,186300.0,1.0,170 Y ALREDORES,4,MAS DE 20 ANOS,4.77,-74.05,USADO,,0,0,0,0,0,0,0,0,0,1,False,SUBA,URB. SAN PEDRO,Terminal,707.24,0,PARQUE VECINAL URBANIZACIÓN VILANOVA,490.0,1,0.36,,0.5,1.0,0.0,,0.04,767.31,0.0
384-M4601021,APARTAMENTO,VENTA,19.11,25.34,1.0,1.0,128320.0,0.0,CENTRO Y ZONA COLONIAL,3,ENTRE 0 Y 5 ANOS,4.6,-74.07,USADO,,0,0,0,1,1,0,0,0,0,1,False,SANTA FE,VERACRUZ__,Las Aguas - Centro Colombo Americano,61.21,1,PARQUE ZONAL SENDERO A MONSERRATE,838.79,0,0.75,,0.0,1.0,0.0,,0.04,185.63,5.0
384-M4555423,APARTAMENTO,VENTA,20.39,97.0,3.0,3.0,467000.0,1.0,SALITRE MODELIA,5,ENTRE 5 Y 10 ANOS,4.66,-74.11,USADO,,0,1,0,1,0,0,0,0,0,1,False,FONTIBON,LA ESPERANZA NORTE,AV. Rojas,508.72,0,PARQUE ZONAL CANAL BOYACA,613.97,0,0.21,,0.33,1.0,0.0,,0.03,698.2,0.0
384-M4264617,APARTAMENTO,VENTA,21.13,144.35,3.0,3.0,1362545.0,2.0,CHAPINERO ALTO,4,ENTRE 10 Y 20 ANOS,4.65,-74.06,USADO,,0,0,0,0,1,0,0,0,0,0,False,CHAPINERO,S.C. GRANADA,Calle 63,974.98,0,PARQUE ZONAL GUSTAVO URIBE BOTERO,479.94,1,0.15,,0.67,1.0,0.0,,0.02,386.88,1.0
384-M4289621,APARTAMENTO,VENTA,20.34,146.0,3.0,2.0,3921395.93,1.0,CHICO,6,MAS DE 20 ANOS,4.68,-74.05,USADO,,0,0,0,0,0,0,0,0,0,0,True,CHAPINERO,S.C. CHICO NORTE,Virrey,1306.26,0,PARQUE ZONAL CANAL EL VIRREY EL CHICO,861.4,0,0.14,,0.33,1.5,0.0,,0.02,140.66,2.0
512-M4027766,APARTAMENTO,VENTA,19.64,56.0,3.0,2.0,271000.0,1.0,COUNTRY,3,MAS DE 20 ANOS,4.71,-74.02,USADO,,1,1,0,0,1,0,0,0,0,1,False,USAQUEN,SAN,Prado,3253.58,0,PARQUE METROPOLITANO EL COUNTRY,1529.64,0,0.35,,0.33,1.5,0.0,,0.05,999.93,0.0
2571-M3441693,APARTAMENTO,VENTA,19.41,45.0,2.0,1.0,350000.0,1.0,SANTA BARBARA,5,MAS DE 20 ANOS,4.69,-74.04,USADO,,0,0,0,0,0,1,0,0,0,1,False,USAQUEN,RINCON DEL CHICO,Calle 106,1432.45,0,PARQUE ZONAL CANAL EL VIRREY EL CHICO,1931.81,0,0.43,,0.5,2.0,0.0,,0.04,635.02,0.0
2359-M2869536,APARTAMENTO,VENTA,21.39,269.5,3.0,5.0,1614000.0,3.0,COUNTRY,6,ENTRE 10 Y 20 ANOS,4.72,-74.03,USADO,,0,1,0,1,1,1,1,0,0,1,False,USAQUEN,CIUDADELA REAL,Alcalá,2758.31,0,PARQUE VECINAL NUEVA URBANIZACIÓN EL CEDRITO,1138.42,0,0.08,,1.0,0.6,0.0,,0.01,218.31,1.0
3147-M4514964,APARTAMENTO,VENTA,19.73,62.0,2.0,2.0,380000.0,1.0,CHAPINERO ALTO,4,ENTRE 5 Y 10 ANOS,4.65,-74.06,USADO,,0,0,0,0,1,0,0,0,0,0,False,CHAPINERO,S.C. CHAPINERO CENTRAL,Calle 63,118.44,1,PARQUE ZONAL GUSTAVO URIBE BOTERO,1341.76,0,0.32,,0.5,1.0,0.0,,0.03,626.95,0.0
2355-M3164642,APARTAMENTO,VENTA,20.71,164.0,3.0,3.0,1128000.0,2.0,CHICO,6,MAS DE 20 ANOS,4.68,-74.06,USADO,,0,1,0,0,1,1,0,0,0,1,False,CHAPINERO,S.C. CHICO NORTE III SECTOR,Calle 100 - Marketmedios,176.08,1,PARQUE VECINAL URBANIZACIÓN NORMANDIA I II II Y IV SECTOR,620.33,0,0.13,,0.67,1.0,0.0,,0.02,371.53,1.0
675-M4615170,APARTAMENTO,VENTA,21.25,203.0,2.0,4.0,1300000.0,2.0,COUNTRY,6,ENTRE 10 Y 20 ANOS,4.71,-74.03,USADO,,0,1,0,0,1,1,0,0,0,1,False,USAQUEN,GINEBRA,Prado,2679.28,0,PARQUE METROPOLITANO EL COUNTRY,1284.18,0,0.1,,1.0,0.5,0.0,,0.01,387.0,1.0
465-M3993348,APARTAMENTO,VENTA,20.57,116.66,3.0,4.0,802000.0,2.0,COLINA Y ALREDEDORES,5,ENTRE 5 Y 10 ANOS,4.72,-74.06,USADO,,0,0,0,1,1,1,0,0,0,1,False,SUBA,URB. BOCA COLINA,Alcalá,1273.71,0,PARQUE VECINAL PRADO PINZÓN,1019.43,0,0.18,,0.67,0.75,0.0,,0.03,86.64,1.0
3147-M4515200,APARTAMENTO,VENTA,19.77,50.0,1.0,1.0,300000.0,1.0,CHICO,6,ENTRE 10 Y 20 ANOS,4.69,-74.05,USADO,,0,0,0,0,1,0,0,0,0,0,False,CHAPINERO,S.C. CHICO NORTE III SECTOR,Calle 100 - Marketmedios,634.48,0,PARQUE VECINAL URBANIZACIÓN NORMANDIA I II II Y IV SECTOR,1167.66,0,0.4,,1.0,1.0,0.0,,0.02,280.27,2.0
770-M4418804,APARTAMENTO,VENTA,20.59,113.0,2.0,3.0,818000.0,2.0,SANTA BARBARA,6,ENTRE 0 Y 5 ANOS,4.7,-74.04,USADO,,0,1,0,1,1,0,0,0,0,1,False,USAQUEN,SANTA BARBARA CENTRAL I SECTOR,Pepe Sierra,1543.55,0,PARQUE METROPOLITANO EL COUNTRY,866.15,0,0.18,,1.0,0.67,0.0,,0.02,636.84,0.0
2359-M4616841,APARTAMENTO,VENTA,19.88,67.3,2.0,2.0,462000.0,1.0,COUNTRY,5,MAS DE 20 ANOS,4.72,-74.05,USADO,,0,0,0,0,1,0,0,0,0,0,False,USAQUEN,LA CALLEJA SANTACOLOMA,Prado,384.14,1,PARQUE VECINAL PRADO PINZÓN,1221.64,0,0.3,,0.5,1.0,0.0,,0.03,557.9,0.0
290-M4705754,APARTAMENTO,VENTA,19.81,70.0,2.0,2.0,676000.0,1.0,COUNTRY,5,ENTRE 5 Y 10 ANOS,4.7,-74.03,USADO,,0,0,0,0,1,1,0,0,0,1,False,USAQUEN,BELLA SUIZA,Calle 127,2792.35,0,PARQUE METROPOLITANO EL COUNTRY,1060.87,0,0.28,,0.5,1.0,0.0,,0.03,753.13,0.0
3507-M4418788,APARTAMENTO,VENTA,19.58,80.36,3.0,2.0,230000.0,2.0,KENNEDY,3,MAS DE 20 ANOS,4.61,-74.13,USADO,,0,0,0,0,0,1,0,0,0,1,False,KENNEDY,CARVAJAL,Marsella,1684.01,0,PARQUE VECINAL CARVAJAL,398.39,1,0.24,,0.67,1.5,0.0,,0.04,738.31,0.0
3553-M4559378,APARTAMENTO,VENTA,19.87,67.2,2.0,2.0,600000.0,1.0,SANTA BARBARA,6,ENTRE 10 Y 20 ANOS,4.69,-74.05,USADO,,0,1,0,0,1,0,0,0,0,1,False,USAQUEN,SANTA BIBIANA,Calle 106,1082.14,0,PARQUE VECINAL URBANIZACIÓN NORMANDIA I II II Y IV SECTOR,1813.07,0,0.3,,0.5,1.0,0.0,,0.03,525.23,0.0
2377-M4660389,APARTAMENTO,VENTA,21.07,138.12,3.0,3.0,912000.0,2.0,CHICO,5,ENTRE 10 Y 20 ANOS,4.67,-74.06,USADO,,0,0,0,0,1,1,0,0,0,1,False,CHAPINERO,S.C. ANTIGUO COUNTRY,Calle 85,212.33,1,PARQUE METROPOLITANO RECONCILIACIÓN,145.04,1,0.15,,0.67,1.0,0.0,,0.02,363.59,3.0
411-M3783556,APARTAMENTO,VENTA,20.34,141.0,2.0,3.0,920000.0,1.0,CHICO,4,MAS DE 20 ANOS,4.66,-74.05,USADO,,0,1,0,0,0,0,0,0,0,1,False,CHAPINERO,S.C. PORCIUNCULA,Calle 72,829.3,0,PARQUE ZONAL GUSTAVO URIBE BOTERO,806.81,0,0.14,,0.5,0.67,0.0,,0.01,97.24,4.0
438-M3635964,APARTAMENTO,VENTA,21.13,250.0,3.0,2.0,1355000.0,2.0,CHICO,6,ENTRE 5 Y 10 ANOS,4.67,-74.04,USADO,,0,0,0,0,1,1,0,0,0,0,False,CHAPINERO,CHICO ALTO,Calle 85,2039.71,0,PARQUE VECINAL URBANIZACIÓN LA CABRERA,979.83,0,0.08,,0.67,1.5,0.0,,0.01,935.03,0.0
438-M4144844,APARTAMENTO,VENTA,20.49,100.0,3.0,2.0,635600.0,1.0,SANTA BARBARA,5,ENTRE 10 Y 20 ANOS,4.69,-74.04,USADO,,0,1,0,0,1,1,0,0,0,1,False,USAQUEN,SANTA ANA OCCIDENTAL,Calle 106,2125.1,0,PARQUE METROPOLITANO EL COUNTRY,1612.14,0,0.2,,0.33,1.5,0.0,,0.03,47.63,1.0
3664-M3682786,APARTAMENTO,VENTA,21.39,175.0,3.0,4.0,1400000.0,3.0,CHICO,6,ENTRE 5 Y 10 ANOS,4.67,-74.05,USADO,,0,1,0,1,1,0,0,0,0,1,False,CHAPINERO,S.C. EL CHICO,Virrey,1087.13,0,PARQUE VECINAL URBANIZACIÓN LA CABRERA,427.97,1,0.12,,1.0,0.75,0.0,,0.02,344.86,3.0
223-11039,APARTAMENTO,VENTA,20.21,115.0,3.0,3.0,626000.0,2.0,SANTA BARBARA,5,REMODELADO,4.71,-74.05,USADO,,0,0,0,0,0,0,0,0,0,1,False,USAQUEN,SANTA BARBARA OCCIDENTAL,Calle 127,402.85,1,PARQUE ZONAL ATABANZA,872.12,0,0.18,,0.67,1.0,0.0,,0.03,157.39,5.0
2456-M4653717,APARTAMENTO,VENTA,20.14,105.0,3.0,3.0,440000.0,2.0,COLINA Y ALREDEDORES,4,ENTRE 5 Y 10 ANOS,4.72,-74.07,USADO,,0,1,0,1,1,1,1,0,0,1,False,SUBA,S.C. CIUDAD JARDIN NORTE,Suba - AV. Boyacá,258.77,1,PARQUE VECINAL AGRUPACIÓN DE VIVIENDA EN BALCON DE LINDARAJA,1169.15,0,0.19,,0.67,1.0,0.0,,0.03,1024.87,0.0
223-11613,APARTAMENTO,VENTA,21.25,250.0,3.0,5.0,1304500.0,3.0,COUNTRY,5,REMODELADO,4.71,-74.03,USADO,,0,0,0,0,0,0,0,0,0,1,False,USAQUEN,LISBOA_,Prado,2369.38,0,PARQUE VECINAL NUEVA URBANIZACIÓN EL CEDRITO,1094.35,0,0.09,,1.0,0.6,0.0,,0.01,275.35,3.0
4933-M4655313,APARTAMENTO,VENTA,19.4,64.0,3.0,2.0,238400.0,1.0,KENNEDY,3,ENTRE 5 Y 10 ANOS,4.65,-74.15,USADO,,0,0,0,1,1,1,1,0,0,1,False,KENNEDY,S.C. TINTALA,Biblioteca Tintal,1847.9,0,PARQUE ZONAL SAN IGNACIO,684.14,0,0.3,,0.33,1.5,0.0,,0.05,2791.04,0.0
2974-M4121272,APARTAMENTO,VENTA,19.73,72.0,3.0,2.0,461000.0,2.0,NIZA ALHAMBRA,5,MAS DE 20 ANOS,4.7,-74.06,USADO,,0,0,0,0,1,1,0,0,0,1,False,SUBA,LA ALHAMBRA SECTOR NORTE,Suba - Calle 116,762.95,0,PARQUE ZONAL CANAL CORDOBA,193.08,1,0.27,,0.67,1.5,0.0,,0.04,1238.89,0.0
2501-M4290813,APARTAMENTO,VENTA,20.62,123.0,3.0,3.0,3921395.93,2.0,CHICO,5,ENTRE 10 Y 20 ANOS,4.67,-74.06,USADO,,0,1,0,0,1,0,0,0,0,1,False,CHAPINERO,S.C. ANTIGUO COUNTRY,Calle 85,319.89,1,PARQUE METROPOLITANO RECONCILIACIÓN,245.33,1,0.17,,0.67,1.0,0.0,,0.02,302.92,3.0
223-M4209299,APARTAMENTO,VENTA,20.98,173.0,3.0,4.0,961000.0,3.0,COUNTRY,5,ENTRE 5 Y 10 ANOS,4.71,-74.05,USADO,,0,0,0,1,1,1,1,0,0,0,False,USAQUEN,,Prado,579.4,0,PARQUE ZONAL ATABANZA,1045.91,0,0.12,,1.0,0.75,0.0,,0.02,573.72,0.0
3437-M4657864,APARTAMENTO,VENTA,20.32,99.0,3.0,3.0,509500.0,2.0,SANTA BARBARA,6,MAS DE 20 ANOS,4.7,-74.03,USADO,,0,1,0,0,1,1,0,0,0,1,False,USAQUEN,SANTA BARBARA CENTRAL IV SECTOR,Calle 127,2333.16,0,PARQUE METROPOLITANO EL COUNTRY,647.22,0,0.21,,0.67,1.0,0.0,,0.03,587.0,0.0
2359-M2566987,APARTAMENTO,VENTA,20.82,153.0,3.0,5.0,980000.0,2.0,COUNTRY,5,ENTRE 10 Y 20 ANOS,4.72,-74.03,USADO,,0,1,0,1,1,1,1,0,0,0,False,USAQUEN,LISBOA_,Alcalá,2506.73,0,PARQUE VECINAL NUEVA URBANIZACIÓN EL CEDRITO,1011.09,0,0.14,,0.67,0.6,0.0,,0.02,50.53,1.0
754-M3818758,APARTAMENTO,VENTA,21.56,267.0,3.0,4.0,1821000.0,2.0,CHAPINERO ALTO,6,MAS DE 20 ANOS,4.65,-74.05,USADO,,0,1,0,1,1,1,0,0,0,1,False,CHAPINERO,S.C. LAS ACACIAS,Flores – Areandina,1403.63,0,PARQUE ZONAL GUSTAVO URIBE BOTERO,148.68,1,0.08,,0.67,0.75,0.0,,0.01,565.26,0.0
3491-M3065383,APARTAMENTO,VENTA,21.21,232.0,4.0,4.0,819000.0,3.0,SALITRE MODELIA,5,ENTRE 10 Y 20 ANOS,4.65,-74.11,USADO,,0,1,0,0,1,1,0,0,0,1,False,TEUSAQUILLO,CIUDAD SALITRE SURORIENTAL,Salitre - El Greco,873.73,0,PARQUE ZONAL SAUZALITO,1107.54,0,0.09,,0.75,1.0,0.0,,0.02,668.38,0.0
16297-M4703763,APARTAMENTO,VENTA,20.65,140.0,3.0,5.0,660000.0,2.0,COUNTRY,5,MAS DE 20 ANOS,4.72,-74.05,USADO,,0,1,0,1,1,1,0,0,0,1,False,USAQUEN,COUNTRY CLUB,Prado,607.17,0,PARQUE ZONAL ATABANZA,1385.86,0,0.15,,0.67,0.6,0.0,,0.02,568.17,0.0
2238-M4019926,APARTAMENTO,VENTA,20.26,94.0,3.0,3.0,640000.0,3.0,COUNTRY,5,ENTRE 5 Y 10 ANOS,4.72,-74.05,USADO,,0,0,0,0,0,0,0,0,0,0,False,USAQUEN,EL CONTADOR,Alcalá,643.63,0,PARQUE VECINAL PRADO PINZÓN,1177.17,0,0.22,,1.0,1.0,0.0,,0.03,179.55,1.0
16392-M4596932,APARTAMENTO,VENTA,19.43,55.01,3.0,1.0,3921395.93,1.0,CASTILLA MARSELLA,3,ENTRE 10 Y 20 ANOS,4.64,-74.15,USADO,,0,0,0,0,0,1,0,0,0,1,False,KENNEDY,CIUDAD TECHO I,Transversal 86,234.92,1,PARQUE METROPOLITANO BIBLIOTECA EL TINTAL,987.97,0,0.35,,0.33,3.0,0.0,,0.05,2546.7,0.0
754-M4306890,APARTAMENTO,VENTA,21.47,312.5,4.0,5.0,2040000.0,4.0,CHICO,6,MAS DE 20 ANOS,4.68,-74.04,USADO,,0,1,0,1,1,1,0,0,0,1,False,CHAPINERO,CHICO RESERVADO,Calle 100 - Marketmedios,1740.96,0,PARQUE VECINAL URBANIZACIÓN LA CABRERA,1268.68,0,0.07,,1.0,0.8,0.0,,0.01,342.85,2.0
754-M2664366,APARTAMENTO,VENTA,21.06,275.0,4.0,4.0,1000000.0,3.0,SANTA BARBARA,6,ENTRE 0 Y 5 ANOS,4.7,-74.04,USADO,,0,1,0,0,0,1,0,0,0,1,False,USAQUEN,SANTA BARBARA CENTRAL I SECTOR,Calle 127,1666.8,0,PARQUE METROPOLITANO EL COUNTRY,546.02,0,0.08,,0.75,1.0,0.0,,0.01,407.15,1.0
754-M2898481,APARTAMENTO,VENTA,21.37,210.0,3.0,4.0,1200000.0,3.0,CHICO,6,ENTRE 5 Y 10 ANOS,4.68,-74.05,USADO,,0,0,0,1,1,1,0,0,0,1,False,CHAPINERO,S.C. CHICO NORTE III SECTOR,Calle 100 - Marketmedios,517.23,0,PARQUE VECINAL URBANIZACIÓN NORMANDIA I II II Y IV SECTOR,873.35,0,0.1,,1.0,0.75,0.0,,0.01,266.12,2.0
754-M4265704,APARTAMENTO,VENTA,20.65,160.0,3.0,4.0,656000.0,2.0,CHICO,6,MAS DE 20 ANOS,4.68,-74.05,USADO,,0,1,0,0,1,1,0,0,0,1,False,CHAPINERO,S.C. CHICO NORTE III SECTOR,Calle 100 - Marketmedios,777.1,0,PARQUE VECINAL URBANIZACIÓN NORMANDIA I II II Y IV SECTOR,944.16,0,0.13,,0.67,0.75,0.0,,0.02,281.93,3.0
754-M4480078,APARTAMENTO,VENTA,21.51,120.0,2.0,3.0,950000.0,2.0,CHICO,6,ENTRE 0 Y 5 ANOS,4.67,-74.05,USADO,,0,1,0,1,1,1,1,0,0,1,False,CHAPINERO,S.C. CHICO NORTE,Virrey,1421.84,0,PARQUE VECINAL URBANIZACIÓN LA CABRERA,531.07,0,0.18,,1.0,0.67,0.0,,0.02,441.22,2.0
754-M2492075,APARTAMENTO,VENTA,20.58,139.0,3.0,3.0,1024000.0,2.0,SANTA BARBARA,5,ENTRE 5 Y 10 ANOS,4.7,-74.05,USADO,,0,1,0,1,0,1,0,0,0,1,False,USAQUEN,SANTA BARBARA OCCIDENTAL,Pepe Sierra,581.49,0,PARQUE ZONAL ATABANZA,1303.33,0,0.15,,0.67,1.0,0.0,,0.02,413.83,2.0
14-M2788646,APARTAMENTO,VENTA,20.37,102.0,3.0,3.0,3921395.93,3.0,SALITRE MODELIA,4,ENTRE 5 Y 10 ANOS,4.66,-74.12,USADO,,0,0,0,1,1,1,0,0,0,1,False,FONTIBON,LA ESPERANZA_,AV. Rojas,1535.28,0,PARQUE VECINAL CARLOS LLERAS (EL FUEGO),756.36,0,0.2,,1.0,1.0,0.0,,0.03,761.3,0.0
2266-M2358731,APARTAMENTO,VENTA,20.62,182.0,4.0,3.0,995000.0,2.0,SANTA BARBARA,6,MAS DE 20 ANOS,4.7,-74.04,USADO,,0,0,0,0,0,1,0,0,0,0,False,USAQUEN,SANTA BARBARA CENTRAL I SECTOR,Calle 127,2056.73,0,PARQUE METROPOLITANO EL COUNTRY,600.96,0,0.11,,0.5,1.33,0.0,,0.02,577.18,0.0
2266-M3472715,APARTAMENTO,VENTA,20.91,180.0,3.0,4.0,750000.0,2.0,COUNTRY,6,MAS DE 20 ANOS,4.71,-74.04,USADO,,0,0,0,0,0,1,0,0,0,0,False,USAQUEN,COUNTRY CLUB,Prado,1110.59,0,PARQUE METROPOLITANO EL COUNTRY,832.44,0,0.12,,0.67,0.75,0.0,,0.02,777.06,0.0
2266-M2443942,APARTAMENTO,VENTA,20.87,211.0,3.0,2.0,843400.0,2.0,CHICO,6,MAS DE 20 ANOS,4.67,-74.05,USADO,,0,0,0,0,0,0,0,0,0,0,False,CHAPINERO,S.C. EL CHICO,Virrey,800.95,0,PARQUE ZONAL CANAL EL VIRREY EL CHICO,283.31,1,0.1,,0.67,1.5,0.0,,0.01,203.89,3.0
523-M2846792,APARTAMENTO,VENTA,21.56,170.0,3.0,4.0,960000.0,3.0,CHICO,6,ENTRE 5 Y 10 ANOS,4.67,-74.05,USADO,,0,1,0,1,1,1,1,0,0,1,False,CHAPINERO,LA CABRERA,Héroes - Gel´Hada,1596.29,0,PARQUE VECINAL URBANIZACIÓN LA CABRERA,544.83,0,0.13,,1.0,0.75,0.0,,0.02,522.89,0.0
523-M2909805,APARTAMENTO,VENTA,21.73,254.0,4.0,3.0,2000000.0,2.0,CHICO,6,ENTRE 0 Y 5 ANOS,4.66,-74.05,USADO,,0,0,0,0,1,1,0,0,0,1,False,CHAPINERO,BOSQUE EL RETIRO I SECTOR,Calle 76 - San Felipe,1576.33,0,PARQUE ZONAL SAN ANDRÉS,643.43,0,0.09,,0.5,1.33,0.0,,0.02,804.15,0.0
3390-M4706035,APARTAMENTO,VENTA,21.31,157.0,2.0,4.0,1260000.0,3.0,CHAPINERO ALTO,5,ENTRE 10 Y 20 ANOS,4.65,-74.05,USADO,,0,1,0,1,1,1,0,0,0,1,False,CHAPINERO,ZAMUDIO,Flores – Areandina,1134.83,0,PARQUE ZONAL GUSTAVO URIBE BOTERO,167.33,1,0.14,,1.5,0.5,0.0,,0.01,297.36,1.0
16399-M4602023,APARTAMENTO,VENTA,19.77,77.0,3.0,2.0,280000.0,1.0,PUENTE ARANDA,3,REMODELADO,4.62,-74.12,USADO,,0,0,0,1,1,1,1,0,0,1,False,PUENTE ARANDA,GALAN,Pradera,887.19,0,PARQUE METROPOLITANO PISTA DE BMX PRD,393.93,1,0.26,,0.33,1.5,0.0,,0.04,1421.96,0.0
2748-M2560703,APARTAMENTO,VENTA,20.26,102.0,3.0,2.0,390000.0,2.0,NIZA ALHAMBRA,5,ENTRE 5 Y 10 ANOS,4.71,-74.07,USADO,,0,1,0,1,1,1,0,0,0,1,False,SUBA,S.C. BATAN,Humedal Córdoba,288.31,1,PARQUE ZONAL LOS LACHES LA MINA,414.12,1,0.2,,0.67,1.5,0.0,,0.03,413.3,10.0
79-M3838884,APARTAMENTO,VENTA,21.31,230.0,3.0,4.0,1600000.0,3.0,CHICO,6,ENTRE 10 Y 20 ANOS,4.68,-74.04,USADO,,0,1,0,0,1,0,0,0,0,1,False,CHAPINERO,S.C. CHICO NORTE,Virrey,1823.28,0,PARQUE VECINAL URBANIZACIÓN LA CABRERA,1156.27,0,0.09,,1.0,0.75,0.0,,0.01,484.4,1.0
450-M3095839,APARTAMENTO,VENTA,20.18,60.0,2.0,2.0,319000.0,2.0,NIZA ALHAMBRA,5,ENTRE 0 Y 5 ANOS,4.7,-74.07,USADO,,0,0,0,1,1,0,0,0,0,1,True,SUBA,NIZA SUR,Humedal Córdoba,249.71,1,PARQUE ZONAL CANAL CORDOBA,738.01,0,0.34,,1.0,1.0,0.0,,0.03,746.7,0.0
5483-M4555431,APARTAMENTO,VENTA,20.6,109.0,3.0,4.0,680000.0,2.0,CHICO,6,ENTRE 10 Y 20 ANOS,4.68,-74.06,USADO,,0,0,0,1,1,0,1,0,0,1,False,CHAPINERO,S.C. CHICO NORTE III SECTOR,Calle 100 - Marketmedios,343.33,1,PARQUE VECINAL URBANIZACIÓN NORMANDIA I II II Y IV SECTOR,651.59,0,0.19,,0.67,0.75,0.0,,0.03,192.6,1.0
800-M4600233,APARTAMENTO,VENTA,20.03,88.0,4.0,2.0,457000.0,2.0,SANTA BARBARA,6,MAS DE 20 ANOS,4.7,-74.04,USADO,,0,0,0,0,1,1,0,0,0,0,False,USAQUEN,SANTA BARBARA CENTRAL I SECTOR,Calle 127,1988.65,0,PARQUE METROPOLITANO EL COUNTRY,561.08,0,0.23,,0.5,2.0,0.0,,0.05,641.89,0.0
384-M4654560,APARTAMENTO,VENTA,20.47,147.8,3.0,4.0,967000.0,2.0,SANTA BARBARA,6,MAS DE 20 ANOS,4.69,-74.04,USADO,,0,0,0,0,0,0,0,0,0,1,False,USAQUEN,SANTA ANA OCCIDENTAL,Calle 106,2182.81,0,PARQUE METROPOLITANO EL COUNTRY,1810.86,0,0.14,,0.67,0.75,0.0,,0.02,244.43,1.0
800-M4598661,APARTAMENTO,VENTA,20.12,105.0,3.0,2.0,405700.0,1.0,ORQUIDEAS,4,ENTRE 5 Y 10 ANOS,4.75,-74.03,USADO,,0,1,0,1,1,1,0,0,0,0,False,USAQUEN,SANTA TERESA,Toberin - Foundever,2432.69,0,PARQUE ZONAL SERVITA,362.77,1,0.19,,0.33,1.5,0.0,,0.03,1255.42,0.0
2162-M4509293,APARTAMENTO,VENTA,20.91,167.0,4.0,4.0,800000.0,2.0,CHAPINERO ALTO,4,MAS DE 20 ANOS,4.65,-74.06,USADO,,1,1,0,0,1,0,0,0,0,1,False,CHAPINERO,S.C. QUINTA CAMACHO,Flores – Areandina,699.01,0,PARQUE ZONAL GUSTAVO URIBE BOTERO,657.92,0,0.13,,0.5,1.0,0.0,,0.02,277.75,1.0
5483-M4597766,APARTAMENTO,VENTA,20.37,100.0,3.0,3.0,474000.0,2.0,CEDRITOS,4,ENTRE 5 Y 10 ANOS,4.72,-74.03,USADO,,0,1,0,1,1,0,0,0,0,1,False,USAQUEN,LOS CEDROS ORIENTAL,Calle 142,2130.89,0,PARQUE VECINAL NUEVA URBANIZACIÓN EL CEDRITO,221.19,1,0.2,,0.67,1.0,0.0,,0.03,724.62,0.0
2993-M4457268,APARTAMENTO,VENTA,19.91,88.0,3.0,3.0,387000.0,1.0,CEDRITOS,4,ENTRE 0 Y 5 ANOS,4.73,-74.03,USADO,,0,0,0,1,1,1,1,0,0,1,False,USAQUEN,BARRANCAS NORTE,Mazurén,2551.01,0,PARQUE ZONAL ALTA BLANCA,286.55,1,0.23,,0.33,1.0,0.0,,0.03,842.04,0.0
4535-M4603069,APARTAMENTO,VENTA,19.99,95.0,3.0,3.0,624000.0,1.0,COUNTRY,5,MAS DE 20 ANOS,4.72,-74.04,USADO,,0,1,0,0,1,0,0,0,0,1,False,USAQUEN,EL CONTADOR,Alcalá,923.43,0,PARQUE VECINAL NUEVA URBANIZACIÓN EL CEDRITO,1207.38,0,0.21,,0.33,1.0,0.0,,0.03,417.67,1.0
754-M3565775,APARTAMENTO,VENTA,21.42,272.0,4.0,5.0,1600000.0,3.0,CHICO,6,ENTRE 10 Y 20 ANOS,4.66,-74.05,USADO,,0,1,0,0,1,1,0,0,0,1,False,CHAPINERO,S.C. EL NOGAL,Calle 76 - San Felipe,1036.47,0,PARQUE ZONAL SAN ANDRÉS,369.69,1,0.08,,0.75,0.8,0.0,,0.01,556.1,0.0
754-M4071521,APARTAMENTO,VENTA,21.19,220.0,3.0,3.0,1080000.0,4.0,CHICO,6,ENTRE 10 Y 20 ANOS,4.66,-74.05,USADO,,0,1,0,0,1,1,0,0,0,1,False,CHAPINERO,S.C. EL NOGAL,Calle 76 - San Felipe,1127.18,0,PARQUE ZONAL SAN ANDRÉS,284.53,1,0.1,,1.33,1.0,0.0,,0.01,478.6,2.0
14-M2624748,APARTAMENTO,VENTA,20.7,180.0,3.0,3.0,650000.0,2.0,SANTA BARBARA,6,MAS DE 20 ANOS,4.7,-74.04,USADO,,0,1,0,1,1,1,0,0,0,0,False,USAQUEN,SANTA BARBARA NORTE,Calle 127,1999.47,0,PARQUE METROPOLITANO EL COUNTRY,375.27,1,0.12,,0.67,1.0,0.0,,0.02,619.41,0.0
754-M2909277,APARTAMENTO,VENTA,20.77,160.0,3.0,3.0,800000.0,2.0,SANTA BARBARA,5,MAS DE 20 ANOS,4.69,-74.04,USADO,,0,1,0,0,1,1,0,0,0,1,False,USAQUEN,RINCON DEL CHICO,Calle 106,1426.39,0,PARQUE METROPOLITANO EL COUNTRY,1907.97,0,0.13,,0.67,1.0,0.0,,0.02,670.36,0.0
4274-M3689286,APARTAMENTO,VENTA,20.37,90.0,2.0,2.0,670000.0,1.0,CHICO,6,ENTRE 10 Y 20 ANOS,4.66,-74.05,USADO,,0,0,0,0,0,1,0,0,0,0,False,CHAPINERO,CONJUNTO HOTELERO LOS ROSALES,Calle 72,1683.11,0,PARQUE ZONAL GUSTAVO URIBE BOTERO,855.9,0,0.23,,0.5,1.0,0.0,,0.02,933.89,0.0
171-M3987478,APARTAMENTO,VENTA,21.41,227.0,3.0,4.0,1600000.0,3.0,CHICO,6,ENTRE 5 Y 10 ANOS,4.67,-74.05,USADO,,0,1,0,0,1,0,0,0,0,1,False,CHAPINERO,S.C. CHICO NORTE,Virrey,1462.25,0,PARQUE VECINAL URBANIZACIÓN LA CABRERA,611.03,0,0.09,,1.0,0.75,0.0,,0.01,430.07,1.0
2123-M2871555,APARTAMENTO,VENTA,20.89,156.0,3.0,4.0,880000.0,2.0,COUNTRY,6,ENTRE 5 Y 10 ANOS,4.71,-74.03,USADO,,0,1,0,1,0,1,0,0,0,1,False,USAQUEN,BOSQUES DE MEDINA,Prado,2823.33,0,PARQUE METROPOLITANO EL COUNTRY,1417.43,0,0.13,,0.67,0.75,0.0,,0.02,535.63,0.0
5395-M3987113,APARTAMENTO,VENTA,19.73,52.0,1.0,2.0,406000.0,1.0,SANTA BARBARA,6,ENTRE 0 Y 5 ANOS,4.7,-74.04,USADO,,0,1,0,0,1,0,0,0,0,1,False,USAQUEN,SANTA BARBARA NORTE,Calle 127,1748.59,0,PARQUE METROPOLITANO EL COUNTRY,352.5,1,0.38,,1.0,0.5,0.0,,0.02,385.8,1.0
2266-M2899088,APARTAMENTO,VENTA,19.81,44.0,1.0,2.0,312000.0,1.0,NIZA ALHAMBRA,4,ENTRE 0 Y 5 ANOS,4.71,-74.08,USADO,,0,0,0,0,0,1,0,0,0,0,True,SUBA,NIZA SUR,Humedal Córdoba,1185.28,0,PARQUE METROPOLITANO CEFE COMETAS,681.61,0,0.45,,1.0,0.5,0.0,,0.02,1210.59,0.0
2266-M2688180,APARTAMENTO,VENTA,20.03,100.0,3.0,3.0,500000.0,1.0,SANTA BARBARA,5,MAS DE 20 ANOS,4.7,-74.05,USADO,,0,0,0,0,0,1,0,0,0,0,False,USAQUEN,SANTA BARBARA OCCIDENTAL,Pepe Sierra,495.68,1,PARQUE ZONAL ATABANZA,1295.4,0,0.2,,0.33,1.0,0.0,,0.03,444.34,2.0
9894-M4730256,APARTAMENTO,VENTA,19.45,53.0,2.0,2.0,470000.0,2.0,COUNTRY,5,MAS DE 20 ANOS,4.72,-74.04,USADO,,0,1,0,0,1,1,0,0,0,1,False,USAQUEN,EL CONTADOR,Alcalá,787.65,0,PARQUE VECINAL PRADO PINZÓN,1321.58,0,0.37,,1.0,1.0,0.0,,0.04,316.75,1.0
16568-M4724209,APARTAMENTO,VENTA,19.86,72.0,3.0,2.0,485000.0,1.0,CHAPINERO ALTO,4,MAS DE 20 ANOS,4.64,-74.06,USADO,,0,1,0,0,1,1,0,0,0,1,False,CHAPINERO,S.C. BOSQUE CALDERON,Calle 57,559.89,0,PARQUE ZONAL GUSTAVO URIBE BOTERO,1547.43,0,0.28,,0.33,1.5,0.0,,0.04,979.7,0.0
9894-M4629734,APARTAMENTO,VENTA,19.92,78.0,2.0,2.0,400000.0,0.0,CHAPINERO ALTO,3,MAS DE 20 ANOS,4.65,-74.06,USADO,,0,0,0,0,1,1,0,0,0,1,False,CHAPINERO,S.C. CHAPINERO CENTRAL,Calle 63,511.3,0,PARQUE ZONAL GUSTAVO URIBE BOTERO,1116.44,0,0.26,,0.0,1.0,0.0,,0.03,829.79,0.0
2974-M3497861,APARTAMENTO,VENTA,20.18,110.0,3.0,3.0,456000.0,2.0,COLINA Y ALREDEDORES,4,ENTRE 10 Y 20 ANOS,4.73,-74.06,USADO,,0,1,0,1,1,1,0,0,0,1,False,SUBA,COLPATRIA SANTA HELENA,Calle 146,853.02,0,PARQUE VECINAL URBANIZACIÓN LA LAGUNA,422.78,1,0.18,,0.67,1.0,0.0,,0.03,955.55,0.0
2195-M3121210,APARTAMENTO,VENTA,21.39,330.0,4.0,5.0,1923000.0,4.0,CHICO,6,MAS DE 20 ANOS,4.68,-74.06,USADO,,0,0,0,0,0,0,0,0,0,1,False,CHAPINERO,S.C. CHICO NORTE III SECTOR,Calle 100 - Marketmedios,253.85,1,PARQUE VECINAL URBANIZACIÓN NORMANDIA I II II Y IV SECTOR,602.19,0,0.06,,1.0,0.8,0.0,,0.01,286.96,1.0
10139-M4550350,APARTAMENTO,VENTA,21.48,144.0,2.0,3.0,3921395.93,2.0,CHICO,6,ENTRE 0 Y 5 ANOS,4.67,-74.05,USADO,,0,0,0,1,1,0,0,0,0,1,False,CHAPINERO,S.C. EL CHICO,Calle 85,1569.63,0,PARQUE VECINAL URBANIZACIÓN LA CABRERA,535.35,0,0.15,,1.0,0.67,0.0,,0.01,467.4,1.0
3390-M4582601,APARTAMENTO,VENTA,21.64,218.17,3.0,4.0,1050000.0,2.0,SANTA BARBARA,5,ENTRE 0 Y 5 ANOS,4.7,-74.03,USADO,,0,0,0,1,1,1,0,0,0,1,False,USAQUEN,SANTA BARBARA ORIENTAL,Calle 127,2712.95,0,PARQUE METROPOLITANO EL COUNTRY,1071.84,0,0.1,,0.67,0.75,0.0,,0.01,367.67,2.0
3390-M4588883,APARTAMENTO,VENTA,21.19,196.0,2.0,4.0,1050000.0,3.0,CHICO,6,MAS DE 20 ANOS,4.65,-74.05,USADO,,0,0,0,0,0,1,0,0,0,1,False,CHAPINERO,S.C. BELLAVISTA,Calle 72,1328.38,0,PARQUE ZONAL GUSTAVO URIBE BOTERO,493.09,1,0.11,,1.5,0.5,0.0,,0.01,586.72,0.0
3390-M3363786,APARTAMENTO,VENTA,20.81,135.0,2.0,3.0,1200000.0,2.0,CHICO,5,ENTRE 5 Y 10 ANOS,4.67,-74.06,USADO,,0,0,0,0,0,1,0,0,0,1,False,CHAPINERO,S.C. ANTIGUO COUNTRY,Calle 85,507.9,0,PARQUE ZONAL CANAL EL VIRREY EL CHICO,210.35,1,0.15,,1.0,0.67,0.0,,0.01,190.95,3.0
614-M4431272,APARTAMENTO,VENTA,20.19,82.0,3.0,2.0,320000.0,1.0,COLINA Y ALREDEDORES,5,ENTRE 0 Y 5 ANOS,4.74,-74.06,USADO,,0,0,0,1,1,1,0,0,0,1,False,SUBA,CAMPOS DE SILENCIO,Calle 161,783.85,0,PARQUE VECINAL DESARROLLO CANTALEJO URBANIZACIÓN CANTALEJO MANZANA B,345.65,1,0.25,,0.33,1.5,0.0,,0.04,1579.51,0.0
10323-30623,APARTAMENTO,VENTA,21.19,320.0,4.0,5.0,2700000.0,4.0,CHICO,6,MAS DE 20 ANOS,4.67,-74.04,USADO,,0,1,0,1,0,0,0,0,0,1,False,CHAPINERO,CHICO ALTO,Calle 85,1989.42,0,PARQUE VECINAL URBANIZACIÓN LA CABRERA,932.05,0,0.07,,1.0,0.8,0.0,,0.01,881.81,0.0
93-M4577968,APARTAMENTO,VENTA,21.73,280.0,3.0,5.0,3921395.93,4.0,CHICO,6,ENTRE 10 Y 20 ANOS,4.67,-74.04,USADO,,1,1,0,1,1,0,0,0,0,1,False,CHAPINERO,CHICO ORIENTAL,Calle 85,1849.93,0,PARQUE VECINAL URBANIZACIÓN LA CABRERA,819.66,0,0.08,,1.33,0.6,0.0,,0.01,752.13,0.0
73-M4061979,APARTAMENTO,VENTA,21.13,195.81,3.0,3.0,3921395.93,2.0,SANTA BARBARA,6,MAS DE 20 ANOS,4.69,-74.03,USADO,,0,1,0,1,1,0,0,0,0,1,False,USAQUEN,SANTA ANA ORIENTAL,Calle 106,2653.41,0,PARQUE METROPOLITANO EL COUNTRY,2025.09,0,0.11,,0.67,1.0,0.0,,0.02,596.92,0.0
399-M4732314,APARTAMENTO,VENTA,20.11,104.0,3.0,3.0,428000.0,2.0,CEDRITOS,4,MAS DE 20 ANOS,4.72,-74.04,USADO,,0,1,0,0,1,0,0,0,0,1,False,USAQUEN,CEDRITOS,Alcalá,1601.84,0,PARQUE VECINAL NUEVA URBANIZACIÓN EL CEDRITO,464.67,1,0.19,,0.67,1.0,0.0,,0.03,165.69,1.0
614-M4010219,APARTAMENTO,VENTA,19.61,67.0,3.0,2.0,360000.0,1.0,SALITRE MODELIA,4,ENTRE 10 Y 20 ANOS,4.67,-74.13,USADO,,0,0,0,1,1,1,0,0,0,1,False,FONTIBON,CAPELLANIA,Modelia,1637.64,0,PARQUE VECINAL VILLA HELENA VILLEMAR,964.73,0,0.29,,0.33,1.5,0.0,,0.04,721.44,0.0
2529-M4485752,APARTAMENTO,VENTA,20.7,158.9,4.0,5.0,3921395.93,2.0,COLINA Y ALREDEDORES,5,ENTRE 10 Y 20 ANOS,4.74,-74.07,USADO,,0,1,0,1,1,0,1,0,0,1,False,SUBA,S.C. GILMAR - LA SIRENA (PREDIO),21 Ángeles,1777.71,0,PARQUE ZONAL EL TOMILLAR,749.93,0,0.13,,0.5,0.8,0.0,,0.03,1336.03,0.0
11013-M4735148,APARTAMENTO,VENTA,21.64,372.0,3.0,3.0,2066000.0,4.0,SANTA BARBARA,6,ENTRE 10 Y 20 ANOS,4.69,-74.05,USADO,,0,1,0,1,1,0,0,0,0,1,False,USAQUEN,SANTA BIBIANA,Calle 100 - Marketmedios,917.98,0,PARQUE VECINAL URBANIZACIÓN NORMANDIA I II II Y IV SECTOR,1437.66,0,0.06,,1.33,1.0,0.0,,0.01,340.28,2.0
2444-M4567344,APARTAMENTO,VENTA,20.01,99.62,3.0,2.0,426000.0,2.0,CEDRITOS,4,ENTRE 10 Y 20 ANOS,4.73,-74.03,USADO,,0,0,0,0,1,1,0,0,0,1,False,USAQUEN,CAOBOS SALAZAR URB. CAPRI I Y II SECTOR,Calle 146,1765.89,0,PARQUE VECINAL NUEVA URBANIZACIÓN EL CEDRITO,628.76,0,0.2,,0.67,1.5,0.0,,0.03,199.06,1.0
2368-M4687976,APARTAMENTO,VENTA,19.61,42.81,1.0,2.0,300000.0,1.0,COLINA Y ALREDEDORES,4,ENTRE 0 Y 5 ANOS,4.62,-74.07,USADO,,0,0,0,1,1,1,1,0,0,1,False,SANTA FE,SAN DIEGO,Museo Nacional,37.22,1,PARQUE METROPOLITANO INDEPENDENCIA BICENTENARIO,284.46,1,0.46,,1.0,0.5,0.0,,0.02,98.02,9.0
2671-M4513417,APARTAMENTO,VENTA,21.7,380.3,5.0,5.0,3921395.93,4.0,CHICO,6,MAS DE 20 ANOS,4.68,-74.05,USADO,,0,0,0,0,1,0,0,0,0,1,False,CHAPINERO,S.C. CHICO NORTE,Virrey,1446.33,0,PARQUE VECINAL URBANIZACIÓN LA CABRERA,727.79,0,0.06,,0.8,1.0,0.0,,0.01,316.52,1.0
2671-11448,APARTAMENTO,VENTA,21.75,392.57,4.0,5.0,2000000.0,3.0,CEDRITOS,6,MAS DE 20 ANOS,4.72,-74.03,USADO,,0,1,0,1,1,0,0,0,0,1,False,USAQUEN,CEDRITOS,Alcalá,2530.87,0,PARQUE VECINAL NUEVA URBANIZACIÓN EL CEDRITO,868.4,0,0.06,,0.75,0.8,0.0,,0.01,185.81,1.0
2671-M4203356,APARTAMENTO,VENTA,21.51,320.0,3.0,4.0,1300000.0,4.0,COUNTRY,6,MAS DE 20 ANOS,4.71,-74.04,USADO,,0,1,0,1,1,1,0,0,0,1,False,USAQUEN,COUNTRY CLUB,Prado,1873.01,0,PARQUE METROPOLITANO EL COUNTRY,437.05,1,0.07,,1.33,0.75,0.0,,0.01,590.38,0.0
4278-M3233941,APARTAMENTO,VENTA,19.49,41.0,1.0,2.0,281000.0,1.0,CHAPINERO ALTO,4,ENTRE 5 Y 10 ANOS,4.63,-74.06,USADO,,1,0,0,0,1,0,0,0,0,1,False,CHAPINERO,EL_PARAISO,Calle 45 - American School Way,1055.23,0,PARQUE METROPOLITANO PARQUE NACIONAL (PM2A) ENRIQUE OLAYA HERRERA (SECTOR HISTORICO),851.73,0,0.48,,1.0,0.5,0.0,,0.02,673.88,0.0
2671-M3625254,APARTAMENTO,VENTA,21.55,316.0,3.0,4.0,2000000.0,3.0,COUNTRY,6,MAS DE 20 ANOS,4.72,-74.03,USADO,,0,1,0,1,0,1,0,0,0,1,False,USAQUEN,MONTEARROYO,Alcalá,2749.07,0,PARQUE VECINAL NUEVA URBANIZACIÓN EL CEDRITO,1013.09,0,0.07,,1.0,0.75,0.0,,0.01,309.61,1.0
2671-M4305900,APARTAMENTO,VENTA,21.25,268.0,3.0,4.0,1643000.0,3.0,COUNTRY,6,MAS DE 20 ANOS,4.71,-74.04,USADO,,0,0,0,0,1,0,0,0,0,1,False,USAQUEN,LA_CAROLINA,Calle 127,1915.32,0,PARQUE METROPOLITANO EL COUNTRY,246.51,1,0.08,,1.0,0.75,0.0,,0.01,643.32,0.0
2671-M4023673,APARTAMENTO,VENTA,21.22,223.0,4.0,5.0,1200000.0,3.0,SANTA BARBARA,6,ENTRE 10 Y 20 ANOS,4.7,-74.05,USADO,,0,1,0,0,1,0,0,0,0,1,False,USAQUEN,SANTA BARBARA OCCIDENTAL,Pepe Sierra,924.69,0,PARQUE METROPOLITANO EL COUNTRY,1114.73,0,0.1,,0.75,0.8,0.0,,0.02,159.28,2.0
2671-M3610872,APARTAMENTO,VENTA,21.58,227.0,3.0,5.0,1340000.0,3.0,COUNTRY,5,ENTRE 0 Y 5 ANOS,4.7,-74.03,USADO,,0,0,0,0,0,0,0,0,0,1,False,USAQUEN,BELLA SUIZA,Calle 127,2464.48,0,PARQUE METROPOLITANO EL COUNTRY,721.89,0,0.1,,1.0,0.6,0.0,,0.01,698.55,0.0
3535-M4298581,APARTAMENTO,VENTA,19.97,87.23,3.0,3.0,450000.0,2.0,COLINA Y ALREDEDORES,4,ENTRE 10 Y 20 ANOS,4.74,-74.07,USADO,,0,1,0,0,1,1,1,0,0,1,False,SUBA,CASABLANCA (HACIENDA),Gratamira,1708.15,0,PARQUE ZONAL EL TOMILLAR,773.95,0,0.23,,0.67,1.0,0.0,,0.03,781.09,0.0
11013-M4702579,APARTAMENTO,VENTA,20.07,98.0,3.0,2.0,557000.0,2.0,COUNTRY,5,MAS DE 20 ANOS,4.72,-74.04,USADO,,0,0,0,1,1,1,0,0,0,1,True,USAQUEN,NUEVO COUNTRY,Alcalá,1191.18,0,PARQUE VECINAL NUEVA URBANIZACIÓN EL CEDRITO,1084.19,0,0.2,,0.67,1.5,0.0,,0.03,484.17,1.0
2671-M3859276,APARTAMENTO,VENTA,21.72,270.0,3.0,4.0,2300000.0,4.0,CHICO,6,ENTRE 5 Y 10 ANOS,4.66,-74.05,USADO,,0,1,0,1,1,0,0,0,0,1,False,CHAPINERO,S.C. BELLAVISTA,Calle 72,1492.46,0,PARQUE ZONAL GUSTAVO URIBE BOTERO,602.91,0,0.08,,1.33,0.75,0.0,,0.01,743.1,0.0
614-M4026208,APARTAMENTO,VENTA,20.99,180.0,4.0,3.0,1035000.0,2.0,COUNTRY,5,ENTRE 10 Y 20 ANOS,4.7,-74.03,USADO,,0,0,0,0,1,0,0,0,0,1,False,USAQUEN,BELLA SUIZA,Calle 127,2464.48,0,PARQUE METROPOLITANO EL COUNTRY,721.89,0,0.12,,0.5,1.33,0.0,,0.02,698.55,0.0
920-42151500,APARTAMENTO,VENTA,20.95,310.0,4.0,4.0,1500000.0,3.0,SANTA BARBARA,6,MAS DE 20 ANOS,4.7,-74.05,USADO,,0,1,0,1,1,0,0,0,0,1,False,USAQUEN,SANTA BARBARA OCCIDENTAL,Pepe Sierra,728.39,0,PARQUE METROPOLITANO EL COUNTRY,1260.47,0,0.07,,0.75,1.0,0.0,,0.01,286.53,2.0
350-M4660075,APARTAMENTO,VENTA,19.66,70.62,3.0,2.0,255000.0,1.0,ALTOS DE SUBA Y CERROS DE SAN JORGE,3,ENTRE 5 Y 10 ANOS,4.75,-74.1,USADO,,0,0,0,1,1,1,0,0,0,1,False,SUBA,PINOS DE LOMBARDIA - IMPERIAL (FINCA),Portal Suba,650.63,0,PARQUE VECINAL URBANIZACIÓN LOMBARDIA II ETAPA,589.15,0,0.28,,0.33,1.5,0.0,,0.04,358.13,1.0
12500-M4705794,APARTAMENTO,VENTA,20.18,99.0,3.0,2.0,384000.0,1.0,COLINA Y ALREDEDORES,4,ENTRE 10 Y 20 ANOS,4.74,-74.06,USADO,,0,1,0,1,1,1,1,0,0,1,False,SUBA,GILMAR,Calle 161,1789.69,0,PARQUE VECINAL DESARROLLO CANTALEJO URBANIZACIÓN CANTALEJO MANZANA B,725.63,0,0.2,,0.33,1.5,0.0,,0.03,1257.05,0.0
920-M4291486,APARTAMENTO,VENTA,21.28,256.0,5.0,5.0,1400000.0,4.0,SANTA BARBARA,6,MAS DE 20 ANOS,4.68,-74.04,USADO,,0,1,0,1,1,0,0,0,0,1,False,USAQUEN,RINCON DEL CHICO,Calle 100 - Marketmedios,1411.87,0,PARQUE ZONAL CANAL EL VIRREY EL CHICO,1630.35,0,0.08,,0.8,1.0,0.0,,0.02,393.61,2.0
4796-M4264881,APARTAMENTO,VENTA,21.02,176.0,3.0,3.0,1150000.0,2.0,CEDRITOS,6,ENTRE 10 Y 20 ANOS,4.72,-74.03,USADO,,0,0,0,1,1,1,0,0,0,1,False,USAQUEN,LA CANADA,Alcalá,2842.51,0,PARQUE VECINAL NUEVA URBANIZACIÓN EL CEDRITO,1026.8,0,0.12,,0.67,1.0,0.0,,0.02,465.11,1.0
2123-M3663892,APARTAMENTO,VENTA,21.08,222.0,3.0,5.0,1100000.0,3.0,COUNTRY,6,ENTRE 10 Y 20 ANOS,4.71,-74.03,USADO,,0,1,0,1,1,1,0,0,0,1,False,USAQUEN,GINEBRA NORTE,Prado,2681.5,0,PARQUE METROPOLITANO EL COUNTRY,1223.95,0,0.09,,1.0,0.6,0.0,,0.01,376.58,1.0
771-M4733041,APARTAMENTO,VENTA,20.16,93.0,3.0,3.0,496000.0,2.0,FONTIBON TINTAL,5,ENTRE 10 Y 20 ANOS,4.72,-74.04,USADO,,0,1,0,1,1,0,0,0,0,1,False,USAQUEN,EL CONTADOR,Alcalá,946.58,0,PARQUE VECINAL NUEVA URBANIZACIÓN EL CEDRITO,1357.87,0,0.22,,0.67,1.0,0.0,,0.03,495.58,1.0
4498-M4504012,APARTAMENTO,VENTA,21.29,250.0,4.0,5.0,1650000.0,3.0,COUNTRY,6,MAS DE 20 ANOS,4.71,-74.03,USADO,,0,0,0,1,1,1,0,0,0,1,False,USAQUEN,BOSQUES DE MEDINA,Prado,2860.84,0,PARQUE METROPOLITANO EL COUNTRY,1472.85,0,0.09,,0.75,0.8,0.0,,0.02,540.54,0.0
815-M4538544,APARTAMENTO,VENTA,19.5,53.0,2.0,2.0,350000.0,2.0,KENNEDY,3,ENTRE 0 Y 5 ANOS,4.61,-74.13,USADO,,0,0,0,0,1,0,0,0,0,1,False,KENNEDY,SANTA ROSA DEL CARVAJAL,Marsella,1881.81,0,PARQUE VECINAL CARVAJAL,400.43,1,0.37,,1.0,1.0,0.0,,0.04,782.63,0.0
4278-M4647728,APARTAMENTO,VENTA,21.25,240.0,4.0,4.0,1500000.0,3.0,CHICO,6,MAS DE 20 ANOS,4.66,-74.05,USADO,,0,1,0,1,1,0,0,0,0,1,False,CHAPINERO,S.C. BELLAVISTA,Calle 72,1014.44,0,PARQUE ZONAL GUSTAVO URIBE BOTERO,717.74,0,0.09,,0.75,1.0,0.0,,0.02,265.66,3.0
512-9630001,APARTAMENTO,VENTA,21.13,157.0,3.0,4.0,3921395.93,2.0,COUNTRY,6,ENTRE 0 Y 5 ANOS,4.7,-74.04,USADO,,0,1,0,1,1,1,0,0,0,1,False,USAQUEN,LA_CAROLINA,Calle 127,1577.39,0,PARQUE METROPOLITANO EL COUNTRY,180.17,1,0.13,,0.67,0.75,0.0,,0.02,315.12,1.0
2671-M4139803,APARTAMENTO,VENTA,21.13,202.0,3.0,4.0,1300000.0,2.0,CHICO,6,MAS DE 20 ANOS,4.68,-74.04,USADO,,0,1,0,1,1,0,0,0,0,1,False,CHAPINERO,CHICO RESERVADO,Calle 100 - Marketmedios,1964.91,0,PARQUE VECINAL URBANIZACIÓN LA CABRERA,1358.46,0,0.1,,0.67,0.75,0.0,,0.01,336.22,1.0
4796-M4497172,APARTAMENTO,VENTA,20.09,100.0,3.0,2.0,460000.0,2.0,ORQUIDEAS,4,ENTRE 5 Y 10 ANOS,4.75,-74.03,USADO,,0,0,0,1,1,1,1,0,0,1,False,USAQUEN,SANTA TERESA,Toberin - Foundever,2467.83,0,PARQUE ZONAL SERVITA,463.13,1,0.2,,0.67,1.5,0.0,,0.03,1271.19,0.0
2671-10393,APARTAMENTO,VENTA,21.12,230.0,4.0,5.0,1000000.0,3.0,COUNTRY,6,ENTRE 10 Y 20 ANOS,4.7,-74.04,USADO,,0,1,0,0,0,0,0,0,0,1,False,USAQUEN,LA_CAROLINA,Calle 127,1577.39,0,PARQUE METROPOLITANO EL COUNTRY,180.17,1,0.09,,0.75,0.8,0.0,,0.02,315.12,1.0
120-M4461043,APARTAMENTO,VENTA,19.81,54.0,1.0,2.0,380000.0,2.0,CEDRITOS,4,ENTRE 0 Y 5 ANOS,4.72,-74.03,USADO,,0,0,0,1,1,1,0,0,0,1,False,USAQUEN,LOS CEDROS ORIENTAL,Calle 142,2552.12,0,PARQUE VECINAL NUEVA URBANIZACIÓN EL CEDRITO,632.62,0,0.37,,2.0,0.5,0.0,,0.02,749.56,0.0
2444-M4123477,APARTAMENTO,VENTA,19.76,68.0,3.0,2.0,360600.0,1.0,COLINA Y ALREDEDORES,4,ENTRE 10 Y 20 ANOS,4.74,-74.06,USADO,,0,0,0,1,0,1,0,0,0,1,False,SUBA,MAZUREN,Mazurén,694.77,0,PARQUE VECINAL URBANIZACIÓN VICTORIA NORTE,268.98,1,0.29,,0.33,1.5,0.0,,0.04,1380.56,0.0
2671-M4594163,APARTAMENTO,VENTA,21.56,333.86,4.0,5.0,1900000.0,4.0,SANTA BARBARA,6,MAS DE 20 ANOS,4.69,-74.06,USADO,,0,1,0,0,1,0,0,0,0,1,False,USAQUEN,SANTA BIBIANA,Calle 106,356.36,1,PARQUE VECINAL URBANIZACIÓN NORMANDIA I II II Y IV SECTOR,1473.42,0,0.06,,1.0,0.8,0.0,,0.01,838.36,0.0
2671-11104,APARTAMENTO,VENTA,21.51,222.0,3.0,4.0,967500.0,3.0,COUNTRY,6,ENTRE 10 Y 20 ANOS,4.71,-74.04,USADO,,0,0,0,1,1,0,0,0,0,1,False,USAQUEN,PLENITUD LA CALLEJA,Calle 127,1253.57,0,PARQUE METROPOLITANO EL COUNTRY,530.36,0,0.1,,1.0,0.75,0.0,,0.01,367.21,1.0
4660-M4635046,APARTAMENTO,VENTA,21.71,220.0,3.0,4.0,1200000.0,3.0,SANTA BARBARA,5,MAS DE 20 ANOS,4.69,-74.03,USADO,,0,1,0,0,1,1,0,0,0,1,False,USAQUEN,SANTA ANA ORIENTAL,Calle 106,2546.28,0,PARQUE METROPOLITANO EL COUNTRY,1994.51,0,0.1,,1.0,0.75,0.0,,0.01,525.59,0.0
920-M4699237,APARTAMENTO,VENTA,21.28,198.0,3.0,3.0,1250000.0,3.0,CHICO,6,ENTRE 10 Y 20 ANOS,4.68,-74.04,USADO,,0,0,0,1,1,0,0,0,0,1,False,CHAPINERO,S.C. CHICO NORTE,Calle 100 - Marketmedios,1554.64,0,PARQUE VECINAL URBANIZACIÓN LA CABRERA,1060.33,0,0.11,,1.0,1.0,0.0,,0.02,390.28,2.0
4278-M4470485,APARTAMENTO,VENTA,20.64,149.0,3.0,2.0,618300.0,1.0,CHICO,6,MAS DE 20 ANOS,4.66,-74.05,USADO,,0,0,0,0,1,1,0,0,0,1,False,CHAPINERO,S.C. EL NOGAL,Calle 76 - San Felipe,1026.28,0,PARQUE ZONAL SAN ANDRÉS,236.14,1,0.14,,0.33,1.5,0.0,,0.02,424.31,2.0
2266-M4100020,APARTAMENTO,VENTA,21.82,350.0,5.0,5.0,1361000.0,3.0,SANTA BARBARA,6,MAS DE 20 ANOS,4.7,-74.03,USADO,,0,1,0,1,1,1,0,0,0,1,False,USAQUEN,LOS ALPES II SECTOR,Calle 127,2948.69,0,PARQUE METROPOLITANO EL COUNTRY,1251.44,0,0.06,,0.6,1.0,0.0,,0.01,637.1,0.0
10323-M4041597,APARTAMENTO,VENTA,19.92,73.0,3.0,2.0,3921395.93,1.0,CEDRITOS,4,ENTRE 10 Y 20 ANOS,4.74,-74.05,USADO,,0,0,0,0,1,1,0,0,0,1,False,USAQUEN,ESTRELLA DEL NORTE,Calle 161,149.14,1,PARQUE VECINAL DESARROLLO ESTRELLA DEL NORTE,263.54,1,0.27,,0.33,1.5,0.0,,0.04,1413.79,0.0
703-M3357003,APARTAMENTO,VENTA,20.25,93.24,3.0,3.0,518900.0,2.0,CEDRITOS,4,ENTRE 10 Y 20 ANOS,4.73,-74.04,USADO,,0,0,0,1,1,1,1,0,0,1,False,USAQUEN,PARQUES DE LORENA,Mazurén,1168.19,0,PARQUE ZONAL LA VIDA,730.23,0,0.22,,0.67,1.0,0.0,,0.03,745.63,0.0
11013-M4701323,APARTAMENTO,VENTA,21.61,290.0,3.0,4.0,1700000.0,3.0,CHICO,6,MAS DE 20 ANOS,4.68,-74.04,USADO,,0,1,0,1,1,0,0,0,0,1,False,CHAPINERO,S.C. CHICO NORTE,Virrey,1667.42,0,PARQUE VECINAL URBANIZACIÓN LA CABRERA,889.93,0,0.07,,1.0,0.75,0.0,,0.01,511.5,0.0
399-M4406565,APARTAMENTO,VENTA,19.99,48.0,1.0,2.0,397000.0,1.0,CHAPINERO ALTO,4,ENTRE 5 Y 10 ANOS,4.65,-74.06,USADO,,0,0,0,1,1,1,1,0,0,1,False,CHAPINERO,S.C. GRANADA,Calle 63,1094.98,0,PARQUE ZONAL GUSTAVO URIBE BOTERO,359.92,1,0.42,,1.0,0.5,0.0,,0.02,368.79,1.0
399-M3363973,APARTAMENTO,VENTA,20.08,93.8,3.0,4.0,569000.0,2.0,SANTA BARBARA,6,MAS DE 20 ANOS,4.69,-74.04,USADO,,0,1,0,0,1,0,0,0,0,1,False,USAQUEN,RINCON DEL CHICO,Calle 106,1406.09,0,PARQUE ZONAL CANAL EL VIRREY EL CHICO,1813.74,0,0.21,,0.67,0.75,0.0,,0.03,517.29,0.0
2671-M4727932,APARTAMENTO,VENTA,20.44,122.18,3.0,3.0,502000.0,2.0,COLINA Y ALREDEDORES,5,ENTRE 10 Y 20 ANOS,4.71,-74.06,USADO,,0,1,0,0,1,1,0,0,0,1,False,SUBA,PRADO VERANIEGO SUR,Calle 127,988.22,0,PARQUE ZONAL ATABANZA,437.93,1,0.17,,0.67,1.0,0.0,,0.02,1111.73,0.0
73-M3589881,APARTAMENTO,VENTA,20.03,58.0,1.0,2.0,3921395.93,1.0,COUNTRY,5,ENTRE 0 Y 5 ANOS,4.7,-74.03,USADO,,0,0,0,1,1,1,0,0,0,1,False,USAQUEN,BELLA SUIZA,Calle 127,2691.28,0,PARQUE METROPOLITANO EL COUNTRY,954.55,0,0.35,,1.0,0.5,0.0,,0.02,774.32,0.0
11013-M4724185,APARTAMENTO,VENTA,19.92,79.0,2.0,3.0,390000000.0,2.0,COUNTRY,5,ENTRE 5 Y 10 ANOS,4.72,-74.03,USADO,,0,0,0,0,1,0,0,0,0,1,False,USAQUEN,CEDRITOS,Alcalá,1965.81,0,PARQUE VECINAL NUEVA URBANIZACIÓN EL CEDRITO,598.59,0,0.25,,1.0,0.67,0.0,,0.03,429.33,1.0
5031-M3972301,APARTAMENTO,VENTA,19.82,80.0,3.0,2.0,3921395.93,1.0,CASTILLA MARSELLA,4,ENTRE 10 Y 20 ANOS,4.64,-74.13,USADO,,0,0,0,0,1,1,0,0,0,1,False,KENNEDY,VILLA ALSACIA CIUDADELA,Marsella,1444.94,0,PARQUE VECINAL VILLA ALSACIA,1156.8,0,0.25,,0.33,1.5,0.0,,0.04,495.16,1.0
771-M4370696,APARTAMENTO,VENTA,20.42,145.0,3.0,4.0,810000.0,2.0,COUNTRY,6,MAS DE 20 ANOS,4.71,-74.04,USADO,,0,1,0,0,1,0,0,0,0,1,False,USAQUEN,LA_CAROLINA,Calle 127,1473.84,0,PARQUE METROPOLITANO EL COUNTRY,330.95,1,0.14,,0.67,0.75,0.0,,0.02,359.69,1.0
603-M4417970,APARTAMENTO,VENTA,20.9,174.0,3.0,4.0,886000.0,2.0,CHICO,6,MAS DE 20 ANOS,4.67,-74.05,USADO,,0,1,0,0,0,0,0,0,0,1,False,CHAPINERO,S.C. EL RETIRO,Héroes - Gel´Hada,1276.02,0,PARQUE ZONAL SAN ANDRÉS,346.12,1,0.12,,0.67,0.75,0.0,,0.02,406.15,2.0
2751-M4701775,APARTAMENTO,VENTA,20.44,108.0,3.0,3.0,452000.0,2.0,,4,ENTRE 0 Y 5 ANOS,4.67,-74.07,USADO,,0,0,0,1,1,1,0,0,0,1,False,BARRIOS UNIDOS,SANTA_SOFIA,Polo,233.78,1,PARQUE ZONAL LA ESTACIÓN,688.02,0,0.19,,0.67,1.0,0.0,,0.03,996.78,0.0
272-M4076581,APARTAMENTO,VENTA,19.64,51.3,3.0,2.0,311000.0,1.0,ORQUIDEAS,4,ENTRE 0 Y 5 ANOS,4.75,-74.03,USADO,,0,0,0,1,1,1,1,0,0,1,False,USAQUEN,EL REDIL,Portal Norte,2337.89,0,PARQUE ZONAL SERVITA,1241.44,0,0.38,,0.33,1.5,0.0,,0.06,1372.47,0.0
771-M4653337,APARTAMENTO,VENTA,20.68,143.0,3.0,4.0,990000.0,2.0,SANTA BARBARA,6,MAS DE 20 ANOS,4.7,-74.04,USADO,,0,0,0,1,1,1,0,0,0,1,False,USAQUEN,SANTA BARBARA CENTRAL II,Calle 127,2151.12,0,PARQUE METROPOLITANO EL COUNTRY,469.04,1,0.14,,0.67,0.75,0.0,,0.02,697.78,0.0
603-M4728273,APARTAMENTO,VENTA,20.25,94.0,3.0,2.0,417600.0,1.0,SALITRE MODELIA,4,ENTRE 5 Y 10 ANOS,4.67,-74.12,USADO,,0,0,0,1,1,0,1,0,0,1,False,FONTIBON,SANTA_CECILIA,Modelia,247.47,1,PARQUE VECINAL MODELIA SECTOR A,453.57,1,0.22,,0.33,1.5,0.0,,0.03,923.06,0.0
12375-M4350546,APARTAMENTO,VENTA,20.77,164.0,3.0,3.0,1081000.0,2.0,CHAPINERO ALTO,6,MAS DE 20 ANOS,4.66,-74.05,USADO,,0,1,0,1,1,0,0,0,0,1,False,CHAPINERO,LOS ROSALES,Calle 76 - San Felipe,1399.92,0,PARQUE ZONAL SAN ANDRÉS,659.47,0,0.13,,0.67,1.0,0.0,,0.02,783.28,0.0
4498-M3244025,APARTAMENTO,VENTA,20.61,142.41,3.0,4.0,1250000.0,2.0,SANTA BARBARA,6,ENTRE 10 Y 20 ANOS,4.69,-74.05,USADO,,0,1,0,0,1,0,0,0,0,1,False,USAQUEN,SANTA BIBIANA,Calle 106,410.15,1,PARQUE VECINAL URBANIZACIÓN NORMANDIA I II II Y IV SECTOR,1506.17,0,0.14,,0.67,0.75,0.0,,0.02,773.57,0.0
2123-M3611549,APARTAMENTO,VENTA,20.95,165.0,3.0,4.0,950000.0,2.0,COUNTRY,6,ENTRE 5 Y 10 ANOS,4.72,-74.03,USADO,,0,1,0,1,1,1,0,0,0,1,False,USAQUEN,LA CANADA,Alcalá,2702.31,0,PARQUE VECINAL NUEVA URBANIZACIÓN EL CEDRITO,903.28,0,0.13,,0.67,0.75,0.0,,0.02,386.26,1.0
410-M3817200,APARTAMENTO,VENTA,20.39,110.77,3.0,3.0,537000.0,2.0,CEDRITOS,4,ENTRE 0 Y 5 ANOS,4.72,-74.04,USADO,,0,0,0,1,1,0,0,0,0,1,False,USAQUEN,ACACIAS USAQUEN,Calle 142,1291.97,0,PARQUE VECINAL NUEVA URBANIZACIÓN EL CEDRITO,631.59,0,0.18,,0.67,1.0,0.0,,0.03,619.32,0.0
703-M4653688,APARTAMENTO,VENTA,19.92,65.59,3.0,2.0,316000.0,1.0,CEDRITOS,4,ENTRE 10 Y 20 ANOS,4.73,-74.03,USADO,,0,0,0,1,1,1,0,0,0,1,False,USAQUEN,CAOBOS SALAZAR,Calle 146,1875.96,0,PARQUE VECINAL NUEVA URBANIZACIÓN EL CEDRITO,629.58,0,0.3,,0.33,1.5,0.0,,0.05,128.34,1.0
2266-M4587718,APARTAMENTO,VENTA,20.99,153.0,3.0,3.0,850000.0,2.0,SANTA BARBARA,6,ENTRE 10 Y 20 ANOS,4.7,-74.03,USADO,,0,1,0,1,1,1,1,0,0,1,False,USAQUEN,LOS ALPES II SECTOR,Calle 127,2906.44,0,PARQUE METROPOLITANO EL COUNTRY,1202.85,0,0.14,,0.67,1.0,0.0,,0.02,641.57,0.0
920-M4664666,APARTAMENTO,VENTA,20.69,127.0,3.0,3.0,500600.0,2.0,COLINA Y ALREDEDORES,5,ENTRE 0 Y 5 ANOS,4.71,-74.07,USADO,,0,1,0,1,1,0,1,0,0,1,False,SUBA,NIZA NORTE,Niza - Calle 127,80.0,1,PARQUE ZONAL LOS LACHES LA MINA,150.91,1,0.16,,0.67,1.0,0.0,,0.02,138.6,10.0
920-M3824389,APARTAMENTO,VENTA,20.67,100.0,3.0,3.0,897000.0,2.0,CENTRO INTERNACIONAL,4,ENTRE 0 Y 5 ANOS,4.62,-74.07,USADO,,0,0,0,1,1,0,1,0,0,1,True,SANTA FE,SAMPER,Calle 34,113.37,1,PARQUE METROPOLITANO PARQUE NACIONAL (PM2A) ENRIQUE OLAYA HERRERA (SECTOR HISTORICO),585.14,0,0.21,,0.67,1.0,0.0,,0.03,562.44,0.0
5031-M4554311,APARTAMENTO,VENTA,19.58,64.0,2.0,3.0,251400.0,1.0,FONTIBON TINTAL,3,ENTRE 0 Y 5 ANOS,4.68,-74.14,USADO,,0,0,0,1,1,1,0,0,0,1,False,FONTIBON,LA CABANA - EL RUBI,Portal El Dorado,1910.08,0,PARQUE VECINAL VILLA HELENA VILLEMAR,612.78,0,0.31,,0.5,0.67,0.0,,0.03,1678.1,0.0
771-M4371299,APARTAMENTO,VENTA,20.56,135.0,2.0,3.0,726000.0,2.0,SANTA BARBARA,6,MAS DE 20 ANOS,4.69,-74.05,USADO,,0,1,0,0,1,0,0,0,0,1,False,USAQUEN,SANTA BIBIANA,Calle 100 - Marketmedios,990.39,0,PARQUE VECINAL URBANIZACIÓN NORMANDIA I II II Y IV SECTOR,1434.41,0,0.15,,1.0,0.67,0.0,,0.01,262.07,2.0
2671-M4730776,APARTAMENTO,VENTA,20.67,141.77,3.0,3.0,540000.0,2.0,NIZA ALHAMBRA,5,ENTRE 10 Y 20 ANOS,4.7,-74.07,USADO,,0,1,0,1,0,0,0,0,0,1,False,SUBA,BATAN LOTE NIZA XII,Humedal Córdoba,489.65,1,PARQUE ZONAL CANAL CORDOBA,413.63,1,0.15,,0.67,1.0,0.0,,0.02,870.46,0.0
4796-M3977051,APARTAMENTO,VENTA,21.31,256.0,4.0,5.0,1500000.0,4.0,SANTA BARBARA,6,MAS DE 20 ANOS,4.7,-74.04,USADO,,0,0,0,1,1,0,0,0,0,1,True,USAQUEN,SANTA BARBARA OCCIDENTAL,Pepe Sierra,1262.35,0,PARQUE METROPOLITANO EL COUNTRY,1042.38,0,0.08,,1.0,0.8,0.0,,0.02,427.89,1.0
897-M4462642,APARTAMENTO,VENTA,21.52,171.7,2.0,3.0,3921395.93,2.0,CHICO,6,ENTRE 0 Y 5 ANOS,4.66,-74.05,USADO,,0,1,0,1,1,0,1,0,0,1,False,CHAPINERO,S.C. EL RETIRO,Héroes - Gel´Hada,1516.03,0,PARQUE ZONAL SAN ANDRÉS,553.95,0,0.13,,1.0,0.67,0.0,,0.01,649.49,0.0
771-M4370719,APARTAMENTO,VENTA,20.45,134.0,3.0,5.0,810000.0,2.0,CEDRITOS,5,ENTRE 0 Y 5 ANOS,4.72,-74.04,USADO,,0,1,0,1,1,0,1,0,0,1,False,USAQUEN,CEDRITOS,Calle 142,1240.89,0,PARQUE VECINAL NUEVA URBANIZACIÓN EL CEDRITO,716.78,0,0.15,,0.67,0.6,0.0,,0.02,465.63,1.0
2671-M4727694,APARTAMENTO,VENTA,20.91,178.0,3.0,4.0,969800.0,3.0,ALTOS DE SUBA Y CERROS DE SAN JORGE,6,ENTRE 5 Y 10 ANOS,4.75,-74.09,USADO,,0,1,0,1,1,1,0,0,0,1,False,SUBA,TURINGIA,Portal Suba,355.5,1,PARQUE VECINAL URBANIZACIÓN VALLE DE REFOUS,426.35,1,0.12,,1.0,0.75,0.0,,0.02,159.25,1.0
2671-M4430533,APARTAMENTO,VENTA,20.47,110.0,3.0,3.0,751000.0,2.0,COUNTRY,6,MAS DE 20 ANOS,4.71,-74.04,USADO,,0,1,0,0,1,1,0,0,0,1,False,USAQUEN,BALCONES Y PORTALES DEL COUNTRY,Prado,2042.58,0,PARQUE METROPOLITANO EL COUNTRY,645.16,0,0.19,,0.67,1.0,0.0,,0.03,342.51,2.0
4278-M3581385,APARTAMENTO,VENTA,19.58,67.0,3.0,2.0,209700.0,1.0,COLINA Y ALREDEDORES,3,ENTRE 5 Y 10 ANOS,4.75,-74.05,USADO,,0,0,0,0,1,1,0,0,0,1,False,SUBA,,Portal Norte,929.51,0,PARQUE ZONAL SAN JOSÉ DE BAVARIA,1098.11,0,0.29,,0.33,1.5,0.0,,0.04,1521.63,0.0
343-M4423139,APARTAMENTO,VENTA,20.54,121.51,3.0,3.0,1100000.0,2.0,SANTA BARBARA,6,ENTRE 5 Y 10 ANOS,4.7,-74.05,USADO,,0,1,0,0,1,1,0,0,0,1,False,USAQUEN,SANTA BARBARA OCCIDENTAL,Calle 127,1047.83,0,PARQUE METROPOLITANO EL COUNTRY,962.22,0,0.17,,0.67,1.0,0.0,,0.02,313.16,1.0
920-M3850732,APARTAMENTO,VENTA,20.49,152.0,2.0,3.0,980000.0,2.0,CHICO,6,MAS DE 20 ANOS,4.68,-74.05,USADO,,0,1,0,0,1,0,0,0,0,1,False,CHAPINERO,S.C. CHICO NORTE III SECTOR,Calle 100 - Marketmedios,811.18,0,PARQUE ZONAL CANAL EL VIRREY EL CHICO,917.05,0,0.13,,1.0,0.67,0.0,,0.01,332.91,4.0
2529-M4485682,APARTAMENTO,VENTA,20.12,119.0,3.0,3.0,523000.0,2.0,COUNTRY,5,MAS DE 20 ANOS,4.71,-74.03,USADO,,0,0,0,0,1,1,0,0,0,1,False,USAQUEN,EL_VERGEL,Prado,2226.9,0,PARQUE METROPOLITANO EL COUNTRY,874.31,0,0.17,,0.67,1.0,0.0,,0.03,94.85,2.0
920-M3819455,APARTAMENTO,VENTA,21.47,375.0,4.0,4.0,2000000.0,2.0,CHICO,6,ENTRE 10 Y 20 ANOS,4.68,-74.06,USADO,,0,0,0,0,1,0,0,0,0,1,False,CHAPINERO,S.C. EL CHICO,Virrey,315.43,1,PARQUE VECINAL URBANIZACIÓN NORMANDIA I II II Y IV SECTOR,185.37,1,0.06,,0.5,1.0,0.0,,0.01,445.96,1.0
14914-M3971524,APARTAMENTO,VENTA,21.72,340.0,4.0,5.0,2343000.0,3.0,,6,MAS DE 20 ANOS,4.72,-74.03,USADO,,1,1,0,1,0,1,0,0,0,1,False,USAQUEN,CEDRITOS,Alcalá,2553.52,0,PARQUE VECINAL NUEVA URBANIZACIÓN EL CEDRITO,961.17,0,0.06,,0.75,0.8,0.0,,0.01,78.13,1.0
2671-M3814945,APARTAMENTO,VENTA,21.64,224.0,3.0,4.0,1600000.0,3.0,CHICO,6,MAS DE 20 ANOS,4.67,-74.05,USADO,,0,1,0,0,1,0,0,0,0,1,False,CHAPINERO,LA CABRERA,Calle 85,1206.96,0,PARQUE VECINAL URBANIZACIÓN LA CABRERA,148.71,1,0.1,,1.0,0.75,0.0,,0.01,113.31,1.0
2671-M4281653,APARTAMENTO,VENTA,20.99,238.0,3.0,3.0,1350000.0,2.0,SANTA BARBARA,6,MAS DE 20 ANOS,4.69,-74.04,USADO,,0,1,0,0,0,0,0,0,0,1,False,USAQUEN,MOLINOS NORTE,Calle 106,1714.47,0,PARQUE METROPOLITANO EL COUNTRY,1621.25,0,0.09,,0.67,1.0,0.0,,0.01,403.7,1.0
920-M4582201,APARTAMENTO,VENTA,20.62,130.0,3.0,4.0,600000.0,2.0,COUNTRY,5,ENTRE 10 Y 20 ANOS,4.71,-74.03,USADO,,0,1,0,1,1,0,0,0,0,1,False,USAQUEN,LISBOA_,Prado,2501.64,0,PARQUE VECINAL NUEVA URBANIZACIÓN EL CEDRITO,1112.75,0,0.16,,0.67,0.75,0.0,,0.02,169.98,2.0
4278-3566,APARTAMENTO,VENTA,21.25,240.0,4.0,4.0,1500000.0,3.0,CHICO,6,MAS DE 20 ANOS,4.66,-74.05,USADO,,0,1,0,1,1,0,0,0,0,1,False,CHAPINERO,S.C. BELLAVISTA,Calle 72,1014.44,0,PARQUE ZONAL GUSTAVO URIBE BOTERO,717.74,0,0.09,,0.75,1.0,0.0,,0.02,265.66,3.0
3606-M4591606,APARTAMENTO,VENTA,20.62,150.0,2.0,2.0,750000.0,2.0,COUNTRY,6,MAS DE 20 ANOS,4.71,-74.04,USADO,,0,0,0,0,1,1,0,0,0,1,False,USAQUEN,PLENITUD LA CALLEJA,Calle 127,1253.57,0,PARQUE METROPOLITANO EL COUNTRY,530.36,0,0.14,,1.0,1.0,0.0,,0.01,367.21,1.0
11013-M4611723,APARTAMENTO,VENTA,19.76,82.0,3.0,2.0,293000.0,1.0,COLINA Y ALREDEDORES,4,ENTRE 5 Y 10 ANOS,4.74,-74.06,USADO,,0,0,0,1,1,1,0,0,0,1,False,SUBA,GILMAR,Calle 161,1789.69,0,PARQUE VECINAL DESARROLLO CANTALEJO URBANIZACIÓN CANTALEJO MANZANA B,725.63,0,0.24,,0.33,1.5,0.0,,0.04,1257.05,0.0
771-M4370954,APARTAMENTO,VENTA,19.99,77.0,2.0,2.0,400000.0,2.0,COUNTRY,5,ENTRE 10 Y 20 ANOS,4.72,-74.04,USADO,,0,1,0,0,1,0,0,0,0,1,False,USAQUEN,NUEVO COUNTRY,Prado,1291.82,0,PARQUE VECINAL NUEVA URBANIZACIÓN EL CEDRITO,1163.41,0,0.26,,1.0,1.0,0.0,,0.03,553.88,0.0
2266-731,APARTAMENTO,VENTA,21.09,220.0,3.0,3.0,975000.0,3.0,SANTA BARBARA,6,ENTRE 10 Y 20 ANOS,4.7,-74.03,USADO,,0,1,0,1,0,1,0,0,0,1,False,USAQUEN,LOS ALPES II SECTOR,Calle 127,3005.32,0,PARQUE METROPOLITANO EL COUNTRY,1335.97,0,0.1,,1.0,1.0,0.0,,0.01,580.19,0.0
11013-M4685595,APARTAMENTO,VENTA,20.88,179.11,3.0,4.0,754000.0,2.0,SANTA BARBARA,6,ENTRE 10 Y 20 ANOS,4.7,-74.05,USADO,,0,1,0,1,1,0,0,0,0,1,False,USAQUEN,SANTA BARBARA OCCIDENTAL,Pepe Sierra,942.9,0,PARQUE METROPOLITANO EL COUNTRY,1059.38,0,0.12,,0.67,0.75,0.0,,0.02,261.01,1.0
839-M3616562,APARTAMENTO,VENTA,19.82,84.7,3.0,2.0,230000.0,1.0,KENNEDY,3,ENTRE 0 Y 5 ANOS,4.63,-74.12,USADO,,0,0,0,1,0,0,1,0,0,1,False,KENNEDY,LA IGUALDAD,Pradera,614.49,0,PARQUE ZONAL LA IGUALDAD,464.0,1,0.23,,0.33,1.5,0.0,,0.04,1106.79,0.0
815-M4487190,APARTAMENTO,VENTA,20.28,98.0,3.0,3.0,424000.0,2.0,NIZA ALHAMBRA,5,ENTRE 10 Y 20 ANOS,4.7,-74.07,USADO,,0,0,0,1,1,1,0,0,0,1,False,SUBA,LAGOS DE CORDOBA,Humedal Córdoba,292.37,1,PARQUE ZONAL CANAL CORDOBA,562.86,0,0.21,,0.67,1.0,0.0,,0.03,745.81,0.0
11013-M4676890,APARTAMENTO,VENTA,20.29,135.0,3.0,3.0,1000000.0,3.0,SANTA BARBARA,6,MAS DE 20 ANOS,4.7,-74.05,USADO,,0,0,0,0,1,0,0,0,0,1,False,USAQUEN,SAN PATRICIO,Pepe Sierra,476.48,1,PARQUE ZONAL ATABANZA,1472.84,0,0.15,,1.0,1.0,0.0,,0.02,246.06,2.0
614-M4106931,APARTAMENTO,VENTA,20.07,81.0,3.0,2.0,693000.0,2.0,NIZA ALHAMBRA,5,ENTRE 10 Y 20 ANOS,4.69,-74.06,USADO,,0,0,0,0,1,1,0,0,0,1,False,SUBA,DON MANUEL - LOS ARRAYANES,Suba - Calle 100,409.71,1,PARQUE ZONAL CANAL CORDOBA,1008.27,0,0.25,,0.67,1.5,0.0,,0.04,547.66,0.0
11013-M4488572,APARTAMENTO,VENTA,21.06,191.0,3.0,4.0,1300000.0,2.0,CEDRITOS,6,ENTRE 10 Y 20 ANOS,4.72,-74.03,USADO,,0,1,0,1,1,1,0,0,0,1,False,USAQUEN,SIERRAS DEL MORAL,Calle 142,2820.92,0,PARQUE VECINAL NUEVA URBANIZACIÓN EL CEDRITO,915.69,0,0.11,,0.67,0.75,0.0,,0.02,628.85,0.0
11013-M4516456,APARTAMENTO,VENTA,19.96,62.0,2.0,2.0,450000.0,2.0,COUNTRY,5,ENTRE 5 Y 10 ANOS,4.72,-74.05,USADO,,0,0,0,1,1,0,0,0,0,1,False,USAQUEN,EL CONTADOR,Alcalá,650.25,0,PARQUE VECINAL PRADO PINZÓN,1183.96,0,0.32,,1.0,1.0,0.0,,0.03,185.8,1.0
399-M4289492,APARTAMENTO,VENTA,19.8,43.0,1.0,1.0,520000.0,1.0,CHICO,6,ENTRE 10 Y 20 ANOS,4.68,-74.06,USADO,,0,0,0,1,1,1,0,0,0,1,False,CHAPINERO,S.C. EL CHICO,Virrey,444.68,1,PARQUE ZONAL CANAL EL VIRREY EL CHICO,336.88,1,0.46,,1.0,1.0,0.0,,0.02,321.8,2.0
815-M4516541,APARTAMENTO,VENTA,20.67,137.0,3.0,2.0,732000.0,2.0,CHICO,6,MAS DE 20 ANOS,4.67,-74.05,USADO,,0,0,0,0,1,0,0,0,0,1,False,CHAPINERO,S.C. EL RETIRO,Héroes - Gel´Hada,1167.32,0,PARQUE ZONAL SAN ANDRÉS,241.8,1,0.15,,0.67,1.5,0.0,,0.02,298.78,3.0
703-M3563019,APARTAMENTO,VENTA,21.25,202.0,3.0,5.0,1800000.0,2.0,CHICO,6,ENTRE 10 Y 20 ANOS,4.68,-74.04,USADO,,0,1,0,0,1,0,0,0,0,1,False,CHAPINERO,S.C. CHICO NORTE,Virrey,1778.1,0,PARQUE VECINAL URBANIZACIÓN LA CABRERA,1119.11,0,0.11,,0.67,0.6,0.0,,0.01,510.25,0.0
703-M3978928,APARTAMENTO,VENTA,19.72,81.11,3.0,2.0,440000.0,1.0,CEDRITOS,4,MAS DE 20 ANOS,4.72,-74.03,USADO,,0,1,0,0,1,1,0,0,0,1,False,USAQUEN,LOS CEDROS ORIENTAL,Calle 142,2312.82,0,PARQUE VECINAL NUEVA URBANIZACIÓN EL CEDRITO,394.62,1,0.24,,0.33,1.5,0.0,,0.04,832.1,0.0
771-M4371308,APARTAMENTO,VENTA,20.86,158.0,3.0,3.0,1140000.0,2.0,SANTA BARBARA,6,ENTRE 10 Y 20 ANOS,4.7,-74.03,USADO,,1,1,0,0,1,1,0,0,0,1,False,USAQUEN,LOS ALPES II SECTOR,Calle 127,2973.64,0,PARQUE METROPOLITANO EL COUNTRY,1308.06,0,0.13,,0.67,1.0,0.0,,0.02,549.74,0.0
614-M4564170,APARTAMENTO,VENTA,19.89,123.0,3.0,2.0,418000.0,1.0,NIZA ALHAMBRA,4,MAS DE 20 ANOS,4.7,-74.08,USADO,,0,1,0,0,0,1,0,0,0,1,True,SUBA,NIZA SUR,Humedal Córdoba,493.4,1,PARQUE ZONAL LOS LACHES LA MINA,802.61,0,0.16,,0.33,1.5,0.0,,0.02,799.07,0.0
59-M4444175,APARTAMENTO,VENTA,21.38,177.74,3.0,3.0,1350000.0,4.0,CERROS DE SUBA,6,MAS DE 20 ANOS,4.72,-74.08,USADO,,1,1,0,1,1,1,0,0,0,1,False,SUBA,NIZA SUBA - EL BALCON DE LINDARAJA,Suba - AV. Boyacá,847.69,0,PARQUE VECINAL AGRUPACIÓN DE VIVIENDA EN BALCON DE LINDARAJA,280.26,1,0.12,,1.33,1.0,0.0,,0.02,1173.27,0.0
771-M4371238,APARTAMENTO,VENTA,21.06,245.0,3.0,3.0,980000.0,3.0,SANTA BARBARA,6,MAS DE 20 ANOS,4.69,-74.04,USADO,,1,1,0,0,1,0,0,0,0,1,False,USAQUEN,SANTA BARBARA CENTRAL I Y II,Calle 106,1605.88,0,PARQUE METROPOLITANO EL COUNTRY,1643.79,0,0.09,,1.0,1.0,0.0,,0.01,514.29,0.0
11013-M4497600,APARTAMENTO,VENTA,19.96,62.0,2.0,2.0,450000.0,2.0,COUNTRY,5,ENTRE 5 Y 10 ANOS,4.72,-74.05,USADO,,0,0,0,1,1,0,0,0,0,1,False,USAQUEN,EL CONTADOR,Alcalá,650.25,0,PARQUE VECINAL PRADO PINZÓN,1183.96,0,0.32,,1.0,1.0,0.0,,0.03,185.8,1.0
11013-M4292978,APARTAMENTO,VENTA,20.35,122.0,3.0,2.0,510000.0,2.0,COLINA Y ALREDEDORES,5,ENTRE 5 Y 10 ANOS,4.72,-74.07,USADO,,0,0,0,1,1,0,0,0,0,1,False,SUBA,CIUDAD JARDIN NORTE,Suba - AV. Boyacá,195.52,1,PARQUE VECINAL AGRUPACIÓN DE VIVIENDA EN BALCON DE LINDARAJA,1019.52,0,0.17,,0.67,1.5,0.0,,0.02,1022.53,0.0
350-M4603817,APARTAMENTO,VENTA,19.64,70.0,3.0,2.0,403000.0,1.0,COLINA Y ALREDEDORES,3,ENTRE 10 Y 20 ANOS,4.75,-74.05,USADO,,0,0,0,0,1,1,0,0,0,1,False,SUBA,S.C. GRANADA NORTE,Toberin - Foundever,917.92,0,PARQUE VECINAL DESARROLLO CANTALEJO URBANIZACIÓN CANTALEJO MANZANA B,998.05,0,0.28,,0.33,1.5,0.0,,0.04,1609.35,0.0
815-82,APARTAMENTO,VENTA,20.86,178.0,3.0,4.0,1400000.0,3.0,SANTA BARBARA,5,MAS DE 20 ANOS,4.7,-74.04,USADO,,0,1,0,0,1,1,0,0,0,1,False,USAQUEN,SANTA BARBARA OCCIDENTAL,Calle 127,1025.26,0,PARQUE METROPOLITANO EL COUNTRY,721.07,0,0.12,,1.0,0.75,0.0,,0.02,367.0,1.0
4498-M4503998,APARTAMENTO,VENTA,20.69,123.0,3.0,3.0,738000.0,2.0,CHICO,6,ENTRE 10 Y 20 ANOS,4.68,-74.06,USADO,,1,0,0,1,1,0,1,0,0,1,False,CHAPINERO,S.C. CHICO NORTE III SECTOR,Calle 100 - Marketmedios,368.94,1,PARQUE VECINAL URBANIZACIÓN NORMANDIA I II II Y IV SECTOR,657.18,0,0.17,,0.67,1.0,0.0,,0.02,169.44,1.0
2671-M4655239,APARTAMENTO,VENTA,21.79,240.0,3.0,4.0,1500000.0,3.0,CHICO,6,ENTRE 10 Y 20 ANOS,4.67,-74.04,USADO,,0,1,0,0,1,0,0,0,0,1,False,CHAPINERO,S.C. CHICO NORTE,Virrey,1615.19,0,PARQUE VECINAL URBANIZACIÓN LA CABRERA,628.77,0,0.09,,1.0,0.75,0.0,,0.01,549.35,0.0
4660-M4635169,APARTAMENTO,VENTA,19.84,64.0,2.0,2.0,265000.0,1.0,FONTIBON TINTAL,4,ENTRE 5 Y 10 ANOS,4.65,-74.13,USADO,,0,0,0,0,1,0,1,0,0,1,False,FONTIBON,EL TINTAL A.S.D.,AV. Rojas,2411.16,0,PARQUE VECINAL VILLA ALSACIA,1284.91,0,0.31,,0.5,1.0,0.0,,0.03,409.6,2.0
2529-M4485728,APARTAMENTO,VENTA,21.56,277.0,3.0,3.0,1000000.0,4.0,SANTA BARBARA,6,ENTRE 10 Y 20 ANOS,4.69,-74.06,USADO,,0,0,0,1,1,0,0,0,0,1,False,USAQUEN,SANTA BIBIANA,Calle 106,130.61,1,PARQUE ZONAL CANAL CORDOBA,1484.0,0,0.08,,1.33,1.0,0.0,,0.01,616.28,0.0
11301-M4687435,APARTAMENTO,VENTA,21.34,160.0,2.0,4.0,1670000.0,2.0,CHICO,6,ENTRE 0 Y 5 ANOS,4.66,-74.05,USADO,,0,1,0,1,1,1,0,0,0,1,False,CHAPINERO,S.C. EL NOGAL,Calle 76 - San Felipe,1253.18,0,PARQUE ZONAL SAN ANDRÉS,411.85,1,0.13,,1.0,0.5,0.0,,0.01,602.13,0.0
4278-M4647730,APARTAMENTO,VENTA,20.77,140.0,3.0,3.0,892000.0,2.0,SANTA BARBARA,6,ENTRE 5 Y 10 ANOS,4.69,-74.05,USADO,,0,1,0,0,1,1,0,0,0,1,False,USAQUEN,SANTA BIBIANA,Calle 106,565.79,0,PARQUE VECINAL URBANIZACIÓN NORMANDIA I II II Y IV SECTOR,1444.56,0,0.15,,0.67,1.0,0.0,,0.02,629.14,0.0
703-M4114984,APARTAMENTO,VENTA,21.41,226.0,3.0,4.0,1680000.0,2.0,CHICO,6,MAS DE 20 ANOS,4.66,-74.05,USADO,,0,0,0,0,1,1,0,0,0,1,False,CHAPINERO,BELLAVISTA - URB. EL CASTILLO,Calle 72,928.23,0,PARQUE ZONAL GUSTAVO URIBE BOTERO,633.82,0,0.09,,0.67,0.75,0.0,,0.01,190.06,5.0
4660-M4635156,APARTAMENTO,VENTA,21.06,162.0,3.0,4.0,800000.0,2.0,COLINA Y ALREDEDORES,5,ENTRE 10 Y 20 ANOS,4.73,-74.06,USADO,,0,1,0,1,1,0,1,0,0,1,False,SUBA,COLPATRIA SANTA HELENA II SECTOR,Gratamira,1345.15,0,PARQUE VECINAL URBANIZACIÓN LA LAGUNA,1077.62,0,0.13,,0.67,0.75,0.0,,0.02,308.57,1.0
73-M4653378,APARTAMENTO,VENTA,20.45,148.5,3.0,3.0,980000.0,2.0,CHICO,6,MAS DE 20 ANOS,4.68,-74.04,USADO,,0,1,0,0,1,0,0,0,0,1,False,CHAPINERO,CHICO NORTE - URB. CONJUNTO DE LA CIEN,Calle 100 - Marketmedios,1793.99,0,PARQUE VECINAL URBANIZACIÓN LA CABRERA,1438.44,0,0.14,,0.67,1.0,0.0,,0.02,178.51,2.0
410-M3719890,APARTAMENTO,VENTA,20.01,116.3,3.0,3.0,561440.0,2.0,SANTA BARBARA,6,MAS DE 20 ANOS,4.69,-74.04,USADO,,0,1,0,0,1,0,0,0,0,1,False,USAQUEN,SANTA BARBARA CENTRAL III SECTOR,Pepe Sierra,2295.71,0,PARQUE METROPOLITANO EL COUNTRY,1216.33,0,0.17,,0.67,1.0,0.0,,0.03,367.72,5.0
771-M4652650,APARTAMENTO,VENTA,20.65,154.0,3.0,4.0,845000.0,2.0,COUNTRY,5,MAS DE 20 ANOS,4.71,-74.03,USADO,,0,0,0,1,1,1,1,0,0,1,False,USAQUEN,LISBOA_,Prado,2501.64,0,PARQUE VECINAL NUEVA URBANIZACIÓN EL CEDRITO,1112.75,0,0.13,,0.67,0.75,0.0,,0.02,169.98,2.0
771-M4443984,APARTAMENTO,VENTA,20.98,180.0,3.0,5.0,1202000.0,3.0,,5,MAS DE 20 ANOS,4.67,-74.04,USADO,,0,1,0,0,1,1,0,0,0,1,False,CHAPINERO,CHICO ALTO,Calle 85,1880.62,0,PARQUE VECINAL URBANIZACIÓN LA CABRERA,822.28,0,0.12,,1.0,0.6,0.0,,0.02,773.68,0.0
614-M4589672,APARTAMENTO,VENTA,20.2,84.0,3.0,2.0,320000.0,2.0,NIZA ALHAMBRA,4,ENTRE 10 Y 20 ANOS,4.69,-74.08,USADO,,0,0,0,1,1,1,0,0,0,1,False,SUBA,S.C SANTA ROSA,Ferias,613.97,0,PARQUE ZONAL MORATO,853.05,0,0.24,,0.67,1.5,0.0,,0.04,607.6,0.0
4796-M4584275,APARTAMENTO,VENTA,20.11,100.24,3.0,2.0,420200.0,2.0,ORQUIDEAS,4,ENTRE 5 Y 10 ANOS,4.75,-74.03,USADO,,0,0,0,1,1,1,1,0,0,1,False,USAQUEN,SANTA TERESA,Toberin - Foundever,2467.83,0,PARQUE ZONAL SERVITA,463.13,1,0.2,,0.67,1.5,0.0,,0.03,1271.19,0.0
10323-M3348053,APARTAMENTO,VENTA,20.62,171.0,3.0,5.0,838000.0,3.0,SANTA BARBARA,6,MAS DE 20 ANOS,4.7,-74.04,USADO,,0,0,0,0,1,0,0,0,0,1,False,USAQUEN,SANTA BARBARA OCCIDENTAL,Calle 127,1245.52,0,PARQUE METROPOLITANO EL COUNTRY,778.93,0,0.12,,1.0,0.6,0.0,,0.02,394.61,2.0
771-M4629731,APARTAMENTO,VENTA,21.68,300.0,3.0,4.0,1700000.0,2.0,COUNTRY,6,MAS DE 20 ANOS,4.71,-74.03,USADO,,1,1,0,0,1,0,0,0,0,1,False,USAQUEN,BOSQUES DE MEDINA,Prado,2751.13,0,PARQUE METROPOLITANO EL COUNTRY,1378.05,0,0.07,,0.67,0.75,0.0,,0.01,472.58,2.0
703-M4708600,APARTAMENTO,VENTA,21.47,210.0,3.0,4.0,1100000.0,2.0,SANTA BARBARA,6,MAS DE 20 ANOS,4.69,-74.03,USADO,,0,0,0,1,1,0,0,0,0,1,False,USAQUEN,CERROS DE SANTA BARBARA,Calle 106,3154.03,0,PARQUE METROPOLITANO EL COUNTRY,2067.49,0,0.1,,0.67,0.75,0.0,,0.01,588.14,0.0
73-M4202511,APARTAMENTO,VENTA,21.63,318.65,3.0,2.0,3921395.93,2.0,CHICO,6,MAS DE 20 ANOS,4.67,-74.04,USADO,,0,1,0,1,1,0,0,0,0,1,False,CHAPINERO,EL REFUGIO,Héroes - Gel´Hada,1823.39,0,PARQUE VECINAL URBANIZACIÓN LA CABRERA,836.7,0,0.07,,0.67,1.5,0.0,,0.01,822.74,0.0
815-M4672505,APARTAMENTO,VENTA,20.34,175.0,4.0,2.0,290000.0,0.0,CENTRO Y ZONA COLONIAL,3,MAS DE 20 ANOS,4.6,-74.07,USADO,,0,0,0,1,1,1,0,0,0,1,False,SANTA FE,VERACRUZ__,Las Aguas - Centro Colombo Americano,237.35,1,PARQUE ZONAL SENDERO A MONSERRATE,947.22,0,0.12,,0.0,2.0,0.0,,0.02,302.2,2.0
2671-M3589223,APARTAMENTO,VENTA,21.17,223.45,3.0,4.0,1300000.0,3.0,COUNTRY,6,ENTRE 10 Y 20 ANOS,4.71,-74.03,USADO,,0,0,0,0,1,1,0,0,0,1,False,USAQUEN,BOSQUES DE MEDINA,Prado,2878.34,0,PARQUE METROPOLITANO EL COUNTRY,1420.43,0,0.09,,1.0,0.75,0.0,,0.01,578.44,0.0
920-M4664601,APARTAMENTO,VENTA,20.21,78.0,3.0,3.0,315000.0,1.0,NICOLAS DE FEDERMAN,4,MAS DE 20 ANOS,4.64,-74.09,USADO,,0,1,0,0,1,0,0,0,0,1,False,TEUSAQUILLO,RAFAEL NUNEZ,Quinta Paredes,910.31,0,PARQUE ZONAL NICOLAS DE FEDERMAN 3,832.73,0,0.26,,0.33,1.0,0.0,,0.04,478.51,1.0
11013-M4344962,APARTAMENTO,VENTA,20.17,76.89,2.0,2.0,351000.0,2.0,,5,ENTRE 0 Y 5 ANOS,4.7,-74.07,USADO,,0,0,0,1,1,1,0,0,0,1,False,SUBA,ILARCO - LOS MOLINOS DE ILARCO,Suba - Calle 116,166.34,1,PARQUE ZONAL MORATO,455.76,1,0.26,,1.0,1.0,0.0,,0.03,560.48,0.0
4796-M3870347,APARTAMENTO,VENTA,19.86,72.0,3.0,2.0,3921395.93,1.0,CEDRITOS,4,ENTRE 0 Y 5 ANOS,4.74,-74.03,USADO,,0,0,0,1,1,1,0,0,0,1,False,USAQUEN,BARRANCAS NORTE,Calle 161,2344.35,0,PARQUE ZONAL ALTA BLANCA,115.55,1,0.28,,0.33,1.5,0.0,,0.04,743.44,0.0
11013-M4451208,APARTAMENTO,VENTA,20.18,87.0,3.0,3.0,410000.0,2.0,CEDRITOS,4,ENTRE 5 Y 10 ANOS,4.72,-74.04,USADO,,0,0,0,1,1,0,0,0,0,1,False,USAQUEN,CEDRITOS,Alcalá,1717.39,0,PARQUE VECINAL NUEVA URBANIZACIÓN EL CEDRITO,462.71,1,0.23,,0.67,1.0,0.0,,0.03,175.13,1.0
2529-M4485888,APARTAMENTO,VENTA,19.96,58.87,1.0,2.0,277900.0,1.0,COUNTRY,5,ENTRE 0 Y 5 ANOS,4.72,-74.04,USADO,,0,0,0,1,1,0,0,0,0,1,False,USAQUEN,NUEVO COUNTRY,Alcalá,1104.92,0,PARQUE VECINAL NUEVA URBANIZACIÓN EL CEDRITO,1110.96,0,0.34,,1.0,0.5,0.0,,0.02,526.8,0.0
2123-M4355658,APARTAMENTO,VENTA,21.05,180.0,3.0,4.0,1150000.0,2.0,COUNTRY,6,ENTRE 10 Y 20 ANOS,4.72,-74.03,USADO,,0,1,0,1,1,1,0,0,0,1,False,USAQUEN,LA CANADA,Alcalá,2714.91,0,PARQUE VECINAL NUEVA URBANIZACIÓN EL CEDRITO,905.54,0,0.12,,0.67,0.75,0.0,,0.02,406.18,1.0
2398-M4430284,APARTAMENTO,VENTA,20.58,132.0,3.0,4.0,756000.0,2.0,COUNTRY,5,MAS DE 20 ANOS,4.7,-74.03,USADO,,0,1,0,0,0,0,0,0,0,1,False,USAQUEN,BELLA SUIZA,Calle 127,2575.26,0,PARQUE METROPOLITANO EL COUNTRY,832.56,0,0.16,,0.67,0.75,0.0,,0.02,710.85,0.0
10323-M3892126,APARTAMENTO,VENTA,21.19,207.0,3.0,3.0,1600000.0,2.0,CHICO,6,MAS DE 20 ANOS,4.66,-74.05,USADO,,0,0,0,0,1,0,0,0,0,1,False,CHAPINERO,S.C. BELLAVISTA,Calle 72,1124.34,0,PARQUE ZONAL GUSTAVO URIBE BOTERO,712.17,0,0.1,,0.67,1.0,0.0,,0.01,376.61,3.0
5031-M4349024,APARTAMENTO,VENTA,19.61,78.0,3.0,2.0,3921395.93,1.0,COLINA Y ALREDEDORES,4,ENTRE 10 Y 20 ANOS,4.75,-74.06,USADO,,0,0,0,0,1,0,0,0,0,1,False,SUBA,,Toberin - Foundever,1203.74,0,PARQUE ZONAL SAN JOSÉ DE BAVARIA,842.19,0,0.25,,0.33,1.5,0.0,,0.04,1826.18,0.0
350-M3565770,APARTAMENTO,VENTA,20.29,85.14,3.0,2.0,390000.0,2.0,ORQUIDEAS,4,ENTRE 0 Y 5 ANOS,4.75,-74.04,USADO,,0,0,0,1,1,1,0,0,0,1,False,USAQUEN,LA URIBE,Portal Norte,1042.75,0,PARQUE VECINAL URBANIZACIÓN CALLE 170 / ALAMEDA,371.35,1,0.24,,0.67,1.5,0.0,,0.04,456.17,1.0
13300-M4560738,APARTAMENTO,VENTA,19.72,65.0,3.0,2.0,3921395.93,1.0,ENGATIVA,3,ENTRE 0 Y 5 ANOS,4.68,-74.09,USADO,,0,0,0,0,0,0,0,0,0,1,False,ENGATIVA,LA ESTRADA,Ferias,1202.91,0,PARQUE VECINAL URBANIZACIÓN LA EUROPA,608.83,0,0.3,,0.33,1.5,0.0,,0.05,815.36,0.0
11013-M4467739,APARTAMENTO,VENTA,19.81,80.0,3.0,2.0,300000.0,2.0,CEDRITOS,4,MAS DE 20 ANOS,4.73,-74.04,USADO,,0,1,0,1,0,1,0,0,0,1,False,USAQUEN,LA LIBERIA,Mazurén,1585.36,0,PARQUE ZONAL LA VIDA,635.28,0,0.25,,0.67,1.5,0.0,,0.04,421.99,1.0
11013-M4292981,APARTAMENTO,VENTA,20.35,122.0,3.0,2.0,570000.0,2.0,COLINA Y ALREDEDORES,5,ENTRE 5 Y 10 ANOS,4.72,-74.07,USADO,,0,0,0,1,1,0,0,0,0,1,False,SUBA,CIUDAD JARDIN NORTE,Suba - AV. Boyacá,195.52,1,PARQUE VECINAL AGRUPACIÓN DE VIVIENDA EN BALCON DE LINDARAJA,1019.52,0,0.17,,0.67,1.5,0.0,,0.02,1022.53,0.0
815-M4421123,APARTAMENTO,VENTA,21.19,150.0,3.0,5.0,1500000.0,2.0,CHICO,6,ENTRE 5 Y 10 ANOS,4.66,-74.05,USADO,,0,0,0,1,0,0,0,0,0,1,False,CHAPINERO,LOS ROSALES,Calle 72,1469.6,0,PARQUE ZONAL GUSTAVO URIBE BOTERO,696.22,0,0.14,,0.67,0.6,0.0,,0.02,718.02,0.0
73-M4723086,APARTAMENTO,VENTA,20.58,140.0,3.0,3.0,830000.0,2.0,COUNTRY,6,ENTRE 5 Y 10 ANOS,4.7,-74.05,USADO,,0,0,0,1,1,0,0,0,0,1,False,USAQUEN,LA CALLEJA,Calle 127,802.14,0,PARQUE METROPOLITANO EL COUNTRY,944.19,0,0.15,,0.67,1.0,0.0,,0.02,592.06,0.0
2398-M3524265,APARTAMENTO,VENTA,21.79,344.0,4.0,3.0,1560000.0,3.0,CHICO,6,MAS DE 20 ANOS,4.67,-74.06,USADO,,0,0,0,1,1,0,0,0,0,1,False,CHAPINERO,S.C. ANTIGUO COUNTRY,Calle 85,404.93,1,PARQUE ZONAL CANAL EL VIRREY EL CHICO,282.3,1,0.06,,0.75,1.33,0.0,,0.01,236.9,3.0
815-M4186728,APARTAMENTO,VENTA,20.32,67.7,1.0,2.0,545900.0,2.0,SANTA BARBARA,6,ENTRE 0 Y 5 ANOS,4.69,-74.04,USADO,,0,0,0,1,0,0,0,0,0,1,False,USAQUEN,SAN PATRICIO,Pepe Sierra,1229.93,0,PARQUE METROPOLITANO EL COUNTRY,1359.04,0,0.3,,2.0,0.5,0.0,,0.01,289.68,1.0
2671-M4557868,APARTAMENTO,VENTA,21.56,224.0,3.0,4.0,1092242.0,4.0,SANTA BARBARA,5,ENTRE 0 Y 5 ANOS,4.7,-74.05,USADO,,0,1,0,1,1,0,0,0,0,1,False,USAQUEN,SANTA BARBARA OCCIDENTAL,Calle 127,307.09,1,PARQUE ZONAL ATABANZA,964.06,0,0.1,,1.33,0.75,0.0,,0.01,243.33,5.0
3606-M4139627,APARTAMENTO,VENTA,20.67,160.0,3.0,4.0,1100000.0,2.0,COUNTRY,6,MAS DE 20 ANOS,4.71,-74.04,USADO,,0,1,0,0,1,1,0,0,0,1,False,USAQUEN,LA_CAROLINA,Calle 127,1363.65,0,PARQUE METROPOLITANO EL COUNTRY,427.93,1,0.13,,0.67,0.75,0.0,,0.02,346.12,1.0
4660-M4724926,APARTAMENTO,VENTA,20.18,86.0,3.0,3.0,300000.0,1.0,FONTIBON TINTAL,4,ENTRE 5 Y 10 ANOS,4.65,-74.13,USADO,,0,0,0,0,1,0,1,0,0,1,False,FONTIBON,EL TINTAL A.S.D.,AV. Rojas,2411.16,0,PARQUE VECINAL VILLA ALSACIA,1284.91,0,0.23,,0.33,1.0,0.0,,0.03,409.6,2.0
93-M4524351,APARTAMENTO,VENTA,21.53,228.0,3.0,5.0,1300000.0,3.0,SANTA BARBARA,6,ENTRE 5 Y 10 ANOS,4.7,-74.03,USADO,,1,1,0,0,1,1,0,0,0,1,False,USAQUEN,RESERVAS DE LA SIERRA - LA ARBOLEDA,Calle 127,2934.79,0,PARQUE METROPOLITANO EL COUNTRY,1222.73,0,0.09,,1.0,0.6,0.0,,0.01,693.26,0.0
815-M3580794,APARTAMENTO,VENTA,20.91,215.0,3.0,4.0,1850000.0,2.0,CHICO,6,MAS DE 20 ANOS,4.66,-74.05,USADO,,0,1,0,0,1,0,0,0,0,1,False,CHAPINERO,LOS ROSALES,Calle 72,1448.6,0,PARQUE ZONAL SAN ANDRÉS,858.93,0,0.1,,0.67,0.75,0.0,,0.01,718.07,0.0
11013-M4645215,APARTAMENTO,VENTA,20.55,138.96,3.0,4.0,1170000.0,2.0,CHICO,6,MAS DE 20 ANOS,4.68,-74.05,USADO,,0,0,0,0,1,0,0,0,0,1,False,CHAPINERO,S.C. CHICO NORTE,Virrey,1115.25,0,PARQUE ZONAL CANAL EL VIRREY EL CHICO,674.84,0,0.15,,0.67,0.75,0.0,,0.02,85.72,2.0
13300-M4560679,APARTAMENTO,VENTA,19.42,58.0,2.0,2.0,170000.0,1.0,FONTIBON TINTAL,4,MAS DE 20 ANOS,4.67,-74.14,USADO,,0,0,0,0,1,1,0,0,0,1,False,FONTIBON,URB. CAPELLANIA,Modelia,2174.4,0,PARQUE VECINAL VILLA HELENA VILLEMAR,725.54,0,0.33,,0.5,1.0,0.0,,0.03,579.23,0.0
815-M3682923,APARTAMENTO,VENTA,21.06,225.0,3.0,3.0,1161800.0,2.0,COUNTRY,6,MAS DE 20 ANOS,4.71,-74.03,USADO,,0,0,0,0,1,1,0,0,0,1,False,USAQUEN,BOSQUES DE MEDINA,Prado,2751.13,0,PARQUE METROPOLITANO EL COUNTRY,1378.05,0,0.09,,0.67,1.0,0.0,,0.01,472.58,2.0
703-M4125967,APARTAMENTO,VENTA,21.37,235.0,3.0,4.0,1589000.0,2.0,CHICO,6,MAS DE 20 ANOS,4.66,-74.05,USADO,,0,1,0,0,1,1,0,0,0,1,False,CHAPINERO,BELLAVISTA - URB. EL CASTILLO,Calle 72,928.23,0,PARQUE ZONAL GUSTAVO URIBE BOTERO,633.82,0,0.09,,0.67,0.75,0.0,,0.01,190.06,5.0
635-M4730293,APARTAMENTO,VENTA,20.82,156.0,3.0,4.0,967000.0,2.0,CHICO,6,ENTRE 10 Y 20 ANOS,4.68,-74.06,USADO,,0,1,0,1,1,0,0,0,0,1,False,CHAPINERO,S.C. EL CHICO,Virrey,112.2,1,PARQUE VECINAL URBANIZACIÓN NORMANDIA I II II Y IV SECTOR,144.29,1,0.13,,0.67,0.75,0.0,,0.02,532.89,0.0
771-M4370674,APARTAMENTO,VENTA,20.77,180.0,3.0,4.0,508000.0,2.0,COUNTRY,5,MAS DE 20 ANOS,4.72,-74.05,USADO,,0,1,0,1,1,0,0,0,0,1,False,USAQUEN,LA CALLEJA SANTACOLOMA,Prado,508.49,0,PARQUE ZONAL ATABANZA,1286.02,0,0.12,,0.67,0.75,0.0,,0.02,614.58,0.0
504-M4492421,APARTAMENTO,VENTA,20.8,162.62,3.0,5.0,1050000.0,4.0,SANTA BARBARA,6,MAS DE 20 ANOS,4.69,-74.05,USADO,,0,1,0,0,1,0,0,0,0,1,False,USAQUEN,SANTA BIBIANA,Calle 106,724.83,0,PARQUE VECINAL URBANIZACIÓN NORMANDIA I II II Y IV SECTOR,1550.72,0,0.13,,1.33,0.6,0.0,,0.02,562.71,0.0
4796-M4013039,APARTAMENTO,VENTA,20.6,155.0,3.0,3.0,623000.0,2.0,CEDRITOS,4,ENTRE 10 Y 20 ANOS,4.73,-74.04,USADO,,1,0,0,1,1,1,0,0,0,1,False,USAQUEN,LA EMILIA,Mazurén,1518.0,0,PARQUE ZONAL LA VIDA,821.51,0,0.13,,0.67,1.0,0.0,,0.02,395.23,1.0
16475-M4660983,APARTAMENTO,VENTA,20.47,138.0,3.0,4.0,685900.0,2.0,SANTA BARBARA,6,MAS DE 20 ANOS,4.7,-74.04,USADO,,0,1,0,0,1,0,0,0,0,1,False,USAQUEN,SANTA BARBARA CENTRAL II,Calle 127,2041.4,0,PARQUE METROPOLITANO EL COUNTRY,382.39,1,0.15,,0.67,0.75,0.0,,0.02,660.45,0.0
2671-M3866992,APARTAMENTO,VENTA,21.53,243.0,4.0,4.0,1492000.0,4.0,CEDRITOS,6,ENTRE 10 Y 20 ANOS,4.72,-74.03,USADO,,0,1,0,1,1,1,0,0,0,1,False,USAQUEN,LA CANADA,Alcalá,2842.51,0,PARQUE VECINAL NUEVA URBANIZACIÓN EL CEDRITO,1026.8,0,0.09,,1.0,1.0,0.0,,0.02,465.11,1.0
11013-M4701319,APARTAMENTO,VENTA,21.61,290.0,3.0,4.0,1700000.0,3.0,CHICO,6,MAS DE 20 ANOS,4.68,-74.04,USADO,,0,1,0,1,1,0,0,0,0,1,False,CHAPINERO,S.C. CHICO NORTE,Virrey,1667.42,0,PARQUE VECINAL URBANIZACIÓN LA CABRERA,889.93,0,0.07,,1.0,0.75,0.0,,0.01,511.5,0.0
920-M3820326,APARTAMENTO,VENTA,21.39,226.0,3.0,3.0,1831000.0,3.0,CHICO,6,MAS DE 20 ANOS,4.67,-74.05,USADO,,0,1,0,0,1,0,0,0,0,1,False,CHAPINERO,S.C. CHICO NORTE,Virrey,1459.05,0,PARQUE VECINAL URBANIZACIÓN LA CABRERA,648.5,0,0.09,,1.0,1.0,0.0,,0.01,393.09,1.0
2671-M4504155,APARTAMENTO,VENTA,20.72,144.0,3.0,3.0,926000.0,2.0,COUNTRY,4,ENTRE 0 Y 5 ANOS,4.72,-74.04,USADO,,0,0,0,0,1,1,0,0,0,1,False,USAQUEN,NUEVO COUNTRY,Alcalá,1316.95,0,PARQUE VECINAL NUEVA URBANIZACIÓN EL CEDRITO,931.6,0,0.14,,0.67,1.0,0.0,,0.02,326.37,1.0
2751-M4408699,APARTAMENTO,VENTA,19.74,70.0,3.0,2.0,262000.0,1.0,CASTILLA MARSELLA,3,ENTRE 10 Y 20 ANOS,4.63,-74.13,USADO,,0,0,0,1,1,1,1,0,0,1,False,KENNEDY,MARSELLA,Marsella,496.75,1,PARQUE ZONAL MARSELLA,373.74,1,0.28,,0.33,1.5,0.0,,0.04,1291.66,0.0
272-M4595996,APARTAMENTO,VENTA,19.92,80.0,3.0,2.0,426000.0,1.0,COLINA Y ALREDEDORES,4,ENTRE 10 Y 20 ANOS,4.74,-74.06,USADO,,0,0,0,1,1,1,1,0,0,1,False,SUBA,CASABLANCA (HACIENDA),Calle 161,1885.42,0,PARQUE VECINAL DESARROLLO CANTALEJO URBANIZACIÓN CANTALEJO MANZANA B,827.55,0,0.25,,0.33,1.5,0.0,,0.04,1016.82,0.0
399-M4289505,APARTAMENTO,VENTA,19.8,84.5,3.0,3.0,560000.0,2.0,COUNTRY,5,MAS DE 20 ANOS,4.72,-74.04,USADO,,0,1,0,0,1,1,0,0,0,1,False,USAQUEN,EL CONTADOR,Alcalá,835.99,0,PARQUE VECINAL NUEVA URBANIZACIÓN EL CEDRITO,1217.78,0,0.23,,0.67,1.0,0.0,,0.04,321.41,1.0
771-M4371369,APARTAMENTO,VENTA,21.13,252.0,4.0,5.0,3921395.93,4.0,SANTA BARBARA,6,MAS DE 20 ANOS,4.69,-74.06,USADO,,0,1,0,0,1,0,0,0,0,1,False,USAQUEN,SANTA BIBIANA,Calle 100 - Marketmedios,540.74,0,PARQUE VECINAL URBANIZACIÓN NORMANDIA I II II Y IV SECTOR,1260.09,0,0.08,,1.0,0.8,0.0,,0.02,679.81,0.0
11013-M4332953,APARTAMENTO,VENTA,21.05,220.0,3.0,4.0,3921395.93,3.0,SANTA BARBARA,6,MAS DE 20 ANOS,4.69,-74.04,USADO,,0,0,0,1,1,0,0,0,0,1,False,USAQUEN,MOLINOS NORTE,Calle 106,1823.33,0,PARQUE METROPOLITANO EL COUNTRY,1606.05,0,0.1,,1.0,0.75,0.0,,0.01,293.39,1.0
614-M4336845,APARTAMENTO,VENTA,20.05,78.0,3.0,2.0,350000.0,1.0,COLINA Y ALREDEDORES,5,ENTRE 0 Y 5 ANOS,4.74,-74.05,USADO,,0,0,0,1,1,1,0,0,0,1,False,SUBA,CAMPOS DE SILENCIO,Calle 161,699.56,0,PARQUE VECINAL URBANIZACIÓN VICTORIA NORTE,486.66,1,0.26,,0.33,1.5,0.0,,0.04,1616.56,0.0
73-M3783261,APARTAMENTO,VENTA,20.62,145.0,3.0,3.0,3921395.93,2.0,SANTA BARBARA,5,MAS DE 20 ANOS,4.69,-74.05,USADO,,1,1,0,0,1,0,0,0,0,1,False,USAQUEN,SANTA BIBIANA,Calle 106,475.76,1,PARQUE VECINAL URBANIZACIÓN NORMANDIA I II II Y IV SECTOR,1794.28,0,0.14,,0.67,1.0,0.0,,0.02,472.87,1.0
2751-M4491878,APARTAMENTO,VENTA,20.37,89.0,3.0,2.0,375000.0,2.0,SALITRE MODELIA,4,ENTRE 0 Y 5 ANOS,4.65,-74.1,USADO,,0,1,0,1,1,1,1,0,0,1,False,TEUSAQUILLO,CIUDAD SALITRE NORORIENTAL,Salitre - El Greco,256.43,1,PARQUE VECINAL URBANIZACIÓN SALITRE (GRECO),505.66,0,0.23,,0.67,1.5,0.0,,0.03,205.7,5.0
546-M4624942,APARTAMENTO,VENTA,20.14,109.0,2.0,4.0,800000.0,2.0,SANTA BARBARA,5,MAS DE 20 ANOS,4.69,-74.04,USADO,,0,1,0,0,1,0,0,0,0,1,False,USAQUEN,RINCON DEL CHICO,Calle 106,1315.56,0,PARQUE METROPOLITANO EL COUNTRY,1854.14,0,0.18,,1.0,0.5,0.0,,0.02,604.26,0.0
815-M3710149,APARTAMENTO,VENTA,20.95,185.5,3.0,4.0,1000000.0,3.0,SANTA BARBARA,6,MAS DE 20 ANOS,4.7,-74.03,USADO,,0,1,0,0,1,1,0,0,0,1,False,USAQUEN,SANTA BARBARA CENTRAL II,Calle 127,2260.96,0,PARQUE METROPOLITANO EL COUNTRY,564.22,0,0.11,,1.0,0.75,0.0,,0.02,655.84,0.0
603-M4418281,APARTAMENTO,VENTA,20.49,77.0,2.0,2.0,501000.0,2.0,METROPOLIS,4,ENTRE 0 Y 5 ANOS,4.66,-74.08,USADO,,0,0,0,1,1,1,1,0,0,1,False,BARRIOS UNIDOS,EL ROSARIO,7 de Agosto,206.29,1,PARQUE METROPOLITANO PARQUE DE LOS NOVIOS,293.02,1,0.27,,1.0,1.0,0.0,,0.03,769.63,0.0
614-M4361281,APARTAMENTO,VENTA,20.29,106.0,3.0,3.0,380000.0,2.0,NIZA ALHAMBRA,4,ENTRE 5 Y 10 ANOS,4.7,-74.08,USADO,,0,0,0,0,1,1,0,0,0,1,False,SUBA,S.C. POTOSI,AV. Boyacá,413.35,1,PARQUE ZONAL BONANZA,952.15,0,0.19,,0.67,1.0,0.0,,0.03,251.36,3.0
703-M4500433,APARTAMENTO,VENTA,21.17,202.0,3.0,5.0,1800000.0,2.0,CHICO,6,ENTRE 10 Y 20 ANOS,4.68,-74.04,USADO,,0,1,0,0,1,0,0,0,0,1,False,CHAPINERO,S.C. CHICO NORTE,Virrey,1778.1,0,PARQUE VECINAL URBANIZACIÓN LA CABRERA,1119.11,0,0.1,,0.67,0.6,0.0,,0.01,510.25,0.0
546-M4546248,APARTAMENTO,VENTA,20.31,100.59,3.0,2.0,440000.0,2.0,ALTOS DE SUBA Y CERROS DE SAN JORGE,6,ENTRE 10 Y 20 ANOS,4.76,-74.07,USADO,,0,0,0,1,1,0,1,0,0,1,False,SUBA,S.C. CASABLANCA SUBA,Portal Norte,2549.42,0,PARQUE ZONAL SAN JOSÉ DE BAVARIA,626.56,0,0.2,,0.67,1.5,0.0,,0.03,2557.45,0.0
2671-M3866477,APARTAMENTO,VENTA,21.64,247.0,2.0,3.0,2630000.0,4.0,CHICO,6,ENTRE 10 Y 20 ANOS,4.66,-74.05,USADO,,0,1,0,0,1,0,0,0,0,1,False,CHAPINERO,LOS ROSALES,Calle 76 - San Felipe,1399.92,0,PARQUE ZONAL SAN ANDRÉS,659.47,0,0.09,,2.0,0.67,0.0,,0.01,783.28,0.0
2671-M4727685,APARTAMENTO,VENTA,20.85,163.8,3.0,4.0,782300.0,2.0,COLINA Y ALREDEDORES,6,ENTRE 10 Y 20 ANOS,4.67,-74.05,USADO,,0,1,0,1,1,1,1,0,0,1,False,CHAPINERO,LA CABRERA,Calle 85,1130.17,0,PARQUE VECINAL URBANIZACIÓN LA CABRERA,126.57,1,0.13,,0.67,0.75,0.0,,0.02,186.63,4.0
73-M3971666,APARTAMENTO,VENTA,20.56,173.0,3.0,3.0,850000.0,2.0,COUNTRY,6,MAS DE 20 ANOS,4.71,-74.04,USADO,,0,0,0,1,1,1,0,0,0,1,False,USAQUEN,LA_CAROLINA,Calle 127,1598.56,0,PARQUE METROPOLITANO EL COUNTRY,336.53,1,0.12,,0.67,1.0,0.0,,0.02,502.29,0.0
4278-M4647731,APARTAMENTO,VENTA,19.56,41.0,1.0,2.0,318000.0,1.0,CHAPINERO ALTO,4,ENTRE 5 Y 10 ANOS,4.63,-74.06,USADO,,1,0,0,0,1,0,0,0,0,1,False,CHAPINERO,EL_PARAISO,Calle 45 - American School Way,1055.23,0,PARQUE METROPOLITANO PARQUE NACIONAL (PM2A) ENRIQUE OLAYA HERRERA (SECTOR HISTORICO),851.73,0,0.48,,1.0,0.5,0.0,,0.02,673.88,0.0
4660-M4635016,APARTAMENTO,VENTA,20.28,60.0,1.0,2.0,450000.0,2.0,CHICO,6,ENTRE 10 Y 20 ANOS,4.68,-74.04,USADO,,0,0,0,1,1,0,0,0,0,1,False,CHAPINERO,CHICO RESERVADO,Calle 100 - Marketmedios,1614.43,0,PARQUE VECINAL URBANIZACIÓN LA CABRERA,1214.81,0,0.34,,2.0,0.5,0.0,,0.02,280.15,2.0
603-M4547805,APARTAMENTO,VENTA,21.47,268.0,3.0,3.0,1183000.0,3.0,SALITRE MODELIA,4,ENTRE 5 Y 10 ANOS,4.66,-74.11,USADO,,1,1,0,1,1,0,0,0,0,1,False,FONTIBON,LA ESPERANZA NORTE,AV. Rojas,699.63,0,PARQUE VECINAL CARLOS LLERAS (EL FUEGO),352.43,1,0.08,,1.0,1.0,0.0,,0.01,767.05,0.0
16474-M4645000,APARTAMENTO,VENTA,20.7,128.0,3.0,3.0,715000.0,2.0,COUNTRY,5,ENTRE 10 Y 20 ANOS,4.72,-74.03,USADO,,1,0,0,1,1,1,1,0,0,1,False,USAQUEN,LISBOA_,Alcalá,2340.16,0,PARQUE VECINAL NUEVA URBANIZACIÓN EL CEDRITO,945.32,0,0.16,,0.67,1.0,0.0,,0.02,217.9,2.0
2266-M4575346,APARTAMENTO,VENTA,21.19,240.0,3.0,4.0,1350000.0,4.0,CERROS DE SUBA,6,ENTRE 10 Y 20 ANOS,4.73,-74.08,USADO,,1,1,0,1,1,1,0,0,0,1,False,SUBA,S.C. VEREDA SUBA NARANJOS,Gratamira,334.12,1,PARQUE VECINAL AGRUPACIÓN DE VIVIENDA EN BALCON DE LINDARAJA,1236.04,0,0.09,,1.33,0.75,0.0,,0.01,1364.94,0.0
5031-M4555030,APARTAMENTO,VENTA,19.61,70.0,3.0,2.0,221000.0,1.0,KENNEDY,3,ENTRE 10 Y 20 ANOS,4.62,-74.14,USADO,,0,0,0,0,1,1,0,0,0,1,False,KENNEDY,HIPOTECHO OCCIDENTAL,AV. Américas - AV. Boyacá,1165.86,0,PARQUE VECINAL LAS AMÉRICAS OCCIDENTAL IV ETAPA,374.19,1,0.28,,0.33,1.5,0.0,,0.04,113.52,1.0
2671-M3720475,APARTAMENTO,VENTA,21.44,250.0,3.0,4.0,1000000.0,3.0,CHICO,6,MAS DE 20 ANOS,4.68,-74.05,USADO,,0,1,0,0,1,0,0,0,0,1,False,CHAPINERO,S.C. CHICO NORTE III SECTOR,Calle 100 - Marketmedios,772.99,0,PARQUE VECINAL URBANIZACIÓN NORMANDIA I II II Y IV SECTOR,984.68,0,0.09,,1.0,0.75,0.0,,0.01,225.74,3.0
771-M4504614,APARTAMENTO,VENTA,19.7,66.0,3.0,2.0,379000.0,1.0,COLINA Y ALREDEDORES,5,MAS DE 20 ANOS,4.73,-74.07,USADO,,0,0,0,0,1,1,0,0,0,1,False,SUBA,COLINA CAMPESTRE III SECTOR,Gratamira,857.04,0,PARQUE VECINAL PRADO PINZÓN,1458.96,0,0.3,,0.33,1.5,0.0,,0.05,229.22,1.0
771-M4653392,APARTAMENTO,VENTA,21.13,230.0,4.0,4.0,603000.0,2.0,COUNTRY,5,MAS DE 20 ANOS,4.72,-74.05,USADO,,0,0,0,1,0,1,0,0,0,1,False,USAQUEN,COUNTRY CLUB,Prado,618.88,0,PARQUE ZONAL ATABANZA,1383.14,0,0.09,,0.5,1.0,0.0,,0.02,601.7,0.0
4498-M4503995,APARTAMENTO,VENTA,20.61,142.41,3.0,4.0,1250000.0,2.0,SANTA BARBARA,6,ENTRE 10 Y 20 ANOS,4.69,-74.05,USADO,,0,1,0,0,1,0,0,0,0,1,False,USAQUEN,SANTA BIBIANA,Calle 106,410.15,1,PARQUE VECINAL URBANIZACIÓN NORMANDIA I II II Y IV SECTOR,1506.17,0,0.14,,0.67,0.75,0.0,,0.02,773.57,0.0
272-M4695002,APARTAMENTO,VENTA,20.44,84.1,3.0,2.0,550000.0,1.0,NORMANDIA,4,ENTRE 0 Y 5 ANOS,4.66,-74.11,USADO,,0,0,0,1,1,1,0,0,0,1,False,FONTIBON,LA ESPERANZA NORTE,AV. Rojas,180.16,1,PARQUE VECINAL CARLOS LLERAS (EL FUEGO),789.4,0,0.24,,0.33,1.5,0.0,,0.04,453.12,1.0
4278-M4629198,APARTAMENTO,VENTA,19.25,57.0,3.0,2.0,217000.0,1.0,COLINA Y ALREDEDORES,3,MAS DE 20 ANOS,4.75,-74.06,USADO,,0,0,0,0,0,1,0,0,0,1,False,SUBA,URB. PICADELLY,Toberin - Foundever,1082.06,0,PARQUE VECINAL DESARROLLO CANTALEJO URBANIZACIÓN CANTALEJO MANZANA B,475.7,1,0.34,,0.33,1.5,0.0,,0.05,1892.38,0.0
703-M4514368,APARTAMENTO,VENTA,20.7,136.0,3.0,4.0,733000.0,2.0,SANTA BARBARA,6,ENTRE 5 Y 10 ANOS,4.69,-74.04,USADO,,0,0,0,0,1,0,0,0,0,1,False,USAQUEN,SANTA BARBARA CENTRAL I Y II,Calle 106,1258.26,0,PARQUE METROPOLITANO EL COUNTRY,1651.46,0,0.15,,0.67,0.75,0.0,,0.02,423.41,1.0
11013-M4412769,APARTAMENTO,VENTA,20.62,154.0,3.0,3.0,920000.0,2.0,CHICO,6,MAS DE 20 ANOS,4.68,-74.05,USADO,,0,1,0,0,1,0,0,0,0,1,False,CHAPINERO,S.C. CHICO NORTE III SECTOR,Calle 100 - Marketmedios,711.21,0,PARQUE VECINAL URBANIZACIÓN NORMANDIA I II II Y IV SECTOR,831.99,0,0.13,,0.67,1.0,0.0,,0.02,232.46,3.0
73-M4567530,APARTAMENTO,VENTA,19.52,66.0,3.0,2.0,237000.0,1.0,ORQUIDEAS,3,MAS DE 20 ANOS,4.76,-74.04,USADO,,0,0,0,1,1,1,0,0,0,1,False,USAQUEN,SAN ANTONIO NOROCCIDENTAL,Portal Norte,369.61,1,PARQUE VECINAL URBANIZACIÓN CALLE 170 / ALAMEDA,554.11,0,0.3,,0.33,1.5,0.0,,0.05,790.78,0.0
4-M4323802,APARTAMENTO,VENTA,21.42,230.0,3.0,5.0,1300000.0,2.0,,6,MAS DE 20 ANOS,4.66,-74.05,USADO,,0,1,0,1,0,1,0,0,0,1,False,CHAPINERO,URB. BELMONTE,Calle 76 - San Felipe,1507.72,0,PARQUE ZONAL SAN ANDRÉS,721.66,0,0.09,,0.67,0.6,0.0,,0.01,885.03,0.0
73-M4434613,APARTAMENTO,VENTA,20.27,103.0,3.0,2.0,420000.0,2.0,ENGATIVA,4,ENTRE 0 Y 5 ANOS,4.72,-74.13,USADO,,0,0,0,1,1,1,0,0,0,1,False,ENGATIVA,S.C. ENGATIVA EL DORADO,Portal 80,2855.91,0,PARQUE METROPOLITANO PLANTA DE TRATAMIENTO SALITRE,834.28,0,0.2,,0.67,1.5,0.0,,0.03,2642.23,0.0
2671-M3650393,APARTAMENTO,VENTA,21.39,212.0,3.0,4.0,1320000.0,2.0,CHICO,6,ENTRE 10 Y 20 ANOS,4.66,-74.05,USADO,,0,1,0,0,1,1,1,0,0,1,False,CHAPINERO,S.C. BELLAVISTA,Calle 72,1234.41,0,PARQUE ZONAL GUSTAVO URIBE BOTERO,723.73,0,0.1,,0.67,0.75,0.0,,0.01,487.57,1.0
614-M4135252,APARTAMENTO,VENTA,20.29,106.0,3.0,2.0,382000.0,2.0,NIZA ALHAMBRA,4,ENTRE 5 Y 10 ANOS,4.7,-74.08,USADO,,0,0,0,0,1,1,0,0,0,1,False,SUBA,POTOSI SECTOR I,AV. Boyacá,509.51,0,PARQUE ZONAL BONANZA,1028.84,0,0.19,,0.67,1.5,0.0,,0.03,334.18,3.0
614-M3541354,APARTAMENTO,VENTA,19.58,67.0,2.0,2.0,350000.0,2.0,NIZA ALHAMBRA,4,MAS DE 20 ANOS,4.7,-74.08,USADO,,0,0,0,1,0,1,0,0,0,1,False,SUBA,URB. POTOSI II SECTOR,Ferias,924.17,0,PARQUE ZONAL MORATO,567.1,0,0.29,,1.0,1.0,0.0,,0.03,606.86,0.0
2671-M4390589,APARTAMENTO,VENTA,21.49,243.0,3.0,4.0,2265000.0,3.0,CHAPINERO ALTO,6,ENTRE 10 Y 20 ANOS,4.65,-74.05,USADO,,0,1,0,1,1,0,0,0,0,1,False,CHAPINERO,S.C. LAS ACACIAS,Flores – Areandina,1542.8,0,PARQUE ZONAL GUSTAVO URIBE BOTERO,250.12,1,0.09,,1.0,0.75,0.0,,0.01,700.46,0.0
73-M3723334,APARTAMENTO,VENTA,19.95,80.0,3.0,2.0,350000.0,2.0,COLINA Y ALREDEDORES,4,ENTRE 10 Y 20 ANOS,4.74,-74.06,USADO,,0,1,0,0,1,1,0,0,0,1,False,SUBA,CASABLANCA (HACIENDA),Calle 161,1885.42,0,PARQUE VECINAL DESARROLLO CANTALEJO URBANIZACIÓN CANTALEJO MANZANA B,827.55,0,0.25,,0.67,1.5,0.0,,0.04,1016.82,0.0
4796-M3877475,APARTAMENTO,VENTA,20.3,123.5,3.0,3.0,450000.0,2.0,CEDRITOS,5,ENTRE 10 Y 20 ANOS,4.72,-74.03,USADO,,0,0,0,1,1,1,1,0,0,1,True,USAQUEN,CEDRITOS,Alcalá,2123.91,0,PARQUE VECINAL NUEVA URBANIZACIÓN EL CEDRITO,748.81,0,0.16,,0.67,1.0,0.0,,0.02,423.47,2.0
4278-M3491965,APARTAMENTO,VENTA,20.67,149.0,3.0,2.0,618300.0,1.0,CHICO,6,MAS DE 20 ANOS,4.66,-74.05,USADO,,0,0,0,0,1,1,0,0,0,1,False,CHAPINERO,S.C. EL NOGAL,Calle 76 - San Felipe,1026.28,0,PARQUE ZONAL SAN ANDRÉS,236.14,1,0.14,,0.33,1.5,0.0,,0.02,424.31,2.0
897-M4462641,APARTAMENTO,VENTA,21.53,149.54,2.0,4.0,1261000.0,2.0,CHICO,6,ENTRE 0 Y 5 ANOS,4.66,-74.05,USADO,,0,0,0,1,0,1,1,0,0,1,False,CHAPINERO,S.C. EL RETIRO,Héroes - Gel´Hada,1516.03,0,PARQUE ZONAL SAN ANDRÉS,553.95,0,0.14,,1.0,0.5,0.0,,0.01,649.49,0.0
771-M4371209,APARTAMENTO,VENTA,20.54,143.0,3.0,3.0,760000.0,2.0,SANTA BARBARA,6,ENTRE 10 Y 20 ANOS,4.7,-74.04,USADO,,0,1,0,0,0,0,0,0,0,1,False,USAQUEN,SANTA BARBARA CENTRAL I SECTOR,Pepe Sierra,1589.42,0,PARQUE METROPOLITANO EL COUNTRY,864.56,0,0.14,,0.67,1.0,0.0,,0.02,656.78,0.0
3606-M4580935,APARTAMENTO,VENTA,19.99,85.0,3.0,2.0,382000.0,1.0,COLINA Y ALREDEDORES,5,MAS DE 20 ANOS,4.71,-74.06,USADO,,0,0,0,1,1,1,0,0,0,1,False,SUBA,PRADO VERANIEGO SUR,Calle 127,893.3,0,PARQUE ZONAL ATABANZA,327.36,1,0.24,,0.33,1.5,0.0,,0.04,1003.7,0.0
11013-M4724925,APARTAMENTO,VENTA,20.03,98.0,3.0,3.0,3921395.93,1.0,COLINA Y ALREDEDORES,4,ENTRE 10 Y 20 ANOS,4.74,-74.06,USADO,,0,0,0,1,1,1,0,0,0,1,False,SUBA,MAZUREN,Mazurén,1224.66,0,PARQUE VECINAL DESARROLLO CANTALEJO URBANIZACIÓN CANTALEJO MANZANA B,694.74,0,0.2,,0.33,1.0,0.0,,0.03,873.84,0.0
614-M4088866,APARTAMENTO,VENTA,20.03,73.0,2.0,3.0,338000.0,1.0,CEDRITOS,4,ENTRE 5 Y 10 ANOS,4.73,-74.04,USADO,,0,0,0,1,1,1,0,0,0,1,False,USAQUEN,LOS CEDRITOS,Calle 142,610.79,0,PARQUE VECINAL PRADO PINZÓN,985.51,0,0.27,,0.5,0.67,0.0,,0.03,754.36,0.0
11013-M4295596,APARTAMENTO,VENTA,21.22,310.0,3.0,5.0,750000.0,4.0,CERROS DE SUBA,6,ENTRE 10 Y 20 ANOS,4.71,-74.08,USADO,,0,0,0,0,1,1,0,0,0,1,False,SUBA,NIZA SUBA - EL BALCON DE LINDARAJA,Niza - Calle 127,1101.31,0,PARQUE VECINAL AGRUPACIÓN DE VIVIENDA EN BALCON DE LINDARAJA,262.1,1,0.07,,1.33,0.6,0.0,,0.01,1148.58,0.0
13294-M4706665,APARTAMENTO,VENTA,20.16,80.0,2.0,2.0,490000.0,1.0,COUNTRY,4,ENTRE 5 Y 10 ANOS,4.72,-74.04,USADO,,0,0,0,1,1,0,0,0,0,1,False,USAQUEN,CEDRITOS,Alcalá,1856.88,0,PARQUE VECINAL NUEVA URBANIZACIÓN EL CEDRITO,617.93,0,0.25,,0.5,1.0,0.0,,0.02,331.38,1.0
4796-M4269352,APARTAMENTO,VENTA,20.54,135.0,4.0,3.0,712000.0,4.0,COLINA Y ALREDEDORES,5,MAS DE 20 ANOS,4.71,-74.06,USADO,,0,0,0,1,1,1,0,0,0,1,False,SUBA,PRADO VERANIEGO SUR,Calle 127,802.48,0,PARQUE ZONAL ATABANZA,217.03,1,0.15,,1.0,1.33,0.0,,0.03,896.38,0.0
815-M4292985,APARTAMENTO,VENTA,20.77,189.0,3.0,3.0,1335000.0,2.0,COUNTRY,6,MAS DE 20 ANOS,4.71,-74.04,USADO,,0,1,0,0,1,0,0,0,0,1,False,USAQUEN,LA_CAROLINA,Calle 127,1363.65,0,PARQUE METROPOLITANO EL COUNTRY,427.93,1,0.11,,0.67,1.0,0.0,,0.02,346.12,1.0
11301-M4140070,APARTAMENTO,VENTA,21.62,213.0,3.0,4.0,1809578.0,4.0,CHAPINERO ALTO,4,ENTRE 5 Y 10 ANOS,4.65,-74.06,USADO,,0,0,0,1,1,0,1,0,0,1,False,CHAPINERO,S.C. GRANADA,Calle 63,1094.98,0,PARQUE ZONAL GUSTAVO URIBE BOTERO,359.92,1,0.1,,1.33,0.75,0.0,,0.01,368.79,1.0
703-M4488500,APARTAMENTO,VENTA,21.16,236.0,3.0,4.0,1327000.0,1.0,CHICO,6,MAS DE 20 ANOS,4.66,-74.05,USADO,,0,0,0,0,1,1,0,0,0,1,False,CHAPINERO,BELLAVISTA - URB. EL CASTILLO,Calle 72,928.23,0,PARQUE ZONAL GUSTAVO URIBE BOTERO,633.82,0,0.09,,0.33,0.75,0.0,,0.01,190.06,5.0
614-M4013594,APARTAMENTO,VENTA,20.23,127.0,2.0,3.0,515000.0,2.0,CEDRITOS,4,MAS DE 20 ANOS,4.73,-74.04,USADO,,0,0,0,0,0,0,0,0,0,1,False,USAQUEN,ACACIAS USAQUEN,Calle 142,1389.51,0,PARQUE VECINAL NUEVA URBANIZACIÓN EL CEDRITO,574.42,0,0.16,,1.0,0.67,0.0,,0.02,709.89,0.0
11013-M4597583,APARTAMENTO,VENTA,21.05,220.0,3.0,4.0,3921395.93,3.0,SANTA BARBARA,6,MAS DE 20 ANOS,4.69,-74.04,USADO,,0,0,0,1,1,0,0,0,0,1,False,USAQUEN,MOLINOS NORTE,Calle 106,1823.33,0,PARQUE METROPOLITANO EL COUNTRY,1606.05,0,0.1,,1.0,0.75,0.0,,0.01,293.39,1.0
11013-M4292964,APARTAMENTO,VENTA,21.19,258.0,3.0,5.0,1600000.0,3.0,CHICO,6,MAS DE 20 ANOS,4.66,-74.05,USADO,,0,1,0,0,1,1,0,0,0,1,False,CHAPINERO,LOS ROSALES,Calle 72,1469.6,0,PARQUE ZONAL GUSTAVO URIBE BOTERO,696.22,0,0.08,,1.0,0.6,0.0,,0.01,718.02,0.0
4498-M4504024,APARTAMENTO,VENTA,21.56,247.0,3.0,5.0,1400000.0,4.0,SANTA BARBARA,6,ENTRE 0 Y 5 ANOS,4.69,-74.05,USADO,,0,1,0,1,1,1,0,0,0,1,False,USAQUEN,SANTA BIBIANA,Calle 106,969.4,0,PARQUE VECINAL URBANIZACIÓN NORMANDIA I II II Y IV SECTOR,1594.29,0,0.09,,1.33,0.6,0.0,,0.01,473.94,2.0
815-M4642063,APARTAMENTO,VENTA,21.64,187.0,3.0,4.0,2300000.0,3.0,CHICO,6,ENTRE 5 Y 10 ANOS,4.66,-74.05,USADO,,0,0,0,1,0,0,0,0,0,1,False,CHAPINERO,LOS ROSALES,Calle 72,1337.79,0,PARQUE ZONAL SAN ANDRÉS,822.45,0,0.12,,1.0,0.75,0.0,,0.02,608.68,0.0
12375-M4350710,APARTAMENTO,VENTA,21.44,188.0,3.0,3.0,1780000.0,3.0,CHICO,6,ENTRE 5 Y 10 ANOS,4.68,-74.05,USADO,,1,1,0,0,1,1,0,0,0,1,False,CHAPINERO,S.C. CHICO NORTE,Virrey,1115.25,0,PARQUE ZONAL CANAL EL VIRREY EL CHICO,674.84,0,0.11,,1.0,1.0,0.0,,0.02,85.72,2.0
4660-M4635186,APARTAMENTO,VENTA,19.61,105.0,2.0,2.0,272000.0,1.0,TIMIZA LA ALQUERIA,3,ENTRE 5 Y 10 ANOS,4.61,-74.14,USADO,,0,0,0,1,1,0,0,0,0,1,False,KENNEDY,EL PROGRESO_,Venecia,1059.51,0,PARQUE VECINAL LA ALEJANDRA,435.18,1,0.19,,0.5,1.0,0.0,,0.02,1257.38,0.0
11013-M4292965,APARTAMENTO,VENTA,21.19,258.0,3.0,5.0,1600000.0,3.0,CHICO,6,MAS DE 20 ANOS,4.66,-74.05,USADO,,0,1,0,0,1,1,0,0,0,1,False,CHAPINERO,LOS ROSALES,Calle 72,1469.6,0,PARQUE ZONAL GUSTAVO URIBE BOTERO,696.22,0,0.08,,1.0,0.6,0.0,,0.01,718.02,0.0
93-M4617994,APARTAMENTO,VENTA,21.75,365.0,5.0,5.0,2000000.0,3.0,CHICO,6,ENTRE 10 Y 20 ANOS,4.68,-74.05,USADO,,1,1,0,1,1,0,0,0,0,1,False,CHAPINERO,S.C. CHICO NORTE,Virrey,1446.33,0,PARQUE VECINAL URBANIZACIÓN LA CABRERA,727.79,0,0.06,,0.6,1.0,0.0,,0.01,316.52,1.0
175-M4706629,APARTAMENTO,VENTA,20.42,101.0,3.0,3.0,465000.0,2.0,CEDRITOS,4,ENTRE 0 Y 5 ANOS,4.72,-74.03,USADO,,0,0,0,0,1,1,0,0,0,1,False,USAQUEN,ACACIAS USAQUEN,Calle 142,1987.07,0,PARQUE VECINAL NUEVA URBANIZACIÓN EL CEDRITO,72.44,1,0.2,,0.67,1.0,0.0,,0.03,627.5,0.0
771-M4540210,APARTAMENTO,VENTA,20.11,61.0,2.0,2.0,479000.0,1.0,,4,ENTRE 0 Y 5 ANOS,4.66,-74.06,USADO,,0,0,0,1,1,0,1,0,0,1,False,CHAPINERO,S.C. QUINTA CAMACHO,Flores – Areandina,335.01,1,PARQUE ZONAL GUSTAVO URIBE BOTERO,995.78,0,0.33,,0.5,1.0,0.0,,0.03,316.47,4.0
4-M3442216,APARTAMENTO,VENTA,20.39,133.0,3.0,4.0,495900.0,1.0,COLINA Y ALREDEDORES,5,ENTRE 5 Y 10 ANOS,4.73,-74.06,USADO,,0,0,0,0,1,1,0,0,0,1,False,SUBA,COLPATRIA SANTA HELENA II SECTOR,Gratamira,1345.15,0,PARQUE VECINAL URBANIZACIÓN LA LAGUNA,1077.62,0,0.15,,0.33,0.75,0.0,,0.02,308.57,1.0
2398-M3563409,APARTAMENTO,VENTA,21.02,135.07,3.0,4.0,3921395.93,2.0,SANTA BARBARA,6,ENTRE 0 Y 5 ANOS,4.7,-74.05,USADO,,0,0,0,1,1,0,0,0,0,1,False,USAQUEN,SAN PATRICIO,Pepe Sierra,682.22,0,PARQUE METROPOLITANO EL COUNTRY,1645.56,0,0.16,,0.67,0.75,0.0,,0.02,103.88,3.0
12375-M4350509,APARTAMENTO,VENTA,20.95,126.03,2.0,3.0,1200000.0,2.0,CHICO,6,ENTRE 5 Y 10 ANOS,4.66,-74.05,USADO,,0,0,0,1,1,0,0,0,0,1,False,CHAPINERO,LOS ROSALES,Calle 72,1454.89,0,PARQUE ZONAL GUSTAVO URIBE BOTERO,794.15,0,0.17,,1.0,0.67,0.0,,0.02,709.48,0.0
11013-M4336389,APARTAMENTO,VENTA,21.31,224.5,3.0,3.0,1200000.0,3.0,CHICO,6,MAS DE 20 ANOS,4.67,-74.04,USADO,,0,0,0,0,1,1,0,0,0,1,False,CHAPINERO,EL REFUGIO,Héroes - Gel´Hada,1713.57,0,PARQUE VECINAL URBANIZACIÓN LA CABRERA,746.08,0,0.09,,1.0,1.0,0.0,,0.01,739.68,0.0
603-M4418088,APARTAMENTO,VENTA,20.89,168.0,2.0,4.0,1300000.0,2.0,CHICO,6,MAS DE 20 ANOS,4.66,-74.05,USADO,,0,0,0,0,1,1,0,0,0,1,False,CHAPINERO,S.C. EL NOGAL,Calle 76 - San Felipe,1247.93,0,PARQUE ZONAL SAN ANDRÉS,323.63,1,0.12,,1.0,0.5,0.0,,0.01,507.5,0.0
2671-M4727692,APARTAMENTO,VENTA,20.95,198.0,3.0,3.0,1000000.0,2.0,COLINA Y ALREDEDORES,6,ENTRE 10 Y 20 ANOS,4.73,-74.07,USADO,,0,1,0,0,1,1,0,0,0,1,False,SUBA,ATENAS - HIBERNIA,Gratamira,524.71,0,PARQUE ZONAL EL TOMILLAR,943.6,0,0.11,,0.67,1.0,0.0,,0.02,808.16,0.0
703-M4053943,APARTAMENTO,VENTA,20.71,79.0,2.0,2.0,580000.0,2.0,CHICO,6,ENTRE 0 Y 5 ANOS,4.68,-74.05,USADO,,0,0,0,1,1,0,0,0,0,1,False,CHAPINERO,S.C. CHICO NORTE,Virrey,702.67,0,PARQUE ZONAL CANAL EL VIRREY EL CHICO,537.35,0,0.26,,1.0,1.0,0.0,,0.03,225.96,2.0
2671-M4728111,APARTAMENTO,VENTA,20.54,143.0,3.0,3.0,650000.0,2.0,COLINA Y ALREDEDORES,4,ENTRE 10 Y 20 ANOS,4.72,-74.06,USADO,,0,0,0,1,1,1,0,0,0,1,False,SUBA,SAN RAFAEL NORTE,Alcalá,998.42,0,PARQUE VECINAL PRADO PINZÓN,723.78,0,0.14,,0.67,1.0,0.0,,0.02,273.65,1.0
14433-M4333899,APARTAMENTO,VENTA,20.47,140.0,3.0,2.0,585000.0,2.0,COLINA Y ALREDEDORES,4,ENTRE 10 Y 20 ANOS,4.72,-74.06,USADO,,0,0,0,1,1,1,0,0,0,1,False,SUBA,SAN RAFAEL NORTE,Alcalá,1062.02,0,PARQUE VECINAL PRADO PINZÓN,919.75,0,0.15,,0.67,1.5,0.0,,0.02,174.34,1.0
12375-M4349921,APARTAMENTO,VENTA,20.72,131.13,3.0,3.0,955000.0,2.0,CHICO,5,MAS DE 20 ANOS,4.66,-74.06,USADO,,0,1,0,0,1,1,0,0,0,1,False,CHAPINERO,S.C. ESPARTILLAL,Héroes - Gel´Hada,684.29,0,PARQUE ZONAL SAN ANDRÉS,333.12,1,0.16,,0.67,1.0,0.0,,0.02,143.02,5.0
614-M3896568,APARTAMENTO,VENTA,20.34,83.0,2.0,2.0,450000.0,2.0,,5,ENTRE 10 Y 20 ANOS,4.64,-74.06,USADO,,0,1,0,1,0,1,1,0,0,1,False,CHAPINERO,VISTA HERMOSA - MARIA CRISTINA,Calle 57,1199.42,0,PARQUE ZONAL GUSTAVO URIBE BOTERO,900.95,0,0.25,,1.0,1.0,0.0,,0.02,1023.02,0.0
815-M4184438,APARTAMENTO,VENTA,21.22,251.0,3.0,5.0,1700000.0,2.0,CHICO,6,MAS DE 20 ANOS,4.67,-74.04,USADO,,0,1,0,0,1,1,0,0,0,1,False,CHAPINERO,CHICO ALTO,Calle 85,2098.42,0,PARQUE VECINAL URBANIZACIÓN LA CABRERA,1042.04,0,0.08,,0.67,0.6,0.0,,0.01,990.57,0.0
4498-M3793581,APARTAMENTO,VENTA,21.34,250.0,4.0,5.0,1650000.0,3.0,COUNTRY,6,MAS DE 20 ANOS,4.71,-74.03,USADO,,0,0,0,1,1,1,0,0,0,1,False,USAQUEN,BOSQUES DE MEDINA,Prado,2860.84,0,PARQUE METROPOLITANO EL COUNTRY,1472.85,0,0.09,,0.75,0.8,0.0,,0.02,540.54,0.0
2671-M4730867,APARTAMENTO,VENTA,21.7,335.0,4.0,5.0,1532700.0,4.0,CERROS DE SUBA,6,ENTRE 5 Y 10 ANOS,4.72,-74.08,USADO,,0,0,0,1,0,1,1,0,0,1,True,SUBA,S.C. NIZA SUBA,Suba - AV. Boyacá,219.78,1,PARQUE VECINAL AGRUPACIÓN DE VIVIENDA EN BALCON DE LINDARAJA,857.28,0,0.06,,1.0,0.8,0.0,,0.01,1232.74,0.0
11013-M4673683,APARTAMENTO,VENTA,20.16,86.0,3.0,2.0,380000.0,2.0,CEDRITOS,4,ENTRE 10 Y 20 ANOS,4.73,-74.04,USADO,,0,1,0,1,1,1,1,0,0,1,False,USAQUEN,PARQUES DE LORENA,Mazurén,1168.19,0,PARQUE ZONAL LA VIDA,730.23,0,0.23,,0.67,1.5,0.0,,0.03,745.63,0.0
3606-M3440862,APARTAMENTO,VENTA,21.37,285.0,5.0,5.0,1300000.0,2.0,SANTA BARBARA,6,ENTRE 10 Y 20 ANOS,4.7,-74.04,USADO,,0,1,0,0,1,0,0,0,0,1,False,USAQUEN,SANTA BARBARA OCCIDENTAL,Pepe Sierra,1141.29,0,PARQUE METROPOLITANO EL COUNTRY,1009.67,0,0.07,,0.4,1.0,0.0,,0.02,302.61,1.0
815-1072,APARTAMENTO,VENTA,20.97,263.0,5.0,5.0,1370000.0,2.0,SANTA BARBARA,6,MAS DE 20 ANOS,4.69,-74.05,USADO,,0,1,0,0,1,0,0,0,0,1,False,USAQUEN,SANTA BIBIANA,Calle 106,861.86,0,PARQUE VECINAL URBANIZACIÓN NORMANDIA I II II Y IV SECTOR,1767.74,0,0.08,,0.4,1.0,0.0,,0.02,447.84,1.0
14433-M4333889,APARTAMENTO,VENTA,20.13,82.0,3.0,2.0,330000.0,1.0,SALITRE MODELIA,4,ENTRE 10 Y 20 ANOS,4.66,-74.12,USADO,,0,0,0,0,1,1,1,0,0,1,False,FONTIBON,LA ESPERANZA_,AV. Rojas,1288.23,0,PARQUE VECINAL CARLOS LLERAS (EL FUEGO),581.65,0,0.25,,0.33,1.5,0.0,,0.04,679.07,0.0
679-M4096597,APARTAMENTO,VENTA,21.17,213.0,3.0,4.0,994000.0,3.0,COUNTRY,6,ENTRE 10 Y 20 ANOS,4.71,-74.03,USADO,,0,1,0,1,1,1,1,0,0,1,False,USAQUEN,GINEBRA,Prado,2832.16,0,PARQUE METROPOLITANO EL COUNTRY,1325.12,0,0.1,,1.0,0.75,0.0,,0.01,527.28,0.0
614-M4569023,APARTAMENTO,VENTA,19.84,76.0,3.0,2.0,350000.0,1.0,COLINA Y ALREDEDORES,5,ENTRE 10 Y 20 ANOS,4.73,-74.07,USADO,,0,1,0,0,1,1,0,0,0,1,False,SUBA,ALMERIA DE SAN LUIS,Gratamira,700.27,0,PARQUE ZONAL EL TOMILLAR,1239.8,0,0.26,,0.33,1.5,0.0,,0.04,411.33,1.0
703-M3879029,APARTAMENTO,VENTA,20.23,85.0,3.0,3.0,680688.0,2.0,SANTA BARBARA,5,ENTRE 5 Y 10 ANOS,4.7,-74.05,USADO,,0,0,0,1,1,1,0,0,0,1,True,USAQUEN,SANTA BARBARA OCCIDENTAL,Pepe Sierra,1077.29,0,PARQUE METROPOLITANO EL COUNTRY,1114.51,0,0.24,,0.67,1.0,0.0,,0.04,239.06,2.0
614-M4276974,APARTAMENTO,VENTA,21.25,189.0,3.0,3.0,1900000.0,3.0,SANTA BARBARA,6,MAS DE 20 ANOS,4.69,-74.03,USADO,,0,1,0,0,1,0,0,0,0,1,False,USAQUEN,SANTA ANA ORIENTAL,Calle 106,3110.43,0,PARQUE METROPOLITANO EL COUNTRY,2297.84,0,0.11,,1.0,1.0,0.0,,0.02,781.43,0.0
703-M4059293,APARTAMENTO,VENTA,21.37,247.3,3.0,5.0,1200000.0,4.0,CERROS DE SUBA,6,ENTRE 10 Y 20 ANOS,4.73,-74.08,USADO,,0,1,0,1,1,1,0,0,0,1,False,SUBA,S.C. NIZA SUBA,Gratamira,292.54,1,PARQUE VECINAL AGRUPACIÓN DE VIVIENDA EN BALCON DE LINDARAJA,1283.22,0,0.09,,1.33,0.6,0.0,,0.01,1336.78,0.0
614-M4622232,APARTAMENTO,VENTA,19.97,78.0,2.0,2.0,300000.0,2.0,COUNTRY,5,ENTRE 5 Y 10 ANOS,4.72,-74.05,USADO,,0,1,0,1,1,0,0,0,0,1,False,USAQUEN,LOS CEDROS,Alcalá,534.41,0,PARQUE VECINAL PRADO PINZÓN,839.82,0,0.26,,1.0,1.0,0.0,,0.03,283.55,1.0
703-M4323976,APARTAMENTO,VENTA,21.59,387.0,3.0,4.0,1220000.0,3.0,CHAPINERO ALTO,6,MAS DE 20 ANOS,4.65,-74.05,USADO,,1,0,0,0,1,0,0,0,0,1,False,CHAPINERO,S.C. LAS ACACIAS,Flores – Areandina,1296.39,0,PARQUE ZONAL GUSTAVO URIBE BOTERO,48.79,1,0.06,,1.0,0.75,0.0,,0.01,454.7,1.0
2444-M4380766,APARTAMENTO,VENTA,19.73,57.73,1.0,1.0,255000.0,1.0,CEDRITOS,4,ENTRE 0 Y 5 ANOS,4.73,-74.04,USADO,,0,0,0,1,1,0,1,0,0,1,False,USAQUEN,LOS CEDRITOS,Calle 142,943.16,0,PARQUE VECINAL NUEVA URBANIZACIÓN EL CEDRITO,1020.76,0,0.34,,1.0,1.0,0.0,,0.02,904.14,0.0
11013-M4359767,APARTAMENTO,VENTA,20.72,275.0,3.0,3.0,1979670.0,3.0,SANTA BARBARA,6,MAS DE 20 ANOS,4.69,-74.05,USADO,,0,1,0,1,1,0,0,0,0,1,False,USAQUEN,SANTA BIBIANA,Calle 106,565.79,0,PARQUE VECINAL URBANIZACIÓN NORMANDIA I II II Y IV SECTOR,1444.56,0,0.08,,1.0,1.0,0.0,,0.01,629.14,0.0
2671-M3601961,APARTAMENTO,VENTA,21.75,354.0,4.0,5.0,2338200.0,3.0,CHICO,6,MAS DE 20 ANOS,4.66,-74.05,USADO,,0,1,0,0,1,0,0,0,0,1,False,CHAPINERO,HORIZONTES (PREDIO),Calle 72,1670.22,0,PARQUE ZONAL SAN ANDRÉS,966.5,0,0.06,,0.75,0.8,0.0,,0.01,937.95,0.0
2529-M4485768,APARTAMENTO,VENTA,20.72,165.0,4.0,5.0,1029300.0,2.0,SANTA BARBARA,5,MAS DE 20 ANOS,4.7,-74.05,USADO,,0,1,0,1,1,1,0,0,0,1,False,USAQUEN,SANTA BARBARA OCCIDENTAL,Calle 127,619.3,0,PARQUE ZONAL ATABANZA,1278.02,0,0.13,,0.5,0.8,0.0,,0.02,439.58,1.0
703-M3751874,APARTAMENTO,VENTA,20.42,101.16,3.0,2.0,465000.0,2.0,CEDRITOS,4,ENTRE 0 Y 5 ANOS,4.72,-74.03,USADO,,0,0,0,1,1,0,0,0,0,1,False,USAQUEN,LOS CEDROS ORIENTAL,Calle 142,2061.49,0,PARQUE VECINAL NUEVA URBANIZACIÓN EL CEDRITO,249.61,1,0.2,,0.67,1.5,0.0,,0.03,564.42,0.0
897-M4462620,APARTAMENTO,VENTA,20.72,154.64,4.0,4.0,790000.0,2.0,SANTA BARBARA,6,MAS DE 20 ANOS,4.69,-74.04,USADO,,0,0,0,0,1,1,0,0,0,1,False,USAQUEN,SANTA BARBARA CENTRAL III SECTOR,Pepe Sierra,2187.23,0,PARQUE METROPOLITANO EL COUNTRY,1185.61,0,0.13,,0.5,1.0,0.0,,0.03,433.25,4.0
3606-M4643312,APARTAMENTO,VENTA,19.92,82.0,2.0,2.0,497000.0,2.0,CEDRITOS,4,ENTRE 5 Y 10 ANOS,4.73,-74.04,USADO,,0,0,0,0,1,1,1,0,0,1,False,USAQUEN,LOS CEDRITOS,Calle 142,832.36,0,PARQUE VECINAL NUEVA URBANIZACIÓN EL CEDRITO,1123.37,0,0.24,,1.0,1.0,0.0,,0.02,842.65,0.0
73-M4434631,APARTAMENTO,VENTA,20.27,85.0,3.0,2.0,3921395.93,1.0,COLINA Y ALREDEDORES,4,ENTRE 0 Y 5 ANOS,4.74,-74.06,USADO,,0,0,0,1,1,1,1,0,0,1,False,SUBA,MAZUREN,Mazurén,694.77,0,PARQUE VECINAL URBANIZACIÓN VICTORIA NORTE,268.98,1,0.24,,0.33,1.5,0.0,,0.04,1380.56,0.0
4498-M4550313,APARTAMENTO,VENTA,20.82,124.0,3.0,3.0,662000.0,3.0,SANTA BARBARA,6,ENTRE 5 Y 10 ANOS,4.7,-74.05,USADO,,0,1,0,1,1,0,0,0,0,1,False,USAQUEN,SAN PATRICIO,Pepe Sierra,1057.13,0,PARQUE METROPOLITANO EL COUNTRY,1247.24,0,0.17,,1.0,1.0,0.0,,0.02,271.62,3.0
504-101866,APARTAMENTO,VENTA,20.8,162.62,3.0,5.0,1050000.0,4.0,SANTA BARBARA,6,MAS DE 20 ANOS,4.69,-74.05,USADO,,0,1,0,0,1,0,0,0,0,1,False,USAQUEN,SANTA BIBIANA,Calle 106,724.83,0,PARQUE VECINAL URBANIZACIÓN NORMANDIA I II II Y IV SECTOR,1550.72,0,0.13,,1.33,0.6,0.0,,0.02,562.71,0.0
2123-2325893,APARTAMENTO,VENTA,21.77,275.0,4.0,5.0,2400000.0,4.0,COUNTRY,6,MAS DE 20 ANOS,4.71,-74.03,USADO,15000000.0,0,1,0,1,1,1,0,0,0,1,False,USAQUEN,CIUDADELA REAL,Alcalá,2700.04,0,PARQUE VECINAL NUEVA URBANIZACIÓN EL CEDRITO,1130.26,0,0.08,54545.45,1.0,0.8,0.0,6.25,0.01,155.77,1.0
2529-M4569263,APARTAMENTO,VENTA,20.26,115.3,3.0,3.0,535000.0,2.0,,5,MAS DE 20 ANOS,4.72,-74.06,USADO,,0,0,0,1,1,1,0,0,0,1,False,SUBA,SAN JOSE DEL PRADO - URB. ECHEVERRIA,Alcalá,1210.69,0,PARQUE VECINAL PRADO PINZÓN,935.24,0,0.18,,0.67,1.0,0.0,,0.03,117.35,1.0
11013-M4693089,APARTAMENTO,VENTA,20.63,99.8,3.0,2.0,363000.0,2.0,NIZA ALHAMBRA,5,ENTRE 0 Y 5 ANOS,4.71,-74.07,USADO,,0,1,0,1,1,1,0,0,0,1,False,SUBA,BATAN LOTE NIZA XII,Humedal Córdoba,139.79,1,PARQUE ZONAL LOS LACHES LA MINA,601.2,0,0.21,,0.67,1.5,0.0,,0.03,598.49,0.0
2529-M4485635,APARTAMENTO,VENTA,19.38,68.0,2.0,2.0,180000.0,1.0,CASTILLA MARSELLA,3,ENTRE 0 Y 5 ANOS,4.65,-74.14,USADO,,0,0,0,1,0,1,0,0,0,1,False,KENNEDY,EL VERGEL OCCIDENTAL,Transversal 86,2520.08,0,PARQUE VECINAL VILLA ALSACIA,1158.73,0,0.28,,0.5,1.0,0.0,,0.03,1515.28,0.0
2671-7101,APARTAMENTO,VENTA,21.82,380.0,4.0,5.0,2000000.0,4.0,CHICO,6,MAS DE 20 ANOS,4.65,-74.05,USADO,,0,1,0,1,1,1,0,0,0,1,False,CHAPINERO,S.C. BELLAVISTA,Calle 72,1561.12,0,PARQUE ZONAL GUSTAVO URIBE BOTERO,441.85,1,0.06,,1.0,0.8,0.0,,0.01,772.6,0.0
2671-M4185536,APARTAMENTO,VENTA,21.19,254.0,4.0,4.0,954000.0,3.0,SANTA BARBARA,6,ENTRE 10 Y 20 ANOS,4.69,-74.04,USADO,,1,0,0,1,1,1,0,0,0,1,False,USAQUEN,SANTA ANA OCCIDENTAL,Calle 106,2121.54,0,PARQUE METROPOLITANO EL COUNTRY,1931.86,0,0.08,,0.75,1.0,0.0,,0.02,375.07,1.0
11013-M4611764,APARTAMENTO,VENTA,19.76,82.0,3.0,2.0,293000.0,1.0,COLINA Y ALREDEDORES,4,ENTRE 5 Y 10 ANOS,4.74,-74.06,USADO,,0,0,0,1,1,1,0,0,0,1,False,SUBA,GILMAR,Calle 161,1789.69,0,PARQUE VECINAL DESARROLLO CANTALEJO URBANIZACIÓN CANTALEJO MANZANA B,725.63,0,0.24,,0.33,1.5,0.0,,0.04,1257.05,0.0
614-M4574404,APARTAMENTO,VENTA,20.11,83.0,3.0,2.0,320000.0,1.0,NIZA ALHAMBRA,4,ENTRE 5 Y 10 ANOS,4.7,-74.08,USADO,,0,0,0,1,1,1,0,0,0,1,False,SUBA,S.C. POTOSI,AV. Boyacá,364.11,1,PARQUE ZONAL BONANZA,871.89,0,0.24,,0.33,1.5,0.0,,0.04,181.95,3.0
4796-M4015567,APARTAMENTO,VENTA,21.05,212.65,2.0,3.0,976000.0,2.0,COUNTRY,6,MAS DE 20 ANOS,4.71,-74.03,USADO,,0,0,0,1,1,1,0,0,0,1,False,USAQUEN,BOSQUES DE MEDINA,Prado,2769.32,0,PARQUE METROPOLITANO EL COUNTRY,1321.87,0,0.1,,1.0,0.67,0.0,,0.01,467.74,1.0
603-M4418060,APARTAMENTO,VENTA,20.56,130.0,3.0,3.0,360000.0,2.0,COLINA Y ALREDEDORES,5,ENTRE 5 Y 10 ANOS,4.72,-74.06,USADO,,0,0,0,1,1,1,1,0,0,1,False,SUBA,SAN JOSE DEL PRADO - URB. ECHEVERRIA,Alcalá,1140.91,0,PARQUE VECINAL PRADO PINZÓN,802.87,0,0.16,,0.67,1.0,0.0,,0.02,263.66,1.0
410-M4715151,APARTAMENTO,VENTA,20.03,75.0,2.0,2.0,450000.0,2.0,NIZA ALHAMBRA,4,ENTRE 5 Y 10 ANOS,4.71,-74.07,USADO,,0,0,0,1,1,1,0,0,0,1,True,SUBA,NIZA SUR,Humedal Córdoba,403.11,1,PARQUE ZONAL LOS LACHES LA MINA,501.45,0,0.27,,1.0,1.0,0.0,,0.03,499.8,9.0
11013-M4292976,APARTAMENTO,VENTA,20.35,122.0,3.0,2.0,510000.0,2.0,COLINA Y ALREDEDORES,5,ENTRE 5 Y 10 ANOS,4.72,-74.07,USADO,,0,0,0,1,1,0,0,0,0,1,False,SUBA,CIUDAD JARDIN NORTE,Suba - AV. Boyacá,195.52,1,PARQUE VECINAL AGRUPACIÓN DE VIVIENDA EN BALCON DE LINDARAJA,1019.52,0,0.17,,0.67,1.5,0.0,,0.02,1022.53,0.0
603-M4418395,APARTAMENTO,VENTA,20.21,90.0,3.0,2.0,3921395.93,2.0,CEDRITOS,4,ENTRE 0 Y 5 ANOS,4.72,-74.04,USADO,,0,0,0,1,1,1,0,0,0,1,False,USAQUEN,CEDRITOS,Alcalá,1162.26,0,PARQUE VECINAL NUEVA URBANIZACIÓN EL CEDRITO,840.25,0,0.22,,0.67,1.5,0.0,,0.03,468.01,1.0
350-M4665951,APARTAMENTO,VENTA,20.16,82.2,3.0,2.0,411000.0,1.0,COLINA Y ALREDEDORES,4,ENTRE 10 Y 20 ANOS,4.72,-74.06,USADO,,0,1,0,1,1,1,0,0,0,1,False,SUBA,SAN RAFAEL NORTE,Alcalá,1038.99,0,PARQUE VECINAL PRADO PINZÓN,693.88,0,0.25,,0.33,1.5,0.0,,0.04,335.23,1.0
703-M4292934,APARTAMENTO,VENTA,20.87,111.27,2.0,3.0,1305000.0,2.0,CHICO,6,ENTRE 5 Y 10 ANOS,4.66,-74.05,USADO,,0,1,0,1,1,0,0,0,0,1,False,CHAPINERO,S.C. BELLAVISTA,Calle 72,1035.42,0,PARQUE ZONAL GUSTAVO URIBE BOTERO,607.62,0,0.19,,1.0,0.67,0.0,,0.02,287.69,3.0
614-M4560152,APARTAMENTO,VENTA,19.96,89.0,2.0,3.0,500000.0,1.0,NIZA ALHAMBRA,5,MAS DE 20 ANOS,4.7,-74.06,USADO,,0,0,0,0,1,1,0,0,0,1,False,SUBA,S.C. PASADENA,Puentelargo,644.51,0,PARQUE ZONAL CANAL CORDOBA,731.07,0,0.22,,0.5,0.67,0.0,,0.02,897.35,0.0
2671-M4730661,APARTAMENTO,VENTA,21.19,240.0,3.0,4.0,1551000.0,3.0,CERROS DE SUBA,5,ENTRE 10 Y 20 ANOS,4.73,-74.08,USADO,,0,0,0,1,1,1,0,0,0,1,False,SUBA,S.C. VEREDA SUBA NARANJOS,Gratamira,254.72,1,PARQUE VECINAL AGRUPACIÓN DE VIVIENDA EN BALCON DE LINDARAJA,1391.43,0,0.09,,1.0,0.75,0.0,,0.01,1312.47,0.0
771-M4370753,APARTAMENTO,VENTA,21.13,219.0,3.0,5.0,1125000.0,4.0,SANTA BARBARA,6,MAS DE 20 ANOS,4.69,-74.05,USADO,,0,1,0,1,1,0,0,0,0,1,False,USAQUEN,SANTA BIBIANA,Calle 106,656.46,0,PARQUE VECINAL URBANIZACIÓN NORMANDIA I II II Y IV SECTOR,1344.45,0,0.1,,1.33,0.6,0.0,,0.01,533.38,0.0
11013-M4320328,APARTAMENTO,VENTA,21.51,286.0,3.0,4.0,2300000.0,3.0,CHAPINERO ALTO,6,MAS DE 20 ANOS,4.67,-74.04,USADO,,0,1,0,0,1,0,0,0,0,1,False,CHAPINERO,CHICO ORIENTAL,Virrey,2261.91,0,PARQUE VECINAL URBANIZACIÓN LA CABRERA,1274.53,0,0.08,,1.0,0.75,0.0,,0.01,1017.63,0.0
2671-M4113128,APARTAMENTO,VENTA,21.64,153.0,2.0,3.0,900000.0,3.0,CHICO,6,ENTRE 0 Y 5 ANOS,4.67,-74.05,USADO,,0,1,0,1,1,0,1,0,0,1,False,CHAPINERO,S.C. EL CHICO,Calle 85,1408.45,0,PARQUE VECINAL URBANIZACIÓN LA CABRERA,383.72,1,0.14,,1.5,0.67,0.0,,0.01,309.58,1.0
10323-M4723738,APARTAMENTO,VENTA,19.38,47.0,1.0,1.0,352000.0,1.0,NIZA ALHAMBRA,5,MAS DE 20 ANOS,4.71,-74.06,USADO,,0,0,0,1,1,1,0,0,0,1,False,SUBA,PRADO VERANIEGO SUR,Calle 127,740.63,0,PARQUE ZONAL ATABANZA,255.04,1,0.41,,1.0,1.0,0.0,,0.02,867.01,0.0
4660-M4635145,APARTAMENTO,VENTA,20.65,90.0,2.0,3.0,630000.0,2.0,CHICO,6,ENTRE 0 Y 5 ANOS,4.68,-74.06,USADO,,0,0,0,1,1,0,0,0,0,1,False,CHAPINERO,S.C. EL CHICO,Virrey,444.68,1,PARQUE ZONAL CANAL EL VIRREY EL CHICO,336.88,1,0.23,,1.0,0.67,0.0,,0.02,321.8,2.0
495-M4613859,APARTAMENTO,VENTA,19.78,62.46,3.0,2.0,170000.0,1.0,ENGATIVA,4,ENTRE 0 Y 5 ANOS,4.72,-74.12,USADO,,0,0,0,1,0,0,0,0,0,1,False,ENGATIVA,EL DORADO INDUSTRIAL - SANTA ISABEL (HACIENDA),Portal 80,2100.29,0,PARQUE METROPOLITANO PLANTA DE TRATAMIENTO SALITRE,619.5,0,0.32,,0.33,1.5,0.0,,0.05,1889.9,0.0
12500-M4705779,APARTAMENTO,VENTA,20.86,165.0,3.0,4.0,782300.0,2.0,,5,ENTRE 10 Y 20 ANOS,4.74,-74.07,USADO,,0,1,0,1,1,1,1,0,0,1,False,SUBA,CASABLANCA SECTOR LA GRUTA,21 Ángeles,1058.21,0,PARQUE ZONAL EL TOMILLAR,191.44,1,0.13,,0.67,0.75,0.0,,0.02,882.24,0.0
10323-30860,APARTAMENTO,VENTA,20.5,100.0,2.0,2.0,884000.0,2.0,CENTRO Y ZONA COLONIAL,3,ENTRE 5 Y 10 ANOS,4.6,-74.07,USADO,,0,0,0,0,1,1,0,0,0,1,False,SANTA FE,VERACRUZ__,Las Aguas - Centro Colombo Americano,249.5,1,PARQUE ZONAL SENDERO A MONSERRATE,989.86,0,0.21,,1.0,1.0,0.0,,0.02,33.91,5.0
2671-M3623963,APARTAMENTO,VENTA,21.75,289.0,3.0,4.0,1693000.0,3.0,CHICO,6,ENTRE 10 Y 20 ANOS,4.65,-74.05,USADO,,0,0,0,1,1,0,0,0,0,1,False,CHAPINERO,S.C. BELLAVISTA,Calle 72,1211.34,0,PARQUE ZONAL GUSTAVO URIBE BOTERO,378.82,1,0.08,,1.0,0.75,0.0,,0.01,477.88,1.0
2671-M4078524,APARTAMENTO,VENTA,21.73,301.0,3.0,4.0,2000000.0,3.0,CHICO,6,MAS DE 20 ANOS,4.66,-74.05,USADO,,1,1,0,0,1,0,0,0,0,1,False,CHAPINERO,LOS ROSALES,Calle 76 - San Felipe,1268.19,0,PARQUE ZONAL SAN ANDRÉS,509.14,0,0.07,,1.0,0.75,0.0,,0.01,701.44,0.0
2671-M4390696,APARTAMENTO,VENTA,21.63,180.0,3.0,4.0,912000.0,3.0,CHICO,6,ENTRE 0 Y 5 ANOS,4.68,-74.04,USADO,,0,0,0,1,1,0,0,0,0,1,False,CHAPINERO,CHICO RESERVADO,Calle 100 - Marketmedios,1757.77,0,PARQUE VECINAL URBANIZACIÓN LA CABRERA,1198.22,0,0.12,,1.0,0.75,0.0,,0.02,413.33,2.0
614-M4655288,APARTAMENTO,VENTA,20.16,89.0,3.0,2.0,350000.0,1.0,SALITRE MODELIA,4,ENTRE 10 Y 20 ANOS,4.64,-74.11,USADO,,0,0,0,1,1,1,0,0,0,1,False,TEUSAQUILLO,CIUDAD SALITRE SURORIENTAL,CAN,883.14,0,PARQUE METROPOLITANO PARQUE CENTRAL SIMÓN BOLÍVAR,1083.47,0,0.23,,0.33,1.5,0.0,,0.03,700.15,0.0
2671-M4603097,APARTAMENTO,VENTA,21.13,204.9,3.0,4.0,1652101.0,2.0,CHICO,6,MAS DE 20 ANOS,4.65,-74.05,USADO,,0,1,0,0,1,0,0,0,0,1,False,CHAPINERO,S.C. BELLAVISTA,Flores – Areandina,1349.05,0,PARQUE ZONAL GUSTAVO URIBE BOTERO,297.21,1,0.1,,0.67,0.75,0.0,,0.01,552.71,0.0
2671-M3652862,APARTAMENTO,VENTA,21.35,268.0,3.0,4.0,1600000.0,3.0,CEDRITOS,6,ENTRE 10 Y 20 ANOS,4.72,-74.03,USADO,,0,1,0,1,0,1,0,0,0,1,False,USAQUEN,AGUA DULCE,Alcalá,2712.98,0,PARQUE VECINAL NUEVA URBANIZACIÓN EL CEDRITO,815.8,0,0.08,,1.0,0.75,0.0,,0.01,572.59,0.0
897-M4510789,APARTAMENTO,VENTA,20.21,73.85,3.0,2.0,360000.0,2.0,COLINA Y ALREDEDORES,4,ENTRE 5 Y 10 ANOS,4.74,-74.07,USADO,,0,0,0,1,1,1,1,0,0,1,False,SUBA,CASABLANCA SECTOR LA GRUTA,21 Ángeles,1058.21,0,PARQUE ZONAL EL TOMILLAR,191.44,1,0.27,,0.67,1.5,0.0,,0.04,882.24,0.0
410-686,APARTAMENTO,VENTA,20.69,162.0,3.0,3.0,611340.0,4.0,COLINA Y ALREDEDORES,5,ENTRE 10 Y 20 ANOS,4.73,-74.06,USADO,,0,1,0,1,1,1,1,0,0,1,False,SUBA,COLPATRIA SANTA HELENA II SECTOR,Gratamira,1345.15,0,PARQUE VECINAL URBANIZACIÓN LA LAGUNA,1077.62,0,0.13,,1.33,1.0,0.0,,0.02,308.57,1.0
399-M4273665,APARTAMENTO,VENTA,21.22,240.0,3.0,3.0,1830500.0,2.0,CHICO,6,MAS DE 20 ANOS,4.67,-74.04,USADO,,0,1,0,1,1,0,1,0,0,1,False,CHAPINERO,CHICO ALTO,Calle 85,2098.42,0,PARQUE VECINAL URBANIZACIÓN LA CABRERA,1042.04,0,0.09,,0.67,1.0,0.0,,0.01,990.57,0.0
3606-M4582476,APARTAMENTO,VENTA,20.64,145.0,4.0,3.0,960000.0,2.0,COUNTRY,5,ENTRE 10 Y 20 ANOS,4.7,-74.03,USADO,,0,0,0,1,1,0,0,0,0,1,False,USAQUEN,BELLA SUIZA,Calle 127,2796.82,0,PARQUE METROPOLITANO EL COUNTRY,1053.99,0,0.14,,0.5,1.33,0.0,,0.03,783.48,0.0
815-976,APARTAMENTO,VENTA,20.49,154.0,3.0,3.0,915000.0,1.0,SANTA BARBARA,6,MAS DE 20 ANOS,4.7,-74.04,USADO,,0,0,0,0,1,1,0,0,0,1,False,USAQUEN,SANTA BARBARA CENTRAL III SECTOR,Pepe Sierra,2142.25,0,PARQUE METROPOLITANO EL COUNTRY,864.82,0,0.13,,0.33,1.0,0.0,,0.02,428.29,1.0
2671-M3773784,APARTAMENTO,VENTA,21.25,209.27,3.0,4.0,1500000.0,3.0,COUNTRY,6,ENTRE 10 Y 20 ANOS,4.71,-74.03,USADO,,0,1,0,1,1,1,0,0,0,1,False,USAQUEN,BOSQUES DE MEDINA,Prado,2878.34,0,PARQUE METROPOLITANO EL COUNTRY,1420.43,0,0.1,,1.0,0.75,0.0,,0.01,578.44,0.0
3606-M4476629,APARTAMENTO,VENTA,21.37,285.0,5.0,5.0,1300000.0,2.0,SANTA BARBARA,6,ENTRE 10 Y 20 ANOS,4.7,-74.04,USADO,,0,1,0,0,1,0,0,0,0,1,False,USAQUEN,SANTA BARBARA OCCIDENTAL,Pepe Sierra,1141.29,0,PARQUE METROPOLITANO EL COUNTRY,1009.67,0,0.07,,0.4,1.0,0.0,,0.02,302.61,1.0
4498-M4526598,APARTAMENTO,VENTA,20.81,153.0,3.0,4.0,725000.0,2.0,CHICO,5,MAS DE 20 ANOS,4.66,-74.06,USADO,,0,0,0,1,1,1,0,0,0,1,False,CHAPINERO,S.C. EL NOGAL,Calle 76 - San Felipe,625.16,0,PARQUE ZONAL SAN ANDRÉS,638.04,0,0.14,,0.67,0.75,0.0,,0.02,442.98,4.0
10323-M4544792,APARTAMENTO,VENTA,19.77,96.0,4.0,3.0,3921395.93,1.0,COLINA Y ALREDEDORES,4,MAS DE 20 ANOS,4.73,-74.1,USADO,,0,1,0,0,0,1,0,0,0,1,False,SUBA,AURES I,La Campiña,1096.57,0,PARQUE ZONAL BELLAVISTA DINDALITO,1192.04,0,0.21,,0.25,1.33,0.0,,0.04,1692.01,0.0
4796-M3886293,APARTAMENTO,VENTA,19.92,79.0,3.0,2.0,342800.0,1.0,CEDRITOS,4,ENTRE 0 Y 5 ANOS,4.74,-74.03,USADO,,0,0,0,1,1,1,0,0,0,1,False,USAQUEN,BARRANCAS NORTE,Calle 161,2344.35,0,PARQUE ZONAL ALTA BLANCA,115.55,1,0.25,,0.33,1.5,0.0,,0.04,743.44,0.0
2671-M4436212,APARTAMENTO,VENTA,21.77,154.0,2.0,3.0,877000.0,2.0,CHICO,6,ENTRE 0 Y 5 ANOS,4.67,-74.05,USADO,,0,1,0,1,1,0,1,0,0,1,False,CHAPINERO,S.C. EL CHICO,Virrey,808.16,0,PARQUE ZONAL CANAL EL VIRREY EL CHICO,214.19,1,0.14,,1.0,0.67,0.0,,0.01,242.95,3.0
2671-M4730663,APARTAMENTO,VENTA,21.44,191.0,3.0,4.0,1000000.0,3.0,CERROS DE SUBA,6,ENTRE 5 Y 10 ANOS,4.72,-74.08,USADO,,0,0,0,1,1,1,0,0,0,1,False,SUBA,BELLOMONTE SUBA,Gratamira,446.24,1,PARQUE VECINAL AGRUPACIÓN DE VIVIENDA EN BALCON DE LINDARAJA,1151.57,0,0.11,,1.0,0.75,0.0,,0.02,1465.65,0.0
546-M4320394,APARTAMENTO,VENTA,21.42,176.47,4.0,5.0,1647200.0,4.0,SANTA BARBARA,5,MAS DE 20 ANOS,4.7,-74.05,USADO,,1,0,0,0,1,0,0,0,0,1,False,USAQUEN,SANTA BARBARA OCCIDENTAL,Pepe Sierra,350.54,1,PARQUE ZONAL ATABANZA,1019.05,0,0.12,,1.0,0.8,0.0,,0.02,470.51,3.0
2671-M4728072,APARTAMENTO,VENTA,21.28,271.87,3.0,4.0,1500000.0,3.0,CERROS DE SUBA,6,ENTRE 10 Y 20 ANOS,4.71,-74.08,USADO,,0,1,0,1,1,1,0,0,0,1,False,SUBA,NIZA SUBA - MONTENIZA,Niza - Calle 127,1193.76,0,PARQUE METROPOLITANO CEFE COMETAS,132.17,1,0.08,,1.0,0.75,0.0,,0.01,1230.47,0.0
11013-M4704121,APARTAMENTO,VENTA,20.77,181.35,3.0,5.0,1300000.0,3.0,COUNTRY,6,MAS DE 20 ANOS,4.71,-74.04,USADO,,0,1,0,0,1,0,0,0,0,1,False,USAQUEN,S.C. LA CAROLINA,Calle 127,2025.81,0,PARQUE METROPOLITANO EL COUNTRY,331.63,1,0.11,,1.0,0.6,0.0,,0.02,636.31,0.0
2751-M4555826,APARTAMENTO,VENTA,19.8,69.0,3.0,2.0,243000.0,1.0,CASTILLA MARSELLA,4,ENTRE 10 Y 20 ANOS,4.64,-74.13,USADO,,0,0,0,1,1,0,1,0,0,1,False,KENNEDY,LOS PINOS DE MARSELLA,Marsella,637.71,0,PARQUE ZONAL MARSELLA,441.91,1,0.29,,0.33,1.5,0.0,,0.04,1181.73,0.0
342-M4139109,APARTAMENTO,VENTA,19.8,83.0,3.0,2.0,300000.0,1.0,ENGATIVA,4,ENTRE 0 Y 5 ANOS,4.72,-74.13,USADO,,0,0,0,0,1,1,0,0,0,1,False,ENGATIVA,S.C. ENGATIVA EL DORADO,Portal 80,2855.91,0,PARQUE METROPOLITANO PLANTA DE TRATAMIENTO SALITRE,834.28,0,0.24,,0.33,1.5,0.0,,0.04,2642.23,0.0
11013-M4539068,APARTAMENTO,VENTA,19.81,80.0,3.0,2.0,370000.0,2.0,CEDRITOS,4,MAS DE 20 ANOS,4.73,-74.04,USADO,,0,1,0,1,0,1,0,0,0,1,False,USAQUEN,LA LIBERIA,Mazurén,1585.36,0,PARQUE ZONAL LA VIDA,635.28,0,0.25,,0.67,1.5,0.0,,0.04,421.99,1.0
603-M4437379,APARTAMENTO,VENTA,20.16,94.0,3.0,3.0,535000.0,2.0,COLINA Y ALREDEDORES,5,ENTRE 5 Y 10 ANOS,4.73,-74.07,USADO,,1,1,0,1,0,1,0,0,0,1,False,SUBA,IBERIA,Gratamira,635.69,0,PARQUE ZONAL EL TOMILLAR,1556.18,0,0.21,,0.67,1.0,0.0,,0.03,443.06,1.0
703-M4630426,APARTAMENTO,VENTA,21.6,269.5,3.0,3.0,1457000.0,2.0,CHICO,6,MAS DE 20 ANOS,4.68,-74.05,USADO,,1,1,0,0,1,1,0,0,0,1,False,CHAPINERO,S.C. CHICO NORTE,Virrey,1115.25,0,PARQUE ZONAL CANAL EL VIRREY EL CHICO,674.84,0,0.08,,0.67,1.0,0.0,,0.01,85.72,2.0
815-M4116618,APARTAMENTO,VENTA,21.34,224.0,3.0,5.0,1900000.0,3.0,CHICO,6,ENTRE 10 Y 20 ANOS,4.67,-74.05,USADO,,0,1,0,0,1,0,0,0,0,1,False,CHAPINERO,LA CABRERA,Calle 85,884.98,0,PARQUE VECINAL URBANIZACIÓN LA CABRERA,184.34,1,0.1,,1.0,0.6,0.0,,0.01,258.24,6.0
771-M4371419,APARTAMENTO,VENTA,20.32,82.0,3.0,2.0,480000.0,2.0,SANTA BARBARA,6,ENTRE 0 Y 5 ANOS,4.7,-74.04,USADO,,0,1,0,0,1,1,0,0,0,1,False,USAQUEN,SANTA BARBARA CENTRAL I SECTOR,Pepe Sierra,1476.87,0,PARQUE METROPOLITANO EL COUNTRY,711.48,0,0.25,,0.67,1.5,0.0,,0.04,428.35,1.0
2398-M3907450,APARTAMENTO,VENTA,19.43,70.0,3.0,2.0,211000.0,1.0,ENGATIVA,3,ENTRE 10 Y 20 ANOS,4.72,-74.12,USADO,,0,0,0,1,1,1,0,0,0,1,False,ENGATIVA,GRAN GRANADA,Portal 80,1964.37,0,PARQUE ZONAL VILLAS DE GRANADA,539.51,0,0.28,,0.33,1.5,0.0,,0.04,1751.91,0.0
614-M4560508,APARTAMENTO,VENTA,20.08,108.0,3.0,3.0,397000.0,2.0,COLINA Y ALREDEDORES,4,ENTRE 5 Y 10 ANOS,4.73,-74.06,USADO,,0,0,0,1,1,1,0,0,0,1,False,SUBA,SANTA HELENA_,Calle 142,949.5,0,PARQUE VECINAL PRADO PINZÓN,603.43,0,0.19,,0.67,1.0,0.0,,0.03,662.64,0.0
73-M4590414,APARTAMENTO,VENTA,21.13,180.0,3.0,3.0,1180000.0,2.0,CHICO,5,ENTRE 5 Y 10 ANOS,4.67,-74.04,USADO,,0,1,0,1,1,0,0,0,0,1,False,CHAPINERO,EL REFUGIO,Héroes - Gel´Hada,1812.26,0,PARQUE VECINAL URBANIZACIÓN LA CABRERA,781.9,0,0.12,,0.67,1.0,0.0,,0.02,758.2,0.0
410-M4055557,APARTAMENTO,VENTA,19.72,54.0,2.0,2.0,258300.0,1.0,CEDRITOS,4,ENTRE 5 Y 10 ANOS,4.72,-74.04,USADO,,0,0,0,1,1,1,0,0,0,1,False,USAQUEN,CEDRITOS,Alcalá,1827.92,0,PARQUE VECINAL NUEVA URBANIZACIÓN EL CEDRITO,407.44,1,0.37,,0.5,1.0,0.0,,0.04,283.84,1.0
4796-M4541550,APARTAMENTO,VENTA,20.86,175.41,3.0,4.0,923000.0,2.0,COUNTRY,5,ENTRE 10 Y 20 ANOS,4.71,-74.03,USADO,,0,0,0,1,1,1,1,0,0,1,False,USAQUEN,LISBOA_,Prado,2501.64,0,PARQUE VECINAL NUEVA URBANIZACIÓN EL CEDRITO,1112.75,0,0.12,,0.67,0.75,0.0,,0.02,169.98,2.0
603-M4680354,APARTAMENTO,VENTA,20.13,102.0,3.0,2.0,400000.0,1.0,ORQUIDEAS,4,ENTRE 0 Y 5 ANOS,4.75,-74.02,USADO,,0,0,0,1,1,1,0,0,0,1,False,USAQUEN,S.C. EL REDIL,Portal Norte,2569.15,0,PARQUE ZONAL SERVITA,1149.96,0,0.2,,0.33,1.5,0.0,,0.03,1541.86,0.0
4796-M4578071,APARTAMENTO,VENTA,20.04,89.5,3.0,3.0,345000.0,2.0,CEDRITOS,5,ENTRE 10 Y 20 ANOS,4.72,-74.03,USADO,,0,0,0,1,1,1,1,0,0,1,True,USAQUEN,CEDRITOS,Alcalá,2013.35,0,PARQUE VECINAL NUEVA URBANIZACIÓN EL CEDRITO,605.88,0,0.22,,0.67,1.0,0.0,,0.03,475.84,1.0
2671-M4703703,APARTAMENTO,VENTA,20.91,150.0,4.0,4.0,760000.0,2.0,COUNTRY,5,ENTRE 10 Y 20 ANOS,4.7,-74.04,USADO,,0,1,0,1,1,1,1,0,0,1,False,USAQUEN,PLENITUD LA CALLEJA,Calle 127,1134.31,0,PARQUE METROPOLITANO EL COUNTRY,613.16,0,0.14,,0.5,1.0,0.0,,0.03,332.01,1.0
603-M4418105,APARTAMENTO,VENTA,21.22,261.0,4.0,4.0,2900000.0,4.0,SANTA BARBARA,6,MAS DE 20 ANOS,4.69,-74.06,USADO,,0,1,0,0,1,1,0,0,0,1,False,USAQUEN,SANTA BIBIANA,Calle 100 - Marketmedios,540.74,0,PARQUE VECINAL URBANIZACIÓN NORMANDIA I II II Y IV SECTOR,1260.09,0,0.08,,1.0,1.0,0.0,,0.02,679.81,0.0
2671-M4466521,APARTAMENTO,VENTA,21.56,246.0,3.0,3.0,2100000.0,4.0,CHAPINERO ALTO,6,ENTRE 5 Y 10 ANOS,4.65,-74.05,USADO,,0,0,0,1,1,0,0,0,0,1,False,CHAPINERO,EMAUS,Flores – Areandina,1156.7,0,PARQUE ZONAL GUSTAVO URIBE BOTERO,180.72,1,0.09,,1.33,1.0,0.0,,0.01,324.56,1.0
2671-M4431371,APARTAMENTO,VENTA,21.57,173.0,3.0,4.0,1387120.0,3.0,CHICO,6,ENTRE 0 Y 5 ANOS,4.67,-74.05,USADO,,0,0,0,1,1,0,0,0,0,1,False,CHAPINERO,S.C. EL CHICO,Calle 85,1424.29,0,PARQUE VECINAL URBANIZACIÓN LA CABRERA,370.17,1,0.12,,1.0,0.75,0.0,,0.02,316.3,1.0
11307-M4074555,APARTAMENTO,VENTA,20.1,89.0,3.0,3.0,3921395.93,1.0,CEDRITOS,4,ENTRE 5 Y 10 ANOS,4.72,-74.04,USADO,,0,0,0,1,1,0,0,0,0,1,False,USAQUEN,ACACIAS USAQUEN,Calle 142,1511.19,0,PARQUE VECINAL NUEVA URBANIZACIÓN EL CEDRITO,424.18,1,0.23,,0.33,1.0,0.0,,0.03,600.22,0.0
10323-M4202610,APARTAMENTO,VENTA,19.81,67.0,2.0,2.0,501000.0,1.0,CENTRO Y ZONA COLONIAL,3,ENTRE 0 Y 5 ANOS,4.62,-74.09,USADO,,0,0,0,0,1,1,0,0,0,1,False,PUENTE ARANDA,LA FLORIDA OCCIDENTAL,CAD,256.62,1,PARQUE METROPOLITANO EL RENACIMIENTO - PARQUE CEMENTERIO CENTRAL,1124.29,0,0.3,,0.5,1.0,0.0,,0.03,1299.55,0.0
4660-M4635112,APARTAMENTO,VENTA,20.42,98.0,2.0,2.0,612000.0,1.0,CENTRO INTERNACIONAL,4,ENTRE 10 Y 20 ANOS,4.62,-74.07,USADO,,0,0,0,1,1,0,0,0,0,1,True,SANTA FE,SAMPER,Calle 34,290.78,1,PARQUE METROPOLITANO EL RENACIMIENTO - PARQUE CEMENTERIO CENTRAL,655.95,0,0.21,,0.5,1.0,0.0,,0.02,409.66,4.0
4660-M4642358,APARTAMENTO,VENTA,21.25,182.0,3.0,5.0,948000.0,2.0,,6,ENTRE 5 Y 10 ANOS,4.7,-74.03,USADO,,0,1,0,1,1,0,1,0,0,1,False,USAQUEN,SANTA BARBARA ORIENTAL,Calle 127,2715.44,0,PARQUE METROPOLITANO EL COUNTRY,1014.01,0,0.12,,0.67,0.6,0.0,,0.02,568.63,0.0
5031-M4691976,APARTAMENTO,VENTA,19.78,73.0,3.0,2.0,220000.0,1.0,FONTIBON TINTAL,4,ENTRE 10 Y 20 ANOS,4.66,-74.13,USADO,,0,0,0,0,1,1,0,0,0,1,False,FONTIBON,EL TINTAL A.S.D.,Normandía,2356.95,0,PARQUE ZONAL CANAL BOYACA,1595.18,0,0.27,,0.33,1.5,0.0,,0.04,504.3,0.0
2671-7782,APARTAMENTO,VENTA,20.82,196.72,4.0,4.0,637300.0,2.0,COUNTRY,6,MAS DE 20 ANOS,4.71,-74.03,USADO,,0,1,0,0,0,1,1,0,0,1,False,USAQUEN,LISBOA_,Prado,2390.86,0,PARQUE VECINAL NUEVA URBANIZACIÓN EL CEDRITO,1078.66,0,0.11,,0.5,1.0,0.0,,0.02,244.48,3.0
2529-M4485836,APARTAMENTO,VENTA,20.0,68.23,2.0,2.0,400000.0,2.0,CEDRITOS,4,ENTRE 5 Y 10 ANOS,4.73,-74.03,USADO,,0,0,0,1,1,0,0,0,0,1,False,USAQUEN,CAOBOS SALAZAR,Calle 146,1941.9,0,PARQUE VECINAL NUEVA URBANIZACIÓN EL CEDRITO,299.22,1,0.29,,1.0,1.0,0.0,,0.03,453.06,1.0
4660-M4635158,APARTAMENTO,VENTA,20.58,84.0,2.0,2.0,642000.0,2.0,CHICO,5,ENTRE 5 Y 10 ANOS,4.67,-74.06,USADO,,0,0,0,0,1,0,0,0,0,1,False,CHAPINERO,S.C. ANTIGUO COUNTRY,Calle 85,104.07,1,PARQUE METROPOLITANO RECONCILIACIÓN,57.83,1,0.25,,1.0,1.0,0.0,,0.02,543.25,0.0
13300-M4560639,APARTAMENTO,VENTA,19.51,63.0,3.0,2.0,240000.0,1.0,ENGATIVA,3,ENTRE 10 Y 20 ANOS,4.69,-74.11,USADO,,0,0,0,0,0,1,0,0,0,1,False,ENGATIVA,LOS ALAMOS - URB. TORRECAMPO,Portal El Dorado,1398.46,0,PARQUE VECINAL URBANIZACIÓN FLORENCIA I SECTOR,1453.86,0,0.31,,0.33,1.5,0.0,,0.05,744.56,0.0
771-M4426510,APARTAMENTO,VENTA,20.44,120.0,3.0,4.0,790000.0,2.0,SANTA BARBARA,6,MAS DE 20 ANOS,4.7,-74.05,USADO,,0,1,0,0,1,0,0,0,0,1,False,USAQUEN,SAN PATRICIO,Pepe Sierra,504.28,0,PARQUE ZONAL CANAL CORDOBA,1632.33,0,0.17,,0.67,0.75,0.0,,0.02,217.5,1.0
771-M4653494,APARTAMENTO,VENTA,20.99,194.0,3.0,4.0,1250000.0,3.0,CEDRITOS,6,MAS DE 20 ANOS,4.72,-74.03,USADO,,0,0,0,0,1,1,0,0,0,1,False,USAQUEN,LA CANADA,Alcalá,2732.57,0,PARQUE VECINAL NUEVA URBANIZACIÓN EL CEDRITO,938.8,0,0.11,,1.0,0.75,0.0,,0.02,385.66,1.0
2671-M4595834,APARTAMENTO,VENTA,21.51,237.33,3.0,4.0,2160000.0,3.0,CHICO,6,MAS DE 20 ANOS,4.66,-74.05,USADO,,1,1,0,1,1,0,0,0,0,1,False,CHAPINERO,S.C. EL NOGAL,Calle 76 - San Felipe,835.7,0,PARQUE ZONAL SAN ANDRÉS,509.45,0,0.09,,1.0,0.75,0.0,,0.01,468.77,1.0
771-M4400975,APARTAMENTO,VENTA,20.72,146.0,3.0,5.0,674000.0,2.0,COUNTRY,5,MAS DE 20 ANOS,4.72,-74.05,USADO,,0,1,0,1,1,1,0,0,0,1,False,USAQUEN,LA CALLEJA SANTACOLOMA,Prado,508.49,0,PARQUE ZONAL ATABANZA,1286.02,0,0.14,,0.67,0.6,0.0,,0.02,614.58,0.0
73-M4566233,APARTAMENTO,VENTA,21.24,169.69,2.0,3.0,3921395.93,4.0,CHICO,6,ENTRE 10 Y 20 ANOS,4.68,-74.05,USADO,,1,0,0,1,0,1,1,0,0,1,False,CHAPINERO,S.C. CHICO NORTE III SECTOR,Calle 100 - Marketmedios,409.64,1,PARQUE VECINAL URBANIZACIÓN NORMANDIA I II II Y IV SECTOR,903.25,0,0.13,,2.0,0.67,0.0,,0.01,356.79,2.0
703-M4074439,APARTAMENTO,VENTA,21.28,193.0,2.0,4.0,1132000.0,3.0,COUNTRY,6,ENTRE 5 Y 10 ANOS,4.7,-74.03,USADO,,0,0,0,1,1,0,0,0,0,1,False,USAQUEN,DELICIAS DEL CARMEN,Calle 127,3133.69,0,PARQUE METROPOLITANO EL COUNTRY,1393.97,0,0.11,,1.5,0.5,0.0,,0.01,1006.27,0.0
2671-M4730669,APARTAMENTO,VENTA,21.35,247.0,3.0,4.0,1350000.0,4.0,CERROS DE SUBA,6,ENTRE 10 Y 20 ANOS,4.73,-74.08,USADO,,0,1,0,1,1,0,0,0,0,1,False,SUBA,S.C. NIZA SUBA,Gratamira,292.54,1,PARQUE VECINAL AGRUPACIÓN DE VIVIENDA EN BALCON DE LINDARAJA,1283.22,0,0.09,,1.33,0.75,0.0,,0.01,1336.78,0.0
495-M4690076,APARTAMENTO,VENTA,20.44,94.0,2.0,2.0,450000.0,2.0,CORTIJO AUTOPISTA MEDELLIN,6,ENTRE 5 Y 10 ANOS,4.71,-74.08,USADO,,0,0,0,1,1,1,1,0,0,1,False,SUBA,URB. LAS PLEYADES,Niza - Calle 127,1308.22,0,PARQUE METROPOLITANO CEFE COMETAS,551.28,0,0.22,,1.0,1.0,0.0,,0.02,1288.07,0.0
59-M4143091,APARTAMENTO,VENTA,21.25,182.46,4.0,4.0,1101999.0,2.0,CHAPINERO ALTO,6,ENTRE 5 Y 10 ANOS,4.64,-74.06,USADO,,0,1,0,1,1,1,0,0,0,1,False,CHAPINERO,S.C INGEMAR,Calle 57,973.44,0,PARQUE ZONAL GUSTAVO URIBE BOTERO,1442.14,0,0.12,,0.5,1.0,0.0,,0.02,1139.69,0.0
614-M4010189,APARTAMENTO,VENTA,20.13,92.0,3.0,2.0,490000.0,2.0,COUNTRY,5,ENTRE 10 Y 20 ANOS,4.72,-74.04,USADO,,0,0,0,1,1,1,0,0,0,1,False,USAQUEN,EL CONTADOR,Alcalá,1044.69,0,PARQUE VECINAL NUEVA URBANIZACIÓN EL CEDRITO,1264.61,0,0.22,,0.67,1.5,0.0,,0.03,573.07,0.0
2671-M4356250,APARTAMENTO,VENTA,21.27,220.0,3.0,4.0,1316000.0,3.0,COUNTRY,6,ENTRE 10 Y 20 ANOS,4.71,-74.03,USADO,,0,1,0,0,1,1,0,0,0,1,False,USAQUEN,BOSQUES DE MEDINA,Prado,2751.13,0,PARQUE METROPOLITANO EL COUNTRY,1378.05,0,0.1,,1.0,0.75,0.0,,0.01,472.58,2.0
5031-M4634170,APARTAMENTO,VENTA,20.86,113.0,2.0,4.0,870000.0,2.0,CHICO,6,ENTRE 10 Y 20 ANOS,4.67,-74.05,USADO,,0,1,0,0,1,0,0,0,0,1,False,CHAPINERO,S.C. EL CHICO,Virrey,1158.49,0,PARQUE VECINAL URBANIZACIÓN LA CABRERA,356.29,1,0.18,,1.0,0.5,0.0,,0.02,271.27,3.0
2671-11134,APARTAMENTO,VENTA,21.27,305.0,4.0,5.0,1460000.0,3.0,COUNTRY,6,MAS DE 20 ANOS,4.7,-74.04,USADO,,0,1,0,0,1,0,0,0,0,1,False,USAQUEN,SANTA BARBARA CENTRAL II,Calle 127,2021.42,0,PARQUE METROPOLITANO EL COUNTRY,280.44,1,0.07,,0.75,0.8,0.0,,0.01,665.17,0.0
920-M4123965,APARTAMENTO,VENTA,21.34,238.0,3.0,4.0,1500000.0,2.0,CHICO,6,MAS DE 20 ANOS,4.66,-74.05,USADO,,0,1,0,0,1,0,0,0,0,1,False,CHAPINERO,S.C. EL NOGAL,Héroes - Gel´Hada,1129.91,0,PARQUE ZONAL SAN ANDRÉS,166.78,1,0.09,,0.67,0.75,0.0,,0.01,354.87,3.0
603-M4418282,APARTAMENTO,VENTA,21.22,219.0,3.0,4.0,1500000.0,3.0,CHICO,6,MAS DE 20 ANOS,4.65,-74.05,USADO,,0,1,0,0,1,0,0,0,0,1,False,CHAPINERO,S.C. LAS ACACIAS,Flores – Areandina,1507.07,0,PARQUE ZONAL GUSTAVO URIBE BOTERO,245.24,1,0.1,,1.0,0.75,0.0,,0.01,670.02,0.0
2671-M3921722,APARTAMENTO,VENTA,20.99,256.0,3.0,4.0,1838000.0,3.0,COUNTRY,6,MAS DE 20 ANOS,4.7,-74.04,USADO,,0,0,0,0,1,0,0,0,0,1,False,USAQUEN,LA_CAROLINA,Calle 127,1355.84,0,PARQUE METROPOLITANO EL COUNTRY,393.81,1,0.08,,1.0,0.75,0.0,,0.01,235.64,1.0
10300-M4466005,APARTAMENTO,VENTA,19.29,46.0,2.0,2.0,204000.0,1.0,KENNEDY,3,ENTRE 0 Y 5 ANOS,4.65,-74.15,USADO,,0,0,0,1,1,1,1,0,0,1,False,KENNEDY,S.C. TINTALA,Biblioteca Tintal,1885.76,0,PARQUE ZONAL SAN IGNACIO,728.07,0,0.42,,0.5,1.0,0.0,,0.04,2744.77,0.0
957-M4430980,APARTAMENTO,VENTA,20.99,168.0,3.0,3.0,850000.0,2.0,COUNTRY,6,MAS DE 20 ANOS,4.72,-74.03,USADO,,0,1,0,1,1,0,0,0,0,1,False,USAQUEN,MONTEARROYO,Alcalá,2639.9,0,PARQUE VECINAL NUEVA URBANIZACIÓN EL CEDRITO,936.99,0,0.12,,0.67,1.0,0.0,,0.02,229.96,1.0
771-M4669346,APARTAMENTO,VENTA,20.91,275.0,3.0,4.0,1600000.0,2.0,SANTA BARBARA,6,MAS DE 20 ANOS,4.7,-74.05,USADO,,0,1,0,0,1,0,0,0,0,1,False,USAQUEN,SANTA BARBARA OCCIDENTAL,Calle 127,619.3,0,PARQUE ZONAL ATABANZA,1278.02,0,0.08,,0.67,0.75,0.0,,0.01,439.58,1.0
4796-M4589494,APARTAMENTO,VENTA,19.95,87.0,3.0,2.0,324000.0,1.0,ORQUIDEAS,4,ENTRE 5 Y 10 ANOS,4.75,-74.03,USADO,,0,0,0,1,1,1,1,0,0,1,False,USAQUEN,SANTA TERESA,Toberin - Foundever,2467.83,0,PARQUE ZONAL SERVITA,463.13,1,0.23,,0.33,1.5,0.0,,0.03,1271.19,0.0
4796-M3901812,APARTAMENTO,VENTA,19.82,86.0,3.0,2.0,3921395.93,1.0,COLINA Y ALREDEDORES,3,ENTRE 5 Y 10 ANOS,4.75,-74.06,USADO,,0,0,0,1,1,1,0,0,0,1,False,SUBA,PORTALES DEL NORTE - LA CANDELARIA,Toberin - Foundever,1793.96,0,PARQUE ZONAL SAN JOSÉ DE BAVARIA,562.48,0,0.23,,0.33,1.5,0.0,,0.03,1928.27,0.0
815-M3725027,APARTAMENTO,VENTA,21.51,299.0,4.0,5.0,1940000.0,3.0,CHICO,6,MAS DE 20 ANOS,4.66,-74.05,USADO,,0,1,0,0,1,1,0,0,0,1,False,CHAPINERO,S.C. BELLAVISTA,Calle 72,1226.99,0,PARQUE ZONAL SAN ANDRÉS,799.79,0,0.07,,0.75,0.8,0.0,,0.01,499.99,1.0
11013-M4414416,APARTAMENTO,VENTA,20.91,180.0,3.0,3.0,1020000.0,2.0,SANTA BARBARA,6,MAS DE 20 ANOS,4.69,-74.05,USADO,,0,1,0,0,1,0,0,0,0,1,False,USAQUEN,SANTA BIBIANA,Calle 106,410.15,1,PARQUE VECINAL URBANIZACIÓN NORMANDIA I II II Y IV SECTOR,1506.17,0,0.12,,0.67,1.0,0.0,,0.02,773.57,0.0
2671-M4533449,APARTAMENTO,VENTA,21.28,165.2,3.0,4.0,1480000.0,3.0,CHAPINERO ALTO,6,ENTRE 10 Y 20 ANOS,4.65,-74.06,USADO,,0,1,0,0,1,0,0,0,0,1,False,CHAPINERO,S.C. GRANADA,Calle 63,1094.98,0,PARQUE ZONAL GUSTAVO URIBE BOTERO,359.92,1,0.13,,1.0,0.75,0.0,,0.02,368.79,1.0
603-M4417963,APARTAMENTO,VENTA,21.19,274.0,4.0,5.0,1264000.0,4.0,ALTOS DE SUBA Y CERROS DE SAN JORGE,6,ENTRE 5 Y 10 ANOS,4.74,-74.07,USADO,,0,1,0,1,1,1,0,0,0,1,False,SUBA,EL CERRITO (LOTE),21 Ángeles,1447.07,0,PARQUE ZONAL EL TOMILLAR,520.11,0,0.08,,1.0,0.8,0.0,,0.01,1449.79,0.0
73-M4434637,APARTAMENTO,VENTA,21.42,320.0,3.0,2.0,1200000.0,2.0,SANTA BARBARA,5,MAS DE 20 ANOS,4.69,-74.05,USADO,,1,1,0,0,1,0,0,0,0,1,False,USAQUEN,SANTA BIBIANA,Calle 106,475.76,1,PARQUE VECINAL URBANIZACIÓN NORMANDIA I II II Y IV SECTOR,1794.28,0,0.07,,0.67,1.5,0.0,,0.01,472.87,1.0
815-M4709628,APARTAMENTO,VENTA,19.89,50.0,1.0,2.0,400000.0,1.0,CENTRO INTERNACIONAL,4,MAS DE 20 ANOS,4.62,-74.07,USADO,,0,0,0,1,1,1,0,0,0,1,False,SANTA FE,SAN_MARTIN,Calle 34,419.31,1,PARQUE METROPOLITANO PARQUE NACIONAL (PM2A) ENRIQUE OLAYA HERRERA (SECTOR HISTORICO),656.23,0,0.4,,1.0,0.5,0.0,,0.02,406.79,3.0
920-M4575517,APARTAMENTO,VENTA,20.5,118.0,2.0,3.0,520000.0,2.0,COUNTRY,5,MAS DE 20 ANOS,4.71,-74.03,USADO,,0,0,0,1,1,0,0,0,0,1,False,USAQUEN,LISBOA_,Prado,2501.64,0,PARQUE VECINAL NUEVA URBANIZACIÓN EL CEDRITO,1112.75,0,0.17,,1.0,0.67,0.0,,0.02,169.98,2.0
2529-M4485600,APARTAMENTO,VENTA,19.78,78.0,3.0,2.0,260000.0,1.0,ORQUIDEAS,4,ENTRE 10 Y 20 ANOS,4.74,-74.03,USADO,,0,0,0,1,1,1,0,0,0,1,False,USAQUEN,SANTA TERESA,Toberin - Foundever,2471.28,0,PARQUE ZONAL SERVITA,351.97,1,0.25,,0.33,1.5,0.0,,0.04,1294.42,0.0
2671-9103,APARTAMENTO,VENTA,21.25,213.66,2.0,4.0,1284517.0,3.0,CHICO,6,MAS DE 20 ANOS,4.66,-74.05,USADO,,0,1,0,1,1,0,0,0,0,1,False,CHAPINERO,LOS ROSALES,Calle 72,1454.89,0,PARQUE ZONAL GUSTAVO URIBE BOTERO,794.15,0,0.1,,1.5,0.5,0.0,,0.01,709.48,0.0
2529-M4485792,APARTAMENTO,VENTA,20.29,118.09,3.0,2.0,566000.0,2.0,CEDRITOS,4,ENTRE 10 Y 20 ANOS,4.72,-74.04,USADO,,0,0,0,1,1,0,0,0,0,1,False,USAQUEN,ACACIAS USAQUEN,Calle 142,1182.7,0,PARQUE VECINAL NUEVA URBANIZACIÓN EL CEDRITO,738.4,0,0.17,,0.67,1.5,0.0,,0.03,657.37,0.0
399-M4400009,APARTAMENTO,VENTA,20.49,191.0,3.0,4.0,1267000.0,2.0,CHICO,6,MAS DE 20 ANOS,4.68,-74.05,USADO,,0,0,0,0,1,0,0,0,0,1,False,CHAPINERO,S.C. CHICO NORTE,Virrey,566.65,0,PARQUE ZONAL CANAL EL VIRREY EL CHICO,420.08,1,0.11,,0.67,0.75,0.0,,0.02,288.36,3.0
4-1409774,APARTAMENTO,VENTA,20.56,164.0,3.0,3.0,943000.0,2.0,FONTIBON TINTAL,5,MAS DE 20 ANOS,4.7,-74.05,USADO,,0,1,0,0,1,1,0,0,0,1,False,USAQUEN,SANTA BARBARA OCCIDENTAL,Calle 127,706.89,0,PARQUE METROPOLITANO EL COUNTRY,1221.95,0,0.13,,0.67,1.0,0.0,,0.02,386.41,1.0
73-M4595339,APARTAMENTO,VENTA,21.72,344.0,4.0,3.0,3921395.93,3.0,CHICO,4,MAS DE 20 ANOS,4.66,-74.06,USADO,,1,1,0,0,1,0,0,0,0,1,False,CHAPINERO,S.C. PORCIUNCULA,Calle 72,787.95,0,PARQUE ZONAL SAN ANDRÉS,757.92,0,0.06,,0.75,1.33,0.0,,0.01,225.62,4.0
771-M4370979,APARTAMENTO,VENTA,20.77,195.0,4.0,4.0,1048000.0,4.0,COUNTRY,5,MAS DE 20 ANOS,4.71,-74.05,USADO,,0,1,0,0,1,1,0,0,0,1,False,USAQUEN,LA CALLEJA,Prado,487.47,1,PARQUE ZONAL ATABANZA,914.17,0,0.11,,1.0,1.0,0.0,,0.02,504.31,0.0
4660-M4635137,APARTAMENTO,VENTA,20.86,117.0,3.0,3.0,1032000.0,2.0,SANTA BARBARA,6,ENTRE 10 Y 20 ANOS,4.7,-74.05,USADO,,0,1,0,1,1,1,0,0,0,1,False,USAQUEN,SANTA BARBARA OCCIDENTAL,Calle 127,930.03,0,PARQUE METROPOLITANO EL COUNTRY,844.52,0,0.18,,0.67,1.0,0.0,,0.03,456.32,1.0
703-M4291087,APARTAMENTO,VENTA,21.51,224.0,3.0,5.0,1600000.0,3.0,CHICO,6,ENTRE 10 Y 20 ANOS,4.68,-74.06,USADO,,0,1,0,1,1,0,0,0,0,1,False,CHAPINERO,S.C. EL CHICO,Virrey,248.91,1,PARQUE VECINAL URBANIZACIÓN NORMANDIA I II II Y IV SECTOR,294.92,1,0.1,,1.0,0.6,0.0,,0.01,379.65,1.0
2671-M4730772,APARTAMENTO,VENTA,21.56,288.0,3.0,4.0,1080000.0,4.0,CERROS DE SUBA,6,ENTRE 5 Y 10 ANOS,4.72,-74.08,USADO,,0,1,0,1,0,1,1,0,0,1,False,SUBA,BELLOMONTE SUBA,Suba - AV. Boyacá,507.38,0,PARQUE VECINAL AGRUPACIÓN DE VIVIENDA EN BALCON DE LINDARAJA,916.3,0,0.07,,1.33,0.75,0.0,,0.01,1472.66,0.0
2671-M4727665,APARTAMENTO,VENTA,20.5,151.0,3.0,3.0,852000.0,2.0,ALTOS DE SUBA Y CERROS DE SAN JORGE,6,MAS DE 20 ANOS,4.74,-74.07,USADO,,0,1,0,1,1,1,0,0,0,1,False,SUBA,SALAMANCA Y CATALAYUD,21 Ángeles,761.02,0,PARQUE ZONAL EL TOMILLAR,613.78,0,0.14,,0.67,1.0,0.0,,0.02,831.42,0.0
410-M3666854,APARTAMENTO,VENTA,20.65,162.0,4.0,3.0,855000.0,2.0,SANTA BARBARA,6,MAS DE 20 ANOS,4.69,-74.06,USADO,,0,1,0,0,1,0,0,0,0,1,False,USAQUEN,SANTA BIBIANA,Calle 106,461.62,1,PARQUE VECINAL URBANIZACIÓN NORMANDIA I II II Y IV SECTOR,1366.39,0,0.13,,0.5,1.33,0.0,,0.02,757.28,0.0
16474-M4645033,APARTAMENTO,VENTA,20.52,148.0,3.0,4.0,615000.0,2.0,COLINA Y ALREDEDORES,5,MAS DE 20 ANOS,4.73,-74.07,USADO,,1,1,0,1,1,1,0,0,0,1,False,SUBA,URB. LA ZERREZUELA,Gratamira,635.69,0,PARQUE ZONAL EL TOMILLAR,1100.79,0,0.14,,0.67,0.75,0.0,,0.02,447.5,1.0
4660-M4635208,APARTAMENTO,VENTA,20.14,103.0,3.0,3.0,350000.0,2.0,ENGATIVA,4,ENTRE 0 Y 5 ANOS,4.72,-74.13,USADO,,0,0,0,1,1,1,1,0,0,1,False,ENGATIVA,S.C. ENGATIVA EL DORADO,Portal 80,2855.91,0,PARQUE METROPOLITANO PLANTA DE TRATAMIENTO SALITRE,834.28,0,0.2,,0.67,1.0,0.0,,0.03,2642.23,0.0
73-M3887221,APARTAMENTO,VENTA,21.13,197.0,3.0,4.0,3921395.93,3.0,CHICO,6,ENTRE 0 Y 5 ANOS,4.67,-74.06,USADO,,0,1,0,0,1,0,0,0,0,1,False,CHAPINERO,S.C. ANTIGUO COUNTRY,Calle 85,410.53,1,PARQUE ZONAL CANAL EL VIRREY EL CHICO,248.33,1,0.11,,1.0,0.75,0.0,,0.02,217.27,2.0
4278-M4058909,APARTAMENTO,VENTA,20.32,85.0,2.0,3.0,776800.0,2.0,SANTA BARBARA,6,ENTRE 5 Y 10 ANOS,4.69,-74.05,USADO,,0,1,0,1,1,0,0,0,0,1,False,USAQUEN,SANTA BIBIANA,Calle 106,825.48,0,PARQUE VECINAL URBANIZACIÓN NORMANDIA I II II Y IV SECTOR,1858.37,0,0.24,,1.0,0.67,0.0,,0.02,346.21,1.0
703-M4101176,APARTAMENTO,VENTA,20.44,133.81,3.0,3.0,884000.0,2.0,NIZA ALHAMBRA,5,ENTRE 10 Y 20 ANOS,4.69,-74.07,USADO,,0,0,0,1,1,0,0,0,0,1,False,SUBA,PUENTE LARGO SECTOR I Y II,Puentelargo,130.57,1,PARQUE ZONAL MORATO,916.44,0,0.15,,0.67,1.0,0.0,,0.02,553.52,0.0
399-M4300218,APARTAMENTO,VENTA,21.29,220.0,3.0,3.0,1390000.0,2.0,CHICO,6,MAS DE 20 ANOS,4.67,-74.04,USADO,,0,1,0,0,1,0,0,0,0,1,False,CHAPINERO,EL REFUGIO,Héroes - Gel´Hada,1713.57,0,PARQUE VECINAL URBANIZACIÓN LA CABRERA,746.08,0,0.1,,0.67,1.0,0.0,,0.01,739.68,0.0
614-M4124823,APARTAMENTO,VENTA,20.41,110.0,3.0,3.0,413000.0,2.0,ALTOS DE SUBA Y CERROS DE SAN JORGE,4,ENTRE 5 Y 10 ANOS,4.75,-74.07,USADO,,0,1,0,1,1,1,0,0,0,1,False,SUBA,S.C. PORTALES DEL NORTE,21 Ángeles,2074.68,0,PARQUE ZONAL SAN JOSÉ DE BAVARIA,841.3,0,0.19,,0.67,1.0,0.0,,0.03,1776.65,0.0
920-M4028489,APARTAMENTO,VENTA,21.19,191.0,3.0,3.0,990000.0,2.0,CEDRITOS,6,ENTRE 10 Y 20 ANOS,4.72,-74.03,USADO,,0,0,0,1,1,1,0,0,0,1,False,USAQUEN,AGUA DULCE,Alcalá,2712.98,0,PARQUE VECINAL NUEVA URBANIZACIÓN EL CEDRITO,815.8,0,0.11,,0.67,1.0,0.0,,0.02,572.59,0.0
495-M4725058,APARTAMENTO,VENTA,21.16,197.0,3.0,4.0,952000.0,2.0,CHICO,6,ENTRE 10 Y 20 ANOS,4.66,-74.05,USADO,,0,1,0,1,1,1,0,0,0,1,False,CHAPINERO,LOS ROSALES,Calle 72,1469.6,0,PARQUE ZONAL GUSTAVO URIBE BOTERO,696.22,0,0.11,,0.67,0.75,0.0,,0.02,718.02,0.0
897-M4462842,APARTAMENTO,VENTA,20.21,73.85,3.0,2.0,360000.0,2.0,COLINA Y ALREDEDORES,4,ENTRE 5 Y 10 ANOS,4.74,-74.07,USADO,,0,0,0,1,1,1,1,0,0,1,False,SUBA,CASABLANCA SECTOR LA GRUTA,21 Ángeles,1058.21,0,PARQUE ZONAL EL TOMILLAR,191.44,1,0.27,,0.67,1.5,0.0,,0.04,882.24,0.0
4796-M4498522,APARTAMENTO,VENTA,20.34,114.0,3.0,3.0,390000.0,3.0,CEDRITOS,4,ENTRE 5 Y 10 ANOS,4.73,-74.04,USADO,,1,0,0,1,1,1,0,0,0,1,False,USAQUEN,LA EMILIA,Mazurén,1518.0,0,PARQUE ZONAL LA VIDA,821.51,0,0.18,,1.0,1.0,0.0,,0.03,395.23,1.0
614-M4703989,APARTAMENTO,VENTA,20.14,90.0,3.0,2.0,350000.0,1.0,NIZA ALHAMBRA,4,ENTRE 10 Y 20 ANOS,4.7,-74.08,USADO,,0,0,0,1,1,1,0,0,0,1,False,SUBA,S.C. POTOSI,Ferias,538.43,0,PARQUE ZONAL MORATO,1024.1,0,0.22,,0.33,1.5,0.0,,0.03,393.34,3.0
2671-9189,APARTAMENTO,VENTA,20.95,225.0,3.0,4.0,750000.0,2.0,SANTA BARBARA,6,MAS DE 20 ANOS,4.7,-74.04,USADO,,0,1,0,0,1,0,0,0,0,1,False,USAQUEN,SANTA BARBARA CENTRAL I SECTOR,Calle 127,1871.09,0,PARQUE METROPOLITANO EL COUNTRY,488.72,1,0.09,,0.67,0.75,0.0,,0.01,535.76,0.0
2671-M4518217,APARTAMENTO,VENTA,20.11,88.96,3.0,2.0,805000.0,2.0,NIZA ALHAMBRA,5,ENTRE 0 Y 5 ANOS,4.71,-74.06,USADO,,0,0,0,0,1,0,0,0,0,1,False,SUBA,EL BATAN,Calle 127,765.41,0,PARQUE ZONAL ATABANZA,484.95,1,0.23,,0.67,1.5,0.0,,0.03,920.79,0.0
2671-8054,APARTAMENTO,VENTA,21.28,206.0,3.0,4.0,1200000.0,3.0,COUNTRY,6,ENTRE 10 Y 20 ANOS,4.71,-74.03,USADO,,0,1,0,1,0,1,0,0,0,1,False,USAQUEN,BOSQUES DE MEDINA,Prado,3080.5,0,PARQUE METROPOLITANO EL COUNTRY,1668.39,0,0.1,,1.0,0.75,0.0,,0.01,672.3,0.0
897-M4462640,APARTAMENTO,VENTA,21.38,146.98,2.0,3.0,1426000.0,2.0,CHICO,6,ENTRE 0 Y 5 ANOS,4.66,-74.05,USADO,,0,1,0,1,1,0,1,0,0,1,False,CHAPINERO,S.C. EL RETIRO,Héroes - Gel´Hada,1516.03,0,PARQUE ZONAL SAN ANDRÉS,553.95,0,0.15,,1.0,0.67,0.0,,0.01,649.49,0.0
897-M4627984,APARTAMENTO,VENTA,19.78,55.0,1.0,2.0,530000.0,2.0,SANTA BARBARA,6,ENTRE 10 Y 20 ANOS,4.7,-74.03,USADO,,1,0,0,0,1,1,1,0,0,1,False,USAQUEN,SANTA BARBARA ORIENTAL,Calle 127,2408.56,0,PARQUE METROPOLITANO EL COUNTRY,779.58,0,0.36,,2.0,0.5,0.0,,0.02,413.11,1.0
410-M3642444,APARTAMENTO,VENTA,20.67,154.5,2.0,3.0,1200000.0,2.0,CHICO,6,MAS DE 20 ANOS,4.68,-74.05,USADO,,0,0,0,0,1,0,0,0,0,1,False,CHAPINERO,S.C. CHICO NORTE,Virrey,1115.25,0,PARQUE ZONAL CANAL EL VIRREY EL CHICO,674.84,0,0.13,,1.0,0.67,0.0,,0.01,85.72,2.0
10323-M3756739,APARTAMENTO,VENTA,19.48,41.0,1.0,2.0,183000.0,0.0,CHAPINERO ALTO,4,ENTRE 0 Y 5 ANOS,4.65,-74.06,USADO,,0,0,0,1,1,1,0,0,0,1,True,CHAPINERO,S.C. CHAPINERO NORTE,Calle 63,522.08,0,PARQUE ZONAL GUSTAVO URIBE BOTERO,906.85,0,0.48,,0.0,0.5,0.0,,0.02,532.62,0.0
2671-M4730658,APARTAMENTO,VENTA,20.95,205.0,3.0,4.0,870000.0,2.0,COLINA Y ALREDEDORES,6,ENTRE 10 Y 20 ANOS,4.72,-74.06,USADO,,0,1,0,0,0,1,0,0,0,1,False,SUBA,URB. BOCA COLINA,Gratamira,1325.22,0,PARQUE VECINAL PRADO PINZÓN,1022.03,0,0.1,,0.67,0.75,0.0,,0.01,240.07,2.0
10323-M3861389,APARTAMENTO,VENTA,19.86,55.0,1.0,2.0,344070.0,1.0,CEDRITOS,4,ENTRE 5 Y 10 ANOS,4.72,-74.04,USADO,,0,0,0,1,1,0,1,0,0,1,False,USAQUEN,CEDRITOS,Calle 142,1487.54,0,PARQUE VECINAL NUEVA URBANIZACIÓN EL CEDRITO,516.76,0,0.36,,1.0,0.5,0.0,,0.02,270.76,1.0
11013-M4645206,APARTAMENTO,VENTA,20.27,106.0,3.0,3.0,560000.0,2.0,COUNTRY,5,ENTRE 5 Y 10 ANOS,4.72,-74.03,USADO,,0,0,0,1,1,0,0,0,0,1,False,USAQUEN,CEDRITOS,Alcalá,1965.81,0,PARQUE VECINAL NUEVA URBANIZACIÓN EL CEDRITO,598.59,0,0.19,,0.67,1.0,0.0,,0.03,429.33,1.0
11307-M4576009,APARTAMENTO,VENTA,20.09,117.0,3.0,2.0,500000.0,1.0,NICOLAS DE FEDERMAN,5,MAS DE 20 ANOS,4.65,-74.08,USADO,,0,0,0,0,1,0,0,0,0,1,False,TEUSAQUILLO,NICOLAS DE FEDERMAN,Campín - UAN,701.54,0,PARQUE ZONAL NICOLAS DE FEDERMAN 3,432.91,1,0.17,,0.33,1.5,0.0,,0.03,733.73,0.0
10323-M4497574,APARTAMENTO,VENTA,19.86,55.0,1.0,2.0,344070.0,1.0,CEDRITOS,4,ENTRE 5 Y 10 ANOS,4.72,-74.04,USADO,,0,0,0,1,1,0,1,0,0,1,False,USAQUEN,CEDRITOS,Calle 142,1487.54,0,PARQUE VECINAL NUEVA URBANIZACIÓN EL CEDRITO,516.76,0,0.36,,1.0,0.5,0.0,,0.02,270.76,1.0
2671-M4730789,APARTAMENTO,VENTA,21.31,346.0,3.0,5.0,1605000.0,3.0,CERROS DE SUBA,6,MAS DE 20 ANOS,4.73,-74.08,USADO,,0,0,0,0,1,1,0,0,0,1,False,SUBA,NIZA SUBA - EL PINAR,Gratamira,146.02,1,PARQUE VECINAL AGRUPACIÓN DE VIVIENDA EN BALCON DE LINDARAJA,1420.03,0,0.06,,1.0,0.6,0.0,,0.01,1214.46,0.0
771-M4370958,APARTAMENTO,VENTA,19.79,86.31,3.0,2.0,430000.0,1.0,COLINA Y ALREDEDORES,5,ENTRE 10 Y 20 ANOS,4.73,-74.07,USADO,,0,0,0,0,1,1,0,0,0,1,False,SUBA,ATENAS EL VELERO,Gratamira,662.85,0,PARQUE ZONAL EL TOMILLAR,961.82,0,0.23,,0.33,1.5,0.0,,0.03,480.42,1.0
771-M4370945,APARTAMENTO,VENTA,20.42,70.16,2.0,2.0,493000.0,1.0,CENTRO INTERNACIONAL,3,ENTRE 0 Y 5 ANOS,4.62,-74.07,USADO,,0,0,0,1,1,0,1,0,0,1,False,SANTA FE,SAN_MARTIN,Museo Nacional,393.19,1,PARQUE METROPOLITANO INDEPENDENCIA BICENTENARIO,643.9,0,0.29,,0.5,1.0,0.0,,0.03,306.27,4.0
73-M4200184,APARTAMENTO,VENTA,21.19,255.0,4.0,3.0,3921395.93,3.0,SANTA BARBARA,6,MAS DE 20 ANOS,4.69,-74.04,USADO,,0,1,0,1,1,0,0,0,0,1,False,USAQUEN,MOLINOS NORTE,Calle 106,1823.33,0,PARQUE METROPOLITANO EL COUNTRY,1606.05,0,0.08,,0.75,1.33,0.0,,0.02,293.39,1.0
11013-M4295551,APARTAMENTO,VENTA,20.99,220.0,3.0,4.0,1100000.0,2.0,CHICO,6,MAS DE 20 ANOS,4.66,-74.05,USADO,,0,0,0,0,1,1,0,0,0,1,False,CHAPINERO,LOS ROSALES,Calle 72,1469.6,0,PARQUE ZONAL GUSTAVO URIBE BOTERO,696.22,0,0.1,,0.67,0.75,0.0,,0.01,718.02,0.0
815-M4677729,APARTAMENTO,VENTA,20.69,109.0,2.0,2.0,824400.0,2.0,CHICO,5,MAS DE 20 ANOS,4.66,-74.05,USADO,,0,1,0,1,1,0,0,0,0,1,False,CHAPINERO,S.C. PORCIUNCULA,Calle 72,894.61,0,PARQUE ZONAL SAN ANDRÉS,822.64,0,0.19,,1.0,1.0,0.0,,0.02,190.26,4.0
13300-M4560557,APARTAMENTO,VENTA,19.53,63.0,2.0,2.0,3921395.93,1.0,TIMIZA LA ALQUERIA,3,ENTRE 0 Y 5 ANOS,4.6,-74.12,USADO,,0,0,0,0,0,0,0,0,0,1,False,PUENTE ARANDA,VILLA SONIA,NQS - Calle 38A S,192.65,1,PARQUE METROPOLITANO SANTA LUCIA,491.55,1,0.31,,0.5,1.0,0.0,,0.03,303.25,1.0
815-M4539841,APARTAMENTO,VENTA,21.6,390.0,3.0,5.0,2000000.0,4.0,CHICO,6,MAS DE 20 ANOS,4.66,-74.05,USADO,,1,1,0,0,1,0,0,0,0,1,False,CHAPINERO,S.C. PORCIUNCULA,Calle 72,898.21,0,PARQUE ZONAL SAN ANDRÉS,716.2,0,0.06,,1.33,0.6,0.0,,0.01,270.05,4.0
11013-M4292967,APARTAMENTO,VENTA,21.19,258.0,3.0,5.0,1600000.0,3.0,CHICO,6,MAS DE 20 ANOS,4.66,-74.05,USADO,,0,1,0,0,1,1,0,0,0,1,False,CHAPINERO,LOS ROSALES,Calle 72,1469.6,0,PARQUE ZONAL GUSTAVO URIBE BOTERO,696.22,0,0.08,,1.0,0.6,0.0,,0.01,718.02,0.0
73-M3819623,APARTAMENTO,VENTA,21.6,255.0,3.0,3.0,2200000.0,2.0,CHICO,6,MAS DE 20 ANOS,4.68,-74.05,USADO,,1,1,0,0,1,1,0,0,0,1,False,CHAPINERO,S.C. CHICO NORTE,Virrey,1115.25,0,PARQUE ZONAL CANAL EL VIRREY EL CHICO,674.84,0,0.08,,0.67,1.0,0.0,,0.01,85.72,2.0
4-M4324024,APARTAMENTO,VENTA,20.6,164.0,3.0,3.0,1100000.0,2.0,FONTIBON TINTAL,5,MAS DE 20 ANOS,4.7,-74.05,USADO,,0,1,0,0,1,1,0,0,0,1,False,USAQUEN,SANTA BARBARA OCCIDENTAL,Calle 127,706.89,0,PARQUE METROPOLITANO EL COUNTRY,1221.95,0,0.13,,0.67,1.0,0.0,,0.02,386.41,1.0
350-M4165870,APARTAMENTO,VENTA,20.14,57.0,1.0,2.0,230000.0,1.0,CHAPINERO ALTO,4,ENTRE 0 Y 5 ANOS,4.65,-74.06,USADO,,0,0,0,1,1,1,0,0,0,1,False,CHAPINERO,NUEVA_GRANADA,Calle 63,1125.18,0,PARQUE ZONAL GUSTAVO URIBE BOTERO,599.45,0,0.35,,1.0,0.5,0.0,,0.02,693.71,0.0
11013-M4460143,APARTAMENTO,VENTA,20.89,179.11,3.0,4.0,754000.0,2.0,SANTA BARBARA,6,ENTRE 10 Y 20 ANOS,4.7,-74.05,USADO,,0,1,0,1,1,0,0,0,0,1,False,USAQUEN,SANTA BARBARA OCCIDENTAL,Pepe Sierra,942.9,0,PARQUE METROPOLITANO EL COUNTRY,1059.38,0,0.12,,0.67,0.75,0.0,,0.02,261.01,1.0
603-M4418195,APARTAMENTO,VENTA,20.5,121.0,3.0,3.0,400000.0,2.0,,5,ENTRE 5 Y 10 ANOS,4.75,-74.06,USADO,,0,0,0,1,1,0,1,0,0,1,False,SUBA,BURGOS BRITALIA,Toberin - Foundever,1966.87,0,PARQUE ZONAL SAN JOSÉ DE BAVARIA,910.87,0,0.17,,0.67,1.0,0.0,,0.02,1562.88,0.0
771-M4371353,APARTAMENTO,VENTA,21.49,300.0,4.0,4.0,1585000.0,3.0,CHICO,6,MAS DE 20 ANOS,4.68,-74.05,USADO,,0,1,0,1,1,0,0,0,0,1,False,CHAPINERO,S.C. CHICO NORTE,Virrey,1442.1,0,PARQUE VECINAL URBANIZACIÓN LA CABRERA,814.58,0,0.07,,0.75,1.0,0.0,,0.01,265.14,1.0
11013-M4292952,APARTAMENTO,VENTA,21.68,375.0,4.0,5.0,2000000.0,4.0,CHICO,6,MAS DE 20 ANOS,4.66,-74.05,USADO,,0,1,0,0,1,0,0,0,0,1,False,CHAPINERO,PINAR ALTO - PINAR II,Calle 76 - San Felipe,1474.04,0,PARQUE ZONAL SAN ANDRÉS,562.9,0,0.06,,1.0,0.8,0.0,,0.01,733.86,0.0
11013-M4292949,APARTAMENTO,VENTA,21.68,375.0,4.0,5.0,2000000.0,4.0,CHICO,6,MAS DE 20 ANOS,4.66,-74.05,USADO,,0,1,0,0,1,0,0,0,0,1,False,CHAPINERO,PINAR ALTO - PINAR II,Calle 76 - San Felipe,1474.04,0,PARQUE ZONAL SAN ANDRÉS,562.9,0,0.06,,1.0,0.8,0.0,,0.01,733.86,0.0
2671-M4081957,APARTAMENTO,VENTA,21.64,281.0,4.0,5.0,1700000.0,4.0,SANTA BARBARA,6,ENTRE 10 Y 20 ANOS,4.7,-74.04,USADO,,0,0,0,1,1,0,1,0,0,1,False,USAQUEN,SANTA BARBARA CENTRAL II,Calle 127,2138.78,0,PARQUE METROPOLITANO EL COUNTRY,416.95,1,0.08,,1.0,0.8,0.0,,0.01,764.45,0.0
11013-M4676750,APARTAMENTO,VENTA,19.98,80.3,3.0,3.0,350000.0,2.0,CEDRITOS,4,ENTRE 0 Y 5 ANOS,4.73,-74.03,USADO,,0,0,0,1,1,1,0,0,0,1,False,USAQUEN,FINCA MORAGA (BARRACAS),Mazurén,2684.47,0,PARQUE ZONAL ALTA BLANCA,420.83,1,0.25,,0.67,1.0,0.0,,0.04,944.41,0.0
2671-M4285523,APARTAMENTO,VENTA,21.28,301.0,3.0,4.0,1000000.0,4.0,SANTA BARBARA,6,MAS DE 20 ANOS,4.69,-74.05,USADO,,0,1,0,1,1,0,0,0,0,1,False,USAQUEN,SANTA BIBIANA,Calle 106,724.83,0,PARQUE VECINAL URBANIZACIÓN NORMANDIA I II II Y IV SECTOR,1550.72,0,0.07,,1.33,0.75,0.0,,0.01,562.71,0.0
11307-M3847826,APARTAMENTO,VENTA,19.88,92.0,3.0,2.0,313000.0,1.0,COLINA Y ALREDEDORES,3,ENTRE 5 Y 10 ANOS,4.72,-74.06,USADO,,0,0,0,1,1,1,0,0,0,1,False,SUBA,SAN RAFAEL NORTE,Alcalá,951.68,0,PARQUE VECINAL PRADO PINZÓN,826.32,0,0.22,,0.33,1.5,0.0,,0.03,270.67,1.0
13300-M4567483,APARTAMENTO,VENTA,19.86,87.03,3.0,2.0,235000.0,1.0,ORQUIDEAS,4,ENTRE 10 Y 20 ANOS,4.76,-74.04,USADO,,0,0,0,1,1,1,0,0,0,1,False,USAQUEN,CANAPRO,Portal Norte,780.7,0,PARQUE VECINAL URBANIZACIÓN CALLE 170 / ALAMEDA,104.64,1,0.23,,0.33,1.5,0.0,,0.03,836.82,0.0
11013-M4660764,APARTAMENTO,VENTA,20.95,154.0,3.0,5.0,1311000.0,3.0,COUNTRY,6,ENTRE 0 Y 5 ANOS,4.71,-74.05,USADO,,0,0,0,1,1,1,0,0,0,1,False,USAQUEN,LA CALLEJA,Calle 127,738.5,0,PARQUE METROPOLITANO EL COUNTRY,1092.37,0,0.14,,1.0,0.6,0.0,,0.02,442.74,2.0
10323-M4070630,APARTAMENTO,VENTA,20.12,117.0,3.0,2.0,695000.0,1.0,NICOLAS DE FEDERMAN,4,MAS DE 20 ANOS,4.65,-74.08,USADO,,0,0,0,0,1,0,0,0,0,1,False,TEUSAQUILLO,NICOLAS DE FEDERMAN,Campín - UAN,701.54,0,PARQUE ZONAL NICOLAS DE FEDERMAN 3,432.91,1,0.17,,0.33,1.5,0.0,,0.03,733.73,0.0
2671-M4413070,APARTAMENTO,VENTA,21.24,202.0,3.0,4.0,1050000.0,3.0,COUNTRY,6,ENTRE 0 Y 5 ANOS,4.71,-74.04,USADO,,0,1,0,1,1,0,0,0,0,1,False,USAQUEN,LA_CAROLINA,Calle 127,1363.65,0,PARQUE METROPOLITANO EL COUNTRY,427.93,1,0.11,,1.0,0.75,0.0,,0.01,346.12,1.0
13300-M4660304,APARTAMENTO,VENTA,20.09,64.0,2.0,2.0,380000.0,2.0,CEDRITOS,4,ENTRE 0 Y 5 ANOS,4.72,-74.03,USADO,,1,0,0,1,0,1,0,0,0,1,False,USAQUEN,LOS CEDROS ORIENTAL,Calle 142,2530.95,0,PARQUE VECINAL NUEVA URBANIZACIÓN EL CEDRITO,615.5,0,0.31,,1.0,1.0,0.0,,0.03,858.49,0.0
11013-M4292607,APARTAMENTO,VENTA,21.61,290.0,3.0,4.0,1700000.0,3.0,CHICO,6,MAS DE 20 ANOS,4.68,-74.04,USADO,,0,1,0,1,1,0,0,0,0,1,False,CHAPINERO,S.C. CHICO NORTE,Virrey,1667.42,0,PARQUE VECINAL URBANIZACIÓN LA CABRERA,889.93,0,0.07,,1.0,0.75,0.0,,0.01,511.5,0.0
2671-M4427314,APARTAMENTO,VENTA,21.51,327.0,4.0,4.0,1818000.0,2.0,COUNTRY,6,MAS DE 20 ANOS,4.71,-74.03,USADO,,0,1,0,0,1,1,0,0,0,1,False,USAQUEN,BOSQUES DE MEDINA,Prado,2751.13,0,PARQUE METROPOLITANO EL COUNTRY,1378.05,0,0.07,,0.5,1.0,0.0,,0.01,472.58,2.0
4796-M4055872,APARTAMENTO,VENTA,21.1,222.0,3.0,4.0,1200000.0,3.0,ALTOS DE SUBA Y CERROS DE SAN JORGE,6,ENTRE 10 Y 20 ANOS,4.74,-74.07,USADO,,0,0,0,1,1,1,0,0,0,1,False,SUBA,EL CERRITO (LOTE),21 Ángeles,1447.07,0,PARQUE ZONAL EL TOMILLAR,520.11,0,0.1,,1.0,0.75,0.0,,0.01,1449.79,0.0
2529-M4564320,APARTAMENTO,VENTA,20.45,123.0,3.0,4.0,810000.0,2.0,CEDRITOS,5,ENTRE 5 Y 10 ANOS,4.72,-74.04,USADO,,0,0,0,1,1,1,1,0,0,1,False,USAQUEN,CEDRITOS,Calle 142,1240.89,0,PARQUE VECINAL NUEVA URBANIZACIÓN EL CEDRITO,716.78,0,0.17,,0.67,0.75,0.0,,0.02,465.63,1.0
2671-M3974888,APARTAMENTO,VENTA,20.5,250.0,4.0,5.0,961350.0,4.0,SANTA BARBARA,6,MAS DE 20 ANOS,4.7,-74.04,USADO,,0,1,0,0,1,0,0,0,0,1,False,USAQUEN,SANTA BARBARA CENTRAL II SECTOR,Pepe Sierra,1948.19,0,PARQUE METROPOLITANO EL COUNTRY,1042.99,0,0.08,,1.0,0.8,0.0,,0.02,520.63,0.0
11013-M4704187,APARTAMENTO,VENTA,21.72,330.0,4.0,5.0,1090000.0,4.0,CERROS DE SUBA,6,ENTRE 5 Y 10 ANOS,4.72,-74.08,USADO,,1,0,0,1,1,1,0,0,0,1,False,SUBA,BELLOMONTE SUBA,Suba - AV. Boyacá,507.38,0,PARQUE VECINAL AGRUPACIÓN DE VIVIENDA EN BALCON DE LINDARAJA,916.3,0,0.07,,1.0,0.8,0.0,,0.01,1472.66,0.0
11013-M4735581,APARTAMENTO,VENTA,20.86,110.0,2.0,2.0,751000.0,2.0,CHICO,6,ENTRE 5 Y 10 ANOS,4.67,-74.05,USADO,,0,0,0,1,1,1,0,0,0,1,False,CHAPINERO,S.C. EL CHICO,Virrey,808.16,0,PARQUE ZONAL CANAL EL VIRREY EL CHICO,214.19,1,0.19,,1.0,1.0,0.0,,0.02,242.95,3.0
399-M4450012,APARTAMENTO,VENTA,20.56,158.0,3.0,4.0,781000.0,2.0,COLINA Y ALREDEDORES,5,ENTRE 10 Y 20 ANOS,4.73,-74.07,USADO,,0,1,0,1,1,1,0,0,0,1,False,SUBA,ATENAS - HIBERNIA,Gratamira,524.71,0,PARQUE ZONAL EL TOMILLAR,943.6,0,0.13,,0.67,0.75,0.0,,0.02,808.16,0.0
614-M4105784,APARTAMENTO,VENTA,19.95,99.0,3.0,2.0,330000.0,1.0,ORQUIDEAS,4,ENTRE 5 Y 10 ANOS,4.77,-74.03,USADO,,0,1,0,1,1,0,0,0,0,1,False,USAQUEN,ANDALUCIA,Terminal,1171.38,0,PARQUE VECINAL DESARROLLO VERBENAL I,924.89,0,0.2,,0.33,1.5,0.0,,0.03,984.2,0.0
12375-M4350861,APARTAMENTO,VENTA,20.95,154.0,3.0,3.0,350000.0,3.0,NIZA ALHAMBRA,4,ENTRE 0 Y 5 ANOS,4.69,-74.07,USADO,,0,1,0,1,1,1,0,0,0,1,False,SUBA,ANDES NORTE - URB. LA RABIDA,Puentelargo,271.93,1,PARQUE ZONAL CANAL RIO NEGRO,824.52,0,0.14,,1.0,1.0,0.0,,0.02,500.59,0.0
13300-M4659029,APARTAMENTO,VENTA,19.76,67.0,3.0,2.0,227000.0,1.0,CASTILLA MARSELLA,4,ENTRE 10 Y 20 ANOS,4.64,-74.13,USADO,,0,0,0,1,1,1,0,0,0,1,False,KENNEDY,VILLA ALSACIA CIUDADELA,Marsella,1499.77,0,PARQUE VECINAL VILLA ALSACIA,914.49,0,0.29,,0.33,1.5,0.0,,0.04,301.8,1.0
342-M4494387,APARTAMENTO,VENTA,21.31,203.94,3.0,4.0,1329000.0,3.0,COLINA Y ALREDEDORES,5,ENTRE 5 Y 10 ANOS,4.72,-74.06,USADO,,0,1,0,0,1,1,1,0,0,1,False,SUBA,PRADO VERANIEGO NORTE - LA HACIENDA,Suba - AV. Boyacá,1190.81,0,PARQUE VECINAL PRADO PINZÓN,1217.66,0,0.1,,1.0,0.75,0.0,,0.01,222.49,1.0
2671-M3759791,APARTAMENTO,VENTA,21.63,247.0,3.0,4.0,1550000.0,3.0,CHICO,6,ENTRE 10 Y 20 ANOS,4.67,-74.05,USADO,,0,1,0,1,1,1,0,0,0,1,False,CHAPINERO,LA CABRERA,Héroes - Gel´Hada,1253.81,0,PARQUE VECINAL URBANIZACIÓN LA CABRERA,275.45,1,0.09,,1.0,0.75,0.0,,0.01,307.61,4.0
603-M4433089,APARTAMENTO,VENTA,19.43,58.99,3.0,2.0,205000.0,1.0,ALTOS DE SUBA Y CERROS DE SAN JORGE,3,ENTRE 5 Y 10 ANOS,4.75,-74.1,USADO,,0,0,0,1,1,1,0,0,0,1,False,SUBA,URB. LAS FLORES,Portal Suba,786.43,0,PARQUE VECINAL URBANIZACIÓN LOMBARDIA II ETAPA,392.03,1,0.33,,0.33,1.5,0.0,,0.05,560.74,0.0
771-M4371531,APARTAMENTO,VENTA,20.56,131.0,3.0,3.0,400000.0,2.0,CORTIJO AUTOPISTA MEDELLIN,6,ENTRE 5 Y 10 ANOS,4.71,-74.05,USADO,,1,1,0,1,1,0,0,0,0,1,False,SUBA,CANODROMO,Calle 127,263.59,1,PARQUE ZONAL ATABANZA,512.98,0,0.16,,0.67,1.0,0.0,,0.02,198.77,5.0
771-M4370740,APARTAMENTO,VENTA,21.13,219.0,3.0,5.0,1125000.0,4.0,SANTA BARBARA,6,MAS DE 20 ANOS,4.69,-74.05,USADO,,0,1,0,1,1,1,0,0,0,1,False,USAQUEN,SANTA BIBIANA,Calle 106,656.46,0,PARQUE VECINAL URBANIZACIÓN NORMANDIA I II II Y IV SECTOR,1344.45,0,0.1,,1.33,0.6,0.0,,0.01,533.38,0.0
771-M4370962,APARTAMENTO,VENTA,20.29,98.0,3.0,3.0,400000.0,2.0,SALITRE MODELIA,4,ENTRE 0 Y 5 ANOS,4.66,-74.12,USADO,,0,1,0,1,1,1,1,0,0,1,False,FONTIBON,LA ESPERANZA_,AV. Rojas,1395.69,0,PARQUE ZONAL CANAL BOYACA,640.94,0,0.21,,0.67,1.0,0.0,,0.03,675.59,0.0
399-M4289625,APARTAMENTO,VENTA,20.86,187.0,3.0,5.0,980000.0,3.0,SANTA BARBARA,6,MAS DE 20 ANOS,4.69,-74.05,USADO,,0,1,0,1,1,0,0,0,0,1,False,USAQUEN,SANTA BIBIANA,Calle 106,640.68,0,PARQUE VECINAL URBANIZACIÓN NORMANDIA I II II Y IV SECTOR,1494.47,0,0.11,,1.0,0.6,0.0,,0.02,586.44,0.0
771-M4371319,APARTAMENTO,VENTA,21.19,220.0,3.0,5.0,1500000.0,2.0,COUNTRY,6,ENTRE 10 Y 20 ANOS,4.7,-74.05,USADO,,0,1,0,1,1,0,0,0,0,1,False,USAQUEN,LA CALLEJA,Calle 127,802.14,0,PARQUE METROPOLITANO EL COUNTRY,944.19,0,0.1,,0.67,0.6,0.0,,0.01,592.06,0.0
2671-M4727986,APARTAMENTO,VENTA,21.19,224.71,4.0,4.0,1500000.0,3.0,ALTOS DE SUBA Y CERROS DE SAN JORGE,6,ENTRE 10 Y 20 ANOS,4.74,-74.07,USADO,,0,1,0,1,1,1,0,0,0,1,False,SUBA,EL CERRITO (LOTE),21 Ángeles,1447.07,0,PARQUE ZONAL EL TOMILLAR,520.11,0,0.09,,0.75,1.0,0.0,,0.02,1449.79,0.0
342-M4588275,APARTAMENTO,VENTA,21.12,138.47,3.0,3.0,1270500.0,2.0,SALITRE MODELIA,5,ENTRE 0 Y 5 ANOS,4.65,-74.11,USADO,,0,0,0,1,1,0,1,0,0,1,False,FONTIBON,CIUDAD SALITRE OCCIDENTAL,El Tiempo - Maloka,585.11,0,PARQUE ZONAL SAUZALITO,598.53,0,0.15,,0.67,1.0,0.0,,0.02,110.05,4.0
5031-M4551310,APARTAMENTO,VENTA,19.92,46.0,1.0,2.0,3921395.93,1.0,CENTRO NARINO,4,ENTRE 0 Y 5 ANOS,4.64,-74.1,USADO,,0,0,0,1,1,1,0,0,0,1,False,TEUSAQUILLO,PRADOS DE SALITRE II,Quinta Paredes,568.43,0,PARQUE VECINAL SANTA CLARA,278.38,1,0.43,,1.0,0.5,0.0,,0.02,314.73,2.0
5031-M4689676,APARTAMENTO,VENTA,20.91,167.37,4.0,4.0,712000.0,1.0,SANTA BARBARA,6,ENTRE 10 Y 20 ANOS,4.69,-74.06,USADO,,1,1,0,0,1,0,0,0,0,1,False,USAQUEN,SANTA BIBIANA,Calle 100 - Marketmedios,452.25,1,PARQUE VECINAL URBANIZACIÓN NORMANDIA I II II Y IV SECTOR,1154.7,0,0.12,,0.25,1.0,0.0,,0.02,612.6,0.0
11013-M4693067,APARTAMENTO,VENTA,20.77,188.4,3.0,3.0,1209000.0,2.0,COUNTRY,5,MAS DE 20 ANOS,4.72,-74.05,USADO,,0,1,0,0,1,0,0,0,0,1,False,USAQUEN,LOS CEDROS,Alcalá,287.62,1,PARQUE VECINAL PRADO PINZÓN,713.71,0,0.11,,0.67,1.0,0.0,,0.02,293.18,1.0
920-M3988056,APARTAMENTO,VENTA,20.23,84.0,3.0,2.0,327000.0,2.0,SALITRE MODELIA,4,ENTRE 10 Y 20 ANOS,4.64,-74.1,USADO,,0,0,0,1,1,1,0,0,0,1,False,TEUSAQUILLO,CIUDAD SALITRE NORORIENTAL,Gobernación,108.33,1,PARQUE VECINAL SANTA CLARA,942.35,0,0.24,,0.67,1.5,0.0,,0.04,332.56,2.0
4660-M4635025,APARTAMENTO,VENTA,21.59,370.0,5.0,5.0,1550000.0,4.0,SANTA BARBARA,6,MAS DE 20 ANOS,4.69,-74.06,USADO,,1,1,0,0,1,0,0,0,0,1,False,USAQUEN,SANTA BIBIANA,Calle 106,356.36,1,PARQUE VECINAL URBANIZACIÓN NORMANDIA I II II Y IV SECTOR,1473.42,0,0.06,,0.8,1.0,0.0,,0.01,838.36,0.0
73-M3819613,APARTAMENTO,VENTA,20.65,190.0,3.0,2.0,785000.0,2.0,COUNTRY,5,ENTRE 10 Y 20 ANOS,4.71,-74.03,USADO,,0,1,0,0,1,1,0,0,0,1,False,USAQUEN,RECODO DEL COUNTRY,Prado,2287.81,0,PARQUE METROPOLITANO EL COUNTRY,731.61,0,0.11,,0.67,1.5,0.0,,0.02,270.65,1.0
4796-M4078416,APARTAMENTO,VENTA,21.72,340.0,4.0,5.0,2343000.0,3.0,CEDRITOS,6,MAS DE 20 ANOS,4.72,-74.03,USADO,,0,0,0,1,1,1,0,0,0,1,False,USAQUEN,CEDRITOS,Alcalá,2553.52,0,PARQUE VECINAL NUEVA URBANIZACIÓN EL CEDRITO,961.17,0,0.06,,0.75,0.8,0.0,,0.01,78.13,1.0
815-507,APARTAMENTO,VENTA,21.72,270.0,3.0,5.0,1850000.0,3.0,CHICO,6,ENTRE 5 Y 10 ANOS,4.68,-74.04,USADO,,0,1,0,0,1,1,0,0,0,1,False,CHAPINERO,CHICO RESERVADO,Calle 100 - Marketmedios,2069.61,0,PARQUE VECINAL URBANIZACIÓN LA CABRERA,1444.68,0,0.08,,1.0,0.6,0.0,,0.01,345.68,1.0
2671-M4730050,APARTAMENTO,VENTA,21.13,287.0,4.0,5.0,910000.0,3.0,COLINA Y ALREDEDORES,6,ENTRE 10 Y 20 ANOS,4.74,-74.06,USADO,,0,1,0,0,1,0,0,0,0,1,False,SUBA,URB. LA SIRENA,Mazurén,1550.73,0,PARQUE VECINAL DESARROLLO CANTALEJO URBANIZACIÓN CANTALEJO MANZANA B,878.72,0,0.07,,0.75,0.8,0.0,,0.01,611.21,0.0
614-M4332892,APARTAMENTO,VENTA,19.84,101.0,3.0,3.0,440000.0,2.0,ORQUIDEAS,5,MAS DE 20 ANOS,4.77,-74.04,USADO,,0,1,0,0,0,1,0,0,0,1,False,USAQUEN,MARANTA I Y II Y III SECTOR,Terminal,358.4,1,PARQUE VECINAL DESARROLLO VERBENAL I,232.58,1,0.2,,0.67,1.0,0.0,,0.03,523.55,0.0
4498-M3290775,APARTAMENTO,VENTA,20.77,123.0,3.0,3.0,660000.0,2.0,CHICO,6,ENTRE 10 Y 20 ANOS,4.68,-74.06,USADO,,1,0,0,1,1,0,1,0,0,1,False,CHAPINERO,S.C. CHICO NORTE III SECTOR,Calle 100 - Marketmedios,368.94,1,PARQUE VECINAL URBANIZACIÓN NORMANDIA I II II Y IV SECTOR,657.18,0,0.17,,0.67,1.0,0.0,,0.02,169.44,1.0
546-M4685562,APARTAMENTO,VENTA,20.51,125.0,4.0,4.0,589000.0,2.0,NIZA ALHAMBRA,4,ENTRE 10 Y 20 ANOS,4.7,-74.08,USADO,,0,0,0,1,1,1,0,0,0,1,True,SUBA,NIZA SUR,Humedal Córdoba,629.07,0,PARQUE ZONAL MORATO,656.45,0,0.16,,0.5,1.0,0.0,,0.03,949.93,0.0
5031-M4633758,APARTAMENTO,VENTA,20.47,129.0,3.0,3.0,3921395.93,2.0,COUNTRY,6,ENTRE 10 Y 20 ANOS,4.7,-74.05,USADO,,0,0,0,1,1,0,0,0,0,1,False,USAQUEN,LA CALLEJA,Calle 127,802.14,0,PARQUE METROPOLITANO EL COUNTRY,944.19,0,0.16,,0.67,1.0,0.0,,0.02,592.06,0.0
815-M3925422,APARTAMENTO,VENTA,19.64,68.15,2.0,2.0,289000.0,1.0,COLINA Y ALREDEDORES,5,MAS DE 20 ANOS,4.73,-74.07,USADO,,1,0,0,1,0,1,0,0,0,1,False,SUBA,URB. PARQUES DE LA COLINA,Gratamira,760.09,0,PARQUE VECINAL PRADO PINZÓN,1567.34,0,0.29,,0.5,1.0,0.0,,0.03,378.24,1.0
11013-M4292950,APARTAMENTO,VENTA,21.68,375.0,4.0,5.0,2000000.0,4.0,CHICO,6,MAS DE 20 ANOS,4.66,-74.05,USADO,,0,1,0,0,1,0,0,0,0,1,False,CHAPINERO,PINAR ALTO - PINAR II,Calle 76 - San Felipe,1474.04,0,PARQUE ZONAL SAN ANDRÉS,562.9,0,0.06,,1.0,0.8,0.0,,0.01,733.86,0.0
2368-M4528053,APARTAMENTO,VENTA,20.29,86.0,3.0,3.0,480000.0,2.0,COLINA Y ALREDEDORES,5,ENTRE 5 Y 10 ANOS,4.72,-74.06,USADO,,0,0,0,1,1,1,1,0,0,1,False,SUBA,SAN JOSE DEL PRADO - URB. ECHEVERRIA,Alcalá,1140.91,0,PARQUE VECINAL PRADO PINZÓN,802.87,0,0.24,,0.67,1.0,0.0,,0.03,263.66,1.0
10323-M4493732,APARTAMENTO,VENTA,20.68,194.0,3.0,4.0,1270000.0,2.0,,6,ENTRE 10 Y 20 ANOS,4.68,-74.06,USADO,,0,0,0,0,1,0,0,0,0,1,False,CHAPINERO,S.C. EL CHICO,Virrey,315.43,1,PARQUE VECINAL URBANIZACIÓN NORMANDIA I II II Y IV SECTOR,185.37,1,0.11,,0.67,0.75,0.0,,0.02,445.96,1.0
614-M4434852,APARTAMENTO,VENTA,20.03,77.0,3.0,2.0,350000.0,1.0,NIZA ALHAMBRA,4,ENTRE 0 Y 5 ANOS,4.69,-74.08,USADO,,0,0,0,1,1,1,0,0,0,1,False,SUBA,LA ALBORADA,AV. 68,647.17,0,PARQUE ZONAL MORATO,889.87,0,0.26,,0.33,1.5,0.0,,0.04,604.72,0.0
771-M4549150,APARTAMENTO,VENTA,20.6,153.6,3.0,4.0,683000.0,2.0,SANTA BARBARA,5,MAS DE 20 ANOS,4.7,-74.05,USADO,,0,1,0,0,1,1,0,0,0,1,False,USAQUEN,SANTA BARBARA OCCIDENTAL,Calle 127,930.03,0,PARQUE METROPOLITANO EL COUNTRY,844.52,0,0.13,,0.67,0.75,0.0,,0.02,456.32,1.0
2671-M3619381,APARTAMENTO,VENTA,21.25,186.0,2.0,3.0,1600000.0,4.0,,6,ENTRE 5 Y 10 ANOS,4.66,-74.05,USADO,,0,0,0,0,1,1,1,0,0,1,False,CHAPINERO,BOSQUE EL RETIRO I SECTOR,Calle 76 - San Felipe,1580.41,0,PARQUE ZONAL SAN ANDRÉS,602.03,0,0.11,,2.0,0.67,0.0,,0.01,747.32,0.0
11013-M4295615,APARTAMENTO,VENTA,21.6,301.0,4.0,4.0,3038000.0,2.0,CHICO,6,MAS DE 20 ANOS,4.66,-74.05,USADO,,0,1,0,0,1,1,0,0,0,1,False,CHAPINERO,LOS ROSALES,Calle 72,1469.6,0,PARQUE ZONAL GUSTAVO URIBE BOTERO,696.22,0,0.07,,0.5,1.0,0.0,,0.01,718.02,0.0
2671-M4493863,APARTAMENTO,VENTA,21.29,252.0,3.0,4.0,2500000.0,3.0,COUNTRY,6,MAS DE 20 ANOS,4.72,-74.03,USADO,,0,1,0,1,1,0,0,0,0,1,False,USAQUEN,MONTEARROYO,Alcalá,2749.07,0,PARQUE VECINAL NUEVA URBANIZACIÓN EL CEDRITO,1013.09,0,0.08,,1.0,0.75,0.0,,0.01,309.61,1.0
2671-8187,APARTAMENTO,VENTA,21.49,249.0,3.0,4.0,1150000.0,4.0,COUNTRY,6,ENTRE 10 Y 20 ANOS,4.71,-74.03,USADO,,0,1,0,0,1,1,0,0,0,1,False,USAQUEN,BOSQUES DE MEDINA,Prado,3080.5,0,PARQUE METROPOLITANO EL COUNTRY,1668.39,0,0.09,,1.33,0.75,0.0,,0.01,672.3,0.0
4660-M4680427,APARTAMENTO,VENTA,21.24,131.0,3.0,3.0,690000.0,1.0,CORTIJO AUTOPISTA MEDELLIN,6,ENTRE 0 Y 5 ANOS,4.71,-74.09,USADO,,0,1,0,1,1,0,1,0,0,1,False,SUBA,BOSQUES DE SAN JORGE,Suba - AV. Boyacá,1683.39,0,PARQUE METROPOLITANO CEFE COMETAS,547.14,0,0.16,,0.33,1.0,0.0,,0.02,1796.06,0.0
4498-M4591509,APARTAMENTO,VENTA,20.91,111.51,2.0,3.0,890000.0,2.0,SANTA BARBARA,5,ENTRE 0 Y 5 ANOS,4.7,-74.05,USADO,,0,0,0,1,1,1,0,0,0,1,False,USAQUEN,SANTA BARBARA OCCIDENTAL,Pepe Sierra,728.39,0,PARQUE METROPOLITANO EL COUNTRY,1260.47,0,0.19,,1.0,0.67,0.0,,0.02,286.53,2.0
2529-M4485827,APARTAMENTO,VENTA,20.86,108.3,3.0,3.0,900000.0,2.0,CHICO,6,ENTRE 5 Y 10 ANOS,4.68,-74.05,USADO,,0,0,0,1,0,0,1,0,0,1,False,CHAPINERO,S.C. CHICO NORTE III SECTOR,Calle 100 - Marketmedios,520.45,0,PARQUE VECINAL URBANIZACIÓN NORMANDIA I II II Y IV SECTOR,968.51,0,0.19,,0.67,1.0,0.0,,0.03,289.42,2.0
2529-M4485899,APARTAMENTO,VENTA,19.97,65.0,3.0,2.0,365000.0,1.0,COLINA Y ALREDEDORES,4,ENTRE 5 Y 10 ANOS,4.74,-74.06,USADO,,0,0,0,1,1,0,1,0,0,1,False,SUBA,URB. VERSALLES,Mazurén,1337.99,0,PARQUE VECINAL DESARROLLO CANTALEJO URBANIZACIÓN CANTALEJO MANZANA B,408.21,1,0.31,,0.33,1.5,0.0,,0.05,1081.01,0.0
11307-M4641400,APARTAMENTO,VENTA,19.97,126.17,4.0,3.0,450000.0,1.0,NIZA ALHAMBRA,4,MAS DE 20 ANOS,4.69,-74.07,USADO,,0,1,0,0,0,1,0,0,0,1,False,SUBA,ANDES NORTE - URB. LA RABIDA,Suba - Calle 100,377.43,1,PARQUE ZONAL CANAL RIO NEGRO,670.86,0,0.16,,0.25,1.33,0.0,,0.03,544.34,0.0
614-M4276938,APARTAMENTO,VENTA,20.37,190.0,3.0,3.0,1040000.0,3.0,SANTA BARBARA,6,MAS DE 20 ANOS,4.7,-74.05,USADO,,0,1,0,0,1,0,0,0,0,1,False,USAQUEN,SAN PATRICIO,Pepe Sierra,365.72,1,PARQUE ZONAL ATABANZA,1417.13,0,0.11,,1.0,1.0,0.0,,0.02,301.85,2.0
2529-M4630090,APARTAMENTO,VENTA,19.81,40.0,1.0,2.0,622000.0,1.0,CHAPINERO ALTO,4,ENTRE 0 Y 5 ANOS,4.64,-74.06,USADO,,0,0,0,1,1,0,0,0,0,1,False,CHAPINERO,LA PORTADA_,Calle 57,1088.59,0,PARQUE ZONAL GUSTAVO URIBE BOTERO,945.19,0,0.5,,1.0,0.5,0.0,,0.02,1017.98,0.0
2751-M4258381,APARTAMENTO,VENTA,20.54,108.0,3.0,3.0,400000.0,2.0,SALITRE MODELIA,4,ENTRE 10 Y 20 ANOS,4.66,-74.12,USADO,,0,1,0,0,1,0,1,0,0,1,False,FONTIBON,LA ESPERANZA_,AV. Rojas,1320.95,0,PARQUE VECINAL CARLOS LLERAS (EL FUEGO),567.29,0,0.19,,0.67,1.0,0.0,,0.03,789.05,0.0
815-M4493133,APARTAMENTO,VENTA,20.36,98.36,3.0,2.0,291000.0,1.0,CENTRO NARINO,4,ENTRE 0 Y 5 ANOS,4.64,-74.09,USADO,,0,0,0,1,1,1,0,0,0,1,False,TEUSAQUILLO,QUINTA PAREDES,Quinta Paredes,297.51,1,PARQUE VECINAL SANTA CLARA,423.1,1,0.21,,0.33,1.5,0.0,,0.03,653.41,0.0
2398-M3524253,APARTAMENTO,VENTA,21.16,256.0,3.0,4.0,646000.0,2.0,CHICO,5,MAS DE 20 ANOS,4.66,-74.05,USADO,,0,0,0,0,1,0,0,0,0,1,False,CHAPINERO,S.C. EL NOGAL,Calle 76 - San Felipe,942.88,0,PARQUE ZONAL SAN ANDRÉS,471.82,1,0.08,,0.67,0.75,0.0,,0.01,516.12,0.0
815-M4187826,APARTAMENTO,VENTA,19.58,55.0,3.0,2.0,3921395.93,0.0,LA SOLEDAD,3,ENTRE 10 Y 20 ANOS,4.64,-74.07,USADO,,0,0,0,1,1,0,0,0,0,1,False,TEUSAQUILLO,QUESADA,Marly,66.99,1,PARQUE METROPOLITANO PARQUE NACIONAL (PM2A) ENRIQUE OLAYA HERRERA (SECTOR HISTORICO),1359.55,0,0.36,,0.0,1.5,0.0,,0.05,482.74,1.0
11013-M4530570,APARTAMENTO,VENTA,20.18,80.3,1.0,2.0,580000.0,2.0,SANTA BARBARA,5,ENTRE 10 Y 20 ANOS,4.69,-74.04,USADO,,0,1,0,0,1,0,0,0,0,1,False,USAQUEN,RINCON DEL CHICO,Calle 106,1282.42,0,PARQUE METROPOLITANO EL COUNTRY,1752.2,0,0.25,,2.0,0.5,0.0,,0.01,509.88,0.0
815-M3561600,APARTAMENTO,VENTA,20.09,106.0,3.0,3.0,3921395.93,1.0,CEDRITOS,4,ENTRE 0 Y 5 ANOS,4.74,-74.03,USADO,,0,0,0,1,1,0,0,0,0,1,False,USAQUEN,VILLAS DEL MEDITERRANEO,Calle 161,1716.72,0,PARQUE ZONAL LA VIDA,460.01,1,0.19,,0.33,1.0,0.0,,0.03,877.93,0.0
11013-M4295523,APARTAMENTO,VENTA,20.62,73.0,1.0,1.0,2300000.0,2.0,CHICO,6,ENTRE 5 Y 10 ANOS,4.68,-74.06,USADO,,0,0,0,1,1,0,1,0,0,1,False,CHAPINERO,S.C. CHICO NORTE,Virrey,472.42,1,PARQUE VECINAL URBANIZACIÓN NORMANDIA I II II Y IV SECTOR,338.73,1,0.28,,2.0,1.0,0.0,,0.01,289.38,1.0
815-1447,APARTAMENTO,VENTA,21.64,240.0,5.0,5.0,3921395.93,4.0,COUNTRY,6,MAS DE 20 ANOS,4.71,-74.05,USADO,,0,0,0,0,1,0,0,0,0,1,False,USAQUEN,,Prado,431.69,1,PARQUE ZONAL ATABANZA,1087.67,0,0.09,,0.8,1.0,0.0,,0.02,751.73,0.0
546-M4546093,APARTAMENTO,VENTA,20.55,117.0,3.0,3.0,873000.0,2.0,SANTA BARBARA,6,ENTRE 5 Y 10 ANOS,4.69,-74.04,USADO,,0,0,0,0,1,0,0,0,0,1,False,USAQUEN,SANTA BARBARA CENTRAL II SECTOR,Pepe Sierra,1756.27,0,PARQUE METROPOLITANO EL COUNTRY,1164.56,0,0.18,,0.67,1.0,0.0,,0.03,499.1,1.0
350-M4202845,APARTAMENTO,VENTA,19.06,45.72,3.0,2.0,130000.0,0.0,CIUDAD BOLIVAR,3,ENTRE 5 Y 10 ANOS,4.6,-74.15,USADO,,0,0,0,1,1,1,1,0,0,1,False,CIUDAD BOLIVAR,URB. VILLA VISTA (SAN_CAYETANO),CC Paseo Villa del Río - Madelena,430.45,1,PARQUE VECINAL URBANIZACIÓN LAS LAGUNETA,1037.52,0,0.42,,0.0,1.5,0.0,,0.07,267.93,1.0
4660-M4635249,APARTAMENTO,VENTA,20.36,92.0,2.0,3.0,718000.0,2.0,CHICO,6,MAS DE 20 ANOS,4.66,-74.05,USADO,,0,0,0,1,1,0,0,0,0,1,False,CHAPINERO,BOSQUE EL RETIRO I SECTOR,Héroes - Gel´Hada,1545.4,0,PARQUE ZONAL SAN ANDRÉS,567.7,0,0.22,,1.0,0.67,0.0,,0.02,691.32,0.0
350-M4121044,APARTAMENTO,VENTA,19.02,36.47,2.0,1.0,91000.0,0.0,CIUDAD BOLIVAR,3,ENTRE 0 Y 5 ANOS,4.6,-74.15,USADO,,0,0,0,1,1,1,1,0,0,1,False,CIUDAD BOLIVAR,URB. VILLA VISTA (SAN_CAYETANO),CC Paseo Villa del Río - Madelena,430.45,1,PARQUE VECINAL URBANIZACIÓN LAS LAGUNETA,1037.52,0,0.52,,0.0,2.0,0.0,,0.05,267.93,1.0
771-M4370784,APARTAMENTO,VENTA,20.5,128.0,3.0,2.0,700000.0,2.0,COUNTRY,5,ENTRE 5 Y 10 ANOS,4.71,-74.03,USADO,,0,1,0,1,1,0,0,0,0,1,False,USAQUEN,RECODO DEL COUNTRY,Prado,2287.81,0,PARQUE METROPOLITANO EL COUNTRY,731.61,0,0.16,,0.67,1.5,0.0,,0.02,270.65,1.0
603-M4683984,APARTAMENTO,VENTA,20.49,113.0,3.0,3.0,630000.0,2.0,CHICO,6,MAS DE 20 ANOS,4.67,-74.05,USADO,,0,1,0,0,1,1,0,0,0,1,False,CHAPINERO,S.C. EL CHICO,Virrey,845.46,0,PARQUE ZONAL CANAL EL VIRREY EL CHICO,197.93,1,0.18,,0.67,1.0,0.0,,0.03,229.91,4.0
16474-M4689477,APARTAMENTO,VENTA,19.86,91.0,3.0,3.0,385000.0,1.0,COLINA Y ALREDEDORES,5,MAS DE 20 ANOS,4.73,-74.07,USADO,,0,1,0,1,1,1,0,0,0,1,False,SUBA,URB. ATICOS DEL NORTE,Gratamira,902.64,0,PARQUE VECINAL PRADO PINZÓN,1439.35,0,0.22,,0.33,1.0,0.0,,0.03,326.38,1.0
2671-M4727980,APARTAMENTO,VENTA,20.62,154.0,3.0,3.0,1007000.0,3.0,CERROS DE SUBA,6,MAS DE 20 ANOS,4.72,-74.08,USADO,,0,1,0,0,0,1,0,0,0,1,False,SUBA,S.C. NIZA SUBA,Suba - AV. Boyacá,293.96,1,PARQUE VECINAL AGRUPACIÓN DE VIVIENDA EN BALCON DE LINDARAJA,655.26,0,0.13,,1.0,1.0,0.0,,0.02,1073.6,0.0
635-M3248091,APARTAMENTO,VENTA,20.44,184.0,3.0,4.0,1294000.0,2.0,SANTA BARBARA,4,MAS DE 20 ANOS,4.7,-74.05,USADO,,1,0,0,1,1,0,0,0,0,1,False,USAQUEN,SANTA BARBARA OCCIDENTAL,Calle 127,540.31,0,PARQUE ZONAL ATABANZA,1203.23,0,0.11,,0.67,0.75,0.0,,0.02,489.95,3.0
614-M4460941,APARTAMENTO,VENTA,20.05,96.0,3.0,3.0,707000.0,1.0,SANTA BARBARA,5,MAS DE 20 ANOS,4.69,-74.05,USADO,,0,1,0,0,1,1,0,0,0,1,False,USAQUEN,RINCON DEL CHICO,Calle 106,1211.78,0,PARQUE METROPOLITANO EL COUNTRY,1899.92,0,0.21,,0.33,1.0,0.0,,0.03,559.77,0.0
815-M4493131,APARTAMENTO,VENTA,20.19,75.07,2.0,2.0,223500.0,1.0,CENTRO NARINO,4,ENTRE 0 Y 5 ANOS,4.64,-74.09,USADO,,0,0,0,1,1,1,0,0,0,1,False,TEUSAQUILLO,QUINTA PAREDES,Quinta Paredes,297.51,1,PARQUE VECINAL SANTA CLARA,423.1,1,0.27,,0.5,1.0,0.0,,0.03,653.41,0.0
815-M4293422,APARTAMENTO,VENTA,21.06,155.0,3.0,3.0,3921395.93,2.0,CHICO,6,ENTRE 5 Y 10 ANOS,4.68,-74.04,USADO,,0,0,0,0,1,0,0,0,0,1,True,CHAPINERO,S.C. CHICO NORTE,Virrey,1719.6,0,PARQUE VECINAL URBANIZACIÓN LA CABRERA,1042.34,0,0.14,,0.67,1.0,0.0,,0.02,530.07,0.0
12033-M4520224,APARTAMENTO,VENTA,20.55,138.42,4.0,4.0,743400.0,2.0,COLINA Y ALREDEDORES,4,ENTRE 10 Y 20 ANOS,4.75,-74.07,USADO,,0,1,0,1,1,1,0,0,0,1,False,SUBA,URB. PIEDEMONTE,Portal Norte,2256.71,0,PARQUE ZONAL SAN JOSÉ DE BAVARIA,331.53,1,0.15,,0.5,1.0,0.0,,0.03,2401.64,0.0
815-M3661202,APARTAMENTO,VENTA,20.82,180.0,3.0,4.0,1789000.0,2.0,SANTA BARBARA,6,MAS DE 20 ANOS,4.69,-74.06,USADO,,0,1,0,0,1,0,0,0,0,1,False,USAQUEN,SANTA BIBIANA,Calle 100 - Marketmedios,540.74,0,PARQUE VECINAL URBANIZACIÓN NORMANDIA I II II Y IV SECTOR,1260.09,0,0.12,,0.67,0.75,0.0,,0.02,679.81,0.0
10323-M4570201,APARTAMENTO,VENTA,20.68,175.0,2.0,3.0,720000.0,3.0,SANTA BARBARA,6,MAS DE 20 ANOS,4.7,-74.04,USADO,,0,0,0,0,1,0,0,0,0,1,False,USAQUEN,SANTA BARBARA OCCIDENTAL,Calle 127,1245.52,0,PARQUE METROPOLITANO EL COUNTRY,778.93,0,0.12,,1.5,0.67,0.0,,0.01,394.61,2.0
703-M4523151,APARTAMENTO,VENTA,20.82,160.0,2.0,4.0,965713.0,2.0,CHICO,6,MAS DE 20 ANOS,4.66,-74.05,USADO,,0,1,0,0,1,0,0,0,0,1,False,CHAPINERO,LOS ROSALES,Calle 72,1360.5,0,PARQUE ZONAL GUSTAVO URIBE BOTERO,647.3,0,0.13,,1.0,0.5,0.0,,0.01,608.62,0.0
410-M4095514,APARTAMENTO,VENTA,20.07,96.78,3.0,2.0,655400.0,2.0,CEDRITOS,4,ENTRE 10 Y 20 ANOS,4.72,-74.03,USADO,,0,1,0,0,1,0,0,0,0,1,False,USAQUEN,LOS CEDROS ORIENTAL,Calle 142,2552.12,0,PARQUE VECINAL NUEVA URBANIZACIÓN EL CEDRITO,632.62,0,0.21,,0.67,1.5,0.0,,0.03,749.56,0.0
635-M4294339,APARTAMENTO,VENTA,19.97,88.0,2.0,3.0,3921395.93,1.0,NIZA ALHAMBRA,5,MAS DE 20 ANOS,4.7,-74.06,USADO,,0,0,0,0,1,0,0,0,0,1,False,SUBA,S.C. PASADENA,Puentelargo,644.51,0,PARQUE ZONAL CANAL CORDOBA,731.07,0,0.23,,0.5,0.67,0.0,,0.02,897.35,0.0
815-M4051449,APARTAMENTO,VENTA,21.19,160.0,3.0,5.0,3921395.93,3.0,CHICO,6,MAS DE 20 ANOS,4.68,-74.05,USADO,,1,0,0,0,1,0,0,0,0,1,False,CHAPINERO,S.C. CHICO NORTE III SECTOR,Calle 100 - Marketmedios,879.93,0,PARQUE ZONAL CANAL EL VIRREY EL CHICO,1061.06,0,0.13,,1.0,0.6,0.0,,0.02,219.77,3.0
73-M4684239,APARTAMENTO,VENTA,20.91,164.0,3.0,2.0,750000.0,2.0,COLINA Y ALREDEDORES,5,ENTRE 5 Y 10 ANOS,4.73,-74.06,USADO,,0,1,0,0,1,1,0,0,0,1,False,SUBA,COLPATRIA SANTA HELENA II SECTOR,Gratamira,1345.15,0,PARQUE VECINAL URBANIZACIÓN LA LAGUNA,1077.62,0,0.13,,0.67,1.5,0.0,,0.02,308.57,1.0
512-M4429944,APARTAMENTO,VENTA,20.49,185.0,4.0,3.0,820000.0,2.0,COLINA Y ALREDEDORES,4,MAS DE 20 ANOS,4.73,-74.07,USADO,,0,1,0,0,1,1,0,0,0,1,False,SUBA,GRATAMIRA,Gratamira,109.16,1,PARQUE ZONAL EL TOMILLAR,1386.16,0,0.11,,0.5,1.33,0.0,,0.02,971.94,0.0
93-M4077961,APARTAMENTO,VENTA,21.06,220.0,4.0,5.0,1541000.0,4.0,SANTA BARBARA,6,MAS DE 20 ANOS,4.69,-74.05,USADO,,0,1,0,0,1,0,0,0,0,1,False,USAQUEN,SAN PATRICIO,Pepe Sierra,1127.86,0,PARQUE METROPOLITANO EL COUNTRY,1420.86,0,0.1,,1.0,0.8,0.0,,0.02,179.26,2.0
73-M4630357,APARTAMENTO,VENTA,19.55,61.0,2.0,2.0,500000.0,1.0,COUNTRY,5,MAS DE 20 ANOS,4.71,-74.03,USADO,,0,1,0,0,0,0,0,0,0,1,False,USAQUEN,S.C. LA CAROLINA,Calle 127,2357.48,0,PARQUE METROPOLITANO EL COUNTRY,636.4,0,0.32,,0.5,1.0,0.0,,0.03,485.12,1.0
2751-M3728118,APARTAMENTO,VENTA,20.67,120.0,3.0,3.0,300000.0,2.0,,4,ENTRE 0 Y 5 ANOS,4.73,-74.03,USADO,,0,0,0,0,1,0,0,0,0,1,False,USAQUEN,CEDRO SALAZAR,Calle 146,2478.66,0,PARQUE VECINAL NUEVA URBANIZACIÓN EL CEDRITO,680.53,0,0.17,,0.67,1.0,0.0,,0.02,677.3,0.0
2398-M3958251,APARTAMENTO,VENTA,20.39,78.0,2.0,2.0,716000.0,1.0,CHICO,5,ENTRE 0 Y 5 ANOS,4.67,-74.06,USADO,,0,0,0,0,1,0,0,0,0,1,False,CHAPINERO,S.C. ANTIGUO COUNTRY,Calle 85,327.09,1,PARQUE METROPOLITANO RECONCILIACIÓN,272.11,1,0.26,,0.5,1.0,0.0,,0.03,237.63,3.0
5521-M3727037,APARTAMENTO,VENTA,21.06,160.0,3.0,3.0,850000.0,2.0,CHICO,6,MAS DE 20 ANOS,4.67,-74.05,USADO,,0,0,0,0,1,0,0,0,0,1,False,CHAPINERO,LA CABRERA,Calle 85,968.64,0,PARQUE VECINAL URBANIZACIÓN LA CABRERA,125.19,1,0.13,,0.67,1.0,0.0,,0.02,141.1,6.0
11013-M4295687,APARTAMENTO,VENTA,21.16,270.0,3.0,4.0,1200000.0,4.0,SANTA BARBARA,6,MAS DE 20 ANOS,4.7,-74.05,USADO,,0,0,0,0,1,0,0,0,0,1,False,USAQUEN,SANTA BARBARA OCCIDENTAL,Calle 127,383.72,1,PARQUE ZONAL ATABANZA,1046.77,0,0.08,,1.33,0.75,0.0,,0.01,349.26,3.0
12033-M4700391,APARTAMENTO,VENTA,20.56,108.57,3.0,4.0,544500.0,2.0,ALTOS DE SUBA Y CERROS DE SAN JORGE,6,ENTRE 10 Y 20 ANOS,4.76,-74.07,USADO,,0,0,0,1,1,1,1,0,0,1,False,SUBA,URB. DEL MONTE,Portal Norte,2500.62,0,PARQUE ZONAL SAN JOSÉ DE BAVARIA,619.62,0,0.19,,0.67,0.75,0.0,,0.03,2613.55,0.0
73-M3335177,APARTAMENTO,VENTA,21.64,259.0,3.0,4.0,1561800.0,3.0,CHAPINERO ALTO,6,MAS DE 20 ANOS,4.65,-74.05,USADO,,0,1,0,0,0,1,0,0,0,1,False,CHAPINERO,S.C. LAS ACACIAS,Flores – Areandina,1130.69,0,PARQUE ZONAL GUSTAVO URIBE BOTERO,282.31,1,0.08,,1.0,0.75,0.0,,0.01,335.48,1.0
504-M4335366,APARTAMENTO,VENTA,20.2,150.67,3.0,3.0,3921395.93,1.0,NICOLAS DE FEDERMAN,4,MAS DE 20 ANOS,4.62,-74.16,USADO,,0,0,0,0,0,0,0,0,0,1,False,KENNEDY,CIUDAD KENNEDY SUPERMANZANA 8,Transversal 86,1531.22,0,PARQUE ZONAL LA AMISTAD,268.04,1,0.13,,0.33,1.0,0.0,,0.02,2150.47,0.0
73-M4628664,APARTAMENTO,VENTA,20.5,136.0,3.0,2.0,928000.0,1.0,SANTA BARBARA,6,MAS DE 20 ANOS,4.7,-74.04,USADO,,0,1,0,0,1,1,0,0,0,1,False,USAQUEN,SANTA BARBARA NORTE,Calle 127,1713.06,0,PARQUE METROPOLITANO EL COUNTRY,268.82,1,0.15,,0.33,1.5,0.0,,0.02,334.72,1.0
11013-M4720064,APARTAMENTO,VENTA,19.73,31.0,1.0,2.0,400000.0,1.0,COUNTRY,5,ENTRE 0 Y 5 ANOS,4.71,-74.03,USADO,,0,0,0,1,1,0,0,0,0,1,False,USAQUEN,BELLA SUIZA,Prado,2638.38,0,PARQUE METROPOLITANO EL COUNTRY,986.83,0,0.64,,1.0,0.5,0.0,,0.03,440.55,1.0
4796-M3864074,APARTAMENTO,VENTA,20.03,112.0,3.0,2.0,816600.0,2.0,SANTA BARBARA,6,ENTRE 0 Y 5 ANOS,4.69,-74.04,USADO,,0,0,0,0,1,1,0,0,0,1,False,USAQUEN,RINCON DEL CHICO,Calle 106,1406.09,0,PARQUE ZONAL CANAL EL VIRREY EL CHICO,1813.74,0,0.18,,0.67,1.5,0.0,,0.03,517.29,0.0
4796-M4480494,APARTAMENTO,VENTA,19.61,76.49,3.0,2.0,325000.0,1.0,COLINA Y ALREDEDORES,3,ENTRE 10 Y 20 ANOS,4.75,-74.05,USADO,,0,0,0,0,1,1,0,0,0,1,False,SUBA,,Portal Norte,929.51,0,PARQUE ZONAL SAN JOSÉ DE BAVARIA,1098.11,0,0.26,,0.33,1.5,0.0,,0.04,1521.63,0.0
10484-M3327976,APARTAMENTO,VENTA,20.86,195.0,4.0,3.0,540000.0,2.0,COLINA Y ALREDEDORES,5,ENTRE 5 Y 10 ANOS,4.74,-74.07,USADO,,0,1,0,1,1,1,1,0,0,1,False,SUBA,BURGOS BRITALIA,21 Ángeles,1781.31,0,PARQUE ZONAL EL TOMILLAR,753.15,0,0.11,,0.5,1.33,0.0,,0.02,1334.87,0.0
10323-M4500102,APARTAMENTO,VENTA,19.63,92.0,3.0,3.0,3921395.93,0.0,COLINA Y ALREDEDORES,4,MAS DE 20 ANOS,4.73,-74.05,USADO,,0,0,0,0,0,0,0,0,0,1,False,SUBA,RIVIERA NORTE,Mazurén,108.41,1,PARQUE VECINAL URBANIZACIÓN VICTORIA NORTE,377.77,1,0.21,,0.0,1.0,0.0,,0.03,1539.38,0.0
4796-M4359062,APARTAMENTO,VENTA,21.16,173.72,3.0,3.0,1695000.0,3.0,CHICO,6,ENTRE 10 Y 20 ANOS,4.68,-74.06,USADO,,0,0,0,0,1,0,0,0,0,1,False,CHAPINERO,S.C. CHICO NORTE III SECTOR,Calle 100 - Marketmedios,286.67,1,PARQUE VECINAL URBANIZACIÓN NORMANDIA I II II Y IV SECTOR,599.05,0,0.12,,1.0,1.0,0.0,,0.02,252.18,1.0
93-M4721581,APARTAMENTO,VENTA,20.99,234.0,3.0,3.0,625000.0,2.0,COLINA Y ALREDEDORES,5,ENTRE 10 Y 20 ANOS,4.74,-74.06,USADO,,0,1,0,1,1,1,0,0,0,1,False,SUBA,URB. LA SIRENA,Mazurén,1550.73,0,PARQUE VECINAL DESARROLLO CANTALEJO URBANIZACIÓN CANTALEJO MANZANA B,878.72,0,0.09,,0.67,1.0,0.0,,0.01,611.21,0.0
815-1061,APARTAMENTO,VENTA,20.82,212.0,4.0,2.0,1360000.0,2.0,CHICO,6,MAS DE 20 ANOS,4.67,-74.05,USADO,,0,1,0,0,1,0,0,0,0,1,False,CHAPINERO,S.C. EL CHICO,Calle 85,1424.29,0,PARQUE VECINAL URBANIZACIÓN LA CABRERA,370.17,1,0.1,,0.5,2.0,0.0,,0.02,316.3,1.0
4796-M3903592,APARTAMENTO,VENTA,19.93,86.0,3.0,2.0,3921395.93,2.0,COUNTRY,5,MAS DE 20 ANOS,4.72,-74.05,USADO,,0,0,0,1,0,1,0,0,0,1,False,USAQUEN,LA CALLEJA SANTACOLOMA,Prado,398.32,1,PARQUE ZONAL ATABANZA,1191.29,0,0.23,,0.67,1.5,0.0,,0.03,646.52,0.0
4796-M4349142,APARTAMENTO,VENTA,20.67,109.0,3.0,3.0,650000.0,2.0,SANTA BARBARA,6,ENTRE 5 Y 10 ANOS,4.7,-74.05,USADO,,0,0,0,1,1,0,0,0,0,1,False,USAQUEN,SANTA BARBARA OCCIDENTAL,Calle 127,323.67,1,PARQUE ZONAL ATABANZA,979.44,0,0.19,,0.67,1.0,0.0,,0.03,340.23,3.0
11013-M4338564,APARTAMENTO,VENTA,21.19,199.0,3.0,4.0,2280000.0,4.0,CHICO,6,ENTRE 10 Y 20 ANOS,4.67,-74.04,USADO,,0,0,0,0,1,0,0,0,0,1,False,CHAPINERO,EL REFUGIO,Héroes - Gel´Hada,1701.72,0,PARQUE VECINAL URBANIZACIÓN LA CABRERA,684.06,0,0.11,,1.33,0.75,0.0,,0.02,667.16,0.0
5031-M3817312,APARTAMENTO,VENTA,20.56,150.0,3.0,4.0,3921395.93,2.0,CERROS DE SUBA,6,MAS DE 20 ANOS,4.72,-74.08,USADO,,0,0,0,1,1,1,0,0,0,1,False,SUBA,S.C. NIZA SUBA,Suba - AV. Boyacá,363.95,1,PARQUE VECINAL AGRUPACIÓN DE VIVIENDA EN BALCON DE LINDARAJA,559.49,0,0.14,,0.67,0.75,0.0,,0.02,982.45,0.0
815-M4672489,APARTAMENTO,VENTA,20.21,83.0,2.0,3.0,530000.0,1.0,SANTA BARBARA,6,ENTRE 10 Y 20 ANOS,4.7,-74.05,USADO,,0,0,0,1,1,0,0,0,0,1,False,USAQUEN,SAN PATRICIO,Pepe Sierra,808.86,0,PARQUE METROPOLITANO EL COUNTRY,1268.33,0,0.24,,0.5,0.67,0.0,,0.02,41.78,3.0
2671-M4041825,APARTAMENTO,VENTA,21.31,253.0,4.0,5.0,1609000.0,3.0,SANTA BARBARA,6,ENTRE 10 Y 20 ANOS,4.69,-74.05,USADO,,1,0,0,0,1,0,0,0,0,1,False,USAQUEN,SANTA BIBIANA,Calle 106,724.83,0,PARQUE VECINAL URBANIZACIÓN NORMANDIA I II II Y IV SECTOR,1550.72,0,0.08,,0.75,0.8,0.0,,0.02,562.71,0.0
464-1931,APARTAMENTO,VENTA,21.09,176.0,3.0,5.0,1240000.0,2.0,CHICO,6,MAS DE 20 ANOS,4.66,-74.05,USADO,,0,0,0,1,1,0,0,0,0,1,False,CHAPINERO,LOS ROSALES,Calle 76 - San Felipe,1399.92,0,PARQUE ZONAL SAN ANDRÉS,659.47,0,0.12,,0.67,0.6,0.0,,0.02,783.28,0.0
2671-10751,APARTAMENTO,VENTA,21.06,287.0,3.0,4.0,2100000.0,3.0,CHICO,6,MAS DE 20 ANOS,4.67,-74.06,USADO,,0,0,0,0,0,0,0,0,0,1,False,CHAPINERO,S.C. EL RETIRO,Héroes - Gel´Hada,588.95,0,PARQUE ZONAL SAN ANDRÉS,461.59,1,0.07,,1.0,0.75,0.0,,0.01,191.97,6.0
2671-M3210181,APARTAMENTO,VENTA,21.77,332.0,4.0,4.0,1800000.0,4.0,COUNTRY,6,MAS DE 20 ANOS,4.71,-74.04,USADO,,0,1,0,0,1,0,0,0,0,1,False,USAQUEN,LA_CAROLINA,Calle 127,1694.46,0,PARQUE METROPOLITANO EL COUNTRY,189.79,1,0.07,,1.0,1.0,0.0,,0.01,471.58,1.0
4-M4324140,APARTAMENTO,VENTA,20.2,103.0,3.0,3.0,700000.0,2.0,SANTA BARBARA,5,MAS DE 20 ANOS,4.7,-74.05,USADO,,0,0,0,0,1,1,0,0,0,1,False,USAQUEN,SAN PATRICIO,Pepe Sierra,476.48,1,PARQUE ZONAL ATABANZA,1472.84,0,0.2,,0.67,1.0,0.0,,0.03,246.06,2.0
771-M4479169,APARTAMENTO,VENTA,20.6,110.0,3.0,4.0,587000.0,2.0,CHICO,6,ENTRE 10 Y 20 ANOS,4.68,-74.05,USADO,,0,0,0,1,1,1,1,0,0,1,False,CHAPINERO,S.C. CHICO NORTE III SECTOR,Calle 100 - Marketmedios,463.27,1,PARQUE VECINAL URBANIZACIÓN NORMANDIA I II II Y IV SECTOR,727.64,0,0.19,,0.67,0.75,0.0,,0.03,135.82,2.0
16108-M4433231,APARTAMENTO,VENTA,20.63,142.9,3.0,5.0,330000.0,2.0,COLINA Y ALREDEDORES,5,ENTRE 0 Y 5 ANOS,4.74,-74.06,USADO,,0,0,0,1,1,1,1,0,0,1,False,SUBA,CAMPOS DE SILENCIO,Calle 161,816.2,0,PARQUE VECINAL DESARROLLO CANTALEJO URBANIZACIÓN CANTALEJO MANZANA B,251.99,1,0.14,,0.67,0.6,0.0,,0.02,1636.56,0.0
73-M4559046,APARTAMENTO,VENTA,20.07,78.82,3.0,2.0,400000.0,1.0,CEDRITOS,5,MAS DE 20 ANOS,4.73,-74.03,USADO,,0,0,0,0,1,1,0,0,0,1,False,USAQUEN,CAOBOS SALAZAR,Calle 146,1941.9,0,PARQUE VECINAL NUEVA URBANIZACIÓN EL CEDRITO,299.22,1,0.25,,0.33,1.5,0.0,,0.04,453.06,1.0
350-M4218957,APARTAMENTO,VENTA,19.55,58.97,3.0,2.0,223000.0,1.0,ORQUIDEAS,4,ENTRE 10 Y 20 ANOS,4.75,-74.02,USADO,,0,0,0,0,1,1,0,0,0,1,False,USAQUEN,S.C. HORIZONTES NORTE,Portal Norte,2442.72,0,PARQUE ZONAL SERVITA,1356.39,0,0.33,,0.33,1.5,0.0,,0.05,1519.89,0.0
2671-M3385502,APARTAMENTO,VENTA,21.02,124.0,2.0,3.0,802000.0,2.0,CHICO,6,ENTRE 5 Y 10 ANOS,4.66,-74.05,USADO,,0,0,0,1,1,0,1,0,0,1,False,CHAPINERO,LOS ROSALES,Calle 76 - San Felipe,1536.4,0,PARQUE ZONAL SAN ANDRÉS,812.32,0,0.17,,1.0,0.67,0.0,,0.02,849.76,0.0
350-M4078179,APARTAMENTO,VENTA,20.03,77.0,3.0,2.0,300000.0,1.0,COLINA Y ALREDEDORES,4,ENTRE 0 Y 5 ANOS,4.74,-74.06,USADO,,0,0,0,0,1,1,1,0,0,1,False,SUBA,CANTALEJO,Calle 161,1006.17,0,PARQUE VECINAL DESARROLLO CANTALEJO URBANIZACIÓN CANTALEJO MANZANA B,68.68,1,0.26,,0.33,1.5,0.0,,0.04,1550.88,0.0
10159-M4705818,APARTAMENTO,VENTA,21.09,181.6,4.0,5.0,604000.0,3.0,COLINA Y ALREDEDORES,5,ENTRE 10 Y 20 ANOS,4.74,-74.07,USADO,,0,1,0,1,1,1,1,0,0,1,False,SUBA,BURGOS BRITALIA,21 Ángeles,1781.31,0,PARQUE ZONAL EL TOMILLAR,753.15,0,0.12,,0.75,0.8,0.0,,0.02,1334.87,0.0
920-M3730897,APARTAMENTO,VENTA,21.37,295.0,3.0,4.0,2700000.0,3.0,CHICO,6,ENTRE 10 Y 20 ANOS,4.68,-74.06,USADO,,0,0,0,0,1,0,0,0,0,1,False,CHAPINERO,S.C. EL CHICO,Virrey,352.09,1,PARQUE VECINAL URBANIZACIÓN NORMANDIA I II II Y IV SECTOR,275.0,1,0.07,,1.0,0.75,0.0,,0.01,467.56,2.0
2444-M4656513,APARTAMENTO,VENTA,19.73,72.16,2.0,2.0,552700.0,1.0,NIZA ALHAMBRA,5,ENTRE 0 Y 5 ANOS,4.7,-74.06,USADO,,0,0,0,0,1,1,0,0,0,1,False,SUBA,LA ALHAMBRA SECTOR SUR,Suba - Calle 116,762.62,0,PARQUE ZONAL CANAL CORDOBA,304.26,1,0.27,,0.5,1.0,0.0,,0.03,1234.24,0.0
4796-M4622883,APARTAMENTO,VENTA,19.13,20.02,1.0,1.0,3921395.93,0.0,CHAPINERO,4,ENTRE 0 Y 5 ANOS,4.64,-74.07,USADO,,0,0,0,1,1,0,0,0,0,1,False,TEUSAQUILLO,CHAPINERO OCCIDENTAL,Calle 57,266.61,1,PARQUE ESCENARIO DEPORTIVO EL CAMPINCITO - CEAD,1137.43,0,0.96,,0.0,1.0,0.0,,0.05,745.87,0.0
2671-M4159301,APARTAMENTO,VENTA,20.93,130.0,3.0,3.0,1050000.0,2.0,CHICO,6,ENTRE 5 Y 10 ANOS,4.67,-74.04,USADO,,0,1,0,1,1,1,0,0,0,1,False,CHAPINERO,EL REFUGIO,Héroes - Gel´Hada,1701.72,0,PARQUE VECINAL URBANIZACIÓN LA CABRERA,684.06,0,0.16,,0.67,1.0,0.0,,0.02,667.16,0.0
3422-M4513789,APARTAMENTO,VENTA,20.71,151.0,4.0,4.0,786000.0,2.0,FONTIBON TINTAL,4,ENTRE 5 Y 10 ANOS,4.66,-74.13,USADO,,0,0,0,1,1,1,1,0,0,1,False,FONTIBON,EL TINTAL A.S.D.,Normandía,1949.62,0,PARQUE ZONAL CANAL BOYACA,1161.65,0,0.14,,0.5,1.0,0.0,,0.03,658.63,0.0
4796-M4623835,APARTAMENTO,VENTA,20.13,92.0,3.0,2.0,400000.0,1.0,NIZA ALHAMBRA,5,ENTRE 10 Y 20 ANOS,4.71,-74.07,USADO,,0,0,0,1,1,1,0,0,0,1,False,SUBA,BATAN LOTE NIZA XII,Humedal Córdoba,136.46,1,PARQUE ZONAL LOS LACHES LA MINA,500.45,0,0.22,,0.33,1.5,0.0,,0.03,498.41,9.0
2671-M4491474,APARTAMENTO,VENTA,21.02,206.0,3.0,3.0,1585000.0,4.0,SANTA BARBARA,6,MAS DE 20 ANOS,4.69,-74.05,USADO,,0,1,0,0,1,0,0,0,0,1,False,USAQUEN,SAN PATRICIO,Pepe Sierra,1127.86,0,PARQUE METROPOLITANO EL COUNTRY,1420.86,0,0.1,,1.33,1.0,0.0,,0.01,179.26,2.0
603-M4418162,APARTAMENTO,VENTA,20.39,136.0,3.0,3.0,1300000.0,2.0,CHICO,6,MAS DE 20 ANOS,4.68,-74.05,USADO,,0,0,0,0,0,0,0,0,0,1,False,CHAPINERO,S.C. CHICO NORTE,Virrey,1115.25,0,PARQUE ZONAL CANAL EL VIRREY EL CHICO,674.84,0,0.15,,0.67,1.0,0.0,,0.02,85.72,2.0
2969-M4471164,APARTAMENTO,VENTA,21.51,241.27,4.0,5.0,1800000.0,3.0,CHICO,6,MAS DE 20 ANOS,4.68,-74.04,USADO,,0,0,0,1,1,0,0,0,0,1,False,CHAPINERO,S.C. CHICO NORTE,Virrey,1778.1,0,PARQUE VECINAL URBANIZACIÓN LA CABRERA,1119.11,0,0.09,,0.75,0.8,0.0,,0.02,510.25,0.0
3606-M4086601,APARTAMENTO,VENTA,20.29,135.0,3.0,4.0,1230000.0,2.0,CHICO,6,MAS DE 20 ANOS,4.68,-74.06,USADO,,0,1,0,0,1,0,0,0,0,1,False,CHAPINERO,S.C. CHICO NORTE,Virrey,556.29,0,PARQUE VECINAL URBANIZACIÓN NORMANDIA I II II Y IV SECTOR,433.3,1,0.15,,0.67,0.75,0.0,,0.02,221.04,2.0
12033-M4629773,APARTAMENTO,VENTA,20.45,108.57,4.0,4.0,468000.0,2.0,ALTOS DE SUBA Y CERROS DE SAN JORGE,6,ENTRE 5 Y 10 ANOS,4.76,-74.07,USADO,,0,1,0,1,1,1,1,0,0,1,False,SUBA,S.C. CASABLANCA SUBA,Portal Norte,2363.13,0,PARQUE ZONAL SAN JOSÉ DE BAVARIA,511.64,0,0.19,,0.5,1.0,0.0,,0.04,2469.05,0.0
2671-8831,APARTAMENTO,VENTA,20.71,130.0,2.0,3.0,1173000.0,2.0,CHICO,6,MAS DE 20 ANOS,4.68,-74.04,USADO,,0,1,0,0,1,0,0,0,0,1,False,CHAPINERO,S.C. CHICO NORTE,Virrey,1556.85,0,PARQUE VECINAL URBANIZACIÓN LA CABRERA,805.33,0,0.16,,1.0,0.67,0.0,,0.02,410.61,1.0
3606-M4600860,APARTAMENTO,VENTA,20.47,138.0,3.0,3.0,667000.0,3.0,SANTA BARBARA,6,MAS DE 20 ANOS,4.69,-74.05,USADO,,0,0,0,0,0,0,0,0,0,1,False,USAQUEN,SANTA BIBIANA,Calle 106,965.09,0,PARQUE VECINAL URBANIZACIÓN NORMANDIA I II II Y IV SECTOR,1835.72,0,0.15,,1.0,1.0,0.0,,0.02,422.48,1.0
546-M4538041,APARTAMENTO,VENTA,20.0,99.4,3.0,2.0,585000.0,1.0,NIZA ALHAMBRA,5,MAS DE 20 ANOS,4.7,-74.06,USADO,,0,0,0,0,1,0,0,0,0,1,False,SUBA,LA ALHAMBRA SECTOR NORTE,Suba - Calle 116,676.04,0,PARQUE ZONAL CANAL CORDOBA,147.68,1,0.2,,0.33,1.5,0.0,,0.03,1200.58,0.0
920-M4466199,APARTAMENTO,VENTA,20.52,117.0,3.0,3.0,808000.0,2.0,SANTA BARBARA,6,ENTRE 5 Y 10 ANOS,4.69,-74.04,USADO,,0,1,0,0,1,0,0,0,0,1,False,USAQUEN,SANTA BARBARA CENTRAL II SECTOR,Pepe Sierra,1756.27,0,PARQUE METROPOLITANO EL COUNTRY,1164.56,0,0.18,,0.67,1.0,0.0,,0.03,499.1,1.0
603-M4418404,APARTAMENTO,VENTA,20.35,120.0,3.0,3.0,500000.0,2.0,COLINA Y ALREDEDORES,5,ENTRE 5 Y 10 ANOS,4.72,-74.06,USADO,,0,0,0,1,1,0,1,0,0,1,False,SUBA,SAN JOSE DEL PRADO - URB. ECHEVERRIA,Alcalá,1140.91,0,PARQUE VECINAL PRADO PINZÓN,802.87,0,0.17,,0.67,1.0,0.0,,0.02,263.66,1.0
10484-M4335001,APARTAMENTO,VENTA,21.05,195.0,4.0,4.0,540000.0,3.0,COLINA Y ALREDEDORES,5,ENTRE 5 Y 10 ANOS,4.74,-74.07,USADO,,0,1,0,1,1,1,1,0,0,1,False,SUBA,BURGOS BRITALIA,21 Ángeles,1781.31,0,PARQUE ZONAL EL TOMILLAR,753.15,0,0.11,,0.75,1.0,0.0,,0.02,1334.87,0.0
11013-M4615917,APARTAMENTO,VENTA,20.29,86.0,2.0,3.0,750000.0,3.0,SANTA BARBARA,5,ENTRE 5 Y 10 ANOS,4.69,-74.05,USADO,,0,0,0,0,1,0,0,0,0,1,False,USAQUEN,RINCON DEL CHICO,Calle 106,1309.51,0,PARQUE ZONAL CANAL EL VIRREY EL CHICO,1756.84,0,0.24,,1.5,0.67,0.0,,0.02,444.84,1.0
4796-M3870424,APARTAMENTO,VENTA,19.86,69.0,2.0,2.0,270000.0,1.0,CEDRITOS,4,ENTRE 5 Y 10 ANOS,4.73,-74.04,USADO,,0,0,0,0,0,1,0,0,0,1,False,USAQUEN,CAOBOS SALAZAR URB. CAPRI I Y II SECTOR,Calle 146,1424.31,0,PARQUE VECINAL NUEVA URBANIZACIÓN EL CEDRITO,831.46,0,0.29,,0.5,1.0,0.0,,0.03,492.72,1.0
2671-9194,APARTAMENTO,VENTA,20.44,116.0,3.0,3.0,1139400.0,2.0,SANTA BARBARA,6,MAS DE 20 ANOS,4.69,-74.05,USADO,,0,1,0,0,1,0,0,0,0,1,False,USAQUEN,SANTA BIBIANA,Calle 100 - Marketmedios,621.37,0,PARQUE VECINAL URBANIZACIÓN NORMANDIA I II II Y IV SECTOR,1246.22,0,0.18,,0.67,1.0,0.0,,0.03,444.55,1.0
2123-3384534,APARTAMENTO,VENTA,20.72,160.0,3.0,4.0,823000.0,2.0,COUNTRY,6,ENTRE 10 Y 20 ANOS,4.72,-74.03,USADO,,0,1,0,1,1,1,0,0,0,1,False,USAQUEN,LA CANADA,Alcalá,2771.4,0,PARQUE VECINAL NUEVA URBANIZACIÓN EL CEDRITO,1000.32,0,0.13,,0.67,0.75,0.0,,0.02,366.42,1.0
4796-M3886393,APARTAMENTO,VENTA,19.4,65.0,3.0,2.0,266300.0,1.0,ORQUIDEAS,4,ENTRE 10 Y 20 ANOS,4.78,-74.03,USADO,,0,0,0,1,1,1,0,0,0,1,False,USAQUEN,S.C. TIBABITA,Terminal,2064.65,0,PARQUE VECINAL DESARROLLO VERBENAL I,1939.29,0,0.3,,0.33,1.5,0.0,,0.05,1756.77,0.0
10323-M4741719,APARTAMENTO,VENTA,19.52,74.0,3.0,2.0,301500.0,1.0,ORQUIDEAS,4,ENTRE 10 Y 20 ANOS,4.77,-74.04,USADO,,0,0,0,1,1,1,0,0,0,1,False,USAQUEN,S.C. TIBABITA,Terminal,958.63,0,PARQUE VECINAL DESARROLLO VERBENAL I,814.66,0,0.26,,0.33,1.5,0.0,,0.04,740.64,0.0
10159-M4705816,APARTAMENTO,VENTA,21.06,217.14,4.0,5.0,1400000.0,3.0,ALTOS DE SUBA Y CERROS DE SAN JORGE,6,MAS DE 20 ANOS,4.74,-74.08,USADO,,0,1,0,1,1,1,0,0,0,1,False,SUBA,TORRELADERA,21 Ángeles,539.3,0,PARQUE ZONAL EL TOMILLAR,500.63,0,0.1,,0.75,0.8,0.0,,0.02,1196.1,0.0
2671-M4356005,APARTAMENTO,VENTA,21.71,313.0,3.0,4.0,1634700.0,2.0,CHICO,6,MAS DE 20 ANOS,4.67,-74.04,USADO,,1,1,0,0,1,1,0,0,0,1,False,CHAPINERO,CHICO ALTO,Calle 85,2098.42,0,PARQUE VECINAL URBANIZACIÓN LA CABRERA,1042.04,0,0.07,,0.67,0.75,0.0,,0.01,990.57,0.0
3422-M4701006,APARTAMENTO,VENTA,20.67,151.0,4.0,4.0,786000.0,2.0,FONTIBON TINTAL,4,ENTRE 5 Y 10 ANOS,4.66,-74.13,USADO,,0,0,0,1,1,1,1,0,0,1,False,FONTIBON,EL TINTAL A.S.D.,Normandía,1949.62,0,PARQUE ZONAL CANAL BOYACA,1161.65,0,0.14,,0.5,1.0,0.0,,0.03,658.63,0.0
3422-M4701076,APARTAMENTO,VENTA,20.29,100.0,3.0,3.0,560000.0,2.0,COLINA Y ALREDEDORES,5,ENTRE 10 Y 20 ANOS,4.73,-74.06,USADO,,0,1,0,1,1,1,1,0,0,1,False,SUBA,COLPATRIA SANTA HELENA II SECTOR,Gratamira,1269.13,0,PARQUE VECINAL URBANIZACIÓN LA LAGUNA,1159.6,0,0.2,,0.67,1.0,0.0,,0.03,227.13,1.0
12503-M4016254,APARTAMENTO,VENTA,21.02,130.0,3.0,3.0,900000.0,2.0,CHICO,6,ENTRE 5 Y 10 ANOS,4.68,-74.05,USADO,,0,0,0,1,1,0,0,0,0,1,False,CHAPINERO,S.C. CHICO NORTE,Calle 100 - Marketmedios,692.91,0,PARQUE VECINAL URBANIZACIÓN NORMANDIA I II II Y IV SECTOR,602.95,0,0.16,,0.67,1.0,0.0,,0.02,171.38,2.0
4660-M4635014,APARTAMENTO,VENTA,20.62,140.0,3.0,4.0,590000.0,2.0,NIZA ALHAMBRA,5,MAS DE 20 ANOS,4.69,-74.06,USADO,,0,1,0,0,1,0,0,0,0,1,False,SUBA,PUENTE LARGO SECTOR I Y II,Puentelargo,250.07,1,PARQUE ZONAL CANAL CORDOBA,871.58,0,0.15,,0.67,0.75,0.0,,0.02,638.67,0.0
11013-M4703378,APARTAMENTO,VENTA,20.13,80.0,2.0,3.0,769000000.0,2.0,CHICO,6,MAS DE 20 ANOS,4.68,-74.05,USADO,,0,0,0,0,1,0,0,0,0,1,False,CHAPINERO,S.C. CHICO NORTE III SECTOR,Calle 100 - Marketmedios,530.96,0,PARQUE VECINAL URBANIZACIÓN NORMANDIA I II II Y IV SECTOR,884.56,0,0.25,,1.0,0.67,0.0,,0.02,273.86,2.0
2123-M4702550,APARTAMENTO,VENTA,21.25,220.0,3.0,5.0,1500000.0,4.0,COUNTRY,6,ENTRE 10 Y 20 ANOS,4.71,-74.03,USADO,,0,1,0,0,1,1,0,0,0,1,False,USAQUEN,BOSQUES DE MEDINA,Prado,2894.24,0,PARQUE METROPOLITANO EL COUNTRY,1411.57,0,0.1,,1.33,0.6,0.0,,0.01,590.9,0.0
2123-M4657445,APARTAMENTO,VENTA,20.99,180.0,3.0,4.0,1050000.0,2.0,COUNTRY,6,ENTRE 10 Y 20 ANOS,4.72,-74.03,USADO,,0,1,0,0,1,1,0,0,0,0,False,USAQUEN,LA CANADA,Alcalá,2745.57,0,PARQUE VECINAL NUEVA URBANIZACIÓN EL CEDRITO,908.66,0,0.12,,0.67,0.75,0.0,,0.02,461.46,1.0
2123-3838183,APARTAMENTO,VENTA,20.95,185.0,3.0,5.0,950000.0,3.0,COUNTRY,5,ENTRE 10 Y 20 ANOS,4.72,-74.02,USADO,,0,1,0,1,1,1,0,0,0,1,False,USAQUEN,BOSQUE DE PINOS III,Calle 142,2906.87,0,PARQUE VECINAL NUEVA URBANIZACIÓN EL CEDRITO,1018.88,0,0.11,,1.0,0.6,0.0,,0.02,1105.31,0.0
4796-M3901854,APARTAMENTO,VENTA,19.9,94.0,2.0,2.0,3921395.93,2.0,NIZA ALHAMBRA,5,MAS DE 20 ANOS,4.71,-74.06,USADO,,0,0,0,0,1,1,0,0,0,1,False,SUBA,PRADO VERANIEGO SUR,Calle 127,740.63,0,PARQUE ZONAL ATABANZA,255.04,1,0.21,,1.0,1.0,0.0,,0.02,867.01,0.0
72-M3642215,APARTAMENTO,VENTA,21.19,254.0,3.0,5.0,1091000.0,2.0,CHICO,6,MAS DE 20 ANOS,4.66,-74.05,USADO,,0,0,0,0,1,0,0,0,0,1,False,CHAPINERO,S.C. EL NOGAL,Calle 76 - San Felipe,1026.28,0,PARQUE ZONAL SAN ANDRÉS,236.14,1,0.08,,0.67,0.6,0.0,,0.01,424.31,2.0
2444-M4196927,APARTAMENTO,VENTA,20.82,145.75,3.0,3.0,1700000.0,2.0,SANTA BARBARA,5,ENTRE 10 Y 20 ANOS,4.7,-74.05,USADO,,0,1,0,1,1,0,0,0,0,1,False,USAQUEN,SANTA BARBARA OCCIDENTAL,Calle 127,804.31,0,PARQUE METROPOLITANO EL COUNTRY,942.44,0,0.14,,0.67,1.0,0.0,,0.02,580.61,0.0
2671-M3874173,APARTAMENTO,VENTA,21.16,182.0,3.0,4.0,1050000.0,3.0,CHICO,6,ENTRE 10 Y 20 ANOS,4.66,-74.05,USADO,,0,0,0,1,1,1,0,0,0,1,False,CHAPINERO,LOS ROSALES,Calle 76 - San Felipe,1377.39,0,PARQUE ZONAL SAN ANDRÉS,566.18,0,0.12,,1.0,0.75,0.0,,0.02,753.47,0.0
2671-M4334176,APARTAMENTO,VENTA,21.47,248.0,4.0,4.0,1700000.0,3.0,CHICO,6,MAS DE 20 ANOS,4.66,-74.05,USADO,,0,1,0,1,1,0,0,0,0,1,False,CHAPINERO,LOS ROSALES,Calle 72,1469.6,0,PARQUE ZONAL GUSTAVO URIBE BOTERO,696.22,0,0.09,,0.75,1.0,0.0,,0.02,718.02,0.0
2671-M3210291,APARTAMENTO,VENTA,21.28,250.0,3.0,3.0,1360000.0,2.0,CHICO,6,MAS DE 20 ANOS,4.66,-74.05,USADO,,0,1,0,0,1,0,0,0,0,1,False,CHAPINERO,LOS ROSALES,Calle 72,1360.5,0,PARQUE ZONAL GUSTAVO URIBE BOTERO,647.3,0,0.09,,0.67,1.0,0.0,,0.01,608.62,0.0
12500-M4703426,APARTAMENTO,VENTA,20.66,145.7,3.0,3.0,729000.0,2.0,COUNTRY,6,ENTRE 10 Y 20 ANOS,4.7,-74.04,USADO,,0,0,0,1,1,1,0,0,0,1,False,USAQUEN,PLENITUD LA CALLEJA,Calle 127,1245.07,0,PARQUE METROPOLITANO EL COUNTRY,503.24,0,0.14,,0.67,1.0,0.0,,0.02,265.65,1.0
11013-M4615989,APARTAMENTO,VENTA,20.29,86.0,2.0,3.0,750000.0,3.0,SANTA BARBARA,5,ENTRE 5 Y 10 ANOS,4.69,-74.05,USADO,,0,0,0,0,1,0,0,0,0,1,False,USAQUEN,RINCON DEL CHICO,Calle 106,1309.51,0,PARQUE ZONAL CANAL EL VIRREY EL CHICO,1756.84,0,0.24,,1.5,0.67,0.0,,0.02,444.84,1.0
93-M4463003,APARTAMENTO,VENTA,20.35,126.0,3.0,3.0,582000.0,2.0,COLINA Y ALREDEDORES,5,MAS DE 20 ANOS,4.71,-74.06,USADO,,1,0,0,0,1,1,0,0,0,1,False,SUBA,CANODROMO - URB. ATABANZA,Calle 127,483.56,1,PARQUE ZONAL ATABANZA,179.53,1,0.16,,0.67,1.0,0.0,,0.02,546.35,0.0
920-M3994424,APARTAMENTO,VENTA,20.39,88.0,2.0,3.0,750000.0,2.0,CHICO,5,ENTRE 10 Y 20 ANOS,4.67,-74.06,USADO,,0,1,0,0,1,0,0,0,0,1,False,CHAPINERO,S.C. ANTIGUO COUNTRY,Calle 85,327.09,1,PARQUE METROPOLITANO RECONCILIACIÓN,272.11,1,0.23,,1.0,0.67,0.0,,0.02,237.63,3.0
4796-M4622790,APARTAMENTO,VENTA,19.69,29.47,1.0,1.0,3921395.93,0.0,CHAPINERO,4,ENTRE 0 Y 5 ANOS,4.64,-74.07,USADO,,0,0,0,1,1,0,0,0,0,1,False,TEUSAQUILLO,CHAPINERO OCCIDENTAL,Calle 57,266.61,1,PARQUE ESCENARIO DEPORTIVO EL CAMPINCITO - CEAD,1137.43,0,0.67,,0.0,1.0,0.0,,0.03,745.87,0.0
920-M4477300,APARTAMENTO,VENTA,20.91,260.0,3.0,4.0,1500000.0,2.0,CHICO,6,MAS DE 20 ANOS,4.68,-74.05,USADO,,0,0,0,0,1,0,0,0,0,1,False,CHAPINERO,S.C. CHICO NORTE,Calle 100 - Marketmedios,524.52,0,PARQUE VECINAL URBANIZACIÓN NORMANDIA I II II Y IV SECTOR,650.66,0,0.08,,0.67,0.75,0.0,,0.01,26.58,1.0
2671-11022,APARTAMENTO,VENTA,21.61,391.0,4.0,4.0,2480000.0,2.0,CHICO,6,MAS DE 20 ANOS,4.67,-74.04,USADO,,0,1,0,0,1,0,0,0,0,1,False,CHAPINERO,CHICO ORIENTAL,Calle 85,2070.96,0,PARQUE VECINAL URBANIZACIÓN LA CABRERA,1039.97,0,0.06,,0.5,1.0,0.0,,0.01,973.84,0.0
771-M4371007,APARTAMENTO,VENTA,20.97,136.0,3.0,3.0,830000.0,3.0,SANTA BARBARA,6,ENTRE 5 Y 10 ANOS,4.7,-74.05,USADO,,0,0,0,0,1,1,0,0,0,1,False,USAQUEN,SANTA BARBARA OCCIDENTAL,Calle 127,897.61,0,PARQUE METROPOLITANO EL COUNTRY,1013.24,0,0.15,,1.0,1.0,0.0,,0.02,367.89,1.0
2123-M4177333,APARTAMENTO,VENTA,21.25,189.0,3.0,5.0,1000000.0,2.0,SANTA BARBARA,6,ENTRE 5 Y 10 ANOS,4.7,-74.03,USADO,,0,1,0,1,1,1,1,0,0,1,False,USAQUEN,RESERVAS DE LA SIERRA - LA ARBOLEDA,Calle 127,2917.96,0,PARQUE METROPOLITANO EL COUNTRY,1205.39,0,0.11,,0.67,0.6,0.0,,0.02,687.57,0.0
2671-M4077693,APARTAMENTO,VENTA,21.02,174.0,3.0,3.0,1860000.0,3.0,SANTA BARBARA,6,ENTRE 10 Y 20 ANOS,4.69,-74.05,USADO,,0,0,0,1,1,0,0,0,0,1,False,USAQUEN,SANTA BIBIANA,Calle 106,483.75,1,PARQUE VECINAL URBANIZACIÓN NORMANDIA I II II Y IV SECTOR,1546.18,0,0.12,,1.0,1.0,0.0,,0.02,720.15,0.0
504-M4199754,APARTAMENTO,VENTA,20.49,154.27,3.0,3.0,890000.0,2.0,SANTA BARBARA,6,MAS DE 20 ANOS,4.69,-74.06,USADO,,0,0,0,0,0,0,0,0,0,1,False,USAQUEN,SANTA BIBIANA,Calle 106,461.62,1,PARQUE VECINAL URBANIZACIÓN NORMANDIA I II II Y IV SECTOR,1366.39,0,0.13,,0.67,1.0,0.0,,0.02,757.28,0.0
4796-M4002734,APARTAMENTO,VENTA,19.93,53.0,1.0,2.0,300000.0,2.0,NIZA ALHAMBRA,5,ENTRE 0 Y 5 ANOS,4.69,-74.06,USADO,,0,0,0,1,1,0,0,0,0,1,False,SUBA,S.C. PASADENA,Suba - Calle 100,494.41,1,PARQUE ZONAL CANAL CORDOBA,1038.68,0,0.38,,2.0,0.5,0.0,,0.02,589.08,0.0
350-M4274380,APARTAMENTO,VENTA,20.91,204.0,3.0,4.0,1054000.0,3.0,COUNTRY,6,MAS DE 20 ANOS,4.7,-74.04,USADO,,0,1,0,0,1,0,0,0,0,1,False,USAQUEN,LA_CAROLINA,Calle 127,1466.61,0,PARQUE METROPOLITANO EL COUNTRY,285.47,1,0.1,,1.0,0.75,0.0,,0.01,255.15,1.0
2529-M4485877,APARTAMENTO,VENTA,20.39,72.76,2.0,3.0,900000.0,2.0,SANTA BARBARA,6,ENTRE 0 Y 5 ANOS,4.7,-74.05,USADO,,0,1,0,0,1,0,0,0,0,1,False,USAQUEN,SANTA BARBARA OCCIDENTAL,Calle 127,821.65,0,PARQUE METROPOLITANO EL COUNTRY,953.74,0,0.28,,1.0,0.67,0.0,,0.03,567.23,0.0
59-M4189173,APARTAMENTO,VENTA,20.64,105.27,3.0,2.0,728700.0,2.0,SANTA BARBARA,4,ENTRE 0 Y 5 ANOS,4.69,-74.04,USADO,,0,0,0,1,1,1,0,0,0,1,False,USAQUEN,SANTA BARBARA CENTRAL I Y II,Calle 106,1389.77,0,PARQUE METROPOLITANO EL COUNTRY,1709.66,0,0.2,,0.67,1.5,0.0,,0.03,579.98,0.0
771-M4370672,APARTAMENTO,VENTA,20.86,220.0,4.0,4.0,640000.0,2.0,SANTA BARBARA,5,MAS DE 20 ANOS,4.7,-74.06,USADO,,0,0,0,0,0,1,0,0,0,1,False,USAQUEN,SAN PATRICIO,Calle 106,259.63,1,PARQUE ZONAL CANAL CORDOBA,1347.07,0,0.09,,0.5,1.0,0.0,,0.02,535.46,0.0
920-M4123896,APARTAMENTO,VENTA,21.31,246.0,4.0,4.0,1800000.0,3.0,CHICO,6,MAS DE 20 ANOS,4.66,-74.05,USADO,,0,1,0,0,1,0,0,0,0,1,False,CHAPINERO,S.C. EL NOGAL,Héroes - Gel´Hada,1129.91,0,PARQUE ZONAL SAN ANDRÉS,166.78,1,0.09,,0.75,1.0,0.0,,0.02,354.87,3.0
920-M3562874,APARTAMENTO,VENTA,21.34,250.0,3.0,4.0,2100000.0,2.0,CHICO,6,MAS DE 20 ANOS,4.66,-74.05,USADO,,0,1,0,0,1,0,0,0,0,1,False,CHAPINERO,S.C. EL NOGAL,Calle 76 - San Felipe,1026.28,0,PARQUE ZONAL SAN ANDRÉS,236.14,1,0.09,,0.67,0.75,0.0,,0.01,424.31,2.0
815-M4324102,APARTAMENTO,VENTA,20.21,83.0,2.0,2.0,3921395.93,2.0,NIZA ALHAMBRA,4,ENTRE 0 Y 5 ANOS,4.7,-74.08,USADO,,0,1,0,0,1,1,0,0,0,1,True,SUBA,NIZA SUR,Humedal Córdoba,635.29,0,PARQUE ZONAL MORATO,604.75,0,0.24,,1.0,1.0,0.0,,0.02,899.86,0.0
703-M4496934,APARTAMENTO,VENTA,20.39,70.0,1.0,2.0,558000.0,1.0,CENTRO INTERNACIONAL,4,ENTRE 0 Y 5 ANOS,4.62,-74.07,USADO,,0,0,0,1,1,0,1,0,0,1,False,SANTA FE,SAN_MARTIN,Museo Nacional,393.19,1,PARQUE METROPOLITANO INDEPENDENCIA BICENTENARIO,643.9,0,0.29,,1.0,0.5,0.0,,0.01,306.27,4.0
12375-M4350715,APARTAMENTO,VENTA,20.54,123.0,2.0,3.0,1500000.0,2.0,CHAPINERO ALTO,5,MAS DE 20 ANOS,4.65,-74.06,USADO,,0,1,0,0,1,1,0,0,0,1,True,CHAPINERO,S.C. CHAPINERO NORTE,Calle 63,340.16,1,PARQUE ZONAL GUSTAVO URIBE BOTERO,1106.66,0,0.17,,1.0,0.67,0.0,,0.02,380.43,1.0
2123-M3706337,APARTAMENTO,VENTA,21.56,317.0,4.0,5.0,1500000.0,4.0,COUNTRY,6,ENTRE 10 Y 20 ANOS,4.71,-74.03,USADO,,0,1,0,1,1,1,0,0,0,1,False,USAQUEN,BOSQUES DE MEDINA,Prado,2787.76,0,PARQUE METROPOLITANO EL COUNTRY,1370.82,0,0.07,,1.0,0.8,0.0,,0.01,494.45,1.0
399-M3223052,APARTAMENTO,VENTA,19.52,47.0,1.0,1.0,332000.0,1.0,NIZA ALHAMBRA,5,ENTRE 5 Y 10 ANOS,4.69,-74.06,USADO,,0,0,0,0,1,0,0,0,0,1,False,SUBA,S.C. PASADENA,Suba - Calle 100,430.03,1,PARQUE ZONAL CANAL RIO NEGRO,1218.87,0,0.42,,1.0,1.0,0.0,,0.02,280.08,1.0
2123-M3837454,APARTAMENTO,VENTA,21.25,250.0,3.0,5.0,1600000.0,3.0,COUNTRY,6,ENTRE 10 Y 20 ANOS,4.72,-74.02,USADO,,0,1,0,1,1,1,0,0,0,1,False,USAQUEN,MONTEARROYO,Alcalá,2987.4,0,PARQUE VECINAL NUEVA URBANIZACIÓN EL CEDRITO,1225.99,0,0.09,,1.0,0.6,0.0,,0.01,496.99,1.0
920-M4297806,APARTAMENTO,VENTA,20.95,220.0,3.0,4.0,1069000.0,2.0,COUNTRY,6,MAS DE 20 ANOS,4.71,-74.04,USADO,,0,1,0,0,1,0,0,0,0,1,False,USAQUEN,LA_CAROLINA,Prado,1379.64,0,PARQUE METROPOLITANO EL COUNTRY,559.8,0,0.1,,0.67,0.75,0.0,,0.01,567.2,0.0
920-42150753,APARTAMENTO,VENTA,21.82,305.0,3.0,4.0,2800000.0,2.0,CHICO,6,ENTRE 5 Y 10 ANOS,4.67,-74.04,USADO,,0,1,0,0,1,0,0,0,0,1,False,CHAPINERO,CHICO ORIENTAL,Calle 85,2081.77,0,PARQUE VECINAL URBANIZACIÓN LA CABRERA,1035.05,0,0.07,,0.67,0.75,0.0,,0.01,976.0,0.0
399-M4289622,APARTAMENTO,VENTA,20.21,154.0,3.0,3.0,975000.0,1.0,SANTA BARBARA,6,MAS DE 20 ANOS,4.7,-74.04,USADO,,0,0,0,0,1,0,0,0,0,1,False,USAQUEN,SANTA BARBARA CENTRAL III SECTOR,Pepe Sierra,2151.61,0,PARQUE METROPOLITANO EL COUNTRY,970.8,0,0.13,,0.33,1.0,0.0,,0.02,424.07,1.0
920-M4545673,APARTAMENTO,VENTA,19.99,70.0,2.0,2.0,380000.0,2.0,CEDRITOS,5,ENTRE 10 Y 20 ANOS,4.74,-74.04,USADO,,0,1,0,0,1,0,0,0,0,1,False,USAQUEN,URB. JARDINES DEL NORTE,Calle 161,547.73,0,PARQUE VECINAL DESARROLLO ESTRELLA DEL NORTE,136.65,1,0.29,,1.0,1.0,0.0,,0.03,1306.6,0.0
5521-M3687142,APARTAMENTO,VENTA,21.55,290.0,4.0,5.0,2059000.0,3.0,COUNTRY,6,ENTRE 10 Y 20 ANOS,4.72,-74.03,USADO,,0,1,0,1,1,0,1,0,0,1,False,USAQUEN,CIUDADELA REAL,Alcalá,2687.78,0,PARQUE VECINAL NUEVA URBANIZACIÓN EL CEDRITO,1114.52,0,0.07,,0.75,0.8,0.0,,0.01,143.17,1.0
2123-M4355704,APARTAMENTO,VENTA,20.97,176.0,3.0,4.0,1150000.0,2.0,COUNTRY,6,ENTRE 10 Y 20 ANOS,4.72,-74.03,USADO,,0,1,0,1,1,1,0,0,0,1,False,USAQUEN,LA CANADA,Alcalá,2716.53,0,PARQUE VECINAL NUEVA URBANIZACIÓN EL CEDRITO,925.91,0,0.12,,0.67,0.75,0.0,,0.02,376.13,1.0
2123-M4170615,APARTAMENTO,VENTA,20.91,160.0,3.0,4.0,1160000.0,2.0,COUNTRY,6,ENTRE 5 Y 10 ANOS,4.72,-74.03,USADO,,0,1,0,0,1,1,0,0,0,1,False,USAQUEN,MONTEARROYO,Alcalá,2692.35,0,PARQUE VECINAL NUEVA URBANIZACIÓN EL CEDRITO,1030.63,0,0.13,,0.67,0.75,0.0,,0.02,196.49,1.0
11013-M4659312,APARTAMENTO,VENTA,21.31,248.0,3.0,4.0,1650000.0,2.0,CHICO,6,MAS DE 20 ANOS,4.66,-74.06,USADO,,0,0,0,0,1,0,0,0,0,1,False,CHAPINERO,S.C. EMAUS,Calle 72,862.21,0,PARQUE ZONAL GUSTAVO URIBE BOTERO,581.03,0,0.09,,0.67,0.75,0.0,,0.01,225.28,5.0
12375-M4600184,APARTAMENTO,VENTA,20.62,139.0,3.0,5.0,742000.0,2.0,SANTA BARBARA,6,MAS DE 20 ANOS,4.7,-74.04,USADO,,0,1,0,1,1,1,0,0,0,1,False,USAQUEN,SANTA BARBARA CENTRAL II,Calle 127,2028.39,0,PARQUE METROPOLITANO EL COUNTRY,316.34,1,0.15,,0.67,0.6,0.0,,0.02,653.52,0.0
920-M4647254,APARTAMENTO,VENTA,20.29,65.0,2.0,2.0,530000.0,2.0,CHICO,6,ENTRE 10 Y 20 ANOS,4.68,-74.06,USADO,,0,0,0,1,1,0,0,0,0,1,False,CHAPINERO,S.C. CHICO NORTE,Virrey,556.29,0,PARQUE VECINAL URBANIZACIÓN NORMANDIA I II II Y IV SECTOR,433.3,1,0.31,,1.0,1.0,0.0,,0.03,221.04,2.0
920-M4653215,APARTAMENTO,VENTA,19.96,44.0,1.0,2.0,386000.0,2.0,CHICO,6,ENTRE 10 Y 20 ANOS,4.68,-74.06,USADO,,0,0,0,1,1,0,0,0,0,1,False,CHAPINERO,S.C. CHICO NORTE,Virrey,556.29,0,PARQUE VECINAL URBANIZACIÓN NORMANDIA I II II Y IV SECTOR,433.3,1,0.45,,2.0,0.5,0.0,,0.02,221.04,2.0
4498-M4613851,APARTAMENTO,VENTA,20.41,99.0,3.0,3.0,772000.0,2.0,SANTA BARBARA,6,ENTRE 5 Y 10 ANOS,4.7,-74.05,USADO,,0,1,0,1,1,1,0,0,0,1,False,USAQUEN,SAN PATRICIO,Pepe Sierra,589.56,0,PARQUE ZONAL CANAL CORDOBA,1731.16,0,0.21,,0.67,1.0,0.0,,0.03,129.38,3.0
12033-M4700062,APARTAMENTO,VENTA,20.47,108.57,3.0,4.0,541000.0,2.0,ALTOS DE SUBA Y CERROS DE SAN JORGE,6,ENTRE 10 Y 20 ANOS,4.76,-74.07,USADO,,0,0,0,1,1,1,1,0,0,1,False,SUBA,URB. DEL MONTE,Portal Norte,2500.62,0,PARQUE ZONAL SAN JOSÉ DE BAVARIA,619.62,0,0.19,,0.67,0.75,0.0,,0.03,2613.55,0.0
11013-M4580740,APARTAMENTO,VENTA,21.51,200.0,4.0,4.0,1165000.0,2.0,COUNTRY,6,MAS DE 20 ANOS,4.71,-74.03,USADO,,0,1,0,0,0,1,0,0,0,1,False,USAQUEN,BOSQUES DE MEDINA,Prado,2860.84,0,PARQUE METROPOLITANO EL COUNTRY,1472.85,0,0.11,,0.5,1.0,0.0,,0.02,540.54,0.0
920-42149919,APARTAMENTO,VENTA,20.82,117.0,1.0,2.0,3921395.93,2.0,CHAPINERO ALTO,4,MAS DE 20 ANOS,4.65,-74.06,USADO,6000000.0,0,1,0,0,1,0,0,0,0,1,False,CHAPINERO,S.C. QUINTA CAMACHO,Flores – Areandina,705.93,0,PARQUE ZONAL GUSTAVO URIBE BOTERO,647.05,0,0.18,51282.05,2.0,0.5,0.0,1.53,0.01,266.7,1.0
614-M4736678,APARTAMENTO,VENTA,19.04,47.0,2.0,1.0,120000.0,0.0,ALTOS DE SUBA Y CERROS DE SAN JORGE,3,ENTRE 0 Y 5 ANOS,4.75,-74.09,USADO,,0,0,0,1,1,1,0,0,0,1,False,SUBA,S.C. TUNA BAJA,Portal Suba,990.19,0,PARQUE VECINAL URBANIZACIÓN VALLE DE REFOUS,684.26,0,0.41,,0.0,2.0,0.0,,0.04,867.22,0.0
815-M3599671,APARTAMENTO,VENTA,21.25,249.0,3.0,4.0,3921395.93,3.0,CHICO,6,MAS DE 20 ANOS,4.66,-74.05,USADO,,0,0,0,1,0,0,0,0,0,1,False,CHAPINERO,LOS ROSALES,Calle 72,1360.5,0,PARQUE ZONAL GUSTAVO URIBE BOTERO,647.3,0,0.09,,1.0,0.75,0.0,,0.01,608.62,0.0
771-M4653581,APARTAMENTO,VENTA,20.29,89.0,2.0,2.0,653000.0,2.0,NIZA ALHAMBRA,5,ENTRE 5 Y 10 ANOS,4.71,-74.06,USADO,,0,0,0,1,1,0,0,0,0,1,False,SUBA,EL BATAN,Calle 127,444.38,1,PARQUE ZONAL ATABANZA,358.71,1,0.23,,1.0,1.0,0.0,,0.02,591.23,0.0
16189-M4551525,APARTAMENTO,VENTA,21.75,360.0,5.0,5.0,3921395.93,3.0,,6,MAS DE 20 ANOS,4.7,-74.04,USADO,,1,0,0,1,1,0,0,0,0,1,False,USAQUEN,SAN PATRICIO,Pepe Sierra,1222.34,0,PARQUE METROPOLITANO EL COUNTRY,1210.08,0,0.06,,0.6,1.0,0.0,,0.01,372.56,2.0
2123-2560299,APARTAMENTO,VENTA,21.64,243.0,4.0,5.0,1450000.0,4.0,COUNTRY,6,ENTRE 10 Y 20 ANOS,4.72,-74.03,USADO,,0,1,0,1,1,1,0,0,0,1,False,USAQUEN,AGUA DULCE,Alcalá,2864.26,0,PARQUE VECINAL NUEVA URBANIZACIÓN EL CEDRITO,1001.9,0,0.09,,1.0,0.8,0.0,,0.02,553.02,0.0
815-M4293291,APARTAMENTO,VENTA,20.11,57.1,1.0,2.0,526000.0,2.0,CHICO,6,ENTRE 10 Y 20 ANOS,4.68,-74.04,USADO,,0,0,0,1,1,0,0,0,0,1,False,CHAPINERO,CHICO RESERVADO,Calle 100 - Marketmedios,1964.91,0,PARQUE VECINAL URBANIZACIÓN LA CABRERA,1358.46,0,0.35,,2.0,0.5,0.0,,0.02,336.22,1.0
11013-M4679617,APARTAMENTO,VENTA,19.76,78.0,3.0,3.0,370000.0,2.0,CEDRITOS,4,MAS DE 20 ANOS,4.73,-74.04,USADO,,0,0,0,1,0,1,0,0,0,1,False,USAQUEN,LA LIBERIA,Mazurén,1585.36,0,PARQUE ZONAL LA VIDA,635.28,0,0.25,,0.67,1.0,0.0,,0.04,421.99,1.0
11013-M4679618,APARTAMENTO,VENTA,19.76,78.0,3.0,3.0,370000.0,2.0,CEDRITOS,4,MAS DE 20 ANOS,4.73,-74.04,USADO,,0,0,0,1,0,1,0,0,0,1,False,USAQUEN,LA LIBERIA,Mazurén,1585.36,0,PARQUE ZONAL LA VIDA,635.28,0,0.25,,0.67,1.0,0.0,,0.04,421.99,1.0
59-M4324033,APARTAMENTO,VENTA,21.79,322.0,4.0,5.0,2035000.0,3.0,CHICO,5,MAS DE 20 ANOS,4.67,-74.04,USADO,,0,0,0,1,1,0,1,0,0,1,False,CHAPINERO,CHICO ALTO,Calle 85,1989.42,0,PARQUE VECINAL URBANIZACIÓN LA CABRERA,932.05,0,0.07,,0.75,0.8,0.0,,0.01,881.81,0.0
2123-M3799796,APARTAMENTO,VENTA,20.95,160.0,3.0,3.0,817000.0,2.0,COUNTRY,5,ENTRE 10 Y 20 ANOS,4.7,-74.03,USADO,,0,1,0,1,1,0,0,0,0,1,False,USAQUEN,SANTA BARBARA ORIENTAL,Calle 127,2428.98,0,PARQUE METROPOLITANO EL COUNTRY,693.48,0,0.13,,0.67,1.0,0.0,,0.02,755.33,0.0
4660-M4635103,APARTAMENTO,VENTA,19.45,48.0,2.0,2.0,254000.0,1.0,FONTIBON TINTAL,3,ENTRE 0 Y 5 ANOS,4.67,-74.14,USADO,,0,0,0,0,1,0,0,0,0,1,False,FONTIBON,VILLEMAR,Portal El Dorado,2557.26,0,PARQUE VECINAL VILLA HELENA VILLEMAR,415.28,1,0.41,,0.5,1.0,0.0,,0.04,1103.3,0.0
2123-2847887,APARTAMENTO,VENTA,20.7,160.0,3.0,4.0,800000.0,2.0,COUNTRY,6,ENTRE 10 Y 20 ANOS,4.72,-74.03,USADO,,0,1,0,1,1,0,0,0,0,1,False,USAQUEN,LA CANADA,Alcalá,2708.61,0,PARQUE VECINAL NUEVA URBANIZACIÓN EL CEDRITO,906.9,0,0.13,,0.67,0.75,0.0,,0.02,392.06,1.0
11013-M4697310,APARTAMENTO,VENTA,19.64,49.0,1.0,1.0,300000.0,1.0,COUNTRY,5,ENTRE 0 Y 5 ANOS,4.72,-74.04,USADO,,0,0,0,1,1,1,0,0,0,1,False,USAQUEN,LISBOA_,Prado,1836.6,0,PARQUE VECINAL NUEVA URBANIZACIÓN EL CEDRITO,969.09,0,0.4,,1.0,1.0,0.0,,0.02,324.49,1.0
350-M4421183,APARTAMENTO,VENTA,19.36,63.81,3.0,2.0,275000.0,1.0,ORQUIDEAS,4,MAS DE 20 ANOS,4.76,-74.02,USADO,,0,0,0,0,1,1,0,0,0,1,False,USAQUEN,S.C. HORIZONTES NORTE,Portal Norte,2442.11,0,PARQUE ZONAL SERVITA,1467.3,0,0.3,,0.33,1.5,0.0,,0.05,1571.82,0.0
2529-M4485906,APARTAMENTO,VENTA,20.44,116.91,3.0,3.0,609000.0,2.0,COUNTRY,5,ENTRE 10 Y 20 ANOS,4.72,-74.05,USADO,,0,0,0,1,1,1,0,0,0,1,False,USAQUEN,LOS CEDROS,Alcalá,362.62,1,PARQUE VECINAL PRADO PINZÓN,966.06,0,0.17,,0.67,1.0,0.0,,0.03,285.51,1.0
2123-M3031781,APARTAMENTO,VENTA,20.91,206.0,3.0,5.0,1100000.0,3.0,COUNTRY,6,MAS DE 20 ANOS,4.72,-74.03,USADO,,0,1,0,1,1,1,0,0,0,1,False,USAQUEN,LA CANADA,Alcalá,2745.49,0,PARQUE VECINAL NUEVA URBANIZACIÓN EL CEDRITO,938.5,0,0.1,,1.0,0.6,0.0,,0.01,410.78,1.0
2123-M4161136,APARTAMENTO,VENTA,20.98,165.0,3.0,4.0,1050000.0,2.0,COUNTRY,6,ENTRE 10 Y 20 ANOS,4.72,-74.03,USADO,,0,1,0,1,1,1,0,0,0,0,False,USAQUEN,MONTEARROYO,Alcalá,2830.85,0,PARQUE VECINAL NUEVA URBANIZACIÓN EL CEDRITO,1107.66,0,0.13,,0.67,0.75,0.0,,0.02,343.86,1.0
2123-M3605766,APARTAMENTO,VENTA,20.82,170.0,3.0,5.0,850000.0,3.0,COUNTRY,5,MAS DE 20 ANOS,4.71,-74.03,USADO,,0,1,0,1,1,0,1,0,0,1,False,USAQUEN,LISBOA_,Alcalá,2276.85,0,PARQUE VECINAL NUEVA URBANIZACIÓN EL CEDRITO,977.3,0,0.12,,1.0,0.6,0.0,,0.02,307.73,3.0
11013-M4694813,APARTAMENTO,VENTA,21.25,232.0,3.0,4.0,1900000.0,3.0,COUNTRY,6,MAS DE 20 ANOS,4.72,-74.03,USADO,,0,1,0,1,1,1,0,0,0,1,False,USAQUEN,MONTEARROYO,Alcalá,2749.07,0,PARQUE VECINAL NUEVA URBANIZACIÓN EL CEDRITO,1013.09,0,0.09,,1.0,0.75,0.0,,0.01,309.61,1.0
2123-M4139644,APARTAMENTO,VENTA,20.58,130.0,3.0,3.0,650000.0,2.0,COUNTRY,6,ENTRE 5 Y 10 ANOS,4.7,-74.03,USADO,,0,1,0,1,1,1,0,0,0,1,False,USAQUEN,SANTA BARBARA ORIENTAL,Calle 127,2496.9,0,PARQUE METROPOLITANO EL COUNTRY,763.12,0,0.16,,0.67,1.0,0.0,,0.02,734.21,0.0
16474-M4645041,APARTAMENTO,VENTA,20.46,101.95,3.0,3.0,600000.0,2.0,ALTOS DE SUBA Y CERROS DE SAN JORGE,5,ENTRE 5 Y 10 ANOS,4.75,-74.07,USADO,,0,1,0,1,1,1,0,0,0,1,False,SUBA,SAN CRISTOBAL,21 Ángeles,1851.16,0,PARQUE ZONAL CAMPO VERDE,850.88,0,0.2,,0.67,1.0,0.0,,0.03,1987.7,0.0
2529-M4485806,APARTAMENTO,VENTA,20.05,89.37,3.0,2.0,408000.0,2.0,NIZA ALHAMBRA,5,MAS DE 20 ANOS,4.7,-74.07,USADO,,0,1,0,1,1,1,0,0,0,1,True,SUBA,NIZA SUR,Humedal Córdoba,485.67,1,PARQUE ZONAL MORATO,795.5,0,0.22,,0.67,1.5,0.0,,0.03,808.3,0.0
2529-M4485896,APARTAMENTO,VENTA,19.1,17.76,1.0,1.0,130000.0,0.0,COUNTRY,5,ENTRE 0 Y 5 ANOS,4.71,-74.04,USADO,,0,0,0,1,1,1,0,0,0,1,False,USAQUEN,COUNTRY CLUB,Prado,1726.26,0,PARQUE METROPOLITANO EL COUNTRY,1084.09,0,1.08,,0.0,1.0,0.0,,0.06,336.85,1.0
13294-M4694760,APARTAMENTO,VENTA,21.31,240.0,3.0,4.0,1300000.0,2.0,CHICO,6,MAS DE 20 ANOS,4.67,-74.05,USADO,,0,1,0,0,1,0,0,0,0,1,False,CHAPINERO,LA CABRERA,Calle 85,1448.53,0,PARQUE VECINAL URBANIZACIÓN LA CABRERA,389.29,1,0.09,,0.67,0.75,0.0,,0.01,358.76,1.0
2671-M4730647,APARTAMENTO,VENTA,21.28,359.08,4.0,5.0,2200000.0,4.0,CERROS DE SUBA,6,MAS DE 20 ANOS,4.72,-74.08,USADO,,0,0,0,0,1,0,0,0,0,1,False,SUBA,SANTA HELENA NIZA SUBA,Suba - AV. Boyacá,325.5,1,PARQUE VECINAL AGRUPACIÓN DE VIVIENDA EN BALCON DE LINDARAJA,1105.61,0,0.06,,1.0,0.8,0.0,,0.01,1281.07,0.0
399-M4289574,APARTAMENTO,VENTA,20.06,97.0,2.0,3.0,443000.0,1.0,NICOLAS DE FEDERMAN,4,MAS DE 20 ANOS,4.65,-74.1,USADO,,0,1,0,0,1,1,0,0,0,1,False,TEUSAQUILLO,EL_SALITRE,Salitre - El Greco,144.64,1,PARQUE VECINAL URBANIZACIÓN SALITRE (GRECO),112.49,1,0.21,,0.5,0.67,0.0,,0.02,459.78,4.0
2266-M4587682,APARTAMENTO,VENTA,20.95,220.0,3.0,4.0,1160000.0,2.0,SANTA BARBARA,6,MAS DE 20 ANOS,4.7,-74.03,USADO,,1,1,0,1,1,1,0,0,0,1,False,USAQUEN,LOS ALPES II SECTOR,Calle 127,2948.69,0,PARQUE METROPOLITANO EL COUNTRY,1251.44,0,0.1,,0.67,0.75,0.0,,0.01,637.1,0.0
703-M3478496,APARTAMENTO,VENTA,21.19,276.0,4.0,5.0,1672000.0,3.0,SANTA BARBARA,6,MAS DE 20 ANOS,4.7,-74.05,USADO,,0,0,0,0,1,0,0,0,0,1,False,USAQUEN,SANTA BARBARA OCCIDENTAL,Calle 127,821.65,0,PARQUE METROPOLITANO EL COUNTRY,953.74,0,0.08,,0.75,0.8,0.0,,0.01,567.23,0.0
399-M4691658,APARTAMENTO,VENTA,19.58,67.0,3.0,2.0,160000.0,0.0,CASTILLA MARSELLA,3,ENTRE 10 Y 20 ANOS,4.76,-74.06,USADO,,0,0,0,0,1,0,0,0,0,1,False,SUBA,SAN JOSE DE BAVARIA,Calle 187,1738.16,0,PARQUE ZONAL SAN JOSÉ DE BAVARIA,1170.79,0,0.29,,0.0,1.5,0.0,,0.04,1637.71,0.0
771-M4641412,APARTAMENTO,VENTA,20.29,89.0,2.0,2.0,653000.0,2.0,NIZA ALHAMBRA,5,ENTRE 5 Y 10 ANOS,4.71,-74.06,USADO,,0,0,0,1,1,0,0,0,0,1,False,SUBA,EL BATAN,Calle 127,444.38,1,PARQUE ZONAL ATABANZA,358.71,1,0.23,,1.0,1.0,0.0,,0.02,591.23,0.0
703-M4590199,APARTAMENTO,VENTA,20.29,113.98,3.0,3.0,568000.0,2.0,,4,ENTRE 5 Y 10 ANOS,4.72,-74.04,USADO,,0,0,0,1,1,1,0,0,0,1,False,USAQUEN,CEDRITOS,Alcalá,1383.29,0,PARQUE VECINAL NUEVA URBANIZACIÓN EL CEDRITO,623.54,0,0.18,,0.67,1.0,0.0,,0.03,311.88,1.0
603-M4421001,APARTAMENTO,VENTA,21.64,323.0,4.0,4.0,1830000.0,3.0,CEDRITOS,5,ENTRE 10 Y 20 ANOS,4.72,-74.02,USADO,,0,1,0,0,1,0,0,0,0,1,False,USAQUEN,BOSQUE DE PINOS III,Calle 146,3043.66,0,PARQUE VECINAL NUEVA URBANIZACIÓN EL CEDRITO,1182.34,0,0.07,,0.75,1.0,0.0,,0.01,1199.78,0.0
2671-M3918498,APARTAMENTO,VENTA,21.56,273.0,4.0,5.0,1130000.0,3.0,CHICO,6,ENTRE 10 Y 20 ANOS,4.68,-74.04,USADO,,0,0,0,0,1,0,0,0,0,1,False,CHAPINERO,CHICO RESERVADO,Calle 100 - Marketmedios,1757.77,0,PARQUE VECINAL URBANIZACIÓN LA CABRERA,1198.22,0,0.08,,0.75,0.8,0.0,,0.01,413.33,2.0
2671-M4534428,APARTAMENTO,VENTA,20.34,91.6,2.0,2.0,351000.0,1.0,CHAPINERO ALTO,6,ENTRE 10 Y 20 ANOS,4.65,-74.06,USADO,,0,0,0,1,1,1,0,0,0,1,False,CHAPINERO,NUEVA_GRANADA,Calle 63,1125.18,0,PARQUE ZONAL GUSTAVO URIBE BOTERO,599.45,0,0.22,,0.5,1.0,0.0,,0.02,693.71,0.0
2671-M4727978,APARTAMENTO,VENTA,21.06,192.0,3.0,4.0,1250000.0,3.0,CERROS DE SUBA,6,ENTRE 10 Y 20 ANOS,4.71,-74.08,USADO,,0,1,0,1,1,1,0,0,0,1,False,SUBA,NIZA SUBA - MONTENIZA,Niza - Calle 127,1193.76,0,PARQUE METROPOLITANO CEFE COMETAS,132.17,1,0.11,,1.0,0.75,0.0,,0.02,1230.47,0.0
703-M3499023,APARTAMENTO,VENTA,19.92,90.0,3.0,2.0,581000.0,1.0,NIZA ALHAMBRA,5,MAS DE 20 ANOS,4.7,-74.07,USADO,,0,0,0,0,1,0,0,0,0,1,False,SUBA,PUENTE LARGO III SECTOR,Suba - Calle 116,401.32,1,PARQUE ZONAL CANAL CORDOBA,580.44,0,0.22,,0.33,1.5,0.0,,0.03,689.09,0.0
2671-M3849683,APARTAMENTO,VENTA,20.44,102.0,2.0,3.0,710000.0,2.0,SANTA BARBARA,6,ENTRE 10 Y 20 ANOS,4.69,-74.05,USADO,,0,0,0,0,1,0,0,0,0,1,False,USAQUEN,SANTA BIBIANA,Calle 100 - Marketmedios,816.04,0,PARQUE VECINAL URBANIZACIÓN NORMANDIA I II II Y IV SECTOR,1367.86,0,0.2,,1.0,0.67,0.0,,0.02,344.16,2.0
2529-M4485808,APARTAMENTO,VENTA,20.65,143.0,2.0,3.0,687000.0,2.0,SANTA BARBARA,6,MAS DE 20 ANOS,4.7,-74.04,USADO,,0,1,0,0,1,1,0,0,0,1,False,USAQUEN,SANTA BARBARA CENTRAL I Y II,Pepe Sierra,1383.18,0,PARQUE METROPOLITANO EL COUNTRY,1055.34,0,0.14,,1.0,0.67,0.0,,0.01,557.96,0.0
771-M4370745,APARTAMENTO,VENTA,20.47,155.0,2.0,4.0,761500.0,3.0,SANTA BARBARA,6,MAS DE 20 ANOS,4.69,-74.05,USADO,,0,1,0,1,1,0,0,0,0,1,False,USAQUEN,SANTA BIBIANA,Calle 106,656.46,0,PARQUE VECINAL URBANIZACIÓN NORMANDIA I II II Y IV SECTOR,1344.45,0,0.13,,1.5,0.5,0.0,,0.01,533.38,0.0
11369-M4529416,APARTAMENTO,VENTA,20.82,146.6,3.0,4.0,750000.0,3.0,ALTOS DE SUBA Y CERROS DE SAN JORGE,5,ENTRE 10 Y 20 ANOS,4.76,-74.07,USADO,,0,1,0,1,1,1,1,0,0,1,False,SUBA,URB. DEL MONTE,Portal Norte,2500.62,0,PARQUE ZONAL SAN JOSÉ DE BAVARIA,619.62,0,0.14,,1.0,0.75,0.0,,0.02,2613.55,0.0
646-M3861252,APARTAMENTO,VENTA,20.86,137.0,3.0,3.0,720000.0,2.0,CHICO,6,ENTRE 10 Y 20 ANOS,4.68,-74.04,USADO,,0,1,0,1,1,0,0,0,0,1,False,CHAPINERO,CHICO RESERVADO,Calle 100 - Marketmedios,1964.91,0,PARQUE VECINAL URBANIZACIÓN LA CABRERA,1358.46,0,0.15,,0.67,1.0,0.0,,0.02,336.22,1.0
93-M3817569,APARTAMENTO,VENTA,21.72,320.0,3.0,4.0,1600000.0,3.0,CHAPINERO ALTO,6,ENTRE 10 Y 20 ANOS,4.65,-74.05,USADO,,0,1,0,0,1,0,0,0,0,1,False,CHAPINERO,ZAMUDIO,Flores – Areandina,1138.96,0,PARQUE ZONAL GUSTAVO URIBE BOTERO,212.83,1,0.07,,1.0,0.75,0.0,,0.01,323.67,1.0
11013-M4539048,APARTAMENTO,VENTA,19.96,62.0,2.0,2.0,450000.0,2.0,COUNTRY,5,ENTRE 5 Y 10 ANOS,4.72,-74.05,USADO,,0,0,0,1,1,0,0,0,0,1,False,USAQUEN,EL CONTADOR,Alcalá,650.25,0,PARQUE VECINAL PRADO PINZÓN,1183.96,0,0.32,,1.0,1.0,0.0,,0.03,185.8,1.0
5031-M4685259,APARTAMENTO,VENTA,19.9,76.0,3.0,2.0,400200.0,1.0,COLINA Y ALREDEDORES,4,ENTRE 10 Y 20 ANOS,4.74,-74.06,USADO,,0,0,0,1,0,0,0,0,0,1,False,SUBA,MAZUREN,Mazurén,744.84,0,PARQUE VECINAL URBANIZACIÓN VICTORIA NORTE,339.73,1,0.26,,0.33,1.5,0.0,,0.04,1420.03,0.0
546-M4568251,APARTAMENTO,VENTA,19.55,63.33,3.0,2.0,170000.0,1.0,CIUDAD BOLIVAR,3,ENTRE 0 Y 5 ANOS,4.58,-74.17,USADO,,0,0,0,1,1,1,0,0,0,1,False,CIUDAD BOLIVAR,SIERRA MORENA III,Perdomo,2099.84,0,PARQUE ZONAL SIERRA MORENA,92.12,1,0.31,,0.33,1.5,0.0,,0.05,2817.61,0.0
635-M4296781,APARTAMENTO,VENTA,19.21,21.0,1.0,1.0,200000.0,0.0,CHAPINERO ALTO,3,ENTRE 10 Y 20 ANOS,4.64,-74.06,USADO,,0,0,0,1,1,0,0,0,0,1,False,CHAPINERO,S.C. CHAPINERO CENTRAL,Calle 57,332.64,1,PARQUE ZONAL GUSTAVO URIBE BOTERO,1406.19,0,0.91,,0.0,1.0,0.0,,0.05,1024.54,0.0
603-M4728052,APARTAMENTO,VENTA,19.88,80.0,3.0,2.0,280000.0,1.0,COLINA Y ALREDEDORES,5,ENTRE 5 Y 10 ANOS,4.74,-74.06,USADO,,0,0,0,0,1,0,0,0,0,1,False,SUBA,URB. CARIMAGUA I,Calle 161,1129.89,0,PARQUE VECINAL DESARROLLO CANTALEJO URBANIZACIÓN CANTALEJO MANZANA B,310.56,1,0.25,,0.33,1.5,0.0,,0.04,1245.66,0.0
504-M3606598,APARTAMENTO,VENTA,20.36,112.0,3.0,3.0,450000.0,2.0,CEDRITOS,4,ENTRE 5 Y 10 ANOS,4.73,-74.04,USADO,,0,0,0,1,1,0,0,0,0,1,False,USAQUEN,LA EMILIA,Mazurén,1518.0,0,PARQUE ZONAL LA VIDA,821.51,0,0.18,,0.67,1.0,0.0,,0.03,395.23,1.0
815-M4493135,APARTAMENTO,VENTA,20.38,98.36,3.0,2.0,291000.0,1.0,CENTRO NARINO,4,ENTRE 0 Y 5 ANOS,4.64,-74.09,USADO,,0,0,0,1,1,1,0,0,0,1,False,TEUSAQUILLO,QUINTA PAREDES,Quinta Paredes,297.51,1,PARQUE VECINAL SANTA CLARA,423.1,1,0.21,,0.33,1.5,0.0,,0.03,653.41,0.0
11369-M4687800,APARTAMENTO,VENTA,21.13,364.0,4.0,5.0,1900000.0,3.0,CEDRITOS,6,MAS DE 20 ANOS,4.72,-74.02,USADO,,1,1,0,0,1,1,0,0,0,1,False,USAQUEN,BOSQUE DE PINOS III,Calle 146,3043.02,0,PARQUE VECINAL NUEVA URBANIZACIÓN EL CEDRITO,1171.95,0,0.06,,0.75,0.8,0.0,,0.01,1206.55,0.0
815-M3296194,APARTAMENTO,VENTA,19.88,93.14,3.0,2.0,372000.0,1.0,,5,MAS DE 20 ANOS,4.73,-74.06,USADO,,0,0,0,0,0,1,0,0,0,1,False,SUBA,COLPATRIA SANTA HELENA II SECTOR,Gratamira,1361.82,0,PARQUE VECINAL URBANIZACIÓN LA LAGUNA,1016.29,0,0.21,,0.33,1.5,0.0,,0.03,425.65,2.0
2671-M3851041,APARTAMENTO,VENTA,20.61,182.0,3.0,3.0,1420000.0,2.0,SANTA BARBARA,6,MAS DE 20 ANOS,4.69,-74.06,USADO,,0,1,0,0,1,0,0,0,0,1,False,USAQUEN,SANTA BIBIANA,Calle 100 - Marketmedios,540.74,0,PARQUE VECINAL URBANIZACIÓN NORMANDIA I II II Y IV SECTOR,1260.09,0,0.11,,0.67,1.0,0.0,,0.02,679.81,0.0
4796-M4580052,APARTAMENTO,VENTA,20.91,300.0,5.0,4.0,1032000.0,4.0,SANTA BARBARA,6,MAS DE 20 ANOS,4.7,-74.05,USADO,,0,0,0,0,1,0,0,0,0,1,True,USAQUEN,SANTA BARBARA OCCIDENTAL,Calle 127,382.48,1,PARQUE ZONAL ATABANZA,1040.15,0,0.07,,0.8,1.25,0.0,,0.02,313.81,5.0
10323-M4499610,APARTAMENTO,VENTA,19.81,60.0,2.0,2.0,410000.0,1.0,CHAPINERO ALTO,4,MAS DE 20 ANOS,4.65,-74.06,USADO,,0,0,0,0,1,0,0,0,0,1,False,CHAPINERO,S.C. CHAPINERO NORTE,Flores – Areandina,240.27,1,PARQUE ZONAL GUSTAVO URIBE BOTERO,1121.1,0,0.33,,0.5,1.0,0.0,,0.03,37.47,1.0
4796-M4580151,APARTAMENTO,VENTA,20.62,171.65,3.0,3.0,1574410.0,2.0,SANTA BARBARA,6,MAS DE 20 ANOS,4.7,-74.05,USADO,,0,0,0,0,1,0,0,0,0,1,False,USAQUEN,SAN PATRICIO,Pepe Sierra,1057.13,0,PARQUE METROPOLITANO EL COUNTRY,1247.24,0,0.12,,0.67,1.0,0.0,,0.02,271.62,3.0
73-M4122770,APARTAMENTO,VENTA,20.62,165.0,3.0,3.0,3921395.93,2.0,COLINA Y ALREDEDORES,5,MAS DE 20 ANOS,4.71,-74.06,USADO,,0,0,0,1,1,1,0,0,0,1,False,SUBA,PRADO VERANIEGO SUR,Calle 127,802.48,0,PARQUE ZONAL ATABANZA,217.03,1,0.12,,0.67,1.0,0.0,,0.02,896.38,0.0
11013-M4500746,APARTAMENTO,VENTA,20.61,140.52,3.0,3.0,3921395.93,2.0,SANTA BARBARA,6,ENTRE 10 Y 20 ANOS,4.7,-74.05,USADO,,0,1,0,0,1,0,0,0,0,1,False,USAQUEN,SAN PATRICIO,Pepe Sierra,928.03,0,PARQUE METROPOLITANO EL COUNTRY,1247.99,0,0.15,,0.67,1.0,0.0,,0.02,114.99,3.0
512-M4001330,APARTAMENTO,VENTA,20.72,205.0,4.0,5.0,760000.0,3.0,,6,MAS DE 20 ANOS,4.72,-74.08,USADO,,0,1,0,1,1,0,0,0,0,1,False,SUBA,EL TIROL,Suba - AV. Boyacá,298.17,1,PARQUE VECINAL AGRUPACIÓN DE VIVIENDA EN BALCON DE LINDARAJA,627.25,0,0.1,,0.75,0.8,0.0,,0.02,921.17,0.0
14876-M4580121,APARTAMENTO,VENTA,20.39,116.0,4.0,3.0,3921395.93,1.0,NICOLAS DE FEDERMAN,4,ENTRE 10 Y 20 ANOS,4.66,-74.1,USADO,,0,0,0,0,0,0,0,0,0,1,False,TEUSAQUILLO,EL_SALITRE,Salitre - El Greco,598.94,0,PARQUE VECINAL URBANIZACIÓN SALITRE (GRECO),384.06,1,0.18,,0.25,1.33,0.0,,0.03,728.99,0.0
5031-M4721059,APARTAMENTO,VENTA,19.34,57.0,3.0,2.0,180000.0,1.0,FONTIBON TINTAL,3,ENTRE 10 Y 20 ANOS,4.68,-74.13,USADO,,0,0,0,0,0,1,0,0,0,1,False,FONTIBON,URB. COFRADIA II SECTOR,Portal El Dorado,1241.7,0,PARQUE VECINAL VILLA HELENA VILLEMAR,1089.57,0,0.34,,0.33,1.5,0.0,,0.05,1148.85,0.0
2398-M4486237,APARTAMENTO,VENTA,19.58,75.0,3.0,2.0,332000.0,1.0,COLINA Y ALREDEDORES,4,MAS DE 20 ANOS,4.75,-74.06,USADO,,0,0,0,0,0,1,0,0,0,1,False,SUBA,,Toberin - Foundever,1105.57,0,PARQUE VECINAL DESARROLLO CANTALEJO URBANIZACIÓN CANTALEJO MANZANA B,932.64,0,0.26,,0.33,1.5,0.0,,0.04,1749.86,0.0
11013-M4530630,APARTAMENTO,VENTA,20.67,87.0,2.0,3.0,650000.0,2.0,CHICO,6,ENTRE 5 Y 10 ANOS,4.68,-74.04,USADO,,0,1,0,1,1,0,0,0,0,1,False,CHAPINERO,CHICO RESERVADO,Calle 100 - Marketmedios,1757.77,0,PARQUE VECINAL URBANIZACIÓN LA CABRERA,1198.22,0,0.24,,1.0,0.67,0.0,,0.02,413.33,2.0
5031-M4547593,APARTAMENTO,VENTA,19.06,54.0,3.0,2.0,3921395.93,0.0,FONTIBON TINTAL,2,ENTRE 5 Y 10 ANOS,4.68,-74.16,USADO,,0,0,0,0,0,1,0,0,0,1,False,FONTIBON,EL CHARCO,Portal El Dorado,4722.08,0,PARQUE METROPOLITANO ZONA FRANCA,1353.3,0,0.35,,0.0,1.5,0.0,,0.06,2848.95,0.0
635-M4408281,APARTAMENTO,VENTA,20.05,89.0,2.0,2.0,3921395.93,2.0,SANTA BARBARA,5,MAS DE 20 ANOS,4.7,-74.05,USADO,,0,0,0,1,1,0,0,0,0,1,False,USAQUEN,SANTA BARBARA OCCIDENTAL,Pepe Sierra,519.91,0,PARQUE ZONAL ATABANZA,1289.78,0,0.23,,1.0,1.0,0.0,,0.02,441.08,2.0
5521-M4627867,APARTAMENTO,VENTA,21.55,290.0,4.0,5.0,2059000.0,3.0,COUNTRY,6,MAS DE 20 ANOS,4.72,-74.03,USADO,,0,1,0,1,1,0,1,0,0,1,False,USAQUEN,CIUDADELA REAL,Alcalá,2687.78,0,PARQUE VECINAL NUEVA URBANIZACIÓN EL CEDRITO,1114.52,0,0.07,,0.75,0.8,0.0,,0.01,143.17,1.0
4796-M4012968,APARTAMENTO,VENTA,20.48,124.75,3.0,3.0,534000.0,2.0,COLINA Y ALREDEDORES,5,ENTRE 0 Y 5 ANOS,4.74,-74.05,USADO,,0,0,0,1,1,1,1,0,0,1,False,SUBA,CAMPOS DE SILENCIO,Calle 161,699.56,0,PARQUE VECINAL URBANIZACIÓN VICTORIA NORTE,486.66,1,0.16,,0.67,1.0,0.0,,0.02,1616.56,0.0
815-M4625502,APARTAMENTO,VENTA,19.92,97.0,3.0,3.0,350000.0,1.0,COLINA Y ALREDEDORES,4,MAS DE 20 ANOS,4.73,-74.06,USADO,,0,1,0,0,0,0,0,0,0,1,False,SUBA,COLPATRIA SANTA HELENA II SECTOR,Gratamira,1296.83,0,PARQUE VECINAL URBANIZACIÓN LA LAGUNA,1094.25,0,0.21,,0.33,1.0,0.0,,0.03,327.05,2.0
410-M3690560,APARTAMENTO,VENTA,19.92,60.0,1.0,2.0,590000.0,2.0,,6,MAS DE 20 ANOS,4.68,-74.05,USADO,,0,1,0,0,1,0,0,0,0,1,False,CHAPINERO,S.C. CHICO NORTE,Virrey,1115.25,0,PARQUE ZONAL CANAL EL VIRREY EL CHICO,674.84,0,0.33,,2.0,0.5,0.0,,0.02,85.72,2.0
10093-M4456350,APARTAMENTO,VENTA,21.02,202.1,3.0,5.0,650000.0,3.0,COLINA Y ALREDEDORES,5,ENTRE 5 Y 10 ANOS,4.74,-74.07,USADO,,1,1,0,1,1,1,1,0,0,1,False,SUBA,S.C. GILMAR - LA SIRENA (PREDIO),21 Ángeles,1745.18,0,PARQUE ZONAL EL TOMILLAR,712.97,0,0.1,,1.0,0.6,0.0,,0.01,1273.81,0.0
771-M4371438,APARTAMENTO,VENTA,20.71,190.0,3.0,4.0,600000.0,2.0,SANTA BARBARA,6,MAS DE 20 ANOS,4.7,-74.04,USADO,,0,1,0,0,1,1,0,0,0,1,False,USAQUEN,SANTA BARBARA CENTRAL II SECTOR,Pepe Sierra,1948.19,0,PARQUE METROPOLITANO EL COUNTRY,1042.99,0,0.11,,0.67,0.75,0.0,,0.02,520.63,0.0
2123-M3086787,APARTAMENTO,VENTA,20.95,185.0,3.0,5.0,950000.0,3.0,COUNTRY,5,ENTRE 5 Y 10 ANOS,4.72,-74.02,USADO,,0,1,0,1,1,1,0,0,0,1,False,USAQUEN,BOSQUE DE PINOS III,Calle 142,2906.87,0,PARQUE VECINAL NUEVA URBANIZACIÓN EL CEDRITO,1018.88,0,0.11,,1.0,0.6,0.0,,0.02,1105.31,0.0
920-M3325544,APARTAMENTO,VENTA,20.62,120.0,2.0,3.0,890000.0,2.0,SANTA BARBARA,6,ENTRE 5 Y 10 ANOS,4.69,-74.05,USADO,,0,0,0,1,1,0,0,0,0,1,False,USAQUEN,SANTA BIBIANA,Calle 106,656.46,0,PARQUE VECINAL URBANIZACIÓN NORMANDIA I II II Y IV SECTOR,1344.45,0,0.17,,1.0,0.67,0.0,,0.02,533.38,0.0
4796-M4434494,APARTAMENTO,VENTA,20.16,110.0,3.0,3.0,369300.0,2.0,CEDRITOS,5,ENTRE 10 Y 20 ANOS,4.73,-74.02,USADO,,0,0,0,1,0,1,1,0,0,1,False,USAQUEN,BOSQUE DE PINOS III,Calle 146,2879.49,0,PARQUE ZONAL ALTA BLANCA,879.9,0,0.18,,0.67,1.0,0.0,,0.03,976.89,0.0
4796-M4306157,APARTAMENTO,VENTA,20.02,92.0,3.0,2.0,378000.0,2.0,ORQUIDEAS,4,ENTRE 5 Y 10 ANOS,4.74,-74.03,USADO,,0,0,0,1,1,1,0,0,0,1,False,USAQUEN,VILLAS DE ARANJUEZ,Toberin - Foundever,1586.75,0,PARQUE VECINAL URBANIZACIÓN TOBERIN,754.95,0,0.22,,0.67,1.5,0.0,,0.03,488.89,1.0
2751-M4016197,APARTAMENTO,VENTA,19.96,70.0,3.0,2.0,220000.0,1.0,FONTIBON TINTAL,4,ENTRE 5 Y 10 ANOS,4.65,-74.13,USADO,,0,0,0,1,1,1,0,0,0,1,False,FONTIBON,EL TINTAL A.S.D.,AV. Rojas,2411.16,0,PARQUE VECINAL VILLA ALSACIA,1284.91,0,0.29,,0.33,1.5,0.0,,0.04,409.6,2.0
4660-M4635228,APARTAMENTO,VENTA,20.28,93.0,3.0,3.0,380000.0,1.0,SALITRE MODELIA,4,ENTRE 0 Y 5 ANOS,4.66,-74.12,USADO,,0,0,0,0,1,1,0,0,0,1,False,FONTIBON,LA ESPERANZA_,AV. Rojas,1395.69,0,PARQUE ZONAL CANAL BOYACA,640.94,0,0.22,,0.33,1.0,0.0,,0.03,675.59,0.0
2266-M3475090,APARTAMENTO,VENTA,21.51,277.0,3.0,4.0,1065000.0,3.0,SANTA BARBARA,6,ENTRE 10 Y 20 ANOS,4.7,-74.03,USADO,,1,1,0,1,1,1,0,0,0,1,False,USAQUEN,LOS ALPES II SECTOR,Calle 127,2917.68,0,PARQUE METROPOLITANO EL COUNTRY,1241.4,0,0.08,,1.0,0.75,0.0,,0.01,548.47,0.0
2671-M4703079,APARTAMENTO,VENTA,21.64,263.0,3.0,4.0,1760400.0,4.0,CHICO,6,ENTRE 10 Y 20 ANOS,4.68,-74.06,USADO,,0,1,0,0,1,0,0,0,0,1,False,CHAPINERO,S.C. EL CHICO,Virrey,112.2,1,PARQUE VECINAL URBANIZACIÓN NORMANDIA I II II Y IV SECTOR,144.29,1,0.08,,1.33,0.75,0.0,,0.01,532.89,0.0
2123-M3086788,APARTAMENTO,VENTA,20.95,185.0,3.0,5.0,950000.0,3.0,COUNTRY,5,ENTRE 5 Y 10 ANOS,4.72,-74.02,USADO,,0,1,0,1,1,1,0,0,0,1,False,USAQUEN,BOSQUE DE PINOS III,Calle 142,2906.87,0,PARQUE VECINAL NUEVA URBANIZACIÓN EL CEDRITO,1018.88,0,0.11,,1.0,0.6,0.0,,0.02,1105.31,0.0
2123-M3396253,APARTAMENTO,VENTA,20.92,160.0,3.0,4.0,890000.0,2.0,COUNTRY,6,ENTRE 5 Y 10 ANOS,4.72,-74.03,USADO,,0,1,0,1,1,1,0,0,0,1,False,USAQUEN,AGUA DULCE,Alcalá,2727.1,0,PARQUE VECINAL NUEVA URBANIZACIÓN EL CEDRITO,858.34,0,0.13,,0.67,0.75,0.0,,0.02,516.34,0.0
2266-M4433095,APARTAMENTO,VENTA,20.65,134.0,3.0,3.0,515000.0,2.0,COLINA Y ALREDEDORES,5,ENTRE 5 Y 10 ANOS,4.72,-74.05,USADO,,0,1,0,1,1,1,1,0,0,1,False,SUBA,SAN JOSE DEL PRADO,Alcalá,267.66,1,PARQUE VECINAL PRADO PINZÓN,411.12,1,0.15,,0.67,1.0,0.0,,0.02,764.67,0.0
2529-M4485560,APARTAMENTO,VENTA,19.78,52.0,1.0,2.0,398000.0,2.0,CENTRO Y ZONA COLONIAL,4,ENTRE 5 Y 10 ANOS,4.61,-74.07,USADO,,0,0,0,1,1,0,0,0,0,1,False,SANTA FE,LAS NIEVES,Universidades,417.68,1,PARQUE METROPOLITANO INDEPENDENCIA BICENTENARIO,497.14,1,0.38,,2.0,0.5,0.0,,0.02,500.55,0.0
5031-M4657890,APARTAMENTO,VENTA,20.29,100.0,4.0,3.0,905000.0,2.0,CHICO,6,ENTRE 10 Y 20 ANOS,4.66,-74.05,USADO,,0,0,0,0,1,0,0,0,0,1,False,CHAPINERO,LOS ROSALES,Calle 72,1469.6,0,PARQUE ZONAL GUSTAVO URIBE BOTERO,696.22,0,0.2,,0.5,1.33,0.0,,0.04,718.02,0.0
3422-M4603862,APARTAMENTO,VENTA,20.58,138.0,3.0,3.0,809000.0,2.0,COUNTRY,5,ENTRE 10 Y 20 ANOS,4.72,-74.03,USADO,,0,1,0,1,1,1,1,0,0,1,False,USAQUEN,LISBOA_,Alcalá,2340.16,0,PARQUE VECINAL NUEVA URBANIZACIÓN EL CEDRITO,945.32,0,0.15,,0.67,1.0,0.0,,0.02,217.9,2.0
11301-M4487132,APARTAMENTO,VENTA,21.31,198.0,3.0,4.0,2420000.0,4.0,CHICO,6,MAS DE 20 ANOS,4.66,-74.05,USADO,,1,1,0,0,0,0,0,0,0,1,False,CHAPINERO,S.C. BELLAVISTA,Calle 72,1143.31,0,PARQUE ZONAL GUSTAVO URIBE BOTERO,601.02,0,0.11,,1.33,0.75,0.0,,0.02,392.46,1.0
10323-M4556249,APARTAMENTO,VENTA,20.19,105.0,3.0,2.0,509000.0,2.0,CEDRITOS,4,ENTRE 10 Y 20 ANOS,4.72,-74.04,USADO,,0,0,0,1,1,0,0,0,0,1,False,USAQUEN,LOS CEDRITOS,Calle 142,965.22,0,PARQUE VECINAL NUEVA URBANIZACIÓN EL CEDRITO,954.76,0,0.19,,0.67,1.5,0.0,,0.03,738.58,0.0
4796-M4622867,APARTAMENTO,VENTA,19.13,20.44,1.0,1.0,3921395.93,0.0,CHAPINERO,4,ENTRE 0 Y 5 ANOS,4.64,-74.07,USADO,,0,0,0,1,1,0,0,0,0,1,False,TEUSAQUILLO,CHAPINERO OCCIDENTAL,Calle 57,266.61,1,PARQUE ESCENARIO DEPORTIVO EL CAMPINCITO - CEAD,1137.43,0,0.94,,0.0,1.0,0.0,,0.05,745.87,0.0
4796-M4598784,APARTAMENTO,VENTA,21.47,220.0,4.0,4.0,1700000.0,3.0,COUNTRY,6,MAS DE 20 ANOS,4.71,-74.04,USADO,,0,0,0,0,1,0,0,0,0,1,False,USAQUEN,LA_CAROLINA,Calle 127,1489.36,0,PARQUE METROPOLITANO EL COUNTRY,402.85,1,0.1,,0.75,1.0,0.0,,0.02,467.02,1.0
679-M4503027,APARTAMENTO,VENTA,21.64,317.0,4.0,4.0,1229000.0,4.0,COUNTRY,6,ENTRE 10 Y 20 ANOS,4.71,-74.03,USADO,,1,1,0,1,0,1,1,0,0,1,False,USAQUEN,GINEBRA,Prado,2832.16,0,PARQUE METROPOLITANO EL COUNTRY,1325.12,0,0.07,,1.0,1.0,0.0,,0.01,527.28,0.0
4796-M4622831,APARTAMENTO,VENTA,19.64,34.34,1.0,1.0,3921395.93,0.0,CHAPINERO,4,ENTRE 0 Y 5 ANOS,4.64,-74.07,USADO,,0,0,0,1,0,0,0,0,0,1,False,TEUSAQUILLO,CHAPINERO OCCIDENTAL,Calle 57,266.61,1,PARQUE ESCENARIO DEPORTIVO EL CAMPINCITO - CEAD,1137.43,0,0.57,,0.0,1.0,0.0,,0.03,745.87,0.0
5031-M3797853,APARTAMENTO,VENTA,19.69,52.0,1.0,2.0,350000.0,1.0,COUNTRY,5,ENTRE 5 Y 10 ANOS,4.72,-74.05,USADO,,0,0,0,1,1,0,0,0,0,1,False,USAQUEN,LOS CEDROS,Alcalá,403.81,1,PARQUE VECINAL PRADO PINZÓN,948.08,0,0.38,,1.0,0.5,0.0,,0.02,135.11,1.0
350-M4693169,APARTAMENTO,VENTA,19.67,75.07,3.0,2.0,234000.0,2.0,170 Y ALREDORES,4,MAS DE 20 ANOS,4.77,-74.04,USADO,,0,0,0,0,0,0,0,0,0,1,False,SUBA,MIRANDELA,Calle 187,304.13,1,PARQUE VECINAL URBANIZACIÓN VILANOVA,522.18,0,0.26,,0.67,1.5,0.0,,0.04,364.57,1.0
12500-M4677125,APARTAMENTO,VENTA,19.84,85.0,3.0,2.0,239000.0,1.0,COLINA Y ALREDEDORES,4,ENTRE 10 Y 20 ANOS,4.74,-74.07,USADO,,0,1,0,0,1,1,0,0,0,1,False,SUBA,CASABLANCA (HACIENDA),21 Ángeles,1502.82,0,PARQUE ZONAL EL TOMILLAR,473.68,1,0.23,,0.33,1.5,0.0,,0.04,1027.35,0.0
2671-M3900626,APARTAMENTO,VENTA,21.16,234.0,3.0,3.0,1992246.0,3.0,SANTA BARBARA,6,MAS DE 20 ANOS,4.69,-74.03,USADO,,0,1,0,1,1,0,0,0,0,1,False,USAQUEN,SANTA ANA ORIENTAL,Calle 106,2896.32,0,PARQUE METROPOLITANO EL COUNTRY,2205.06,0,0.09,,1.0,1.0,0.0,,0.01,710.98,0.0
73-M4711054,APARTAMENTO,VENTA,21.28,261.47,4.0,4.0,1500000.0,4.0,SANTA BARBARA,6,MAS DE 20 ANOS,4.69,-74.05,USADO,,0,0,0,0,1,0,0,0,0,1,False,USAQUEN,SANTA BIBIANA,Calle 106,910.44,0,PARQUE VECINAL URBANIZACIÓN NORMANDIA I II II Y IV SECTOR,1679.57,0,0.08,,1.0,1.0,0.0,,0.02,552.92,0.0
11013-M4678265,APARTAMENTO,VENTA,20.99,176.0,3.0,4.0,1080000.0,3.0,CHICO,6,MAS DE 20 ANOS,4.66,-74.05,USADO,,0,1,0,1,1,0,0,0,0,1,False,CHAPINERO,S.C. BELLAVISTA,Calle 72,1035.42,0,PARQUE ZONAL GUSTAVO URIBE BOTERO,607.62,0,0.12,,1.0,0.75,0.0,,0.02,287.69,3.0
2751-M4723822,APARTAMENTO,VENTA,20.2,89.0,3.0,2.0,262000.0,1.0,SALITRE MODELIA,4,ENTRE 10 Y 20 ANOS,4.66,-74.12,USADO,,0,0,0,1,1,1,1,0,0,1,False,FONTIBON,LA ESPERANZA_,AV. Rojas,1320.95,0,PARQUE VECINAL CARLOS LLERAS (EL FUEGO),567.29,0,0.23,,0.33,1.5,0.0,,0.03,789.05,0.0
2671-M4333724,APARTAMENTO,VENTA,21.62,392.0,4.0,5.0,1650000.0,4.0,CEDRITOS,6,MAS DE 20 ANOS,4.72,-74.02,USADO,,0,0,0,1,1,1,0,0,0,1,False,USAQUEN,MONTEARROYO,Alcalá,3095.96,0,PARQUE VECINAL NUEVA URBANIZACIÓN EL CEDRITO,1337.41,0,0.06,,1.0,0.8,0.0,,0.01,586.57,0.0
416-M4628964,APARTAMENTO,VENTA,19.01,46.0,2.0,1.0,3921395.93,0.0,,3,MAS DE 20 ANOS,4.68,-74.16,USADO,,0,0,0,1,1,0,0,0,0,0,False,FONTIBON,EL CHARCO,Portal El Dorado,3992.77,0,PARQUE ZONAL LA CONCORDIA,864.47,0,0.41,,0.0,2.0,0.0,,0.04,2269.02,0.0
771-M4370768,APARTAMENTO,VENTA,20.37,126.0,3.0,3.0,953000.0,2.0,SANTA BARBARA,6,MAS DE 20 ANOS,4.69,-74.05,USADO,,0,1,0,0,1,0,0,0,0,1,False,USAQUEN,SANTA BIBIANA,Calle 106,368.77,1,PARQUE ZONAL CANAL CORDOBA,1724.88,0,0.16,,0.67,1.0,0.0,,0.02,528.01,0.0
603-M4547957,APARTAMENTO,VENTA,20.13,84.0,2.0,3.0,766000.0,2.0,SANTA BARBARA,6,ENTRE 10 Y 20 ANOS,4.69,-74.04,USADO,,0,1,0,1,0,1,0,0,0,1,False,USAQUEN,RINCON DEL CHICO,Calle 106,1458.9,0,PARQUE METROPOLITANO EL COUNTRY,1919.09,0,0.24,,1.0,0.67,0.0,,0.02,673.93,0.0
416-M4644747,APARTAMENTO,VENTA,19.92,60.0,3.0,2.0,277600.0,1.0,,4,ENTRE 0 Y 5 ANOS,4.74,-74.07,USADO,,0,0,0,1,1,0,0,0,0,0,False,SUBA,CASABLANCA (HACIENDA),21 Ángeles,1595.49,0,PARQUE ZONAL EL TOMILLAR,610.53,0,0.33,,0.33,1.5,0.0,,0.05,859.73,0.0
2266-M3768513,APARTAMENTO,VENTA,20.36,125.0,3.0,3.0,489000.0,2.0,COLINA Y ALREDEDORES,5,ENTRE 10 Y 20 ANOS,4.72,-74.07,USADO,,0,1,0,1,1,1,0,0,0,1,False,SUBA,LAS VILLAS SECTOR III,Niza - Calle 127,501.69,0,PARQUE ZONAL LOS LACHES LA MINA,574.85,0,0.16,,0.67,1.0,0.0,,0.02,473.9,1.0
16474-M4694748,APARTAMENTO,VENTA,19.38,61.0,3.0,2.0,224000.0,1.0,KENNEDY,3,ENTRE 5 Y 10 ANOS,4.66,-74.15,USADO,,0,0,0,1,1,1,1,0,0,1,False,KENNEDY,EL TINTAL,Biblioteca Tintal,2070.2,0,PARQUE ZONAL SAN IGNACIO,959.09,0,0.32,,0.33,1.5,0.0,,0.05,2508.77,0.0
2396-M4193094,APARTAMENTO,VENTA,20.64,132.0,3.0,3.0,662000.0,2.0,,5,ENTRE 10 Y 20 ANOS,4.64,-74.05,USADO,,0,1,0,1,1,0,1,0,0,0,False,CHAPINERO,VISTA HERMOSA - MARIA CRISTINA,Calle 57,1207.55,0,PARQUE ZONAL GUSTAVO URIBE BOTERO,871.74,0,0.16,,0.67,1.0,0.0,,0.02,995.87,0.0
12500-M4728294,APARTAMENTO,VENTA,19.75,67.0,3.0,2.0,227000.0,1.0,CASTILLA MARSELLA,4,ENTRE 10 Y 20 ANOS,4.64,-74.13,USADO,,0,0,0,1,0,1,0,0,0,1,False,KENNEDY,VILLA ALSACIA CIUDADELA,Marsella,1629.83,0,PARQUE VECINAL VILLA ALSACIA,1006.73,0,0.29,,0.33,1.5,0.0,,0.04,252.81,1.0
2671-M4411310,APARTAMENTO,VENTA,21.24,143.0,2.0,3.0,985000.0,2.0,CHICO,6,ENTRE 0 Y 5 ANOS,4.67,-74.05,USADO,,0,0,0,1,1,0,0,0,0,1,False,CHAPINERO,S.C. EL CHICO,Virrey,808.16,0,PARQUE ZONAL CANAL EL VIRREY EL CHICO,214.19,1,0.15,,1.0,0.67,0.0,,0.01,242.95,3.0
603-M4421018,APARTAMENTO,VENTA,20.37,94.0,2.0,3.0,598000.0,2.0,SANTA BARBARA,5,ENTRE 5 Y 10 ANOS,4.7,-74.05,USADO,,0,0,0,0,0,1,0,0,0,1,False,USAQUEN,SAN PATRICIO,Calle 106,329.6,1,PARQUE ZONAL CANAL CORDOBA,1439.91,0,0.22,,1.0,0.67,0.0,,0.02,426.96,1.0
603-M4418121,APARTAMENTO,VENTA,21.56,274.0,3.0,4.0,1700000.0,3.0,CHICO,6,ENTRE 10 Y 20 ANOS,4.65,-74.05,USADO,,0,0,0,0,0,0,0,0,0,1,False,CHAPINERO,S.C. BELLAVISTA,Flores – Areandina,1349.05,0,PARQUE ZONAL GUSTAVO URIBE BOTERO,297.21,1,0.08,,1.0,0.75,0.0,,0.01,552.71,0.0
4796-M3870404,APARTAMENTO,VENTA,19.98,71.0,2.0,2.0,438500.0,2.0,SANTA BARBARA,5,ENTRE 10 Y 20 ANOS,4.69,-74.05,USADO,,0,0,0,0,0,1,0,0,0,1,False,USAQUEN,SANTA BIBIANA,Calle 106,640.68,0,PARQUE VECINAL URBANIZACIÓN NORMANDIA I II II Y IV SECTOR,1494.47,0,0.28,,1.0,1.0,0.0,,0.03,586.44,0.0
4796-M4628881,APARTAMENTO,VENTA,19.81,108.5,3.0,3.0,250000.0,2.0,CEDRITOS,4,MAS DE 20 ANOS,4.73,-74.05,USADO,,0,0,0,0,1,0,0,0,0,1,False,USAQUEN,LOS CEDRITOS,Calle 142,210.49,1,PARQUE VECINAL PRADO PINZÓN,573.82,0,0.18,,0.67,1.0,0.0,,0.03,869.0,0.0
4796-M4465497,APARTAMENTO,VENTA,19.42,62.4,3.0,2.0,185000.0,1.0,ORQUIDEAS,4,ENTRE 10 Y 20 ANOS,4.75,-74.03,USADO,,0,0,0,1,0,1,0,0,0,1,False,USAQUEN,EL REDIL,Portal Norte,2006.61,0,PARQUE VECINAL URBANIZACIÓN CALLE 170 / ALAMEDA,1141.58,0,0.31,,0.33,1.5,0.0,,0.05,1077.21,0.0
703-M4514989,APARTAMENTO,VENTA,20.29,90.2,2.0,2.0,486000.0,1.0,SANTA BARBARA,6,ENTRE 0 Y 5 ANOS,4.69,-74.04,USADO,,0,0,0,1,1,0,0,0,0,1,False,USAQUEN,SANTA BARBARA CENTRAL I Y II,Calle 106,1258.26,0,PARQUE METROPOLITANO EL COUNTRY,1651.46,0,0.22,,0.5,1.0,0.0,,0.02,423.41,1.0
73-M4722742,APARTAMENTO,VENTA,19.09,43.93,3.0,1.0,90000.0,0.0,CIUDAD BOLIVAR,3,ENTRE 10 Y 20 ANOS,4.59,-74.16,USADO,,0,0,0,0,0,1,0,0,0,1,False,CIUDAD BOLIVAR,S.C. ATLANTA,CC Paseo Villa del Río - Madelena,806.83,0,PARQUE ZONAL EL TALLER EL ENSUEÑO,523.62,0,0.43,,0.0,3.0,0.0,,0.07,1121.43,0.0
4796-M4622797,APARTAMENTO,VENTA,19.49,29.47,1.0,1.0,3921395.93,0.0,CHAPINERO,4,ENTRE 0 Y 5 ANOS,4.64,-74.07,USADO,,0,0,0,1,0,0,0,0,0,1,False,TEUSAQUILLO,CHAPINERO OCCIDENTAL,Calle 57,266.61,1,PARQUE ESCENARIO DEPORTIVO EL CAMPINCITO - CEAD,1137.43,0,0.66,,0.0,1.0,0.0,,0.03,745.87,0.0
11301-M4577501,APARTAMENTO,VENTA,21.13,195.0,3.0,4.0,3921395.93,3.0,CHICO,6,ENTRE 10 Y 20 ANOS,4.66,-74.05,USADO,,0,0,0,1,0,0,0,0,0,1,False,CHAPINERO,S.C. BELLAVISTA,Calle 72,1172.55,0,PARQUE ZONAL GUSTAVO URIBE BOTERO,489.9,1,0.11,,1.0,0.75,0.0,,0.02,436.66,1.0
12500-M4677495,APARTAMENTO,VENTA,19.78,90.0,3.0,3.0,282000.0,1.0,CEDRITOS,4,MAS DE 20 ANOS,4.73,-74.03,USADO,,0,1,0,0,1,1,0,0,0,1,False,USAQUEN,CEDRO SALAZAR,Calle 146,2096.34,0,PARQUE ZONAL ALTA BLANCA,640.0,0,0.22,,0.33,1.0,0.0,,0.03,209.79,1.0
11013-M4681207,APARTAMENTO,VENTA,20.98,228.0,3.0,4.0,1562000.0,2.0,CHAPINERO ALTO,6,MAS DE 20 ANOS,4.65,-74.06,USADO,,1,0,0,0,0,0,0,0,0,1,True,CHAPINERO,S.C. CHAPINERO NORTE,Flores – Areandina,184.02,1,PARQUE ZONAL LA ESTACIÓN,1105.98,0,0.09,,0.67,0.75,0.0,,0.01,155.8,1.0
4796-M3887362,APARTAMENTO,VENTA,21.53,149.54,2.0,3.0,1851000.0,2.0,CHICO,6,ENTRE 5 Y 10 ANOS,4.66,-74.04,USADO,,0,0,0,1,1,0,0,0,0,1,False,CHAPINERO,S.C. EL BAGAZAL,Calle 76 - San Felipe,1916.32,0,PARQUE ZONAL SAN ANDRÉS,951.89,0,0.14,,1.0,0.67,0.0,,0.01,1089.04,0.0
4796-M4622775,APARTAMENTO,VENTA,19.49,29.19,1.0,1.0,3921395.93,0.0,CHAPINERO,4,ENTRE 0 Y 5 ANOS,4.64,-74.07,USADO,,0,0,0,1,0,0,0,0,0,1,False,TEUSAQUILLO,CHAPINERO OCCIDENTAL,Calle 57,266.61,1,PARQUE ESCENARIO DEPORTIVO EL CAMPINCITO - CEAD,1137.43,0,0.67,,0.0,1.0,0.0,,0.03,745.87,0.0
16108-M4584763,APARTAMENTO,VENTA,20.82,190.0,3.0,4.0,960000.0,4.0,COLINA Y ALREDEDORES,5,MAS DE 20 ANOS,4.73,-74.07,USADO,,0,1,0,1,1,1,0,0,0,1,False,SUBA,IBERIA SEGOVIA,Gratamira,647.24,0,PARQUE ZONAL EL TOMILLAR,1519.58,0,0.11,,1.33,0.75,0.0,,0.02,424.42,1.0
11013-M4703002,APARTAMENTO,VENTA,20.03,86.0,3.0,3.0,564000.0,2.0,CEDRITOS,4,ENTRE 0 Y 5 ANOS,4.72,-74.03,USADO,,0,0,0,0,1,0,0,0,0,1,False,USAQUEN,LOS CEDROS ORIENTAL,Calle 142,2552.12,0,PARQUE VECINAL NUEVA URBANIZACIÓN EL CEDRITO,632.62,0,0.23,,0.67,1.0,0.0,,0.03,749.56,0.0
815-M4714628,APARTAMENTO,VENTA,20.66,197.0,3.0,4.0,650000.0,2.0,COUNTRY,5,ENTRE 10 Y 20 ANOS,4.72,-74.05,USADO,,0,1,0,0,0,0,0,0,0,1,False,USAQUEN,LOS CEDROS,Alcalá,206.2,1,PARQUE VECINAL PRADO PINZÓN,812.53,0,0.1,,0.67,0.75,0.0,,0.02,351.33,1.0
603-M4418164,APARTAMENTO,VENTA,19.67,53.39,3.0,2.0,170000.0,1.0,PUENTE ARANDA,3,ENTRE 0 Y 5 ANOS,4.61,-74.1,USADO,,0,0,0,1,1,1,0,0,0,1,True,PUENTE ARANDA,PUENTE ARANDA,Comuneros,591.87,0,PARQUE ZONAL INDUSTRIAL LOS EJIDOS,775.04,0,0.37,,0.33,1.5,0.0,,0.06,2794.38,0.0
603-M4418033,APARTAMENTO,VENTA,20.29,98.96,2.0,3.0,606400.0,1.0,CHICO,6,MAS DE 20 ANOS,4.68,-74.05,USADO,,0,0,0,0,1,1,0,0,0,1,False,CHAPINERO,S.C. CHICO NORTE III SECTOR,Calle 100 - Marketmedios,879.93,0,PARQUE ZONAL CANAL EL VIRREY EL CHICO,1061.06,0,0.21,,0.5,0.67,0.0,,0.02,219.77,3.0
603-M4418198,APARTAMENTO,VENTA,20.71,183.0,3.0,2.0,1404000.0,2.0,CERROS DE SUBA,6,MAS DE 20 ANOS,4.72,-74.08,USADO,,0,1,0,0,0,1,0,0,0,1,False,SUBA,NIZA SUBA - URB. BALCON DEL LINDARAJA,Suba - AV. Boyacá,1002.59,0,PARQUE VECINAL AGRUPACIÓN DE VIVIENDA EN BALCON DE LINDARAJA,280.72,1,0.11,,0.67,1.5,0.0,,0.02,1225.67,0.0
12500-M4677171,APARTAMENTO,VENTA,19.78,72.0,3.0,2.0,259000.0,2.0,COLINA Y ALREDEDORES,3,ENTRE 10 Y 20 ANOS,4.75,-74.06,USADO,,0,0,0,0,1,1,0,0,0,1,False,SUBA,S.C. PORTALES DEL NORTE,Portal Norte,1668.08,0,PARQUE ZONAL SAN JOSÉ DE BAVARIA,351.98,1,0.27,,0.67,1.5,0.0,,0.04,2036.66,0.0
603-M4418338,APARTAMENTO,VENTA,20.82,203.0,4.0,3.0,850000.0,2.0,SANTA BARBARA,6,MAS DE 20 ANOS,4.7,-74.05,USADO,,0,1,0,0,1,0,0,0,0,1,False,USAQUEN,SAN PATRICIO,Pepe Sierra,476.48,1,PARQUE ZONAL ATABANZA,1472.84,0,0.1,,0.5,1.33,0.0,,0.02,246.06,2.0
815-M4199312,APARTAMENTO,VENTA,19.88,131.2,3.0,2.0,3921395.93,0.0,LA SOLEDAD,3,MAS DE 20 ANOS,4.62,-74.07,USADO,,0,0,0,0,0,0,0,0,0,1,False,TEUSAQUILLO,ARMENIA,Calle 26,254.29,1,PARQUE METROPOLITANO EL RENACIMIENTO - PARQUE CEMENTERIO CENTRAL,335.07,1,0.15,,0.0,1.5,0.0,,0.02,519.36,0.0
11369-M4675843,APARTAMENTO,VENTA,19.81,93.0,3.0,2.0,341000.0,1.0,ORQUIDEAS,4,ENTRE 5 Y 10 ANOS,4.74,-74.03,USADO,,0,0,0,1,1,0,0,0,0,1,False,USAQUEN,SANTA TERESA,Toberin - Foundever,2133.01,0,PARQUE ZONAL SERVITA,429.8,1,0.21,,0.33,1.5,0.0,,0.03,1004.46,0.0
603-M4418234,APARTAMENTO,VENTA,19.93,70.0,3.0,2.0,485000.0,1.0,CHICO,6,MAS DE 20 ANOS,4.68,-74.05,USADO,,0,0,0,0,1,0,0,0,0,1,False,CHAPINERO,S.C. CHICO NORTE,Virrey,1115.25,0,PARQUE ZONAL CANAL EL VIRREY EL CHICO,674.84,0,0.28,,0.33,1.5,0.0,,0.04,85.72,2.0
5031-M4568648,APARTAMENTO,VENTA,19.78,60.0,2.0,2.0,357000.0,1.0,CEDRITOS,4,ENTRE 10 Y 20 ANOS,4.72,-74.04,USADO,,0,1,0,1,1,1,0,0,0,1,False,USAQUEN,CEDRITOS,Alcalá,1839.09,0,PARQUE VECINAL NUEVA URBANIZACIÓN EL CEDRITO,511.43,0,0.33,,0.5,1.0,0.0,,0.03,288.03,1.0
73-M3582282,APARTAMENTO,VENTA,20.13,105.0,2.0,2.0,726000.0,2.0,CHICO,6,MAS DE 20 ANOS,4.68,-74.04,USADO,,0,0,0,0,1,1,0,0,0,1,False,CHAPINERO,CHICO RESERVADO,Calle 100 - Marketmedios,1614.43,0,PARQUE VECINAL URBANIZACIÓN LA CABRERA,1214.81,0,0.19,,1.0,1.0,0.0,,0.02,280.15,2.0
957-M4430947,APARTAMENTO,VENTA,20.91,193.0,3.0,4.0,986000.0,4.0,COUNTRY,5,ENTRE 10 Y 20 ANOS,4.72,-74.03,USADO,,0,0,0,1,1,0,0,0,0,1,False,USAQUEN,CEDRITOS,Alcalá,2074.94,0,PARQUE VECINAL NUEVA URBANIZACIÓN EL CEDRITO,599.46,0,0.11,,1.33,0.75,0.0,,0.02,510.05,0.0
73-M4620026,APARTAMENTO,VENTA,20.5,180.0,4.0,5.0,3921395.93,0.0,CEDRITOS,4,MAS DE 20 ANOS,4.73,-74.03,USADO,,0,0,0,0,0,0,0,0,0,1,False,USAQUEN,CEDRO SALAZAR,Calle 146,2262.95,0,PARQUE VECINAL NUEVA URBANIZACIÓN EL CEDRITO,489.9,1,0.11,,0.0,0.8,0.0,,0.02,532.44,0.0
10159-M4705822,APARTAMENTO,VENTA,20.32,68.0,2.0,2.0,407000.0,2.0,CEDRITOS,4,ENTRE 0 Y 5 ANOS,4.72,-74.03,USADO,,0,0,0,1,1,0,0,0,0,1,False,USAQUEN,CAOBOS SALAZAR,Calle 142,1971.45,0,PARQUE VECINAL NUEVA URBANIZACIÓN EL CEDRITO,122.17,1,0.3,,1.0,1.0,0.0,,0.03,643.56,0.0
2671-M3817126,APARTAMENTO,VENTA,21.64,364.8,5.0,4.0,2300000.0,3.0,CHICO,6,MAS DE 20 ANOS,4.67,-74.04,USADO,,0,0,0,0,1,0,0,0,0,1,False,CHAPINERO,CHICO ALTO,Calle 85,1880.62,0,PARQUE VECINAL URBANIZACIÓN LA CABRERA,822.28,0,0.06,,0.6,1.25,0.0,,0.01,773.68,0.0
11013-M4295713,APARTAMENTO,VENTA,20.67,148.0,3.0,3.0,1079000.0,2.0,CHICO,6,MAS DE 20 ANOS,4.67,-74.04,USADO,,0,1,0,1,1,0,1,0,0,1,False,CHAPINERO,CHICO ALTO,Calle 85,1989.42,0,PARQUE VECINAL URBANIZACIÓN LA CABRERA,932.05,0,0.14,,0.67,1.0,0.0,,0.02,881.81,0.0
11013-M4486656,APARTAMENTO,VENTA,20.99,218.0,3.0,3.0,960000.0,2.0,CHICO,6,MAS DE 20 ANOS,4.66,-74.05,USADO,,0,1,0,1,1,0,0,0,0,1,False,CHAPINERO,LOS ROSALES,Calle 72,1337.79,0,PARQUE ZONAL SAN ANDRÉS,822.45,0,0.1,,0.67,1.0,0.0,,0.01,608.68,0.0
603-M4418002,APARTAMENTO,VENTA,20.23,149.0,3.0,3.0,570000.0,2.0,COUNTRY,5,MAS DE 20 ANOS,4.72,-74.03,USADO,,0,0,0,0,0,1,0,0,0,1,False,USAQUEN,CEDRITOS,Alcalá,2123.91,0,PARQUE VECINAL NUEVA URBANIZACIÓN EL CEDRITO,821.03,0,0.14,,0.67,1.0,0.0,,0.02,400.93,2.0
603-M4669476,APARTAMENTO,VENTA,19.52,62.0,2.0,2.0,208000.0,0.0,FONTIBON TINTAL,3,ENTRE 10 Y 20 ANOS,4.67,-74.14,USADO,,0,0,0,0,0,0,0,0,0,1,False,FONTIBON,VILLEMAR,Portal El Dorado,2247.51,0,PARQUE VECINAL VILLA HELENA VILLEMAR,254.79,1,0.31,,0.0,1.0,0.0,,0.03,1048.9,0.0
603-M4420968,APARTAMENTO,VENTA,19.45,67.0,3.0,2.0,172000.0,1.0,COLINA Y ALREDEDORES,3,MAS DE 20 ANOS,4.75,-74.06,USADO,,0,0,0,0,1,0,0,0,0,1,False,SUBA,,Portal Norte,1035.31,0,PARQUE ZONAL SAN JOSÉ DE BAVARIA,993.27,0,0.29,,0.33,1.5,0.0,,0.04,1593.44,0.0
920-M4613228,APARTAMENTO,VENTA,19.09,54.0,3.0,2.0,136000.0,0.0,FONTIBON TINTAL,3,ENTRE 0 Y 5 ANOS,4.68,-74.17,USADO,,0,0,0,1,1,1,0,0,0,1,False,FONTIBON,EL CHARCO,Portal El Dorado,4943.45,0,PARQUE METROPOLITANO ZONA FRANCA,1518.5,0,0.35,,0.0,1.5,0.0,,0.06,2944.96,0.0
2396-M3991287,APARTAMENTO,VENTA,20.64,122.0,3.0,3.0,543000.0,2.0,,5,ENTRE 10 Y 20 ANOS,4.64,-74.05,USADO,,0,0,0,1,1,0,1,0,0,1,False,CHAPINERO,VISTA HERMOSA - MARIA CRISTINA,Calle 57,1221.93,0,PARQUE ZONAL GUSTAVO URIBE BOTERO,867.7,0,0.17,,0.67,1.0,0.0,,0.02,998.5,0.0
5545-M4202257,APARTAMENTO,VENTA,21.03,134.85,3.0,4.0,1000000.0,3.0,SANTA BARBARA,5,ENTRE 0 Y 5 ANOS,4.7,-74.05,USADO,,0,1,0,1,1,0,0,0,0,1,True,USAQUEN,SANTA BARBARA OCCIDENTAL,Calle 127,1035.36,0,PARQUE METROPOLITANO EL COUNTRY,778.44,0,0.16,,1.0,0.75,0.0,,0.02,373.67,1.0
920-M3680483,APARTAMENTO,VENTA,20.5,167.0,3.0,3.0,1168700.0,3.0,CHICO,6,MAS DE 20 ANOS,4.68,-74.05,USADO,,0,1,0,0,1,0,0,0,0,1,False,CHAPINERO,S.C. CHICO NORTE,Calle 100 - Marketmedios,837.27,0,PARQUE ZONAL CANAL EL VIRREY EL CHICO,671.05,0,0.12,,1.0,1.0,0.0,,0.02,260.85,3.0
12500-M4660537,APARTAMENTO,VENTA,19.92,84.0,2.0,2.0,629100.0,2.0,COUNTRY,5,ENTRE 10 Y 20 ANOS,4.72,-74.05,USADO,,0,1,0,0,1,1,0,0,0,1,False,USAQUEN,LOS CEDROS,Alcalá,162.06,1,PARQUE VECINAL PRADO PINZÓN,720.36,0,0.24,,1.0,1.0,0.0,,0.02,353.43,1.0
416-M4183344,APARTAMENTO,VENTA,20.16,100.0,3.0,2.0,467000.0,2.0,,4,ENTRE 5 Y 10 ANOS,4.75,-74.02,USADO,,1,1,0,1,1,0,0,0,0,0,False,USAQUEN,SANTA TERESA,Toberin - Foundever,2469.33,0,PARQUE ZONAL SERVITA,416.61,1,0.2,,0.67,1.5,0.0,,0.03,1280.45,0.0
920-M4740565,APARTAMENTO,VENTA,21.42,290.0,3.0,4.0,1000000.0,4.0,CHICO,6,MAS DE 20 ANOS,4.68,-74.05,USADO,,0,0,0,0,1,0,0,0,0,1,False,CHAPINERO,S.C. CHICO NORTE,Calle 100 - Marketmedios,1109.64,0,PARQUE ZONAL CANAL EL VIRREY EL CHICO,831.49,0,0.07,,1.33,0.75,0.0,,0.01,264.32,2.0
416-M4563213,APARTAMENTO,VENTA,20.28,142.0,3.0,3.0,932000.0,2.0,,5,MAS DE 20 ANOS,4.71,-74.06,USADO,,0,1,0,0,1,0,0,0,0,0,False,SUBA,EL BATAN,Calle 127,407.52,1,PARQUE ZONAL ATABANZA,373.06,1,0.14,,0.67,1.0,0.0,,0.02,554.84,0.0
504-M4591259,APARTAMENTO,VENTA,20.68,149.73,2.0,2.0,1000000.0,1.0,CHICO,6,MAS DE 20 ANOS,4.67,-74.05,USADO,,0,0,0,0,1,1,0,0,0,1,False,CHAPINERO,LA CABRERA,Calle 85,1130.17,0,PARQUE VECINAL URBANIZACIÓN LA CABRERA,126.57,1,0.14,,0.5,1.0,0.0,,0.01,186.63,4.0
14392-M4496015,APARTAMENTO,VENTA,21.22,168.7,4.0,3.0,1677000.0,2.0,CHICO,5,MAS DE 20 ANOS,4.66,-74.05,USADO,,0,1,0,1,1,1,0,0,0,1,False,CHAPINERO,CONJUNTO HOTELERO LOS ROSALES,Calle 72,1641.73,0,PARQUE ZONAL GUSTAVO URIBE BOTERO,825.32,0,0.13,,0.5,1.33,0.0,,0.02,892.09,0.0
4796-M4146624,APARTAMENTO,VENTA,20.07,120.0,3.0,2.0,470000.0,1.0,COLINA Y ALREDEDORES,5,MAS DE 20 ANOS,4.73,-74.06,USADO,,0,0,0,1,0,1,0,0,0,1,False,SUBA,COLPATRIA SANTA HELENA II SECTOR,Gratamira,1361.82,0,PARQUE VECINAL URBANIZACIÓN LA LAGUNA,1016.29,0,0.17,,0.33,1.5,0.0,,0.02,425.65,2.0
13294-M4654990,APARTAMENTO,VENTA,20.7,173.0,3.0,3.0,950000.0,2.0,CHICO,6,MAS DE 20 ANOS,4.68,-74.06,USADO,,0,1,0,0,1,0,0,0,0,1,False,CHAPINERO,S.C. CHICO NORTE,Virrey,401.51,1,PARQUE VECINAL URBANIZACIÓN NORMANDIA I II II Y IV SECTOR,287.78,1,0.12,,0.67,1.0,0.0,,0.02,373.33,1.0
73-M4434610,APARTAMENTO,VENTA,19.9,84.4,2.0,2.0,380000.0,2.0,COLINA Y ALREDEDORES,5,MAS DE 20 ANOS,4.73,-74.07,USADO,,0,0,0,0,1,1,0,0,0,1,False,SUBA,URB. PLAZA VALLARTA,Gratamira,737.0,0,PARQUE ZONAL EL TOMILLAR,992.87,0,0.24,,1.0,1.0,0.0,,0.02,373.18,1.0
920-M3327974,APARTAMENTO,VENTA,20.21,91.0,3.0,3.0,730000.0,1.0,CHAPINERO ALTO,5,MAS DE 20 ANOS,4.65,-74.05,USADO,,0,0,0,0,1,0,0,0,0,1,False,CHAPINERO,SANTO DOMINGO,Calle 63,1426.16,0,PARQUE ZONAL GUSTAVO URIBE BOTERO,289.51,1,0.22,,0.33,1.0,0.0,,0.03,636.58,0.0
920-M4636121,APARTAMENTO,VENTA,20.02,109.0,3.0,4.0,811893.0,2.0,CEDRITOS,4,ENTRE 10 Y 20 ANOS,4.72,-74.03,USADO,,0,0,0,1,1,0,0,0,0,1,False,USAQUEN,LAS_ACACIAS,Calle 142,2204.01,0,PARQUE VECINAL NUEVA URBANIZACIÓN EL CEDRITO,284.61,1,0.18,,0.67,0.75,0.0,,0.03,801.06,0.0
73-M3755299,APARTAMENTO,VENTA,20.09,117.0,3.0,2.0,696000.0,1.0,NICOLAS DE FEDERMAN,5,MAS DE 20 ANOS,4.65,-74.08,USADO,,0,0,0,0,1,0,0,0,0,1,False,TEUSAQUILLO,NICOLAS DE FEDERMAN,Campín - UAN,508.94,0,PARQUE ZONAL NICOLAS DE FEDERMAN 3,267.97,1,0.17,,0.33,1.5,0.0,,0.03,610.6,0.0
10159-M4706175,APARTAMENTO,VENTA,20.64,142.0,3.0,4.0,540000.0,2.0,FONTIBON TINTAL,4,ENTRE 10 Y 20 ANOS,4.66,-74.13,USADO,,0,1,0,1,1,1,1,0,0,1,False,FONTIBON,EL TINTAL A.S.D.,Normandía,2020.25,0,PARQUE ZONAL CANAL BOYACA,1231.39,0,0.15,,0.67,0.75,0.0,,0.02,670.7,0.0
15180-M4487702,APARTAMENTO,VENTA,19.58,74.0,3.0,3.0,3921395.93,1.0,,4,ENTRE 10 Y 20 ANOS,4.74,-74.03,USADO,,0,0,0,1,1,0,0,0,0,0,False,USAQUEN,VILLAS DE ARANJUEZ,Toberin - Foundever,1628.11,0,PARQUE VECINAL URBANIZACIÓN TOBERIN,793.84,0,0.26,,0.33,1.0,0.0,,0.04,524.04,0.0
10159-M4705819,APARTAMENTO,VENTA,20.03,90.0,3.0,3.0,298000.0,1.0,COLINA Y ALREDEDORES,4,ENTRE 10 Y 20 ANOS,4.74,-74.06,USADO,,0,1,0,1,1,1,0,0,0,1,False,SUBA,MAZUREN,Mazurén,1091.88,0,PARQUE VECINAL URBANIZACIÓN LA LAGUNA,580.71,0,0.22,,0.33,1.0,0.0,,0.03,962.7,0.0
10930-M4684998,APARTAMENTO,VENTA,20.34,82.0,3.0,2.0,210000.0,1.0,,4,MAS DE 20 ANOS,4.66,-74.12,USADO,,0,0,0,1,1,0,0,0,0,0,False,FONTIBON,EL TINTAL A.S.D.,AV. Rojas,1852.86,0,PARQUE VECINAL CARLOS LLERAS (EL FUEGO),1069.8,0,0.25,,0.33,1.5,0.0,,0.04,510.45,0.0
15180-M4658522,APARTAMENTO,VENTA,20.82,195.0,4.0,4.0,3921395.93,0.0,,5,MAS DE 20 ANOS,4.71,-74.05,USADO,,0,0,0,0,0,0,0,0,0,0,False,USAQUEN,,Prado,453.18,1,PARQUE ZONAL ATABANZA,876.11,0,0.11,,0.0,1.0,0.0,,0.02,499.33,1.0
920-M4735629,APARTAMENTO,VENTA,19.32,60.0,3.0,2.0,3921395.93,1.0,ENGATIVA,4,ENTRE 5 Y 10 ANOS,4.72,-74.12,USADO,,0,0,0,1,1,1,0,0,0,1,False,ENGATIVA,GRAN GRANADA,Portal 80,1964.37,0,PARQUE ZONAL VILLAS DE GRANADA,539.51,0,0.32,,0.33,1.5,0.0,,0.05,1751.91,0.0
15180-M4657840,APARTAMENTO,VENTA,21.56,284.0,3.0,4.0,3921395.93,4.0,,6,ENTRE 5 Y 10 ANOS,4.72,-74.08,USADO,,0,1,0,1,1,0,0,0,0,0,False,SUBA,BELLOMONTE SUBA,Gratamira,462.6,1,PARQUE VECINAL AGRUPACIÓN DE VIVIENDA EN BALCON DE LINDARAJA,1102.43,0,0.08,,1.33,0.75,0.0,,0.01,1455.3,0.0
920-M4457715,APARTAMENTO,VENTA,20.45,329.0,3.0,3.0,200000.0,1.0,CEDRITOS,4,MAS DE 20 ANOS,4.72,-74.04,USADO,,0,1,0,0,0,0,0,0,0,1,False,USAQUEN,LOS CEDRITOS,Calle 142,857.28,0,PARQUE VECINAL NUEVA URBANIZACIÓN EL CEDRITO,1063.76,0,0.06,,0.33,1.0,0.0,,0.01,661.87,0.0
2123-3384425,APARTAMENTO,VENTA,20.91,176.0,3.0,4.0,870000.0,2.0,COUNTRY,6,ENTRE 10 Y 20 ANOS,4.72,-74.03,USADO,,0,1,0,0,1,0,0,0,0,0,False,USAQUEN,LA CANADA,Alcalá,2739.86,0,PARQUE VECINAL NUEVA URBANIZACIÓN EL CEDRITO,942.77,0,0.12,,0.67,0.75,0.0,,0.02,393.15,1.0
4660-M4635097,APARTAMENTO,VENTA,19.92,85.0,3.0,3.0,330000.0,1.0,FONTIBON TINTAL,3,ENTRE 0 Y 5 ANOS,4.67,-74.14,USADO,,0,0,0,1,1,0,1,0,0,1,False,FONTIBON,S.C. EL TINTAL CENTRAL,Portal El Dorado,2382.16,0,PARQUE VECINAL VILLA HELENA VILLEMAR,445.8,1,0.23,,0.33,1.0,0.0,,0.04,911.07,0.0
2123-M3086783,APARTAMENTO,VENTA,20.77,163.0,3.0,5.0,850000.0,2.0,,5,ENTRE 10 Y 20 ANOS,4.72,-74.07,USADO,,0,0,0,1,1,1,1,0,0,1,False,SUBA,PRADO SUR,Niza - Calle 127,936.74,0,PARQUE ZONAL LOS LACHES LA MINA,986.38,0,0.13,,0.67,0.6,0.0,,0.02,759.51,0.0
920-M4695890,APARTAMENTO,VENTA,19.53,63.0,3.0,2.0,210000.0,1.0,SALITRE MODELIA,4,ENTRE 5 Y 10 ANOS,4.67,-74.13,USADO,,0,0,0,0,1,1,0,0,0,1,False,FONTIBON,CAPELLANIA,Portal El Dorado,1587.99,0,PARQUE VECINAL VILLA HELENA VILLEMAR,835.71,0,0.31,,0.33,1.5,0.0,,0.05,947.3,0.0
4498-M3528567,APARTAMENTO,VENTA,21.59,339.7,4.0,4.0,1659000.0,4.0,COUNTRY,6,ENTRE 10 Y 20 ANOS,4.71,-74.03,USADO,,0,0,0,1,1,0,1,0,0,1,False,USAQUEN,GINEBRA,Prado,2791.82,0,PARQUE METROPOLITANO EL COUNTRY,1272.95,0,0.06,,1.0,1.0,0.0,,0.01,488.55,1.0
771-M4371543,APARTAMENTO,VENTA,21.79,292.0,3.0,4.0,2011000.0,4.0,CHICO,6,ENTRE 10 Y 20 ANOS,4.66,-74.05,USADO,,0,1,0,1,0,0,0,0,0,1,False,CHAPINERO,LOS ROSALES,Calle 76 - San Felipe,1399.92,0,PARQUE ZONAL SAN ANDRÉS,659.47,0,0.07,,1.33,0.75,0.0,,0.01,783.28,0.0
73-M3684827,APARTAMENTO,VENTA,20.95,192.2,3.0,5.0,1260000.0,3.0,SANTA BARBARA,6,ENTRE 10 Y 20 ANOS,4.69,-74.06,USADO,,0,0,0,1,1,0,0,0,0,1,False,USAQUEN,SANTA BIBIANA,Calle 106,130.61,1,PARQUE ZONAL CANAL CORDOBA,1484.0,0,0.11,,1.0,0.6,0.0,,0.02,616.28,0.0
4796-M4622847,APARTAMENTO,VENTA,19.41,27.71,1.0,1.0,3921395.93,0.0,CHAPINERO,4,ENTRE 0 Y 5 ANOS,4.64,-74.07,USADO,,0,0,0,1,0,0,0,0,0,1,False,TEUSAQUILLO,CHAPINERO OCCIDENTAL,Calle 57,266.61,1,PARQUE ESCENARIO DEPORTIVO EL CAMPINCITO - CEAD,1137.43,0,0.7,,0.0,1.0,0.0,,0.04,745.87,0.0
73-M4680472,APARTAMENTO,VENTA,19.68,85.0,3.0,2.0,360000.0,1.0,ENGATIVA,4,ENTRE 5 Y 10 ANOS,4.72,-74.13,USADO,,0,0,0,0,1,1,0,0,0,1,False,ENGATIVA,S.C. ENGATIVA EL DORADO,Portal 80,2549.15,0,PARQUE METROPOLITANO PLANTA DE TRATAMIENTO SALITRE,803.15,0,0.23,,0.33,1.5,0.0,,0.04,2335.65,0.0
12500-M4677120,APARTAMENTO,VENTA,19.96,89.0,2.0,3.0,601000.0,2.0,CERROS DE SUBA,6,MAS DE 20 ANOS,4.72,-74.08,USADO,,0,0,0,0,1,1,0,0,0,1,False,SUBA,S.C. NIZA SUBA,Suba - AV. Boyacá,146.75,1,PARQUE VECINAL AGRUPACIÓN DE VIVIENDA EN BALCON DE LINDARAJA,806.74,0,0.22,,1.0,0.67,0.0,,0.02,1117.06,0.0
416-M4638207,APARTAMENTO,VENTA,19.55,62.0,3.0,2.0,170000.0,1.0,,3,MAS DE 20 ANOS,4.65,-74.14,USADO,,0,0,0,1,1,0,0,0,0,0,False,KENNEDY,CASTILLA REAL,Mandalay,1762.63,0,PARQUE VECINAL VILLA ALSACIA,333.45,1,0.32,,0.33,1.5,0.0,,0.05,1114.23,0.0
4796-M4622691,APARTAMENTO,VENTA,19.89,34.34,1.0,1.0,3921395.93,0.0,CHAPINERO,4,ENTRE 0 Y 5 ANOS,4.64,-74.07,USADO,,0,0,0,1,0,0,0,0,0,1,False,TEUSAQUILLO,CHAPINERO OCCIDENTAL,Calle 57,266.61,1,PARQUE ESCENARIO DEPORTIVO EL CAMPINCITO - CEAD,1137.43,0,0.58,,0.0,1.0,0.0,,0.03,745.87,0.0
15925-M4464709,APARTAMENTO,VENTA,20.03,95.0,3.0,2.0,478000.0,2.0,,4,ENTRE 5 Y 10 ANOS,4.74,-74.06,USADO,,0,0,0,1,1,0,0,0,0,0,False,SUBA,MAZUREN,Mazurén,931.34,0,PARQUE VECINAL DESARROLLO CANTALEJO URBANIZACIÓN CANTALEJO MANZANA B,429.97,1,0.21,,0.67,1.5,0.0,,0.03,1346.92,0.0
73-M4165732,APARTAMENTO,VENTA,19.86,54.0,1.0,1.0,3921395.93,1.0,CHAPINERO ALTO,6,ENTRE 10 Y 20 ANOS,4.64,-74.06,USADO,,0,1,0,1,1,0,0,0,0,1,False,CHAPINERO,SIBERIA - CASTILLO CALDERON TEJADA,Calle 57,1032.44,0,PARQUE ZONAL GUSTAVO URIBE BOTERO,1294.04,0,0.37,,1.0,1.0,0.0,,0.02,1295.21,0.0
3220-M4463456,APARTAMENTO,VENTA,21.37,252.0,4.0,5.0,1600000.0,3.0,COUNTRY,6,ENTRE 10 Y 20 ANOS,4.71,-74.03,USADO,,0,1,0,1,1,0,0,0,0,1,False,USAQUEN,BOSQUES DE MEDINA,Prado,3036.05,0,PARQUE METROPOLITANO EL COUNTRY,1596.9,0,0.08,,0.75,0.8,0.0,,0.02,678.98,0.0
16474-M4645026,APARTAMENTO,VENTA,19.72,82.2,4.0,3.0,370000.0,2.0,COLINA Y ALREDEDORES,4,MAS DE 20 ANOS,4.73,-74.07,USADO,,0,0,0,1,1,1,0,0,0,1,False,SUBA,EL RINCON DE IBERIA,Gratamira,1024.22,0,PARQUE VECINAL PRADO PINZÓN,1292.02,0,0.24,,0.5,1.33,0.0,,0.05,95.52,1.0
11013-M4702573,APARTAMENTO,VENTA,20.99,209.0,4.0,4.0,1200000.0,4.0,CEDRITOS,6,MAS DE 20 ANOS,4.73,-74.05,USADO,,0,1,0,0,1,0,0,0,0,1,False,USAQUEN,LAS MARGARITAS II SECTOR,Calle 146,423.67,1,PARQUE VECINAL URBANIZACIÓN VICTORIA NORTE,931.38,0,0.1,,1.0,1.0,0.0,,0.02,1171.72,0.0
4278-M4647740,APARTAMENTO,VENTA,19.57,41.0,1.0,2.0,373000.0,1.0,CHAPINERO ALTO,4,ENTRE 5 Y 10 ANOS,4.63,-74.06,USADO,,0,0,0,1,1,0,0,0,0,1,False,CHAPINERO,S.C. PARDO RUBIO,Marly,575.29,0,PARQUE METROPOLITANO PARQUE NACIONAL (PM2A) ENRIQUE OLAYA HERRERA (SECTOR HISTORICO),1073.72,0,0.48,,1.0,0.5,0.0,,0.02,376.5,1.0
416-M4401620,APARTAMENTO,VENTA,20.82,97.0,2.0,3.0,611878.0,1.0,,6,ENTRE 0 Y 5 ANOS,4.69,-74.05,USADO,,0,0,0,1,1,0,0,0,0,0,False,USAQUEN,SAN PATRICIO,Calle 106,743.72,0,PARQUE METROPOLITANO EL COUNTRY,1681.35,0,0.21,,0.5,0.67,0.0,,0.02,216.52,3.0
603-M4645418,APARTAMENTO,VENTA,19.01,51.0,3.0,2.0,190000.0,1.0,ALTOS DE SUBA Y CERROS DE SAN JORGE,3,ENTRE 0 Y 5 ANOS,4.76,-74.11,USADO,,0,0,0,0,0,1,0,0,0,1,False,SUBA,VEREDA TIBABUYES - FONTANAR DEL RIO,Portal Suba,2140.49,0,PARQUE ZONAL CEFE FONTANAR DEL RIO,475.58,1,0.37,,0.33,1.5,0.0,,0.06,1899.75,0.0
4278-M4647735,APARTAMENTO,VENTA,20.09,125.0,3.0,2.0,518000.0,1.0,SANTA BARBARA,5,MAS DE 20 ANOS,4.7,-74.04,USADO,,0,1,0,0,1,1,0,0,0,1,False,USAQUEN,SANTA BARBARA CENTRAL I SECTOR,Pepe Sierra,1473.73,0,PARQUE METROPOLITANO EL COUNTRY,807.01,0,0.16,,0.33,1.5,0.0,,0.02,538.89,0.0
416-M4563253,APARTAMENTO,VENTA,20.08,111.0,3.0,3.0,500000.0,2.0,,5,MAS DE 20 ANOS,4.7,-74.07,USADO,,0,1,0,1,1,0,0,0,0,0,False,SUBA,LAGOS DE CORDOBA,Humedal Córdoba,462.08,1,PARQUE ZONAL CANAL CORDOBA,395.52,1,0.18,,0.67,1.0,0.0,,0.03,893.28,0.0
416-M4593639,APARTAMENTO,VENTA,21.06,137.0,1.0,1.0,1090000.0,3.0,,6,MAS DE 20 ANOS,4.7,-74.04,USADO,,0,1,0,1,1,0,0,0,0,0,False,USAQUEN,SANTA BARBARA OCCIDENTAL,Pepe Sierra,1165.62,0,PARQUE METROPOLITANO EL COUNTRY,989.53,0,0.15,,3.0,1.0,0.0,,0.01,327.29,1.0
920-M4680308,APARTAMENTO,VENTA,19.9,72.0,2.0,2.0,431000.0,1.0,CEDRITOS,4,ENTRE 5 Y 10 ANOS,4.73,-74.04,USADO,,0,0,0,0,1,0,0,0,0,1,False,USAQUEN,CAOBOS SALAZAR,Calle 142,1610.7,0,PARQUE VECINAL NUEVA URBANIZACIÓN EL CEDRITO,400.13,1,0.28,,0.5,1.0,0.0,,0.03,590.4,0.0
920-M4130274,APARTAMENTO,VENTA,21.68,300.0,3.0,4.0,1680000.0,4.0,CHICO,6,ENTRE 10 Y 20 ANOS,4.67,-74.06,USADO,,1,1,0,1,1,0,0,0,0,1,False,CHAPINERO,S.C. ANTIGUO COUNTRY,Calle 85,515.42,0,PARQUE ZONAL CANAL EL VIRREY EL CHICO,192.94,1,0.07,,1.33,0.75,0.0,,0.01,173.15,3.0
920-M4495613,APARTAMENTO,VENTA,20.89,155.0,3.0,3.0,870000.0,2.0,COUNTRY,6,ENTRE 10 Y 20 ANOS,4.71,-74.03,USADO,,0,0,0,1,1,0,0,0,0,1,False,USAQUEN,BOSQUES DE MEDINA,Prado,2860.84,0,PARQUE METROPOLITANO EL COUNTRY,1472.85,0,0.13,,0.67,1.0,0.0,,0.02,540.54,0.0
920-42149473,APARTAMENTO,VENTA,21.25,238.0,4.0,4.0,3921395.93,2.0,CHICO,6,MAS DE 20 ANOS,4.65,-74.05,USADO,,0,1,0,0,1,0,0,0,0,1,False,CHAPINERO,S.C. BELLAVISTA,Flores – Areandina,1370.93,0,PARQUE ZONAL GUSTAVO URIBE BOTERO,203.2,1,0.09,,0.5,1.0,0.0,,0.02,546.15,0.0
2123-3649092,APARTAMENTO,VENTA,21.28,220.0,3.0,5.0,1400000.0,3.0,COUNTRY,6,ENTRE 10 Y 20 ANOS,4.72,-74.03,USADO,,0,1,0,1,1,1,0,0,0,1,False,USAQUEN,AGUA DULCE,Alcalá,2786.44,0,PARQUE VECINAL NUEVA URBANIZACIÓN EL CEDRITO,926.42,0,0.1,,1.0,0.6,0.0,,0.01,516.46,0.0
2671-M3318332,APARTAMENTO,VENTA,21.31,190.0,3.0,4.0,910300.0,3.0,CHICO,6,ENTRE 10 Y 20 ANOS,4.68,-74.05,USADO,,0,1,0,1,1,0,0,0,0,1,True,CHAPINERO,S.C. CHICO NORTE,Virrey,1003.84,0,PARQUE ZONAL CANAL EL VIRREY EL CHICO,526.88,0,0.11,,1.0,0.75,0.0,,0.02,177.88,2.0
3606-M3458761,APARTAMENTO,VENTA,20.99,152.0,3.0,4.0,1380000.0,2.0,SANTA BARBARA,6,ENTRE 0 Y 5 ANOS,4.7,-74.05,USADO,,0,1,0,0,1,0,0,0,0,1,False,USAQUEN,SAN PATRICIO,Pepe Sierra,1087.4,0,PARQUE METROPOLITANO EL COUNTRY,1332.24,0,0.14,,0.67,0.75,0.0,,0.02,221.95,3.0
920-M3869321,APARTAMENTO,VENTA,21.19,198.0,3.0,3.0,1862000.0,2.0,CHICO,6,MAS DE 20 ANOS,4.67,-74.05,USADO,,0,0,0,0,1,0,0,0,0,1,False,CHAPINERO,S.C. EL CHICO,Calle 85,1298.27,0,PARQUE VECINAL URBANIZACIÓN LA CABRERA,278.39,1,0.11,,0.67,1.0,0.0,,0.02,199.82,1.0
10323-M4400521,APARTAMENTO,VENTA,19.61,55.0,2.0,2.0,310000.0,1.0,NIZA ALHAMBRA,5,ENTRE 5 Y 10 ANOS,4.69,-74.06,USADO,,0,0,0,0,1,0,0,0,0,1,False,SUBA,S.C. PASADENA,Calle 106,546.2,0,PARQUE ZONAL CANAL CORDOBA,979.52,0,0.36,,0.5,1.0,0.0,,0.04,739.6,0.0
93-M4508966,APARTAMENTO,VENTA,20.25,117.0,3.0,3.0,480000.0,2.0,COLINA Y ALREDEDORES,5,ENTRE 10 Y 20 ANOS,4.72,-74.06,USADO,,0,0,0,1,1,0,0,0,0,1,False,SUBA,URB. BOCA COLINA,Gratamira,1325.22,0,PARQUE VECINAL PRADO PINZÓN,1022.03,0,0.17,,0.67,1.0,0.0,,0.03,240.07,2.0
504-M4698082,APARTAMENTO,VENTA,20.37,91.33,3.0,3.0,478000.0,2.0,COLINA Y ALREDEDORES,4,ENTRE 0 Y 5 ANOS,4.74,-74.06,USADO,,0,0,0,1,0,0,0,0,0,1,False,SUBA,MAZUREN,Mazurén,992.34,0,PARQUE VECINAL DESARROLLO CANTALEJO URBANIZACIÓN CANTALEJO MANZANA B,422.86,1,0.22,,0.67,1.0,0.0,,0.03,1273.07,0.0
2123-M4164467,APARTAMENTO,VENTA,21.09,224.0,4.0,5.0,1100000.0,4.0,COUNTRY,6,ENTRE 5 Y 10 ANOS,4.72,-74.02,USADO,,0,1,0,1,1,1,0,0,0,1,False,USAQUEN,BOSQUE DE PINOS III,Calle 146,2923.35,0,PARQUE VECINAL NUEVA URBANIZACIÓN EL CEDRITO,1043.17,0,0.09,,1.0,0.8,0.0,,0.02,1106.87,0.0
2266-M3483362,APARTAMENTO,VENTA,21.16,257.0,3.0,5.0,1050000.0,2.0,SANTA BARBARA,6,MAS DE 20 ANOS,4.7,-74.03,USADO,,1,1,0,1,1,0,0,0,0,1,False,USAQUEN,LOS ALPES II SECTOR,Calle 127,2883.92,0,PARQUE METROPOLITANO EL COUNTRY,1237.36,0,0.08,,0.67,0.6,0.0,,0.01,447.64,2.0
11013-M4693051,APARTAMENTO,VENTA,20.52,125.0,3.0,4.0,472000.0,3.0,COUNTRY,4,ENTRE 10 Y 20 ANOS,4.72,-74.04,USADO,,0,1,0,1,0,0,0,0,0,1,False,USAQUEN,CEDRITOS,Alcalá,1839.09,0,PARQUE VECINAL NUEVA URBANIZACIÓN EL CEDRITO,511.43,0,0.16,,1.0,0.75,0.0,,0.02,288.03,1.0
11013-M4693063,APARTAMENTO,VENTA,20.54,98.0,2.0,3.0,500000.0,2.0,SANTA BARBARA,5,ENTRE 0 Y 5 ANOS,4.7,-74.05,USADO,,0,0,0,1,1,0,0,0,0,1,False,USAQUEN,SANTA BARBARA OCCIDENTAL,Calle 127,307.09,1,PARQUE ZONAL ATABANZA,964.06,0,0.21,,1.0,0.67,0.0,,0.02,243.33,5.0
2529-M4550412,APARTAMENTO,VENTA,20.14,101.0,3.0,3.0,520000.0,2.0,COLINA Y ALREDEDORES,5,MAS DE 20 ANOS,4.73,-74.07,USADO,,0,0,0,0,1,1,0,0,0,1,False,SUBA,EL RINCON DE IBERIA,Gratamira,869.03,0,PARQUE VECINAL PRADO PINZÓN,1456.54,0,0.2,,0.67,1.0,0.0,,0.03,288.95,1.0
4498-M3755156,APARTAMENTO,VENTA,21.19,193.69,3.0,4.0,1000000.0,2.0,COUNTRY,6,ENTRE 10 Y 20 ANOS,4.71,-74.03,USADO,,0,1,0,0,1,0,0,0,0,1,False,USAQUEN,GINEBRA,Prado,2847.59,0,PARQUE VECINAL NUEVA URBANIZACIÓN EL CEDRITO,1456.82,0,0.11,,0.67,0.75,0.0,,0.02,445.33,1.0
11013-M4693073,APARTAMENTO,VENTA,20.9,170.0,4.0,4.0,1930000.0,3.0,CHICO,6,MAS DE 20 ANOS,4.68,-74.05,USADO,,0,0,0,0,1,0,0,0,0,1,False,CHAPINERO,S.C. CHICO NORTE III SECTOR,Calle 100 - Marketmedios,422.9,1,PARQUE VECINAL URBANIZACIÓN NORMANDIA I II II Y IV SECTOR,812.59,0,0.12,,0.75,1.0,0.0,,0.02,246.26,2.0
2671-M4333841,APARTAMENTO,VENTA,21.25,249.0,3.0,4.0,1564000.0,3.0,,6,ENTRE 10 Y 20 ANOS,4.66,-74.05,USADO,,0,1,0,1,0,1,0,0,0,1,False,CHAPINERO,LOS ROSALES,Calle 72,1559.41,0,PARQUE ZONAL SAN ANDRÉS,907.56,0,0.09,,1.0,0.75,0.0,,0.01,827.87,0.0
73-M3589519,APARTAMENTO,VENTA,20.42,93.29,2.0,3.0,3921395.93,1.0,COUNTRY,5,ENTRE 0 Y 5 ANOS,4.7,-74.03,USADO,,0,0,0,0,1,1,0,0,0,1,False,USAQUEN,BELLA SUIZA,Calle 127,2691.28,0,PARQUE METROPOLITANO EL COUNTRY,954.55,0,0.22,,0.5,0.67,0.0,,0.02,774.32,0.0
603-M4683931,APARTAMENTO,VENTA,19.45,65.0,3.0,2.0,259000.0,1.0,ORQUIDEAS,4,ENTRE 5 Y 10 ANOS,4.75,-74.02,USADO,,0,0,0,1,0,1,0,0,0,1,False,USAQUEN,S.C. HORIZONTES NORTE,Portal Norte,2442.72,0,PARQUE ZONAL SERVITA,1356.39,0,0.3,,0.33,1.5,0.0,,0.05,1519.89,0.0
416-M4492131,APARTAMENTO,VENTA,20.62,110.0,3.0,2.0,390000.0,2.0,,4,ENTRE 10 Y 20 ANOS,4.67,-74.12,USADO,,0,1,0,1,1,0,0,0,0,0,False,FONTIBON,CAMAVIEJA,Normandía,227.87,1,PARQUE VECINAL MODELIA SECTOR A,575.95,0,0.19,,0.67,1.5,0.0,,0.03,755.65,0.0
3606-M4476670,APARTAMENTO,VENTA,20.99,152.0,3.0,4.0,1380000.0,2.0,SANTA BARBARA,6,ENTRE 0 Y 5 ANOS,4.7,-74.05,USADO,,0,1,0,0,1,0,0,0,0,1,False,USAQUEN,SAN PATRICIO,Pepe Sierra,1087.4,0,PARQUE METROPOLITANO EL COUNTRY,1332.24,0,0.14,,0.67,0.75,0.0,,0.02,221.95,3.0
2671-M4421872,APARTAMENTO,VENTA,21.37,233.0,4.0,5.0,928000.0,2.0,COUNTRY,6,ENTRE 10 Y 20 ANOS,4.72,-74.03,USADO,,0,1,0,1,1,0,0,0,0,1,False,USAQUEN,LISBOA_,Alcalá,2367.81,0,PARQUE VECINAL NUEVA URBANIZACIÓN EL CEDRITO,971.76,0,0.09,,0.5,0.8,0.0,,0.02,198.19,2.0
703-M4513180,APARTAMENTO,VENTA,19.89,58.06,3.0,2.0,470000.0,1.0,COLINA Y ALREDEDORES,3,ENTRE 0 Y 5 ANOS,4.72,-74.06,USADO,,0,0,0,0,1,0,0,0,0,1,False,SUBA,PRADO PINZON,Calle 142,538.5,0,PARQUE VECINAL PRADO PINZÓN,185.02,1,0.34,,0.33,1.5,0.0,,0.05,834.25,0.0
416-M4401654,APARTAMENTO,VENTA,20.72,97.0,2.0,3.0,611878.0,2.0,,6,ENTRE 0 Y 5 ANOS,4.69,-74.05,USADO,,0,0,0,1,1,0,0,0,0,0,False,USAQUEN,SAN PATRICIO,Calle 106,743.72,0,PARQUE METROPOLITANO EL COUNTRY,1681.35,0,0.21,,1.0,0.67,0.0,,0.02,216.52,3.0
3422-M4513776,APARTAMENTO,VENTA,20.72,95.0,2.0,3.0,685000.0,2.0,COUNTRY,6,ENTRE 5 Y 10 ANOS,4.71,-74.05,USADO,,0,1,0,1,1,0,0,0,0,1,False,USAQUEN,LA CALLEJA,Calle 127,894.49,0,PARQUE METROPOLITANO EL COUNTRY,870.27,0,0.22,,1.0,0.67,0.0,,0.02,577.3,0.0
16206-M4656280,APARTAMENTO,VENTA,20.32,115.0,4.0,3.0,555000.0,2.0,CHICO,6,ENTRE 10 Y 20 ANOS,4.68,-74.05,USADO,,0,1,0,0,1,1,0,0,0,1,False,CHAPINERO,S.C. CHICO NORTE III SECTOR,Calle 100 - Marketmedios,723.41,0,PARQUE VECINAL URBANIZACIÓN NORMANDIA I II II Y IV SECTOR,975.76,0,0.18,,0.5,1.33,0.0,,0.03,203.82,3.0
4498-M4501577,APARTAMENTO,VENTA,21.03,134.0,3.0,3.0,840000.0,2.0,SANTA BARBARA,5,ENTRE 0 Y 5 ANOS,4.7,-74.03,USADO,,0,0,0,1,1,1,0,0,0,1,False,USAQUEN,SANTA BARBARA ORIENTAL,Calle 127,2701.1,0,PARQUE METROPOLITANO EL COUNTRY,978.43,0,0.16,,0.67,1.0,0.0,,0.02,670.24,0.0
4796-2450,APARTAMENTO,VENTA,19.63,43.9,1.0,2.0,290322.0,1.0,CHAPINERO ALTO,3,ENTRE 0 Y 5 ANOS,4.65,-74.06,USADO,,0,0,0,1,1,0,0,0,0,1,False,CHAPINERO,S.C. CHAPINERO CENTRAL,Calle 63,283.83,1,PARQUE ZONAL GUSTAVO URIBE BOTERO,1406.67,0,0.45,,1.0,0.5,0.0,,0.02,823.31,0.0
4660-M4635216,APARTAMENTO,VENTA,20.36,128.0,3.0,3.0,1100000.0,1.0,CHICO,6,MAS DE 20 ANOS,4.68,-74.05,USADO,,0,1,0,0,1,0,0,0,0,1,False,CHAPINERO,S.C. CHICO NORTE III SECTOR,Calle 100 - Marketmedios,859.36,0,PARQUE VECINAL URBANIZACIÓN NORMANDIA I II II Y IV SECTOR,1138.53,0,0.16,,0.33,1.0,0.0,,0.02,113.51,2.0
4660-M4635182,APARTAMENTO,VENTA,19.67,77.0,3.0,2.0,318000.0,1.0,ALTOS DE SUBA Y CERROS DE SAN JORGE,4,ENTRE 0 Y 5 ANOS,4.75,-74.09,USADO,,0,0,0,1,1,0,0,0,0,1,False,SUBA,URB. VALLE PATRICIA Y VALLE REFOUS,Portal Suba,474.6,1,PARQUE VECINAL URBANIZACIÓN VALLE DE REFOUS,140.94,1,0.26,,0.33,1.5,0.0,,0.04,634.19,0.0
16474-M4645043,APARTAMENTO,VENTA,19.25,42.0,2.0,1.0,140000.0,0.0,PUENTE ARANDA,3,ENTRE 0 Y 5 ANOS,4.61,-74.11,USADO,,0,0,0,1,1,1,1,0,0,1,False,PUENTE ARANDA,TIBANA,Santa Isabel,1060.88,0,PARQUE VECINAL GORGONZOLA,610.81,0,0.46,,0.0,2.0,0.0,,0.05,2591.03,0.0
4660-M4635036,APARTAMENTO,VENTA,20.67,116.0,3.0,2.0,564000.0,2.0,NIZA ALHAMBRA,5,ENTRE 0 Y 5 ANOS,4.69,-74.06,USADO,,0,1,0,1,1,0,0,0,0,1,False,SUBA,SANTA MARGARITA,Calle 106,486.62,1,PARQUE VECINAL URBANIZACIÓN NORMANDIA I II II Y IV SECTOR,1312.12,0,0.18,,0.67,1.5,0.0,,0.03,716.23,0.0
93-M4435317,APARTAMENTO,VENTA,21.13,123.0,1.0,2.0,1000000.0,2.0,,6,ENTRE 5 Y 10 ANOS,4.66,-74.05,USADO,,0,0,0,1,1,0,0,0,0,1,False,CHAPINERO,S.C. EL RETIRO,Héroes - Gel´Hada,1335.42,0,PARQUE ZONAL SAN ANDRÉS,354.85,1,0.17,,2.0,0.5,0.0,,0.01,502.68,0.0
350-M4324655,APARTAMENTO,VENTA,19.49,62.78,2.0,1.0,120000.0,2.0,CEDRITOS,4,MAS DE 20 ANOS,4.73,-74.03,USADO,,0,0,0,0,0,0,0,0,0,1,False,USAQUEN,CEDRO SALAZAR,Calle 146,2439.5,0,PARQUE ZONAL ALTA BLANCA,707.59,0,0.31,,1.0,2.0,0.0,,0.03,555.36,0.0
635-M4138393,APARTAMENTO,VENTA,20.14,113.0,3.0,3.0,359000.0,1.0,NICOLAS DE FEDERMAN,4,MAS DE 20 ANOS,4.65,-74.08,USADO,,0,0,0,0,0,1,0,0,0,1,False,TEUSAQUILLO,PABLO VI NORTE,Movistar Arena,807.65,0,PARQUE ESCENARIO DEPORTIVO COMPLEJO ACUATICO,208.61,1,0.18,,0.33,1.0,0.0,,0.03,894.77,0.0
350-M4654760,APARTAMENTO,VENTA,19.67,48.0,1.0,2.0,441000.0,2.0,CHAPINERO ALTO,5,ENTRE 10 Y 20 ANOS,4.65,-74.05,USADO,,0,0,0,1,1,0,0,0,0,1,False,CHAPINERO,NUEVA_GRANADA,Calle 63,1233.11,0,PARQUE ZONAL GUSTAVO URIBE BOTERO,549.77,0,0.41,,2.0,0.5,0.0,,0.02,718.43,0.0
10930-M4383567,APARTAMENTO,VENTA,20.12,69.0,2.0,2.0,490000.0,1.0,,4,ENTRE 5 Y 10 ANOS,4.63,-74.08,USADO,,0,0,0,0,1,0,0,0,0,0,False,TEUSAQUILLO,LAS AMERICAS,Concejo de Bogotá,95.83,1,PARQUE METROPOLITANO EL RENACIMIENTO - PARQUE CEMENTERIO CENTRAL,832.19,0,0.29,,0.5,1.0,0.0,,0.03,553.39,0.0
73-M3423893,APARTAMENTO,VENTA,20.15,128.0,3.0,3.0,911000.0,1.0,COUNTRY,4,MAS DE 20 ANOS,4.72,-74.04,USADO,,0,1,0,0,0,0,0,0,0,1,True,USAQUEN,NUEVO COUNTRY,Alcalá,1144.2,0,PARQUE VECINAL NUEVA URBANIZACIÓN EL CEDRITO,1001.31,0,0.16,,0.33,1.0,0.0,,0.02,434.95,1.0
15180-M4335560,APARTAMENTO,VENTA,19.32,60.0,3.0,2.0,278000.0,0.0,,3,ENTRE 0 Y 5 ANOS,4.74,-74.09,USADO,,0,0,0,1,1,0,0,0,0,0,False,SUBA,SAN_JORGE,Suba - TV. 91,498.98,1,PARQUE ZONAL BELLAVISTA DINDALITO,526.04,0,0.32,,0.0,1.5,0.0,,0.05,1356.25,0.0
920-M3269912,APARTAMENTO,VENTA,19.88,38.0,1.0,2.0,350000.0,1.0,CHAPINERO ALTO,4,ENTRE 0 Y 5 ANOS,4.65,-74.06,USADO,,0,0,0,1,1,0,1,0,0,1,True,CHAPINERO,S.C. CHAPINERO NORTE,Calle 63,366.96,1,PARQUE ZONAL GUSTAVO URIBE BOTERO,1144.29,0,0.52,,1.0,0.5,0.0,,0.03,279.8,1.0
12715-M4734691,APARTAMENTO,VENTA,20.29,86.0,3.0,2.0,380000.0,2.0,COLINA Y ALREDEDORES,4,ENTRE 5 Y 10 ANOS,4.73,-74.07,USADO,,0,0,0,1,1,1,1,0,0,1,False,SUBA,BOSQUE DE GRATAMIRA I Y II,Gratamira,407.19,1,PARQUE ZONAL EL TOMILLAR,1205.24,0,0.24,,0.67,1.5,0.0,,0.03,674.62,0.0
920-M4439848,APARTAMENTO,VENTA,19.16,18.0,1.0,1.0,120000.0,0.0,CHAPINERO ALTO,4,ENTRE 0 Y 5 ANOS,4.65,-74.06,USADO,,1,0,0,1,1,1,1,0,0,1,False,CHAPINERO,S.C. CHAPINERO CENTRAL,Calle 63,337.66,1,PARQUE ZONAL GUSTAVO URIBE BOTERO,1304.04,0,1.06,,0.0,1.0,0.0,,0.06,804.32,0.0
920-M4673741,APARTAMENTO,VENTA,20.2,68.0,1.0,2.0,605800.0,1.0,CHAPINERO ALTO,4,ENTRE 5 Y 10 ANOS,4.65,-74.06,USADO,,0,0,0,0,1,0,0,0,0,1,False,CHAPINERO,S.C. CHAPINERO NORTE,Calle 63,673.46,0,PARQUE ZONAL GUSTAVO URIBE BOTERO,759.24,0,0.3,,1.0,0.5,0.0,,0.01,420.01,1.0
416-M4563133,APARTAMENTO,VENTA,21.53,153.0,3.0,4.0,1526000.0,2.0,,6,ENTRE 0 Y 5 ANOS,4.67,-74.05,USADO,,0,1,0,1,1,0,0,0,0,0,False,CHAPINERO,LA CABRERA,Héroes - Gel´Hada,1513.5,0,PARQUE ZONAL SAN ANDRÉS,563.98,0,0.14,,0.67,0.75,0.0,,0.02,644.12,0.0
416-M4563210,APARTAMENTO,VENTA,20.52,147.0,3.0,3.0,1028000.0,2.0,,6,MAS DE 20 ANOS,4.66,-74.05,USADO,,0,1,0,0,0,0,0,0,0,0,False,CHAPINERO,S.C. EL NOGAL,Calle 76 - San Felipe,1244.72,0,PARQUE ZONAL SAN ANDRÉS,419.47,1,0.14,,0.67,1.0,0.0,,0.02,610.74,0.0
11013-M4488682,APARTAMENTO,VENTA,21.06,170.0,3.0,3.0,620000.0,2.0,COUNTRY,6,ENTRE 10 Y 20 ANOS,4.7,-74.04,USADO,,0,1,0,1,1,0,0,0,0,1,False,USAQUEN,LA_CAROLINA,Calle 127,1466.61,0,PARQUE METROPOLITANO EL COUNTRY,285.47,1,0.12,,0.67,1.0,0.0,,0.02,255.15,1.0
703-M3911034,APARTAMENTO,VENTA,20.32,62.0,1.0,2.0,432000.0,2.0,CHICO,6,ENTRE 0 Y 5 ANOS,4.67,-74.04,USADO,,0,0,0,1,1,0,0,0,0,1,False,CHAPINERO,EL REFUGIO,Héroes - Gel´Hada,1701.72,0,PARQUE VECINAL URBANIZACIÓN LA CABRERA,684.06,0,0.33,,2.0,0.5,0.0,,0.02,667.16,0.0
416-M4563129,APARTAMENTO,VENTA,20.17,80.0,1.0,2.0,360000.0,1.0,,4,ENTRE 0 Y 5 ANOS,4.62,-74.07,USADO,,0,0,0,1,1,0,0,0,0,0,False,SANTA FE,LA MERCED,Calle 34,449.28,1,PARQUE METROPOLITANO PARQUE NACIONAL (PM2A) ENRIQUE OLAYA HERRERA (SECTOR HISTORICO),628.0,0,0.25,,1.0,0.5,0.0,,0.01,449.02,3.0
10323-M4688840,APARTAMENTO,VENTA,20.29,130.0,3.0,3.0,500000.0,2.0,SANTA BARBARA,6,MAS DE 20 ANOS,4.69,-74.04,USADO,,0,0,0,0,0,0,0,0,0,1,False,USAQUEN,SANTA BARBARA CENTRAL I Y II,Calle 106,1575.07,0,PARQUE METROPOLITANO EL COUNTRY,1428.63,0,0.16,,0.67,1.0,0.0,,0.02,545.06,0.0
2123-M4124209,APARTAMENTO,VENTA,21.41,220.0,3.0,5.0,1100000.0,3.0,COUNTRY,6,ENTRE 5 Y 10 ANOS,4.71,-74.03,USADO,,0,1,0,0,1,1,0,0,0,1,False,USAQUEN,GINEBRA,Prado,2766.84,0,PARQUE METROPOLITANO EL COUNTRY,1246.94,0,0.1,,1.0,0.6,0.0,,0.01,464.53,1.0
5031-M3288319,APARTAMENTO,VENTA,21.64,220.0,3.0,3.0,1600000.0,4.0,CHICO,4,ENTRE 5 Y 10 ANOS,4.66,-74.05,USADO,,0,1,0,0,1,1,0,0,0,1,False,CHAPINERO,LOS ROSALES,Calle 76 - San Felipe,1399.92,0,PARQUE ZONAL SAN ANDRÉS,659.47,0,0.1,,1.33,1.0,0.0,,0.01,783.28,0.0
2123-M3471203,APARTAMENTO,VENTA,20.95,160.0,3.0,4.0,850000.0,2.0,COUNTRY,6,ENTRE 0 Y 5 ANOS,4.71,-74.03,USADO,,0,1,0,1,1,1,0,0,0,1,False,USAQUEN,BOSQUES DE MEDINA,Prado,2812.1,0,PARQUE METROPOLITANO EL COUNTRY,1399.81,0,0.13,,0.67,0.75,0.0,,0.02,521.56,0.0
4498-M4504003,APARTAMENTO,VENTA,20.41,87.64,1.0,2.0,502000.0,2.0,CHICO,5,ENTRE 5 Y 10 ANOS,4.67,-74.06,USADO,,0,0,0,0,1,0,0,0,0,1,False,CHAPINERO,S.C. ANTIGUO COUNTRY,Calle 85,327.09,1,PARQUE METROPOLITANO RECONCILIACIÓN,272.11,1,0.23,,2.0,0.5,0.0,,0.01,237.63,3.0
2123-M4131296,APARTAMENTO,VENTA,21.02,176.0,3.0,4.0,1000000.0,2.0,COUNTRY,6,ENTRE 10 Y 20 ANOS,4.72,-74.03,USADO,,0,1,0,1,1,1,0,0,0,1,False,USAQUEN,MONTEARROYO,Alcalá,2608.07,0,PARQUE VECINAL NUEVA URBANIZACIÓN EL CEDRITO,954.11,0,0.12,,0.67,0.75,0.0,,0.02,158.82,1.0
4796-M4622645,APARTAMENTO,VENTA,19.41,26.23,1.0,1.0,3921395.93,0.0,CHAPINERO,4,ENTRE 0 Y 5 ANOS,4.64,-74.07,USADO,,0,0,0,1,0,0,0,0,0,1,False,TEUSAQUILLO,CHAPINERO OCCIDENTAL,Calle 57,266.61,1,PARQUE ESCENARIO DEPORTIVO EL CAMPINCITO - CEAD,1137.43,0,0.74,,0.0,1.0,0.0,,0.04,745.87,0.0
3422-M4700966,APARTAMENTO,VENTA,21.05,177.0,3.0,3.0,950000.0,3.0,SANTA BARBARA,5,ENTRE 10 Y 20 ANOS,4.7,-74.05,USADO,,0,1,0,1,1,0,0,0,0,1,False,USAQUEN,SANTA BARBARA OCCIDENTAL,Calle 127,410.28,1,PARQUE ZONAL ATABANZA,1057.41,0,0.12,,1.0,1.0,0.0,,0.02,315.83,5.0
416-M4603897,APARTAMENTO,VENTA,20.91,205.0,2.0,4.0,800000.0,2.0,,6,MAS DE 20 ANOS,4.71,-74.04,USADO,,0,0,0,0,1,0,0,0,0,0,False,USAQUEN,LA_CAROLINA,Calle 127,1510.34,0,PARQUE METROPOLITANO EL COUNTRY,323.24,1,0.1,,1.0,0.5,0.0,,0.01,399.21,1.0
416-M4563227,APARTAMENTO,VENTA,20.25,133.0,3.0,2.0,633400.0,2.0,,5,ENTRE 10 Y 20 ANOS,4.71,-74.05,USADO,,0,1,0,1,1,0,0,0,0,0,False,USAQUEN,,Prado,453.18,1,PARQUE ZONAL ATABANZA,876.11,0,0.15,,0.67,1.5,0.0,,0.02,499.33,1.0
771-M4370685,APARTAMENTO,VENTA,20.37,124.0,3.0,3.0,398000.0,2.0,COLINA Y ALREDEDORES,5,MAS DE 20 ANOS,4.73,-74.06,USADO,,0,0,0,0,1,0,0,0,0,1,False,SUBA,LA COLINA CAMPESTRE II SECTOR,Gratamira,1300.03,0,PARQUE VECINAL PRADO PINZÓN,1016.84,0,0.16,,0.67,1.0,0.0,,0.02,245.8,2.0
11013-M4693085,APARTAMENTO,VENTA,20.95,150.0,2.0,3.0,750000.0,2.0,CHAPINERO ALTO,6,MAS DE 20 ANOS,4.65,-74.06,USADO,,0,0,0,0,0,0,0,0,0,1,True,CHAPINERO,S.C. CHAPINERO NORTE,Calle 63,544.29,0,PARQUE ZONAL GUSTAVO URIBE BOTERO,882.99,0,0.14,,1.0,0.67,0.0,,0.01,518.84,0.0
771-M4642348,APARTAMENTO,VENTA,20.72,132.0,3.0,3.0,1000000.0,2.0,COUNTRY,6,MAS DE 20 ANOS,4.71,-74.04,USADO,,0,1,0,0,1,0,0,0,0,1,False,USAQUEN,LA_CAROLINA,Calle 127,1380.41,0,PARQUE METROPOLITANO EL COUNTRY,485.68,1,0.16,,0.67,1.0,0.0,,0.02,456.65,1.0
14493-M4308533,APARTAMENTO,VENTA,21.21,90.0,1.0,2.0,715000.0,1.0,CHICO,6,ENTRE 0 Y 5 ANOS,4.67,-74.05,USADO,,0,0,0,1,1,1,1,0,0,1,False,CHAPINERO,S.C. EL CHICO,Virrey,1372.27,0,PARQUE VECINAL URBANIZACIÓN LA CABRERA,491.79,1,0.24,,1.0,0.5,0.0,,0.01,400.99,2.0
2751-M4491889,APARTAMENTO,VENTA,19.58,65.0,3.0,2.0,212000.0,1.0,CASTILLA MARSELLA,3,MAS DE 20 ANOS,4.64,-74.13,USADO,,0,0,0,1,0,1,1,0,0,1,False,KENNEDY,LOS PINOS DE MARSELLA,Marsella,637.71,0,PARQUE ZONAL MARSELLA,441.91,1,0.3,,0.33,1.5,0.0,,0.05,1181.73,0.0
73-M4082175,APARTAMENTO,VENTA,20.56,120.0,2.0,2.0,750000.0,2.0,SANTA BARBARA,5,ENTRE 10 Y 20 ANOS,4.69,-74.06,USADO,,0,1,0,0,1,0,0,0,0,1,False,USAQUEN,SANTA BIBIANA,Calle 100 - Marketmedios,488.33,1,PARQUE VECINAL URBANIZACIÓN NORMANDIA I II II Y IV SECTOR,1230.77,0,0.17,,1.0,1.0,0.0,,0.02,766.75,0.0
771-M4438301,APARTAMENTO,VENTA,19.99,70.0,2.0,2.0,380000.0,2.0,CEDRITOS,5,ENTRE 5 Y 10 ANOS,4.74,-74.04,USADO,,0,0,0,1,1,0,0,0,0,1,False,USAQUEN,URB. JARDINES DEL NORTE,Calle 161,547.73,0,PARQUE VECINAL DESARROLLO ESTRELLA DEL NORTE,136.65,1,0.29,,1.0,1.0,0.0,,0.03,1306.6,0.0
12500-M4677136,APARTAMENTO,VENTA,19.8,72.0,3.0,2.0,477000.0,1.0,NIZA ALHAMBRA,5,MAS DE 20 ANOS,4.7,-74.06,USADO,,0,1,0,0,1,1,0,0,0,1,False,SUBA,LA ALHAMBRA SECTOR NORTE,Suba - Calle 116,782.78,0,PARQUE ZONAL CANAL CORDOBA,243.89,1,0.27,,0.33,1.5,0.0,,0.04,1222.6,0.0
2751-M4723814,APARTAMENTO,VENTA,20.2,89.0,3.0,2.0,262000.0,1.0,SALITRE MODELIA,4,ENTRE 10 Y 20 ANOS,4.66,-74.12,USADO,,0,0,0,1,1,1,1,0,0,1,False,FONTIBON,LA ESPERANZA_,AV. Rojas,1320.95,0,PARQUE VECINAL CARLOS LLERAS (EL FUEGO),567.29,0,0.23,,0.33,1.5,0.0,,0.03,789.05,0.0
2751-M4723819,APARTAMENTO,VENTA,20.2,89.0,3.0,2.0,262000.0,1.0,SALITRE MODELIA,4,ENTRE 10 Y 20 ANOS,4.66,-74.12,USADO,,0,0,0,1,1,1,1,0,0,1,False,FONTIBON,LA ESPERANZA_,AV. Rojas,1320.95,0,PARQUE VECINAL CARLOS LLERAS (EL FUEGO),567.29,0,0.23,,0.33,1.5,0.0,,0.03,789.05,0.0
2751-M4659538,APARTAMENTO,VENTA,19.66,40.0,1.0,1.0,3921395.93,0.0,,4,ENTRE 0 Y 5 ANOS,4.64,-74.08,USADO,,0,0,0,0,0,0,0,0,0,1,False,TEUSAQUILLO,GALERIAS,Campín - UAN,438.38,1,PARQUE ESCENARIO DEPORTIVO EL CAMPINCITO - CEAD,412.36,1,0.49,,0.0,1.0,0.0,,0.02,158.67,1.0
272-M4695036,APARTAMENTO,VENTA,19.67,70.0,2.0,2.0,361000.0,2.0,COLINA Y ALREDEDORES,5,MAS DE 20 ANOS,4.73,-74.06,USADO,,0,0,0,0,0,1,0,0,0,1,False,SUBA,LA COLINA CAMPESTRE II SECTOR,Gratamira,1300.03,0,PARQUE VECINAL PRADO PINZÓN,1016.84,0,0.28,,1.0,1.0,0.0,,0.03,245.8,2.0
920-M4699182,APARTAMENTO,VENTA,21.34,188.0,3.0,4.0,1653000.0,2.0,CHICO,6,ENTRE 10 Y 20 ANOS,4.66,-74.05,USADO,,0,0,0,1,1,0,0,0,0,1,False,CHAPINERO,S.C. BELLAVISTA,Calle 76 - San Felipe,1222.24,0,PARQUE ZONAL SAN ANDRÉS,689.83,0,0.11,,0.67,0.75,0.0,,0.02,535.46,0.0
416-M4697510,APARTAMENTO,VENTA,20.54,94.0,2.0,3.0,612000.0,2.0,,5,ENTRE 0 Y 5 ANOS,4.71,-74.03,USADO,,0,0,0,0,1,0,0,0,0,0,False,USAQUEN,GINEBRA NORTE,Prado,2642.99,0,PARQUE METROPOLITANO EL COUNTRY,1116.66,0,0.22,,1.0,0.67,0.0,,0.02,351.86,1.0
839-M4105485,APARTAMENTO,VENTA,19.91,98.0,3.0,3.0,200000.0,1.0,KENNEDY,3,ENTRE 0 Y 5 ANOS,4.65,-74.16,USADO,,0,0,0,1,0,0,0,0,0,1,False,KENNEDY,TINTALA,Biblioteca Tintal,1568.38,0,PARQUE ZONAL SAN IGNACIO,161.07,1,0.2,,0.33,1.0,0.0,,0.03,3341.97,0.0
920-M4603345,APARTAMENTO,VENTA,20.5,124.0,2.0,3.0,1200000.0,2.0,CHICO,6,ENTRE 10 Y 20 ANOS,4.66,-74.05,USADO,,0,1,0,1,1,0,0,0,0,1,False,CHAPINERO,LOS ROSALES,Calle 72,1565.26,0,PARQUE ZONAL GUSTAVO URIBE BOTERO,849.1,0,0.17,,1.0,0.67,0.0,,0.02,820.43,0.0
416-M4563234,APARTAMENTO,VENTA,21.22,209.0,3.0,5.0,2115000.0,3.0,,6,ENTRE 10 Y 20 ANOS,4.7,-74.05,USADO,,0,1,0,0,1,0,0,0,0,0,False,USAQUEN,SAN PATRICIO,Pepe Sierra,802.86,0,PARQUE METROPOLITANO EL COUNTRY,1424.95,0,0.1,,1.0,0.6,0.0,,0.01,193.98,3.0
4796-M4644674,APARTAMENTO,VENTA,21.51,194.0,3.0,4.0,1650000.0,3.0,CHICO,6,ENTRE 10 Y 20 ANOS,4.67,-74.05,USADO,,0,0,0,1,1,0,0,0,0,1,False,CHAPINERO,LA CABRERA,Héroes - Gel´Hada,1475.44,0,PARQUE VECINAL URBANIZACIÓN LA CABRERA,436.79,1,0.11,,1.0,0.75,0.0,,0.02,426.42,1.0
2671-M3850858,APARTAMENTO,VENTA,21.51,310.0,4.0,5.0,1700000.0,3.0,SANTA BARBARA,6,MAS DE 20 ANOS,4.7,-74.05,USADO,,0,1,0,0,1,0,0,0,0,1,True,USAQUEN,SANTA BARBARA OCCIDENTAL,Calle 127,903.72,0,PARQUE METROPOLITANO EL COUNTRY,1048.27,0,0.07,,0.75,0.8,0.0,,0.01,318.52,1.0
703-M4512560,APARTAMENTO,VENTA,19.9,57.11,3.0,2.0,459000.0,1.0,COLINA Y ALREDEDORES,3,ENTRE 0 Y 5 ANOS,4.72,-74.06,USADO,,0,0,0,1,1,0,0,0,0,1,False,SUBA,PRADO PINZON,Calle 142,538.5,0,PARQUE VECINAL PRADO PINZÓN,185.02,1,0.35,,0.33,1.5,0.0,,0.05,834.25,0.0
4498-M3420997,APARTAMENTO,VENTA,20.41,87.64,1.0,2.0,502000.0,2.0,CHICO,5,ENTRE 5 Y 10 ANOS,4.67,-74.06,USADO,,0,0,0,0,1,0,0,0,0,1,False,CHAPINERO,S.C. ANTIGUO COUNTRY,Calle 85,327.09,1,PARQUE METROPOLITANO RECONCILIACIÓN,272.11,1,0.23,,2.0,0.5,0.0,,0.01,237.63,3.0
703-M3329985,APARTAMENTO,VENTA,21.13,393.0,4.0,5.0,1900000.0,3.0,SANTA BARBARA,6,MAS DE 20 ANOS,4.69,-74.05,USADO,,1,1,0,0,1,0,0,0,0,1,False,USAQUEN,SAN PATRICIO,Calle 106,1023.45,0,PARQUE METROPOLITANO EL COUNTRY,1488.37,0,0.05,,0.75,0.8,0.0,,0.01,70.5,3.0
703-M4513175,APARTAMENTO,VENTA,19.92,57.11,2.0,2.0,459000.0,1.0,COLINA Y ALREDEDORES,3,ENTRE 0 Y 5 ANOS,4.72,-74.06,USADO,,0,0,0,1,1,0,0,0,0,1,False,SUBA,PRADO PINZON,Calle 142,538.5,0,PARQUE VECINAL PRADO PINZÓN,185.02,1,0.35,,0.5,1.0,0.0,,0.04,834.25,0.0
73-M4628622,APARTAMENTO,VENTA,19.7,60.0,2.0,2.0,350000.0,1.0,SANTA BARBARA,6,MAS DE 20 ANOS,4.69,-74.04,USADO,,0,0,0,0,1,0,0,0,0,1,False,USAQUEN,SANTA BARBARA CENTRAL III SECTOR,Pepe Sierra,2187.23,0,PARQUE METROPOLITANO EL COUNTRY,1185.61,0,0.33,,0.5,1.0,0.0,,0.03,433.25,4.0
15180-M4622112,APARTAMENTO,VENTA,19.77,72.0,3.0,2.0,380000.0,1.0,,4,ENTRE 10 Y 20 ANOS,4.75,-74.06,USADO,,0,0,0,0,1,0,0,0,0,0,False,SUBA,PORTALES DEL NORTE MARBELLA,Portal Norte,1738.71,0,PARQUE ZONAL SAN JOSÉ DE BAVARIA,267.93,1,0.27,,0.33,1.5,0.0,,0.04,2079.48,0.0
15180-M4535053,APARTAMENTO,VENTA,19.92,54.0,1.0,2.0,388888.0,1.0,,4,ENTRE 0 Y 5 ANOS,4.68,-74.06,USADO,,0,0,0,1,1,0,0,0,0,0,False,BARRIOS UNIDOS,LA CASTELLANA,Suba - Calle 95,338.31,1,PARQUE VECINAL URBANIZACIÓN NORMANDIA I II II Y IV SECTOR,652.44,0,0.37,,1.0,0.5,0.0,,0.02,741.9,0.0
2751-M4682208,APARTAMENTO,VENTA,20.34,89.0,3.0,2.0,286000.0,1.0,SALITRE MODELIA,4,ENTRE 5 Y 10 ANOS,4.66,-74.12,USADO,,0,0,0,1,0,1,1,0,0,1,False,FONTIBON,LA ESPERANZA_,AV. Rojas,1320.95,0,PARQUE VECINAL CARLOS LLERAS (EL FUEGO),567.29,0,0.23,,0.33,1.5,0.0,,0.03,789.05,0.0
15180-M4589100,APARTAMENTO,VENTA,19.97,93.0,3.0,3.0,420000.0,2.0,,5,MAS DE 20 ANOS,4.71,-74.06,USADO,,0,1,0,1,1,0,0,0,0,0,False,SUBA,EL BATAN,Calle 127,894.14,0,PARQUE ZONAL ATABANZA,472.89,1,0.21,,0.67,1.0,0.0,,0.03,1038.59,0.0
12362-M3744969,APARTAMENTO,VENTA,19.72,70.8,3.0,2.0,200000.0,1.0,,3,ENTRE 0 Y 5 ANOS,4.65,-74.14,USADO,,0,0,0,1,1,1,1,0,0,1,False,KENNEDY,BOSCONIA,Transversal 86,1923.43,0,PARQUE VECINAL VILLA ALSACIA,949.89,0,0.28,,0.33,1.5,0.0,,0.04,1693.76,0.0
15180-M4673834,APARTAMENTO,VENTA,19.86,92.0,3.0,2.0,3921395.93,2.0,,4,ENTRE 5 Y 10 ANOS,4.77,-74.03,USADO,,0,0,0,0,0,0,0,0,0,0,False,USAQUEN,ANDALUCIA,Terminal,1231.86,0,PARQUE VECINAL DESARROLLO VERBENAL I,989.13,0,0.22,,0.67,1.5,0.0,,0.03,1034.98,0.0
15180-M4338585,APARTAMENTO,VENTA,20.02,103.0,3.0,3.0,438000.0,2.0,,4,ENTRE 5 Y 10 ANOS,4.75,-74.04,USADO,,0,0,0,1,1,0,0,0,0,0,False,USAQUEN,CANAPRO,Portal Norte,959.54,0,PARQUE VECINAL URBANIZACIÓN CALLE 170 / ALAMEDA,225.13,1,0.19,,0.67,1.0,0.0,,0.03,599.65,0.0
15180-M4549168,APARTAMENTO,VENTA,19.99,72.0,1.0,2.0,699000.0,2.0,,6,MAS DE 20 ANOS,4.7,-74.05,USADO,,0,1,0,0,1,0,0,0,0,0,False,USAQUEN,SAN PATRICIO,Pepe Sierra,239.8,1,PARQUE ZONAL CANAL CORDOBA,1328.51,0,0.28,,2.0,0.5,0.0,,0.01,472.3,1.0
3606-M4476677,APARTAMENTO,VENTA,20.89,179.0,3.0,5.0,720000.0,2.0,SANTA BARBARA,6,ENTRE 10 Y 20 ANOS,4.7,-74.05,USADO,,0,1,0,0,1,0,0,0,0,1,False,USAQUEN,SANTA BARBARA OCCIDENTAL,Pepe Sierra,942.9,0,PARQUE METROPOLITANO EL COUNTRY,1059.38,0,0.12,,0.67,0.6,0.0,,0.02,261.01,1.0
416-M4464721,APARTAMENTO,VENTA,20.32,84.0,3.0,2.0,575000.0,1.0,,4,ENTRE 10 Y 20 ANOS,4.62,-74.07,USADO,,0,0,0,1,1,0,0,0,0,0,False,SANTA FE,SAMPER,Calle 34,271.48,1,PARQUE METROPOLITANO EL RENACIMIENTO - PARQUE CEMENTERIO CENTRAL,635.81,0,0.24,,0.33,1.5,0.0,,0.04,433.31,4.0
2123-M4337440,APARTAMENTO,VENTA,20.25,93.0,3.0,2.0,670000.0,2.0,COUNTRY,5,ENTRE 10 Y 20 ANOS,4.7,-74.03,USADO,,0,0,0,1,1,1,1,0,0,1,False,USAQUEN,SANTA BARBARA ORIENTAL,Calle 127,2496.9,0,PARQUE METROPOLITANO EL COUNTRY,763.12,0,0.22,,0.67,1.5,0.0,,0.03,734.21,0.0
2123-M3167329,APARTAMENTO,VENTA,20.91,160.0,3.0,4.0,765000.0,2.0,COUNTRY,6,ENTRE 10 Y 20 ANOS,4.72,-74.04,USADO,,0,0,0,1,1,1,0,0,0,1,True,USAQUEN,NUEVO COUNTRY,Alcalá,1123.1,0,PARQUE VECINAL NUEVA URBANIZACIÓN EL CEDRITO,1058.53,0,0.13,,0.67,0.75,0.0,,0.02,481.25,1.0
2123-M4034187,APARTAMENTO,VENTA,20.21,101.0,2.0,3.0,530000.0,2.0,CEDRITOS,4,ENTRE 10 Y 20 ANOS,4.73,-74.03,USADO,,0,0,0,1,1,1,1,0,0,1,False,USAQUEN,CEDRO SALAZAR,Calle 146,2479.63,0,PARQUE VECINAL NUEVA URBANIZACIÓN EL CEDRITO,728.36,0,0.2,,1.0,0.67,0.0,,0.02,644.91,0.0
2123-M3180964,APARTAMENTO,VENTA,20.7,147.0,3.0,3.0,640000.0,2.0,SANTA BARBARA,6,ENTRE 10 Y 20 ANOS,4.7,-74.03,USADO,,0,1,0,1,1,1,0,0,0,1,False,USAQUEN,BELLA SUIZA,Calle 127,2579.51,0,PARQUE METROPOLITANO EL COUNTRY,843.26,0,0.14,,0.67,1.0,0.0,,0.02,754.68,0.0
2123-M3663716,APARTAMENTO,VENTA,21.34,250.0,3.0,5.0,1600000.0,3.0,COUNTRY,6,ENTRE 10 Y 20 ANOS,4.71,-74.03,USADO,,0,0,0,1,1,1,0,0,0,1,False,USAQUEN,BOSQUES DE MEDINA,Prado,2888.49,0,PARQUE METROPOLITANO EL COUNTRY,1451.78,0,0.09,,1.0,0.6,0.0,,0.01,594.04,0.0
12362-M4351966,APARTAMENTO,VENTA,20.92,180.0,4.0,3.0,550000.0,2.0,SALITRE MODELIA,4,ENTRE 10 Y 20 ANOS,4.64,-74.11,USADO,,0,1,0,0,1,1,0,0,0,1,False,TEUSAQUILLO,CIUDAD SALITRE SURORIENTAL,CAN,763.47,0,PARQUE VECINAL URBANIZACIÓN SALITRE (GRECO),1042.17,0,0.12,,0.5,1.33,0.0,,0.02,529.14,0.0
2123-M3097484,APARTAMENTO,VENTA,21.25,220.0,3.0,5.0,1380000.0,3.0,COUNTRY,6,ENTRE 10 Y 20 ANOS,4.72,-74.03,USADO,,0,1,0,1,1,1,0,0,0,1,False,USAQUEN,MONTEARROYO,Alcalá,2637.25,0,PARQUE VECINAL NUEVA URBANIZACIÓN EL CEDRITO,933.52,0,0.1,,1.0,0.6,0.0,,0.01,230.77,1.0
771-M4370683,APARTAMENTO,VENTA,19.99,92.2,3.0,3.0,307000.0,2.0,COLINA Y ALREDEDORES,5,MAS DE 20 ANOS,4.73,-74.06,USADO,,0,0,0,0,1,0,0,0,0,1,False,SUBA,LA COLINA CAMPESTRE II SECTOR,Gratamira,1300.03,0,PARQUE VECINAL PRADO PINZÓN,1016.84,0,0.22,,0.67,1.0,0.0,,0.03,245.8,2.0
350-M4412627,APARTAMENTO,VENTA,19.67,63.0,2.0,2.0,400000.0,1.0,NIZA ALHAMBRA,5,MAS DE 20 ANOS,4.7,-74.06,USADO,,0,1,0,0,0,0,0,0,0,1,False,SUBA,S.C. PASADENA,Puentelargo,600.64,0,PARQUE ZONAL CANAL CORDOBA,831.38,0,0.31,,0.5,1.0,0.0,,0.03,792.49,0.0
350-M3798073,APARTAMENTO,VENTA,19.2,33.22,1.0,1.0,216000.0,1.0,COLINA Y ALREDEDORES,3,ENTRE 10 Y 20 ANOS,4.75,-74.06,USADO,,0,0,0,0,1,1,0,0,0,1,False,SUBA,,Toberin - Foundever,880.04,0,PARQUE VECINAL DESARROLLO CANTALEJO URBANIZACIÓN CANTALEJO MANZANA B,648.59,0,0.58,,1.0,1.0,0.0,,0.03,1945.34,0.0
416-M4145846,APARTAMENTO,VENTA,20.21,96.0,3.0,3.0,620000.0,2.0,,6,ENTRE 5 Y 10 ANOS,4.71,-74.08,USADO,,0,1,0,1,0,0,0,0,0,0,False,SUBA,S.C. CLUB DE LOS LAGARTOS,Niza - Calle 127,1023.5,0,PARQUE METROPOLITANO CEFE COMETAS,410.68,1,0.21,,0.67,1.0,0.0,,0.03,1018.31,0.0
703-M4512548,APARTAMENTO,VENTA,19.92,58.06,3.0,2.0,498000.0,1.0,COLINA Y ALREDEDORES,3,ENTRE 0 Y 5 ANOS,4.72,-74.06,USADO,,0,0,0,1,1,0,0,0,0,1,False,SUBA,PRADO PINZON,Calle 142,538.5,0,PARQUE VECINAL PRADO PINZÓN,185.02,1,0.34,,0.33,1.5,0.0,,0.05,834.25,0.0
495-M4468181,APARTAMENTO,VENTA,21.25,207.0,3.0,3.0,2500000.0,3.0,CHICO,6,MAS DE 20 ANOS,4.67,-74.04,USADO,,0,1,0,0,0,0,0,0,0,1,False,CHAPINERO,S.C. EL CHICO,Calle 85,1642.78,0,PARQUE VECINAL URBANIZACIÓN LA CABRERA,591.78,0,0.1,,1.0,1.0,0.0,,0.01,534.54,0.0
11301-M4548326,APARTAMENTO,VENTA,21.34,178.0,3.0,4.0,3921395.93,3.0,CHAPINERO ALTO,6,ENTRE 0 Y 5 ANOS,4.64,-74.06,USADO,,0,0,0,0,1,0,0,0,0,1,False,CHAPINERO,INGEMAR - EL TRIANGULO,Calle 57,866.93,0,PARQUE ZONAL GUSTAVO URIBE BOTERO,1063.21,0,0.12,,1.0,0.75,0.0,,0.02,1043.82,0.0
635-M3730468,APARTAMENTO,VENTA,21.0,216.0,3.0,3.0,988000.0,2.0,CHICO,6,MAS DE 20 ANOS,4.66,-74.05,USADO,,1,0,0,0,1,0,0,0,0,1,False,CHAPINERO,LOS ROSALES,Calle 76 - San Felipe,1399.92,0,PARQUE ZONAL SAN ANDRÉS,659.47,0,0.1,,0.67,1.0,0.0,,0.01,783.28,0.0
2396-M4193093,APARTAMENTO,VENTA,20.34,93.0,2.0,2.0,550000.0,2.0,,5,ENTRE 10 Y 20 ANOS,4.64,-74.05,USADO,,0,1,0,1,1,0,1,0,0,1,False,CHAPINERO,VISTA HERMOSA - MARIA CRISTINA,Calle 57,1207.55,0,PARQUE ZONAL GUSTAVO URIBE BOTERO,871.74,0,0.22,,1.0,1.0,0.0,,0.02,995.87,0.0
4660-M4635028,APARTAMENTO,VENTA,20.28,101.0,3.0,2.0,376000.0,1.0,CHAPINERO ALTO,4,MAS DE 20 ANOS,4.65,-74.06,USADO,,0,0,0,0,1,0,0,0,0,1,False,CHAPINERO,S.C. MARIA CRISTINA,Calle 63,560.97,0,PARQUE ZONAL GUSTAVO URIBE BOTERO,954.99,0,0.2,,0.33,1.5,0.0,,0.03,732.44,0.0
16474-M4645009,APARTAMENTO,VENTA,20.23,112.0,4.0,4.0,500000.0,2.0,NIZA ALHAMBRA,5,MAS DE 20 ANOS,4.7,-74.06,USADO,,0,1,0,0,1,1,0,0,0,1,False,SUBA,EL BATAN,Calle 127,381.85,1,PARQUE ZONAL ATABANZA,683.48,0,0.18,,0.5,1.0,0.0,,0.04,550.43,0.0
15925-M4647288,APARTAMENTO,VENTA,19.58,53.0,1.0,1.0,465000.0,1.0,,5,ENTRE 10 Y 20 ANOS,4.71,-74.06,USADO,,0,0,0,0,0,0,0,0,0,0,False,SUBA,EL BATAN,Calle 127,505.87,0,PARQUE ZONAL ATABANZA,449.71,1,0.37,,1.0,1.0,0.0,,0.02,666.08,0.0
410-M3691358,APARTAMENTO,VENTA,20.21,71.88,3.0,2.0,300000.0,1.0,CENTRO INTERNACIONAL,4,MAS DE 20 ANOS,4.62,-74.07,USADO,,0,0,0,1,1,0,0,0,0,1,False,SANTA FE,SAMPER,Calle 34,299.43,1,PARQUE METROPOLITANO PARQUE NACIONAL (PM2A) ENRIQUE OLAYA HERRERA (SECTOR HISTORICO),727.63,0,0.28,,0.33,1.5,0.0,,0.04,386.77,4.0
11013-M4692841,APARTAMENTO,VENTA,19.79,66.73,2.0,2.0,315000.0,1.0,CEDRITOS,4,ENTRE 5 Y 10 ANOS,4.72,-74.04,USADO,,0,0,0,0,0,1,0,0,0,1,False,USAQUEN,CEDRITOS,Alcalá,1839.09,0,PARQUE VECINAL NUEVA URBANIZACIÓN EL CEDRITO,511.43,0,0.3,,0.5,1.0,0.0,,0.03,288.03,1.0
3229-M3707101,APARTAMENTO,VENTA,21.47,320.0,5.0,5.0,900000.0,4.0,SALITRE MODELIA,5,ENTRE 10 Y 20 ANOS,4.66,-74.11,USADO,,0,1,0,1,1,1,0,0,0,1,False,FONTIBON,LA ESPERANZA NORTE,AV. Rojas,503.49,0,PARQUE VECINAL CARLOS LLERAS (EL FUEGO),387.02,1,0.07,,0.8,1.0,0.0,,0.02,567.84,0.0
2266-M3803339,APARTAMENTO,VENTA,21.51,150.0,2.0,3.0,1250000.0,2.0,CHICO,6,ENTRE 0 Y 5 ANOS,4.67,-74.05,USADO,,0,1,0,1,1,1,1,0,0,1,False,CHAPINERO,LA CABRERA,Héroes - Gel´Hada,1527.43,0,PARQUE ZONAL SAN ANDRÉS,578.43,0,0.14,,1.0,0.67,0.0,,0.01,657.95,0.0
14914-M4182984,APARTAMENTO,VENTA,21.31,156.35,3.0,4.0,1300000.0,3.0,CHICO,6,ENTRE 5 Y 10 ANOS,4.68,-74.04,USADO,,0,0,0,0,1,0,0,0,0,1,False,CHAPINERO,CHICO RESERVADO,Calle 100 - Marketmedios,1757.77,0,PARQUE VECINAL URBANIZACIÓN LA CABRERA,1198.22,0,0.14,,1.0,0.75,0.0,,0.02,413.33,2.0
16108-M4518945,APARTAMENTO,VENTA,21.6,288.0,3.0,4.0,1150000.0,4.0,CERROS DE SUBA,6,ENTRE 5 Y 10 ANOS,4.72,-74.08,USADO,,1,1,0,1,1,1,1,0,0,1,False,SUBA,BELLOMONTE SUBA,Suba - AV. Boyacá,529.87,0,PARQUE VECINAL AGRUPACIÓN DE VIVIENDA EN BALCON DE LINDARAJA,964.62,0,0.07,,1.33,0.75,0.0,,0.01,1515.36,0.0
11301-M4699653,APARTAMENTO,VENTA,21.09,142.0,3.0,4.0,1375000.0,2.0,CHICO,6,MAS DE 20 ANOS,4.65,-74.05,USADO,,0,1,0,0,1,0,0,0,0,1,False,CHAPINERO,S.C. LAS ACACIAS,Flores – Areandina,1263.49,0,PARQUE ZONAL GUSTAVO URIBE BOTERO,157.14,1,0.15,,0.67,0.75,0.0,,0.02,435.31,1.0
920-M4636401,APARTAMENTO,VENTA,19.63,76.0,3.0,2.0,322100.0,1.0,CEDRITOS,4,ENTRE 10 Y 20 ANOS,4.73,-74.04,USADO,,0,1,0,0,1,0,0,0,0,1,False,USAQUEN,CAOBOS SALAZAR,Calle 146,1379.71,0,PARQUE VECINAL NUEVA URBANIZACIÓN EL CEDRITO,638.36,0,0.26,,0.33,1.5,0.0,,0.04,692.69,0.0
2671-M4727720,APARTAMENTO,VENTA,21.13,261.0,4.0,5.0,1300000.0,2.0,ALTOS DE SUBA Y CERROS DE SAN JORGE,5,ENTRE 10 Y 20 ANOS,4.73,-74.08,USADO,,0,1,0,0,0,0,0,0,0,1,False,SUBA,S C CASABLANCA SUBA,Gratamira,630.42,0,PARQUE ZONAL EL TOMILLAR,855.56,0,0.08,,0.5,0.8,0.0,,0.02,911.81,0.0
12375-M4350876,APARTAMENTO,VENTA,19.73,54.0,1.0,2.0,270000.0,1.0,CEDRITOS,4,ENTRE 10 Y 20 ANOS,4.72,-74.03,USADO,,0,0,0,1,1,1,0,0,0,1,False,USAQUEN,LAS_ACACIAS,Calle 142,2120.94,0,PARQUE VECINAL NUEVA URBANIZACIÓN EL CEDRITO,228.49,1,0.37,,1.0,0.5,0.0,,0.02,668.23,0.0
14-M3598302,APARTAMENTO,VENTA,20.37,96.22,3.0,3.0,585900.0,2.0,CEDRITOS,4,ENTRE 0 Y 5 ANOS,4.73,-74.04,USADO,,0,0,0,1,1,1,0,0,0,1,False,USAQUEN,CAOBOS SALAZAR,Calle 146,1553.87,0,PARQUE VECINAL NUEVA URBANIZACIÓN EL CEDRITO,535.14,0,0.21,,0.67,1.0,0.0,,0.03,509.67,0.0
2671-M4727769,APARTAMENTO,VENTA,20.98,127.88,3.0,4.0,800000.0,2.0,NIZA ALHAMBRA,5,ENTRE 0 Y 5 ANOS,4.69,-74.06,USADO,,0,0,0,1,1,0,0,0,0,1,False,SUBA,S.C. PASADENA,Suba - Calle 100,494.41,1,PARQUE ZONAL CANAL CORDOBA,1038.68,0,0.16,,0.67,0.75,0.0,,0.02,589.08,0.0
512-M3451017,APARTAMENTO,VENTA,20.49,185.0,4.0,3.0,820000.0,2.0,COLINA Y ALREDEDORES,4,MAS DE 20 ANOS,4.73,-74.07,USADO,,0,1,0,0,1,1,0,0,0,1,False,SUBA,GRATAMIRA,Gratamira,109.16,1,PARQUE ZONAL EL TOMILLAR,1386.16,0,0.11,,0.5,1.33,0.0,,0.02,971.94,0.0
2398-M3680975,APARTAMENTO,VENTA,19.54,76.36,3.0,2.0,220000.0,1.0,170 Y ALREDORES,4,MAS DE 20 ANOS,4.76,-74.04,USADO,,0,0,0,0,0,1,0,0,0,1,False,USAQUEN,MARANTA I Y II Y III SECTOR,Calle 187,57.89,1,PARQUE VECINAL DESARROLLO VERBENAL I,465.23,1,0.26,,0.33,1.5,0.0,,0.04,159.49,1.0
11013-M4429756,APARTAMENTO,VENTA,20.61,142.0,3.0,3.0,985000.0,3.0,SANTA BARBARA,6,MAS DE 20 ANOS,4.69,-74.05,USADO,,0,1,0,0,1,0,0,0,0,1,False,USAQUEN,SAN PATRICIO,Calle 106,1023.45,0,PARQUE METROPOLITANO EL COUNTRY,1488.37,0,0.15,,1.0,1.0,0.0,,0.02,70.5,3.0
410-M4268884,APARTAMENTO,VENTA,20.25,80.0,2.0,2.0,626400.0,2.0,SANTA BARBARA,6,ENTRE 10 Y 20 ANOS,4.69,-74.05,USADO,,0,1,0,1,1,0,0,0,0,1,False,USAQUEN,SANTA BIBIANA,Calle 100 - Marketmedios,1021.77,0,PARQUE VECINAL URBANIZACIÓN NORMANDIA I II II Y IV SECTOR,1512.37,0,0.25,,1.0,1.0,0.0,,0.02,369.45,2.0
4796-M4414121,APARTAMENTO,VENTA,20.13,115.0,2.0,3.0,840000.0,2.0,COUNTRY,5,ENTRE 10 Y 20 ANOS,4.72,-74.04,USADO,,0,0,0,0,0,0,0,0,0,1,False,USAQUEN,EL CONTADOR,Alcalá,1044.69,0,PARQUE VECINAL NUEVA URBANIZACIÓN EL CEDRITO,1264.61,0,0.18,,1.0,0.67,0.0,,0.02,573.07,0.0
703-M4352879,APARTAMENTO,VENTA,21.05,130.0,3.0,4.0,1250000.0,2.0,SANTA BARBARA,6,ENTRE 10 Y 20 ANOS,4.69,-74.06,USADO,,0,1,0,1,1,0,0,0,0,1,False,USAQUEN,SANTA BIBIANA,Calle 106,461.62,1,PARQUE VECINAL URBANIZACIÓN NORMANDIA I II II Y IV SECTOR,1366.39,0,0.16,,0.67,0.75,0.0,,0.02,757.28,0.0
416-M4563187,APARTAMENTO,VENTA,19.61,59.0,1.0,2.0,339600.0,1.0,,4,ENTRE 5 Y 10 ANOS,4.73,-74.04,USADO,,0,0,0,1,1,0,0,0,0,0,False,USAQUEN,LOS CEDRITOS,Calle 142,889.15,0,PARQUE VECINAL NUEVA URBANIZACIÓN EL CEDRITO,1075.08,0,0.33,,1.0,0.5,0.0,,0.02,882.0,0.0
897-M4462668,APARTAMENTO,VENTA,20.44,106.8,4.0,2.0,450000.0,1.0,NORMANDIA,4,ENTRE 10 Y 20 ANOS,4.68,-74.11,USADO,,0,0,0,0,1,1,0,0,0,1,False,ENGATIVA,EL ENCANTO,Modelia,1308.2,0,PARQUE VECINAL URBANIZACIÓN LA EUROPA,1005.39,0,0.19,,0.25,2.0,0.0,,0.04,1056.42,0.0
11079-M3609988,APARTAMENTO,VENTA,21.28,182.0,3.0,5.0,972000.0,2.0,SANTA BARBARA,6,ENTRE 5 Y 10 ANOS,4.7,-74.03,USADO,,0,1,0,1,1,1,1,0,0,1,False,USAQUEN,SANTA BARBARA ORIENTAL,Calle 127,2835.92,0,PARQUE METROPOLITANO EL COUNTRY,1125.68,0,0.12,,0.67,0.6,0.0,,0.02,641.74,0.0
2671-M3366072,APARTAMENTO,VENTA,20.95,198.0,3.0,4.0,1155000.0,2.0,SANTA BARBARA,6,ENTRE 10 Y 20 ANOS,4.69,-74.04,USADO,,0,1,0,0,0,0,0,0,0,1,False,USAQUEN,SANTA BARBARA CENTRAL I Y II,Calle 106,1571.28,0,PARQUE METROPOLITANO EL COUNTRY,1321.94,0,0.11,,0.67,0.75,0.0,,0.02,591.67,0.0
920-M4463640,APARTAMENTO,VENTA,20.51,111.0,1.0,2.0,1400000.0,1.0,CHICO,6,MAS DE 20 ANOS,4.67,-74.04,USADO,,0,0,0,0,1,0,0,0,0,1,False,CHAPINERO,S.C. CHICO NORTE,Virrey,1568.68,0,PARQUE VECINAL URBANIZACIÓN LA CABRERA,734.45,0,0.18,,1.0,0.5,0.0,,0.01,472.16,1.0
603-M4418118,APARTAMENTO,VENTA,21.06,170.0,2.0,5.0,798000.0,2.0,CHICO,6,ENTRE 10 Y 20 ANOS,4.68,-74.04,USADO,,0,1,0,0,1,0,0,0,0,1,False,CHAPINERO,CHICO RESERVADO,Calle 100 - Marketmedios,1860.93,0,PARQUE VECINAL URBANIZACIÓN LA CABRERA,1276.04,0,0.12,,1.0,0.4,0.0,,0.01,362.23,2.0
703-M4506788,APARTAMENTO,VENTA,20.39,99.0,2.0,4.0,733000.0,2.0,SANTA BARBARA,6,ENTRE 5 Y 10 ANOS,4.69,-74.04,USADO,,0,1,0,0,0,0,0,0,0,1,False,USAQUEN,SANTA BARBARA CENTRAL I Y II,Calle 106,1258.26,0,PARQUE METROPOLITANO EL COUNTRY,1651.46,0,0.21,,1.0,0.5,0.0,,0.02,423.41,1.0
15925-M4724432,APARTAMENTO,VENTA,19.76,61.0,3.0,2.0,3921395.93,1.0,,3,MAS DE 20 ANOS,4.64,-74.16,USADO,,0,0,0,1,1,0,0,0,0,0,False,KENNEDY,MARIA PAZ,Biblioteca Tintal,456.77,1,PARQUE METROPOLITANO BIBLIOTECA EL TINTAL,751.21,0,0.32,,0.33,1.5,0.0,,0.05,2911.04,0.0
12500-M4677467,APARTAMENTO,VENTA,20.02,85.0,2.0,2.0,521000.0,1.0,SANTA BARBARA,6,MAS DE 20 ANOS,4.69,-74.05,USADO,,0,1,0,0,1,1,0,0,0,1,False,USAQUEN,SAN PATRICIO,Calle 106,1133.26,0,PARQUE METROPOLITANO EL COUNTRY,1606.55,0,0.24,,0.5,1.0,0.0,,0.02,266.93,1.0
93-M4547906,APARTAMENTO,VENTA,20.62,155.0,3.0,5.0,642000.0,2.0,SANTA BARBARA,6,MAS DE 20 ANOS,4.7,-74.04,USADO,,0,1,0,0,1,0,0,0,0,1,False,USAQUEN,SANTA BARBARA CENTRAL II,Calle 127,2028.39,0,PARQUE METROPOLITANO EL COUNTRY,316.34,1,0.13,,0.67,0.6,0.0,,0.02,653.52,0.0
4660-M4635212,APARTAMENTO,VENTA,19.61,68.0,2.0,2.0,270000.0,1.0,COLINA Y ALREDEDORES,5,MAS DE 20 ANOS,4.73,-74.07,USADO,,0,0,0,1,0,0,0,0,0,1,False,SUBA,URB. PARQUES DE LA COLINA,Gratamira,760.09,0,PARQUE VECINAL PRADO PINZÓN,1567.34,0,0.29,,0.5,1.0,0.0,,0.03,378.24,1.0
703-M4512574,APARTAMENTO,VENTA,19.87,58.06,3.0,2.0,470000.0,1.0,COLINA Y ALREDEDORES,3,ENTRE 0 Y 5 ANOS,4.72,-74.06,USADO,,0,0,0,0,1,0,0,0,0,1,False,SUBA,PRADO PINZON,Calle 142,538.5,0,PARQUE VECINAL PRADO PINZÓN,185.02,1,0.34,,0.33,1.5,0.0,,0.05,834.25,0.0
603-M4421110,APARTAMENTO,VENTA,20.98,171.0,3.0,3.0,1200000.0,2.0,CHICO,6,MAS DE 20 ANOS,4.68,-74.05,USADO,,0,0,0,0,1,0,0,0,0,1,True,CHAPINERO,S.C. CHICO NORTE,Calle 100 - Marketmedios,1249.3,0,PARQUE ZONAL CANAL EL VIRREY EL CHICO,924.55,0,0.12,,0.67,1.0,0.0,,0.02,247.67,3.0
73-M3711403,APARTAMENTO,VENTA,19.99,68.0,2.0,2.0,411000.0,1.0,CEDRITOS,5,ENTRE 0 Y 5 ANOS,4.73,-74.02,USADO,,0,0,0,1,1,0,0,0,0,1,False,USAQUEN,BOSQUE DE PINOS III,Mazurén,2840.63,0,PARQUE ZONAL ALTA BLANCA,715.08,0,0.29,,0.5,1.0,0.0,,0.03,949.64,0.0
2529-M4485795,APARTAMENTO,VENTA,20.2,74.0,2.0,3.0,807000.0,2.0,CHAPINERO ALTO,4,ENTRE 10 Y 20 ANOS,4.65,-74.06,USADO,,0,0,0,0,1,0,0,0,0,1,False,CHAPINERO,S.C. GRANADA,Calle 63,983.16,0,PARQUE ZONAL GUSTAVO URIBE BOTERO,512.91,0,0.27,,1.0,0.67,0.0,,0.03,465.12,1.0
12500-M4684733,APARTAMENTO,VENTA,19.68,68.0,3.0,2.0,290000.0,1.0,CASTILLA MARSELLA,3,ENTRE 5 Y 10 ANOS,4.64,-74.14,USADO,,0,0,0,0,1,1,0,0,0,1,False,KENNEDY,BAVARIA TECHO,Mandalay,1248.45,0,PARQUE ZONAL CASTILLA,299.88,1,0.29,,0.33,1.5,0.0,,0.04,1333.35,0.0
603-M4507814,APARTAMENTO,VENTA,19.52,63.0,3.0,2.0,356000.0,1.0,ORQUIDEAS,4,ENTRE 5 Y 10 ANOS,4.76,-74.04,USADO,,0,0,0,0,1,1,0,0,0,1,False,USAQUEN,EL VERBENAL - URB. ALQUERIA 183,Calle 187,652.46,0,PARQUE VECINAL DESARROLLO VERBENAL I,450.74,1,0.31,,0.33,1.5,0.0,,0.05,736.6,0.0
73-M3756095,APARTAMENTO,VENTA,20.68,167.0,3.0,3.0,830000.0,1.0,CEDRITOS,6,MAS DE 20 ANOS,4.72,-74.02,USADO,,0,0,0,0,0,0,0,0,0,1,False,USAQUEN,BOSQUE DE PINOS III,Calle 142,3078.47,0,PARQUE VECINAL NUEVA URBANIZACIÓN EL CEDRITO,1168.96,0,0.12,,0.33,1.0,0.0,,0.02,1094.55,0.0
12500-M4735804,APARTAMENTO,VENTA,19.49,63.0,3.0,2.0,208000.0,1.0,ENGATIVA,4,ENTRE 5 Y 10 ANOS,4.72,-74.13,USADO,,0,0,0,0,1,1,0,0,0,1,False,ENGATIVA,S.C. ENGATIVA EL DORADO,Portal 80,2918.74,0,PARQUE METROPOLITANO PLANTA DE TRATAMIENTO SALITRE,787.64,0,0.31,,0.33,1.5,0.0,,0.05,2705.22,0.0
495-M4412583,APARTAMENTO,VENTA,21.68,209.0,3.0,4.0,1900000.0,4.0,CHICO,6,ENTRE 0 Y 5 ANOS,4.66,-74.05,USADO,,0,0,0,0,1,0,0,0,0,1,False,CHAPINERO,LOS ROSALES,Calle 76 - San Felipe,1363.58,0,PARQUE ZONAL SAN ANDRÉS,480.57,1,0.1,,1.33,0.75,0.0,,0.01,662.0,0.0
771-M4370694,APARTAMENTO,VENTA,20.6,130.0,2.0,3.0,698000.0,2.0,CHAPINERO ALTO,5,MAS DE 20 ANOS,4.64,-74.06,USADO,,0,1,0,0,1,0,0,0,0,1,False,CHAPINERO,S.C INGEMAR,Calle 57,973.44,0,PARQUE ZONAL GUSTAVO URIBE BOTERO,1442.14,0,0.16,,1.0,0.67,0.0,,0.02,1139.69,0.0
11013-M4295626,APARTAMENTO,VENTA,21.19,263.0,3.0,3.0,1240000.0,2.0,CHICO,6,MAS DE 20 ANOS,4.66,-74.05,USADO,,0,0,0,0,1,0,0,0,0,1,False,CHAPINERO,S.C. EL NOGAL,Héroes - Gel´Hada,1029.67,0,PARQUE ZONAL SAN ANDRÉS,124.95,1,0.08,,0.67,1.0,0.0,,0.01,315.42,4.0
93-M4033747,APARTAMENTO,VENTA,21.39,325.85,3.0,4.0,2129000.0,3.0,CHICO,6,MAS DE 20 ANOS,4.67,-74.04,USADO,,0,1,0,0,1,0,1,0,0,1,False,CHAPINERO,CHICO ALTO,Calle 85,1989.42,0,PARQUE VECINAL URBANIZACIÓN LA CABRERA,932.05,0,0.07,,1.0,0.75,0.0,,0.01,881.81,0.0
2529-M4485601,APARTAMENTO,VENTA,19.58,73.78,3.0,2.0,292000.0,2.0,ORQUIDEAS,4,MAS DE 20 ANOS,4.75,-74.03,USADO,,0,0,0,0,0,1,0,0,0,1,False,USAQUEN,EL REDIL,Portal Norte,2337.89,0,PARQUE ZONAL SERVITA,1241.44,0,0.27,,0.67,1.5,0.0,,0.04,1372.47,0.0
703-M4514992,APARTAMENTO,VENTA,20.36,96.4,2.0,3.0,519000.0,2.0,SANTA BARBARA,6,ENTRE 5 Y 10 ANOS,4.69,-74.04,USADO,,0,0,0,0,1,0,0,0,0,1,False,USAQUEN,SANTA BARBARA CENTRAL I Y II,Calle 106,1258.26,0,PARQUE METROPOLITANO EL COUNTRY,1651.46,0,0.21,,1.0,0.67,0.0,,0.02,423.41,1.0
4796-M4349826,APARTAMENTO,VENTA,21.16,283.0,3.0,4.0,1400000.0,2.0,COUNTRY,6,MAS DE 20 ANOS,4.71,-74.04,USADO,,0,0,0,1,1,0,0,0,0,1,False,USAQUEN,PLENITUD LA CALLEJA,Calle 127,1253.57,0,PARQUE METROPOLITANO EL COUNTRY,530.36,0,0.07,,0.67,0.75,0.0,,0.01,367.21,1.0
5340-M4526379,APARTAMENTO,VENTA,19.88,45.0,1.0,2.0,352000.0,1.0,CENTRO INTERNACIONAL,4,ENTRE 0 Y 5 ANOS,4.62,-74.07,USADO,,0,0,0,1,1,1,0,0,0,1,False,SANTA FE,SAMPER,Calle 26,273.92,1,PARQUE METROPOLITANO EL RENACIMIENTO - PARQUE CEMENTERIO CENTRAL,624.93,0,0.44,,1.0,0.5,0.0,,0.02,365.55,4.0
4796-M3855657,APARTAMENTO,VENTA,20.08,106.0,3.0,3.0,3921395.93,2.0,SANTA BARBARA,6,MAS DE 20 ANOS,4.7,-74.05,USADO,,0,0,0,0,0,1,0,0,0,1,True,USAQUEN,SANTA BARBARA OCCIDENTAL,Calle 127,1031.52,0,PARQUE METROPOLITANO EL COUNTRY,830.44,0,0.19,,0.67,1.0,0.0,,0.03,420.68,2.0
2529-M4485675,APARTAMENTO,VENTA,20.29,113.0,4.0,3.0,650000.0,2.0,SANTA BARBARA,5,MAS DE 20 ANOS,4.7,-74.05,USADO,,0,0,0,0,1,0,0,0,0,1,False,USAQUEN,SANTA BARBARA OCCIDENTAL,Calle 127,470.39,1,PARQUE ZONAL ATABANZA,1008.73,0,0.18,,0.5,1.33,0.0,,0.04,304.68,5.0
771-M4370804,APARTAMENTO,VENTA,20.62,142.0,3.0,3.0,1133000.0,2.0,CHICO,6,MAS DE 20 ANOS,4.68,-74.05,USADO,,0,1,0,0,1,0,0,0,0,1,False,CHAPINERO,S.C. CHICO NORTE III SECTOR,Calle 100 - Marketmedios,772.99,0,PARQUE VECINAL URBANIZACIÓN NORMANDIA I II II Y IV SECTOR,984.68,0,0.15,,0.67,1.0,0.0,,0.02,225.74,3.0
4796-M3901879,APARTAMENTO,VENTA,19.84,75.0,3.0,2.0,3921395.93,1.0,ENGATIVA,4,ENTRE 0 Y 5 ANOS,4.68,-74.1,USADO,,0,0,0,1,0,1,0,0,0,1,False,ENGATIVA,EL LAUREL - LA EUROPA,Minuto de Dios,1782.46,0,PARQUE VECINAL URBANIZACIÓN LA EUROPA,107.21,1,0.26,,0.33,1.5,0.0,,0.04,1424.51,0.0
771-M4371214,APARTAMENTO,VENTA,20.99,200.0,4.0,5.0,1246000.0,2.0,SANTA BARBARA,6,MAS DE 20 ANOS,4.69,-74.04,USADO,,0,1,0,0,1,0,0,0,0,1,False,USAQUEN,RINCON DEL CHICO,Calle 100 - Marketmedios,1534.9,0,PARQUE ZONAL CANAL EL VIRREY EL CHICO,1785.84,0,0.1,,0.5,0.8,0.0,,0.02,496.08,1.0
410-622,APARTAMENTO,VENTA,19.92,105.31,3.0,3.0,241500.0,2.0,NIZA ALHAMBRA,5,MAS DE 20 ANOS,4.71,-74.08,USADO,1600000.0,0,1,0,0,0,0,0,0,0,1,True,SUBA,NIZA SUR,Niza - Calle 127,762.34,0,PARQUE ZONAL LOS LACHES LA MINA,725.13,0,0.19,15193.24,0.67,1.0,0.0,6.63,0.03,724.91,0.0
11013-M4704218,APARTAMENTO,VENTA,20.22,112.5,2.0,2.0,1050000.0,2.0,SANTA BARBARA,6,MAS DE 20 ANOS,4.69,-74.05,USADO,,0,0,0,0,1,0,0,0,0,1,False,USAQUEN,SAN PATRICIO,Calle 106,684.7,0,PARQUE METROPOLITANO EL COUNTRY,1794.59,0,0.18,,1.0,1.0,0.0,,0.02,280.23,2.0
603-M4418086,APARTAMENTO,VENTA,19.92,74.0,3.0,2.0,346400.0,2.0,NIZA ALHAMBRA,5,MAS DE 20 ANOS,4.7,-74.06,USADO,,0,0,0,0,1,1,0,0,0,1,False,SUBA,LA ALHAMBRA SECTOR NORTE,Suba - Calle 116,716.18,0,PARQUE ZONAL CANAL CORDOBA,115.96,1,0.27,,0.67,1.5,0.0,,0.04,1269.21,0.0
603-M4418297,APARTAMENTO,VENTA,20.03,105.0,2.0,2.0,789000.0,2.0,CEDRITOS,4,MAS DE 20 ANOS,4.73,-74.05,USADO,,0,1,0,0,1,0,0,0,0,1,False,USAQUEN,LOS CEDRITOS,Calle 142,278.61,1,PARQUE VECINAL PRADO PINZÓN,655.03,0,0.19,,1.0,1.0,0.0,,0.02,736.34,0.0
410-M3372101,APARTAMENTO,VENTA,19.25,52.0,1.0,2.0,233000.0,1.0,COUNTRY,3,ENTRE 10 Y 20 ANOS,4.7,-74.02,USADO,,0,0,0,1,1,0,0,0,0,1,False,USAQUEN,SAN NORTE,Prado,3339.5,0,PARQUE METROPOLITANO EL COUNTRY,1608.85,0,0.37,,1.0,0.5,0.0,,0.02,1083.42,0.0
10930-M4315790,APARTAMENTO,VENTA,19.61,57.0,3.0,2.0,394200.0,1.0,,3,ENTRE 0 Y 5 ANOS,4.73,-74.05,USADO,,0,0,0,1,1,0,0,0,0,0,False,SUBA,PRADO PINZON,Calle 142,372.3,1,PARQUE VECINAL PRADO PINZÓN,173.67,1,0.34,,0.33,1.5,0.0,,0.05,1082.51,0.0
416-M4503884,APARTAMENTO,VENTA,19.88,84.0,3.0,2.0,3921395.93,1.0,,4,ENTRE 0 Y 5 ANOS,4.67,-74.13,USADO,,0,0,0,1,0,0,0,0,0,0,False,FONTIBON,BELLAVISTA LOS PANTANOS,Portal El Dorado,1864.05,0,PARQUE VECINAL VILLA HELENA VILLEMAR,625.1,0,0.24,,0.33,1.5,0.0,,0.04,842.66,0.0
4660-M4635247,APARTAMENTO,VENTA,19.99,71.0,3.0,2.0,301000.0,1.0,SALITRE MODELIA,4,MAS DE 20 ANOS,4.66,-74.11,USADO,,0,0,0,0,1,0,0,0,0,1,False,FONTIBON,CIUDAD SALITRE OCCIDENTAL,El Tiempo - Maloka,289.3,1,PARQUE ZONAL SAUZALITO,455.54,1,0.28,,0.33,1.5,0.0,,0.04,164.24,4.0
4498-M4533025,APARTAMENTO,VENTA,20.37,75.0,2.0,2.0,557000.0,2.0,SANTA BARBARA,5,ENTRE 0 Y 5 ANOS,4.7,-74.03,USADO,,0,0,0,0,1,1,0,0,0,1,False,USAQUEN,SANTA BARBARA ORIENTAL,Calle 127,2480.89,0,PARQUE METROPOLITANO EL COUNTRY,767.27,0,0.27,,1.0,1.0,0.0,,0.03,624.85,0.0
73-M3216759,APARTAMENTO,VENTA,21.6,301.0,4.0,4.0,1995000.0,3.0,SANTA BARBARA,6,MAS DE 20 ANOS,4.69,-74.03,USADO,,0,1,0,0,1,0,0,0,0,1,False,USAQUEN,SANTA ANA ORIENTAL,Calle 106,2760.84,0,PARQUE METROPOLITANO EL COUNTRY,2061.18,0,0.07,,0.75,1.0,0.0,,0.01,589.35,0.0
11013-M4693090,APARTAMENTO,VENTA,20.62,195.76,3.0,3.0,885000.0,3.0,SANTA BARBARA,6,MAS DE 20 ANOS,4.69,-74.05,USADO,,0,1,0,0,1,0,0,0,0,1,False,USAQUEN,SANTA BIBIANA,Calle 106,504.3,0,PARQUE VECINAL URBANIZACIÓN NORMANDIA I II II Y IV SECTOR,1401.64,0,0.11,,1.0,1.0,0.0,,0.02,687.26,0.0
73-M4682489,APARTAMENTO,VENTA,21.25,192.0,3.0,3.0,1500000.0,3.0,SANTA BARBARA,6,ENTRE 5 Y 10 ANOS,4.69,-74.05,USADO,,0,0,0,0,1,0,0,0,0,1,False,USAQUEN,SANTA BIBIANA,Calle 106,483.75,1,PARQUE VECINAL URBANIZACIÓN NORMANDIA I II II Y IV SECTOR,1546.18,0,0.11,,1.0,1.0,0.0,,0.02,720.15,0.0
920-M4734350,APARTAMENTO,VENTA,20.39,111.0,2.0,2.0,542000.0,2.0,CEDRITOS,4,MAS DE 20 ANOS,4.72,-74.03,USADO,,0,0,0,1,1,0,1,0,0,1,False,USAQUEN,CEDRO SALAZAR,Calle 142,2514.52,0,PARQUE VECINAL NUEVA URBANIZACIÓN EL CEDRITO,618.23,0,0.18,,1.0,1.0,0.0,,0.02,840.76,0.0
504-M4496645,APARTAMENTO,VENTA,19.1,61.0,3.0,2.0,140000.0,0.0,ALTOS DE SUBA Y CERROS DE SAN JORGE,3,ENTRE 10 Y 20 ANOS,4.74,-74.08,USADO,,0,0,0,1,0,1,0,0,0,1,False,SUBA,VEREDA SUBA CERROS LA CABANA,21 Ángeles,396.85,1,PARQUE ZONAL BELLAVISTA DINDALITO,681.52,0,0.31,,0.0,1.5,0.0,,0.05,1712.16,0.0
2123-M3396526,APARTAMENTO,VENTA,21.34,247.3,3.0,5.0,1200000.0,4.0,CERROS DE SUBA,6,ENTRE 10 Y 20 ANOS,4.75,-74.08,USADO,,0,0,0,1,1,1,0,0,0,1,False,SUBA,LA ARCANA (PREDIO),21 Ángeles,1261.22,0,PARQUE ZONAL EL TOMILLAR,581.11,0,0.09,,1.33,0.6,0.0,,0.01,1635.91,0.0
2751-M4723821,APARTAMENTO,VENTA,20.2,89.0,3.0,2.0,262000.0,1.0,SALITRE MODELIA,4,ENTRE 10 Y 20 ANOS,4.66,-74.12,USADO,,0,0,0,1,1,1,1,0,0,1,False,FONTIBON,LA ESPERANZA_,AV. Rojas,1320.95,0,PARQUE VECINAL CARLOS LLERAS (EL FUEGO),567.29,0,0.23,,0.33,1.5,0.0,,0.03,789.05,0.0
2398-M3599553,APARTAMENTO,VENTA,19.49,39.75,1.0,1.0,3921395.93,1.0,CENTRO Y ZONA COLONIAL,4,ENTRE 5 Y 10 ANOS,4.61,-74.07,USADO,,0,0,0,0,0,0,0,0,0,1,False,SANTA FE,LAS NIEVES,Las Nieves,277.42,1,PARQUE METROPOLITANO INDEPENDENCIA BICENTENARIO,709.28,0,0.49,,1.0,1.0,0.0,,0.03,583.72,0.0
2751-M4723824,APARTAMENTO,VENTA,20.2,89.0,3.0,2.0,262000.0,1.0,SALITRE MODELIA,4,ENTRE 10 Y 20 ANOS,4.66,-74.12,USADO,,0,0,0,1,1,1,1,0,0,1,False,FONTIBON,LA ESPERANZA_,AV. Rojas,1320.95,0,PARQUE VECINAL CARLOS LLERAS (EL FUEGO),567.29,0,0.23,,0.33,1.5,0.0,,0.03,789.05,0.0
4498-M4504004,APARTAMENTO,VENTA,21.59,339.7,4.0,4.0,1657000.0,4.0,COUNTRY,6,ENTRE 10 Y 20 ANOS,4.71,-74.03,USADO,,0,0,0,1,1,0,1,0,0,1,False,USAQUEN,GINEBRA,Prado,2791.82,0,PARQUE METROPOLITANO EL COUNTRY,1272.95,0,0.06,,1.0,1.0,0.0,,0.01,488.55,1.0
12500-M4703421,APARTAMENTO,VENTA,20.91,150.0,3.0,4.0,750000.0,2.0,SANTA BARBARA,6,ENTRE 10 Y 20 ANOS,4.7,-74.05,USADO,,0,0,0,1,1,1,0,0,0,1,False,USAQUEN,SAN PATRICIO,Calle 106,329.6,1,PARQUE ZONAL CANAL CORDOBA,1439.91,0,0.14,,0.67,0.75,0.0,,0.02,426.96,1.0
4796-M3864147,APARTAMENTO,VENTA,19.62,56.0,1.0,1.0,284000.0,1.0,CEDRITOS,4,ENTRE 5 Y 10 ANOS,4.72,-74.05,USADO,,0,0,0,0,1,0,0,0,0,1,False,USAQUEN,LOS CEDRITOS,Calle 142,346.01,1,PARQUE VECINAL PRADO PINZÓN,663.06,0,0.35,,1.0,1.0,0.0,,0.02,519.83,0.0
4796-M4627764,APARTAMENTO,VENTA,20.11,84.0,2.0,2.0,601000.0,1.0,CHAPINERO ALTO,4,ENTRE 10 Y 20 ANOS,4.64,-74.06,USADO,,0,0,0,1,1,0,0,0,0,1,False,CHAPINERO,S.C. LA SALLE,Calle 63,849.46,0,PARQUE ZONAL GUSTAVO URIBE BOTERO,896.72,0,0.24,,0.5,1.0,0.0,,0.02,829.59,0.0
703-M4667191,APARTAMENTO,VENTA,20.29,112.65,4.0,3.0,486000.0,1.0,CENTRO INTERNACIONAL,4,MAS DE 20 ANOS,4.63,-74.07,USADO,,0,0,0,0,1,0,0,0,0,1,False,SANTA FE,SAGRADO CORAZON,AV. 39,77.44,1,PARQUE METROPOLITANO PARQUE NACIONAL (PM2A) ENRIQUE OLAYA HERRERA (SECTOR HISTORICO),329.72,1,0.18,,0.25,1.33,0.0,,0.04,164.08,2.0
12503-M3694340,APARTAMENTO,VENTA,20.65,220.0,4.0,4.0,1450000.0,3.0,SANTA BARBARA,6,ENTRE 5 Y 10 ANOS,4.69,-74.04,USADO,,0,1,0,0,1,0,0,0,0,1,False,USAQUEN,SANTA BARBARA CENTRAL II SECTOR,Pepe Sierra,1741.01,0,PARQUE METROPOLITANO EL COUNTRY,1121.81,0,0.09,,0.75,1.0,0.0,,0.02,537.58,0.0
920-M3896861,APARTAMENTO,VENTA,20.07,60.0,1.0,2.0,330000.0,1.0,CHICO,6,ENTRE 10 Y 20 ANOS,4.68,-74.06,USADO,,0,0,0,1,1,0,0,0,0,1,False,CHAPINERO,S.C. CHICO NORTE,Virrey,556.29,0,PARQUE VECINAL URBANIZACIÓN NORMANDIA I II II Y IV SECTOR,433.3,1,0.33,,1.0,0.5,0.0,,0.02,221.04,2.0
416-M4306612,APARTAMENTO,VENTA,20.29,71.0,3.0,2.0,357000.0,1.0,,4,ENTRE 10 Y 20 ANOS,4.62,-74.07,USADO,,0,0,0,1,1,0,0,0,0,0,False,SANTA FE,SAMPER,Calle 34,288.35,1,PARQUE METROPOLITANO PARQUE NACIONAL (PM2A) ENRIQUE OLAYA HERRERA (SECTOR HISTORICO),719.0,0,0.29,,0.33,1.5,0.0,,0.04,397.83,4.0
920-M4163397,APARTAMENTO,VENTA,20.91,201.0,3.0,3.0,974000.0,2.0,CHICO,6,ENTRE 10 Y 20 ANOS,4.68,-74.05,USADO,,0,1,0,0,1,0,0,0,0,1,False,CHAPINERO,S.C. CHICO NORTE,Virrey,566.65,0,PARQUE ZONAL CANAL EL VIRREY EL CHICO,420.08,1,0.1,,0.67,1.0,0.0,,0.01,288.36,3.0
93-M4521150,APARTAMENTO,VENTA,19.58,57.0,1.0,2.0,280250.0,1.0,CHAPINERO ALTO,4,ENTRE 5 Y 10 ANOS,4.63,-74.07,USADO,,0,0,0,1,1,0,0,0,0,1,False,CHAPINERO,S.C. SUCRE,AV. 39,223.98,1,PARQUE METROPOLITANO PARQUE NACIONAL (PM2A) ENRIQUE OLAYA HERRERA (SECTOR HISTORICO),371.47,1,0.34,,1.0,0.5,0.0,,0.02,214.26,2.0
416-M4206173,APARTAMENTO,VENTA,20.8,170.0,4.0,4.0,1400000.0,2.0,,5,ENTRE 10 Y 20 ANOS,4.71,-74.03,USADO,,0,1,0,1,0,0,0,0,0,0,False,USAQUEN,LISBOA_,Prado,2521.65,0,PARQUE VECINAL NUEVA URBANIZACIÓN EL CEDRITO,1153.95,0,0.12,,0.5,1.0,0.0,,0.02,195.71,2.0
920-M4296425,APARTAMENTO,VENTA,19.41,57.0,3.0,2.0,190000.0,0.0,FONTIBON TINTAL,4,ENTRE 10 Y 20 ANOS,4.66,-74.14,USADO,,0,0,0,0,1,1,0,0,0,1,False,FONTIBON,URB. PRADO GRANDE,Modelia,2331.53,0,PARQUE VECINAL VILLA HELENA VILLEMAR,993.37,0,0.34,,0.0,1.5,0.0,,0.05,432.56,2.0
2671-11183,APARTAMENTO,VENTA,20.99,250.0,4.0,5.0,1500000.0,4.0,SANTA BARBARA,6,MAS DE 20 ANOS,4.69,-74.05,USADO,,1,1,0,0,0,0,0,0,0,1,False,USAQUEN,SANTA BIBIANA,Calle 106,640.68,0,PARQUE VECINAL URBANIZACIÓN NORMANDIA I II II Y IV SECTOR,1494.47,0,0.08,,1.0,0.8,0.0,,0.02,586.44,0.0
2529-M4485800,APARTAMENTO,VENTA,20.09,103.0,3.0,3.0,700000.0,2.0,NIZA ALHAMBRA,5,MAS DE 20 ANOS,4.71,-74.06,USADO,,0,0,0,1,1,0,0,0,0,1,False,SUBA,EL BATAN,Humedal Córdoba,904.1,0,PARQUE ZONAL CANAL CORDOBA,514.73,0,0.2,,0.67,1.0,0.0,,0.03,1141.56,0.0
771-M4371505,APARTAMENTO,VENTA,20.44,166.0,3.0,4.0,3921395.93,2.0,NIZA ALHAMBRA,5,ENTRE 10 Y 20 ANOS,4.7,-74.06,USADO,,0,1,0,0,1,1,0,0,0,1,False,SUBA,EL BATAN,Calle 127,357.16,1,PARQUE ZONAL ATABANZA,702.04,0,0.12,,0.67,0.75,0.0,,0.02,523.7,0.0
2398-M3780704,APARTAMENTO,VENTA,19.21,58.88,3.0,2.0,3921395.93,0.0,,3,MAS DE 20 ANOS,4.68,-74.1,USADO,,0,0,0,0,0,0,0,0,0,1,False,ENGATIVA,EL REAL,Normandía,1902.69,0,PARQUE VECINAL URBANIZACIÓN LA EUROPA,417.76,1,0.33,,0.0,1.5,0.0,,0.05,1357.36,0.0
815-M4060970,APARTAMENTO,VENTA,21.06,194.0,3.0,5.0,3921395.93,2.0,SANTA BARBARA,6,MAS DE 20 ANOS,4.69,-74.04,USADO,,0,0,0,0,1,0,0,0,0,1,False,USAQUEN,MOLINOS NORTE,Calle 106,1714.47,0,PARQUE METROPOLITANO EL COUNTRY,1621.25,0,0.11,,0.67,0.6,0.0,,0.02,403.7,1.0
771-M4371175,APARTAMENTO,VENTA,21.18,185.0,3.0,3.0,3921395.93,3.0,COUNTRY,5,ENTRE 5 Y 10 ANOS,4.7,-74.03,USADO,,0,0,0,1,1,0,1,0,0,1,False,USAQUEN,BELLA SUIZA,Calle 127,2574.58,0,PARQUE METROPOLITANO EL COUNTRY,834.54,0,0.11,,1.0,1.0,0.0,,0.02,602.6,0.0
771-M4370988,APARTAMENTO,VENTA,21.02,160.0,3.0,4.0,1400000.0,3.0,SANTA BARBARA,6,ENTRE 5 Y 10 ANOS,4.7,-74.05,USADO,,0,0,0,0,1,1,0,0,0,1,True,USAQUEN,SANTA BARBARA OCCIDENTAL,Calle 127,308.12,1,PARQUE ZONAL ATABANZA,903.5,0,0.13,,1.0,0.75,0.0,,0.02,159.1,5.0
4-1409660,APARTAMENTO,VENTA,20.44,119.0,3.0,3.0,572000.0,2.0,CHICO,6,MAS DE 20 ANOS,4.68,-74.05,USADO,,0,0,0,0,1,1,0,0,0,1,False,CHAPINERO,S.C. CHICO NORTE III SECTOR,Calle 100 - Marketmedios,772.99,0,PARQUE VECINAL URBANIZACIÓN NORMANDIA I II II Y IV SECTOR,984.68,0,0.17,,0.67,1.0,0.0,,0.03,225.74,3.0
12375-M4350690,APARTAMENTO,VENTA,21.24,214.0,3.0,4.0,1600000.0,3.0,CHICO,5,MAS DE 20 ANOS,4.66,-74.05,USADO,,0,1,0,0,1,0,0,0,0,1,False,CHAPINERO,S.C. EL NOGAL,Héroes - Gel´Hada,985.04,0,PARQUE ZONAL SAN ANDRÉS,13.76,1,0.1,,1.0,0.75,0.0,,0.01,208.32,4.0
2398-M4532938,APARTAMENTO,VENTA,19.23,62.9,3.0,2.0,3921395.93,0.0,,3,MAS DE 20 ANOS,4.68,-74.1,USADO,,0,0,0,0,0,0,0,0,0,1,False,ENGATIVA,EL REAL,Normandía,1902.69,0,PARQUE VECINAL URBANIZACIÓN LA EUROPA,417.76,1,0.31,,0.0,1.5,0.0,,0.05,1357.36,0.0
815-M4293417,APARTAMENTO,VENTA,20.77,188.0,3.0,3.0,3921395.93,2.0,SANTA BARBARA,6,MAS DE 20 ANOS,4.69,-74.05,USADO,,0,0,0,0,0,1,0,0,0,1,False,USAQUEN,SAN PATRICIO,Calle 106,1023.01,0,PARQUE METROPOLITANO EL COUNTRY,1666.55,0,0.11,,0.67,1.0,0.0,,0.02,209.97,1.0
2123-M4240542,APARTAMENTO,VENTA,20.21,108.0,3.0,3.0,650000.0,2.0,CEDRITOS,4,ENTRE 5 Y 10 ANOS,4.73,-74.04,USADO,,0,0,0,1,1,1,0,0,0,1,False,USAQUEN,CAOBOS SALAZAR,Calle 142,1403.02,0,PARQUE VECINAL NUEVA URBANIZACIÓN EL CEDRITO,603.88,0,0.19,,0.67,1.0,0.0,,0.03,696.04,0.0
771-M4579153,APARTAMENTO,VENTA,21.12,120.0,3.0,3.0,800000.0,2.0,CHICO,6,MAS DE 20 ANOS,4.66,-74.05,USADO,,0,1,0,0,1,0,0,0,0,1,False,CHAPINERO,LOS ROSALES,Calle 72,1559.41,0,PARQUE ZONAL SAN ANDRÉS,907.56,0,0.18,,0.67,1.0,0.0,,0.02,827.87,0.0
2123-M3697331,APARTAMENTO,VENTA,21.31,193.0,3.0,5.0,1533000.0,3.0,COUNTRY,6,ENTRE 10 Y 20 ANOS,4.71,-74.03,USADO,,0,0,0,1,1,0,0,0,0,1,False,USAQUEN,BOSQUES DE MEDINA,Prado,2780.7,0,PARQUE METROPOLITANO EL COUNTRY,1347.89,0,0.11,,1.0,0.6,0.0,,0.02,482.64,1.0
272-M4596174,APARTAMENTO,VENTA,19.67,68.96,2.0,1.0,300000.0,1.0,NIZA ALHAMBRA,4,MAS DE 20 ANOS,4.69,-74.07,USADO,,0,0,0,0,1,1,0,0,0,1,False,SUBA,S.C. ANDES NORTE,Suba - Calle 100,79.18,1,PARQUE ZONAL CANAL RIO NEGRO,966.81,0,0.29,,0.5,2.0,0.0,,0.03,350.98,1.0
5031-M4677425,APARTAMENTO,VENTA,19.49,55.0,3.0,2.0,3921395.93,0.0,CASTILLA MARSELLA,3,MAS DE 20 ANOS,4.64,-74.14,USADO,,0,0,0,0,0,1,0,0,0,1,False,KENNEDY,CASTILLA REAL,Mandalay,1353.54,0,PARQUE ZONAL CASTILLA,479.81,1,0.35,,0.0,1.5,0.0,,0.05,1520.91,0.0
4796-M3850877,APARTAMENTO,VENTA,19.9,74.0,3.0,2.0,636000.0,1.0,CHAPINERO ALTO,4,MAS DE 20 ANOS,4.68,-74.04,USADO,,0,0,0,1,1,0,0,0,0,1,False,CHAPINERO,SIERRAS DEL CHICO,Calle 100 - Marketmedios,2107.77,0,PARQUE VECINAL URBANIZACIÓN LA CABRERA,1379.78,0,0.27,,0.33,1.5,0.0,,0.04,453.71,1.0
603-M4421079,APARTAMENTO,VENTA,20.25,108.0,3.0,3.0,480000.0,1.0,COLINA Y ALREDEDORES,5,MAS DE 20 ANOS,4.72,-74.08,USADO,,0,0,0,0,1,0,0,0,0,1,False,SUBA,S.C. NIZA SUBA,Niza - Calle 127,719.81,0,PARQUE VECINAL AGRUPACIÓN DE VIVIENDA EN BALCON DE LINDARAJA,197.87,1,0.19,,0.33,1.0,0.0,,0.03,775.51,0.0
73-M4179116,APARTAMENTO,VENTA,20.29,134.0,3.0,2.0,600000.0,2.0,COLINA Y ALREDEDORES,5,ENTRE 10 Y 20 ANOS,4.72,-74.06,USADO,,0,1,0,0,1,1,0,0,0,1,False,SUBA,URB. BOCA COLINA,Alcalá,1244.35,0,PARQUE VECINAL PRADO PINZÓN,912.3,0,0.15,,0.67,1.5,0.0,,0.02,226.42,2.0
2671-6597,APARTAMENTO,VENTA,21.79,400.0,4.0,4.0,1700000.0,2.0,CHICO,6,MAS DE 20 ANOS,4.66,-74.05,USADO,,0,1,0,0,1,0,0,0,0,1,False,CHAPINERO,BELLAVISTA - URB. EL CASTILLO,Calle 72,928.23,0,PARQUE ZONAL GUSTAVO URIBE BOTERO,633.82,0,0.05,,0.5,1.0,0.0,,0.01,190.06,5.0
2671-M3814930,APARTAMENTO,VENTA,21.31,237.0,3.0,4.0,1300000.0,4.0,SANTA BARBARA,6,MAS DE 20 ANOS,4.7,-74.05,USADO,,0,0,0,0,1,0,0,0,0,1,True,USAQUEN,SANTA BARBARA OCCIDENTAL,Calle 127,947.63,0,PARQUE METROPOLITANO EL COUNTRY,878.16,0,0.09,,1.33,0.75,0.0,,0.01,473.78,1.0
4796-M4486667,APARTAMENTO,VENTA,20.16,90.0,3.0,2.0,550000.0,1.0,ALTOS DE SUBA Y CERROS DE SAN JORGE,4,ENTRE 5 Y 10 ANOS,4.72,-74.03,USADO,,0,0,0,1,1,0,0,0,0,1,False,USAQUEN,S.C. BARRANCAS ORIENTAL,Calle 142,2749.65,0,PARQUE VECINAL NUEVA URBANIZACIÓN EL CEDRITO,836.79,0,0.22,,0.33,1.5,0.0,,0.03,920.63,0.0
350-M4569112,APARTAMENTO,VENTA,19.8,78.0,3.0,2.0,270500.0,1.0,ORQUIDEAS,3,MAS DE 20 ANOS,4.74,-74.03,USADO,,0,0,0,0,0,1,0,0,0,1,False,USAQUEN,SANTA TERESA,Toberin - Foundever,1807.7,0,PARQUE ZONAL SERVITA,760.55,0,0.25,,0.33,1.5,0.0,,0.04,671.15,0.0
17-1797,APARTAMENTO,VENTA,21.7,340.0,3.0,3.0,2000000.0,2.0,CHICO,6,MAS DE 20 ANOS,4.67,-74.04,USADO,,0,1,0,1,1,0,0,0,0,1,False,CHAPINERO,CHICO ALTO,Calle 85,1989.42,0,PARQUE VECINAL URBANIZACIÓN LA CABRERA,932.05,0,0.06,,0.67,1.0,0.0,,0.01,881.81,0.0
350-M4611265,APARTAMENTO,VENTA,19.63,64.92,2.0,2.0,470000.0,1.0,NIZA ALHAMBRA,5,MAS DE 20 ANOS,4.7,-74.06,USADO,,0,0,0,0,1,0,0,0,0,1,False,SUBA,LA ALHAMBRA SECTOR SUR,Suba - Calle 116,762.62,0,PARQUE ZONAL CANAL CORDOBA,304.26,1,0.3,,0.5,1.0,0.0,,0.03,1234.24,0.0
2671-9167,APARTAMENTO,VENTA,21.73,287.0,3.0,4.0,3921395.93,3.0,SANTA BARBARA,6,ENTRE 5 Y 10 ANOS,4.7,-74.04,USADO,,1,1,0,1,0,0,0,0,0,1,False,USAQUEN,SANTA BARBARA CENTRAL II,Calle 127,2138.78,0,PARQUE METROPOLITANO EL COUNTRY,416.95,1,0.08,,1.0,0.75,0.0,,0.01,764.45,0.0
703-M4496939,APARTAMENTO,VENTA,19.95,90.0,3.0,2.0,581000.0,1.0,NIZA ALHAMBRA,5,MAS DE 20 ANOS,4.7,-74.07,USADO,,0,0,0,0,1,0,0,0,0,1,False,SUBA,PUENTE LARGO III SECTOR,Suba - Calle 116,401.32,1,PARQUE ZONAL CANAL CORDOBA,580.44,0,0.22,,0.33,1.5,0.0,,0.03,689.09,0.0
10323-M4493735,APARTAMENTO,VENTA,20.67,245.0,5.0,5.0,3921395.93,1.0,COLINA Y ALREDEDORES,4,MAS DE 20 ANOS,4.75,-74.05,USADO,,0,0,0,0,0,0,0,0,0,1,False,SUBA,GRANADA NORTE,Toberin - Foundever,830.39,0,PARQUE VECINAL DESARROLLO CANTALEJO URBANIZACIÓN CANTALEJO MANZANA B,1046.94,0,0.08,,0.2,1.0,0.0,,0.02,1546.26,0.0
5031-M4033133,APARTAMENTO,VENTA,19.19,62.0,3.0,1.0,3921395.93,0.0,FONTIBON TINTAL,3,ENTRE 0 Y 5 ANOS,4.67,-74.14,USADO,,0,0,0,0,0,0,0,0,0,1,False,FONTIBON,URB. SALAMANCA,Portal El Dorado,2832.16,0,PARQUE VECINAL VILLA HELENA VILLEMAR,563.26,0,0.31,,0.0,3.0,0.0,,0.05,1408.11,0.0
920-M4695901,APARTAMENTO,VENTA,19.28,55.0,3.0,2.0,134200.0,0.0,FONTIBON TINTAL,3,ENTRE 10 Y 20 ANOS,4.68,-74.13,USADO,,0,0,0,0,0,1,0,0,0,1,False,FONTIBON,FERROCAJA_,Portal El Dorado,1578.16,0,PARQUE VECINAL VILLA HELENA VILLEMAR,714.46,0,0.35,,0.0,1.5,0.0,,0.05,1313.2,0.0
73-2864466,APARTAMENTO,VENTA,20.99,210.0,3.0,4.0,1200000.0,4.0,SANTA BARBARA,5,MAS DE 20 ANOS,4.7,-74.05,USADO,,0,1,0,0,1,0,0,0,0,1,False,USAQUEN,SANTA BARBARA OCCIDENTAL,Calle 127,474.07,1,PARQUE ZONAL ATABANZA,1065.08,0,0.1,,1.33,0.75,0.0,,0.01,327.41,5.0
416-M4620351,APARTAMENTO,VENTA,20.42,170.0,4.0,3.0,620000.0,2.0,,6,MAS DE 20 ANOS,4.71,-74.08,USADO,,0,1,0,1,0,0,0,0,0,0,False,SUBA,URB. LAS PLEYADES,Humedal Córdoba,1220.7,0,PARQUE METROPOLITANO CEFE COMETAS,569.46,0,0.12,,0.5,1.33,0.0,,0.02,1199.65,0.0
93-M4636399,APARTAMENTO,VENTA,21.19,182.0,3.0,4.0,760000.0,2.0,SANTA BARBARA,6,ENTRE 5 Y 10 ANOS,4.7,-74.05,USADO,,0,0,0,1,1,1,0,0,0,1,True,USAQUEN,SANTA BARBARA OCCIDENTAL,Calle 127,248.27,1,PARQUE ZONAL ATABANZA,907.17,0,0.12,,0.67,0.75,0.0,,0.02,201.52,5.0
416-M4493081,APARTAMENTO,VENTA,19.76,84.0,3.0,2.0,690000.0,2.0,,5,MAS DE 20 ANOS,4.7,-74.06,USADO,,0,0,0,0,1,0,0,0,0,0,False,SUBA,LA ALHAMBRA SECTOR SUR,Suba - Calle 116,751.55,0,PARQUE ZONAL CANAL CORDOBA,263.26,1,0.24,,0.67,1.5,0.0,,0.04,1240.84,0.0
12715-M4734682,APARTAMENTO,VENTA,20.62,116.0,3.0,2.0,430000.0,2.0,SALITRE MODELIA,5,ENTRE 10 Y 20 ANOS,4.65,-74.11,USADO,,0,1,0,1,1,1,0,0,0,1,False,FONTIBON,CIUDAD SALITRE OCCIDENTAL,El Tiempo - Maloka,600.19,0,PARQUE ZONAL SAUZALITO,310.77,1,0.18,,0.67,1.5,0.0,,0.03,0.17,4.0
2123-M3749051,APARTAMENTO,VENTA,20.99,176.0,3.0,4.0,960000.0,2.0,COUNTRY,6,ENTRE 10 Y 20 ANOS,4.72,-74.03,USADO,,0,1,0,0,1,1,0,0,0,1,False,USAQUEN,LA CANADA,Alcalá,2657.12,0,PARQUE VECINAL NUEVA URBANIZACIÓN EL CEDRITO,918.98,0,0.12,,0.67,0.75,0.0,,0.02,283.42,1.0
4660-M4634987,APARTAMENTO,VENTA,20.29,62.58,1.0,2.0,410000.0,2.0,CHICO,5,ENTRE 0 Y 5 ANOS,4.67,-74.04,USADO,,0,0,0,1,1,1,0,0,0,1,False,CHAPINERO,EL REFUGIO,Héroes - Gel´Hada,1713.57,0,PARQUE VECINAL URBANIZACIÓN LA CABRERA,746.08,0,0.32,,2.0,0.5,0.0,,0.02,739.68,0.0
4660-M4635017,APARTAMENTO,VENTA,21.75,396.0,4.0,5.0,2531000.0,4.0,COUNTRY,6,MAS DE 20 ANOS,4.72,-74.04,USADO,,0,0,0,1,1,1,0,0,0,1,False,USAQUEN,EL CONTADOR,Calle 142,935.92,0,PARQUE VECINAL NUEVA URBANIZACIÓN EL CEDRITO,1048.87,0,0.05,,1.0,0.8,0.0,,0.01,513.73,0.0
2123-M3399266,APARTAMENTO,VENTA,21.28,256.0,3.0,5.0,873000.0,4.0,COUNTRY,6,ENTRE 0 Y 5 ANOS,4.71,-74.03,USADO,,0,0,0,1,1,1,0,0,0,1,False,USAQUEN,BOSQUES DE MEDINA,Prado,2834.06,0,PARQUE METROPOLITANO EL COUNTRY,1367.72,0,0.08,,1.33,0.6,0.0,,0.01,531.42,0.0
703-M4513181,APARTAMENTO,VENTA,19.92,58.06,3.0,2.0,459000.0,1.0,COLINA Y ALREDEDORES,3,ENTRE 0 Y 5 ANOS,4.72,-74.06,USADO,,0,0,0,0,1,0,0,0,0,1,False,SUBA,PRADO PINZON,Calle 142,538.5,0,PARQUE VECINAL PRADO PINZÓN,185.02,1,0.34,,0.33,1.5,0.0,,0.05,834.25,0.0
350-M4567719,APARTAMENTO,VENTA,21.06,141.0,3.0,4.0,1494000.0,2.0,CHICO,6,ENTRE 5 Y 10 ANOS,4.66,-74.05,USADO,,0,1,0,0,1,0,0,0,0,1,False,CHAPINERO,LOS ROSALES,Calle 72,1469.6,0,PARQUE ZONAL GUSTAVO URIBE BOTERO,696.22,0,0.15,,0.67,0.75,0.0,,0.02,718.02,0.0
2671-M4061811,APARTAMENTO,VENTA,21.72,174.0,3.0,4.0,1700000.0,3.0,CHICO,6,ENTRE 5 Y 10 ANOS,4.66,-74.05,USADO,,0,1,0,1,1,0,1,0,0,1,False,CHAPINERO,S.C. BELLAVISTA,Calle 72,1385.17,0,PARQUE ZONAL GUSTAVO URIBE BOTERO,545.68,0,0.12,,1.0,0.75,0.0,,0.02,638.02,0.0
2671-M3249830,APARTAMENTO,VENTA,21.64,302.0,3.0,4.0,1750000.0,4.0,CHICO,6,MAS DE 20 ANOS,4.66,-74.05,USADO,,0,1,0,0,1,0,0,0,0,1,False,CHAPINERO,S.C. EL RETIRO,Héroes - Gel´Hada,1194.91,0,PARQUE ZONAL SAN ANDRÉS,221.73,1,0.07,,1.33,0.75,0.0,,0.01,347.72,3.0
416-M4699930,APARTAMENTO,VENTA,19.52,45.0,3.0,2.0,183000.0,0.0,,4,ENTRE 0 Y 5 ANOS,4.66,-74.13,USADO,,0,0,0,0,1,0,0,0,0,0,False,FONTIBON,EL TINTAL A.S.D.,Normandía,1825.51,0,PARQUE ZONAL CANAL BOYACA,1030.21,0,0.43,,0.0,1.5,0.0,,0.07,725.57,0.0
703-M4268970,APARTAMENTO,VENTA,20.19,62.0,1.0,2.0,432000.0,2.0,CHICO,6,ENTRE 5 Y 10 ANOS,4.67,-74.04,USADO,,0,0,0,1,1,0,0,0,0,1,False,CHAPINERO,EL REFUGIO,Héroes - Gel´Hada,1701.72,0,PARQUE VECINAL URBANIZACIÓN LA CABRERA,684.06,0,0.33,,2.0,0.5,0.0,,0.02,667.16,0.0
603-M4538498,APARTAMENTO,VENTA,19.9,122.0,3.0,3.0,450000.0,1.0,NIZA ALHAMBRA,5,MAS DE 20 ANOS,4.7,-74.07,USADO,,0,0,0,0,0,0,0,0,0,1,False,SUBA,ILARCO - LOS MOLINOS DE ILARCO,Suba - Calle 116,96.76,1,PARQUE ZONAL MORATO,487.14,1,0.16,,0.33,1.0,0.0,,0.02,640.51,0.0
920-M3803776,APARTAMENTO,VENTA,20.64,131.0,3.0,3.0,1148000.0,2.0,SANTA BARBARA,6,ENTRE 5 Y 10 ANOS,4.7,-74.05,USADO,,0,0,0,0,1,0,0,0,0,1,False,USAQUEN,SANTA BARBARA OCCIDENTAL,Calle 127,997.77,0,PARQUE METROPOLITANO EL COUNTRY,911.18,0,0.16,,0.67,1.0,0.0,,0.02,406.55,1.0
416-M4702446,APARTAMENTO,VENTA,20.37,113.0,3.0,3.0,505500.0,2.0,,6,MAS DE 20 ANOS,4.7,-74.03,USADO,,0,1,0,0,1,0,0,0,0,0,False,USAQUEN,SANTA BARBARA CENTRAL IV SECTOR,Calle 127,2338.95,0,PARQUE METROPOLITANO EL COUNTRY,650.47,0,0.18,,0.67,1.0,0.0,,0.03,590.66,0.0
614-M4013550,APARTAMENTO,VENTA,20.62,131.0,3.0,4.0,750000.0,2.0,COUNTRY,5,ENTRE 5 Y 10 ANOS,4.72,-74.05,USADO,,0,1,0,0,1,0,0,0,0,1,False,USAQUEN,LOS CEDROS,Alcalá,340.49,1,PARQUE VECINAL PRADO PINZÓN,646.18,0,0.16,,0.67,0.75,0.0,,0.02,369.25,1.0
416-M4702074,APARTAMENTO,VENTA,19.01,36.0,2.0,1.0,3921395.93,0.0,,3,ENTRE 0 Y 5 ANOS,4.76,-74.08,USADO,,0,0,0,1,1,0,0,0,0,0,False,SUBA,EL PENSIL,Portal Suba,1660.0,0,PARQUE ZONAL CAMPO VERDE,480.68,1,0.53,,0.0,2.0,0.0,,0.06,1589.57,0.0
11013-M4498035,APARTAMENTO,VENTA,20.13,115.0,2.0,2.0,800000.0,1.0,SANTA BARBARA,6,MAS DE 20 ANOS,4.69,-74.04,USADO,,0,0,0,0,1,0,0,0,0,1,False,USAQUEN,RINCON DEL CHICO,Calle 100 - Marketmedios,1425.41,0,PARQUE ZONAL CANAL EL VIRREY EL CHICO,1720.9,0,0.18,,0.5,1.0,0.0,,0.02,446.96,1.0
603-M4418181,APARTAMENTO,VENTA,19.84,66.0,2.0,2.0,250000.0,1.0,CEDRITOS,4,ENTRE 0 Y 5 ANOS,4.74,-74.03,USADO,,0,0,0,1,1,1,1,0,0,1,False,USAQUEN,BARRANCAS NORTE,Calle 161,2660.65,0,PARQUE ZONAL ALTA BLANCA,426.23,1,0.3,,0.5,1.0,0.0,,0.03,1000.09,0.0
703-M4569029,APARTAMENTO,VENTA,20.37,97.7,2.0,4.0,644000.0,2.0,SANTA BARBARA,6,ENTRE 5 Y 10 ANOS,4.69,-74.04,USADO,,0,1,0,0,0,0,0,0,0,1,False,USAQUEN,SANTA BARBARA CENTRAL I Y II,Calle 106,1258.26,0,PARQUE METROPOLITANO EL COUNTRY,1651.46,0,0.21,,1.0,0.5,0.0,,0.02,423.41,1.0
2751-M4678893,APARTAMENTO,VENTA,19.88,54.0,2.0,2.0,260000.0,1.0,FONTIBON TINTAL,4,ENTRE 0 Y 5 ANOS,4.66,-74.13,USADO,,0,0,0,0,1,1,0,0,0,1,False,FONTIBON,EL TINTAL A.S.D.,Normandía,2197.68,0,PARQUE ZONAL CANAL BOYACA,1405.98,0,0.37,,0.5,1.0,0.0,,0.04,670.1,0.0
12503-M4721614,APARTAMENTO,VENTA,20.31,95.0,3.0,2.0,495000.0,2.0,CENTRO NARINO,4,MAS DE 20 ANOS,4.63,-74.09,USADO,,0,0,0,0,1,1,0,0,0,1,False,TEUSAQUILLO,S.C. ORTEZAL,Recinto Ferial,767.49,0,PARQUE VECINAL SANTA CLARA,735.34,0,0.21,,0.67,1.5,0.0,,0.03,1299.73,0.0
14493-M4715512,APARTAMENTO,VENTA,21.81,184.0,3.0,4.0,3921395.93,3.0,CHICO,6,ENTRE 0 Y 5 ANOS,4.67,-74.05,USADO,,0,0,0,1,1,0,1,0,0,1,False,CHAPINERO,S.C. CHICO NORTE,Virrey,1480.03,0,PARQUE VECINAL URBANIZACIÓN LA CABRERA,579.79,0,0.12,,1.0,0.75,0.0,,0.02,483.03,2.0
5031-10830,APARTAMENTO,VENTA,21.25,208.0,3.0,4.0,1300000.0,4.0,CHICO,6,MAS DE 20 ANOS,4.66,-74.05,USADO,,0,1,0,1,1,0,0,0,0,1,False,CHAPINERO,LOS ROSALES,Calle 72,1469.6,0,PARQUE ZONAL GUSTAVO URIBE BOTERO,696.22,0,0.1,,1.33,0.75,0.0,,0.01,718.02,0.0
603-M4418398,APARTAMENTO,VENTA,19.78,66.0,2.0,2.0,406456.0,2.0,CEDRITOS,4,ENTRE 10 Y 20 ANOS,4.72,-74.04,USADO,,0,0,0,0,1,0,0,0,0,1,False,USAQUEN,ACACIAS USAQUEN,Calle 142,1638.88,0,PARQUE VECINAL NUEVA URBANIZACIÓN EL CEDRITO,281.4,1,0.3,,1.0,1.0,0.0,,0.03,515.41,0.0
4-M4324245,APARTAMENTO,VENTA,20.44,119.0,3.0,3.0,572000.0,2.0,CHICO,6,MAS DE 20 ANOS,4.68,-74.05,USADO,,0,0,0,0,1,1,0,0,0,1,False,CHAPINERO,S.C. CHICO NORTE III SECTOR,Calle 100 - Marketmedios,772.99,0,PARQUE VECINAL URBANIZACIÓN NORMANDIA I II II Y IV SECTOR,984.68,0,0.17,,0.67,1.0,0.0,,0.03,225.74,3.0
15939-M4292268,APARTAMENTO,VENTA,19.69,53.29,1.0,1.0,493900.0,1.0,COUNTRY,5,ENTRE 5 Y 10 ANOS,4.71,-74.04,USADO,,0,0,0,1,0,0,0,0,0,1,False,USAQUEN,LISBOA_,Prado,1947.76,0,PARQUE VECINAL NUEVA URBANIZACIÓN EL CEDRITO,1053.68,0,0.37,,1.0,1.0,0.0,,0.02,171.9,1.0
815-M4493126,APARTAMENTO,VENTA,20.36,103.73,3.0,2.0,308000.0,1.0,CENTRO NARINO,4,ENTRE 0 Y 5 ANOS,4.64,-74.09,USADO,,0,0,0,0,0,0,0,0,0,1,False,TEUSAQUILLO,QUINTA PAREDES,Quinta Paredes,297.51,1,PARQUE VECINAL SANTA CLARA,423.1,1,0.2,,0.33,1.5,0.0,,0.03,653.41,0.0
603-M4418068,APARTAMENTO,VENTA,20.02,99.0,3.0,2.0,427000.0,2.0,CEDRITOS,5,ENTRE 5 Y 10 ANOS,4.72,-74.03,USADO,,0,0,0,0,0,1,0,0,0,1,False,USAQUEN,CEDRITOS,Alcalá,2059.04,0,PARQUE VECINAL NUEVA URBANIZACIÓN EL CEDRITO,488.95,1,0.2,,0.67,1.5,0.0,,0.03,506.56,0.0
93-M4512173,APARTAMENTO,VENTA,20.56,148.0,3.0,5.0,904100.0,3.0,SANTA BARBARA,6,MAS DE 20 ANOS,4.7,-74.03,USADO,,0,1,0,0,0,1,0,0,0,1,False,USAQUEN,SANTA BARBARA CENTRAL II,Calle 127,2249.22,0,PARQUE METROPOLITANO EL COUNTRY,521.72,0,0.14,,1.0,0.6,0.0,,0.02,761.88,0.0
350-M3372202,APARTAMENTO,VENTA,20.82,143.0,2.0,3.0,1401000.0,1.0,CHICO,6,MAS DE 20 ANOS,4.68,-74.05,USADO,,0,1,0,0,1,0,0,0,0,1,False,CHAPINERO,S.C. CHICO NORTE,Virrey,1115.25,0,PARQUE ZONAL CANAL EL VIRREY EL CHICO,674.84,0,0.15,,0.5,0.67,0.0,,0.01,85.72,2.0
603-M4418012,APARTAMENTO,VENTA,20.29,127.0,3.0,3.0,380000.0,2.0,CEDRITOS,4,ENTRE 10 Y 20 ANOS,4.73,-74.04,USADO,,0,0,0,0,1,1,0,0,0,1,False,USAQUEN,PARQUES DE LORENA,Mazurén,1625.18,0,PARQUE ZONAL ALTA BLANCA,781.23,0,0.16,,0.67,1.0,0.0,,0.02,289.52,1.0
4660-M4635238,APARTAMENTO,VENTA,19.52,58.0,3.0,2.0,181000.0,1.0,FONTIBON TINTAL,3,ENTRE 10 Y 20 ANOS,4.66,-74.13,USADO,,0,0,0,0,0,1,0,0,0,1,False,FONTIBON,EL TINTAL A.S.D.,Normandía,1911.16,0,PARQUE ZONAL CANAL BOYACA,1178.98,0,0.34,,0.33,1.5,0.0,,0.05,287.89,2.0
12500-M4695264,APARTAMENTO,VENTA,20.23,93.0,3.0,3.0,507000.0,2.0,CEDRITOS,4,ENTRE 0 Y 5 ANOS,4.72,-74.04,USADO,,0,0,0,0,1,1,0,0,0,1,False,USAQUEN,CEDRITOS,Alcalá,1729.28,0,PARQUE VECINAL NUEVA URBANIZACIÓN EL CEDRITO,556.46,0,0.22,,0.67,1.0,0.0,,0.03,181.84,1.0
4660-M4634999,APARTAMENTO,VENTA,20.29,127.0,3.0,3.0,540000.0,2.0,CEDRITOS,4,ENTRE 10 Y 20 ANOS,4.73,-74.04,USADO,,0,0,0,0,1,0,0,0,0,1,False,USAQUEN,PARQUES DE LORENA,Mazurén,1625.18,0,PARQUE ZONAL ALTA BLANCA,781.23,0,0.16,,0.67,1.0,0.0,,0.02,289.52,1.0
703-M4199600,APARTAMENTO,VENTA,20.13,107.0,3.0,3.0,799000.0,2.0,SANTA BARBARA,6,MAS DE 20 ANOS,4.7,-74.04,USADO,,0,0,0,0,1,0,0,0,0,1,False,USAQUEN,SAN PATRICIO,Pepe Sierra,1148.04,0,PARQUE METROPOLITANO EL COUNTRY,1090.52,0,0.19,,0.67,1.0,0.0,,0.03,312.61,2.0
11079-M4189210,APARTAMENTO,VENTA,21.47,185.0,3.0,4.0,1300000.0,2.0,CENTRO Y ZONA COLONIAL,6,MAS DE 20 ANOS,4.68,-74.05,USADO,,0,1,0,1,0,1,0,0,0,1,False,CHAPINERO,S.C. CHICO NORTE,Calle 100 - Marketmedios,1034.38,0,PARQUE ZONAL CANAL EL VIRREY EL CHICO,890.49,0,0.12,,0.67,0.75,0.0,,0.02,367.46,4.0
10323-M4692746,APARTAMENTO,VENTA,19.55,67.96,2.0,2.0,448000.0,1.0,CEDRITOS,4,MAS DE 20 ANOS,4.73,-74.04,USADO,,0,0,0,0,1,0,0,0,0,1,False,USAQUEN,CAOBOS SALAZAR,Calle 142,1721.34,0,PARQUE VECINAL NUEVA URBANIZACIÓN EL CEDRITO,334.69,1,0.29,,0.5,1.0,0.0,,0.03,525.53,0.0
4278-M4438254,APARTAMENTO,VENTA,20.37,120.0,3.0,3.0,892000.0,2.0,CHICO,6,MAS DE 20 ANOS,4.66,-74.05,USADO,,0,0,0,0,0,0,0,0,0,1,False,CHAPINERO,S.C. BELLAVISTA,Calle 72,1143.31,0,PARQUE ZONAL GUSTAVO URIBE BOTERO,601.02,0,0.17,,0.67,1.0,0.0,,0.02,392.46,1.0
815-M4592228,APARTAMENTO,VENTA,20.11,69.0,2.0,2.0,3921395.93,1.0,CHICO,6,ENTRE 5 Y 10 ANOS,4.67,-74.06,USADO,,0,0,0,1,0,0,0,0,0,1,False,CHAPINERO,S.C. ANTIGUO COUNTRY,Calle 85,104.07,1,PARQUE METROPOLITANO RECONCILIACIÓN,57.83,1,0.29,,0.5,1.0,0.0,,0.03,543.25,0.0
2671-M4083608,APARTAMENTO,VENTA,20.46,86.0,2.0,2.0,400000.0,2.0,SANTA BARBARA,6,ENTRE 0 Y 5 ANOS,4.7,-74.03,USADO,,0,0,0,1,1,1,0,0,0,1,False,USAQUEN,SANTA BARBARA ORIENTAL,Calle 127,2590.96,0,PARQUE METROPOLITANO EL COUNTRY,872.2,0,0.24,,1.0,1.0,0.0,,0.02,638.37,0.0
2671-M3346960,APARTAMENTO,VENTA,20.67,192.0,3.0,4.0,883000.0,2.0,SANTA BARBARA,5,MAS DE 20 ANOS,4.7,-74.03,USADO,,0,1,0,0,1,0,0,0,0,1,False,USAQUEN,SANTA BARBARA CENTRAL II,Calle 127,2260.96,0,PARQUE METROPOLITANO EL COUNTRY,564.22,0,0.11,,0.67,0.75,0.0,,0.02,655.84,0.0
12500-M4640487,APARTAMENTO,VENTA,19.37,55.0,2.0,2.0,240000.0,1.0,ORQUIDEAS,3,ENTRE 0 Y 5 ANOS,4.76,-74.03,USADO,,0,0,0,0,1,1,0,0,0,1,False,USAQUEN,SAN ANTONIO NORTE,Calle 187,1855.07,0,PARQUE VECINAL URBANIZACIÓN CALLE 170 / ALAMEDA,1238.68,0,0.35,,0.5,1.0,0.0,,0.04,1620.65,0.0
2671-M3365916,APARTAMENTO,VENTA,21.19,242.0,3.0,4.0,1668000.0,3.0,CHAPINERO ALTO,6,MAS DE 20 ANOS,4.65,-74.05,USADO,,0,1,0,1,0,0,0,0,0,1,False,CHAPINERO,S.C. LAS ACACIAS,Flores – Areandina,1478.86,0,PARQUE ZONAL GUSTAVO URIBE BOTERO,287.15,1,0.09,,1.0,0.75,0.0,,0.01,657.03,0.0
3606-M3773103,APARTAMENTO,VENTA,20.44,86.5,2.0,3.0,625000.0,2.0,CHICO,5,ENTRE 0 Y 5 ANOS,4.67,-74.06,USADO,,0,0,0,0,1,1,0,0,0,1,False,CHAPINERO,S.C. ANTIGUO COUNTRY,Calle 85,327.09,1,PARQUE METROPOLITANO RECONCILIACIÓN,272.11,1,0.24,,1.0,0.67,0.0,,0.02,237.63,3.0
4498-M4517033,APARTAMENTO,VENTA,21.13,208.87,4.0,4.0,1150000.0,4.0,SANTA BARBARA,6,ENTRE 10 Y 20 ANOS,4.69,-74.05,USADO,,0,1,0,1,1,1,0,0,0,1,False,USAQUEN,SAN PATRICIO,Calle 106,803.54,0,PARQUE METROPOLITANO EL COUNTRY,1637.61,0,0.1,,1.0,1.0,0.0,,0.02,156.54,3.0
11369-M4660423,APARTAMENTO,VENTA,19.58,73.0,3.0,2.0,290000.0,1.0,ENGATIVA,4,ENTRE 5 Y 10 ANOS,4.72,-74.13,USADO,,0,1,0,0,1,1,0,0,0,1,False,ENGATIVA,S.C. ENGATIVA EL DORADO,Portal 80,2912.22,0,PARQUE METROPOLITANO PLANTA DE TRATAMIENTO SALITRE,814.64,0,0.27,,0.33,1.5,0.0,,0.04,2698.59,0.0
4796-M4622707,APARTAMENTO,VENTA,19.59,27.83,1.0,1.0,3921395.93,0.0,CHAPINERO,4,ENTRE 0 Y 5 ANOS,4.64,-74.07,USADO,,0,0,0,1,0,0,0,0,0,1,False,TEUSAQUILLO,CHAPINERO OCCIDENTAL,Calle 57,266.61,1,PARQUE ESCENARIO DEPORTIVO EL CAMPINCITO - CEAD,1137.43,0,0.7,,0.0,1.0,0.0,,0.04,745.87,0.0
4796-M4622760,APARTAMENTO,VENTA,19.7,29.19,1.0,1.0,3921395.93,0.0,CHAPINERO,4,ENTRE 0 Y 5 ANOS,4.64,-74.07,USADO,,0,0,0,1,0,0,0,0,0,1,False,TEUSAQUILLO,CHAPINERO OCCIDENTAL,Calle 57,266.61,1,PARQUE ESCENARIO DEPORTIVO EL CAMPINCITO - CEAD,1137.43,0,0.68,,0.0,1.0,0.0,,0.03,745.87,0.0
2671-M4186970,APARTAMENTO,VENTA,21.51,259.41,4.0,5.0,1700000.0,3.0,CHICO,6,MAS DE 20 ANOS,4.68,-74.05,USADO,,0,1,0,0,1,0,0,0,0,1,False,CHAPINERO,S.C. CHICO NORTE III SECTOR,Calle 100 - Marketmedios,711.21,0,PARQUE VECINAL URBANIZACIÓN NORMANDIA I II II Y IV SECTOR,831.99,0,0.08,,0.75,0.8,0.0,,0.02,232.46,3.0
73-M3671013,APARTAMENTO,VENTA,21.65,239.98,3.0,3.0,2045000.0,3.0,CHICO,6,ENTRE 10 Y 20 ANOS,4.68,-74.05,USADO,,0,0,0,1,1,0,0,0,0,1,False,CHAPINERO,S.C. CHICO NORTE,Virrey,1335.86,0,PARQUE VECINAL URBANIZACIÓN LA CABRERA,659.83,0,0.09,,1.0,1.0,0.0,,0.01,237.46,1.0
920-M4502914,APARTAMENTO,VENTA,19.69,75.0,3.0,2.0,375000.0,1.0,CEDRITOS,4,MAS DE 20 ANOS,4.73,-74.04,USADO,,0,0,0,0,1,0,0,0,0,1,False,USAQUEN,LAS MARGARITAS I SECTOR,Calle 146,652.73,0,PARQUE VECINAL DESARROLLO ESTRELLA DEL NORTE,1077.76,0,0.26,,0.33,1.5,0.0,,0.04,1103.92,0.0
920-M4218577,APARTAMENTO,VENTA,19.86,72.0,3.0,2.0,271400.0,1.0,CEDRITOS,4,ENTRE 5 Y 10 ANOS,4.73,-74.03,USADO,,0,0,0,1,1,1,0,0,0,1,False,USAQUEN,FINCA MORAGA (BARRACAS),Mazurén,2684.47,0,PARQUE ZONAL ALTA BLANCA,420.83,1,0.28,,0.33,1.5,0.0,,0.04,944.41,0.0
10323-M3988811,APARTAMENTO,VENTA,19.63,92.0,3.0,3.0,303600.0,1.0,COLINA Y ALREDEDORES,4,MAS DE 20 ANOS,4.73,-74.05,USADO,,0,0,0,0,0,0,0,0,0,1,False,SUBA,RIVIERA NORTE,Mazurén,108.41,1,PARQUE VECINAL URBANIZACIÓN VICTORIA NORTE,377.77,1,0.21,,0.33,1.0,0.0,,0.03,1539.38,0.0
2751-M4659533,APARTAMENTO,VENTA,20.2,89.0,3.0,2.0,262000.0,1.0,SALITRE MODELIA,4,ENTRE 10 Y 20 ANOS,4.66,-74.12,USADO,,0,0,0,1,1,1,1,0,0,1,False,FONTIBON,LA ESPERANZA_,AV. Rojas,1320.95,0,PARQUE VECINAL CARLOS LLERAS (EL FUEGO),567.29,0,0.23,,0.33,1.5,0.0,,0.03,789.05,0.0
771-M4653564,APARTAMENTO,VENTA,20.37,90.0,3.0,3.0,474000.0,2.0,CEDRITOS,4,ENTRE 5 Y 10 ANOS,4.72,-74.03,USADO,,0,0,0,1,1,0,0,0,0,1,False,USAQUEN,LOS CEDROS ORIENTAL,Calle 142,2185.13,0,PARQUE VECINAL NUEVA URBANIZACIÓN EL CEDRITO,290.46,1,0.23,,0.67,1.0,0.0,,0.03,693.5,0.0
2123-M3748681,APARTAMENTO,VENTA,20.82,160.0,3.0,4.0,960000.0,2.0,COUNTRY,6,ENTRE 10 Y 20 ANOS,4.7,-74.03,USADO,,0,1,0,1,1,1,0,0,0,1,False,USAQUEN,S.C. SAN NORTE,Calle 127,2851.79,0,PARQUE METROPOLITANO EL COUNTRY,1117.79,0,0.13,,0.67,0.75,0.0,,0.02,795.66,0.0
2123-M2901419,APARTAMENTO,VENTA,20.58,134.0,3.0,4.0,500000.0,2.0,170 Y ALREDORES,5,ENTRE 5 Y 10 ANOS,4.75,-74.07,USADO,,0,1,0,1,1,1,1,0,0,1,False,SUBA,URB. DEL MONTE,Portal Norte,2431.18,0,PARQUE ZONAL SAN JOSÉ DE BAVARIA,523.35,0,0.15,,0.67,0.75,0.0,,0.02,2294.74,0.0
11013-M4704197,APARTAMENTO,VENTA,20.13,82.0,2.0,2.0,474100.0,1.0,SANTA BARBARA,5,MAS DE 20 ANOS,4.7,-74.05,USADO,,0,0,0,0,1,0,0,0,0,1,False,USAQUEN,SANTA BARBARA OCCIDENTAL,Pepe Sierra,378.18,1,PARQUE ZONAL ATABANZA,1320.24,0,0.25,,0.5,1.0,0.0,,0.02,393.23,2.0
350-M4579916,APARTAMENTO,VENTA,19.45,58.73,3.0,2.0,229000.0,1.0,KENNEDY,3,ENTRE 5 Y 10 ANOS,4.65,-74.15,USADO,,0,0,0,1,1,1,1,0,0,1,False,KENNEDY,EL TINTAL,Biblioteca Tintal,2015.08,0,PARQUE ZONAL SAN IGNACIO,1054.03,0,0.33,,0.33,1.5,0.0,,0.05,2440.44,0.0
2671-M4544577,APARTAMENTO,VENTA,21.51,218.5,3.0,5.0,1582000.0,3.0,CHICO,6,ENTRE 10 Y 20 ANOS,4.68,-74.06,USADO,,1,1,0,1,1,0,0,0,0,1,False,CHAPINERO,S.C. EL CHICO,Virrey,248.91,1,PARQUE VECINAL URBANIZACIÓN NORMANDIA I II II Y IV SECTOR,294.92,1,0.1,,1.0,0.6,0.0,,0.01,379.65,1.0
2671-M4058408,APARTAMENTO,VENTA,21.79,350.0,3.0,4.0,1900000.0,3.0,CHICO,6,MAS DE 20 ANOS,4.67,-74.04,USADO,,0,1,0,0,1,0,0,0,0,1,False,CHAPINERO,CHICO ALTO,Calle 85,1989.42,0,PARQUE VECINAL URBANIZACIÓN LA CABRERA,932.05,0,0.06,,1.0,0.75,0.0,,0.01,881.81,0.0
416-M4580748,APARTAMENTO,VENTA,20.28,98.0,3.0,3.0,400000.0,1.0,,4,ENTRE 0 Y 5 ANOS,4.66,-74.12,USADO,,0,1,0,1,1,0,0,0,0,0,False,FONTIBON,LA ESPERANZA_,Normandía,1480.3,0,PARQUE ZONAL CANAL BOYACA,688.16,0,0.21,,0.33,1.0,0.0,,0.03,651.82,0.0
416-M4206627,APARTAMENTO,VENTA,20.06,96.0,2.0,3.0,543000.0,2.0,,6,ENTRE 10 Y 20 ANOS,4.69,-74.03,USADO,,0,1,0,1,1,0,0,0,0,0,False,USAQUEN,USAQUEN,Pepe Sierra,2592.31,0,PARQUE METROPOLITANO EL COUNTRY,1448.88,0,0.21,,1.0,0.67,0.0,,0.02,66.14,4.0
2396-M3989163,APARTAMENTO,VENTA,20.67,125.0,2.0,3.0,570000.0,2.0,,5,ENTRE 10 Y 20 ANOS,4.64,-74.05,USADO,,0,0,0,1,1,1,1,0,0,1,False,CHAPINERO,VISTA HERMOSA - MARIA CRISTINA,Calle 57,1221.93,0,PARQUE ZONAL GUSTAVO URIBE BOTERO,867.7,0,0.17,,1.0,0.67,0.0,,0.02,998.5,0.0
15925-M4477638,APARTAMENTO,VENTA,21.05,195.0,3.0,3.0,1489000.0,2.0,,6,MAS DE 20 ANOS,4.66,-74.05,USADO,,0,1,0,0,1,0,0,0,0,0,False,CHAPINERO,LOS ROSALES,Calle 76 - San Felipe,1399.31,0,PARQUE ZONAL SAN ANDRÉS,548.98,0,0.11,,0.67,1.0,0.0,,0.02,732.27,0.0
416-M4696434,APARTAMENTO,VENTA,19.09,55.0,3.0,2.0,177000.0,1.0,,3,ENTRE 5 Y 10 ANOS,4.64,-74.15,USADO,,0,0,0,1,1,0,0,0,0,0,False,KENNEDY,EL_CASTILLO,Transversal 86,1039.42,0,PARQUE METROPOLITANO BIBLIOTECA EL TINTAL,649.66,0,0.35,,0.33,1.5,0.0,,0.05,2368.54,0.0
4796-M3870430,APARTAMENTO,VENTA,20.34,170.0,4.0,4.0,500000.0,2.0,CEDRITOS,4,MAS DE 20 ANOS,4.73,-74.04,USADO,,0,0,0,0,0,1,0,0,0,1,False,USAQUEN,LOS CEDRITOS,Calle 146,784.72,0,PARQUE VECINAL DESARROLLO ESTRELLA DEL NORTE,1204.33,0,0.12,,0.5,1.0,0.0,,0.02,1039.16,0.0
2123-M3086785,APARTAMENTO,VENTA,20.44,120.0,3.0,3.0,647000.0,2.0,COUNTRY,5,ENTRE 10 Y 20 ANOS,4.72,-74.04,USADO,,0,1,0,0,1,1,0,0,0,1,True,USAQUEN,NUEVO COUNTRY,Alcalá,1270.07,0,PARQUE VECINAL NUEVA URBANIZACIÓN EL CEDRITO,1031.46,0,0.17,,0.67,1.0,0.0,,0.02,424.74,1.0
4796-M3867226,APARTAMENTO,VENTA,19.83,88.0,3.0,2.0,260000.0,3.0,ORQUIDEAS,4,ENTRE 10 Y 20 ANOS,4.76,-74.04,USADO,,0,0,0,0,0,1,0,0,0,1,False,USAQUEN,SAN ANTONIO NOROCCIDENTAL,Portal Norte,369.61,1,PARQUE VECINAL URBANIZACIÓN CALLE 170 / ALAMEDA,554.11,0,0.23,,1.0,1.5,0.0,,0.03,790.78,0.0
4796-M4629342,APARTAMENTO,VENTA,20.03,97.0,3.0,2.0,400000.0,1.0,COLINA Y ALREDEDORES,4,ENTRE 10 Y 20 ANOS,4.71,-74.06,USADO,,0,0,0,0,1,1,0,0,0,1,False,SUBA,CANODROMO - URB. ATABANZA,Calle 127,717.29,0,PARQUE ZONAL ATABANZA,107.72,1,0.21,,0.33,1.5,0.0,,0.03,790.07,0.0
897-M4462689,APARTAMENTO,VENTA,20.69,190.0,3.0,3.0,1400000.0,2.0,CHAPINERO ALTO,6,MAS DE 20 ANOS,4.65,-74.06,USADO,,0,0,0,0,1,1,0,0,0,1,False,CHAPINERO,S.C. QUINTA CAMACHO,Flores – Areandina,784.65,0,PARQUE ZONAL GUSTAVO URIBE BOTERO,568.13,0,0.11,,0.67,1.0,0.0,,0.02,198.67,5.0
603-M4514085,APARTAMENTO,VENTA,20.23,64.0,2.0,2.0,528000.0,2.0,CENTRO Y ZONA COLONIAL,3,ENTRE 5 Y 10 ANOS,4.61,-74.07,USADO,,0,0,0,1,1,0,0,0,0,1,False,SANTA FE,LAS NIEVES,Universidades,417.68,1,PARQUE METROPOLITANO INDEPENDENCIA BICENTENARIO,497.14,1,0.32,,1.0,1.0,0.0,,0.03,500.55,0.0
4796-M4622854,APARTAMENTO,VENTA,19.33,24.91,1.0,1.0,3921395.93,0.0,CHAPINERO,4,ENTRE 0 Y 5 ANOS,4.64,-74.07,USADO,,0,0,0,1,0,0,0,0,0,1,False,TEUSAQUILLO,CHAPINERO OCCIDENTAL,Calle 57,266.61,1,PARQUE ESCENARIO DEPORTIVO EL CAMPINCITO - CEAD,1137.43,0,0.78,,0.0,1.0,0.0,,0.04,745.87,0.0
15180-M4590517,APARTAMENTO,VENTA,20.55,152.0,3.0,2.0,500000.0,2.0,,5,MAS DE 20 ANOS,4.7,-74.07,USADO,,0,1,0,1,0,0,0,0,0,0,False,SUBA,LAGOS DE CORDOBA,Humedal Córdoba,324.67,1,PARQUE ZONAL CANAL CORDOBA,586.96,0,0.14,,0.67,1.5,0.0,,0.02,821.83,0.0
703-M4705997,APARTAMENTO,VENTA,19.58,45.57,1.0,2.0,366400.0,1.0,CEDRITOS,4,ENTRE 5 Y 10 ANOS,4.72,-74.03,USADO,,0,0,0,0,1,0,0,0,0,1,False,USAQUEN,LOS CEDROS ORIENTAL,Calle 142,2312.82,0,PARQUE VECINAL NUEVA URBANIZACIÓN EL CEDRITO,394.62,1,0.43,,1.0,0.5,0.0,,0.02,832.1,0.0
504-M4089240,APARTAMENTO,VENTA,20.38,90.0,3.0,2.0,365000.0,1.0,SALITRE MODELIA,4,ENTRE 10 Y 20 ANOS,4.64,-74.1,USADO,,0,0,0,1,1,1,0,0,0,1,False,TEUSAQUILLO,CIUDAD SALITRE SURORIENTAL,CAN,542.68,0,PARQUE VECINAL URBANIZACIÓN SALITRE (GRECO),1001.81,0,0.23,,0.33,1.5,0.0,,0.03,428.2,4.0
350-M4669479,APARTAMENTO,VENTA,19.09,30.84,1.0,1.0,140000.0,0.0,,3,ENTRE 0 Y 5 ANOS,4.75,-74.03,USADO,,0,0,0,1,1,1,0,0,0,1,False,USAQUEN,LA GRANJA NORTE,Portal Norte,2199.98,0,PARQUE ZONAL SERVITA,829.44,0,0.62,,0.0,1.0,0.0,,0.03,1037.84,0.0
4796-M3870436,APARTAMENTO,VENTA,20.01,92.0,4.0,2.0,3921395.93,1.0,SANTA BARBARA,5,MAS DE 20 ANOS,4.7,-74.05,USADO,,0,0,0,0,0,1,0,0,0,1,False,USAQUEN,SANTA BARBARA OCCIDENTAL,Calle 127,750.17,0,PARQUE METROPOLITANO EL COUNTRY,1084.78,0,0.22,,0.25,2.0,0.0,,0.04,470.84,1.0
4796-M3863645,APARTAMENTO,VENTA,19.46,69.0,3.0,2.0,259000.0,1.0,ORQUIDEAS,3,MAS DE 20 ANOS,4.75,-74.03,USADO,,0,0,0,0,0,1,0,0,0,1,False,USAQUEN,SANTA TERESA,Toberin - Foundever,1802.98,0,PARQUE ZONAL SERVITA,817.95,0,0.28,,0.33,1.5,0.0,,0.04,625.19,0.0
603-M4418399,APARTAMENTO,VENTA,20.82,163.0,3.0,3.0,1696000.0,2.0,CHICO,5,MAS DE 20 ANOS,4.67,-74.04,USADO,,0,1,0,0,0,0,0,0,0,1,False,CHAPINERO,CHICO ORIENTAL,Virrey,2261.91,0,PARQUE VECINAL URBANIZACIÓN LA CABRERA,1274.53,0,0.13,,0.67,1.0,0.0,,0.02,1017.63,0.0
603-M4418112,APARTAMENTO,VENTA,20.91,150.0,3.0,3.0,1000000.0,2.0,SANTA BARBARA,6,MAS DE 20 ANOS,4.7,-74.05,USADO,,0,0,0,0,1,1,0,0,0,1,False,USAQUEN,SAN PATRICIO,Pepe Sierra,1087.4,0,PARQUE METROPOLITANO EL COUNTRY,1332.24,0,0.14,,0.67,1.0,0.0,,0.02,221.95,3.0
703-M4513172,APARTAMENTO,VENTA,19.92,57.11,3.0,2.0,459000.0,1.0,COLINA Y ALREDEDORES,3,ENTRE 0 Y 5 ANOS,4.72,-74.06,USADO,,0,0,0,0,1,0,0,0,0,1,False,SUBA,PRADO PINZON,Calle 142,538.5,0,PARQUE VECINAL PRADO PINZÓN,185.02,1,0.35,,0.33,1.5,0.0,,0.05,834.25,0.0
175-M4659938,APARTAMENTO,VENTA,20.72,210.0,4.0,5.0,1369000.0,3.0,SANTA BARBARA,6,MAS DE 20 ANOS,4.7,-74.04,USADO,,0,1,0,0,1,1,0,0,0,1,False,USAQUEN,SANTA BARBARA CENTRAL I SECTOR,Calle 127,1904.76,0,PARQUE METROPOLITANO EL COUNTRY,599.32,0,0.1,,0.75,0.8,0.0,,0.02,607.87,0.0
4796-M4627749,APARTAMENTO,VENTA,20.08,72.08,2.0,2.0,400000.0,1.0,CHAPINERO ALTO,4,ENTRE 10 Y 20 ANOS,4.66,-74.05,USADO,,0,0,0,1,1,0,0,0,0,1,False,CHAPINERO,S.C. BELLAVISTA,Calle 72,1226.99,0,PARQUE ZONAL SAN ANDRÉS,799.79,0,0.28,,0.5,1.0,0.0,,0.03,499.99,1.0
4796-M4347357,APARTAMENTO,VENTA,20.91,169.0,3.0,4.0,1200000.0,2.0,SANTA BARBARA,6,ENTRE 10 Y 20 ANOS,4.69,-74.04,USADO,,0,0,0,0,1,0,0,0,0,1,False,USAQUEN,SANTA BARBARA CENTRAL I Y II,Calle 106,1586.66,0,PARQUE METROPOLITANO EL COUNTRY,1535.95,0,0.12,,0.67,0.75,0.0,,0.02,518.23,0.0
771-M4371288,APARTAMENTO,VENTA,19.9,40.0,1.0,2.0,350000.0,1.0,CHAPINERO ALTO,4,ENTRE 0 Y 5 ANOS,4.65,-74.05,USADO,,0,0,0,1,0,0,1,0,0,1,False,CHAPINERO,S.C. BELLAVISTA,Calle 72,1314.14,0,PARQUE ZONAL GUSTAVO URIBE BOTERO,400.13,1,0.5,,1.0,0.5,0.0,,0.02,580.65,0.0
504-M4589445,APARTAMENTO,VENTA,19.21,53.88,3.0,2.0,108000.0,0.0,CASTILLA MARSELLA,3,MAS DE 20 ANOS,4.64,-74.15,USADO,,0,0,0,1,0,1,0,0,0,1,False,KENNEDY,URB. CATALINA,Transversal 86,459.01,1,PARQUE ZONAL CASTILLA,1032.82,0,0.36,,0.0,1.5,0.0,,0.06,2166.08,0.0
603-M4687482,APARTAMENTO,VENTA,21.49,300.0,3.0,3.0,1585000.0,3.0,CHICO,6,MAS DE 20 ANOS,4.68,-74.05,USADO,,0,0,0,1,1,0,0,0,0,1,False,CHAPINERO,S.C. CHICO NORTE,Virrey,1442.1,0,PARQUE VECINAL URBANIZACIÓN LA CABRERA,814.58,0,0.07,,1.0,1.0,0.0,,0.01,265.14,1.0
2751-M4491887,APARTAMENTO,VENTA,19.82,70.0,3.0,2.0,295000.0,1.0,SALITRE MODELIA,4,MAS DE 20 ANOS,4.67,-74.13,USADO,,0,0,0,0,0,0,0,0,0,1,False,FONTIBON,MODELIA OCCIDENTAL,Modelia,1346.55,0,PARQUE VECINAL MODELIA SECTOR A,748.9,0,0.28,,0.33,1.5,0.0,,0.04,678.78,0.0
4796-M4622717,APARTAMENTO,VENTA,19.41,27.83,1.0,1.0,3921395.93,0.0,CHAPINERO,4,ENTRE 0 Y 5 ANOS,4.64,-74.07,USADO,,0,0,0,1,0,0,0,0,0,1,False,TEUSAQUILLO,CHAPINERO OCCIDENTAL,Calle 57,266.61,1,PARQUE ESCENARIO DEPORTIVO EL CAMPINCITO - CEAD,1137.43,0,0.7,,0.0,1.0,0.0,,0.04,745.87,0.0
614-M4533817,APARTAMENTO,VENTA,19.78,74.0,3.0,2.0,270000.0,1.0,NIZA ALHAMBRA,3,MAS DE 20 ANOS,4.7,-74.08,USADO,,0,0,0,0,0,1,0,0,0,1,True,SUBA,NIZA SUR,Humedal Córdoba,660.45,0,PARQUE ZONAL MORATO,616.07,0,0.27,,0.33,1.5,0.0,,0.04,908.22,0.0
350-M3244716,APARTAMENTO,VENTA,20.28,86.69,3.0,3.0,554000.0,2.0,SANTA BARBARA,5,ENTRE 10 Y 20 ANOS,4.69,-74.04,USADO,,0,1,0,1,1,0,0,0,0,1,False,USAQUEN,RINCON DEL CHICO,Calle 106,1406.09,0,PARQUE ZONAL CANAL EL VIRREY EL CHICO,1813.74,0,0.23,,0.67,1.0,0.0,,0.03,517.29,0.0
4796-M4314500,APARTAMENTO,VENTA,20.07,115.0,3.0,2.0,450000.0,2.0,COLINA Y ALREDEDORES,4,MAS DE 20 ANOS,4.73,-74.06,USADO,,0,0,0,0,0,1,0,0,0,1,False,SUBA,COLPATRIA SANTA HELENA II SECTOR,Gratamira,1196.08,0,PARQUE VECINAL URBANIZACIÓN LA LAGUNA,1203.05,0,0.17,,0.67,1.5,0.0,,0.03,225.4,2.0
504-M3837588,APARTAMENTO,VENTA,19.81,50.0,1.0,1.0,220000.0,1.0,CENTRO INTERNACIONAL,3,ENTRE 0 Y 5 ANOS,4.62,-74.07,USADO,,0,0,0,1,1,1,0,0,0,1,False,SANTA FE,SAN_MARTIN,Museo Nacional,314.46,1,PARQUE METROPOLITANO INDEPENDENCIA BICENTENARIO,538.5,0,0.4,,1.0,1.0,0.0,,0.02,215.82,4.0
920-M4653799,APARTAMENTO,VENTA,19.73,54.0,1.0,2.0,220000.0,2.0,CEDRITOS,4,ENTRE 5 Y 10 ANOS,4.72,-74.03,USADO,,0,0,0,1,1,0,0,0,0,1,False,USAQUEN,LAS_ACACIAS,Alcalá,2602.29,0,PARQUE VECINAL NUEVA URBANIZACIÓN EL CEDRITO,719.11,0,0.37,,2.0,0.5,0.0,,0.02,533.75,0.0
2123-M4125141,APARTAMENTO,VENTA,21.09,217.0,3.0,5.0,950000.0,3.0,COUNTRY,6,MAS DE 20 ANOS,4.72,-74.03,USADO,,0,1,0,1,1,1,0,0,0,1,False,USAQUEN,CIUDADELA REAL,Alcalá,2637.35,0,PARQUE VECINAL NUEVA URBANIZACIÓN EL CEDRITO,1043.48,0,0.1,,1.0,0.6,0.0,,0.01,104.23,1.0
4498-M4504042,APARTAMENTO,VENTA,20.58,132.0,3.0,4.0,756000.0,2.0,COUNTRY,5,MAS DE 20 ANOS,4.7,-74.03,USADO,,0,1,0,0,1,1,0,0,0,1,False,USAQUEN,BELLA SUIZA,Calle 127,2575.26,0,PARQUE METROPOLITANO EL COUNTRY,832.56,0,0.16,,0.67,0.75,0.0,,0.02,710.85,0.0
4660-M4635060,APARTAMENTO,VENTA,21.28,225.0,4.0,5.0,1200000.0,3.0,CHICO,6,MAS DE 20 ANOS,4.68,-74.05,USADO,,0,1,0,1,1,0,0,0,0,1,True,CHAPINERO,S.C. CHICO NORTE,Calle 100 - Marketmedios,687.33,0,PARQUE VECINAL URBANIZACIÓN NORMANDIA I II II Y IV SECTOR,723.37,0,0.09,,0.75,0.8,0.0,,0.02,162.13,3.0
12500-M4734160,APARTAMENTO,VENTA,19.96,88.0,3.0,2.0,327000.0,1.0,NIZA ALHAMBRA,4,ENTRE 10 Y 20 ANOS,4.71,-74.08,USADO,,0,0,0,1,0,1,1,0,0,1,False,SUBA,URB. LAS PLEYADES,Niza - Calle 127,1308.22,0,PARQUE METROPOLITANO CEFE COMETAS,551.28,0,0.23,,0.33,1.5,0.0,,0.03,1288.07,0.0
2123-M3796586,APARTAMENTO,VENTA,21.09,224.0,4.0,5.0,1100000.0,3.0,COUNTRY,6,ENTRE 5 Y 10 ANOS,4.72,-74.03,USADO,,0,1,0,1,1,1,0,0,0,1,False,USAQUEN,S.C. BARRANCAS ORIENTAL,Calle 142,2745.11,0,PARQUE VECINAL NUEVA URBANIZACIÓN EL CEDRITO,834.89,0,0.09,,0.75,0.8,0.0,,0.02,941.01,0.0
410-M4268977,APARTAMENTO,VENTA,20.07,96.78,3.0,2.0,655400.0,2.0,CEDRITOS,4,ENTRE 10 Y 20 ANOS,4.72,-74.03,USADO,,0,1,0,0,1,0,0,0,0,1,False,USAQUEN,LOS CEDROS ORIENTAL,Calle 142,2552.12,0,PARQUE VECINAL NUEVA URBANIZACIÓN EL CEDRITO,632.62,0,0.21,,0.67,1.5,0.0,,0.03,749.56,0.0
2266-M4091616,APARTAMENTO,VENTA,21.05,220.0,3.0,3.0,1160000.0,2.0,,6,MAS DE 20 ANOS,4.7,-74.03,USADO,,0,1,0,1,1,1,0,0,0,1,False,USAQUEN,LOS ALPES II SECTOR,Calle 127,2978.05,0,PARQUE METROPOLITANO EL COUNTRY,1277.0,0,0.1,,0.67,1.0,0.0,,0.01,667.94,0.0
2123-M3086799,APARTAMENTO,VENTA,20.91,189.0,2.0,4.0,1370000.0,2.0,COUNTRY,6,MAS DE 20 ANOS,4.71,-74.03,USADO,,0,1,0,1,1,1,0,0,0,1,False,USAQUEN,BOSQUES DE MEDINA,Prado,2774.87,0,PARQUE METROPOLITANO EL COUNTRY,1339.66,0,0.11,,1.0,0.5,0.0,,0.01,476.0,1.0
2266-M3483342,APARTAMENTO,VENTA,21.05,223.0,3.0,4.0,1047400.0,4.0,SANTA BARBARA,6,MAS DE 20 ANOS,4.7,-74.03,USADO,,0,1,0,1,1,1,0,0,0,1,False,USAQUEN,LOS ALPES II SECTOR,Calle 127,2978.05,0,PARQUE METROPOLITANO EL COUNTRY,1277.0,0,0.09,,1.33,0.75,0.0,,0.01,667.94,0.0
2123-M4550593,APARTAMENTO,VENTA,21.31,319.0,3.0,5.0,2100000.0,3.0,CEDRITOS,6,ENTRE 10 Y 20 ANOS,4.72,-74.03,USADO,,0,1,0,1,1,1,0,0,0,1,False,USAQUEN,MONTEARROYO,Alcalá,2593.05,0,PARQUE VECINAL NUEVA URBANIZACIÓN EL CEDRITO,960.33,0,0.07,,1.0,0.6,0.0,,0.01,129.29,1.0
2123-M3073613,APARTAMENTO,VENTA,20.44,120.0,3.0,3.0,647000.0,2.0,COUNTRY,5,ENTRE 10 Y 20 ANOS,4.72,-74.04,USADO,,0,1,0,0,1,1,0,0,0,1,True,USAQUEN,NUEVO COUNTRY,Alcalá,1246.58,0,PARQUE VECINAL NUEVA URBANIZACIÓN EL CEDRITO,961.06,0,0.17,,0.67,1.0,0.0,,0.02,367.09,1.0
416-M4401690,APARTAMENTO,VENTA,20.2,55.0,1.0,2.0,349813.0,1.0,,6,ENTRE 0 Y 5 ANOS,4.69,-74.05,USADO,,0,0,0,1,1,0,0,0,0,0,False,USAQUEN,SAN PATRICIO,Calle 106,739.76,0,PARQUE METROPOLITANO EL COUNTRY,1689.09,0,0.37,,1.0,0.5,0.0,,0.02,218.61,3.0
416-M4563242,APARTAMENTO,VENTA,19.87,97.0,3.0,2.0,639000.0,1.0,,6,MAS DE 20 ANOS,4.69,-74.03,USADO,,0,1,0,0,1,0,0,0,0,0,False,USAQUEN,SANTA BARBARA ALTA,Calle 106,2518.37,0,PARQUE METROPOLITANO EL COUNTRY,1553.47,0,0.2,,0.33,1.5,0.0,,0.03,190.1,4.0
2123-M3086786,APARTAMENTO,VENTA,20.44,120.0,3.0,3.0,647000.0,2.0,COUNTRY,5,ENTRE 10 Y 20 ANOS,4.72,-74.04,USADO,,0,1,0,0,1,1,0,0,0,1,True,USAQUEN,NUEVO COUNTRY,Alcalá,1191.47,0,PARQUE VECINAL NUEVA URBANIZACIÓN EL CEDRITO,990.03,0,0.17,,0.67,1.0,0.0,,0.02,407.2,1.0
410-M4290034,APARTAMENTO,VENTA,20.29,80.0,3.0,2.0,322000.0,1.0,CENTRO INTERNACIONAL,4,MAS DE 20 ANOS,4.62,-74.07,USADO,,0,0,0,1,1,0,0,0,0,1,False,SANTA FE,SAMPER,Calle 34,299.43,1,PARQUE METROPOLITANO PARQUE NACIONAL (PM2A) ENRIQUE OLAYA HERRERA (SECTOR HISTORICO),727.63,0,0.25,,0.33,1.5,0.0,,0.04,386.77,4.0
920-M3410238,APARTAMENTO,VENTA,20.82,125.0,3.0,3.0,1485000.0,2.0,SANTA BARBARA,6,ENTRE 5 Y 10 ANOS,4.69,-74.06,USADO,,0,1,0,0,1,0,0,0,0,1,False,USAQUEN,SAN PATRICIO,Calle 106,172.83,1,PARQUE ZONAL CANAL CORDOBA,1412.82,0,0.17,,0.67,1.0,0.0,,0.02,566.6,0.0
771-M4604372,APARTAMENTO,VENTA,20.27,92.0,3.0,2.0,570000.0,2.0,COUNTRY,5,MAS DE 20 ANOS,4.71,-74.05,USADO,,0,0,0,0,1,1,0,0,0,1,False,USAQUEN,,Prado,184.49,1,PARQUE ZONAL ATABANZA,945.02,0,0.22,,0.67,1.5,0.0,,0.03,792.83,0.0
4796-M4059467,APARTAMENTO,VENTA,20.3,118.0,3.0,2.0,800000.0,2.0,SANTA BARBARA,6,MAS DE 20 ANOS,4.69,-74.04,USADO,,0,0,0,0,1,0,0,0,0,1,False,USAQUEN,SANTA BARBARA CENTRAL III SECTOR,Pepe Sierra,1999.87,0,PARQUE METROPOLITANO EL COUNTRY,1265.12,0,0.17,,0.67,1.5,0.0,,0.03,302.86,1.0
416-M4614637,APARTAMENTO,VENTA,20.9,279.0,4.0,4.0,1247000.0,2.0,,6,MAS DE 20 ANOS,4.69,-74.04,USADO,,0,1,0,0,1,0,0,0,0,0,False,USAQUEN,SAN PATRICIO,Calle 106,1295.63,0,PARQUE METROPOLITANO EL COUNTRY,1404.76,0,0.07,,0.5,1.0,0.0,,0.01,351.1,1.0
2671-M3390834,APARTAMENTO,VENTA,21.75,304.0,4.0,5.0,2900000.0,4.0,CHICO,6,ENTRE 10 Y 20 ANOS,4.68,-74.04,USADO,,0,0,0,0,1,0,0,0,0,1,False,CHAPINERO,CHICO RESERVADO,Calle 100 - Marketmedios,1860.93,0,PARQUE VECINAL URBANIZACIÓN LA CABRERA,1276.04,0,0.07,,1.0,0.8,0.0,,0.01,362.23,2.0
2671-M4532513,APARTAMENTO,VENTA,21.81,357.88,4.0,5.0,4200000.0,4.0,SANTA BARBARA,6,ENTRE 5 Y 10 ANOS,4.69,-74.06,USADO,,0,1,0,0,1,0,0,0,0,1,False,USAQUEN,SAN PATRICIO,Calle 106,172.83,1,PARQUE ZONAL CANAL CORDOBA,1412.82,0,0.06,,1.0,0.8,0.0,,0.01,566.6,0.0
4796-M4060368,APARTAMENTO,VENTA,20.56,147.0,2.0,3.0,1007900.0,2.0,SANTA BARBARA,5,MAS DE 20 ANOS,4.69,-74.05,USADO,,0,0,0,0,0,0,0,0,0,1,False,USAQUEN,SANTA BIBIANA,Calle 106,965.09,0,PARQUE VECINAL URBANIZACIÓN NORMANDIA I II II Y IV SECTOR,1835.72,0,0.14,,1.0,0.67,0.0,,0.01,422.48,1.0
10930-M4613355,APARTAMENTO,VENTA,21.09,130.0,3.0,3.0,3921395.93,2.0,,5,MAS DE 20 ANOS,4.65,-74.11,USADO,,0,1,0,1,1,0,0,0,0,0,False,FONTIBON,CIUDAD_SALITRE,El Tiempo - Maloka,965.45,0,PARQUE ZONAL SAUZALITO,221.64,1,0.16,,0.67,1.0,0.0,,0.02,493.26,2.0
920-M4177056,APARTAMENTO,VENTA,20.5,126.0,2.0,2.0,1300000.0,2.0,CHICO,6,MAS DE 20 ANOS,4.67,-74.05,USADO,,0,1,0,0,1,0,0,0,0,1,False,CHAPINERO,LA CABRERA,Calle 85,641.94,0,PARQUE ZONAL CANAL EL VIRREY EL CHICO,249.15,1,0.16,,1.0,1.0,0.0,,0.02,156.71,7.0
4-M4149441,APARTAMENTO,VENTA,19.76,81.0,3.0,2.0,320000.0,1.0,ENGATIVA,3,ENTRE 5 Y 10 ANOS,4.72,-74.13,USADO,,0,1,0,0,1,1,0,0,0,1,False,ENGATIVA,S.C. ENGATIVA EL DORADO,Portal 80,2918.74,0,PARQUE METROPOLITANO PLANTA DE TRATAMIENTO SALITRE,787.64,0,0.24,,0.33,1.5,0.0,,0.04,2705.22,0.0
3606-M4476674,APARTAMENTO,VENTA,20.44,86.5,2.0,3.0,625000.0,2.0,CHICO,5,ENTRE 0 Y 5 ANOS,4.67,-74.06,USADO,,0,0,0,0,1,1,0,0,0,1,False,CHAPINERO,S.C. ANTIGUO COUNTRY,Calle 85,327.09,1,PARQUE METROPOLITANO RECONCILIACIÓN,272.11,1,0.24,,1.0,0.67,0.0,,0.02,237.63,3.0
771-M4371002,APARTAMENTO,VENTA,20.16,78.0,2.0,3.0,550000.0,1.0,COUNTRY,5,ENTRE 10 Y 20 ANOS,4.7,-74.03,USADO,,0,1,0,0,1,1,0,0,0,1,False,USAQUEN,SANTA BARBARA ORIENTAL,Calle 127,2701.1,0,PARQUE METROPOLITANO EL COUNTRY,978.43,0,0.26,,0.5,0.67,0.0,,0.03,670.24,0.0
4796-M4622810,APARTAMENTO,VENTA,19.26,22.84,1.0,1.0,3921395.93,0.0,CHAPINERO,4,ENTRE 0 Y 5 ANOS,4.64,-74.07,USADO,,0,0,0,1,0,0,0,0,0,1,False,TEUSAQUILLO,CHAPINERO OCCIDENTAL,Calle 57,266.61,1,PARQUE ESCENARIO DEPORTIVO EL CAMPINCITO - CEAD,1137.43,0,0.84,,0.0,1.0,0.0,,0.04,745.87,0.0
4796-M4337678,APARTAMENTO,VENTA,21.19,298.0,4.0,4.0,1443400.0,2.0,COLINA Y ALREDEDORES,6,MAS DE 20 ANOS,4.72,-74.08,USADO,,0,0,0,0,1,1,0,0,0,1,False,SUBA,S.C. NIZA SUBA,Suba - AV. Boyacá,184.63,1,PARQUE VECINAL AGRUPACIÓN DE VIVIENDA EN BALCON DE LINDARAJA,1054.56,0,0.07,,0.5,1.0,0.0,,0.01,1220.23,0.0
4796-M3850869,APARTAMENTO,VENTA,19.77,71.0,2.0,2.0,3921395.93,1.0,CEDRITOS,4,MAS DE 20 ANOS,4.73,-74.05,USADO,,0,0,0,0,1,0,0,0,0,1,False,USAQUEN,LAS_MARGARITAS,Calle 146,328.08,1,PARQUE VECINAL PRADO PINZÓN,868.81,0,0.28,,0.5,1.0,0.0,,0.03,1057.33,0.0
2671-M4117471,APARTAMENTO,VENTA,21.05,201.0,3.0,4.0,237000.0,2.0,CEDRITOS,6,ENTRE 0 Y 5 ANOS,4.72,-74.02,USADO,,0,0,0,0,0,1,0,0,0,1,False,USAQUEN,BOSQUE DE PINOS III,Calle 142,2968.78,0,PARQUE VECINAL NUEVA URBANIZACIÓN EL CEDRITO,1058.21,0,0.1,,0.67,0.75,0.0,,0.01,1027.91,0.0
2398-M3524264,APARTAMENTO,VENTA,21.37,233.0,4.0,4.0,3921395.93,4.0,CHICO,6,ENTRE 10 Y 20 ANOS,4.68,-74.04,USADO,,0,1,0,0,1,0,0,0,0,1,False,CHAPINERO,CHICO RESERVADO,Calle 100 - Marketmedios,1661.29,0,PARQUE VECINAL URBANIZACIÓN LA CABRERA,1460.83,0,0.09,,1.0,1.0,0.0,,0.02,150.22,2.0
815-M4493142,APARTAMENTO,VENTA,20.39,98.36,3.0,2.0,291000.0,1.0,CENTRO NARINO,4,ENTRE 0 Y 5 ANOS,4.64,-74.09,USADO,,0,0,0,1,0,1,0,0,0,1,False,TEUSAQUILLO,QUINTA PAREDES,Quinta Paredes,297.51,1,PARQUE VECINAL SANTA CLARA,423.1,1,0.21,,0.33,1.5,0.0,,0.03,653.41,0.0
350-M4666984,APARTAMENTO,VENTA,19.64,56.08,3.0,2.0,207000.0,1.0,CASTILLA MARSELLA,3,ENTRE 0 Y 5 ANOS,4.64,-74.15,USADO,,0,0,0,1,1,1,0,0,0,1,False,KENNEDY,VALLADOLID,Transversal 86,1282.59,0,PARQUE METROPOLITANO BIBLIOTECA EL TINTAL,834.92,0,0.35,,0.33,1.5,0.0,,0.05,2158.95,0.0
847-M4738689,APARTAMENTO,VENTA,21.58,254.0,3.0,3.0,1250000.0,4.0,CERROS DE SUBA,6,ENTRE 5 Y 10 ANOS,4.72,-74.08,USADO,,0,1,1,1,0,1,1,0,0,1,False,SUBA,BELLOMONTE SUBA,Gratamira,462.6,1,PARQUE VECINAL AGRUPACIÓN DE VIVIENDA EN BALCON DE LINDARAJA,1102.43,0,0.08,,1.33,1.0,0.0,,0.01,1455.3,0.0
2751-M4576278,APARTAMENTO,VENTA,20.13,60.0,1.0,2.0,300500.0,1.0,PUENTE ARANDA,4,ENTRE 5 Y 10 ANOS,4.6,-74.13,USADO,,0,0,0,1,1,0,0,0,0,1,True,PUENTE ARANDA,PUENTE ARANDA,General Santander,723.22,0,PARQUE METROPOLITANO SANTA LUCIA,365.6,1,0.34,,1.0,0.5,0.0,,0.02,1101.38,0.0
2398-M3524269,APARTAMENTO,VENTA,21.19,206.0,3.0,4.0,1400000.0,2.0,CHICO,6,MAS DE 20 ANOS,4.68,-74.05,USADO,,0,1,0,0,1,0,0,0,0,1,True,CHAPINERO,S.C. CHICO NORTE,Calle 100 - Marketmedios,1253.82,0,PARQUE ZONAL CANAL EL VIRREY EL CHICO,994.6,0,0.1,,0.67,0.75,0.0,,0.01,319.69,3.0
603-M4417922,APARTAMENTO,VENTA,20.86,165.0,3.0,3.0,1350000.0,4.0,CHAPINERO ALTO,6,ENTRE 10 Y 20 ANOS,4.65,-74.06,USADO,,0,0,0,0,1,1,0,0,0,1,True,CHAPINERO,S.C. CHAPINERO NORTE,Flores – Areandina,325.16,1,PARQUE ZONAL LA ESTACIÓN,1242.48,0,0.13,,1.33,1.0,0.0,,0.02,208.87,1.0
4796-M4264319,APARTAMENTO,VENTA,19.59,73.0,3.0,2.0,240000.0,1.0,ORQUIDEAS,3,ENTRE 10 Y 20 ANOS,4.74,-74.03,USADO,,0,0,0,1,1,0,0,0,0,1,False,USAQUEN,SANTA TERESA,Toberin - Foundever,2164.54,0,PARQUE ZONAL SERVITA,365.52,1,0.27,,0.33,1.5,0.0,,0.04,1069.92,0.0
614-M4700788,APARTAMENTO,VENTA,19.76,73.0,3.0,2.0,439000.0,1.0,CEDRITOS,4,MAS DE 20 ANOS,4.73,-74.04,USADO,,0,0,0,0,1,0,0,0,0,1,False,USAQUEN,ACACIAS USAQUEN,Calle 142,1164.77,0,PARQUE VECINAL NUEVA URBANIZACIÓN EL CEDRITO,821.95,0,0.27,,0.33,1.5,0.0,,0.04,863.29,0.0
350-2156,APARTAMENTO,VENTA,20.56,192.95,4.0,3.0,950000.0,2.0,COLINA Y ALREDEDORES,5,MAS DE 20 ANOS,4.72,-74.07,USADO,,0,1,0,0,1,0,0,0,0,1,False,SUBA,NIZA NORTE - SOTILEZA,Suba - AV. Boyacá,382.42,1,PARQUE VECINAL AGRUPACIÓN DE VIVIENDA EN BALCON DE LINDARAJA,732.35,0,0.11,,0.5,1.33,0.0,,0.02,725.35,0.0
2123-M3086794,APARTAMENTO,VENTA,20.69,164.0,3.0,5.0,530000.0,2.0,COUNTRY,5,ENTRE 10 Y 20 ANOS,4.71,-74.03,USADO,,1,1,0,1,1,1,1,0,0,0,False,USAQUEN,LISBOA_,Prado,2362.78,0,PARQUE VECINAL NUEVA URBANIZACIÓN EL CEDRITO,1157.81,0,0.13,,0.67,0.6,0.0,,0.02,327.91,3.0
2123-M3857553,APARTAMENTO,VENTA,21.42,238.0,4.0,5.0,1325000.0,3.0,COUNTRY,6,ENTRE 10 Y 20 ANOS,4.71,-74.03,USADO,,0,1,0,1,1,1,0,0,0,1,False,USAQUEN,BOSQUES DE MEDINA,Prado,2914.65,0,PARQUE METROPOLITANO EL COUNTRY,1420.0,0,0.09,,0.75,0.8,0.0,,0.02,610.51,0.0
2123-3148551,APARTAMENTO,VENTA,21.16,233.0,3.0,5.0,1520000.0,2.0,COUNTRY,6,MAS DE 20 ANOS,4.72,-74.03,USADO,,0,1,0,1,1,1,0,0,0,1,False,USAQUEN,CIUDADELA REAL,Alcalá,2669.64,0,PARQUE VECINAL NUEVA URBANIZACIÓN EL CEDRITO,1039.77,0,0.09,,0.67,0.6,0.0,,0.01,153.39,1.0
2123-M3929691,APARTAMENTO,VENTA,21.35,250.0,4.0,5.0,1550000.0,3.0,COUNTRY,6,ENTRE 5 Y 10 ANOS,4.71,-74.03,USADO,,0,1,0,1,1,0,0,0,0,1,False,USAQUEN,BOSQUES DE MEDINA,Prado,2845.96,0,PARQUE METROPOLITANO EL COUNTRY,1409.14,0,0.09,,0.75,0.8,0.0,,0.02,549.69,0.0
12364-M4590265,APARTAMENTO,VENTA,19.9,49.0,1.0,2.0,340000.0,1.0,SANTA BARBARA,6,ENTRE 0 Y 5 ANOS,4.7,-74.04,USADO,,0,0,0,0,1,0,0,0,0,1,False,USAQUEN,SANTA BARBARA CENTRAL I Y II,Pepe Sierra,1730.56,0,PARQUE METROPOLITANO EL COUNTRY,1054.61,0,0.41,,1.0,0.5,0.0,,0.02,592.45,0.0
11013-M4694857,APARTAMENTO,VENTA,20.44,134.0,5.0,5.0,810000.0,2.0,CEDRITOS,4,ENTRE 5 Y 10 ANOS,4.72,-74.04,USADO,,0,0,0,1,1,0,0,0,0,1,False,USAQUEN,CEDRITOS,Calle 142,1240.89,0,PARQUE VECINAL NUEVA URBANIZACIÓN EL CEDRITO,716.78,0,0.15,,0.4,1.0,0.0,,0.04,465.63,1.0
350-M4229945,APARTAMENTO,VENTA,19.99,79.64,2.0,2.0,420000.0,1.0,COUNTRY,5,ENTRE 5 Y 10 ANOS,4.72,-74.05,USADO,,0,0,0,0,1,0,0,0,0,1,False,USAQUEN,LOS CEDROS,Alcalá,403.81,1,PARQUE VECINAL PRADO PINZÓN,948.08,0,0.25,,0.5,1.0,0.0,,0.03,135.11,1.0
703-M4120553,APARTAMENTO,VENTA,20.03,135.0,3.0,3.0,559000.0,1.0,CHAPINERO ALTO,4,MAS DE 20 ANOS,4.64,-74.06,USADO,,0,1,0,0,1,1,0,0,0,1,False,CHAPINERO,S.C. CHAPINERO CENTRAL,Calle 57,384.96,1,PARQUE ZONAL GUSTAVO URIBE BOTERO,1351.51,0,0.15,,0.33,1.0,0.0,,0.02,914.37,0.0
2671-M4333701,APARTAMENTO,VENTA,20.9,180.0,3.0,3.0,920000.0,2.0,COUNTRY,6,ENTRE 10 Y 20 ANOS,4.7,-74.03,USADO,,0,0,0,1,0,0,0,0,0,1,False,USAQUEN,BELLA SUIZA,Calle 127,2796.2,0,PARQUE METROPOLITANO EL COUNTRY,1055.56,0,0.12,,0.67,1.0,0.0,,0.02,686.77,0.0
2671-M3487830,APARTAMENTO,VENTA,21.39,162.0,2.0,3.0,1000000.0,2.0,CHICO,6,ENTRE 5 Y 10 ANOS,4.66,-74.05,USADO,,0,1,0,1,1,0,0,0,0,1,False,CHAPINERO,S.C. EL NOGAL,Calle 76 - San Felipe,1253.18,0,PARQUE ZONAL SAN ANDRÉS,411.85,1,0.13,,1.0,0.67,0.0,,0.01,602.13,0.0
410-M3298264,APARTAMENTO,VENTA,20.44,125.84,3.0,2.0,165000.0,2.0,METROPOLIS,4,ENTRE 5 Y 10 ANOS,4.67,-74.08,USADO,,0,0,0,0,0,0,0,0,0,1,False,BARRIOS UNIDOS,J.J. VARGAS - JOSE JOAQUIN VARGAS,AV. Chile,1122.35,0,PARQUE VECINAL URBANIZACIÓN METROPOLIS,904.98,0,0.16,,0.67,1.5,0.0,,0.02,570.79,0.0
2123-M4535397,APARTAMENTO,VENTA,21.01,160.0,3.0,4.0,1048000.0,2.0,COUNTRY,6,ENTRE 5 Y 10 ANOS,4.72,-74.03,USADO,,0,1,0,1,1,1,0,0,0,1,False,USAQUEN,MONTEARROYO,Alcalá,2626.76,0,PARQUE VECINAL NUEVA URBANIZACIÓN EL CEDRITO,915.89,0,0.13,,0.67,0.75,0.0,,0.02,240.1,1.0
2671-M4333867,APARTAMENTO,VENTA,21.56,240.0,3.0,5.0,1443000.0,3.0,CHICO,6,ENTRE 10 Y 20 ANOS,4.67,-74.04,USADO,,0,0,0,0,1,0,0,0,0,1,False,CHAPINERO,EL REFUGIO,Héroes - Gel´Hada,1701.72,0,PARQUE VECINAL URBANIZACIÓN LA CABRERA,684.06,0,0.09,,1.0,0.6,0.0,,0.01,667.16,0.0
4630-M3317125,APARTAMENTO,VENTA,21.56,341.0,3.0,5.0,2200000.0,4.0,SANTA BARBARA,6,ENTRE 10 Y 20 ANOS,4.7,-74.04,USADO,,1,1,0,1,1,1,1,0,0,1,False,USAQUEN,SANTA BARBARA CENTRAL II,Calle 127,2102.5,0,PARQUE METROPOLITANO EL COUNTRY,379.8,1,0.06,,1.33,0.6,0.0,,0.01,729.26,0.0
4796-M4501731,APARTAMENTO,VENTA,20.13,92.0,3.0,2.0,400000.0,1.0,NIZA ALHAMBRA,4,ENTRE 10 Y 20 ANOS,4.7,-74.07,USADO,,0,0,0,1,1,0,0,0,0,1,False,SUBA,LAGOS DE CORDOBA,Humedal Córdoba,212.58,1,PARQUE ZONAL CANAL CORDOBA,653.08,0,0.22,,0.33,1.5,0.0,,0.03,701.73,0.0
635-M4711371,APARTAMENTO,VENTA,20.02,93.0,3.0,2.0,460000.0,2.0,COUNTRY,5,MAS DE 20 ANOS,4.72,-74.03,USADO,,0,0,0,0,0,0,0,0,0,1,False,USAQUEN,LISBOA_,Alcalá,2156.59,0,PARQUE VECINAL NUEVA URBANIZACIÓN EL CEDRITO,931.96,0,0.22,,0.67,1.5,0.0,,0.03,300.33,2.0
9816-M2891009,APARTAMENTO,VENTA,21.19,218.0,3.0,4.0,1450000.0,2.0,SANTA BARBARA,6,ENTRE 10 Y 20 ANOS,4.7,-74.05,USADO,,1,1,0,1,1,1,0,0,0,1,False,USAQUEN,SAN PATRICIO,Pepe Sierra,271.85,1,PARQUE ZONAL CANAL CORDOBA,1380.47,0,0.1,,0.67,0.75,0.0,,0.01,417.61,1.0
5031-10951,APARTAMENTO,VENTA,19.95,100.0,4.0,3.0,3921395.93,1.0,CHICO,5,MAS DE 20 ANOS,4.66,-74.06,USADO,,0,0,0,0,1,0,0,0,0,1,False,CHAPINERO,S.C. LAGO GAITAN,Calle 76 - San Felipe,272.7,1,PARQUE ZONAL SAN ANDRÉS,786.13,0,0.2,,0.25,1.33,0.0,,0.04,432.58,1.0
4796-M3864115,APARTAMENTO,VENTA,19.74,105.0,4.0,3.0,261000.0,1.0,ORQUIDEAS,4,ENTRE 10 Y 20 ANOS,4.74,-74.03,USADO,,0,0,0,0,0,1,0,0,0,1,False,USAQUEN,BABILONIA,Toberin - Foundever,1512.55,0,PARQUE ZONAL LA VIDA,627.86,0,0.19,,0.25,1.33,0.0,,0.04,602.28,0.0
4796-M4512332,APARTAMENTO,VENTA,20.34,85.5,2.0,2.0,373000.0,2.0,CHAPINERO ALTO,4,ENTRE 5 Y 10 ANOS,4.65,-74.06,USADO,,0,0,0,1,1,0,0,0,0,1,False,CHAPINERO,NUEVA_GRANADA,Calle 63,1125.18,0,PARQUE ZONAL GUSTAVO URIBE BOTERO,599.45,0,0.24,,1.0,1.0,0.0,,0.02,693.71,0.0
4498-M4504499,APARTAMENTO,VENTA,20.84,110.51,2.0,3.0,663060.0,2.0,SANTA BARBARA,5,ENTRE 0 Y 5 ANOS,4.7,-74.05,USADO,,0,0,0,1,1,1,0,0,0,1,False,USAQUEN,SANTA BARBARA OCCIDENTAL,Pepe Sierra,728.39,0,PARQUE METROPOLITANO EL COUNTRY,1260.47,0,0.19,,1.0,0.67,0.0,,0.02,286.53,2.0
2123-M3180966,APARTAMENTO,VENTA,21.02,220.0,3.0,4.0,980000.0,2.0,COUNTRY,6,MAS DE 20 ANOS,4.7,-74.03,USADO,,0,0,0,1,1,1,0,0,0,1,False,USAQUEN,LOS ALPES II SECTOR,Calle 127,2985.75,0,PARQUE METROPOLITANO EL COUNTRY,1310.46,0,0.1,,0.67,0.75,0.0,,0.01,584.6,0.0
2123-M4355709,APARTAMENTO,VENTA,21.25,282.0,3.0,4.0,1416000.0,3.0,COUNTRY,6,MAS DE 20 ANOS,4.71,-74.03,USADO,,0,1,0,1,1,1,0,0,0,1,False,USAQUEN,BOSQUES DE MEDINA,Prado,2887.14,0,PARQUE METROPOLITANO EL COUNTRY,1431.96,0,0.08,,1.0,0.75,0.0,,0.01,588.09,0.0
2123-M4160450,APARTAMENTO,VENTA,20.82,234.0,3.0,4.0,1100000.0,2.0,COUNTRY,5,MAS DE 20 ANOS,4.7,-74.03,USADO,,0,1,0,1,1,1,0,0,0,1,False,USAQUEN,BELLA SUIZA,Calle 127,2792.35,0,PARQUE METROPOLITANO EL COUNTRY,1059.42,0,0.09,,0.67,0.75,0.0,,0.01,765.08,0.0
2123-M3697422,APARTAMENTO,VENTA,21.18,185.0,3.0,5.0,1400000.0,4.0,COUNTRY,6,ENTRE 10 Y 20 ANOS,4.72,-74.03,USADO,,0,1,0,1,1,1,0,0,0,1,False,USAQUEN,MONTEARROYO,Alcalá,2670.04,0,PARQUE VECINAL NUEVA URBANIZACIÓN EL CEDRITO,975.03,0,0.11,,1.33,0.6,0.0,,0.02,225.94,1.0
771-M4370678,APARTAMENTO,VENTA,19.64,43.95,1.0,1.0,376000.0,1.0,SANTA BARBARA,5,ENTRE 10 Y 20 ANOS,4.7,-74.05,USADO,,0,0,0,0,1,1,0,0,0,1,False,USAQUEN,SANTA BARBARA OCCIDENTAL,Pepe Sierra,350.54,1,PARQUE ZONAL ATABANZA,1019.05,0,0.45,,1.0,1.0,0.0,,0.02,470.51,3.0
12500-M4695266,APARTAMENTO,VENTA,20.29,74.0,2.0,3.0,600000.0,2.0,CHICO,6,ENTRE 0 Y 5 ANOS,4.68,-74.06,USADO,,0,0,0,1,1,1,0,0,0,1,False,CHAPINERO,S.C. CHICO NORTE III SECTOR,Calle 100 - Marketmedios,368.94,1,PARQUE VECINAL URBANIZACIÓN NORMANDIA I II II Y IV SECTOR,657.18,0,0.27,,1.0,0.67,0.0,,0.03,169.44,1.0
16474-M4645070,APARTAMENTO,VENTA,19.78,43.0,1.0,2.0,250000.0,2.0,SALITRE MODELIA,4,ENTRE 0 Y 5 ANOS,4.67,-74.13,USADO,,0,0,0,1,1,1,0,0,0,1,False,FONTIBON,RINCON DE MODELIA,Modelia,966.41,0,PARQUE VECINAL MODELIA SECTOR A,538.64,0,0.46,,2.0,0.5,0.0,,0.02,848.55,0.0
350-M4592022,APARTAMENTO,VENTA,20.07,54.54,1.0,2.0,240000.0,1.0,COLINA Y ALREDEDORES,5,ENTRE 0 Y 5 ANOS,4.74,-74.06,USADO,,0,0,0,1,1,1,1,0,0,1,False,SUBA,URB. VERSALLES,Mazurén,1394.91,0,PARQUE VECINAL DESARROLLO CANTALEJO URBANIZACIÓN CANTALEJO MANZANA B,564.96,0,0.37,,1.0,0.5,0.0,,0.02,924.4,0.0
703-M4219051,APARTAMENTO,VENTA,19.95,122.0,3.0,2.0,467000.0,1.0,,4,MAS DE 20 ANOS,4.69,-74.07,USADO,,0,0,0,0,0,1,0,0,0,1,False,BARRIOS UNIDOS,LOS_ANDES,Puentelargo,719.42,0,PARQUE ZONAL CANAL RIO NEGRO,459.53,1,0.16,,0.33,1.5,0.0,,0.02,280.03,2.0
73-M3984040,APARTAMENTO,VENTA,20.97,143.27,3.0,3.0,3921395.93,3.0,CEDRITOS,5,ENTRE 0 Y 5 ANOS,4.73,-74.02,USADO,,0,0,0,1,1,0,0,0,0,1,False,USAQUEN,BOSQUE DE PINOS III,Mazurén,2840.63,0,PARQUE ZONAL ALTA BLANCA,715.08,0,0.15,,1.0,1.0,0.0,,0.02,949.64,0.0
512-M4324901,APARTAMENTO,VENTA,21.81,266.43,3.0,4.0,2200000.0,3.0,CHICO,6,ENTRE 10 Y 20 ANOS,4.67,-74.04,USADO,,0,1,0,1,1,0,0,0,0,1,False,CHAPINERO,CHICO ORIENTAL,Calle 85,1849.93,0,PARQUE VECINAL URBANIZACIÓN LA CABRERA,819.66,0,0.08,,1.0,0.75,0.0,,0.01,752.13,0.0
4-M4324032,APARTAMENTO,VENTA,20.57,144.0,3.0,3.0,1150000.0,2.0,SANTA BARBARA,6,MAS DE 20 ANOS,4.69,-74.05,USADO,,0,1,0,0,1,1,0,0,0,1,False,USAQUEN,SANTA BIBIANA,Calle 106,965.09,0,PARQUE VECINAL URBANIZACIÓN NORMANDIA I II II Y IV SECTOR,1835.72,0,0.14,,0.67,1.0,0.0,,0.02,422.48,1.0
771-M4370976,APARTAMENTO,VENTA,20.72,200.0,3.0,5.0,1500000.0,3.0,SANTA BARBARA,5,MAS DE 20 ANOS,4.7,-74.05,USADO,,1,0,0,0,1,1,0,0,0,1,True,USAQUEN,SANTA BARBARA OCCIDENTAL,Pepe Sierra,614.53,0,PARQUE METROPOLITANO EL COUNTRY,1372.77,0,0.1,,1.0,0.6,0.0,,0.02,342.0,2.0
815-M4670233,APARTAMENTO,VENTA,20.77,230.0,3.0,4.0,920000.0,2.0,SANTA BARBARA,5,MAS DE 20 ANOS,4.7,-74.05,USADO,,0,1,0,0,0,1,0,0,0,1,False,USAQUEN,SANTA BARBARA OCCIDENTAL,Calle 127,804.31,0,PARQUE METROPOLITANO EL COUNTRY,942.44,0,0.09,,0.67,0.75,0.0,,0.01,580.61,0.0
3535-M4537636,APARTAMENTO,VENTA,20.72,118.08,3.0,3.0,619000.0,2.0,CEDRITOS,4,ENTRE 0 Y 5 ANOS,4.73,-74.04,USADO,,0,0,0,0,1,0,0,0,0,1,False,USAQUEN,ACACIAS USAQUEN,Calle 142,1164.77,0,PARQUE VECINAL NUEVA URBANIZACIÓN EL CEDRITO,821.95,0,0.18,,0.67,1.0,0.0,,0.03,863.29,0.0
2671-11198,APARTAMENTO,VENTA,21.66,202.86,3.0,4.0,1238980.0,4.0,CHICO,6,ENTRE 0 Y 5 ANOS,4.66,-74.05,USADO,,0,0,0,1,1,0,0,0,0,1,False,CHAPINERO,BOSQUE EL RETIRO I SECTOR,Calle 76 - San Felipe,1580.41,0,PARQUE ZONAL SAN ANDRÉS,602.03,0,0.11,,1.33,0.75,0.0,,0.01,747.32,0.0
11013-M4519676,APARTAMENTO,VENTA,20.47,134.94,3.0,4.0,780000.0,2.0,NIZA ALHAMBRA,5,MAS DE 20 ANOS,4.7,-74.06,USADO,,0,1,0,0,0,0,0,0,0,1,False,SUBA,EL BATAN,Calle 127,643.47,0,PARQUE ZONAL CANAL CORDOBA,607.43,0,0.15,,0.67,0.75,0.0,,0.02,812.65,0.0
703-M4705761,APARTAMENTO,VENTA,19.4,41.87,3.0,1.0,3921395.93,1.0,RAFAEL URIBE URIBE TUNJUELITO,3,ENTRE 0 Y 5 ANOS,4.58,-74.11,USADO,,0,0,0,1,1,0,0,0,0,1,False,RAFAEL URIBE URIBE,S.C. OLAYA,Olaya,570.56,0,PARQUE ESCENARIO DEPORTIVO GIMNASIO DEL SUR,291.36,1,0.46,,0.33,3.0,0.0,,0.07,2034.9,0.0
16288-M4563404,APARTAMENTO,VENTA,21.64,230.0,3.0,5.0,2500000.0,4.0,CERROS DE SUBA,6,ENTRE 0 Y 5 ANOS,4.72,-74.08,USADO,,1,1,0,1,1,1,0,0,0,0,False,SUBA,RODAMONTE,Suba - AV. Boyacá,241.3,1,PARQUE VECINAL AGRUPACIÓN DE VIVIENDA EN BALCON DE LINDARAJA,980.51,0,0.09,,1.33,0.6,0.0,,0.01,1320.93,0.0
4796-M4594076,APARTAMENTO,VENTA,20.42,168.0,3.0,2.0,1333000.0,2.0,CERROS DE SUBA,4,ENTRE 10 Y 20 ANOS,4.71,-74.08,USADO,,0,0,0,1,0,1,0,0,0,1,False,SUBA,NIZA SUBA - EL BALCON DE LINDARAJA,Niza - Calle 127,1101.31,0,PARQUE VECINAL AGRUPACIÓN DE VIVIENDA EN BALCON DE LINDARAJA,262.1,1,0.12,,0.67,1.5,0.0,,0.02,1148.58,0.0
3606-M4644387,APARTAMENTO,VENTA,20.46,86.0,2.0,3.0,500000.0,2.0,SANTA BARBARA,6,ENTRE 0 Y 5 ANOS,4.69,-74.05,USADO,,0,0,0,0,1,1,0,0,0,1,False,USAQUEN,SAN PATRICIO,Calle 106,803.54,0,PARQUE METROPOLITANO EL COUNTRY,1637.61,0,0.24,,1.0,0.67,0.0,,0.02,156.54,3.0
2671-M3225316,APARTAMENTO,VENTA,21.02,230.0,3.0,4.0,985000.0,3.0,COUNTRY,6,MAS DE 20 ANOS,4.71,-74.04,USADO,,0,0,0,0,1,0,0,0,0,1,False,USAQUEN,LA_CAROLINA,Prado,1379.64,0,PARQUE METROPOLITANO EL COUNTRY,559.8,0,0.09,,1.0,0.75,0.0,,0.01,567.2,0.0
416-113523,APARTAMENTO,VENTA,20.02,58.0,1.0,1.0,380000.0,2.0,COUNTRY,6,ENTRE 0 Y 5 ANOS,4.71,-74.04,USADO,,0,0,0,1,1,0,0,0,0,0,False,USAQUEN,LA_CAROLINA,Calle 127,1360.21,0,PARQUE METROPOLITANO EL COUNTRY,504.05,0,0.35,,2.0,1.0,0.0,,0.02,460.09,1.0
13439-M4622638,APARTAMENTO,VENTA,20.71,128.49,3.0,4.0,550000.0,2.0,COLINA Y ALREDEDORES,5,ENTRE 0 Y 5 ANOS,4.74,-74.05,USADO,,0,1,0,1,1,1,1,0,0,1,False,SUBA,CAMPOS DE SILENCIO,Calle 161,766.77,0,PARQUE VECINAL DESARROLLO CANTALEJO URBANIZACIÓN CANTALEJO MANZANA B,299.79,1,0.16,,0.67,0.75,0.0,,0.02,1697.09,0.0
416-M4265033,APARTAMENTO,VENTA,19.95,73.0,3.0,2.0,3921395.93,1.0,,4,ENTRE 5 Y 10 ANOS,4.66,-74.13,USADO,,0,0,0,1,1,0,0,0,0,0,False,FONTIBON,EL TINTAL A.S.D.,Normandía,2298.76,0,PARQUE VECINAL VILLA ALSACIA,1457.18,0,0.27,,0.33,1.5,0.0,,0.04,628.88,0.0
2671-M3370523,APARTAMENTO,VENTA,21.21,300.0,3.0,5.0,1135000.0,4.0,COUNTRY,6,MAS DE 20 ANOS,4.71,-74.03,USADO,,0,1,0,0,1,1,0,0,0,1,False,USAQUEN,S.C. LA CAROLINA,Prado,2222.69,0,PARQUE METROPOLITANO EL COUNTRY,578.67,0,0.07,,1.33,0.6,0.0,,0.01,417.09,1.0
839-M4660328,APARTAMENTO,VENTA,19.24,56.0,3.0,2.0,100000.0,0.0,CASTILLA MARSELLA,3,ENTRE 10 Y 20 ANOS,4.65,-74.14,USADO,,0,0,0,0,1,1,0,0,0,1,False,KENNEDY,CASTILLA REAL,Mandalay,1801.86,0,PARQUE VECINAL VILLA ALSACIA,500.62,0,0.34,,0.0,1.5,0.0,,0.05,1278.48,0.0
73-M4493998,APARTAMENTO,VENTA,20.7,247.0,4.0,3.0,131000.0,1.0,NIZA ALHAMBRA,4,MAS DE 20 ANOS,4.71,-74.07,USADO,,0,1,0,0,0,0,0,0,0,1,True,SUBA,NIZA SUR,Humedal Córdoba,453.38,1,PARQUE ZONAL LOS LACHES LA MINA,402.45,1,0.08,,0.25,1.33,0.0,,0.02,401.65,10.0
10159-M4705402,APARTAMENTO,VENTA,20.21,74.0,3.0,3.0,530000.0,2.0,CEDRITOS,4,ENTRE 0 Y 5 ANOS,4.72,-74.03,USADO,,0,0,0,1,1,1,0,0,0,1,False,USAQUEN,LOS CEDROS ORIENTAL,Calle 142,2691.03,0,PARQUE VECINAL NUEVA URBANIZACIÓN EL CEDRITO,771.87,0,0.27,,0.67,1.0,0.0,,0.04,745.95,0.0
16288-M4563852,APARTAMENTO,VENTA,21.6,242.0,3.0,5.0,1250000.0,3.0,NIZA ALHAMBRA,6,ENTRE 10 Y 20 ANOS,4.7,-74.08,USADO,,1,1,0,0,1,0,0,0,0,0,True,SUBA,NIZA SUR,Humedal Córdoba,1077.52,0,PARQUE METROPOLITANO CEFE COMETAS,911.28,0,0.09,,1.0,0.6,0.0,,0.01,1200.61,0.0
356-M3637748,APARTAMENTO,VENTA,21.64,286.0,4.0,4.0,1500000.0,3.0,COUNTRY,6,MAS DE 20 ANOS,4.71,-74.04,USADO,,1,1,0,1,1,1,0,0,0,0,False,USAQUEN,PLENITUD LA CALLEJA,Prado,1287.11,0,PARQUE METROPOLITANO EL COUNTRY,646.75,0,0.08,,0.75,1.0,0.0,,0.01,610.4,0.0
2671-M3723246,APARTAMENTO,VENTA,21.37,257.0,3.0,4.0,1660000.0,3.0,CHICO,6,ENTRE 10 Y 20 ANOS,4.66,-74.05,USADO,,0,1,0,1,1,0,0,0,0,1,False,CHAPINERO,S.C. BELLAVISTA,Calle 76 - San Felipe,1222.24,0,PARQUE ZONAL SAN ANDRÉS,689.83,0,0.08,,1.0,0.75,0.0,,0.01,535.46,0.0
15593-M4529207,APARTAMENTO,VENTA,20.91,115.0,2.0,3.0,913000.0,2.0,,4,ENTRE 10 Y 20 ANOS,4.65,-74.06,USADO,,0,1,0,1,1,1,0,0,0,1,False,CHAPINERO,S.C. MARIA CRISTINA,Calle 63,642.84,0,PARQUE ZONAL GUSTAVO URIBE BOTERO,922.32,0,0.18,,1.0,0.67,0.0,,0.02,742.2,0.0
11013-M4295698,APARTAMENTO,VENTA,21.06,155.0,2.0,4.0,950000.0,2.0,CHICO,6,MAS DE 20 ANOS,4.67,-74.04,USADO,,0,0,0,0,1,1,0,0,0,1,False,CHAPINERO,CHICO ALTO,Calle 85,1880.62,0,PARQUE VECINAL URBANIZACIÓN LA CABRERA,822.28,0,0.14,,1.0,0.5,0.0,,0.01,773.68,0.0
416-116900,APARTAMENTO,VENTA,19.34,65.0,3.0,2.0,3921395.93,0.0,CORTIJO AUTOPISTA MEDELLIN,3,ENTRE 5 Y 10 ANOS,4.71,-74.09,USADO,,0,0,0,0,0,0,0,0,0,0,False,SUBA,S.C. CLUB DE LOS LAGARTOS,AV. Cali,1520.74,0,PARQUE ZONAL LA SERENA,464.61,1,0.3,,0.0,1.5,0.0,,0.05,2100.05,0.0
12414-M4734752,APARTAMENTO,VENTA,19.75,83.0,3.0,2.0,533000.0,1.0,CEDRITOS,4,ENTRE 10 Y 20 ANOS,4.72,-74.03,USADO,,0,0,0,0,1,0,0,0,0,1,False,USAQUEN,CEDRO SALAZAR,Calle 142,2171.78,0,PARQUE VECINAL NUEVA URBANIZACIÓN EL CEDRITO,335.35,1,0.24,,0.33,1.5,0.0,,0.04,587.06,0.0
2123-1704234,APARTAMENTO,VENTA,21.13,225.0,3.0,5.0,1159000.0,3.0,COUNTRY,6,ENTRE 10 Y 20 ANOS,4.71,-74.03,USADO,,0,0,0,1,1,0,0,0,0,1,False,USAQUEN,GINEBRA,Prado,2895.2,0,PARQUE VECINAL NUEVA URBANIZACIÓN EL CEDRITO,1414.87,0,0.09,,1.0,0.6,0.0,,0.01,417.78,1.0
3422-M4701098,APARTAMENTO,VENTA,20.13,110.0,3.0,3.0,499000.0,2.0,CEDRITOS,4,ENTRE 10 Y 20 ANOS,4.72,-74.04,USADO,,0,1,0,1,1,0,0,0,0,1,False,USAQUEN,ACACIAS USAQUEN,Calle 142,1719.07,0,PARQUE VECINAL NUEVA URBANIZACIÓN EL CEDRITO,204.79,1,0.18,,0.67,1.0,0.0,,0.03,482.03,1.0
2123-M4550396,APARTAMENTO,VENTA,21.51,350.0,4.0,5.0,1700000.0,3.0,COUNTRY,6,ENTRE 10 Y 20 ANOS,4.71,-74.03,USADO,,0,1,0,0,1,1,0,0,0,1,False,USAQUEN,BOSQUES DE MEDINA,Prado,2835.46,0,PARQUE METROPOLITANO EL COUNTRY,1418.95,0,0.06,,0.75,0.8,0.0,,0.01,544.71,0.0
2123-970061,APARTAMENTO,VENTA,21.51,267.0,3.0,5.0,1040000.0,4.0,COUNTRY,6,ENTRE 10 Y 20 ANOS,4.72,-74.03,USADO,,0,0,0,1,1,0,0,0,0,1,False,USAQUEN,MONTEARROYO,Alcalá,2673.41,0,PARQUE VECINAL NUEVA URBANIZACIÓN EL CEDRITO,962.4,0,0.08,,1.33,0.6,0.0,,0.01,248.16,1.0
2751-M4450945,APARTAMENTO,VENTA,20.29,76.0,3.0,3.0,860000.0,2.0,SANTA BARBARA,6,ENTRE 5 Y 10 ANOS,4.7,-74.05,USADO,,0,0,0,1,1,0,0,0,0,1,False,USAQUEN,SANTA BARBARA OCCIDENTAL,Pepe Sierra,420.74,1,PARQUE ZONAL ATABANZA,1225.78,0,0.27,,0.67,1.0,0.0,,0.04,492.55,1.0
11013-M4646714,APARTAMENTO,VENTA,19.86,89.87,2.0,2.0,467800.0,1.0,CEDRITOS,4,ENTRE 10 Y 20 ANOS,4.72,-74.04,USADO,,0,0,0,0,1,0,0,0,0,1,False,USAQUEN,ACACIAS USAQUEN,Calle 142,1511.19,0,PARQUE VECINAL NUEVA URBANIZACIÓN EL CEDRITO,424.18,1,0.22,,0.5,1.0,0.0,,0.02,600.22,0.0
2123-M3566117,APARTAMENTO,VENTA,21.05,158.0,3.0,5.0,1000000.0,2.0,COUNTRY,6,ENTRE 0 Y 5 ANOS,4.71,-74.04,USADO,,0,0,0,1,1,0,0,0,0,1,False,USAQUEN,LA_CAROLINA,Calle 127,1666.64,0,PARQUE METROPOLITANO EL COUNTRY,140.16,1,0.13,,0.67,0.6,0.0,,0.02,408.95,1.0
2266-M3594507,APARTAMENTO,VENTA,21.06,143.0,2.0,3.0,1300000.0,2.0,CHICO,6,ENTRE 10 Y 20 ANOS,4.67,-74.05,USADO,,0,1,0,0,1,0,0,0,0,1,False,CHAPINERO,S.C. EL CHICO,Virrey,1417.61,0,PARQUE VECINAL URBANIZACIÓN LA CABRERA,464.06,1,0.15,,1.0,0.67,0.0,,0.01,376.85,1.0
9816-M2924798,APARTAMENTO,VENTA,21.39,275.0,3.0,4.0,1758000.0,3.0,COUNTRY,6,ENTRE 10 Y 20 ANOS,4.71,-74.03,USADO,,0,1,0,1,1,1,0,0,0,1,False,USAQUEN,BOSQUES DE MEDINA,Prado,2802.48,0,PARQUE METROPOLITANO EL COUNTRY,1455.24,0,0.08,,1.0,0.75,0.0,,0.01,471.66,1.0
5175-M4591310,APARTAMENTO,VENTA,20.52,124.0,3.0,3.0,600000.0,2.0,NIZA ALHAMBRA,4,ENTRE 10 Y 20 ANOS,4.7,-74.08,USADO,,0,0,0,1,1,0,0,0,0,1,False,SUBA,S.C. POTOSI,AV. Boyacá,470.44,1,PARQUE ZONAL BONANZA,955.05,0,0.17,,0.67,1.0,0.0,,0.02,285.66,3.0
11307-M3850725,APARTAMENTO,VENTA,19.77,58.57,1.0,2.0,317000.0,1.0,CEDRITOS,4,ENTRE 5 Y 10 ANOS,4.72,-74.03,USADO,,0,0,0,0,0,0,0,0,0,1,False,USAQUEN,BELMIRA,Calle 142,2151.91,0,PARQUE VECINAL NUEVA URBANIZACIÓN EL CEDRITO,313.53,1,0.34,,1.0,0.5,0.0,,0.02,632.46,0.0
12500-M4691973,APARTAMENTO,VENTA,19.38,67.0,3.0,2.0,216900.0,1.0,COLINA Y ALREDEDORES,3,ENTRE 10 Y 20 ANOS,4.75,-74.06,USADO,,0,0,0,0,0,1,0,0,0,1,False,SUBA,,Toberin - Foundever,1105.57,0,PARQUE VECINAL DESARROLLO CANTALEJO URBANIZACIÓN CANTALEJO MANZANA B,932.64,0,0.29,,0.33,1.5,0.0,,0.04,1749.86,0.0
771-M4370834,APARTAMENTO,VENTA,19.92,80.0,3.0,2.0,400000.0,2.0,CEDRITOS,4,MAS DE 20 ANOS,4.73,-74.04,USADO,,0,0,0,1,1,1,0,0,0,1,False,USAQUEN,LA LIBERIA,Mazurén,1355.46,0,PARQUE ZONAL LA VIDA,478.4,1,0.25,,0.67,1.5,0.0,,0.04,656.71,0.0
5545-M4641746,APARTAMENTO,VENTA,19.95,67.0,2.0,2.0,287800.0,1.0,COLINA Y ALREDEDORES,3,ENTRE 0 Y 5 ANOS,4.72,-74.06,USADO,,0,1,0,1,1,1,1,0,0,0,False,SUBA,S.C. PRADO VERANIEGO NORTE,Prado,859.76,0,PARQUE VECINAL PRADO PINZÓN,1016.87,0,0.3,,0.5,1.0,0.0,,0.03,584.59,0.0
771-M4371503,APARTAMENTO,VENTA,20.71,142.0,3.0,3.0,1100000.0,3.0,NIZA ALHAMBRA,4,ENTRE 5 Y 10 ANOS,4.7,-74.08,USADO,,0,0,0,0,1,1,0,0,0,1,True,SUBA,NIZA SUR,Humedal Córdoba,886.28,0,PARQUE ZONAL MORATO,909.42,0,0.15,,1.0,1.0,0.0,,0.02,1098.24,0.0
603-M4466660,APARTAMENTO,VENTA,19.38,53.0,3.0,2.0,141000.0,0.0,ENGATIVA,3,ENTRE 10 Y 20 ANOS,4.7,-74.12,USADO,,0,0,0,0,0,1,0,0,0,1,False,ENGATIVA,LOS ANGELES,Quirigua,1257.89,0,PARQUE ZONAL EL CARMELO,496.97,1,0.37,,0.0,1.5,0.0,,0.06,279.95,1.0
11013-M4539003,APARTAMENTO,VENTA,20.13,115.0,2.0,2.0,800000.0,1.0,SANTA BARBARA,6,MAS DE 20 ANOS,4.69,-74.04,USADO,,0,0,0,0,1,0,0,0,0,1,False,USAQUEN,RINCON DEL CHICO,Calle 100 - Marketmedios,1425.41,0,PARQUE ZONAL CANAL EL VIRREY EL CHICO,1720.9,0,0.18,,0.5,1.0,0.0,,0.02,446.96,1.0
5031-M4582062,APARTAMENTO,VENTA,21.06,188.0,3.0,4.0,3921395.93,3.0,SANTA BARBARA,6,ENTRE 10 Y 20 ANOS,4.69,-74.05,USADO,,0,1,0,0,0,0,0,0,0,1,False,USAQUEN,SAN PATRICIO,Calle 106,1017.17,0,PARQUE METROPOLITANO EL COUNTRY,1576.06,0,0.11,,1.0,0.75,0.0,,0.02,110.91,2.0
2398-M3524289,APARTAMENTO,VENTA,20.19,107.0,3.0,3.0,475000.0,2.0,COUNTRY,5,ENTRE 10 Y 20 ANOS,4.72,-74.04,USADO,,0,1,0,0,1,0,0,0,0,1,False,USAQUEN,EL CONTADOR,Alcalá,1074.77,0,PARQUE VECINAL NUEVA URBANIZACIÓN EL CEDRITO,1055.43,0,0.19,,0.67,1.0,0.0,,0.03,500.66,0.0
815-M3601476,APARTAMENTO,VENTA,20.39,136.0,3.0,3.0,3921395.93,1.0,CHAPINERO ALTO,4,ENTRE 10 Y 20 ANOS,4.65,-74.06,USADO,,0,0,0,0,1,0,0,0,0,1,False,CHAPINERO,S.C. CHAPINERO NORTE,Flores – Areandina,211.95,1,PARQUE ZONAL LA ESTACIÓN,1168.16,0,0.15,,0.33,1.0,0.0,,0.02,87.75,1.0
920-M4075353,APARTAMENTO,VENTA,20.06,100.0,2.0,3.0,220000.0,1.0,CHAPINERO ALTO,4,ENTRE 10 Y 20 ANOS,4.64,-74.06,USADO,,0,1,0,0,0,0,0,0,0,1,False,CHAPINERO,S.C. BOSQUE CALDERON,Marly,767.23,0,PARQUE ZONAL GUSTAVO URIBE BOTERO,1554.05,0,0.2,,0.5,0.67,0.0,,0.02,973.18,0.0
771-M4553381,APARTAMENTO,VENTA,20.93,161.0,3.0,4.0,1526600.0,2.0,,6,ENTRE 10 Y 20 ANOS,4.71,-74.05,USADO,,0,0,0,1,1,0,0,0,0,1,False,USAQUEN,LA CALLEJA,Calle 127,706.68,0,PARQUE METROPOLITANO EL COUNTRY,1067.94,0,0.13,,0.67,0.75,0.0,,0.02,453.64,2.0
3568-M3306987,APARTAMENTO,VENTA,21.02,192.0,3.0,4.0,900000.0,4.0,COUNTRY,5,ENTRE 10 Y 20 ANOS,4.71,-74.03,USADO,,0,1,0,0,1,1,0,0,0,1,False,USAQUEN,LISBOA_,Alcalá,2335.68,0,PARQUE VECINAL NUEVA URBANIZACIÓN EL CEDRITO,989.88,0,0.11,,1.33,0.75,0.0,,0.02,247.4,3.0
603-M4418174,APARTAMENTO,VENTA,20.43,106.0,2.0,3.0,503000.0,2.0,SANTA BARBARA,6,ENTRE 10 Y 20 ANOS,4.7,-74.05,USADO,,0,1,0,0,0,0,0,0,0,1,False,USAQUEN,SAN PATRICIO,Pepe Sierra,144.48,1,PARQUE ZONAL CANAL CORDOBA,1295.11,0,0.19,,1.0,0.67,0.0,,0.02,475.51,1.0
495-M4672524,APARTAMENTO,VENTA,19.78,72.0,3.0,2.0,259000.0,2.0,COLINA Y ALREDEDORES,3,ENTRE 10 Y 20 ANOS,4.75,-74.06,USADO,,0,0,0,0,1,1,0,0,0,1,False,SUBA,S.C. PORTALES DEL NORTE,Portal Norte,1668.08,0,PARQUE ZONAL SAN JOSÉ DE BAVARIA,351.98,1,0.27,,0.67,1.5,0.0,,0.04,2036.66,0.0
815-M4259354,APARTAMENTO,VENTA,20.17,108.0,2.0,2.0,670000.0,1.0,CHAPINERO ALTO,6,MAS DE 20 ANOS,4.64,-74.06,USADO,,0,0,0,0,1,0,0,0,0,1,False,CHAPINERO,S.C INGEMAR,Calle 57,894.49,0,PARQUE ZONAL GUSTAVO URIBE BOTERO,1247.25,0,0.19,,0.5,1.0,0.0,,0.02,1260.45,0.0
416-M4702114,APARTAMENTO,VENTA,20.2,80.0,1.0,2.0,3921395.93,1.0,,5,MAS DE 20 ANOS,4.7,-74.05,USADO,,0,1,0,1,1,0,0,0,0,0,False,USAQUEN,SANTA BARBARA OCCIDENTAL,Calle 127,263.76,1,PARQUE ZONAL ATABANZA,907.66,0,0.25,,1.0,0.5,0.0,,0.01,318.16,3.0
603-M4421010,APARTAMENTO,VENTA,19.58,62.0,3.0,2.0,120000.0,0.0,CASTILLA MARSELLA,4,ENTRE 10 Y 20 ANOS,4.64,-74.13,USADO,,0,0,0,0,1,1,0,0,0,1,False,KENNEDY,SAN JOSE OCCIDENTAL,Marsella,1591.79,0,PARQUE VECINAL VILLA ALSACIA,676.29,0,0.32,,0.0,1.5,0.0,,0.05,244.81,1.0
5031-M4660385,APARTAMENTO,VENTA,19.94,84.0,3.0,2.0,140700.0,2.0,COUNTRY,5,ENTRE 10 Y 20 ANOS,4.72,-74.05,USADO,,0,0,0,0,1,1,0,0,0,1,False,USAQUEN,LOS CEDROS,Alcalá,272.5,1,PARQUE VECINAL PRADO PINZÓN,791.17,0,0.24,,0.67,1.5,0.0,,0.04,244.98,1.0
771-M4711370,APARTAMENTO,VENTA,21.05,180.0,3.0,3.0,1000000.0,2.0,COLINA Y ALREDEDORES,6,ENTRE 10 Y 20 ANOS,4.73,-74.06,USADO,,0,1,0,0,0,0,0,0,0,1,False,SUBA,COLPATRIA SANTA HELENA II SECTOR,Gratamira,1256.51,0,PARQUE VECINAL URBANIZACIÓN LA LAGUNA,1121.71,0,0.12,,0.67,1.0,0.0,,0.02,377.2,2.0
603-M4421067,APARTAMENTO,VENTA,19.9,75.0,3.0,2.0,3921395.93,1.0,CENTRO NARINO,4,ENTRE 10 Y 20 ANOS,4.64,-74.09,USADO,,0,0,0,0,1,1,0,0,0,1,False,TEUSAQUILLO,QUINTA PAREDES,Quinta Paredes,297.51,1,PARQUE VECINAL SANTA CLARA,423.1,1,0.27,,0.33,1.5,0.0,,0.04,653.41,0.0
11013-M4694820,APARTAMENTO,VENTA,21.51,276.85,3.0,4.0,1000000.0,3.0,SANTA BARBARA,6,ENTRE 10 Y 20 ANOS,4.7,-74.03,USADO,,0,0,0,0,0,0,0,0,0,1,False,USAQUEN,LOS ALPES II SECTOR,Calle 127,2952.18,0,PARQUE METROPOLITANO EL COUNTRY,1261.23,0,0.08,,1.0,0.75,0.0,,0.01,615.78,0.0
2266-M3224285,APARTAMENTO,VENTA,21.51,277.0,3.0,4.0,1054000.0,3.0,SANTA BARBARA,6,ENTRE 10 Y 20 ANOS,4.7,-74.03,USADO,,0,1,0,0,1,0,0,0,0,1,False,USAQUEN,USAQUEN,Pepe Sierra,2862.27,0,PARQUE METROPOLITANO EL COUNTRY,1284.08,0,0.08,,1.0,0.75,0.0,,0.01,311.47,2.0
13439-M4647358,APARTAMENTO,VENTA,21.47,312.0,4.0,4.0,2600000.0,4.0,CHICO,6,MAS DE 20 ANOS,4.68,-74.04,USADO,,0,1,0,1,1,0,0,0,0,1,False,CHAPINERO,CHICO RESERVADO,Calle 100 - Marketmedios,1740.96,0,PARQUE VECINAL URBANIZACIÓN LA CABRERA,1268.68,0,0.07,,1.0,1.0,0.0,,0.01,342.85,2.0
2123-M4419861,APARTAMENTO,VENTA,19.92,56.0,1.0,2.0,553000.0,1.0,,6,ENTRE 5 Y 10 ANOS,4.71,-74.04,USADO,,0,0,0,0,1,1,0,0,0,1,False,USAQUEN,COUNTRY CLUB,Prado,1335.25,0,PARQUE METROPOLITANO EL COUNTRY,813.32,0,0.36,,1.0,0.5,0.0,,0.02,757.36,0.0
2123-3891450,APARTAMENTO,VENTA,21.35,268.0,3.0,5.0,1700000.0,4.0,COUNTRY,6,ENTRE 10 Y 20 ANOS,4.72,-74.03,USADO,,0,0,0,1,1,0,0,0,0,1,False,USAQUEN,S.C. BARRANCAS ORIENTAL,Calle 142,2809.89,0,PARQUE VECINAL NUEVA URBANIZACIÓN EL CEDRITO,904.61,0,0.08,,1.33,0.6,0.0,,0.01,997.5,0.0
920-M4508635,APARTAMENTO,VENTA,20.29,66.0,1.0,2.0,890000.0,2.0,CHICO,6,ENTRE 5 Y 10 ANOS,4.67,-74.05,USADO,,0,0,0,0,1,0,0,0,0,1,False,CHAPINERO,S.C. EL CHICO,Calle 85,739.81,0,PARQUE ZONAL CANAL EL VIRREY EL CHICO,89.17,1,0.31,,2.0,0.5,0.0,,0.02,120.48,4.0
11013-M4596223,APARTAMENTO,VENTA,20.17,155.0,2.0,2.0,3921395.93,1.0,CHICO,6,MAS DE 20 ANOS,4.68,-74.05,USADO,,0,0,0,0,0,0,0,0,0,1,False,CHAPINERO,S.C. CHICO NORTE,Virrey,1115.25,0,PARQUE ZONAL CANAL EL VIRREY EL CHICO,674.84,0,0.13,,0.5,1.0,0.0,,0.01,85.72,2.0
771-M4547207,APARTAMENTO,VENTA,20.02,90.5,2.0,2.0,600000.0,1.0,COUNTRY,5,MAS DE 20 ANOS,4.71,-74.05,USADO,,0,0,0,0,1,0,0,0,0,1,False,USAQUEN,LA CALLEJA,Calle 127,602.54,0,PARQUE ZONAL ATABANZA,782.2,0,0.22,,0.5,1.0,0.0,,0.02,256.91,5.0
342-M4652704,APARTAMENTO,VENTA,21.82,345.38,5.0,5.0,3921395.93,4.0,COUNTRY,6,MAS DE 20 ANOS,4.71,-74.04,USADO,,0,0,0,1,1,0,0,0,0,1,False,USAQUEN,LA_CAROLINA,Calle 127,1915.32,0,PARQUE METROPOLITANO EL COUNTRY,246.51,1,0.06,,0.8,1.0,0.0,,0.01,643.32,0.0
12414-M4677296,APARTAMENTO,VENTA,19.42,67.0,3.0,2.0,211000.0,1.0,CORTIJO AUTOPISTA MEDELLIN,3,ENTRE 10 Y 20 ANOS,4.73,-74.12,USADO,,0,0,0,0,0,1,0,0,0,1,False,ENGATIVA,EL_CORTIJO,Portal 80,2425.16,0,PARQUE METROPOLITANO PLANTA DE TRATAMIENTO SALITRE,164.29,1,0.29,,0.33,1.5,0.0,,0.04,2225.57,0.0
15061-M3870965,APARTAMENTO,VENTA,20.12,95.0,3.0,3.0,270000.0,1.0,CEDRITOS,5,ENTRE 10 Y 20 ANOS,4.73,-74.03,USADO,,0,0,0,1,1,0,1,0,0,1,False,USAQUEN,CEDRO SALAZAR,Calle 146,2058.76,0,PARQUE VECINAL NUEVA URBANIZACIÓN EL CEDRITO,653.42,0,0.21,,0.33,1.0,0.0,,0.03,191.88,1.0
920-M3809813,APARTAMENTO,VENTA,19.9,53.0,1.0,2.0,185000.0,1.0,CENTRO INTERNACIONAL,4,ENTRE 0 Y 5 ANOS,4.62,-74.07,USADO,,0,0,0,1,1,0,0,0,0,1,False,SANTA FE,LA MERCED,Calle 34,352.47,1,PARQUE METROPOLITANO PARQUE NACIONAL (PM2A) ENRIQUE OLAYA HERRERA (SECTOR HISTORICO),546.99,0,0.38,,1.0,0.5,0.0,,0.02,511.48,0.0
847-M4698922,APARTAMENTO,VENTA,21.02,210.0,3.0,4.0,1214000.0,3.0,CERROS DE SUBA,5,ENTRE 10 Y 20 ANOS,4.71,-74.08,USADO,,0,1,1,1,0,1,0,0,0,1,False,SUBA,URB. LAS PLEYADES,Niza - Calle 127,1281.8,0,PARQUE METROPOLITANO CEFE COMETAS,357.52,1,0.1,,1.0,0.75,0.0,,0.01,1278.37,0.0
5044-M4561294,APARTAMENTO,VENTA,20.56,109.0,3.0,3.0,1017000.0,2.0,SANTA BARBARA,5,ENTRE 5 Y 10 ANOS,4.7,-74.05,USADO,,0,1,0,1,1,1,0,0,0,1,False,USAQUEN,SANTA BARBARA OCCIDENTAL,Pepe Sierra,600.08,0,PARQUE ZONAL ATABANZA,1385.16,0,0.19,,0.67,1.0,0.0,,0.03,335.24,2.0
920-M3278507,APARTAMENTO,VENTA,20.3,63.0,2.0,2.0,480000.0,1.0,CHICO,6,ENTRE 5 Y 10 ANOS,4.68,-74.05,USADO,,0,0,0,1,1,0,1,0,0,1,False,CHAPINERO,S.C. CHICO NORTE III SECTOR,Calle 100 - Marketmedios,426.01,1,PARQUE VECINAL URBANIZACIÓN NORMANDIA I II II Y IV SECTOR,998.07,0,0.32,,0.5,1.0,0.0,,0.03,416.87,2.0
15180-114619,APARTAMENTO,VENTA,20.57,175.0,2.0,3.0,523000.0,2.0,COUNTRY,5,ENTRE 10 Y 20 ANOS,4.71,-74.03,USADO,,1,1,0,1,1,0,0,0,0,0,False,USAQUEN,URB. VALBELLA,Prado,2777.13,0,PARQUE METROPOLITANO EL COUNTRY,1079.03,0,0.12,,1.0,0.67,0.0,,0.01,579.4,0.0
2671-M3330348,APARTAMENTO,VENTA,21.09,226.0,3.0,4.0,1300000.0,4.0,SANTA BARBARA,6,ENTRE 10 Y 20 ANOS,4.69,-74.04,USADO,,0,0,0,0,1,0,0,0,0,1,False,USAQUEN,SANTA BARBARA CENTRAL I Y II,Calle 106,1571.28,0,PARQUE METROPOLITANO EL COUNTRY,1321.94,0,0.09,,1.33,0.75,0.0,,0.01,591.67,0.0
2671-M3739306,APARTAMENTO,VENTA,21.34,249.0,4.0,4.0,1600000.0,3.0,COUNTRY,6,MAS DE 20 ANOS,4.71,-74.03,USADO,,0,1,0,0,0,1,0,0,0,1,False,USAQUEN,BOSQUES DE MEDINA,Prado,2860.84,0,PARQUE METROPOLITANO EL COUNTRY,1472.85,0,0.09,,0.75,1.0,0.0,,0.02,540.54,0.0
5044-2646615,APARTAMENTO,VENTA,21.56,253.0,3.0,3.0,1290000.0,0.0,CHICO,6,MAS DE 20 ANOS,4.67,-74.05,USADO,,0,1,0,0,1,1,0,0,0,1,False,CHAPINERO,S.C. EL RETIRO,Héroes - Gel´Hada,1204.88,0,PARQUE ZONAL SAN ANDRÉS,284.87,1,0.09,,0.0,1.0,0.0,,0.01,334.97,3.0
93-M4595089,APARTAMENTO,VENTA,20.03,99.0,3.0,4.0,170000.0,0.0,CHAPINERO ALTO,4,MAS DE 20 ANOS,4.63,-74.06,USADO,,0,0,0,0,1,0,0,0,0,1,False,CHAPINERO,S.C. CATALUNA,Calle 45 - American School Way,541.95,0,PARQUE METROPOLITANO PARQUE NACIONAL (PM2A) ENRIQUE OLAYA HERRERA (SECTOR HISTORICO),763.37,0,0.2,,0.0,0.75,0.0,,0.03,397.34,2.0
414-M3991495,APARTAMENTO,VENTA,19.95,83.0,3.0,3.0,335000.0,1.0,COLINA Y ALREDEDORES,5,MAS DE 20 ANOS,4.73,-74.07,USADO,,0,0,0,0,1,1,0,0,0,1,False,SUBA,EL RINCON DE IBERIA,Gratamira,978.4,0,PARQUE VECINAL PRADO PINZÓN,1345.74,0,0.24,,0.33,1.0,0.0,,0.04,220.31,1.0
2529-M4485703,APARTAMENTO,VENTA,21.02,195.6,3.0,3.0,986400.0,2.0,CHICO,6,MAS DE 20 ANOS,4.68,-74.06,USADO,,0,1,0,0,1,0,0,0,0,1,True,CHAPINERO,S.C. CHICO NORTE,Virrey,501.99,0,PARQUE VECINAL URBANIZACIÓN NORMANDIA I II II Y IV SECTOR,382.66,1,0.11,,0.67,1.0,0.0,,0.02,276.45,2.0
346-M3719122,APARTAMENTO,VENTA,21.82,362.0,3.0,3.0,2526000.0,4.0,CEDRITOS,6,MAS DE 20 ANOS,4.72,-74.03,USADO,,0,1,0,0,1,0,0,0,0,1,False,USAQUEN,MONTEARROYO,Alcalá,2584.47,0,PARQUE VECINAL NUEVA URBANIZACIÓN EL CEDRITO,959.27,0,0.06,,1.33,1.0,0.0,,0.01,119.05,1.0
16474-M4645055,APARTAMENTO,VENTA,19.96,140.0,5.0,3.0,657000.0,1.0,CENTRO NARINO,4,MAS DE 20 ANOS,4.64,-74.1,USADO,,0,0,0,0,0,1,0,0,0,1,False,TEUSAQUILLO,ORTEZAL - QUINTA PAREDES,Quinta Paredes,449.32,1,PARQUE VECINAL SANTA CLARA,225.88,1,0.14,,0.2,1.67,0.0,,0.04,471.37,2.0
771-M4641460,APARTAMENTO,VENTA,20.72,132.0,3.0,3.0,1000000.0,2.0,COUNTRY,6,MAS DE 20 ANOS,4.7,-74.04,USADO,,0,1,0,0,1,0,0,0,0,1,False,USAQUEN,LA_CAROLINA,Calle 127,1355.84,0,PARQUE METROPOLITANO EL COUNTRY,393.81,1,0.16,,0.67,1.0,0.0,,0.02,235.64,1.0
14-M4423971,APARTAMENTO,VENTA,20.99,120.29,3.0,3.0,1000000.0,2.0,COUNTRY,5,ENTRE 10 Y 20 ANOS,4.71,-74.05,USADO,4500000.0,0,1,0,0,1,0,0,0,0,0,False,USAQUEN,COUNTRY CLUB,Prado,673.35,0,PARQUE ZONAL ATABANZA,1255.26,0,0.17,37409.59,0.67,1.0,0.0,4.5,0.02,783.27,0.0
73-M4656393,APARTAMENTO,VENTA,20.21,75.0,2.0,2.0,800000.0,1.0,CHICO,6,MAS DE 20 ANOS,4.66,-74.05,USADO,,0,1,0,0,1,0,0,0,0,1,False,CHAPINERO,S.C. EL RETIRO,Héroes - Gel´Hada,1301.32,0,PARQUE ZONAL SAN ANDRÉS,332.41,1,0.27,,0.5,1.0,0.0,,0.03,443.39,2.0
16039-M4360651,APARTAMENTO,VENTA,20.99,140.0,3.0,3.0,680000.0,3.0,SALITRE MODELIA,5,ENTRE 10 Y 20 ANOS,4.65,-74.11,USADO,,0,0,0,0,1,1,0,0,0,1,False,FONTIBON,CIUDAD SALITRE OCCIDENTAL,El Tiempo - Maloka,402.86,1,PARQUE ZONAL SAUZALITO,549.26,0,0.15,,1.0,1.0,0.0,,0.02,262.75,4.0
11013-M4729263,APARTAMENTO,VENTA,19.78,67.0,2.0,2.0,274000.0,1.0,CEDRITOS,4,ENTRE 10 Y 20 ANOS,4.73,-74.03,USADO,,0,0,0,1,1,0,0,0,0,1,False,USAQUEN,CAOBOS SALAZAR,Calle 146,1756.11,0,PARQUE VECINAL NUEVA URBANIZACIÓN EL CEDRITO,739.64,0,0.3,,0.5,1.0,0.0,,0.03,160.03,1.0
2123-M4413626,APARTAMENTO,VENTA,20.26,93.0,3.0,3.0,540000.0,2.0,CEDRITOS,4,ENTRE 0 Y 5 ANOS,4.72,-74.03,USADO,,0,0,0,1,1,1,0,0,0,1,False,USAQUEN,LAS_ACACIAS,Calle 142,2190.88,0,PARQUE VECINAL NUEVA URBANIZACIÓN EL CEDRITO,271.72,1,0.22,,0.67,1.0,0.0,,0.03,792.62,0.0
11013-M4698999,APARTAMENTO,VENTA,20.37,113.0,3.0,3.0,509000.0,2.0,SANTA BARBARA,6,MAS DE 20 ANOS,4.7,-74.03,USADO,,0,0,0,0,1,0,0,0,0,1,False,USAQUEN,SANTA BARBARA CENTRAL IV SECTOR,Calle 127,2370.88,0,PARQUE METROPOLITANO EL COUNTRY,664.26,0,0.18,,0.67,1.0,0.0,,0.03,630.85,0.0
2123-M3097529,APARTAMENTO,VENTA,21.62,387.0,4.0,4.0,2300000.0,4.0,COUNTRY,6,ENTRE 10 Y 20 ANOS,4.71,-74.03,USADO,,0,1,0,1,1,0,0,0,0,1,False,USAQUEN,BOSQUES DE MEDINA,Prado,2914.65,0,PARQUE METROPOLITANO EL COUNTRY,1420.0,0,0.06,,1.0,1.0,0.0,,0.01,610.51,0.0
5340-M4551478,APARTAMENTO,VENTA,20.13,67.0,1.0,3.0,400000.0,1.0,COUNTRY,4,ENTRE 0 Y 5 ANOS,4.72,-74.04,USADO,,0,0,0,0,1,1,0,0,0,1,False,USAQUEN,CEDRITOS,Alcalá,1489.82,0,PARQUE VECINAL NUEVA URBANIZACIÓN EL CEDRITO,662.08,0,0.3,,1.0,0.33,0.0,,0.01,65.19,1.0
5044-3907293,APARTAMENTO,VENTA,21.09,224.0,3.0,4.0,1408950.0,2.0,CHICO,6,ENTRE 10 Y 20 ANOS,4.68,-74.05,USADO,,0,1,0,0,0,1,0,0,0,1,False,CHAPINERO,S.C. CHICO NORTE,Virrey,1067.98,0,PARQUE ZONAL CANAL EL VIRREY EL CHICO,617.65,0,0.09,,0.67,0.75,0.0,,0.01,124.51,2.0
2123-1704298,APARTAMENTO,VENTA,21.36,275.0,3.0,5.0,1286000.0,3.0,COUNTRY,6,ENTRE 10 Y 20 ANOS,4.71,-74.03,USADO,,0,0,0,1,1,0,0,0,0,1,False,USAQUEN,BOSQUES DE MEDINA,Prado,2915.12,0,PARQUE METROPOLITANO EL COUNTRY,1504.29,0,0.08,,1.0,0.6,0.0,,0.01,588.73,0.0
399-M4289510,APARTAMENTO,VENTA,20.5,142.0,3.0,3.0,650000.0,2.0,CHICO,5,MAS DE 20 ANOS,4.66,-74.06,USADO,,0,1,0,0,1,0,0,0,0,1,False,CHAPINERO,S.C. ESPARTILLAL,Calle 76 - San Felipe,485.85,1,PARQUE ZONAL SAN ANDRÉS,654.3,0,0.14,,0.67,1.0,0.0,,0.02,474.17,1.0
93-M4383472,APARTAMENTO,VENTA,20.18,131.0,3.0,4.0,900000.0,1.0,SANTA BARBARA,6,MAS DE 20 ANOS,4.7,-74.05,USADO,,0,1,0,0,1,0,0,0,0,1,False,USAQUEN,SAN PATRICIO,Pepe Sierra,949.43,0,PARQUE METROPOLITANO EL COUNTRY,1323.64,0,0.15,,0.33,0.75,0.0,,0.02,209.37,3.0
2123-2827602,APARTAMENTO,VENTA,20.86,150.0,3.0,3.0,690000.0,2.0,SANTA BARBARA,6,ENTRE 10 Y 20 ANOS,4.7,-74.03,USADO,,0,0,0,1,1,0,1,0,0,1,False,USAQUEN,SANTA BARBARA ORIENTAL,Calle 127,2437.32,0,PARQUE METROPOLITANO EL COUNTRY,749.99,0,0.14,,0.67,1.0,0.0,,0.02,542.98,0.0
12500-M4585500,APARTAMENTO,VENTA,19.2,56.0,3.0,2.0,91100.0,0.0,CASTILLA MARSELLA,3,ENTRE 10 Y 20 ANOS,4.64,-74.14,USADO,,0,0,0,0,0,1,0,0,0,1,False,KENNEDY,CASTILLA REAL,Mandalay,1580.28,0,PARQUE VECINAL VILLA ALSACIA,438.67,1,0.34,,0.0,1.5,0.0,,0.05,1272.19,0.0
12500-M4732411,APARTAMENTO,VENTA,19.38,61.0,3.0,2.0,194800.0,1.0,ORQUIDEAS,4,ENTRE 10 Y 20 ANOS,4.75,-74.04,USADO,,0,0,0,0,0,1,0,0,0,1,False,USAQUEN,URB. LA PRADERA,Toberin - Foundever,938.24,0,PARQUE VECINAL URBANIZACIÓN TOBERIN,501.19,0,0.32,,0.33,1.5,0.0,,0.05,300.21,1.0
3858-M4417172,APARTAMENTO,VENTA,20.27,100.0,2.0,2.0,560000.0,2.0,COUNTRY,5,MAS DE 20 ANOS,4.71,-74.05,USADO,,0,1,0,0,1,1,0,0,0,1,False,USAQUEN,,Prado,519.89,0,PARQUE ZONAL ATABANZA,1063.28,0,0.2,,1.0,1.0,0.0,,0.02,643.82,0.0
4796-M3866886,APARTAMENTO,VENTA,19.79,72.0,2.0,2.0,321000.0,2.0,CEDRITOS,4,MAS DE 20 ANOS,4.73,-74.03,USADO,,0,0,0,1,0,0,0,0,0,1,False,USAQUEN,CAOBOS SALAZAR,Calle 146,1941.9,0,PARQUE VECINAL NUEVA URBANIZACIÓN EL CEDRITO,299.22,1,0.27,,1.0,1.0,0.0,,0.03,453.06,1.0
11013-M4683970,APARTAMENTO,VENTA,20.26,119.0,1.0,2.0,715000.0,2.0,CHICO,6,MAS DE 20 ANOS,4.68,-74.06,USADO,,0,1,0,0,1,0,0,0,0,1,False,CHAPINERO,S.C. CHICO NORTE III SECTOR,Calle 100 - Marketmedios,130.49,1,PARQUE VECINAL URBANIZACIÓN NORMANDIA I II II Y IV SECTOR,664.26,0,0.17,,2.0,0.5,0.0,,0.01,406.57,1.0
14236-M4593391,APARTAMENTO,VENTA,20.95,167.0,4.0,5.0,500000.0,2.0,COLINA Y ALREDEDORES,5,ENTRE 5 Y 10 ANOS,4.74,-74.05,USADO,,0,0,0,1,1,0,1,0,0,1,False,SUBA,CAMPOS DE SILENCIO,Calle 161,758.08,0,PARQUE VECINAL DESARROLLO CANTALEJO URBANIZACIÓN CANTALEJO MANZANA B,449.64,1,0.13,,0.5,0.8,0.0,,0.02,1564.29,0.0
11369-M4426504,APARTAMENTO,VENTA,19.97,84.0,2.0,2.0,409600.0,1.0,CHAPINERO ALTO,4,ENTRE 10 Y 20 ANOS,4.64,-74.06,USADO,,0,0,0,1,1,0,0,0,0,1,False,CHAPINERO,S.C. PARDO RUBIO,Marly,470.66,1,PARQUE METROPOLITANO PARQUE NACIONAL (PM2A) ENRIQUE OLAYA HERRERA (SECTOR HISTORICO),1179.99,0,0.24,,0.5,1.0,0.0,,0.02,408.39,1.0
771-M4371517,APARTAMENTO,VENTA,19.77,66.0,2.0,2.0,406546.0,2.0,CEDRITOS,4,ENTRE 10 Y 20 ANOS,4.72,-74.04,USADO,,0,0,0,0,1,1,0,0,0,1,False,USAQUEN,ACACIAS USAQUEN,Calle 142,1638.88,0,PARQUE VECINAL NUEVA URBANIZACIÓN EL CEDRITO,281.4,1,0.3,,1.0,1.0,0.0,,0.03,515.41,0.0
10093-M4538004,APARTAMENTO,VENTA,20.82,145.0,3.0,4.0,900000.0,2.0,COUNTRY,6,MAS DE 20 ANOS,4.71,-74.04,USADO,,0,1,0,0,1,1,0,0,0,1,False,USAQUEN,LA_CAROLINA,Prado,1417.6,0,PARQUE METROPOLITANO EL COUNTRY,555.85,0,0.14,,0.67,0.75,0.0,,0.02,627.06,0.0
3568-M3362061,APARTAMENTO,VENTA,21.28,210.0,3.0,4.0,1100000.0,2.0,CHICO,6,MAS DE 20 ANOS,4.67,-74.05,USADO,,0,1,0,0,0,0,0,0,0,1,False,CHAPINERO,LA CABRERA,Héroes - Gel´Hada,1466.56,0,PARQUE VECINAL URBANIZACIÓN LA CABRERA,541.08,0,0.1,,0.67,0.75,0.0,,0.01,555.64,0.0
703-M4585695,APARTAMENTO,VENTA,21.42,278.0,3.0,5.0,1850000.0,4.0,COUNTRY,6,MAS DE 20 ANOS,4.71,-74.03,USADO,,1,1,0,0,0,0,0,0,0,1,False,USAQUEN,BOSQUES DE MEDINA,Prado,2878.34,0,PARQUE METROPOLITANO EL COUNTRY,1420.43,0,0.08,,1.33,0.6,0.0,,0.01,578.44,0.0
4660-M4634997,APARTAMENTO,VENTA,20.55,163.0,3.0,3.0,940000.0,2.0,SANTA BARBARA,5,MAS DE 20 ANOS,4.7,-74.05,USADO,,0,0,0,0,0,1,0,0,0,1,False,USAQUEN,SANTA BARBARA OCCIDENTAL,Pepe Sierra,253.28,1,PARQUE ZONAL ATABANZA,1119.93,0,0.13,,0.67,1.0,0.0,,0.02,577.12,0.0
34-61213,APARTAMENTO,VENTA,21.39,223.0,3.0,5.0,975000.0,2.0,CHICO,6,ENTRE 10 Y 20 ANOS,4.67,-74.05,USADO,,1,1,0,0,0,0,0,0,0,1,False,CHAPINERO,S.C. CHICO NORTE,Virrey,1355.8,0,PARQUE VECINAL URBANIZACIÓN LA CABRERA,488.06,1,0.1,,0.67,0.6,0.0,,0.01,396.91,2.0
2266-M3810254,APARTAMENTO,VENTA,20.25,96.0,3.0,3.0,410000.0,2.0,COUNTRY,5,ENTRE 10 Y 20 ANOS,4.71,-74.03,USADO,,0,0,0,1,1,1,0,0,0,1,False,USAQUEN,LISBOA_,Prado,2532.17,0,PARQUE VECINAL NUEVA URBANIZACIÓN EL CEDRITO,1143.57,0,0.21,,0.67,1.0,0.0,,0.03,177.61,2.0
4498-M4504032,APARTAMENTO,VENTA,20.72,261.0,4.0,5.0,1500000.0,3.0,SANTA BARBARA,6,MAS DE 20 ANOS,4.7,-74.05,USADO,,0,0,0,0,0,0,0,0,0,1,False,USAQUEN,SAN PATRICIO,Pepe Sierra,365.72,1,PARQUE ZONAL ATABANZA,1417.13,0,0.08,,0.75,0.8,0.0,,0.02,301.85,2.0
12503-M4066392,APARTAMENTO,VENTA,20.14,104.0,3.0,3.0,632000.0,2.0,CEDRITOS,4,ENTRE 10 Y 20 ANOS,4.73,-74.04,USADO,,0,1,0,1,1,1,0,0,0,1,False,USAQUEN,CAOBOS SALAZAR,Calle 142,1535.0,0,PARQUE VECINAL NUEVA URBANIZACIÓN EL CEDRITO,474.49,1,0.19,,0.67,1.0,0.0,,0.03,619.76,0.0
2529-M4485720,APARTAMENTO,VENTA,20.67,136.0,3.0,4.0,959000.0,2.0,SANTA BARBARA,5,ENTRE 10 Y 20 ANOS,4.7,-74.05,USADO,,0,1,0,0,0,0,0,0,0,1,False,USAQUEN,SANTA BARBARA OCCIDENTAL,Calle 127,540.31,0,PARQUE ZONAL ATABANZA,1203.23,0,0.15,,0.67,0.75,0.0,,0.02,489.95,3.0
16474-M4645004,APARTAMENTO,VENTA,20.41,83.0,2.0,3.0,530000.0,2.0,CHICO,6,ENTRE 5 Y 10 ANOS,4.68,-74.05,USADO,,0,0,0,1,1,0,0,0,0,1,False,CHAPINERO,S.C. CHICO NORTE,Calle 100 - Marketmedios,574.86,0,PARQUE VECINAL URBANIZACIÓN NORMANDIA I II II Y IV SECTOR,534.37,0,0.25,,1.0,0.67,0.0,,0.02,106.5,2.0
11013-M4544576,APARTAMENTO,VENTA,20.35,107.0,3.0,3.0,3921395.93,2.0,COLINA Y ALREDEDORES,4,ENTRE 5 Y 10 ANOS,4.72,-74.06,USADO,,0,1,0,1,0,0,0,0,0,1,False,SUBA,SAN RAFAEL NORTE,Alcalá,968.97,0,PARQUE VECINAL PRADO PINZÓN,768.74,0,0.19,,0.67,1.0,0.0,,0.03,248.69,1.0
93-M4592057,APARTAMENTO,VENTA,21.19,254.0,3.0,4.0,1737900.0,2.0,CHICO,6,MAS DE 20 ANOS,4.67,-74.04,USADO,,0,0,0,0,1,0,0,0,0,1,False,CHAPINERO,CHICO ORIENTAL,Virrey,2179.0,0,PARQUE VECINAL URBANIZACIÓN LA CABRERA,1150.32,0,0.08,,0.67,0.75,0.0,,0.01,1084.72,0.0
416-M4730936,APARTAMENTO,VENTA,19.73,86.0,3.0,2.0,340000.0,1.0,,4,MAS DE 20 ANOS,4.67,-74.13,USADO,,0,0,0,0,0,0,0,0,0,0,False,FONTIBON,MODELIA OCCIDENTAL,Modelia,1171.86,0,PARQUE VECINAL MODELIA SECTOR A,631.91,0,0.23,,0.33,1.5,0.0,,0.03,786.37,0.0
12500-M4690401,APARTAMENTO,VENTA,19.47,78.0,3.0,2.0,140000.0,0.0,KENNEDY,3,ENTRE 10 Y 20 ANOS,4.64,-74.15,USADO,,0,0,0,0,0,1,0,0,0,1,False,KENNEDY,CIUDAD TECHO II,Transversal 86,765.29,0,PARQUE METROPOLITANO BIBLIOTECA EL TINTAL,628.07,0,0.25,,0.0,1.5,0.0,,0.04,2543.56,0.0
771-M4371165,APARTAMENTO,VENTA,20.95,163.0,3.0,5.0,850000.0,2.0,,6,ENTRE 10 Y 20 ANOS,4.73,-74.02,USADO,,0,0,0,1,0,1,0,0,0,1,False,USAQUEN,BOSQUE DE PINOS III,Calle 146,2879.49,0,PARQUE ZONAL ALTA BLANCA,879.9,0,0.13,,0.67,0.6,0.0,,0.02,976.89,0.0
416-118136,APARTAMENTO,VENTA,20.47,147.0,4.0,4.0,3921395.93,2.0,SANTA BARBARA,6,MAS DE 20 ANOS,4.7,-74.04,USADO,,0,0,0,0,1,0,0,0,0,0,False,USAQUEN,SANTA BARBARA CENTRAL I SECTOR,Pepe Sierra,1528.08,0,PARQUE METROPOLITANO EL COUNTRY,914.75,0,0.14,,0.5,1.0,0.0,,0.03,679.78,0.0
73-2864414,APARTAMENTO,VENTA,20.43,68.0,1.0,1.0,371855.0,1.0,CHICO,5,ENTRE 0 Y 5 ANOS,4.68,-74.05,USADO,,0,0,0,0,1,0,0,0,0,1,False,CHAPINERO,S.C. CHICO NORTE,Virrey,1115.25,0,PARQUE ZONAL CANAL EL VIRREY EL CHICO,674.84,0,0.3,,1.0,1.0,0.0,,0.01,85.72,2.0
410-M4290605,APARTAMENTO,VENTA,19.64,59.4,2.0,2.0,382000.0,1.0,CEDRITOS,4,MAS DE 20 ANOS,4.73,-74.03,USADO,,0,0,0,0,1,0,0,0,0,1,False,USAQUEN,CEDRO MADEIRA,Calle 146,2000.96,0,PARQUE VECINAL NUEVA URBANIZACIÓN EL CEDRITO,543.1,0,0.33,,0.5,1.0,0.0,,0.03,237.5,1.0
2751-M4402685,APARTAMENTO,VENTA,20.32,122.0,5.0,4.0,390000.0,2.0,CENTRO NARINO,4,MAS DE 20 ANOS,4.64,-74.09,USADO,,0,0,0,0,1,0,0,0,0,1,False,TEUSAQUILLO,QUINTA PAREDES,Quinta Paredes,297.51,1,PARQUE VECINAL SANTA CLARA,423.1,1,0.17,,0.4,1.25,0.0,,0.04,653.41,0.0
3535-M4300544,APARTAMENTO,VENTA,20.5,162.9,3.0,3.0,1180000.0,2.0,CHICO,6,MAS DE 20 ANOS,4.68,-74.05,USADO,,0,0,0,0,1,0,0,0,0,1,False,CHAPINERO,S.C. CHICO NORTE III SECTOR,Calle 100 - Marketmedios,711.21,0,PARQUE VECINAL URBANIZACIÓN NORMANDIA I II II Y IV SECTOR,831.99,0,0.13,,0.67,1.0,0.0,,0.02,232.46,3.0
771-M4430008,APARTAMENTO,VENTA,21.06,210.0,4.0,5.0,1100000.0,2.0,SANTA BARBARA,6,MAS DE 20 ANOS,4.7,-74.04,USADO,,0,0,0,0,1,1,0,0,0,1,False,USAQUEN,SANTA BARBARA CENTRAL II,Calle 127,2169.1,0,PARQUE METROPOLITANO EL COUNTRY,539.34,0,0.1,,0.5,0.8,0.0,,0.02,600.84,0.0
12500-M4700739,APARTAMENTO,VENTA,20.34,130.0,3.0,3.0,904000.0,2.0,COUNTRY,5,MAS DE 20 ANOS,4.7,-74.03,USADO,,0,0,0,0,0,1,0,0,0,1,False,USAQUEN,BELLA SUIZA,Calle 127,2463.77,0,PARQUE METROPOLITANO EL COUNTRY,724.18,0,0.16,,0.67,1.0,0.0,,0.02,588.04,0.0
16189-M4656960,APARTAMENTO,VENTA,19.85,79.0,3.0,2.0,340000.0,1.0,170 Y ALREDORES,5,ENTRE 0 Y 5 ANOS,4.77,-74.06,USADO,,1,1,0,1,1,1,0,0,0,1,False,SUBA,SAN JOSE DE BAVARIA,Calle 187,2134.45,0,PARQUE ZONAL SAN JOSÉ DE BAVARIA,1288.26,0,0.25,,0.33,1.5,0.0,,0.04,2039.36,0.0
118-215,APARTAMENTO,VENTA,19.81,60.54,2.0,2.0,350000.0,1.0,SANTA BARBARA,6,ENTRE 10 Y 20 ANOS,4.7,-74.04,USADO,,0,0,0,0,0,1,0,0,0,1,False,USAQUEN,SANTA BARBARA CENTRAL II SECTOR,Pepe Sierra,1876.74,0,PARQUE METROPOLITANO EL COUNTRY,1007.02,0,0.33,,0.5,1.0,0.0,,0.03,566.86,0.0
815-M3580821,APARTAMENTO,VENTA,19.95,86.0,2.0,3.0,690000.0,2.0,SANTA BARBARA,6,MAS DE 20 ANOS,4.7,-74.04,USADO,,0,0,0,0,0,0,0,0,0,1,False,USAQUEN,SANTA BARBARA CENTRAL III SECTOR,Pepe Sierra,2151.61,0,PARQUE METROPOLITANO EL COUNTRY,970.8,0,0.23,,1.0,0.67,0.0,,0.02,424.07,1.0
73-M3218540,APARTAMENTO,VENTA,20.64,200.0,3.0,3.0,1192000.0,2.0,SANTA BARBARA,5,MAS DE 20 ANOS,4.68,-74.05,USADO,,0,0,0,1,1,1,0,0,0,1,False,USAQUEN,RINCON DEL CHICO,Calle 100 - Marketmedios,1301.46,0,PARQUE ZONAL CANAL EL VIRREY EL CHICO,1566.8,0,0.1,,0.67,1.0,0.0,,0.02,294.47,2.0
9816-M4532729,APARTAMENTO,VENTA,20.31,110.0,2.0,2.0,1205000.0,2.0,CHICO,6,MAS DE 20 ANOS,4.68,-74.06,USADO,,0,1,0,0,1,1,0,0,0,1,False,CHAPINERO,S.C. EL CHICO,Virrey,381.88,1,PARQUE ZONAL CANAL EL VIRREY EL CHICO,302.04,1,0.18,,1.0,1.0,0.0,,0.02,278.53,1.0
350-M3824216,APARTAMENTO,VENTA,19.16,51.0,2.0,1.0,290000.0,1.0,CEDRITOS,3,MAS DE 20 ANOS,4.73,-74.03,USADO,,0,0,0,0,0,0,0,0,0,1,False,USAQUEN,BARRANCAS PERLAS DEL NORTE,Mazurén,2646.77,0,PARQUE ZONAL ALTA BLANCA,666.73,0,0.38,,0.5,2.0,0.0,,0.04,737.33,0.0
15062-M4138697,APARTAMENTO,VENTA,19.86,75.0,3.0,2.0,3921395.93,1.0,KENNEDY,3,ENTRE 0 Y 5 ANOS,4.63,-74.12,USADO,,0,0,0,1,1,0,1,0,0,1,False,KENNEDY,LA IGUALDAD,Pradera,635.78,0,PARQUE ZONAL LA IGUALDAD,453.43,1,0.26,,0.33,1.5,0.0,,0.04,1149.81,0.0
5521-M4627858,APARTAMENTO,VENTA,21.82,300.0,3.0,4.0,1450000.0,3.0,CHAPINERO ALTO,6,MAS DE 20 ANOS,4.65,-74.05,USADO,,0,1,0,1,1,0,0,0,0,1,False,CHAPINERO,S.C. LAS ACACIAS,Flores – Areandina,1401.31,0,PARQUE ZONAL GUSTAVO URIBE BOTERO,137.77,1,0.07,,1.0,0.75,0.0,,0.01,561.72,0.0
10093-M4433947,APARTAMENTO,VENTA,20.86,190.0,4.0,5.0,1450000.0,4.0,CEDRITOS,6,MAS DE 20 ANOS,4.72,-74.02,USADO,,0,1,0,0,1,1,0,0,0,1,False,USAQUEN,BOSQUE DE PINOS III,Calle 142,3113.52,0,PARQUE VECINAL NUEVA URBANIZACIÓN EL CEDRITO,1204.38,0,0.11,,1.0,0.8,0.0,,0.02,1117.79,0.0
603-M4589163,APARTAMENTO,VENTA,20.09,96.0,2.0,3.0,650000.0,2.0,COUNTRY,5,ENTRE 5 Y 10 ANOS,4.72,-74.05,USADO,,0,0,0,0,1,0,0,0,0,1,False,USAQUEN,LOS CEDROS,Alcalá,300.85,1,PARQUE VECINAL PRADO PINZÓN,875.93,0,0.21,,1.0,0.67,0.0,,0.02,241.94,1.0
16419-M4624119,APARTAMENTO,VENTA,20.12,100.87,3.0,3.0,393000.0,2.0,CEDRITOS,4,MAS DE 20 ANOS,4.72,-74.04,USADO,,0,1,0,1,1,1,0,0,0,1,False,USAQUEN,CEDRITOS,Calle 142,1566.26,0,PARQUE VECINAL NUEVA URBANIZACIÓN EL CEDRITO,443.17,1,0.2,,0.67,1.0,0.0,,0.03,258.46,1.0
73-M3610560,APARTAMENTO,VENTA,20.6,140.0,3.0,3.0,1100000.0,2.0,CHICO,6,MAS DE 20 ANOS,4.67,-74.05,USADO,,0,0,0,0,1,0,0,0,0,1,True,CHAPINERO,S.C. CHICO NORTE,Virrey,1587.22,0,PARQUE VECINAL URBANIZACIÓN LA CABRERA,657.82,0,0.15,,0.67,1.0,0.0,,0.02,563.23,0.0
771-M4371262,APARTAMENTO,VENTA,20.95,145.0,2.0,3.0,700000.0,2.0,CHAPINERO ALTO,6,MAS DE 20 ANOS,4.66,-74.05,USADO,,0,0,0,0,1,0,0,0,0,1,False,CHAPINERO,LOS ROSALES,Calle 76 - San Felipe,1399.92,0,PARQUE ZONAL SAN ANDRÉS,659.47,0,0.14,,1.0,0.67,0.0,,0.01,783.28,0.0
11013-M4688474,APARTAMENTO,VENTA,19.86,89.87,2.0,2.0,467800.0,1.0,CEDRITOS,4,ENTRE 10 Y 20 ANOS,4.72,-74.04,USADO,,0,0,0,0,1,0,0,0,0,1,False,USAQUEN,ACACIAS USAQUEN,Calle 142,1511.19,0,PARQUE VECINAL NUEVA URBANIZACIÓN EL CEDRITO,424.18,1,0.22,,0.5,1.0,0.0,,0.02,600.22,0.0
399-1390,APARTAMENTO,VENTA,20.5,142.0,3.0,3.0,680000.0,2.0,CHICO,5,MAS DE 20 ANOS,4.66,-74.06,USADO,,0,1,0,0,1,0,0,0,0,1,False,CHAPINERO,S.C. ESPARTILLAL,Calle 76 - San Felipe,485.85,1,PARQUE ZONAL SAN ANDRÉS,654.3,0,0.14,,0.67,1.0,0.0,,0.02,474.17,1.0
12500-M4727865,APARTAMENTO,VENTA,19.08,41.0,2.0,1.0,100000.0,0.0,CASTILLA MARSELLA,4,ENTRE 10 Y 20 ANOS,4.64,-74.13,USADO,,0,0,0,0,0,1,0,0,0,1,False,KENNEDY,VILLA ALSACIA CIUDADELA,Marsella,1171.69,0,PARQUE ZONAL MARSELLA,994.32,0,0.47,,0.0,2.0,0.0,,0.05,630.22,0.0
703-M4497635,APARTAMENTO,VENTA,19.45,39.0,1.0,1.0,197000.0,1.0,CENTRO Y ZONA COLONIAL,4,ENTRE 5 Y 10 ANOS,4.62,-74.08,USADO,,0,0,0,1,1,1,0,0,0,1,False,LOS MARTIRES,USATAMA,CAD,49.26,1,PARQUE METROPOLITANO EL RENACIMIENTO - PARQUE CEMENTERIO CENTRAL,936.92,0,0.5,,1.0,1.0,0.0,,0.03,1054.39,0.0
12362-M4683942,APARTAMENTO,VENTA,19.92,90.0,3.0,2.0,150000.0,2.0,COLINA Y ALREDEDORES,3,ENTRE 5 Y 10 ANOS,4.75,-74.06,USADO,,0,0,0,1,1,1,1,0,0,1,False,SUBA,S.C. PORTALES DEL NORTE,Toberin - Foundever,1631.68,0,PARQUE ZONAL SAN JOSÉ DE BAVARIA,597.41,0,0.22,,0.67,1.5,0.0,,0.03,1975.11,0.0
495-M4683785,APARTAMENTO,VENTA,19.52,73.0,3.0,2.0,319000.0,2.0,COLINA Y ALREDEDORES,4,ENTRE 10 Y 20 ANOS,4.75,-74.06,USADO,,0,1,0,0,0,1,0,0,0,1,False,SUBA,,Toberin - Foundever,1203.74,0,PARQUE ZONAL SAN JOSÉ DE BAVARIA,842.19,0,0.27,,0.67,1.5,0.0,,0.04,1826.18,0.0
2123-M3180384,APARTAMENTO,VENTA,20.58,130.0,3.0,3.0,590000.0,2.0,SANTA BARBARA,6,ENTRE 10 Y 20 ANOS,4.7,-74.03,USADO,,0,0,0,1,1,0,0,0,0,1,False,USAQUEN,BELLA SUIZA,Calle 127,2470.2,0,PARQUE METROPOLITANO EL COUNTRY,731.78,0,0.16,,0.67,1.0,0.0,,0.02,767.16,0.0
416-116048,APARTAMENTO,VENTA,19.46,29.0,1.0,1.0,175000.0,0.0,CENTRO INTERNACIONAL,4,ENTRE 0 Y 5 ANOS,4.62,-74.07,USADO,,0,0,0,1,1,0,0,0,0,0,False,SANTA FE,SAN_MARTIN,Calle 34,483.26,1,PARQUE METROPOLITANO PARQUE NACIONAL (PM2A) ENRIQUE OLAYA HERRERA (SECTOR HISTORICO),645.81,0,0.67,,0.0,1.0,0.0,,0.03,445.41,3.0
11013-M4451005,APARTAMENTO,VENTA,20.21,70.0,2.0,2.0,712000.0,1.0,CHICO,6,MAS DE 20 ANOS,4.66,-74.05,USADO,,0,0,0,0,1,0,0,0,0,1,False,CHAPINERO,S.C. EL RETIRO,Héroes - Gel´Hada,1408.4,0,PARQUE ZONAL SAN ANDRÉS,443.17,1,0.29,,0.5,1.0,0.0,,0.03,544.89,0.0
5031-M4506515,APARTAMENTO,VENTA,20.52,100.0,3.0,3.0,420000.0,1.0,NIZA ALHAMBRA,5,ENTRE 5 Y 10 ANOS,4.71,-74.08,USADO,,0,0,0,0,1,0,0,0,0,1,True,SUBA,NIZA SUR,Niza - Calle 127,651.72,0,PARQUE VECINAL AGRUPACIÓN DE VIVIENDA EN BALCON DE LINDARAJA,604.37,0,0.21,,0.33,1.0,0.0,,0.03,641.51,0.0
34-M2985430,APARTAMENTO,VENTA,20.21,88.23,3.0,2.0,327000.0,2.0,ALTOS DE SUBA Y CERROS DE SAN JORGE,6,ENTRE 5 Y 10 ANOS,4.76,-74.07,USADO,,0,1,0,0,1,0,0,0,0,1,False,SUBA,URB. DEL MONTE,Portal Norte,2579.16,0,PARQUE ZONAL SAN JOSÉ DE BAVARIA,655.71,0,0.23,,0.67,1.5,0.0,,0.03,2558.3,0.0
603-M4421090,APARTAMENTO,VENTA,20.67,150.0,3.0,3.0,1000000.0,2.0,SANTA BARBARA,4,MAS DE 20 ANOS,4.7,-74.05,USADO,,0,0,0,0,0,0,0,0,0,1,False,USAQUEN,SAN PATRICIO,Pepe Sierra,144.48,1,PARQUE ZONAL CANAL CORDOBA,1295.11,0,0.14,,0.67,1.0,0.0,,0.02,475.51,1.0
34-61106,APARTAMENTO,VENTA,21.06,231.0,4.0,5.0,1200000.0,2.0,ALTOS DE SUBA Y CERROS DE SAN JORGE,6,ENTRE 0 Y 5 ANOS,4.74,-74.08,USADO,,0,1,0,0,1,0,0,0,0,1,False,SUBA,TORRELADERA,21 Ángeles,538.74,0,PARQUE ZONAL EL TOMILLAR,501.16,0,0.09,,0.5,0.8,0.0,,0.02,1196.54,0.0
2123-1955351,APARTAMENTO,VENTA,20.82,0.0,2.0,3.0,1000000.0,3.0,SANTA BARBARA,5,ENTRE 10 Y 20 ANOS,4.69,-74.05,USADO,,0,1,0,1,1,0,0,0,0,1,False,USAQUEN,SAN PATRICIO,Calle 106,1057.19,0,PARQUE METROPOLITANO EL COUNTRY,1756.21,0,inf,,1.5,0.67,0.0,,inf,326.1,1.0
603-M4418108,APARTAMENTO,VENTA,20.56,119.0,2.0,3.0,500000.0,2.0,SANTA BARBARA,6,ENTRE 10 Y 20 ANOS,4.7,-74.05,USADO,,0,0,0,0,0,0,0,0,0,1,False,USAQUEN,SAN PATRICIO,Pepe Sierra,504.28,0,PARQUE ZONAL CANAL CORDOBA,1632.33,0,0.17,,1.0,0.67,0.0,,0.02,217.5,1.0
410-M4617978,APARTAMENTO,VENTA,19.78,65.9,3.0,2.0,397000.0,2.0,CEDRITOS,3,ENTRE 10 Y 20 ANOS,4.73,-74.04,USADO,,0,0,0,0,0,1,0,0,0,1,False,USAQUEN,LA LIBERIA,Mazurén,1355.46,0,PARQUE ZONAL LA VIDA,478.4,1,0.3,,0.67,1.5,0.0,,0.05,656.71,0.0
10159-M4564114,APARTAMENTO,VENTA,20.77,134.0,3.0,3.0,420000.0,2.0,SALITRE MODELIA,6,ENTRE 10 Y 20 ANOS,4.62,-74.09,USADO,,0,1,0,1,1,0,0,0,0,1,False,PUENTE ARANDA,CUNDINAMARCA,Paloquemao,672.12,0,PARQUE ZONAL INDUSTRIAL LOS EJIDOS,1133.2,0,0.16,,0.67,1.0,0.0,,0.02,1811.26,0.0
495-M4678030,APARTAMENTO,VENTA,20.09,93.4,3.0,2.0,658000.0,2.0,COLINA Y ALREDEDORES,4,ENTRE 5 Y 10 ANOS,4.72,-74.07,USADO,,0,0,0,1,0,0,0,0,0,1,False,SUBA,S.C. LAS VILLAS,Niza - Calle 127,369.73,1,PARQUE ZONAL LOS LACHES LA MINA,462.17,1,0.22,,0.67,1.5,0.0,,0.03,359.81,10.0
815-219,APARTAMENTO,VENTA,20.17,108.0,2.0,2.0,670000.0,1.0,CHAPINERO ALTO,6,MAS DE 20 ANOS,4.64,-74.06,USADO,2000000.0,0,0,0,0,1,0,0,0,0,1,False,CHAPINERO,S.C INGEMAR,Calle 57,894.49,0,PARQUE ZONAL GUSTAVO URIBE BOTERO,1247.25,0,0.19,18518.52,0.5,1.0,0.0,2.99,0.02,1260.45,0.0
11013-M4295717,APARTAMENTO,VENTA,20.99,198.0,3.0,3.0,983000.0,2.0,CHICO,6,MAS DE 20 ANOS,4.67,-74.05,USADO,,0,1,0,0,1,0,0,0,0,1,False,CHAPINERO,LA CABRERA,Héroes - Gel´Hada,1475.44,0,PARQUE VECINAL URBANIZACIÓN LA CABRERA,436.79,1,0.11,,0.67,1.0,0.0,,0.02,426.42,1.0
5545-M4628810,APARTAMENTO,VENTA,21.51,164.0,3.0,3.0,1000000.0,2.0,CHICO,6,ENTRE 0 Y 5 ANOS,4.67,-74.06,USADO,,0,1,0,1,1,0,0,0,0,1,False,CHAPINERO,S.C. ANTIGUO COUNTRY,Calle 85,410.7,1,PARQUE ZONAL CANAL EL VIRREY EL CHICO,255.67,1,0.13,,0.67,1.0,0.0,,0.02,224.14,2.0
73-2864401,APARTAMENTO,VENTA,20.54,147.0,3.0,3.0,990000.0,2.0,SANTA BARBARA,5,MAS DE 20 ANOS,4.69,-74.04,USADO,,0,1,0,0,1,0,0,0,0,1,False,USAQUEN,SANTA BARBARA CENTRAL I Y II,Calle 106,1682.1,0,PARQUE METROPOLITANO EL COUNTRY,1293.81,0,0.14,,0.67,1.0,0.0,,0.02,498.55,1.0
11013-M4518187,APARTAMENTO,VENTA,21.31,295.0,3.0,4.0,2700000.0,3.0,CHICO,6,ENTRE 10 Y 20 ANOS,4.68,-74.06,USADO,,0,0,0,0,0,1,0,0,0,1,False,CHAPINERO,S.C. EL CHICO,Virrey,352.09,1,PARQUE VECINAL URBANIZACIÓN NORMANDIA I II II Y IV SECTOR,275.0,1,0.07,,1.0,0.75,0.0,,0.01,467.56,2.0
4-M3896242,APARTAMENTO,VENTA,20.44,133.23,3.0,3.0,650000.0,3.0,SANTA BARBARA,6,MAS DE 20 ANOS,4.7,-74.03,USADO,,0,0,0,1,1,0,0,0,0,1,False,USAQUEN,SANTA BARBARA CENTRAL IV SECTOR,Calle 127,2327.9,0,PARQUE METROPOLITANO EL COUNTRY,777.93,0,0.15,,1.0,1.0,0.0,,0.02,354.74,1.0
5031-M4524454,APARTAMENTO,VENTA,19.6,78.0,3.0,2.0,3921395.93,1.0,ALTOS DE SUBA Y CERROS DE SAN JORGE,3,ENTRE 10 Y 20 ANOS,4.75,-74.1,USADO,,0,0,0,1,1,0,0,0,0,1,False,SUBA,PINOS DE LOMBARDIA - IMPERIAL (FINCA),Portal Suba,607.27,0,PARQUE VECINAL URBANIZACIÓN LOMBARDIA II ETAPA,653.88,0,0.25,,0.33,1.5,0.0,,0.04,312.01,1.0
2123-M4413618,APARTAMENTO,VENTA,20.29,116.0,2.0,3.0,660000.0,2.0,,6,ENTRE 10 Y 20 ANOS,4.71,-74.04,USADO,,0,0,0,1,1,1,0,0,0,1,False,USAQUEN,LA_CAROLINA,Calle 127,1694.28,0,PARQUE METROPOLITANO EL COUNTRY,144.81,1,0.17,,1.0,0.67,0.0,,0.02,441.31,1.0
2751-M4682216,APARTAMENTO,VENTA,19.92,89.0,3.0,2.0,307800.0,1.0,ORQUIDEAS,4,ENTRE 0 Y 5 ANOS,4.76,-74.03,USADO,,0,0,0,0,0,1,0,0,0,1,False,USAQUEN,SAN JOSE DE USAQUEN,Portal Norte,1562.78,0,PARQUE VECINAL URBANIZACIÓN CALLE 170 / ALAMEDA,679.05,0,0.22,,0.33,1.5,0.0,,0.03,1011.04,0.0
12500-M4677330,APARTAMENTO,VENTA,19.41,61.0,3.0,2.0,121400.0,0.0,KENNEDY,3,ENTRE 10 Y 20 ANOS,4.62,-74.13,USADO,,0,0,0,0,0,1,0,0,0,1,False,KENNEDY,HIPOTECHO OCCIDENTAL II,Marsella,859.62,0,PARQUE ZONAL LA IGUALDAD,517.39,0,0.32,,0.0,1.5,0.0,,0.05,715.62,0.0
5545-M4628901,APARTAMENTO,VENTA,19.66,71.82,3.0,2.0,321000.0,1.0,ORQUIDEAS,4,ENTRE 10 Y 20 ANOS,4.74,-74.03,USADO,,0,0,0,1,1,1,0,0,0,1,False,USAQUEN,SANTA TERESA,Toberin - Foundever,2205.69,0,PARQUE ZONAL SERVITA,360.89,1,0.27,,0.33,1.5,0.0,,0.04,1076.69,0.0
2123-M3837279,APARTAMENTO,VENTA,21.77,346.0,3.0,5.0,2500000.0,4.0,COUNTRY,6,ENTRE 10 Y 20 ANOS,4.71,-74.03,USADO,,0,1,0,1,1,0,0,0,0,0,False,USAQUEN,SAN,Prado,2852.59,0,PARQUE METROPOLITANO EL COUNTRY,1151.79,0,0.06,,1.33,0.6,0.0,,0.01,637.81,0.0
2751-M4682210,APARTAMENTO,VENTA,19.92,89.0,3.0,2.0,307800.0,1.0,ORQUIDEAS,4,ENTRE 0 Y 5 ANOS,4.76,-74.03,USADO,,0,0,0,0,0,1,0,0,0,1,False,USAQUEN,SAN JOSE DE USAQUEN,Portal Norte,1562.78,0,PARQUE VECINAL URBANIZACIÓN CALLE 170 / ALAMEDA,679.05,0,0.22,,0.33,1.5,0.0,,0.03,1011.04,0.0
350-M4256465,APARTAMENTO,VENTA,19.34,58.0,3.0,2.0,217000.0,1.0,COLINA Y ALREDEDORES,4,MAS DE 20 ANOS,4.75,-74.06,USADO,,0,0,0,1,0,1,0,0,0,1,False,SUBA,URB. PICADELLY,Toberin - Foundever,1082.06,0,PARQUE VECINAL DESARROLLO CANTALEJO URBANIZACIÓN CANTALEJO MANZANA B,475.7,1,0.33,,0.33,1.5,0.0,,0.05,1892.38,0.0
2123-M3093242,APARTAMENTO,VENTA,21.13,222.0,3.0,5.0,1015000.0,3.0,COUNTRY,5,ENTRE 10 Y 20 ANOS,4.72,-74.04,USADO,,0,0,0,1,1,0,0,0,0,1,True,USAQUEN,NUEVO COUNTRY,Alcalá,1235.81,0,PARQUE VECINAL NUEVA URBANIZACIÓN EL CEDRITO,1084.91,0,0.1,,1.0,0.6,0.0,,0.01,478.72,1.0
2529-M4496638,APARTAMENTO,VENTA,20.8,155.0,1.0,2.0,975000.0,1.0,CHICO,6,MAS DE 20 ANOS,4.67,-74.05,USADO,,0,0,0,0,1,0,0,0,0,1,False,CHAPINERO,LA CABRERA,Calle 85,1235.46,0,PARQUE VECINAL URBANIZACIÓN LA CABRERA,191.39,1,0.13,,1.0,0.5,0.0,,0.01,203.72,3.0
2123-M4429977,APARTAMENTO,VENTA,19.78,52.0,1.0,2.0,250000.0,1.0,CEDRITOS,4,ENTRE 0 Y 5 ANOS,4.72,-74.04,USADO,,0,0,0,1,0,1,0,0,0,1,False,USAQUEN,CEDRO NARVAEZ,Calle 142,1492.8,0,PARQUE VECINAL NUEVA URBANIZACIÓN EL CEDRITO,435.47,1,0.38,,1.0,0.5,0.0,,0.02,429.55,1.0
3535-M3473779,APARTAMENTO,VENTA,20.5,162.9,3.0,3.0,1180000.0,2.0,CHICO,6,MAS DE 20 ANOS,4.68,-74.05,USADO,,0,0,0,0,1,0,0,0,0,1,False,CHAPINERO,S.C. CHICO NORTE III SECTOR,Calle 100 - Marketmedios,711.21,0,PARQUE VECINAL URBANIZACIÓN NORMANDIA I II II Y IV SECTOR,831.99,0,0.13,,0.67,1.0,0.0,,0.02,232.46,3.0
953-M4408977,APARTAMENTO,VENTA,20.2,85.0,2.0,3.0,380000.0,2.0,CEDRITOS,4,ENTRE 5 Y 10 ANOS,4.72,-74.04,USADO,,0,0,0,1,1,1,0,0,0,1,False,USAQUEN,CEDRITOS,Alcalá,1418.83,0,PARQUE VECINAL NUEVA URBANIZACIÓN EL CEDRITO,649.33,0,0.24,,1.0,0.67,0.0,,0.02,163.15,1.0
5031-M4095622,APARTAMENTO,VENTA,19.76,90.0,3.0,2.0,120000.0,1.0,LA SOLEDAD,3,MAS DE 20 ANOS,4.64,-74.08,USADO,,0,0,0,0,0,0,0,0,0,1,False,TEUSAQUILLO,GALERIAS,Campín - UAN,557.38,0,PARQUE ESCENARIO DEPORTIVO EL CAMPINCITO - CEAD,570.64,0,0.22,,0.33,1.5,0.0,,0.03,83.52,1.0
10159-M4705815,APARTAMENTO,VENTA,20.56,136.76,3.0,4.0,712000.0,3.0,CERROS DE SUBA,6,MAS DE 20 ANOS,4.72,-74.08,USADO,,0,1,0,1,1,1,0,0,0,1,False,SUBA,NIZA SUBA - TORRES DEL MONTE,Suba - AV. Boyacá,345.02,1,PARQUE VECINAL AGRUPACIÓN DE VIVIENDA EN BALCON DE LINDARAJA,584.97,0,0.15,,1.0,0.75,0.0,,0.02,1013.95,0.0
10159-M4742374,APARTAMENTO,VENTA,19.75,67.0,3.0,2.0,227000.0,1.0,CASTILLA MARSELLA,4,ENTRE 10 Y 20 ANOS,4.64,-74.13,USADO,,0,0,0,1,1,1,0,0,0,1,False,KENNEDY,VILLA ALSACIA CIUDADELA,Marsella,1558.83,0,PARQUE VECINAL VILLA ALSACIA,1026.16,0,0.29,,0.33,1.5,0.0,,0.04,317.27,1.0
2266-M3802731,APARTAMENTO,VENTA,21.37,146.0,2.0,3.0,1251000.0,2.0,CHICO,6,ENTRE 0 Y 5 ANOS,4.67,-74.05,USADO,,0,1,0,1,1,0,1,0,0,1,False,CHAPINERO,LA CABRERA,Héroes - Gel´Hada,1527.43,0,PARQUE ZONAL SAN ANDRÉS,578.43,0,0.15,,1.0,0.67,0.0,,0.01,657.95,0.0
3858-M4616793,APARTAMENTO,VENTA,20.86,124.0,2.0,3.0,1190000.0,2.0,CERROS DE SUBA,6,ENTRE 10 Y 20 ANOS,4.71,-74.08,USADO,,0,1,0,1,1,1,0,0,0,1,False,SUBA,NIZA SUBA - MONTENIZA,Niza - Calle 127,1151.13,0,PARQUE METROPOLITANO CEFE COMETAS,101.38,1,0.17,,1.0,0.67,0.0,,0.02,1181.19,0.0
4278-M3654909,APARTAMENTO,VENTA,19.41,29.14,1.0,1.0,230000.0,0.0,CENTRO Y ZONA COLONIAL,2,ENTRE 0 Y 5 ANOS,4.6,-74.07,USADO,,0,0,0,0,1,0,0,0,0,1,False,CANDELARIA,LA_CONCORDIA,Las Aguas - Centro Colombo Americano,513.55,0,PARQUE ZONAL SENDERO A MONSERRATE,1042.83,0,0.67,,0.0,1.0,0.0,,0.03,382.55,5.0
73-M3547856,APARTAMENTO,VENTA,20.18,95.0,2.0,2.0,500000.0,1.0,COUNTRY,5,MAS DE 20 ANOS,4.71,-74.03,USADO,,0,0,0,0,1,0,0,0,0,1,False,USAQUEN,BELLA SUIZA,Prado,2533.58,0,PARQUE METROPOLITANO EL COUNTRY,881.62,0,0.21,,0.5,1.0,0.0,,0.02,390.03,1.0
3606-M4164670,APARTAMENTO,VENTA,19.45,61.0,3.0,2.0,320000.0,1.0,COLINA Y ALREDEDORES,4,MAS DE 20 ANOS,4.74,-74.05,USADO,,0,0,0,0,0,0,0,0,0,1,False,SUBA,MAZUREN,Mazurén,179.63,1,PARQUE VECINAL URBANIZACIÓN VICTORIA NORTE,324.33,1,0.32,,0.33,1.5,0.0,,0.05,1755.54,0.0
603-M4418293,APARTAMENTO,VENTA,20.2,118.0,3.0,3.0,834000.0,2.0,CEDRITOS,4,MAS DE 20 ANOS,4.72,-74.03,USADO,,0,0,0,0,0,0,0,0,0,1,False,USAQUEN,CEDRITOS,Alcalá,2059.04,0,PARQUE VECINAL NUEVA URBANIZACIÓN EL CEDRITO,488.95,1,0.17,,0.67,1.0,0.0,,0.03,506.56,0.0
9816-M3123572,APARTAMENTO,VENTA,20.49,133.0,3.0,4.0,815000.0,3.0,SANTA BARBARA,6,ENTRE 10 Y 20 ANOS,4.7,-74.05,USADO,,0,1,0,1,1,1,0,0,0,1,False,USAQUEN,SAN PATRICIO,Pepe Sierra,350.41,1,PARQUE ZONAL ATABANZA,1381.48,0,0.15,,1.0,0.75,0.0,,0.02,336.46,2.0
603-M4421016,APARTAMENTO,VENTA,21.06,280.0,4.0,4.0,1300000.0,3.0,COLINA Y ALREDEDORES,5,ENTRE 10 Y 20 ANOS,4.73,-74.06,USADO,,0,0,0,0,0,0,0,0,0,1,False,SUBA,IBERIA PORTOALEGRE,Gratamira,1080.37,0,PARQUE VECINAL PRADO PINZÓN,1250.58,0,0.08,,0.75,1.0,0.0,,0.01,27.4,1.0
10093-M4528416,APARTAMENTO,VENTA,21.05,215.0,4.0,5.0,700000.0,3.0,COLINA Y ALREDEDORES,5,ENTRE 10 Y 20 ANOS,4.74,-74.06,USADO,,0,1,0,0,1,1,0,0,0,1,False,SUBA,URB. LA SIRENA,Mazurén,1524.59,0,PARQUE VECINAL DESARROLLO CANTALEJO URBANIZACIÓN CANTALEJO MANZANA B,852.15,0,0.1,,0.75,0.8,0.0,,0.02,638.06,0.0
603-M4418408,APARTAMENTO,VENTA,20.18,122.0,3.0,4.0,540000.0,2.0,SANTA BARBARA,6,MAS DE 20 ANOS,4.7,-74.03,USADO,,0,0,0,0,0,1,0,0,0,1,False,USAQUEN,SANTA BARBARA CENTRAL III SECTOR,Pepe Sierra,2372.04,0,PARQUE METROPOLITANO EL COUNTRY,1055.73,0,0.17,,0.67,0.75,0.0,,0.02,204.14,4.0
14493-M4570239,APARTAMENTO,VENTA,21.37,240.0,3.0,3.0,1300000.0,4.0,COUNTRY,5,ENTRE 5 Y 10 ANOS,4.71,-74.04,USADO,,0,0,0,0,0,0,0,0,0,1,False,USAQUEN,LA_CAROLINA,Calle 127,1489.36,0,PARQUE METROPOLITANO EL COUNTRY,402.85,1,0.09,,1.33,1.0,0.0,,0.01,467.02,1.0
603-M4418189,APARTAMENTO,VENTA,20.37,111.0,2.0,3.0,790000.0,2.0,COUNTRY,5,ENTRE 5 Y 10 ANOS,4.72,-74.04,USADO,,0,1,0,1,1,0,0,0,0,1,False,USAQUEN,NUEVO COUNTRY,Alcalá,1210.51,0,PARQUE VECINAL NUEVA URBANIZACIÓN EL CEDRITO,1019.2,0,0.18,,1.0,0.67,0.0,,0.02,423.92,1.0
2398-M4205012,APARTAMENTO,VENTA,20.5,120.0,2.0,3.0,3921395.93,2.0,SANTA BARBARA,6,MAS DE 20 ANOS,4.69,-74.05,USADO,,0,0,0,0,1,0,0,0,0,1,False,USAQUEN,SAN PATRICIO,Calle 106,463.06,1,PARQUE ZONAL CANAL CORDOBA,1747.04,0,0.17,,1.0,0.67,0.0,,0.02,374.68,2.0
10093-M4404674,APARTAMENTO,VENTA,19.91,70.2,3.0,2.0,345000.0,1.0,CEDRITOS,4,ENTRE 0 Y 5 ANOS,4.73,-74.03,USADO,,0,0,0,1,1,1,1,0,0,1,False,USAQUEN,FINCA MORAGA (BARRACAS),Mazurén,2684.45,0,PARQUE ZONAL ALTA BLANCA,420.77,1,0.28,,0.33,1.5,0.0,,0.04,944.79,0.0
2751-M4673870,APARTAMENTO,VENTA,19.92,89.0,3.0,2.0,307800.0,1.0,ORQUIDEAS,4,ENTRE 0 Y 5 ANOS,4.76,-74.03,USADO,,0,0,0,0,0,1,0,0,0,1,False,USAQUEN,SAN JOSE DE USAQUEN,Portal Norte,1562.78,0,PARQUE VECINAL URBANIZACIÓN CALLE 170 / ALAMEDA,679.05,0,0.22,,0.33,1.5,0.0,,0.03,1011.04,0.0
5031-M4323382,APARTAMENTO,VENTA,19.95,84.4,3.0,2.0,3921395.93,1.0,NIZA ALHAMBRA,3,MAS DE 20 ANOS,4.71,-74.07,USADO,,0,1,0,0,1,0,0,0,0,1,True,SUBA,NIZA SUR,Niza - Calle 127,377.47,1,PARQUE ZONAL LOS LACHES LA MINA,302.65,1,0.24,,0.33,1.5,0.0,,0.04,301.85,10.0
10159-M4705821,APARTAMENTO,VENTA,20.01,71.88,3.0,2.0,465000.0,2.0,NIZA ALHAMBRA,5,ENTRE 5 Y 10 ANOS,4.7,-74.06,USADO,,0,1,0,0,1,0,0,0,0,1,False,SUBA,EL BATAN,Calle 127,392.21,1,PARQUE ZONAL ATABANZA,722.43,0,0.28,,0.67,1.5,0.0,,0.04,557.97,0.0
73-M3730621,APARTAMENTO,VENTA,21.64,364.0,4.0,5.0,1300000.0,2.0,CHICO,6,MAS DE 20 ANOS,4.68,-74.05,USADO,,0,0,0,0,0,0,0,0,0,1,False,CHAPINERO,S.C. CHICO NORTE,Virrey,1115.25,0,PARQUE ZONAL CANAL EL VIRREY EL CHICO,674.84,0,0.06,,0.5,0.8,0.0,,0.01,85.72,2.0
957-M4430974,APARTAMENTO,VENTA,20.67,167.0,3.0,4.0,947000.0,2.0,SANTA BARBARA,6,MAS DE 20 ANOS,4.7,-74.03,USADO,,0,0,0,1,1,0,0,0,0,1,False,USAQUEN,SANTA BARBARA CENTRAL II,Calle 127,2260.96,0,PARQUE METROPOLITANO EL COUNTRY,564.22,0,0.12,,0.67,0.75,0.0,,0.02,655.84,0.0
495-M4693409,APARTAMENTO,VENTA,20.56,145.0,3.0,3.0,706000.0,2.0,SANTA BARBARA,6,MAS DE 20 ANOS,4.69,-74.05,USADO,,0,0,0,0,0,0,0,0,0,1,False,USAQUEN,SAN PATRICIO,Calle 106,369.98,1,PARQUE ZONAL CANAL CORDOBA,1593.14,0,0.14,,0.67,1.0,0.0,,0.02,369.87,1.0
4660-M4635236,APARTAMENTO,VENTA,19.64,89.0,3.0,3.0,345000.0,1.0,CEDRITOS,4,MAS DE 20 ANOS,4.73,-74.04,USADO,,0,0,0,0,0,0,0,0,0,1,False,USAQUEN,CAOBOS SALAZAR,Calle 146,1348.96,0,PARQUE VECINAL NUEVA URBANIZACIÓN EL CEDRITO,713.99,0,0.22,,0.33,1.0,0.0,,0.03,645.67,0.0
2751-M4450942,APARTAMENTO,VENTA,20.09,95.45,3.0,2.0,518000.0,2.0,SANTA BARBARA,5,ENTRE 10 Y 20 ANOS,4.7,-74.05,USADO,,0,0,0,1,1,0,0,0,0,1,False,USAQUEN,SANTA BARBARA OCCIDENTAL,Calle 127,401.67,1,PARQUE ZONAL ATABANZA,1044.23,0,0.21,,0.67,1.5,0.0,,0.03,300.09,5.0
2266-M4436576,APARTAMENTO,VENTA,20.82,264.0,3.0,4.0,784000.0,2.0,COUNTRY,6,MAS DE 20 ANOS,4.71,-74.04,USADO,,0,1,0,0,1,0,0,0,0,1,False,USAQUEN,LA_CAROLINA,Calle 127,1437.84,0,PARQUE METROPOLITANO EL COUNTRY,363.87,1,0.08,,0.67,0.75,0.0,,0.01,354.9,1.0
2266-M3487528,APARTAMENTO,VENTA,20.56,160.0,3.0,4.0,917000.0,2.0,SANTA BARBARA,6,MAS DE 20 ANOS,4.69,-74.04,USADO,,0,1,0,1,1,0,0,0,0,1,False,USAQUEN,RINCON DEL CHICO,Calle 100 - Marketmedios,1590.33,0,PARQUE ZONAL CANAL EL VIRREY EL CHICO,1823.27,0,0.13,,0.67,0.75,0.0,,0.02,506.4,0.0
350-2334,APARTAMENTO,VENTA,20.42,108.15,2.0,3.0,494000.0,2.0,SANTA BARBARA,6,ENTRE 10 Y 20 ANOS,4.69,-74.05,USADO,,0,0,0,1,1,0,0,0,0,1,False,USAQUEN,SAN PATRICIO,Calle 106,803.54,0,PARQUE METROPOLITANO EL COUNTRY,1637.61,0,0.19,,1.0,0.67,0.0,,0.02,156.54,3.0
2671-M4730653,APARTAMENTO,VENTA,19.97,90.6,2.0,2.0,600000.0,2.0,NIZA ALHAMBRA,5,MAS DE 20 ANOS,4.69,-74.06,USADO,,0,0,0,0,1,0,0,0,0,1,False,SUBA,S.C. PASADENA,Suba - Calle 100,438.71,1,PARQUE ZONAL CANAL CORDOBA,1144.45,0,0.22,,1.0,1.0,0.0,,0.02,493.14,1.0
703-M3902975,APARTAMENTO,VENTA,19.72,72.46,3.0,2.0,230000.0,1.0,CEDRITOS,4,ENTRE 10 Y 20 ANOS,4.72,-74.04,USADO,,0,0,0,0,1,1,0,0,0,1,False,USAQUEN,ACACIAS USAQUEN,Calle 142,1663.97,0,PARQUE VECINAL NUEVA URBANIZACIÓN EL CEDRITO,275.36,1,0.27,,0.33,1.5,0.0,,0.04,412.58,1.0
771-M4643702,APARTAMENTO,VENTA,20.61,146.0,3.0,4.0,760000.0,3.0,COUNTRY,6,ENTRE 10 Y 20 ANOS,4.72,-74.04,USADO,,0,1,0,1,1,0,0,0,0,1,True,USAQUEN,NUEVO COUNTRY,Alcalá,1136.64,0,PARQUE VECINAL NUEVA URBANIZACIÓN EL CEDRITO,1228.33,0,0.14,,1.0,0.75,0.0,,0.02,624.94,0.0
4278-M4470486,APARTAMENTO,VENTA,19.38,29.14,1.0,1.0,230000.0,0.0,CENTRO Y ZONA COLONIAL,2,ENTRE 0 Y 5 ANOS,4.6,-74.07,USADO,,0,0,0,0,1,0,0,0,0,1,False,CANDELARIA,LA_CONCORDIA,Las Aguas - Centro Colombo Americano,513.55,0,PARQUE ZONAL SENDERO A MONSERRATE,1042.83,0,0.66,,0.0,1.0,0.0,,0.03,382.55,5.0
416-117040,APARTAMENTO,VENTA,20.61,98.0,2.0,2.0,3921395.93,2.0,SANTA BARBARA,5,ENTRE 10 Y 20 ANOS,4.7,-74.05,USADO,,0,0,0,1,1,0,0,0,0,0,False,USAQUEN,SANTA BARBARA OCCIDENTAL,Calle 127,349.86,1,PARQUE ZONAL ATABANZA,1006.28,0,0.21,,1.0,1.0,0.0,,0.02,279.92,5.0
350-M4641271,APARTAMENTO,VENTA,20.2,83.0,2.0,3.0,788000.0,2.0,CHICO,6,MAS DE 20 ANOS,4.68,-74.05,USADO,,0,0,0,0,1,0,0,0,0,1,False,CHAPINERO,S.C. CHICO NORTE III SECTOR,Calle 100 - Marketmedios,530.96,0,PARQUE VECINAL URBANIZACIÓN NORMANDIA I II II Y IV SECTOR,884.56,0,0.24,,1.0,0.67,0.0,,0.02,273.86,2.0
4796-M4022839,APARTAMENTO,VENTA,20.02,105.7,3.0,2.0,413000.0,2.0,CEDRITOS,4,MAS DE 20 ANOS,4.73,-74.05,USADO,,0,0,0,0,0,0,0,0,0,1,False,USAQUEN,LOS CAOBOS,Calle 146,472.94,1,PARQUE VECINAL PRADO PINZÓN,924.27,0,0.19,,0.67,1.5,0.0,,0.03,951.47,0.0
4796-M4007859,APARTAMENTO,VENTA,20.32,143.0,3.0,3.0,585000.0,2.0,CEDRITOS,4,ENTRE 10 Y 20 ANOS,4.73,-74.04,USADO,,0,0,0,0,1,0,0,0,0,1,False,USAQUEN,ACACIAS USAQUEN,Calle 142,1389.51,0,PARQUE VECINAL NUEVA URBANIZACIÓN EL CEDRITO,574.42,0,0.14,,0.67,1.0,0.0,,0.02,709.89,0.0
73-M4434517,APARTAMENTO,VENTA,19.52,54.0,2.0,2.0,3921395.93,1.0,NIZA ALHAMBRA,5,MAS DE 20 ANOS,4.71,-74.06,USADO,,0,1,0,0,0,1,0,0,0,1,False,SUBA,EL BATAN,Humedal Córdoba,904.1,0,PARQUE ZONAL CANAL CORDOBA,514.73,0,0.36,,0.5,1.0,0.0,,0.04,1141.56,0.0
14236-M4741237,APARTAMENTO,VENTA,20.43,106.0,3.0,3.0,434000.0,2.0,COLINA Y ALREDEDORES,4,ENTRE 0 Y 5 ANOS,4.74,-74.06,USADO,,0,1,0,1,1,1,1,0,0,1,False,SUBA,URB. VERSALLES,Mazurén,1338.11,0,PARQUE VECINAL DESARROLLO CANTALEJO URBANIZACIÓN CANTALEJO MANZANA B,558.73,0,0.19,,0.67,1.0,0.0,,0.03,937.18,0.0
10159-M4706380,APARTAMENTO,VENTA,20.56,116.0,3.0,3.0,600000.0,2.0,LA SOLEDAD,4,ENTRE 5 Y 10 ANOS,4.64,-74.07,USADO,,0,1,0,0,1,0,0,0,0,1,False,TEUSAQUILLO,GALERIAS,Campín - UAN,612.6,0,PARQUE ESCENARIO DEPORTIVO EL CAMPINCITO - CEAD,633.39,0,0.18,,0.67,1.0,0.0,,0.03,146.06,1.0
920-M3644325,APARTAMENTO,VENTA,20.39,103.0,3.0,2.0,670000.0,2.0,SANTA BARBARA,6,ENTRE 10 Y 20 ANOS,4.69,-74.04,USADO,,0,1,0,0,1,0,0,0,0,1,False,USAQUEN,SANTA BARBARA CENTRAL II SECTOR,Pepe Sierra,1756.27,0,PARQUE METROPOLITANO EL COUNTRY,1164.56,0,0.2,,0.67,1.5,0.0,,0.03,499.1,1.0
9816-3650035,APARTAMENTO,VENTA,20.54,175.0,3.0,3.0,750000.0,2.0,COUNTRY,5,ENTRE 10 Y 20 ANOS,4.71,-74.03,USADO,,0,1,0,0,1,0,0,0,0,1,False,USAQUEN,BELLA SUIZA,Prado,2412.58,0,PARQUE METROPOLITANO EL COUNTRY,867.42,0,0.12,,0.67,1.0,0.0,,0.02,231.47,1.0
15180-115465,APARTAMENTO,VENTA,19.45,27.0,1.0,1.0,323000.0,1.0,CHAPINERO ALTO,4,ENTRE 5 Y 10 ANOS,4.64,-74.06,USADO,,0,0,0,0,1,0,0,0,0,0,False,CHAPINERO,S.C. PARDO RUBIO,Marly,556.17,0,PARQUE METROPOLITANO PARQUE NACIONAL (PM2A) ENRIQUE OLAYA HERRERA (SECTOR HISTORICO),1564.71,0,0.72,,1.0,1.0,0.0,,0.04,778.93,0.0
12500-M4657598,APARTAMENTO,VENTA,19.86,95.0,4.0,3.0,317000.0,1.0,COUNTRY,4,MAS DE 20 ANOS,4.72,-74.03,USADO,,0,0,0,0,0,1,0,0,0,1,False,USAQUEN,CEDRITOS,Alcalá,2338.08,0,PARQUE VECINAL NUEVA URBANIZACIÓN EL CEDRITO,865.94,0,0.21,,0.25,1.33,0.0,,0.04,207.95,1.0
10677-M3730742,APARTAMENTO,VENTA,20.67,123.0,4.0,5.0,630000.0,2.0,SANTA BARBARA,5,ENTRE 10 Y 20 ANOS,4.7,-74.05,USADO,,0,1,0,0,1,0,0,0,0,1,False,USAQUEN,SANTA BARBARA OCCIDENTAL,Calle 127,336.24,1,PARQUE ZONAL ATABANZA,984.25,0,0.17,,0.5,0.8,0.0,,0.03,247.16,5.0
9816-M3248634,APARTAMENTO,VENTA,20.29,134.0,3.0,3.0,452000.0,2.0,COLINA Y ALREDEDORES,5,MAS DE 20 ANOS,4.73,-74.06,USADO,,0,1,0,1,1,1,0,0,0,1,False,SUBA,COLPATRIA SANTA HELENA II SECTOR,Calle 146,1244.39,0,PARQUE VECINAL URBANIZACIÓN LA LAGUNA,812.98,0,0.15,,0.67,1.0,0.0,,0.02,575.47,0.0
10159-M4706321,APARTAMENTO,VENTA,20.28,150.15,2.0,3.0,560000.0,1.0,COLINA Y ALREDEDORES,5,MAS DE 20 ANOS,4.72,-74.07,USADO,,1,1,0,0,1,1,0,0,0,1,False,SUBA,S.C. CIUDAD JARDIN NORTE,Suba - AV. Boyacá,231.41,1,PARQUE VECINAL AGRUPACIÓN DE VIVIENDA EN BALCON DE LINDARAJA,1129.47,0,0.14,,0.5,0.67,0.0,,0.01,1138.45,0.0
4796-M4586209,APARTAMENTO,VENTA,20.07,106.0,3.0,3.0,450000.0,2.0,CEDRITOS,4,MAS DE 20 ANOS,4.72,-74.03,USADO,,0,0,0,0,0,0,0,0,0,1,False,USAQUEN,LAS_ACACIAS,Calle 142,2228.29,0,PARQUE VECINAL NUEVA URBANIZACIÓN EL CEDRITO,319.95,1,0.19,,0.67,1.0,0.0,,0.03,761.98,0.0
416-118251,APARTAMENTO,VENTA,20.44,180.0,2.0,3.0,1090000.0,2.0,SANTA BARBARA,6,MAS DE 20 ANOS,4.69,-74.05,USADO,,0,1,0,0,1,0,0,0,0,0,False,USAQUEN,SANTA BIBIANA,Calle 106,586.04,0,PARQUE VECINAL URBANIZACIÓN NORMANDIA I II II Y IV SECTOR,1376.42,0,0.11,,1.0,0.67,0.0,,0.01,603.67,0.0
2671-11308,APARTAMENTO,VENTA,20.21,90.0,2.0,3.0,745400.0,2.0,SANTA BARBARA,6,ENTRE 10 Y 20 ANOS,4.69,-74.04,USADO,,0,0,0,0,1,0,0,0,0,1,False,USAQUEN,SANTA BARBARA CENTRAL II SECTOR,Pepe Sierra,1863.47,0,PARQUE METROPOLITANO EL COUNTRY,1154.0,0,0.22,,1.0,0.67,0.0,,0.02,443.64,1.0
2671-M4306994,APARTAMENTO,VENTA,21.13,246.0,3.0,4.0,1870000.0,3.0,SANTA BARBARA,6,MAS DE 20 ANOS,4.69,-74.05,USADO,,0,0,0,0,0,0,0,0,0,1,False,USAQUEN,SANTA BIBIANA,Calle 106,656.46,0,PARQUE VECINAL URBANIZACIÓN NORMANDIA I II II Y IV SECTOR,1344.45,0,0.09,,1.0,0.75,0.0,,0.01,533.38,0.0
14493-M4693033,APARTAMENTO,VENTA,20.37,83.9,2.0,2.0,578000.0,2.0,CHAPINERO ALTO,5,ENTRE 10 Y 20 ANOS,4.65,-74.05,USADO,,0,1,0,1,1,0,0,0,0,1,False,CHAPINERO,S.C. MARIA CRISTINA,Calle 63,1323.86,0,PARQUE ZONAL GUSTAVO URIBE BOTERO,410.34,1,0.24,,1.0,1.0,0.0,,0.02,660.42,0.0
635-M4198041,APARTAMENTO,VENTA,19.9,108.0,3.0,3.0,505000.0,1.0,COLINA Y ALREDEDORES,5,MAS DE 20 ANOS,4.71,-74.07,USADO,,0,0,0,0,0,1,0,0,0,1,False,SUBA,PRADO VERANIEGO SUR,Humedal Córdoba,687.59,0,PARQUE ZONAL LOS LACHES LA MINA,684.0,0,0.18,,0.33,1.0,0.0,,0.03,670.7,0.0
839-M4690398,APARTAMENTO,VENTA,19.94,77.0,3.0,2.0,3921395.93,1.0,COUNTRY,4,ENTRE 5 Y 10 ANOS,4.72,-74.03,USADO,,0,0,0,1,1,0,0,0,0,1,False,USAQUEN,LISBOA_,Alcalá,2017.43,0,PARQUE VECINAL NUEVA URBANIZACIÓN EL CEDRITO,820.4,0,0.26,,0.33,1.5,0.0,,0.04,375.71,1.0
5340-M4361344,APARTAMENTO,VENTA,20.44,117.0,3.0,3.0,650000.0,2.0,SANTA BARBARA,5,MAS DE 20 ANOS,4.69,-74.04,USADO,,0,1,0,0,0,1,0,0,0,1,False,USAQUEN,MOLINOS NORTE,Calle 106,1929.09,0,PARQUE METROPOLITANO EL COUNTRY,1377.03,0,0.17,,0.67,1.0,0.0,,0.03,241.51,1.0
703-M4352835,APARTAMENTO,VENTA,19.89,63.0,1.0,1.0,390000.0,2.0,CHAPINERO ALTO,6,ENTRE 5 Y 10 ANOS,4.64,-74.06,USADO,,0,1,0,0,1,0,0,0,0,1,False,CHAPINERO,S.C INGEMAR,Calle 57,983.83,0,PARQUE ZONAL GUSTAVO URIBE BOTERO,1095.38,0,0.32,,2.0,1.0,0.0,,0.02,1134.89,0.0
920-42150906,APARTAMENTO,VENTA,19.52,54.0,2.0,2.0,220000.0,1.0,CEDRITOS,4,MAS DE 20 ANOS,4.74,-74.04,USADO,,0,0,0,1,0,0,0,0,0,1,False,USAQUEN,VILLAS DEL MEDITERRANEO,Calle 161,1259.76,0,PARQUE ZONAL LA VIDA,79.36,1,0.36,,0.5,1.0,0.0,,0.04,991.25,0.0
11013-M4688479,APARTAMENTO,VENTA,19.99,93.95,3.0,2.0,418000.0,1.0,CEDRITOS,4,MAS DE 20 ANOS,4.73,-74.03,USADO,,0,0,0,0,0,1,0,0,0,1,False,USAQUEN,CEDRO SALAZAR,Calle 146,2565.8,0,PARQUE VECINAL NUEVA URBANIZACIÓN EL CEDRITO,830.11,0,0.21,,0.33,1.5,0.0,,0.03,704.2,0.0
2751-M4137285,APARTAMENTO,VENTA,20.07,101.0,3.0,2.0,519000.0,2.0,NIZA ALHAMBRA,5,ENTRE 0 Y 5 ANOS,4.71,-74.07,USADO,,0,0,0,0,0,0,0,0,0,1,True,SUBA,NIZA SUR,Humedal Córdoba,147.15,1,PARQUE ZONAL LOS LACHES LA MINA,576.71,0,0.2,,0.67,1.5,0.0,,0.03,573.53,0.0
920-42153170,APARTAMENTO,VENTA,20.26,138.0,4.0,3.0,768000.0,3.0,CEDRITOS,4,MAS DE 20 ANOS,4.73,-74.05,USADO,,0,0,0,0,1,0,0,0,0,1,False,USAQUEN,LOS CAOBOS,Calle 146,229.38,1,PARQUE VECINAL PRADO PINZÓN,621.13,0,0.15,,0.75,1.33,0.0,,0.03,975.85,0.0
15738-M4500950,APARTAMENTO,VENTA,21.53,149.0,2.0,3.0,1666000.0,2.0,CHICO,6,ENTRE 0 Y 5 ANOS,4.67,-74.05,USADO,,0,1,0,1,1,0,1,0,0,1,False,CHAPINERO,LA CABRERA,Héroes - Gel´Hada,1512.05,0,PARQUE ZONAL SAN ANDRÉS,566.81,0,0.14,,1.0,0.67,0.0,,0.01,642.31,0.0
414-M4601204,APARTAMENTO,VENTA,21.51,270.0,3.0,4.0,3921395.93,2.0,CHICO,6,MAS DE 20 ANOS,4.66,-74.05,USADO,,0,0,0,0,1,0,0,0,0,1,False,CHAPINERO,LOS ROSALES,Calle 72,1448.6,0,PARQUE ZONAL SAN ANDRÉS,858.93,0,0.08,,0.67,0.75,0.0,,0.01,718.07,0.0
12500-M4657593,APARTAMENTO,VENTA,20.02,109.0,3.0,2.0,811900.0,2.0,CEDRITOS,4,ENTRE 10 Y 20 ANOS,4.72,-74.03,USADO,,0,0,0,0,1,1,0,0,0,1,False,USAQUEN,CEDRO SALAZAR,Calle 142,2171.78,0,PARQUE VECINAL NUEVA URBANIZACIÓN EL CEDRITO,335.35,1,0.18,,0.67,1.5,0.0,,0.03,587.06,0.0
11013-M4292994,APARTAMENTO,VENTA,19.38,34.0,1.0,1.0,150000.0,0.0,CHAPINERO ALTO,3,ENTRE 5 Y 10 ANOS,4.65,-74.06,USADO,,0,0,0,1,1,0,0,0,0,1,False,CHAPINERO,S.C. CHAPINERO CENTRAL,Calle 63,353.49,1,PARQUE ZONAL GUSTAVO URIBE BOTERO,1159.98,0,0.57,,0.0,1.0,0.0,,0.03,689.89,0.0
504-M3733805,APARTAMENTO,VENTA,21.18,258.0,4.0,5.0,1000000.0,3.0,SANTA BARBARA,6,MAS DE 20 ANOS,4.7,-74.04,USADO,,0,1,0,0,1,1,0,0,0,1,False,USAQUEN,SANTA BARBARA CENTRAL I SECTOR,Calle 127,1871.09,0,PARQUE METROPOLITANO EL COUNTRY,488.72,1,0.08,,0.75,0.8,0.0,,0.02,535.76,0.0
120-M4264232,APARTAMENTO,VENTA,20.4,72.0,1.0,2.0,390000.0,1.0,CHAPINERO ALTO,4,ENTRE 5 Y 10 ANOS,4.64,-74.06,USADO,,0,0,0,0,0,0,0,0,0,1,False,CHAPINERO,S.C. LA SALLE,Calle 57,874.29,0,PARQUE ZONAL GUSTAVO URIBE BOTERO,977.18,0,0.28,,1.0,0.5,0.0,,0.01,936.3,0.0
5340-M3732370,APARTAMENTO,VENTA,20.29,160.0,3.0,3.0,900000.0,3.0,SANTA BARBARA,6,MAS DE 20 ANOS,4.7,-74.05,USADO,,0,1,0,0,1,1,0,0,0,1,False,USAQUEN,SAN PATRICIO,Pepe Sierra,382.16,1,PARQUE ZONAL ATABANZA,1406.03,0,0.13,,1.0,1.0,0.0,,0.02,309.0,2.0
93-M4353519,APARTAMENTO,VENTA,20.7,177.0,3.0,4.0,1250000.0,2.0,CHICO,6,MAS DE 20 ANOS,4.68,-74.05,USADO,,0,0,0,0,0,0,0,0,0,1,False,CHAPINERO,S.C. CHICO NORTE III SECTOR,Calle 100 - Marketmedios,422.9,1,PARQUE VECINAL URBANIZACIÓN NORMANDIA I II II Y IV SECTOR,812.59,0,0.12,,0.67,0.75,0.0,,0.02,246.26,2.0
11013-M4295689,APARTAMENTO,VENTA,19.61,83.35,3.0,3.0,375000.0,1.0,CEDRITOS,4,MAS DE 20 ANOS,4.72,-74.03,USADO,,0,1,0,0,0,1,0,0,0,1,False,USAQUEN,CEDRO NARVAEZ,Alcalá,1934.28,0,PARQUE VECINAL NUEVA URBANIZACIÓN EL CEDRITO,267.7,1,0.24,,0.33,1.0,0.0,,0.04,420.87,1.0
815-1247,APARTAMENTO,VENTA,21.64,250.0,3.0,5.0,1600000.0,3.0,CHICO,6,ENTRE 0 Y 5 ANOS,4.66,-74.05,USADO,,0,1,0,0,0,0,0,0,0,1,False,CHAPINERO,LOS ROSALES,Calle 76 - San Felipe,1292.63,0,PARQUE ZONAL SAN ANDRÉS,611.2,0,0.09,,1.0,0.6,0.0,,0.01,684.4,0.0
4498-1490,APARTAMENTO,VENTA,21.08,224.0,3.0,5.0,1017000.0,3.0,CERROS DE SUBA,6,ENTRE 10 Y 20 ANOS,4.73,-74.08,USADO,,0,0,0,1,1,0,0,0,0,1,False,SUBA,S.C. VEREDA SUBA NARANJOS,Gratamira,254.72,1,PARQUE VECINAL AGRUPACIÓN DE VIVIENDA EN BALCON DE LINDARAJA,1391.43,0,0.09,,1.0,0.6,0.0,,0.01,1312.47,0.0
12500-M4728320,APARTAMENTO,VENTA,19.78,85.0,2.0,3.0,556000.0,1.0,COLINA Y ALREDEDORES,5,MAS DE 20 ANOS,4.72,-74.06,USADO,,0,0,0,0,0,1,0,0,0,1,False,SUBA,SAN JOSE DEL PRADO,Alcalá,791.3,0,PARQUE VECINAL PRADO PINZÓN,520.84,0,0.23,,0.5,0.67,0.0,,0.02,484.22,1.0
73-M3629591,APARTAMENTO,VENTA,19.45,46.65,1.0,1.0,340000.0,1.0,SANTA BARBARA,6,MAS DE 20 ANOS,4.7,-74.04,USADO,,0,0,0,0,1,0,0,0,0,1,False,USAQUEN,SANTA BARBARA CENTRAL III SECTOR,Pepe Sierra,2276.1,0,PARQUE METROPOLITANO EL COUNTRY,1111.52,0,0.42,,1.0,1.0,0.0,,0.02,345.4,4.0
617-M4508102,APARTAMENTO,VENTA,20.65,112.0,3.0,2.0,725000.0,2.0,NIZA ALHAMBRA,5,ENTRE 0 Y 5 ANOS,4.69,-74.06,USADO,,0,1,0,1,1,0,0,0,0,1,False,SUBA,SANTA MARGARITA,Calle 106,390.61,1,PARQUE VECINAL URBANIZACIÓN NORMANDIA I II II Y IV SECTOR,1432.26,0,0.18,,0.67,1.5,0.0,,0.03,721.2,0.0
470-839,APARTAMENTO,VENTA,21.37,240.0,3.0,3.0,1430000.0,3.0,CHICO,6,ENTRE 10 Y 20 ANOS,4.66,-74.05,USADO,,0,1,0,1,0,0,0,0,0,1,False,CHAPINERO,LOS ROSALES,Calle 72,1345.47,0,PARQUE ZONAL SAN ANDRÉS,838.42,0,0.09,,1.0,1.0,0.0,,0.01,613.45,0.0
5031-M4506868,APARTAMENTO,VENTA,20.26,98.0,2.0,3.0,737000.0,0.0,COUNTRY,5,MAS DE 20 ANOS,4.71,-74.05,USADO,,0,0,0,0,0,1,0,0,0,1,False,USAQUEN,LA CALLEJA,Calle 127,599.34,0,PARQUE ZONAL ATABANZA,902.96,0,0.21,,0.0,0.67,0.0,,0.02,252.04,5.0
5545-M4449321,APARTAMENTO,VENTA,21.09,119.65,2.0,3.0,1072400.0,2.0,CHICO,6,ENTRE 0 Y 5 ANOS,4.68,-74.04,USADO,,0,1,0,1,1,0,0,0,0,1,False,CHAPINERO,CHICO RESERVADO,Calle 100 - Marketmedios,1804.87,0,PARQUE VECINAL URBANIZACIÓN LA CABRERA,1271.09,0,0.18,,1.0,0.67,0.0,,0.02,348.64,2.0
73-M4697686,APARTAMENTO,VENTA,21.09,211.0,4.0,3.0,1189000.0,3.0,SANTA BARBARA,4,MAS DE 20 ANOS,4.7,-74.03,USADO,,0,0,0,0,1,0,0,0,0,1,False,USAQUEN,SAN,Calle 127,2907.0,0,PARQUE METROPOLITANO EL COUNTRY,1166.15,0,0.1,,0.75,1.33,0.0,,0.02,750.23,0.0
2123-M3114398,APARTAMENTO,VENTA,21.22,200.0,3.0,5.0,1100000.0,2.0,,6,MAS DE 20 ANOS,4.7,-74.03,USADO,,0,1,0,1,1,0,0,0,0,1,False,USAQUEN,DELICIAS DEL CARMEN,Calle 127,3163.32,0,PARQUE METROPOLITANO EL COUNTRY,1423.27,0,0.11,,0.67,0.6,0.0,,0.02,1029.97,0.0
2123-2485893,APARTAMENTO,VENTA,20.25,100.0,3.0,3.0,330000.0,2.0,CEDRITOS,4,ENTRE 0 Y 5 ANOS,4.73,-74.04,USADO,,0,0,0,1,1,1,0,0,0,1,False,USAQUEN,ACACIAS USAQUEN,Calle 142,1357.95,0,PARQUE VECINAL NUEVA URBANIZACIÓN EL CEDRITO,574.06,0,0.2,,0.67,1.0,0.0,,0.03,633.01,0.0
416-117125,APARTAMENTO,VENTA,20.12,62.58,1.0,1.0,3921395.93,1.0,CHICO,6,ENTRE 10 Y 20 ANOS,4.68,-74.05,USADO,,0,0,0,1,1,0,0,0,0,0,False,CHAPINERO,CHICO RESERVADO II SECTOR,Calle 100 - Marketmedios,1388.11,0,PARQUE ZONAL CANAL EL VIRREY EL CHICO,1346.0,0,0.32,,1.0,1.0,0.0,,0.02,128.7,2.0
17-M4516612,APARTAMENTO,VENTA,20.99,110.0,2.0,3.0,600000.0,2.0,CERROS DE SUBA,6,ENTRE 5 Y 10 ANOS,4.72,-74.08,USADO,,0,0,0,1,1,1,0,0,0,1,False,SUBA,S.C. NIZA SUBA,Suba - AV. Boyacá,363.95,1,PARQUE VECINAL AGRUPACIÓN DE VIVIENDA EN BALCON DE LINDARAJA,559.49,0,0.19,,1.0,0.67,0.0,,0.02,982.45,0.0
4796-M4532304,APARTAMENTO,VENTA,19.97,97.0,3.0,3.0,624000.0,2.0,COLINA Y ALREDEDORES,5,MAS DE 20 ANOS,4.73,-74.07,USADO,,0,0,0,0,1,0,0,0,0,1,False,SUBA,COLINA CAMPESTRE III SECTOR,Gratamira,875.96,0,PARQUE ZONAL EL TOMILLAR,1432.28,0,0.21,,0.67,1.0,0.0,,0.03,253.0,2.0
3057-M4505645,APARTAMENTO,VENTA,21.25,274.0,3.0,4.0,1251000.0,4.0,ALTOS DE SUBA Y CERROS DE SAN JORGE,6,ENTRE 5 Y 10 ANOS,4.73,-74.07,USADO,,0,1,0,0,0,0,0,0,0,1,False,SUBA,S C CASABLANCA SUBA,Gratamira,674.97,0,PARQUE ZONAL EL TOMILLAR,797.57,0,0.08,,1.33,0.75,0.0,,0.01,849.83,0.0
3858-M4417187,APARTAMENTO,VENTA,20.05,86.0,3.0,2.0,312000.0,1.0,COLINA Y ALREDEDORES,4,ENTRE 5 Y 10 ANOS,4.74,-74.07,USADO,,0,0,0,1,1,1,0,0,0,1,False,SUBA,EL CORTIJO (FINCA),21 Ángeles,1326.46,0,PARQUE ZONAL EL TOMILLAR,318.48,1,0.23,,0.33,1.5,0.0,,0.03,929.51,0.0
603-M4421015,APARTAMENTO,VENTA,20.32,82.0,3.0,2.0,3921395.93,2.0,SANTA BARBARA,6,ENTRE 0 Y 5 ANOS,4.7,-74.05,USADO,,0,0,0,0,1,0,0,0,0,1,True,USAQUEN,SANTA BARBARA OCCIDENTAL,Pepe Sierra,358.8,1,PARQUE ZONAL ATABANZA,1001.47,0,0.25,,0.67,1.5,0.0,,0.04,460.99,3.0
603-M4418063,APARTAMENTO,VENTA,20.11,105.0,3.0,4.0,600000.0,2.0,SANTA BARBARA,6,MAS DE 20 ANOS,4.7,-74.05,USADO,,0,0,0,0,1,1,0,0,0,1,True,USAQUEN,SANTA BARBARA OCCIDENTAL,Calle 127,1013.49,0,PARQUE METROPOLITANO EL COUNTRY,847.92,0,0.19,,0.67,0.75,0.0,,0.03,438.45,2.0
14236-M4435261,APARTAMENTO,VENTA,21.51,266.0,5.0,5.0,1700000.0,4.0,,5,ENTRE 10 Y 20 ANOS,4.72,-74.07,USADO,,0,0,0,1,0,0,1,0,0,1,False,SUBA,S.C. LAS VILLAS,Suba - AV. Boyacá,450.18,1,PARQUE ZONAL LOS LACHES LA MINA,745.96,0,0.08,,0.8,1.0,0.0,,0.02,657.75,0.0
2751-M4682218,APARTAMENTO,VENTA,19.92,89.0,3.0,2.0,307800.0,1.0,ORQUIDEAS,4,ENTRE 0 Y 5 ANOS,4.76,-74.03,USADO,,0,0,0,0,0,1,0,0,0,1,False,USAQUEN,SAN JOSE DE USAQUEN,Portal Norte,1562.78,0,PARQUE VECINAL URBANIZACIÓN CALLE 170 / ALAMEDA,679.05,0,0.22,,0.33,1.5,0.0,,0.03,1011.04,0.0
15180-M4553932,APARTAMENTO,VENTA,19.57,77.0,4.0,3.0,293000.0,1.0,,4,MAS DE 20 ANOS,4.74,-74.04,USADO,,0,1,0,0,0,0,0,0,0,0,False,USAQUEN,JARDINES DE ORIENTE,Calle 161,660.77,0,PARQUE VECINAL DESARROLLO ESTRELLA DEL NORTE,252.2,1,0.25,,0.25,1.33,0.0,,0.05,1270.68,0.0
920-M4742506,APARTAMENTO,VENTA,19.81,86.0,2.0,2.0,65000.0,0.0,CHAPINERO ALTO,3,MAS DE 20 ANOS,4.65,-74.06,USADO,,0,0,0,0,0,0,0,0,0,1,False,CHAPINERO,S.C. CHAPINERO CENTRAL,Calle 63,455.57,1,PARQUE ZONAL GUSTAVO URIBE BOTERO,1056.65,0,0.23,,0.0,1.0,0.0,,0.02,703.04,0.0
15180-M4549170,APARTAMENTO,VENTA,19.51,59.0,2.0,1.0,352000.0,1.0,,4,MAS DE 20 ANOS,4.72,-74.03,USADO,,0,0,0,0,0,0,0,0,0,0,False,USAQUEN,CEDRITOS,Alcalá,2003.12,0,PARQUE VECINAL NUEVA URBANIZACIÓN EL CEDRITO,435.93,1,0.33,,0.5,2.0,0.0,,0.03,451.51,1.0
614-M4147740,APARTAMENTO,VENTA,19.66,76.0,3.0,2.0,305000.0,2.0,CEDRITOS,4,MAS DE 20 ANOS,4.73,-74.04,USADO,,0,0,0,0,0,0,0,0,0,1,False,USAQUEN,ACACIAS USAQUEN,Calle 142,1058.08,0,PARQUE VECINAL NUEVA URBANIZACIÓN EL CEDRITO,876.89,0,0.26,,0.67,1.5,0.0,,0.04,806.02,0.0
2751-M4682213,APARTAMENTO,VENTA,19.92,89.0,3.0,2.0,307800.0,1.0,ORQUIDEAS,4,ENTRE 0 Y 5 ANOS,4.76,-74.03,USADO,,0,0,0,0,0,1,0,0,0,1,False,USAQUEN,SAN JOSE DE USAQUEN,Portal Norte,1562.78,0,PARQUE VECINAL URBANIZACIÓN CALLE 170 / ALAMEDA,679.05,0,0.22,,0.33,1.5,0.0,,0.03,1011.04,0.0
12500-M4677518,APARTAMENTO,VENTA,19.36,60.0,3.0,2.0,232000.0,1.0,ORQUIDEAS,4,MAS DE 20 ANOS,4.74,-74.03,USADO,,0,0,0,0,0,1,0,0,0,1,False,USAQUEN,SANTA TERESA,Toberin - Foundever,2055.3,0,PARQUE ZONAL SERVITA,470.79,1,0.32,,0.33,1.5,0.0,,0.05,976.15,0.0
10484-M4631371,APARTAMENTO,VENTA,21.31,217.0,3.0,4.0,1250000.0,3.0,CHAPINERO ALTO,6,ENTRE 5 Y 10 ANOS,4.64,-74.06,USADO,,0,1,0,1,1,1,0,0,0,1,False,CHAPINERO,S.C INGEMAR,Calle 57,967.45,0,PARQUE ZONAL GUSTAVO URIBE BOTERO,1449.8,0,0.1,,1.0,0.75,0.0,,0.01,1130.16,0.0
12500-M4677137,APARTAMENTO,VENTA,19.85,68.0,2.0,2.0,220000.0,1.0,NIZA ALHAMBRA,5,ENTRE 0 Y 5 ANOS,4.71,-74.06,USADO,,0,0,0,0,1,1,0,0,0,1,False,SUBA,EL BATAN,Calle 127,342.25,1,PARQUE ZONAL ATABANZA,377.22,1,0.29,,0.5,1.0,0.0,,0.03,482.37,3.0
4660-M4724875,APARTAMENTO,VENTA,19.86,57.0,1.0,2.0,291000.0,1.0,NIZA ALHAMBRA,4,ENTRE 5 Y 10 ANOS,4.69,-74.06,USADO,,0,0,0,0,1,0,0,0,0,1,False,SUBA,S.C. PASADENA,Suba - Calle 100,406.48,1,PARQUE ZONAL CANAL CORDOBA,1251.17,0,0.35,,1.0,0.5,0.0,,0.02,404.74,1.0
2214-M4562484,APARTAMENTO,VENTA,20.68,140.0,3.0,1.0,1300000.0,2.0,CHICO,6,MAS DE 20 ANOS,4.66,-74.05,USADO,,0,0,0,0,0,0,0,0,0,1,False,CHAPINERO,LOS ROSALES,Calle 72,1547.87,0,PARQUE ZONAL GUSTAVO URIBE BOTERO,723.96,0,0.15,,0.67,3.0,0.0,,0.02,796.3,0.0
2214-M4561628,APARTAMENTO,VENTA,21.09,300.0,4.0,1.0,2000000.0,1.0,CERROS DE SUBA,6,ENTRE 10 Y 20 ANOS,4.71,-74.08,USADO,,0,0,0,0,0,0,0,0,0,1,False,SUBA,URB. LAS PLEYADES,Niza - Calle 127,1123.72,0,PARQUE METROPOLITANO CEFE COMETAS,459.7,1,0.07,,0.25,4.0,0.0,,0.01,1110.41,0.0
2214-M4561833,APARTAMENTO,VENTA,21.13,195.0,3.0,1.0,1400000.0,3.0,COUNTRY,6,ENTRE 10 Y 20 ANOS,4.71,-74.03,USADO,,0,1,0,1,0,0,0,0,0,1,False,USAQUEN,BOSQUES DE MEDINA,Prado,3081.8,0,PARQUE METROPOLITANO EL COUNTRY,1625.85,0,0.11,,1.0,3.0,0.0,,0.02,724.08,0.0
603-M4418115,APARTAMENTO,VENTA,21.47,287.67,4.0,5.0,2000000.0,4.0,COUNTRY,6,MAS DE 20 ANOS,4.71,-74.04,USADO,,0,0,0,0,0,1,0,0,0,1,False,USAQUEN,LA_CAROLINA,Calle 127,1473.84,0,PARQUE METROPOLITANO EL COUNTRY,330.95,1,0.07,,1.0,0.8,0.0,,0.01,359.69,1.0
603-M4418245,APARTAMENTO,VENTA,20.39,112.0,3.0,3.0,980000.0,2.0,SANTA BARBARA,6,ENTRE 10 Y 20 ANOS,4.7,-74.05,USADO,,0,0,0,0,1,1,0,0,0,1,True,USAQUEN,SANTA BARBARA OCCIDENTAL,Calle 127,176.49,1,PARQUE ZONAL ATABANZA,815.03,0,0.18,,0.67,1.0,0.0,,0.03,95.73,5.0
603-M4418226,APARTAMENTO,VENTA,20.02,101.0,5.0,3.0,443000.0,2.0,CEDRITOS,4,MAS DE 20 ANOS,4.72,-74.03,USADO,,0,0,0,0,0,0,0,0,0,1,False,USAQUEN,CEDRO SALAZAR,Calle 146,2719.95,0,PARQUE VECINAL NUEVA URBANIZACIÓN EL CEDRITO,855.38,0,0.2,,0.4,1.67,0.0,,0.05,918.85,0.0
771-M4436954,APARTAMENTO,VENTA,19.99,82.0,3.0,2.0,355000.0,1.0,,4,ENTRE 10 Y 20 ANOS,4.73,-74.04,USADO,,0,0,0,1,1,0,0,0,0,1,False,USAQUEN,LOS CEDRITOS,Calle 146,720.91,0,PARQUE VECINAL PRADO PINZÓN,1110.35,0,0.24,,0.33,1.5,0.0,,0.04,894.39,0.0
73-M3300051,APARTAMENTO,VENTA,21.37,316.0,4.0,5.0,2900000.0,4.0,SANTA BARBARA,5,MAS DE 20 ANOS,4.69,-74.06,USADO,,0,1,0,0,0,0,0,0,0,1,False,USAQUEN,SANTA BIBIANA,Calle 100 - Marketmedios,540.74,0,PARQUE VECINAL URBANIZACIÓN NORMANDIA I II II Y IV SECTOR,1260.09,0,0.07,,1.0,0.8,0.0,,0.01,679.81,0.0
3606-M3446324,APARTAMENTO,VENTA,20.5,115.0,3.0,3.0,717000.0,2.0,CHICO,5,MAS DE 20 ANOS,4.66,-74.05,USADO,,0,1,0,1,1,1,0,0,0,1,False,CHAPINERO,S.C. EL NOGAL,Calle 72,1008.6,0,PARQUE ZONAL SAN ANDRÉS,689.94,0,0.18,,0.67,1.0,0.0,,0.03,345.78,3.0
4796-M3975568,APARTAMENTO,VENTA,20.0,75.03,1.0,2.0,3921395.93,2.0,CEDRITOS,4,ENTRE 5 Y 10 ANOS,4.73,-74.04,USADO,,0,0,0,1,1,0,0,0,0,1,False,USAQUEN,LOS CEDRITOS,Calle 142,832.36,0,PARQUE VECINAL NUEVA URBANIZACIÓN EL CEDRITO,1123.37,0,0.27,,2.0,0.5,0.0,,0.01,842.65,0.0
11013-M4292993,APARTAMENTO,VENTA,19.38,34.0,1.0,1.0,150000.0,0.0,CHAPINERO ALTO,3,ENTRE 5 Y 10 ANOS,4.65,-74.06,USADO,,0,0,0,1,1,0,0,0,0,1,False,CHAPINERO,S.C. CHAPINERO CENTRAL,Calle 63,353.49,1,PARQUE ZONAL GUSTAVO URIBE BOTERO,1159.98,0,0.57,,0.0,1.0,0.0,,0.03,689.89,0.0
350-M4703900,APARTAMENTO,VENTA,19.43,53.65,3.0,2.0,220000.0,1.0,170 Y ALREDORES,3,ENTRE 10 Y 20 ANOS,4.77,-74.05,USADO,,0,0,0,0,0,1,0,0,0,1,False,SUBA,URB. SAN PEDRO,Terminal,608.6,0,PARQUE VECINAL URBANIZACIÓN VILANOVA,480.92,1,0.36,,0.33,1.5,0.0,,0.06,705.8,0.0
4796-M3870486,APARTAMENTO,VENTA,19.49,63.0,3.0,2.0,3921395.93,1.0,CEDRITOS,4,MAS DE 20 ANOS,4.73,-74.03,USADO,,0,0,0,0,0,1,0,0,0,1,False,USAQUEN,CEDRO SALAZAR,Calle 146,2456.64,0,PARQUE VECINAL NUEVA URBANIZACIÓN EL CEDRITO,735.31,0,0.31,,0.33,1.5,0.0,,0.05,609.39,0.0
12500-M4703472,APARTAMENTO,VENTA,20.71,151.0,3.0,3.0,600000.0,1.0,SANTA BARBARA,6,MAS DE 20 ANOS,4.69,-74.05,USADO,,0,0,0,0,1,1,0,0,0,1,False,USAQUEN,SAN PATRICIO,Calle 106,802.98,0,PARQUE METROPOLITANO EL COUNTRY,1801.09,0,0.14,,0.33,1.0,0.0,,0.02,252.23,2.0
11013-M4612756,APARTAMENTO,VENTA,20.13,115.0,2.0,2.0,800000.0,1.0,,6,MAS DE 20 ANOS,4.69,-74.04,USADO,,0,0,0,0,1,0,0,0,0,1,False,USAQUEN,RINCON DEL CHICO,Calle 100 - Marketmedios,1425.41,0,PARQUE ZONAL CANAL EL VIRREY EL CHICO,1720.9,0,0.18,,0.5,1.0,0.0,,0.02,446.96,1.0
416-M4151018,APARTAMENTO,VENTA,19.34,78.0,3.0,2.0,86000.0,1.0,,3,MAS DE 20 ANOS,4.72,-74.12,USADO,,0,0,0,0,0,0,0,0,0,0,False,ENGATIVA,RINCON DE SAN IGNACIO,Portal 80,1278.69,0,PARQUE ZONAL VILLAS DE GRANADA,283.36,1,0.25,,0.33,1.5,0.0,,0.04,1067.16,0.0
9816-M4413293,APARTAMENTO,VENTA,20.46,87.0,2.0,3.0,887000.0,2.0,CHICO,6,ENTRE 0 Y 5 ANOS,4.68,-74.06,USADO,,0,0,0,1,1,1,0,0,0,1,False,CHAPINERO,S.C. CHICO NORTE III SECTOR,Calle 100 - Marketmedios,252.17,1,PARQUE VECINAL URBANIZACIÓN NORMANDIA I II II Y IV SECTOR,556.37,0,0.24,,1.0,0.67,0.0,,0.02,317.85,1.0
12375-M4350548,APARTAMENTO,VENTA,20.41,165.0,3.0,4.0,1500000.0,2.0,SANTA BARBARA,6,MAS DE 20 ANOS,4.7,-74.04,USADO,,0,1,0,0,1,0,0,0,0,1,False,USAQUEN,SANTA BARBARA CENTRAL I SECTOR,Calle 127,1904.76,0,PARQUE METROPOLITANO EL COUNTRY,599.32,0,0.12,,0.67,0.75,0.0,,0.02,607.87,0.0
350-M3663499,APARTAMENTO,VENTA,19.88,117.41,3.0,2.0,418000.0,1.0,NIZA ALHAMBRA,4,MAS DE 20 ANOS,4.71,-74.08,USADO,,0,0,0,0,0,1,0,0,0,1,True,SUBA,NIZA SUR,Niza - Calle 127,744.4,0,PARQUE ZONAL LOS LACHES LA MINA,714.27,0,0.17,,0.33,1.5,0.0,,0.03,714.33,0.0
11203-M4596426,APARTAMENTO,VENTA,21.12,200.0,4.0,5.0,1132000.0,3.0,COUNTRY,6,ENTRE 10 Y 20 ANOS,4.71,-74.04,USADO,,0,1,0,1,1,0,0,0,0,1,False,USAQUEN,LA_CAROLINA,Calle 127,1589.64,0,PARQUE METROPOLITANO EL COUNTRY,170.05,1,0.11,,0.75,0.8,0.0,,0.02,325.14,1.0
5175-M4693136,APARTAMENTO,VENTA,20.38,139.0,3.0,3.0,695000.0,2.0,COLINA Y ALREDEDORES,5,ENTRE 10 Y 20 ANOS,4.72,-74.08,USADO,,0,0,0,1,1,0,0,0,0,1,False,SUBA,NIZA NORTE - URB. TUMANACO,Suba - AV. Boyacá,375.08,1,PARQUE VECINAL AGRUPACIÓN DE VIVIENDA EN BALCON DE LINDARAJA,637.81,0,0.15,,0.67,1.0,0.0,,0.02,770.43,0.0
346-M4354355,APARTAMENTO,VENTA,21.25,246.0,3.0,4.0,1815000.0,3.0,CHICO,6,MAS DE 20 ANOS,4.68,-74.04,USADO,,0,1,0,0,1,0,0,0,0,1,False,CHAPINERO,CHICO NORTE - URB. LA GRAN VIA,Calle 100 - Marketmedios,2119.35,0,PARQUE VECINAL URBANIZACIÓN LA CABRERA,1597.41,0,0.09,,1.0,0.75,0.0,,0.01,269.65,1.0
342-M4695120,APARTAMENTO,VENTA,20.99,172.0,3.0,3.0,850000.0,3.0,ALTOS DE SUBA Y CERROS DE SAN JORGE,6,ENTRE 5 Y 10 ANOS,4.74,-74.08,USADO,,0,1,0,1,0,0,0,0,0,1,False,SUBA,ALTAMIRA,21 Ángeles,1062.33,0,PARQUE ZONAL EL TOMILLAR,364.15,1,0.12,,1.0,1.0,0.0,,0.02,1434.94,0.0
771-M4371588,APARTAMENTO,VENTA,21.06,225.0,3.0,5.0,1300000.0,3.0,CHICO,6,MAS DE 20 ANOS,4.66,-74.05,USADO,,0,1,0,0,1,0,0,0,0,1,False,CHAPINERO,LOS ROSALES,Calle 72,1578.93,0,PARQUE ZONAL GUSTAVO URIBE BOTERO,758.3,0,0.09,,1.0,0.6,0.0,,0.01,827.83,0.0
771-M4371275,APARTAMENTO,VENTA,19.52,35.5,1.0,1.0,365800.0,0.0,,4,ENTRE 0 Y 5 ANOS,4.66,-74.06,USADO,,0,0,0,1,1,0,1,0,0,1,False,CHAPINERO,S.C. QUINTA CAMACHO,Flores – Areandina,335.01,1,PARQUE ZONAL GUSTAVO URIBE BOTERO,995.78,0,0.55,,0.0,1.0,0.0,,0.03,316.47,4.0
59-M4359313,APARTAMENTO,VENTA,19.91,84.84,2.0,2.0,699900.0,2.0,SANTA BARBARA,6,MAS DE 20 ANOS,4.7,-74.04,USADO,,0,0,0,0,1,0,0,0,0,1,False,USAQUEN,SANTA BARBARA CENTRAL II SECTOR,Pepe Sierra,2041.5,0,PARQUE METROPOLITANO EL COUNTRY,945.11,0,0.23,,1.0,1.0,0.0,,0.02,534.64,0.0
495-M4318829,APARTAMENTO,VENTA,21.12,142.0,2.0,3.0,1300000.0,2.0,CHICO,6,ENTRE 10 Y 20 ANOS,4.67,-74.05,USADO,,0,1,0,0,1,0,0,0,0,1,False,CHAPINERO,S.C. EL CHICO,Virrey,1372.27,0,PARQUE VECINAL URBANIZACIÓN LA CABRERA,491.79,1,0.15,,1.0,0.67,0.0,,0.01,400.99,2.0
2266-M3487476,APARTAMENTO,VENTA,20.77,164.0,3.0,3.0,1081000.0,2.0,CHAPINERO ALTO,6,MAS DE 20 ANOS,4.65,-74.05,USADO,,0,1,0,1,1,0,0,0,0,1,False,CHAPINERO,S.C. LAS ACACIAS,Flores – Areandina,1430.14,0,PARQUE ZONAL GUSTAVO URIBE BOTERO,136.25,1,0.13,,0.67,1.0,0.0,,0.02,587.8,0.0
2266-M3641559,APARTAMENTO,VENTA,21.53,153.0,3.0,4.0,1512000.0,2.0,CHICO,6,ENTRE 0 Y 5 ANOS,4.67,-74.05,USADO,,0,1,0,1,1,1,1,0,0,1,False,CHAPINERO,LA CABRERA,Héroes - Gel´Hada,1527.43,0,PARQUE ZONAL SAN ANDRÉS,578.43,0,0.14,,0.67,0.75,0.0,,0.02,657.95,0.0
4660-M4635246,APARTAMENTO,VENTA,19.75,52.0,1.0,2.0,530000.0,1.0,CHAPINERO ALTO,4,MAS DE 20 ANOS,4.65,-74.06,USADO,,0,0,0,0,0,0,0,0,0,1,True,CHAPINERO,S.C. CHAPINERO NORTE,Flores – Areandina,376.94,1,PARQUE ZONAL GUSTAVO URIBE BOTERO,1065.59,0,0.38,,1.0,0.5,0.0,,0.02,171.59,1.0
11013-M4593853,APARTAMENTO,VENTA,21.49,215.52,3.0,4.0,1600000.0,3.0,SANTA BARBARA,6,MAS DE 20 ANOS,4.69,-74.03,USADO,,0,0,0,0,0,1,0,0,0,1,False,USAQUEN,CERROS DE SANTA BARBARA,Pepe Sierra,2860.86,0,PARQUE METROPOLITANO EL COUNTRY,1576.55,0,0.1,,1.0,0.75,0.0,,0.01,232.9,4.0
771-M4370851,APARTAMENTO,VENTA,21.02,209.0,3.0,3.0,1390000.0,4.0,SANTA BARBARA,6,ENTRE 10 Y 20 ANOS,4.69,-74.06,USADO,,0,0,0,0,0,0,0,0,0,1,False,USAQUEN,SANTA BIBIANA,Calle 106,356.36,1,PARQUE VECINAL URBANIZACIÓN NORMANDIA I II II Y IV SECTOR,1473.42,0,0.1,,1.33,1.0,0.0,,0.01,838.36,0.0
3229-M3867084,APARTAMENTO,VENTA,20.57,105.0,2.0,3.0,3921395.93,2.0,SANTA BARBARA,5,ENTRE 0 Y 5 ANOS,4.69,-74.04,USADO,,1,1,0,1,1,1,0,0,0,1,False,USAQUEN,SANTA BARBARA CENTRAL II SECTOR,Pepe Sierra,1889.57,0,PARQUE METROPOLITANO EL COUNTRY,1158.74,0,0.2,,1.0,0.67,0.0,,0.02,428.65,1.0
12511-M4689053,APARTAMENTO,VENTA,21.09,248.0,3.0,4.0,1113000.0,2.0,COUNTRY,6,MAS DE 20 ANOS,4.71,-74.04,USADO,,0,1,0,1,1,0,0,0,0,1,False,USAQUEN,PLENITUD LA CALLEJA,Calle 127,1204.79,0,PARQUE METROPOLITANO EL COUNTRY,631.91,0,0.09,,0.67,0.75,0.0,,0.01,485.75,1.0
771-M4371306,APARTAMENTO,VENTA,20.34,97.0,3.0,3.0,880000.0,2.0,SANTA BARBARA,5,MAS DE 20 ANOS,4.7,-74.05,USADO,,0,0,0,0,1,0,0,0,0,1,False,USAQUEN,SANTA BARBARA OCCIDENTAL,Calle 127,750.17,0,PARQUE METROPOLITANO EL COUNTRY,1084.78,0,0.21,,0.67,1.0,0.0,,0.03,470.84,1.0
16039-M4360656,APARTAMENTO,VENTA,21.56,270.0,5.0,5.0,950000.0,3.0,SALITRE MODELIA,5,ENTRE 10 Y 20 ANOS,4.65,-74.11,USADO,,0,1,0,1,1,0,0,0,0,1,False,FONTIBON,CIUDAD SALITRE OCCIDENTAL,El Tiempo - Maloka,402.86,1,PARQUE ZONAL SAUZALITO,549.26,0,0.08,,0.6,1.0,0.0,,0.02,262.75,4.0
73-M4646439,APARTAMENTO,VENTA,20.29,59.0,1.0,1.0,650000.0,2.0,CHICO,6,ENTRE 10 Y 20 ANOS,4.67,-74.05,USADO,,0,0,0,0,1,0,0,0,0,1,False,CHAPINERO,S.C. EL CHICO,Calle 85,1290.49,0,PARQUE VECINAL URBANIZACIÓN LA CABRERA,335.33,1,0.34,,2.0,1.0,0.0,,0.02,245.31,1.0
11013-M4432488,APARTAMENTO,VENTA,21.25,257.14,3.0,4.0,1549000.0,3.0,SANTA BARBARA,6,ENTRE 10 Y 20 ANOS,4.69,-74.04,USADO,,0,0,0,0,0,0,0,0,0,1,False,USAQUEN,SANTA BARBARA CENTRAL I Y II,Calle 106,1682.1,0,PARQUE METROPOLITANO EL COUNTRY,1293.81,0,0.08,,1.0,0.75,0.0,,0.01,498.55,1.0
4498-M3355681,APARTAMENTO,VENTA,21.07,278.0,3.0,5.0,1575000.0,4.0,SANTA BARBARA,6,MAS DE 20 ANOS,4.7,-74.05,USADO,,0,0,0,1,0,0,0,0,0,1,False,USAQUEN,SAN PATRICIO,Pepe Sierra,144.48,1,PARQUE ZONAL CANAL CORDOBA,1295.11,0,0.08,,1.33,0.6,0.0,,0.01,475.51,1.0
34-63918,APARTAMENTO,VENTA,20.82,232.95,4.0,4.0,1075000.0,3.0,SANTA BARBARA,6,MAS DE 20 ANOS,4.69,-74.06,USADO,,0,1,0,0,1,0,0,0,0,1,False,USAQUEN,SANTA BIBIANA,Calle 100 - Marketmedios,444.37,1,PARQUE VECINAL URBANIZACIÓN NORMANDIA I II II Y IV SECTOR,1164.81,0,0.09,,0.75,1.0,0.0,,0.02,664.59,0.0
350-M4583653,APARTAMENTO,VENTA,19.16,50.58,3.0,1.0,3921395.93,0.0,PUENTE ARANDA,3,MAS DE 20 ANOS,4.6,-74.12,USADO,,0,0,0,0,0,0,0,0,0,1,False,PUENTE ARANDA,AUTOPISTA SUR,NQS - Calle 38A S,813.3,0,PARQUE METROPOLITANO SANTA LUCIA,425.66,1,0.38,,0.0,3.0,0.0,,0.06,960.71,0.0
2398-M4483014,APARTAMENTO,VENTA,19.38,54.26,3.0,2.0,3921395.93,1.0,ENGATIVA,3,MAS DE 20 ANOS,4.68,-74.1,USADO,,0,0,0,0,0,0,0,0,0,1,False,ENGATIVA,EL REAL,Minuto de Dios,1941.14,0,PARQUE VECINAL URBANIZACIÓN LA EUROPA,421.0,1,0.36,,0.33,1.5,0.0,,0.06,1461.65,0.0
661-M4180109,APARTAMENTO,VENTA,21.22,270.0,5.0,4.0,3921395.93,3.0,COUNTRY,6,MAS DE 20 ANOS,4.71,-74.04,USADO,,0,1,0,0,1,0,0,0,0,1,False,USAQUEN,LA_CAROLINA,Prado,1449.35,0,PARQUE METROPOLITANO EL COUNTRY,518.62,0,0.08,,0.6,1.25,0.0,,0.02,597.2,0.0
346-M4251525,APARTAMENTO,VENTA,20.57,127.0,3.0,3.0,350000.0,3.0,COLINA Y ALREDEDORES,5,ENTRE 0 Y 5 ANOS,4.74,-74.06,USADO,,0,1,0,0,1,0,0,0,0,1,False,SUBA,URB. LA SIRENA,Gratamira,1516.25,0,PARQUE VECINAL DESARROLLO CANTALEJO URBANIZACIÓN CANTALEJO MANZANA B,1049.86,0,0.16,,1.0,1.0,0.0,,0.02,440.47,1.0
73-M3344565,APARTAMENTO,VENTA,20.67,133.0,2.0,3.0,1000000.0,2.0,CHICO,6,MAS DE 20 ANOS,4.65,-74.05,USADO,,0,0,0,0,1,0,0,0,0,1,False,CHAPINERO,S.C. BELLAVISTA,Flores – Areandina,1458.61,0,PARQUE ZONAL GUSTAVO URIBE BOTERO,359.86,1,0.16,,1.0,0.67,0.0,,0.02,662.49,0.0
771-M4371177,APARTAMENTO,VENTA,20.95,205.0,4.0,3.0,1230000.0,2.0,CEDRITOS,6,MAS DE 20 ANOS,4.73,-74.02,USADO,,0,0,0,0,0,1,0,0,0,1,False,USAQUEN,CERROS NORTE,Calle 161,3330.41,0,PARQUE ZONAL ALTA BLANCA,1084.83,0,0.1,,0.5,1.33,0.0,,0.02,1565.74,0.0
771-M4370898,APARTAMENTO,VENTA,20.61,130.0,3.0,4.0,680000.0,2.0,COUNTRY,5,ENTRE 10 Y 20 ANOS,4.71,-74.05,USADO,,0,0,0,1,1,0,0,0,0,1,False,USAQUEN,LA CALLEJA,Calle 127,360.37,1,PARQUE ZONAL ATABANZA,715.16,0,0.16,,0.67,0.75,0.0,,0.02,11.19,5.0
73-M4573614,APARTAMENTO,VENTA,21.39,246.67,3.0,4.0,956000.0,4.0,SANTA BARBARA,6,ENTRE 10 Y 20 ANOS,4.69,-74.05,USADO,,0,0,0,0,1,0,0,0,0,1,False,USAQUEN,SANTA BIBIANA,Calle 106,604.28,0,PARQUE VECINAL URBANIZACIÓN NORMANDIA I II II Y IV SECTOR,1298.23,0,0.09,,1.33,0.75,0.0,,0.01,600.84,0.0
3229-M3549321,APARTAMENTO,VENTA,20.65,175.0,3.0,3.0,900000.0,2.0,SANTA BARBARA,6,MAS DE 20 ANOS,4.68,-74.04,USADO,,0,1,0,1,1,0,0,0,0,1,False,USAQUEN,RINCON DEL CHICO,Calle 100 - Marketmedios,1472.27,0,PARQUE ZONAL CANAL EL VIRREY EL CHICO,1620.47,0,0.12,,0.67,1.0,0.0,,0.02,322.52,2.0
603-M4513420,APARTAMENTO,VENTA,19.78,70.0,2.0,2.0,300000.0,1.0,CHAPINERO ALTO,4,ENTRE 5 Y 10 ANOS,4.65,-74.06,USADO,,0,0,0,0,0,1,0,0,0,1,False,CHAPINERO,S.C. MARIA CRISTINA,Calle 63,994.46,0,PARQUE ZONAL GUSTAVO URIBE BOTERO,582.82,0,0.28,,0.5,1.0,0.0,,0.03,575.68,0.0
10093-M4726927,APARTAMENTO,VENTA,19.89,62.78,2.0,2.0,330000.0,1.0,COLINA Y ALREDEDORES,4,ENTRE 0 Y 5 ANOS,4.74,-74.07,USADO,,0,0,0,1,1,1,1,0,0,1,False,SUBA,CASABLANCA (HACIENDA),21 Ángeles,1649.68,0,PARQUE ZONAL EL TOMILLAR,637.26,0,0.32,,0.5,1.0,0.0,,0.03,968.89,0.0
495-M4483282,APARTAMENTO,VENTA,20.02,90.0,3.0,2.0,300000.0,1.0,170 Y ALREDORES,4,ENTRE 0 Y 5 ANOS,4.76,-74.05,USADO,,0,0,0,1,0,0,0,0,0,1,False,SUBA,URB. PLAZA BAVIERA,Portal Norte,610.47,0,PARQUE VECINAL URBANIZACIÓN VILANOVA,771.77,0,0.22,,0.33,1.5,0.0,,0.03,886.38,0.0
12503-M4709193,APARTAMENTO,VENTA,20.47,129.12,3.0,3.0,630000.0,2.0,SANTA BARBARA,5,MAS DE 20 ANOS,4.69,-74.04,USADO,,0,1,0,0,1,0,0,0,0,1,False,USAQUEN,SANTA ANA OCCIDENTAL,Calle 106,2355.04,0,PARQUE METROPOLITANO EL COUNTRY,2039.27,0,0.16,,0.67,1.0,0.0,,0.02,481.2,1.0
73-2864297,APARTAMENTO,VENTA,20.77,175.0,3.0,3.0,760000.0,2.0,SANTA BARBARA,5,MAS DE 20 ANOS,4.7,-74.04,USADO,,0,0,0,0,1,0,0,0,0,1,False,USAQUEN,SANTA BARBARA CENTRAL I SECTOR,Calle 127,1697.05,0,PARQUE METROPOLITANO EL COUNTRY,619.33,0,0.12,,0.67,1.0,0.0,,0.02,476.71,1.0
10159-M4705518,APARTAMENTO,VENTA,20.28,57.25,2.0,2.0,593000.0,1.0,CENTRO INTERNACIONAL,4,ENTRE 0 Y 5 ANOS,4.62,-74.07,USADO,,0,0,0,1,1,0,1,0,0,1,False,SANTA FE,SAN_MARTIN,Museo Nacional,342.71,1,PARQUE METROPOLITANO INDEPENDENCIA BICENTENARIO,635.91,0,0.35,,0.5,1.0,0.0,,0.03,286.68,4.0
10159-M4662320,APARTAMENTO,VENTA,20.58,90.02,2.0,3.0,450000.0,2.0,SANTA BARBARA,6,ENTRE 0 Y 5 ANOS,4.7,-74.05,USADO,,0,0,0,1,1,1,0,0,0,1,False,USAQUEN,SANTA BARBARA OCCIDENTAL,Calle 127,336.65,1,PARQUE ZONAL ATABANZA,979.88,0,0.23,,1.0,0.67,0.0,,0.02,238.78,5.0
350-M4613732,APARTAMENTO,VENTA,21.06,186.6,4.0,3.0,1465000.0,2.0,CHAPINERO ALTO,6,MAS DE 20 ANOS,4.65,-74.05,USADO,,0,0,0,0,0,0,0,0,0,1,False,CHAPINERO,S.C. LAS ACACIAS,Flores – Areandina,1263.49,0,PARQUE ZONAL GUSTAVO URIBE BOTERO,157.14,1,0.11,,0.5,1.33,0.0,,0.02,435.31,1.0
9816-3461358,APARTAMENTO,VENTA,21.02,172.0,3.0,4.0,996000.0,3.0,SANTA BARBARA,6,ENTRE 5 Y 10 ANOS,4.69,-74.05,USADO,,1,0,0,1,1,1,0,0,0,1,False,USAQUEN,SAN PATRICIO,Calle 106,815.0,0,PARQUE METROPOLITANO EL COUNTRY,1730.51,0,0.12,,1.0,0.75,0.0,,0.02,183.08,2.0
2671-M3266658,APARTAMENTO,VENTA,21.42,235.0,3.0,4.0,1158000.0,2.0,CHICO,6,MAS DE 20 ANOS,4.66,-74.05,USADO,,0,1,0,0,0,0,0,0,0,1,False,CHAPINERO,S.C. EL NOGAL,Calle 76 - San Felipe,975.5,0,PARQUE ZONAL SAN ANDRÉS,580.48,0,0.09,,0.67,0.75,0.0,,0.01,425.14,1.0
11013-M4531187,APARTAMENTO,VENTA,20.13,80.3,1.0,2.0,580000.0,2.0,SANTA BARBARA,5,ENTRE 10 Y 20 ANOS,4.69,-74.04,USADO,,0,1,0,0,0,0,0,0,0,1,False,USAQUEN,RINCON DEL CHICO,Calle 106,1282.42,0,PARQUE METROPOLITANO EL COUNTRY,1752.2,0,0.25,,2.0,0.5,0.0,,0.01,509.88,0.0
11013-M4293193,APARTAMENTO,VENTA,20.69,139.0,2.0,4.0,507000.0,2.0,SANTA BARBARA,5,ENTRE 10 Y 20 ANOS,4.69,-74.04,USADO,,0,0,0,1,1,0,0,0,0,1,False,USAQUEN,SANTA ANA OCCIDENTAL,Calle 106,2151.1,0,PARQUE METROPOLITANO EL COUNTRY,1606.14,0,0.15,,1.0,0.5,0.0,,0.01,55.74,1.0
815-M4522875,APARTAMENTO,VENTA,19.21,31.98,1.0,1.0,3921395.93,0.0,CENTRO Y ZONA COLONIAL,3,ENTRE 0 Y 5 ANOS,4.63,-74.07,USADO,,0,0,0,1,1,0,0,0,0,1,False,TEUSAQUILLO,LA MAGDALENA,AV. 39,105.47,1,PARQUE METROPOLITANO PARQUE NACIONAL (PM2A) ENRIQUE OLAYA HERRERA (SECTOR HISTORICO),358.8,1,0.6,,0.0,1.0,0.0,,0.03,148.83,2.0
11013-M4290287,APARTAMENTO,VENTA,20.69,139.0,2.0,4.0,507000.0,2.0,SANTA BARBARA,5,ENTRE 10 Y 20 ANOS,4.69,-74.04,USADO,,0,0,0,1,1,0,0,0,0,1,False,USAQUEN,SANTA ANA OCCIDENTAL,Calle 106,2151.1,0,PARQUE METROPOLITANO EL COUNTRY,1606.14,0,0.15,,1.0,0.5,0.0,,0.01,55.74,1.0
603-M4418227,APARTAMENTO,VENTA,19.79,81.0,2.0,2.0,401000.0,3.0,CEDRITOS,4,MAS DE 20 ANOS,4.72,-74.03,USADO,,0,0,0,0,1,0,0,0,0,1,False,USAQUEN,LAS_ACACIAS,Calle 142,2470.85,0,PARQUE VECINAL NUEVA URBANIZACIÓN EL CEDRITO,567.85,0,0.24,,1.5,1.0,0.0,,0.02,626.72,0.0
93-M4432231,APARTAMENTO,VENTA,19.95,67.0,2.0,2.0,998600.0,2.0,SANTA BARBARA,6,MAS DE 20 ANOS,4.69,-74.05,USADO,,0,0,0,0,1,0,0,0,0,1,False,USAQUEN,SAN PATRICIO,Pepe Sierra,1127.86,0,PARQUE METROPOLITANO EL COUNTRY,1420.86,0,0.3,,1.0,1.0,0.0,,0.03,179.26,2.0
2751-M4121905,APARTAMENTO,VENTA,19.67,75.0,2.0,2.0,320000.0,1.0,CENTRO NARINO,4,MAS DE 20 ANOS,4.63,-74.08,USADO,,0,0,0,0,0,0,0,0,0,1,False,TEUSAQUILLO,LA SOLEDAD,Universidad Nacional,348.62,1,PARQUE ESCENARIO DEPORTIVO EL CAMPINCITO - CEAD,1354.79,0,0.26,,0.5,1.0,0.0,,0.03,1016.31,0.0
603-M4418167,APARTAMENTO,VENTA,20.34,81.0,2.0,3.0,800000.0,2.0,CHICO,5,ENTRE 5 Y 10 ANOS,4.68,-74.05,USADO,,0,0,0,0,0,0,0,0,0,1,False,CHAPINERO,S.C. CHICO NORTE III SECTOR,Calle 100 - Marketmedios,859.36,0,PARQUE VECINAL URBANIZACIÓN NORMANDIA I II II Y IV SECTOR,1138.53,0,0.25,,1.0,0.67,0.0,,0.02,113.51,2.0
603-M4420991,APARTAMENTO,VENTA,20.88,177.0,4.0,5.0,880000.0,3.0,COUNTRY,5,ENTRE 10 Y 20 ANOS,4.71,-74.03,USADO,,0,1,0,0,0,0,0,0,0,1,False,USAQUEN,LISBOA_,Prado,2501.64,0,PARQUE VECINAL NUEVA URBANIZACIÓN EL CEDRITO,1112.75,0,0.12,,0.75,0.8,0.0,,0.02,169.98,2.0
5545-M4625409,APARTAMENTO,VENTA,21.02,143.0,2.0,4.0,1300000.0,2.0,CHICO,6,ENTRE 5 Y 10 ANOS,4.68,-74.04,USADO,,0,1,0,0,1,0,1,0,0,1,False,CHAPINERO,CHICO RESERVADO,Virrey,1927.99,0,PARQUE VECINAL URBANIZACIÓN LA CABRERA,1237.85,0,0.15,,1.0,0.5,0.0,,0.01,447.67,1.0
2671-M4507750,APARTAMENTO,VENTA,20.82,130.53,1.0,2.0,1035000.0,2.0,CHAPINERO ALTO,6,ENTRE 10 Y 20 ANOS,4.65,-74.05,USADO,,0,0,0,0,1,0,1,0,0,1,False,CHAPINERO,S.C. LAS ACACIAS,Flores – Areandina,1290.28,0,PARQUE ZONAL GUSTAVO URIBE BOTERO,199.77,1,0.16,,2.0,0.5,0.0,,0.01,480.06,1.0
2671-M3309394,APARTAMENTO,VENTA,21.06,287.0,4.0,5.0,1125000.0,3.0,COUNTRY,5,ENTRE 10 Y 20 ANOS,4.71,-74.05,USADO,,0,1,0,0,1,0,0,0,0,1,False,USAQUEN,LA CALLEJA,Prado,733.81,0,PARQUE ZONAL ATABANZA,1003.75,0,0.07,,0.75,0.8,0.0,,0.01,404.91,2.0
603-M4418184,APARTAMENTO,VENTA,20.09,79.0,3.0,2.0,472000.0,1.0,CHICO,6,MAS DE 20 ANOS,4.68,-74.05,USADO,,0,1,0,0,1,0,0,0,0,1,False,CHAPINERO,S.C. CHICO NORTE,Virrey,1115.25,0,PARQUE ZONAL CANAL EL VIRREY EL CHICO,674.84,0,0.25,,0.33,1.5,0.0,,0.04,85.72,2.0
603-M4421109,APARTAMENTO,VENTA,20.13,103.0,3.0,2.0,369200.0,1.0,CEDRITOS,4,ENTRE 10 Y 20 ANOS,4.72,-74.04,USADO,,0,0,0,0,0,0,0,0,0,1,False,USAQUEN,ACACIAS USAQUEN,Calle 142,1401.49,0,PARQUE VECINAL NUEVA URBANIZACIÓN EL CEDRITO,526.44,0,0.2,,0.33,1.5,0.0,,0.03,599.67,0.0
2671-M3389501,APARTAMENTO,VENTA,21.39,265.0,3.0,4.0,1610000.0,4.0,COUNTRY,6,MAS DE 20 ANOS,4.71,-74.03,USADO,,0,1,0,0,0,1,0,0,0,1,False,USAQUEN,BOSQUES DE MEDINA,Prado,3096.76,0,PARQUE METROPOLITANO EL COUNTRY,1622.3,0,0.08,,1.33,0.75,0.0,,0.01,755.19,0.0
2671-11435,APARTAMENTO,VENTA,21.59,234.25,4.0,4.0,1156000.0,4.0,CEDRITOS,6,ENTRE 10 Y 20 ANOS,4.72,-74.03,USADO,,1,1,0,0,0,1,0,0,0,1,True,USAQUEN,CEDRITOS,Alcalá,2443.52,0,PARQUE VECINAL NUEVA URBANIZACIÓN EL CEDRITO,751.88,0,0.09,,1.0,1.0,0.0,,0.02,278.12,1.0
10323-M4570203,APARTAMENTO,VENTA,19.97,110.0,2.0,1.0,151050.0,1.0,NICOLAS DE FEDERMAN,4,MAS DE 20 ANOS,4.65,-74.08,USADO,,0,0,0,0,0,0,0,0,0,1,False,TEUSAQUILLO,CAMPIN OCCIDENTAL,Campín - UAN,74.98,1,PARQUE ESCENARIO DEPORTIVO EL CAMPINCITO - CEAD,108.23,1,0.18,,0.5,2.0,0.0,,0.02,365.72,1.0
9947-M4661324,APARTAMENTO,VENTA,21.02,191.0,3.0,4.0,909000.0,2.0,CERROS DE SUBA,6,ENTRE 5 Y 10 ANOS,4.71,-74.08,USADO,,1,1,0,0,0,0,0,0,0,0,False,SUBA,CHESNUT HILL,Niza - Calle 127,1373.67,0,PARQUE METROPOLITANO CEFE COMETAS,468.99,1,0.11,,0.67,0.75,0.0,,0.02,1362.88,0.0
5031-M3241741,APARTAMENTO,VENTA,19.21,70.0,3.0,2.0,120000.0,0.0,CASTILLA MARSELLA,3,ENTRE 10 Y 20 ANOS,4.65,-74.14,USADO,,0,0,0,1,0,1,0,0,0,1,False,KENNEDY,CASTILLA REAL,Mandalay,1814.08,0,PARQUE VECINAL VILLA ALSACIA,407.15,1,0.27,,0.0,1.5,0.0,,0.04,1168.32,0.0
2266-M3671655,APARTAMENTO,VENTA,21.35,267.0,3.0,4.0,1700000.0,4.0,CEDRITOS,6,ENTRE 10 Y 20 ANOS,4.72,-74.03,USADO,,0,1,0,1,1,0,0,0,0,0,False,USAQUEN,AGUA DULCE,Alcalá,2665.06,0,PARQUE VECINAL NUEVA URBANIZACIÓN EL CEDRITO,831.4,0,0.08,,1.33,0.75,0.0,,0.01,440.27,1.0
5175-M4705561,APARTAMENTO,VENTA,21.34,175.0,2.0,3.0,1722600.0,2.0,CHICO,6,MAS DE 20 ANOS,4.66,-74.05,USADO,,0,0,0,0,1,0,0,0,0,1,False,CHAPINERO,EL REFUGIO,Héroes - Gel´Hada,1624.08,0,PARQUE ZONAL SAN ANDRÉS,664.75,0,0.12,,1.0,0.67,0.0,,0.01,753.97,0.0
73-2864415,APARTAMENTO,VENTA,20.4,66.0,1.0,1.0,362230.0,1.0,CHICO,5,ENTRE 0 Y 5 ANOS,4.68,-74.05,USADO,,0,1,0,0,0,0,0,0,0,1,False,CHAPINERO,S.C. CHICO NORTE,Virrey,1115.25,0,PARQUE ZONAL CANAL EL VIRREY EL CHICO,674.84,0,0.31,,1.0,1.0,0.0,,0.02,85.72,2.0
12375-M4612987,APARTAMENTO,VENTA,21.22,200.0,3.0,3.0,1430000.0,2.0,CHICO,6,ENTRE 10 Y 20 ANOS,4.67,-74.05,USADO,,0,1,0,1,1,0,0,0,0,1,False,CHAPINERO,LA CABRERA,Héroes - Gel´Hada,1370.38,0,PARQUE VECINAL URBANIZACIÓN LA CABRERA,430.14,1,0.11,,0.67,1.0,0.0,,0.02,451.1,1.0
10159-M4705820,APARTAMENTO,VENTA,20.02,80.05,2.0,3.0,683500.0,2.0,NIZA ALHAMBRA,5,ENTRE 10 Y 20 ANOS,4.71,-74.06,USADO,,0,1,0,0,0,0,0,0,0,1,False,SUBA,EL BATAN,Calle 127,507.59,0,PARQUE ZONAL ATABANZA,470.14,1,0.25,,1.0,0.67,0.0,,0.02,669.8,0.0
603-M4418037,APARTAMENTO,VENTA,20.2,115.0,3.0,4.0,700000.0,2.0,NIZA ALHAMBRA,5,MAS DE 20 ANOS,4.7,-74.06,USADO,,0,0,0,0,1,1,0,0,0,1,False,SUBA,EL BATAN,Calle 127,751.4,0,PARQUE ZONAL CANAL CORDOBA,568.71,0,0.18,,0.67,0.75,0.0,,0.03,915.02,0.0
920-M4636972,APARTAMENTO,VENTA,21.12,200.0,3.0,3.0,1900000.0,0.0,CHAPINERO ALTO,6,MAS DE 20 ANOS,4.65,-74.05,USADO,,0,1,0,0,1,0,0,0,0,1,False,CHAPINERO,S.C. LAS ACACIAS,Flores – Areandina,1507.07,0,PARQUE ZONAL GUSTAVO URIBE BOTERO,245.24,1,0.11,,0.0,1.0,0.0,,0.02,670.02,0.0
5044-M3030154,APARTAMENTO,VENTA,21.75,400.0,4.0,5.0,2100000.0,2.0,,6,MAS DE 20 ANOS,4.71,-74.03,USADO,,0,0,0,0,1,1,0,0,0,1,False,USAQUEN,GINEBRA NORTE,Prado,2638.84,0,PARQUE METROPOLITANO EL COUNTRY,1172.93,0,0.05,,0.5,0.8,0.0,,0.01,333.97,1.0
5521-M3861617,APARTAMENTO,VENTA,21.82,300.0,3.0,4.0,1450000.0,3.0,CHAPINERO ALTO,6,MAS DE 20 ANOS,4.65,-74.05,USADO,,0,1,0,1,1,0,0,0,0,1,False,CHAPINERO,S.C. LAS ACACIAS,Flores – Areandina,1401.31,0,PARQUE ZONAL GUSTAVO URIBE BOTERO,137.77,1,0.07,,1.0,0.75,0.0,,0.01,561.72,0.0
12503-M4055022,APARTAMENTO,VENTA,21.31,221.0,3.0,5.0,1200000.0,3.0,ALTOS DE SUBA Y CERROS DE SAN JORGE,6,ENTRE 10 Y 20 ANOS,4.74,-74.07,USADO,,1,1,0,1,1,0,0,0,0,1,False,SUBA,EL CORTIJO (FINCA),21 Ángeles,1397.44,0,PARQUE ZONAL EL TOMILLAR,395.95,1,0.1,,1.0,0.6,0.0,,0.01,903.57,0.0
11079-M4184546,APARTAMENTO,VENTA,21.41,330.0,4.0,5.0,2193000.0,2.0,CHICO,6,MAS DE 20 ANOS,4.67,-74.04,USADO,,0,1,0,0,0,1,0,0,0,1,False,CHAPINERO,EL REFUGIO,Calle 85,1827.24,0,PARQUE VECINAL URBANIZACIÓN LA CABRERA,767.73,0,0.06,,0.5,0.8,0.0,,0.01,730.51,0.0
3535-M4613039,APARTAMENTO,VENTA,20.44,140.88,3.0,2.0,676353.0,2.0,CHICO,5,MAS DE 20 ANOS,4.66,-74.05,USADO,,0,0,0,0,1,0,0,0,0,1,False,CHAPINERO,S.C. EL NOGAL,Calle 76 - San Felipe,942.88,0,PARQUE ZONAL SAN ANDRÉS,471.82,1,0.15,,0.67,1.5,0.0,,0.02,516.12,0.0
5044-M4416242,APARTAMENTO,VENTA,20.98,173.0,3.0,4.0,930000.0,2.0,SANTA BARBARA,5,ENTRE 10 Y 20 ANOS,4.7,-74.03,USADO,,0,0,0,1,1,1,0,0,0,1,False,USAQUEN,SANTA BARBARA ORIENTAL,Calle 127,2742.5,0,PARQUE METROPOLITANO EL COUNTRY,1113.4,0,0.12,,0.67,0.75,0.0,,0.02,342.58,2.0
73-M3759309,APARTAMENTO,VENTA,19.84,69.31,3.0,2.0,300000.0,1.0,NIZA ALHAMBRA,4,ENTRE 5 Y 10 ANOS,4.69,-74.07,USADO,,0,0,0,0,1,0,0,0,0,1,False,SUBA,ANDES NORTE - URB. LA RABIDA,Puentelargo,271.93,1,PARQUE ZONAL CANAL RIO NEGRO,824.52,0,0.29,,0.33,1.5,0.0,,0.04,500.59,0.0
16108-M4436556,APARTAMENTO,VENTA,20.86,163.0,3.0,4.0,1200000.0,2.0,SANTA BARBARA,6,ENTRE 10 Y 20 ANOS,4.68,-74.04,USADO,,0,0,0,0,1,0,0,0,0,1,False,USAQUEN,RINCON DEL CHICO,Calle 100 - Marketmedios,1433.29,0,PARQUE ZONAL CANAL EL VIRREY EL CHICO,1636.85,0,0.13,,0.67,0.75,0.0,,0.02,381.12,2.0
10323-M3746377,APARTAMENTO,VENTA,19.7,68.0,3.0,2.0,3921395.93,1.0,SALITRE MODELIA,4,ENTRE 10 Y 20 ANOS,4.67,-74.13,USADO,,0,0,0,0,0,1,0,0,0,1,False,FONTIBON,CAPELLANIA,Modelia,1391.6,0,PARQUE VECINAL MODELIA SECTOR A,954.94,0,0.29,,0.33,1.5,0.0,,0.04,864.97,0.0
10058-M4740197,APARTAMENTO,VENTA,21.51,225.0,3.0,4.0,1537000.0,3.0,CHICO,6,MAS DE 20 ANOS,4.66,-74.05,USADO,,0,1,0,0,1,1,0,0,0,1,False,CHAPINERO,BELLAVISTA - URB. EL CASTILLO,Calle 72,968.39,0,PARQUE ZONAL GUSTAVO URIBE BOTERO,551.38,0,0.1,,1.0,0.75,0.0,,0.01,256.66,4.0
73-M4434582,APARTAMENTO,VENTA,19.3,57.0,3.0,2.0,133400.0,0.0,CENTRO Y ZONA COLONIAL,3,MAS DE 20 ANOS,4.57,-74.12,USADO,,0,0,0,0,0,0,0,0,0,1,False,RAFAEL URIBE URIBE,S.C. MARCO FIDEL SUAREZ,Santa Lucía,564.38,0,PARQUE ZONAL QUIROGA,1533.09,0,0.34,,0.0,1.5,0.0,,0.05,1502.93,0.0
5044-3274300,APARTAMENTO,VENTA,21.13,290.0,3.0,3.0,1650000.0,3.0,CHICO,5,MAS DE 20 ANOS,4.68,-74.05,USADO,,0,0,0,0,0,1,0,0,0,1,False,CHAPINERO,S.C. CHICO NORTE,Virrey,538.47,0,PARQUE ZONAL CANAL EL VIRREY EL CHICO,433.12,1,0.07,,1.0,1.0,0.0,,0.01,320.41,3.0
5044-3284586,APARTAMENTO,VENTA,21.42,238.0,3.0,4.0,1500000.0,4.0,SANTA BARBARA,5,ENTRE 5 Y 10 ANOS,4.69,-74.05,USADO,,0,0,0,0,1,1,0,0,0,1,False,USAQUEN,SAN PATRICIO,Calle 106,428.01,1,PARQUE ZONAL CANAL CORDOBA,1697.68,0,0.09,,1.33,0.75,0.0,,0.01,367.82,1.0
2123-M4657357,APARTAMENTO,VENTA,21.06,186.0,3.0,5.0,1050000.0,2.0,COUNTRY,6,ENTRE 10 Y 20 ANOS,4.72,-74.03,USADO,,0,1,0,0,1,0,0,0,0,0,False,USAQUEN,LA CANADA,Alcalá,2669.96,0,PARQUE VECINAL NUEVA URBANIZACIÓN EL CEDRITO,913.91,0,0.11,,0.67,0.6,0.0,,0.02,312.35,1.0
5044-M3184515,APARTAMENTO,VENTA,21.6,342.0,4.0,3.0,1480000.0,2.0,,6,ENTRE 10 Y 20 ANOS,4.71,-74.03,USADO,,1,0,0,1,1,1,0,0,0,1,False,USAQUEN,LISBOA_,Prado,2113.48,0,PARQUE VECINAL NUEVA URBANIZACIÓN EL CEDRITO,1060.97,0,0.06,,0.5,1.33,0.0,,0.01,159.41,2.0
410-M3910984,APARTAMENTO,VENTA,19.38,59.8,2.0,2.0,172600.0,0.0,COLINA Y ALREDEDORES,3,MAS DE 20 ANOS,4.73,-74.06,USADO,,0,0,0,0,0,0,0,0,0,1,False,SUBA,COLPATRIA SANTA HELENA,Calle 146,906.37,0,PARQUE VECINAL URBANIZACIÓN LA LAGUNA,523.78,0,0.32,,0.0,1.0,0.0,,0.03,863.07,0.0
771-M4611076,APARTAMENTO,VENTA,19.91,80.0,3.0,2.0,332000.0,1.0,COLINA Y ALREDEDORES,4,ENTRE 5 Y 10 ANOS,4.71,-74.06,USADO,,0,0,0,1,1,0,0,0,0,1,False,SUBA,RINCON DE LAS VILLAS,Niza - Calle 127,1054.01,0,PARQUE ZONAL ATABANZA,763.02,0,0.25,,0.33,1.5,0.0,,0.04,995.13,0.0
847-M4701621,APARTAMENTO,VENTA,21.49,221.0,4.0,5.0,1300000.0,4.0,FONTIBON TINTAL,5,ENTRE 0 Y 5 ANOS,4.66,-74.13,USADO,,0,1,1,1,0,0,1,0,0,1,False,FONTIBON,EL TINTAL A.S.D.,Normandía,1841.83,0,PARQUE ZONAL CANAL BOYACA,1054.99,0,0.1,,1.0,0.8,0.0,,0.02,660.91,0.0
73-M4255576,APARTAMENTO,VENTA,19.84,69.31,3.0,2.0,300000.0,1.0,NIZA ALHAMBRA,4,ENTRE 5 Y 10 ANOS,4.69,-74.07,USADO,,0,0,0,0,1,0,0,0,0,1,False,SUBA,ANDES NORTE - URB. LA RABIDA,Puentelargo,271.93,1,PARQUE ZONAL CANAL RIO NEGRO,824.52,0,0.29,,0.33,1.5,0.0,,0.04,500.59,0.0
410-M4291154,APARTAMENTO,VENTA,19.7,60.0,2.0,1.0,181300.0,0.0,CHAPINERO ALTO,3,MAS DE 20 ANOS,4.65,-74.06,USADO,,0,0,0,0,1,0,0,0,0,1,True,CHAPINERO,S.C. CHAPINERO NORTE,Calle 63,519.45,0,PARQUE ZONAL GUSTAVO URIBE BOTERO,922.54,0,0.33,,0.0,2.0,0.0,,0.03,591.28,0.0
410-567,APARTAMENTO,VENTA,20.07,96.0,2.0,3.0,700000.0,2.0,SANTA BARBARA,6,MAS DE 20 ANOS,4.68,-74.04,USADO,,0,1,0,0,1,0,0,0,0,1,False,USAQUEN,RINCON DEL CHICO,Calle 100 - Marketmedios,1522.34,0,PARQUE ZONAL CANAL EL VIRREY EL CHICO,1698.76,0,0.21,,1.0,0.67,0.0,,0.02,385.73,1.0
3858-M4492793,APARTAMENTO,VENTA,20.99,200.0,3.0,4.0,810000.0,3.0,SANTA BARBARA,6,MAS DE 20 ANOS,4.69,-74.05,USADO,,0,1,0,0,0,1,0,0,0,1,False,USAQUEN,SAN PATRICIO,Calle 106,189.82,1,PARQUE ZONAL CANAL CORDOBA,1410.31,0,0.1,,1.0,0.75,0.0,,0.02,552.72,0.0
4796-M4494680,APARTAMENTO,VENTA,20.02,83.3,3.0,2.0,599000.0,2.0,CEDRITOS,4,MAS DE 20 ANOS,4.73,-74.04,USADO,,0,0,0,0,0,0,0,0,0,1,False,USAQUEN,CEDRO BOLIVAR II SECTOR,Calle 146,1108.57,0,PARQUE VECINAL NUEVA URBANIZACIÓN EL CEDRITO,951.26,0,0.24,,0.67,1.5,0.0,,0.04,833.97,0.0
73-M4131412,APARTAMENTO,VENTA,19.25,24.0,1.0,1.0,300000.0,1.0,CHAPINERO ALTO,4,ENTRE 5 Y 10 ANOS,4.64,-74.06,USADO,,0,0,0,0,1,0,0,0,0,1,False,CHAPINERO,S.C. BOSQUE CALDERON,Calle 57,763.93,0,PARQUE ZONAL GUSTAVO URIBE BOTERO,1219.02,0,0.8,,1.0,1.0,0.0,,0.04,1179.19,0.0
495-M4699839,APARTAMENTO,VENTA,20.26,83.0,1.0,2.0,715000.0,2.0,CHICO,6,MAS DE 20 ANOS,4.68,-74.06,USADO,,0,0,0,0,0,0,0,0,0,1,False,CHAPINERO,S.C. CHICO NORTE III SECTOR,Calle 100 - Marketmedios,130.49,1,PARQUE VECINAL URBANIZACIÓN NORMANDIA I II II Y IV SECTOR,664.26,0,0.24,,2.0,0.5,0.0,,0.01,406.57,1.0
603-M4598602,APARTAMENTO,VENTA,20.23,93.0,3.0,3.0,475000.0,2.0,COUNTRY,5,MAS DE 20 ANOS,4.71,-74.05,USADO,,0,0,0,0,0,1,0,0,0,1,False,USAQUEN,LA CALLEJA,Prado,487.47,1,PARQUE ZONAL ATABANZA,914.17,0,0.22,,0.67,1.0,0.0,,0.03,504.31,0.0
2671-M4652008,APARTAMENTO,VENTA,21.25,338.6,4.0,4.0,924000.0,2.0,CHICO,6,MAS DE 20 ANOS,4.68,-74.06,USADO,,0,1,0,0,1,0,0,0,0,1,False,CHAPINERO,S.C. EL CHICO,Virrey,352.09,1,PARQUE VECINAL URBANIZACIÓN NORMANDIA I II II Y IV SECTOR,275.0,1,0.06,,0.5,1.0,0.0,,0.01,467.56,2.0
2123-M4260399,APARTAMENTO,VENTA,21.19,200.0,3.0,5.0,1000000.0,3.0,COUNTRY,6,ENTRE 5 Y 10 ANOS,4.71,-74.04,USADO,,0,0,0,0,1,1,0,0,0,1,False,USAQUEN,LA_CAROLINA,Calle 127,1687.67,0,PARQUE METROPOLITANO EL COUNTRY,232.81,1,0.11,,1.0,0.6,0.0,,0.02,495.7,1.0
920-42151008,APARTAMENTO,VENTA,19.81,102.0,3.0,2.0,3921395.93,1.0,CEDRITOS,4,MAS DE 20 ANOS,4.73,-74.05,USADO,,0,0,0,0,0,0,0,0,0,1,False,USAQUEN,LOS CAOBOS,Calle 146,229.38,1,PARQUE VECINAL PRADO PINZÓN,621.13,0,0.19,,0.33,1.5,0.0,,0.03,975.85,0.0
2123-M4244886,APARTAMENTO,VENTA,20.34,102.0,3.0,3.0,496000.0,2.0,CEDRITOS,4,ENTRE 5 Y 10 ANOS,4.72,-74.03,USADO,,0,0,0,1,1,0,0,0,0,1,False,USAQUEN,LOS CEDROS ORIENTAL,Calle 142,2116.45,0,PARQUE VECINAL NUEVA URBANIZACIÓN EL CEDRITO,207.08,1,0.2,,0.67,1.0,0.0,,0.03,721.14,0.0
12500-M4734155,APARTAMENTO,VENTA,19.52,70.0,3.0,2.0,3921395.93,1.0,NIZA ALHAMBRA,5,MAS DE 20 ANOS,4.7,-74.06,USADO,,0,0,0,0,0,0,0,0,0,1,False,SUBA,EL BATAN,Calle 127,315.21,1,PARQUE ZONAL ATABANZA,592.69,0,0.28,,0.33,1.5,0.0,,0.04,485.74,3.0
15061-M4106774,APARTAMENTO,VENTA,20.52,112.0,3.0,4.0,810000.0,2.0,SANTA BARBARA,6,ENTRE 10 Y 20 ANOS,4.69,-74.04,USADO,,0,1,0,0,1,0,0,0,0,1,False,USAQUEN,SANTA BARBARA CENTRAL I Y II,Calle 106,1650.93,0,PARQUE METROPOLITANO EL COUNTRY,1419.6,0,0.18,,0.67,0.75,0.0,,0.03,471.05,1.0
5044-M4197745,APARTAMENTO,VENTA,20.34,116.0,3.0,3.0,611000.0,2.0,COUNTRY,5,ENTRE 10 Y 20 ANOS,4.72,-74.04,USADO,,0,0,0,1,1,1,1,0,0,1,False,USAQUEN,CEDRITOS,Alcalá,1801.95,0,PARQUE VECINAL NUEVA URBANIZACIÓN EL CEDRITO,753.59,0,0.18,,0.67,1.0,0.0,,0.03,352.64,1.0
2123-M4413622,APARTAMENTO,VENTA,20.03,111.0,3.0,3.0,580000.0,2.0,CEDRITOS,4,ENTRE 5 Y 10 ANOS,4.73,-74.05,USADO,,0,0,0,1,1,1,0,0,0,1,False,USAQUEN,LOS CEDRITOS,Calle 142,282.45,1,PARQUE VECINAL PRADO PINZÓN,621.66,0,0.18,,0.67,1.0,0.0,,0.03,594.1,0.0
2123-3685790,APARTAMENTO,VENTA,21.47,384.0,4.0,5.0,1460000.0,4.0,COUNTRY,6,ENTRE 5 Y 10 ANOS,4.72,-74.04,USADO,,0,0,0,1,1,0,0,0,0,1,True,USAQUEN,NUEVO COUNTRY,Alcalá,1106.62,0,PARQUE VECINAL NUEVA URBANIZACIÓN EL CEDRITO,1029.43,0,0.06,,1.0,0.8,0.0,,0.01,469.85,1.0
734-M4559084,APARTAMENTO,VENTA,20.62,154.0,4.0,4.0,3921395.93,3.0,CERROS DE SUBA,6,MAS DE 20 ANOS,4.72,-74.08,USADO,,0,1,0,0,1,0,0,0,0,1,False,SUBA,S.C. NIZA SUBA,Suba - AV. Boyacá,266.95,1,PARQUE VECINAL AGRUPACIÓN DE VIVIENDA EN BALCON DE LINDARAJA,679.51,0,0.13,,0.75,1.0,0.0,,0.03,1074.94,0.0
2671-M3333217,APARTAMENTO,VENTA,21.47,215.0,3.0,4.0,1900000.0,3.0,CHICO,6,ENTRE 5 Y 10 ANOS,4.66,-74.05,USADO,,0,0,0,0,1,0,0,0,0,1,False,CHAPINERO,LOS ROSALES,Calle 72,1559.41,0,PARQUE ZONAL SAN ANDRÉS,907.56,0,0.1,,1.0,0.75,0.0,,0.01,827.87,0.0
14914-M3971563,APARTAMENTO,VENTA,21.25,200.0,3.0,3.0,1030000.0,3.0,CHICO,6,MAS DE 20 ANOS,4.66,-74.05,USADO,,0,0,0,0,1,0,0,0,0,1,False,CHAPINERO,S.C. BELLAVISTA,Calle 72,1251.71,0,PARQUE ZONAL GUSTAVO URIBE BOTERO,614.68,0,0.11,,1.0,1.0,0.0,,0.02,499.91,1.0
5545-M4219472,APARTAMENTO,VENTA,21.61,174.0,3.0,5.0,1573800.0,3.0,CHICO,6,ENTRE 0 Y 5 ANOS,4.68,-74.04,USADO,,0,1,0,1,1,0,0,0,0,1,False,CHAPINERO,CHICO RESERVADO,Calle 100 - Marketmedios,1803.99,0,PARQUE VECINAL URBANIZACIÓN LA CABRERA,1264.13,0,0.12,,1.0,0.6,0.0,,0.02,355.86,2.0
2123-M3611696,APARTAMENTO,VENTA,20.29,92.6,2.0,2.0,446000.0,2.0,,5,MAS DE 20 ANOS,4.71,-74.05,USADO,,0,1,0,0,1,1,0,0,0,1,False,USAQUEN,LA CALLEJA,Calle 127,575.64,0,PARQUE ZONAL ATABANZA,975.99,0,0.22,,1.0,1.0,0.0,,0.02,269.52,5.0
2123-M3274435,APARTAMENTO,VENTA,20.34,115.0,3.0,3.0,505000.0,1.0,CEDRITOS,4,ENTRE 10 Y 20 ANOS,4.72,-74.03,USADO,,0,0,0,1,1,0,0,0,0,1,True,USAQUEN,CEDRITOS,Alcalá,2023.99,0,PARQUE VECINAL NUEVA URBANIZACIÓN EL CEDRITO,737.13,0,0.18,,0.33,1.0,0.0,,0.03,460.04,1.0
920-M4073314,APARTAMENTO,VENTA,19.79,56.0,1.0,1.0,435000.0,1.0,CHAPINERO ALTO,4,ENTRE 10 Y 20 ANOS,4.64,-74.05,USADO,,0,0,0,0,1,0,0,0,0,1,False,CHAPINERO,BOSQUE CALDERON TEJADA,Calle 57,1425.26,0,PARQUE ZONAL GUSTAVO URIBE BOTERO,960.38,0,0.35,,1.0,1.0,0.0,,0.02,1174.04,0.0
5031-M4506716,APARTAMENTO,VENTA,20.34,142.0,3.0,4.0,395000.0,1.0,COLINA Y ALREDEDORES,5,ENTRE 10 Y 20 ANOS,4.74,-74.06,USADO,,0,1,0,0,0,1,0,0,0,1,False,SUBA,URB. LA SIRENA,Mazurén,1550.73,0,PARQUE VECINAL DESARROLLO CANTALEJO URBANIZACIÓN CANTALEJO MANZANA B,878.72,0,0.14,,0.33,0.75,0.0,,0.02,611.21,0.0
2123-977150,APARTAMENTO,VENTA,21.53,297.0,4.0,5.0,1300000.0,3.0,COUNTRY,6,MAS DE 20 ANOS,4.7,-74.03,USADO,,0,1,0,0,1,0,0,0,0,1,False,USAQUEN,BELLA SUIZA,Calle 127,2785.09,0,PARQUE METROPOLITANO EL COUNTRY,1044.38,0,0.07,,0.75,0.8,0.0,,0.01,682.62,0.0
2123-M3644923,APARTAMENTO,VENTA,21.37,248.0,3.0,5.0,1260000.0,4.0,COUNTRY,6,ENTRE 5 Y 10 ANOS,4.71,-74.03,USADO,,0,1,0,1,1,0,0,0,0,1,False,USAQUEN,BOSQUES DE MEDINA,Prado,2914.65,0,PARQUE METROPOLITANO EL COUNTRY,1420.0,0,0.09,,1.33,0.6,0.0,,0.01,610.51,0.0
34-M3359644,APARTAMENTO,VENTA,21.75,261.16,3.0,4.0,2500000.0,3.0,,6,ENTRE 5 Y 10 ANOS,4.67,-74.06,USADO,,0,1,0,0,1,0,0,0,0,1,False,CHAPINERO,S.C. LAGO GAITAN,Héroes - Gel´Hada,480.72,1,PARQUE ZONAL SAN ANDRÉS,507.51,0,0.08,,1.0,0.75,0.0,,0.01,129.19,6.0
2123-M3189031,APARTAMENTO,VENTA,21.56,342.0,3.0,4.0,1480000.0,2.0,COUNTRY,6,ENTRE 10 Y 20 ANOS,4.71,-74.03,USADO,,0,1,0,0,1,0,0,0,0,1,False,USAQUEN,BOSQUES DE MEDINA,Prado,2835.85,0,PARQUE METROPOLITANO EL COUNTRY,1356.59,0,0.06,,0.67,0.75,0.0,,0.01,531.77,0.0
11013-M4697337,APARTAMENTO,VENTA,20.21,70.0,2.0,2.0,712000.0,1.0,CHICO,6,MAS DE 20 ANOS,4.66,-74.05,USADO,,0,0,0,0,1,0,0,0,0,1,False,CHAPINERO,S.C. EL RETIRO,Héroes - Gel´Hada,1408.4,0,PARQUE ZONAL SAN ANDRÉS,443.17,1,0.29,,0.5,1.0,0.0,,0.03,544.89,0.0
2123-M3086790,APARTAMENTO,VENTA,21.19,203.0,3.0,5.0,1200000.0,3.0,COUNTRY,6,ENTRE 10 Y 20 ANOS,4.72,-74.04,USADO,,0,1,0,1,1,1,0,0,0,1,True,USAQUEN,NUEVO COUNTRY,Prado,1228.42,0,PARQUE VECINAL NUEVA URBANIZACIÓN EL CEDRITO,1222.05,0,0.1,,1.0,0.6,0.0,,0.01,612.28,0.0
2123-M3648593,APARTAMENTO,VENTA,21.34,240.0,3.0,5.0,1330000.0,4.0,COUNTRY,6,ENTRE 5 Y 10 ANOS,4.7,-74.04,USADO,,0,0,0,1,1,0,0,0,0,1,False,USAQUEN,LA_CAROLINA,Calle 127,1506.5,0,PARQUE METROPOLITANO EL COUNTRY,236.95,1,0.09,,1.33,0.6,0.0,,0.01,208.31,1.0
504-M3985384,APARTAMENTO,VENTA,19.76,68.88,2.0,2.0,435000.0,1.0,CHICO,6,MAS DE 20 ANOS,4.68,-74.05,USADO,,0,0,0,0,1,0,0,0,0,1,False,CHAPINERO,S.C. CHICO NORTE,Virrey,1331.28,0,PARQUE VECINAL URBANIZACIÓN LA CABRERA,754.48,0,0.29,,0.5,1.0,0.0,,0.03,162.8,2.0
4498-M4504001,APARTAMENTO,VENTA,21.07,278.0,3.0,5.0,1575000.0,4.0,SANTA BARBARA,6,MAS DE 20 ANOS,4.7,-74.05,USADO,,0,0,0,1,0,0,0,0,0,1,False,USAQUEN,SAN PATRICIO,Pepe Sierra,144.48,1,PARQUE ZONAL CANAL CORDOBA,1295.11,0,0.08,,1.33,0.6,0.0,,0.01,475.51,1.0
9816-M3060646,APARTAMENTO,VENTA,20.71,185.0,4.0,4.0,837000.0,3.0,COUNTRY,5,MAS DE 20 ANOS,4.7,-74.03,USADO,,0,1,0,0,1,0,0,0,0,1,False,USAQUEN,BELLA SUIZA,Calle 127,2617.66,0,PARQUE METROPOLITANO EL COUNTRY,874.78,0,0.11,,0.75,1.0,0.0,,0.02,680.22,0.0
15738-M4196076,APARTAMENTO,VENTA,20.28,72.0,2.0,3.0,360000.0,1.0,SANTA BARBARA,5,ENTRE 0 Y 5 ANOS,4.69,-74.05,USADO,,0,1,0,1,1,0,0,0,0,1,False,USAQUEN,RINCON DEL CHICO,Calle 106,1222.11,0,PARQUE VECINAL URBANIZACIÓN NORMANDIA I II II Y IV SECTOR,1705.15,0,0.28,,0.5,0.67,0.0,,0.03,419.94,1.0
3229-2981147,APARTAMENTO,VENTA,20.91,153.0,3.0,3.0,750000.0,2.0,CHICO,6,ENTRE 0 Y 5 ANOS,4.66,-74.05,USADO,,0,0,0,1,1,0,0,0,0,1,False,CHAPINERO,LOS ROSALES,Calle 76 - San Felipe,1630.6,0,PARQUE ZONAL SAN ANDRÉS,850.78,0,0.14,,0.67,1.0,0.0,,0.02,961.36,0.0
4498-M4504044,APARTAMENTO,VENTA,20.42,87.0,2.0,3.0,530000.0,1.0,SANTA BARBARA,5,ENTRE 5 Y 10 ANOS,4.69,-74.05,USADO,,0,1,0,1,1,1,0,0,0,1,False,USAQUEN,RINCON DEL CHICO,Calle 106,1211.78,0,PARQUE METROPOLITANO EL COUNTRY,1899.92,0,0.23,,0.5,0.67,0.0,,0.02,559.77,0.0
4498-M4503015,APARTAMENTO,VENTA,20.62,199.0,3.0,5.0,1390000.0,3.0,NIZA ALHAMBRA,5,MAS DE 20 ANOS,4.7,-74.06,USADO,,0,1,0,0,1,0,0,0,0,1,False,SUBA,S.C. PASADENA,Puentelargo,644.51,0,PARQUE ZONAL CANAL CORDOBA,731.07,0,0.1,,1.0,0.6,0.0,,0.02,897.35,0.0
272-M4596252,APARTAMENTO,VENTA,19.28,59.85,3.0,2.0,265000.0,1.0,COLINA Y ALREDEDORES,4,MAS DE 20 ANOS,4.75,-74.06,USADO,,0,0,0,0,0,1,0,0,0,1,False,SUBA,,Toberin - Foundever,880.04,0,PARQUE VECINAL DESARROLLO CANTALEJO URBANIZACIÓN CANTALEJO MANZANA B,648.59,0,0.32,,0.33,1.5,0.0,,0.05,1945.34,0.0
2751-M4501033,APARTAMENTO,VENTA,19.49,62.0,3.0,2.0,168000.0,1.0,KENNEDY,4,MAS DE 20 ANOS,4.64,-74.16,USADO,,0,0,0,1,1,1,0,0,0,1,False,KENNEDY,CIUDAD TECHO II,Biblioteca Tintal,496.85,1,PARQUE METROPOLITANO BIBLIOTECA EL TINTAL,605.22,0,0.31,,0.33,1.5,0.0,,0.05,2999.82,0.0
4660-M4635229,APARTAMENTO,VENTA,20.2,86.0,2.0,3.0,700000.0,1.0,,6,ENTRE 10 Y 20 ANOS,4.71,-74.1,USADO,,0,0,0,0,1,0,0,0,0,1,False,ENGATIVA,BACHUE I Y II,Portal 80,857.28,0,PARQUE VECINAL URBANIZACIÓN BACHUE PRIMERA ETAPA,505.59,0,0.23,,0.5,0.67,0.0,,0.02,978.89,0.0
346-M4071059,APARTAMENTO,VENTA,20.98,207.96,3.0,2.0,1345320.0,3.0,CERROS DE SUBA,6,ENTRE 10 Y 20 ANOS,4.73,-74.08,USADO,,0,1,0,0,1,0,0,0,0,1,False,SUBA,S.C. NIZA SUBA,Gratamira,281.18,1,PARQUE VECINAL AGRUPACIÓN DE VIVIENDA EN BALCON DE LINDARAJA,1331.26,0,0.1,,1.0,1.5,0.0,,0.01,1342.32,0.0
617-M4410967,APARTAMENTO,VENTA,21.77,189.0,2.0,3.0,1300000.0,4.0,CHICO,6,ENTRE 5 Y 10 ANOS,4.67,-74.05,USADO,,0,1,0,1,1,0,1,0,0,1,False,CHAPINERO,LA CABRERA,Calle 85,1044.23,0,PARQUE VECINAL URBANIZACIÓN LA CABRERA,137.17,1,0.12,,2.0,0.67,0.0,,0.01,223.5,5.0
3229-M4169887,APARTAMENTO,VENTA,21.82,285.0,3.0,4.0,1340000.0,4.0,CHICO,6,ENTRE 10 Y 20 ANOS,4.67,-74.05,USADO,,0,1,0,0,1,0,0,0,0,1,False,CHAPINERO,LA CABRERA,Calle 85,758.61,0,PARQUE ZONAL CANAL EL VIRREY EL CHICO,292.84,1,0.08,,1.33,0.75,0.0,,0.01,241.66,6.0
603-M4692419,APARTAMENTO,VENTA,20.07,121.0,3.0,2.0,290000.0,1.0,NICOLAS DE FEDERMAN,4,ENTRE 10 Y 20 ANOS,4.64,-74.08,USADO,,0,0,0,0,0,0,0,0,0,1,False,TEUSAQUILLO,CIUDAD UNIVERSITARIA,Campín - UAN,589.14,0,PARQUE ZONAL NICOLAS DE FEDERMAN 3,499.9,1,0.17,,0.33,1.5,0.0,,0.02,814.05,0.0
16039-M4354857,APARTAMENTO,VENTA,21.39,268.0,4.0,5.0,1250000.0,3.0,SANTA BARBARA,6,ENTRE 5 Y 10 ANOS,4.7,-74.04,USADO,,0,1,0,1,1,0,1,0,0,1,False,USAQUEN,SANTA BARBARA CENTRAL II,Calle 127,2124.61,0,PARQUE METROPOLITANO EL COUNTRY,415.9,1,0.08,,0.75,0.8,0.0,,0.01,746.9,0.0
10093-M4687732,APARTAMENTO,VENTA,19.77,50.0,1.0,2.0,400000.0,1.0,CEDRITOS,4,ENTRE 5 Y 10 ANOS,4.72,-74.04,USADO,,0,1,0,1,1,1,1,0,0,1,False,USAQUEN,CEDRO NARVAEZ,Calle 142,1690.01,0,PARQUE VECINAL NUEVA URBANIZACIÓN EL CEDRITO,333.42,1,0.4,,1.0,0.5,0.0,,0.02,290.86,1.0
495-M4367931,APARTAMENTO,VENTA,20.58,132.0,3.0,4.0,756000.0,2.0,COUNTRY,5,MAS DE 20 ANOS,4.7,-74.03,USADO,,0,0,0,0,0,0,0,0,0,1,False,USAQUEN,BELLA SUIZA,Calle 127,2575.26,0,PARQUE METROPOLITANO EL COUNTRY,832.56,0,0.16,,0.67,0.75,0.0,,0.02,710.85,0.0
3422-M4657752,APARTAMENTO,VENTA,19.52,56.0,3.0,2.0,285000.0,1.0,COLINA Y ALREDEDORES,3,ENTRE 5 Y 10 ANOS,4.73,-74.05,USADO,,0,0,0,1,1,1,0,0,0,1,False,SUBA,PRADO PINZON,Calle 142,147.52,1,PARQUE VECINAL PRADO PINZÓN,304.25,1,0.35,,0.33,1.5,0.0,,0.05,954.89,0.0
12555-M4137435,APARTAMENTO,VENTA,21.13,286.32,3.0,3.0,3921395.93,4.0,CENTRO Y ZONA COLONIAL,6,MAS DE 20 ANOS,4.7,-74.04,USADO,,1,0,0,0,1,1,0,0,0,0,False,USAQUEN,SANTA BARBARA CENTRAL II,Calle 127,1997.46,0,PARQUE METROPOLITANO EL COUNTRY,292.02,1,0.07,,1.33,1.0,0.0,,0.01,621.81,0.0
4660-M4635245,APARTAMENTO,VENTA,19.4,63.0,3.0,2.0,145000.0,0.0,PUENTE ARANDA,3,MAS DE 20 ANOS,4.62,-74.12,USADO,,0,0,0,0,0,0,0,0,0,1,False,PUENTE ARANDA,GALAN - URB. LOS BUNGAVILES,Pradera,1117.46,0,PARQUE METROPOLITANO PISTA DE BMX PRD,290.37,1,0.31,,0.0,1.5,0.0,,0.05,1415.73,0.0
12375-M4350858,APARTAMENTO,VENTA,21.13,186.0,3.0,3.0,1850000.0,2.0,CHICO,6,MAS DE 20 ANOS,4.68,-74.05,USADO,,0,1,0,0,1,0,0,0,0,1,False,CHAPINERO,S.C. CHICO NORTE,Virrey,1115.25,0,PARQUE ZONAL CANAL EL VIRREY EL CHICO,674.84,0,0.11,,0.67,1.0,0.0,,0.02,85.72,2.0
5545-M4008051,APARTAMENTO,VENTA,20.65,110.0,3.0,3.0,1050000.0,2.0,CHICO,5,ENTRE 10 Y 20 ANOS,4.67,-74.06,USADO,,0,1,0,0,1,0,0,0,0,1,False,CHAPINERO,S.C. ANTIGUO COUNTRY,Calle 85,273.06,1,PARQUE METROPOLITANO RECONCILIACIÓN,202.9,1,0.19,,0.67,1.0,0.0,,0.03,402.65,2.0
343-M4733109,APARTAMENTO,VENTA,19.67,44.0,1.0,1.0,480000.0,1.0,CHICO,6,MAS DE 20 ANOS,4.68,-74.05,USADO,,0,0,0,0,1,1,0,0,0,1,False,CHAPINERO,S.C. CHICO NORTE,Virrey,1335.97,0,PARQUE VECINAL URBANIZACIÓN LA CABRERA,853.12,0,0.45,,1.0,1.0,0.0,,0.02,145.18,2.0
11013-M4290298,APARTAMENTO,VENTA,19.45,53.98,3.0,2.0,213000.0,1.0,SALITRE MODELIA,4,ENTRE 5 Y 10 ANOS,4.66,-74.12,USADO,,0,0,0,0,1,1,0,0,0,1,False,FONTIBON,MODELIA,Normandía,540.52,0,PARQUE ZONAL CANAL BOYACA,300.46,1,0.36,,0.33,1.5,0.0,,0.06,520.66,0.0
5031-M3723171,APARTAMENTO,VENTA,19.92,86.0,3.0,2.0,3921395.93,1.0,CASTILLA MARSELLA,4,ENTRE 10 Y 20 ANOS,4.64,-74.13,USADO,,0,0,0,0,1,1,0,0,0,1,False,KENNEDY,SAN JOSE OCCIDENTAL,Marsella,1591.79,0,PARQUE VECINAL VILLA ALSACIA,676.29,0,0.23,,0.33,1.5,0.0,,0.03,244.81,1.0
304-M4556108,APARTAMENTO,VENTA,19.97,115.0,3.0,3.0,780000.0,2.0,COLINA Y ALREDEDORES,5,MAS DE 20 ANOS,4.71,-74.07,USADO,,0,1,0,0,1,0,0,0,0,1,False,SUBA,NIZA SUR,Niza - Calle 127,106.66,1,PARQUE ZONAL LOS LACHES LA MINA,0.27,1,0.17,,0.67,1.0,0.0,,0.03,0.27,10.0
346-M4022526,APARTAMENTO,VENTA,21.77,374.0,4.0,4.0,3921395.93,3.0,CHAPINERO ALTO,6,MAS DE 20 ANOS,4.66,-74.05,USADO,,0,1,0,0,0,0,0,0,0,1,False,CHAPINERO,LOS ROSALES,Calle 76 - San Felipe,1399.37,0,PARQUE ZONAL SAN ANDRÉS,549.29,0,0.06,,0.75,1.0,0.0,,0.01,732.6,0.0
346-M4522387,APARTAMENTO,VENTA,20.62,153.0,3.0,2.0,885150.0,2.0,,6,ENTRE 10 Y 20 ANOS,4.7,-74.05,USADO,,0,1,0,0,1,0,0,0,0,1,False,USAQUEN,SAN PATRICIO,Pepe Sierra,131.32,1,PARQUE ZONAL CANAL CORDOBA,1254.4,0,0.13,,0.67,1.5,0.0,,0.02,527.47,0.0
346-M4496419,APARTAMENTO,VENTA,20.82,161.0,4.0,4.0,3921395.93,2.0,NIZA ALHAMBRA,5,ENTRE 0 Y 5 ANOS,4.71,-74.06,USADO,,0,1,0,0,1,0,0,0,0,1,False,SUBA,EL BATAN,Calle 127,481.08,1,PARQUE ZONAL ATABANZA,340.76,1,0.13,,0.5,1.0,0.0,,0.02,626.32,0.0
5031-M3374053,APARTAMENTO,VENTA,19.88,60.0,3.0,2.0,502000.0,1.0,CHAPINERO,4,ENTRE 5 Y 10 ANOS,4.64,-74.08,USADO,,0,0,0,0,1,0,0,0,0,1,False,TEUSAQUILLO,GALERIAS,Campín - UAN,557.38,0,PARQUE ESCENARIO DEPORTIVO EL CAMPINCITO - CEAD,570.64,0,0.33,,0.33,1.5,0.0,,0.05,83.52,1.0
346-M4538545,APARTAMENTO,VENTA,20.07,90.0,3.0,2.0,338000.0,1.0,CEDRITOS,4,ENTRE 10 Y 20 ANOS,4.73,-74.04,USADO,,0,0,0,0,1,0,0,0,0,1,False,USAQUEN,PARQUES DE LORENA,Mazurén,1442.41,0,PARQUE ZONAL LA VIDA,636.54,0,0.22,,0.33,1.5,0.0,,0.03,506.75,0.0
12375-M4350419,APARTAMENTO,VENTA,21.07,188.0,3.0,3.0,1266000.0,2.0,CHICO,5,MAS DE 20 ANOS,4.68,-74.04,USADO,,0,1,0,0,1,0,0,0,0,1,True,CHAPINERO,S.C. CHICO NORTE,Virrey,1755.89,0,PARQUE VECINAL URBANIZACIÓN LA CABRERA,985.34,0,0.11,,0.67,1.0,0.0,,0.02,585.65,0.0
73-M3223166,APARTAMENTO,VENTA,20.36,120.0,3.0,4.0,945000.0,2.0,CHICO,6,MAS DE 20 ANOS,4.68,-74.05,USADO,,0,0,0,0,1,0,0,0,0,1,False,CHAPINERO,S.C. CHICO NORTE,Virrey,1115.25,0,PARQUE ZONAL CANAL EL VIRREY EL CHICO,674.84,0,0.17,,0.67,0.75,0.0,,0.02,85.72,2.0
2266-696,APARTAMENTO,VENTA,21.06,223.0,3.0,4.0,991000.0,4.0,SANTA BARBARA,6,REMODELADO,4.7,-74.03,USADO,,0,1,0,0,1,0,0,0,0,0,False,USAQUEN,LOS ALPES II SECTOR,Calle 127,2921.76,0,PARQUE METROPOLITANO EL COUNTRY,1224.44,0,0.09,,1.33,0.75,0.0,,0.01,623.54,0.0
5031-M4652989,APARTAMENTO,VENTA,19.96,89.0,2.0,3.0,601000.0,2.0,CERROS DE SUBA,6,MAS DE 20 ANOS,4.72,-74.08,USADO,,0,0,0,0,1,1,0,0,0,1,False,SUBA,NIZA SUBA - CERROS DE SOTILEZA,Suba - AV. Boyacá,207.01,1,PARQUE VECINAL AGRUPACIÓN DE VIVIENDA EN BALCON DE LINDARAJA,713.98,0,0.22,,1.0,0.67,0.0,,0.02,1017.82,0.0
5545-M3334836,APARTAMENTO,VENTA,21.19,236.0,3.0,5.0,1091000.0,2.0,CHICO,6,MAS DE 20 ANOS,4.66,-74.05,USADO,,0,0,0,0,1,0,0,0,0,1,False,CHAPINERO,S.C. EL NOGAL,Calle 76 - San Felipe,1084.66,0,PARQUE ZONAL SAN ANDRÉS,265.19,1,0.09,,0.67,0.6,0.0,,0.01,458.54,2.0
12495-M4468596,APARTAMENTO,VENTA,20.38,178.0,3.0,3.0,930000.0,1.0,CHICO,5,MAS DE 20 ANOS,4.68,-74.05,USADO,,0,1,0,0,1,0,0,0,0,1,False,CHAPINERO,CHICO RESERVADO II SECTOR,Calle 100 - Marketmedios,1418.47,0,PARQUE ZONAL CANAL EL VIRREY EL CHICO,1210.49,0,0.11,,0.33,1.0,0.0,,0.02,191.26,2.0
973-M4307189,APARTAMENTO,VENTA,20.03,92.0,4.0,3.0,336000.0,1.0,NICOLAS DE FEDERMAN,4,REMODELADO,4.64,-74.09,USADO,,0,1,0,0,1,0,0,0,0,1,False,TEUSAQUILLO,RAFAEL NUNEZ,Quinta Paredes,757.98,0,PARQUE ZONAL NICOLAS DE FEDERMAN 3,986.55,0,0.22,,0.25,1.33,0.0,,0.04,428.16,1.0
13439-M4493701,APARTAMENTO,VENTA,21.09,142.0,2.0,3.0,1200000.0,2.0,CHICO,6,ENTRE 0 Y 5 ANOS,4.67,-74.06,USADO,,0,1,0,1,1,0,0,0,0,1,False,CHAPINERO,S.C. ANTIGUO COUNTRY,Calle 85,141.08,1,PARQUE METROPOLITANO RECONCILIACIÓN,81.57,1,0.15,,1.0,0.67,0.0,,0.01,515.18,0.0
164-M4054375,APARTAMENTO,VENTA,20.22,99.12,3.0,3.0,633000.0,2.0,CEDRITOS,4,REMODELADO,4.73,-74.05,USADO,,0,0,0,0,1,0,0,0,0,1,False,USAQUEN,CEDRO BOLIVAR,Mazurén,453.92,1,PARQUE VECINAL DESARROLLO ESTRELLA DEL NORTE,670.29,0,0.2,,0.67,1.0,0.0,,0.03,1460.18,0.0
5044-M4706862,APARTAMENTO,VENTA,21.06,171.0,3.0,4.0,1465000.0,3.0,SANTA BARBARA,6,ENTRE 10 Y 20 ANOS,4.69,-74.05,USADO,,0,1,0,0,1,1,0,0,0,1,False,USAQUEN,SAN PATRICIO,Calle 106,546.23,0,PARQUE ZONAL CANAL CORDOBA,1821.9,0,0.12,,1.0,0.75,0.0,,0.02,348.95,2.0
10159-M4705865,APARTAMENTO,VENTA,19.61,71.88,2.0,3.0,520000.0,1.0,NIZA ALHAMBRA,5,MAS DE 20 ANOS,4.7,-74.06,USADO,,0,0,0,0,0,0,0,0,0,1,False,SUBA,EL ESTORIL,Calle 106,542.06,0,PARQUE ZONAL CANAL CORDOBA,892.71,0,0.27,,0.5,0.67,0.0,,0.03,876.47,0.0
34-M3224334,APARTAMENTO,VENTA,21.56,283.0,3.0,3.0,1250000.0,3.0,CHICO,6,REMODELADO,4.65,-74.05,USADO,,0,0,0,0,1,0,0,0,0,1,False,CHAPINERO,S.C. BELLAVISTA,Flores – Areandina,1524.19,0,PARQUE ZONAL GUSTAVO URIBE BOTERO,324.14,1,0.08,,1.0,1.0,0.0,,0.01,702.65,0.0
2671-M3365673,APARTAMENTO,VENTA,21.42,266.0,4.0,5.0,1580000.0,3.0,COUNTRY,6,ENTRE 10 Y 20 ANOS,4.71,-74.03,USADO,,0,1,0,0,0,0,0,0,0,1,False,USAQUEN,BOSQUES DE MEDINA,Prado,3080.5,0,PARQUE METROPOLITANO EL COUNTRY,1668.39,0,0.08,,0.75,0.8,0.0,,0.02,672.3,0.0
34-62999,APARTAMENTO,VENTA,21.37,167.76,3.0,4.0,1100000.0,4.0,CHICO,6,ENTRE 5 Y 10 ANOS,4.66,-74.05,USADO,,0,1,0,0,1,0,0,0,0,0,False,CHAPINERO,LOS ROSALES,Calle 72,1534.86,0,PARQUE ZONAL GUSTAVO URIBE BOTERO,902.73,0,0.13,,1.33,0.75,0.0,,0.02,798.69,0.0
183-M4287874,APARTAMENTO,VENTA,20.79,147.0,3.0,3.0,743000.0,3.0,CHICO,6,MAS DE 20 ANOS,4.68,-74.05,USADO,,0,1,0,0,1,0,0,0,0,1,False,CHAPINERO,S.C. CHICO NORTE,Virrey,564.81,0,PARQUE VECINAL URBANIZACIÓN NORMANDIA I II II Y IV SECTOR,452.97,1,0.14,,1.0,1.0,0.0,,0.02,250.96,2.0
734-M4559943,APARTAMENTO,VENTA,19.11,45.0,3.0,1.0,3921395.93,0.0,ALTOS DE SUBA Y CERROS DE SAN JORGE,3,REMODELADO,4.76,-74.09,USADO,,0,0,0,0,1,0,0,0,0,1,False,SUBA,S.C. TUNA BAJA,Portal Suba,1153.2,0,PARQUE VECINAL URBANIZACIÓN VALLE DE REFOUS,864.63,0,0.42,,0.0,3.0,0.0,,0.07,1002.75,0.0
12375-M4554652,APARTAMENTO,VENTA,21.09,183.0,3.0,3.0,1706000.0,2.0,CHICO,6,MAS DE 20 ANOS,4.66,-74.05,USADO,,0,1,0,0,1,0,0,0,0,1,False,CHAPINERO,S.C. EL NOGAL,Héroes - Gel´Hada,1089.39,0,PARQUE ZONAL SAN ANDRÉS,111.32,1,0.12,,0.67,1.0,0.0,,0.02,264.28,3.0
11233-M4582214,APARTAMENTO,VENTA,19.55,79.0,4.0,2.0,125000.0,1.0,KENNEDY,3,MAS DE 20 ANOS,4.63,-74.15,USADO,,0,0,0,0,0,1,0,0,0,1,False,KENNEDY,BANDERAS,Banderas,531.2,0,PARQUE METROPOLITANO CAYETANO CAÑIZARES,898.09,0,0.25,,0.25,2.0,0.0,,0.05,1876.52,0.0
34-63446,APARTAMENTO,VENTA,21.6,167.0,2.0,3.0,1954000.0,2.0,CHICO,6,ENTRE 5 Y 10 ANOS,4.66,-74.05,USADO,,0,1,0,0,1,0,0,0,0,1,False,CHAPINERO,LOS ROSALES,Calle 76 - San Felipe,1597.16,0,PARQUE ZONAL SAN ANDRÉS,824.42,0,0.13,,1.0,0.67,0.0,,0.01,931.79,0.0
183-M4557518,APARTAMENTO,VENTA,20.41,122.0,4.0,3.0,455000.0,2.0,ALTOS DE SUBA Y CERROS DE SAN JORGE,6,REMODELADO,4.76,-74.07,USADO,,0,0,0,0,1,0,0,0,0,1,False,SUBA,URB. DEL MONTE,Portal Norte,2500.06,0,PARQUE ZONAL SAN JOSÉ DE BAVARIA,619.08,0,0.17,,0.5,1.33,0.0,,0.03,2613.03,0.0
5044-M4706886,APARTAMENTO,VENTA,21.25,158.0,3.0,3.0,1450000.0,3.0,SANTA BARBARA,6,ENTRE 10 Y 20 ANOS,4.69,-74.05,USADO,,0,0,0,0,1,1,0,0,0,1,False,USAQUEN,SAN PATRICIO,Calle 106,546.23,0,PARQUE ZONAL CANAL CORDOBA,1821.9,0,0.13,,1.0,1.0,0.0,,0.02,348.95,2.0
73-M3223340,APARTAMENTO,VENTA,19.61,44.09,1.0,1.0,240000.0,1.0,CENTRO Y ZONA COLONIAL,3,ENTRE 0 Y 5 ANOS,4.61,-74.07,USADO,,0,0,0,0,1,0,0,0,0,1,False,SANTA FE,LAS NIEVES,Las Nieves,277.42,1,PARQUE METROPOLITANO INDEPENDENCIA BICENTENARIO,709.28,0,0.44,,1.0,1.0,0.0,,0.02,583.72,0.0
73-M3290585,APARTAMENTO,VENTA,20.41,105.0,2.0,3.0,910000.0,2.0,,5,MAS DE 20 ANOS,4.68,-74.05,USADO,,0,0,0,0,0,0,0,0,0,1,False,CHAPINERO,S.C. EL CHICO,Virrey,784.97,0,PARQUE ZONAL CANAL EL VIRREY EL CHICO,278.04,1,0.19,,1.0,0.67,0.0,,0.02,200.38,3.0
4903-M4739074,APARTAMENTO,VENTA,20.39,92.0,2.0,3.0,730000.0,2.0,SANTA BARBARA,6,ENTRE 5 Y 10 ANOS,4.7,-74.03,USADO,,0,0,0,0,1,0,0,0,0,1,False,USAQUEN,SANTA BARBARA ORIENTAL,Calle 127,2690.74,0,PARQUE METROPOLITANO EL COUNTRY,991.63,0,0.22,,1.0,0.67,0.0,,0.02,555.13,0.0
3325-M4145524,APARTAMENTO,VENTA,19.16,47.0,3.0,2.0,137000.0,0.0,ORQUIDEAS,3,ENTRE 10 Y 20 ANOS,4.76,-74.03,USADO,,0,0,0,0,1,0,0,0,0,1,False,USAQUEN,SAN ANTONIO NORTE II SECTOR,Calle 187,1424.95,0,PARQUE VECINAL URBANIZACIÓN CALLE 170 / ALAMEDA,897.4,0,0.41,,0.0,1.5,0.0,,0.06,1460.27,0.0
815-M4535360,APARTAMENTO,VENTA,19.99,71.0,3.0,3.0,323800.0,1.0,CENTRO NARINO,4,MAS DE 20 ANOS,4.63,-74.08,USADO,,0,0,0,0,0,1,0,0,0,1,False,TEUSAQUILLO,GRAN AMERICA,Ciudad Universitaria - Lotería de Bogotá,359.42,1,PARQUE METROPOLITANO EL RENACIMIENTO - PARQUE CEMENTERIO CENTRAL,1317.32,0,0.28,,0.33,1.0,0.0,,0.04,1146.31,0.0
164-M4291499,APARTAMENTO,VENTA,20.18,86.67,3.0,2.0,657000.0,2.0,NIZA ALHAMBRA,4,ENTRE 5 Y 10 ANOS,4.69,-74.07,USADO,,0,0,0,0,1,0,0,0,0,1,False,SUBA,S.C. ANDES NORTE,Suba - Calle 100,221.88,1,PARQUE ZONAL CANAL RIO NEGRO,780.07,0,0.23,,0.67,1.5,0.0,,0.03,414.88,1.0
10159-M4705766,APARTAMENTO,VENTA,20.02,107.0,3.0,3.0,694000.0,2.0,NIZA ALHAMBRA,5,MAS DE 20 ANOS,4.7,-74.06,USADO,,0,1,0,0,1,0,0,0,0,1,False,SUBA,EL BATAN,Calle 127,640.43,0,PARQUE ZONAL ATABANZA,600.26,0,0.19,,0.67,1.0,0.0,,0.03,808.85,0.0
2529-M4485726,APARTAMENTO,VENTA,20.05,63.62,1.0,1.0,542000.0,1.0,CENTRO Y ZONA COLONIAL,3,ENTRE 10 Y 20 ANOS,4.6,-74.07,USADO,,0,0,0,1,0,0,0,0,0,1,False,SANTA FE,VERACRUZ__,Las Aguas - Centro Colombo Americano,249.5,1,PARQUE ZONAL SENDERO A MONSERRATE,989.86,0,0.32,,1.0,1.0,0.0,,0.02,33.91,5.0
34-M3750614,APARTAMENTO,VENTA,19.97,84.9,3.0,2.0,328700.0,1.0,ORQUIDEAS,4,ENTRE 10 Y 20 ANOS,4.75,-74.04,USADO,,0,0,0,0,1,0,0,0,0,1,False,USAQUEN,CANAPRO,Portal Norte,909.39,0,PARQUE VECINAL URBANIZACIÓN CALLE 170 / ALAMEDA,82.76,1,0.24,,0.33,1.5,0.0,,0.04,741.27,0.0
34-62491,APARTAMENTO,VENTA,21.3,203.0,3.0,4.0,1100000.0,3.0,CHICO,6,ENTRE 10 Y 20 ANOS,4.67,-74.04,USADO,,0,1,0,0,1,0,0,0,0,0,False,CHAPINERO,EL REFUGIO,Calle 85,1698.3,0,PARQUE VECINAL URBANIZACIÓN LA CABRERA,638.8,0,0.1,,1.0,0.75,0.0,,0.01,602.68,0.0
766-M4729648,APARTAMENTO,VENTA,19.99,84.0,3.0,3.0,385000.0,1.0,COLINA Y ALREDEDORES,4,ENTRE 10 Y 20 ANOS,4.73,-74.06,USADO,,0,0,0,0,1,0,0,0,0,1,False,SUBA,URB. EL MORAL II,Calle 142,830.98,0,PARQUE VECINAL PRADO PINZÓN,559.52,0,0.24,,0.33,1.0,0.0,,0.04,881.24,0.0
34-M3003160,APARTAMENTO,VENTA,21.31,276.66,4.0,5.0,1428000.0,2.0,CHICO,6,MAS DE 20 ANOS,4.67,-74.04,USADO,,0,1,0,0,1,0,0,0,0,1,False,CHAPINERO,CHICO ALTO,Calle 85,1905.18,0,PARQUE VECINAL URBANIZACIÓN LA CABRERA,845.13,0,0.08,,0.5,0.8,0.0,,0.01,801.69,0.0
73-M4596269,APARTAMENTO,VENTA,19.58,39.0,1.0,1.0,412000.0,1.0,CHAPINERO ALTO,4,MAS DE 20 ANOS,4.65,-74.06,USADO,,0,0,0,0,1,0,0,0,0,1,False,CHAPINERO,S.C. MARIA CRISTINA,Calle 63,651.2,0,PARQUE ZONAL GUSTAVO URIBE BOTERO,809.61,0,0.5,,1.0,1.0,0.0,,0.03,577.23,0.0
73-M3867787,APARTAMENTO,VENTA,20.45,54.81,1.0,1.0,1070000.0,1.0,SANTA BARBARA,6,ENTRE 0 Y 5 ANOS,4.69,-74.03,USADO,,0,0,0,0,1,0,0,0,0,1,False,USAQUEN,SANTA ANA ORIENTAL,Calle 106,2519.52,0,PARQUE METROPOLITANO EL COUNTRY,1887.06,0,0.37,,1.0,1.0,0.0,,0.02,454.91,1.0
164-M4442539,APARTAMENTO,VENTA,19.67,68.64,3.0,2.0,225600.0,1.0,SALITRE MODELIA,4,ENTRE 10 Y 20 ANOS,4.67,-74.13,USADO,,0,0,0,0,0,0,0,0,0,1,False,FONTIBON,CAPELLANIA,Modelia,1148.26,0,PARQUE VECINAL MODELIA SECTOR A,723.71,0,0.29,,0.33,1.5,0.0,,0.04,969.45,0.0
164-M4442307,APARTAMENTO,VENTA,20.14,96.33,3.0,2.0,506000.0,2.0,CEDRITOS,4,REMODELADO,4.73,-74.04,USADO,,0,0,0,0,1,0,0,0,0,1,False,USAQUEN,CAOBOS SALAZAR,Calle 146,1080.48,0,PARQUE VECINAL NUEVA URBANIZACIÓN EL CEDRITO,928.11,0,0.21,,0.67,1.5,0.0,,0.03,913.0,0.0
34-M3191495,APARTAMENTO,VENTA,20.29,104.12,3.0,2.0,535000.0,2.0,COUNTRY,5,ENTRE 10 Y 20 ANOS,4.71,-74.03,USADO,,0,0,0,0,1,0,0,0,0,1,False,USAQUEN,LISBOA_,Prado,2404.75,0,PARQUE VECINAL NUEVA URBANIZACIÓN EL CEDRITO,1101.48,0,0.19,,0.67,1.5,0.0,,0.03,247.08,3.0
34-64008,APARTAMENTO,VENTA,20.84,168.0,3.0,3.0,960000.0,3.0,SANTA BARBARA,6,ENTRE 10 Y 20 ANOS,4.7,-74.04,USADO,,0,0,0,0,1,0,0,0,0,1,False,USAQUEN,SANTA BARBARA OCCIDENTAL,Calle 127,1173.58,0,PARQUE METROPOLITANO EL COUNTRY,813.89,0,0.12,,1.0,1.0,0.0,,0.02,415.44,2.0
164-M4675732,APARTAMENTO,VENTA,19.76,26.3,3.0,2.0,499000.0,0.0,NIZA ALHAMBRA,5,MAS DE 20 ANOS,4.7,-74.06,USADO,,0,0,0,0,0,0,0,0,0,1,False,SUBA,LA ALHAMBRA SECTOR SUR,Pepe Sierra,694.32,0,PARQUE ZONAL CANAL CORDOBA,464.48,1,0.75,,0.0,1.5,0.0,,0.11,1100.65,0.0
2123-1906881,APARTAMENTO,VENTA,21.42,250.0,4.0,5.0,1100000.0,3.0,CHICO,6,ENTRE 10 Y 20 ANOS,4.67,-74.05,USADO,,0,0,0,0,1,0,0,0,0,0,False,CHAPINERO,LA CABRERA,Héroes - Gel´Hada,1323.46,0,PARQUE ZONAL SAN ANDRÉS,407.15,1,0.09,,0.75,0.8,0.0,,0.02,453.78,2.0
603-M4418103,APARTAMENTO,VENTA,21.42,162.0,2.0,4.0,801000.0,2.0,CHICO,6,ENTRE 0 Y 5 ANOS,4.66,-74.05,USADO,,0,0,0,0,0,1,1,0,0,1,False,CHAPINERO,LOS ROSALES,Calle 76 - San Felipe,1399.92,0,PARQUE ZONAL SAN ANDRÉS,659.47,0,0.13,,1.0,0.5,0.0,,0.01,783.28,0.0
164-M4668766,APARTAMENTO,VENTA,19.77,50.78,1.0,2.0,290000.0,1.0,CHAPINERO,4,REMODELADO,4.65,-74.07,USADO,,0,1,0,0,0,0,0,0,0,1,False,TEUSAQUILLO,EL CAMPIN,Movistar Arena,551.38,0,PARQUE VECINAL ARENA MOVISTAR,543.45,0,0.39,,1.0,0.5,0.0,,0.02,491.95,1.0
3057-M4505637,APARTAMENTO,VENTA,19.67,73.0,2.0,3.0,3921395.93,2.0,NIZA ALHAMBRA,5,MAS DE 20 ANOS,4.7,-74.06,USADO,,0,1,0,0,1,0,0,0,0,1,False,SUBA,LA ALHAMBRA SECTOR NORTE,Pepe Sierra,493.94,1,PARQUE ZONAL CANAL CORDOBA,701.78,0,0.27,,1.0,0.67,0.0,,0.03,810.52,0.0
3325-M3975387,APARTAMENTO,VENTA,20.34,134.5,3.0,4.0,800000.0,2.0,SANTA BARBARA,6,REMODELADO,4.7,-74.05,USADO,,0,0,0,0,1,0,0,0,0,1,False,USAQUEN,SAN PATRICIO,Pepe Sierra,371.04,1,PARQUE ZONAL CANAL CORDOBA,1496.67,0,0.15,,0.67,0.75,0.0,,0.02,308.58,1.0
16040-M4696714,APARTAMENTO,VENTA,19.97,119.0,3.0,2.0,530000.0,1.0,CEDRITOS,4,MAS DE 20 ANOS,4.72,-74.04,USADO,,0,1,0,0,0,0,0,0,0,1,False,USAQUEN,CEDRITOS,Alcalá,1606.91,0,PARQUE VECINAL NUEVA URBANIZACIÓN EL CEDRITO,535.48,0,0.17,,0.33,1.5,0.0,,0.03,73.43,1.0
164-M4215949,APARTAMENTO,VENTA,20.21,118.0,3.0,2.0,700000.0,1.0,CHICO,5,MAS DE 20 ANOS,4.68,-74.04,USADO,,0,0,0,0,1,0,0,0,0,1,False,CHAPINERO,CHICO RESERVADO,Calle 100 - Marketmedios,1621.68,0,PARQUE ZONAL CANAL EL VIRREY EL CHICO,1547.11,0,0.17,,0.33,1.5,0.0,,0.03,146.62,2.0
495-M4550211,APARTAMENTO,VENTA,20.44,100.0,3.0,2.0,1099000.0,2.0,CHICO,6,MAS DE 20 ANOS,4.68,-74.06,USADO,,0,0,0,0,0,0,0,0,0,1,False,CHAPINERO,S.C. EL CHICO,Virrey,223.03,1,PARQUE VECINAL URBANIZACIÓN NORMANDIA I II II Y IV SECTOR,211.45,1,0.2,,0.67,1.5,0.0,,0.03,446.33,1.0
603-M4421091,APARTAMENTO,VENTA,19.9,77.0,3.0,2.0,277000.0,1.0,LA SOLEDAD,4,ENTRE 5 Y 10 ANOS,4.64,-74.08,USADO,,0,0,0,0,1,0,0,0,0,1,False,TEUSAQUILLO,BELALCAZAR,Universidad Nacional,255.34,1,PARQUE ESCENARIO DEPORTIVO EL CAMPINCITO - CEAD,794.6,0,0.26,,0.33,1.5,0.0,,0.04,552.1,0.0
34-M3085432,APARTAMENTO,VENTA,21.29,131.0,3.0,3.0,512300.0,2.0,CORTIJO AUTOPISTA MEDELLIN,6,ENTRE 5 Y 10 ANOS,4.71,-74.09,USADO,,0,0,0,0,1,0,0,0,0,1,False,SUBA,OASIS DE SAN JORGE,Suba - AV. Boyacá,1720.04,0,PARQUE METROPOLITANO CEFE COMETAS,555.67,0,0.16,,0.67,1.0,0.0,,0.02,1813.19,0.0
34-64097,APARTAMENTO,VENTA,21.36,169.15,3.0,5.0,1050000.0,3.0,SANTA BARBARA,6,ENTRE 5 Y 10 ANOS,4.69,-74.05,USADO,,0,1,0,0,1,0,0,0,0,1,False,USAQUEN,SAN PATRICIO,Calle 106,257.39,1,PARQUE ZONAL CANAL CORDOBA,1423.82,0,0.13,,1.0,0.6,0.0,,0.02,490.64,1.0
504-M3733817,APARTAMENTO,VENTA,20.11,115.0,4.0,3.0,420000.0,0.0,,4,MAS DE 20 ANOS,4.63,-74.17,USADO,,0,0,0,0,0,0,0,0,0,1,False,KENNEDY,GRAN BRITALIA,Portal Américas,430.14,1,PARQUE ZONAL GILMA JIMENEZ (LAS MARGARITAS),799.41,0,0.17,,0.0,1.33,0.0,,0.03,2939.73,0.0
164-M3724312,APARTAMENTO,VENTA,19.87,75.8,3.0,2.0,294000.0,1.0,PUENTE ARANDA,4,ENTRE 5 Y 10 ANOS,4.6,-74.13,USADO,,0,0,0,0,1,0,0,0,0,1,True,PUENTE ARANDA,PUENTE ARANDA,General Santander,259.68,1,PARQUE ESCENARIO DEPORTIVO UNIDAD DEPORTIVA ESTADIO LA ALQUERÍA,452.57,1,0.26,,0.33,1.5,0.0,,0.04,820.22,0.0
34-M3147389,APARTAMENTO,VENTA,20.91,176.13,3.0,4.0,1213000.0,2.0,CHICO,6,MAS DE 20 ANOS,4.67,-74.05,USADO,,0,0,0,0,1,0,0,0,0,1,False,CHAPINERO,S.C. CHICO NORTE,Virrey,994.91,0,PARQUE ZONAL CANAL EL VIRREY EL CHICO,448.2,1,0.12,,0.67,0.75,0.0,,0.02,246.44,4.0
815-M4292946,APARTAMENTO,VENTA,20.6,190.0,3.0,4.0,793800.0,2.0,NIZA ALHAMBRA,5,MAS DE 20 ANOS,4.7,-74.07,USADO,,0,0,0,0,0,0,0,0,0,1,False,SUBA,PUENTE LARGO III SECTOR,Suba - Calle 116,401.32,1,PARQUE ZONAL CANAL CORDOBA,580.44,0,0.11,,0.67,0.75,0.0,,0.02,689.09,0.0
304-M3480148,APARTAMENTO,VENTA,20.98,166.7,4.0,4.0,750000.0,2.0,CERROS DE SUBA,6,MAS DE 20 ANOS,4.72,-74.08,USADO,,0,1,0,0,0,0,0,0,0,1,False,SUBA,NIZA SUBA - EL BALCON DE LINDARAJA,Suba - AV. Boyacá,860.09,0,PARQUE VECINAL AGRUPACIÓN DE VIVIENDA EN BALCON DE LINDARAJA,78.34,1,0.13,,0.5,1.0,0.0,,0.02,978.52,0.0
603-M4418072,APARTAMENTO,VENTA,20.21,76.0,2.0,2.0,650000.0,2.0,SANTA BARBARA,6,ENTRE 5 Y 10 ANOS,4.7,-74.04,USADO,,0,0,0,0,0,1,0,0,0,1,False,USAQUEN,SANTA BARBARA CENTRAL I SECTOR,Calle 127,1659.17,0,PARQUE METROPOLITANO EL COUNTRY,513.06,0,0.27,,1.0,1.0,0.0,,0.03,380.51,1.0
2969-M4471311,APARTAMENTO,VENTA,19.88,96.3,3.0,2.0,273000.0,1.0,ORQUIDEAS,6,ENTRE 5 Y 10 ANOS,4.77,-74.03,USADO,,0,0,0,0,1,0,0,0,0,1,False,USAQUEN,ANDALUCIA,Terminal,1171.38,0,PARQUE VECINAL DESARROLLO VERBENAL I,924.89,0,0.21,,0.33,1.5,0.0,,0.03,984.2,0.0
3229-M4561398,APARTAMENTO,VENTA,20.77,97.23,2.0,2.0,495600.0,4.0,SALITRE MODELIA,5,ENTRE 10 Y 20 ANOS,4.65,-74.11,USADO,,0,0,0,1,0,1,1,0,0,1,False,FONTIBON,CIUDAD SALITRE 3 A. ETAPA,El Tiempo - Maloka,735.08,0,PARQUE ZONAL SAUZALITO,303.53,1,0.21,,2.0,1.0,0.0,,0.02,134.69,3.0
3535-M4502916,APARTAMENTO,VENTA,20.44,164.46,3.0,2.0,246826.0,1.0,SANTA BARBARA,6,MAS DE 20 ANOS,4.68,-74.05,USADO,,0,0,0,0,1,0,0,0,0,1,False,USAQUEN,RINCON DEL CHICO,Calle 100 - Marketmedios,1191.13,0,PARQUE ZONAL CANAL EL VIRREY EL CHICO,1508.73,0,0.12,,0.33,1.5,0.0,,0.02,204.03,3.0
3325-M4078291,APARTAMENTO,VENTA,20.47,134.0,3.0,3.0,750000.0,2.0,SANTA BARBARA,6,ENTRE 10 Y 20 ANOS,4.69,-74.05,USADO,,0,1,0,0,1,0,0,0,0,1,False,USAQUEN,SAN PATRICIO,Calle 106,361.45,1,PARQUE ZONAL CANAL CORDOBA,1486.12,0,0.15,,0.67,1.0,0.0,,0.02,382.09,1.0
247-M4494638,APARTAMENTO,VENTA,19.16,53.5,4.0,2.0,3921395.93,0.0,ALTOS DE SUBA Y CERROS DE SAN JORGE,3,MAS DE 20 ANOS,4.76,-74.1,USADO,,0,0,0,0,0,0,0,0,0,1,False,SUBA,RINCON DE SANTA INES COMPARTIR SUBA,Portal Suba,1887.03,0,PARQUE ZONAL CEFE FONTANAR DEL RIO,1005.57,0,0.36,,0.0,2.0,0.0,,0.07,1604.99,0.0
2751-M4600489,APARTAMENTO,VENTA,20.14,88.0,3.0,2.0,333000000.0,1.0,SALITRE MODELIA,4,ENTRE 10 Y 20 ANOS,4.65,-74.11,USADO,,0,0,0,0,1,1,0,0,0,1,False,TEUSAQUILLO,CIUDAD SALITRE SURORIENTAL,Salitre - El Greco,803.37,0,PARQUE VECINAL URBANIZACIÓN SALITRE (GRECO),1052.18,0,0.23,,0.33,1.5,0.0,,0.03,606.99,0.0
3422-M4701088,APARTAMENTO,VENTA,20.21,112.0,3.0,3.0,630000.0,2.0,CEDRITOS,4,ENTRE 5 Y 10 ANOS,4.73,-74.05,USADO,,0,0,0,0,1,0,0,0,0,1,False,USAQUEN,CEDRO BOLIVAR,Mazurén,438.17,1,PARQUE VECINAL DESARROLLO ESTRELLA DEL NORTE,688.6,0,0.18,,0.67,1.0,0.0,,0.03,1447.91,0.0
346-M3779776,APARTAMENTO,VENTA,21.13,174.0,3.0,3.0,650000.0,2.0,COUNTRY,6,MAS DE 20 ANOS,4.71,-74.04,USADO,,0,0,0,0,1,0,0,0,0,1,False,USAQUEN,SABANALARGA,Prado,1128.46,0,PARQUE METROPOLITANO EL COUNTRY,802.0,0,0.12,,0.67,1.0,0.0,,0.02,662.56,0.0
3229-M4127988,APARTAMENTO,VENTA,20.56,100.0,2.0,2.0,700000.0,2.0,SANTA BARBARA,6,ENTRE 10 Y 20 ANOS,4.69,-74.05,USADO,,0,1,0,0,1,0,0,0,0,1,False,USAQUEN,SANTA BIBIANA,Calle 106,401.61,1,PARQUE VECINAL URBANIZACIÓN NORMANDIA I II II Y IV SECTOR,1582.38,0,0.21,,1.0,1.0,0.0,,0.02,692.72,0.0
11079-M4643202,APARTAMENTO,VENTA,20.18,140.0,3.0,3.0,671000.0,2.0,NIZA ALHAMBRA,5,MAS DE 20 ANOS,4.7,-74.06,USADO,,0,1,0,0,0,0,0,0,0,1,False,SUBA,EL BATAN,Calle 127,547.73,0,PARQUE ZONAL ATABANZA,510.61,0,0.14,,0.67,1.0,0.0,,0.02,712.71,0.0
346-M4477834,APARTAMENTO,VENTA,21.31,198.0,3.0,2.0,1100000.0,4.0,CHICO,6,ENTRE 10 Y 20 ANOS,4.68,-74.04,USADO,,0,0,0,0,1,0,0,0,0,1,False,CHAPINERO,CHICO RESERVADO,Calle 100 - Marketmedios,1696.59,0,PARQUE VECINAL URBANIZACIÓN LA CABRERA,1288.15,0,0.11,,1.33,1.5,0.0,,0.02,285.21,2.0
3858-1700858,APARTAMENTO,VENTA,20.66,110.0,2.0,3.0,860000.0,2.0,CHICO,6,ENTRE 0 Y 5 ANOS,4.68,-74.06,USADO,,0,1,0,1,1,0,0,0,0,1,False,CHAPINERO,S.C. CHICO NORTE,Virrey,332.42,1,PARQUE VECINAL URBANIZACIÓN NORMANDIA I II II Y IV SECTOR,187.95,1,0.19,,1.0,0.67,0.0,,0.02,443.8,1.0
10202-M3041813,APARTAMENTO,VENTA,19.34,65.0,3.0,2.0,3921395.93,1.0,KENNEDY,3,ENTRE 0 Y 5 ANOS,4.65,-74.15,USADO,,0,0,0,0,1,0,0,0,0,1,False,KENNEDY,S.C. TINTALA,Biblioteca Tintal,1877.28,0,PARQUE ZONAL SAN IGNACIO,758.07,0,0.3,,0.33,1.5,0.0,,0.05,2720.18,0.0
164-M3578671,APARTAMENTO,VENTA,19.76,56.03,3.0,2.0,235000.0,1.0,NORMANDIA,4,ENTRE 10 Y 20 ANOS,4.67,-74.11,USADO,,0,1,0,0,1,0,0,0,0,1,False,ENGATIVA,NORMANDIA,AV. Rojas,787.14,0,PARQUE ESCENARIO DEPORTIVO UNIDAD DEPORTIVA EL SALITRE SIMON BOLIVAR,994.94,0,0.35,,0.33,1.5,0.0,,0.05,148.38,1.0
183-M4435832,APARTAMENTO,VENTA,20.13,109.0,3.0,3.0,450000.0,1.0,CEDRITOS,4,MAS DE 20 ANOS,4.73,-74.04,USADO,,0,1,0,0,1,0,0,0,0,1,False,USAQUEN,CAOBOS SALAZAR,Calle 146,1602.48,0,PARQUE VECINAL NUEVA URBANIZACIÓN EL CEDRITO,507.59,0,0.18,,0.33,1.0,0.0,,0.03,471.24,1.0
3702-M4198536,APARTAMENTO,VENTA,20.82,132.0,2.0,4.0,1150000.0,2.0,,6,MAS DE 20 ANOS,4.67,-74.04,USADO,,0,1,0,0,1,0,0,0,0,1,False,CHAPINERO,S.C. CHICO NORTE,Virrey,1662.73,0,PARQUE VECINAL URBANIZACIÓN LA CABRERA,789.95,0,0.16,,1.0,0.5,0.0,,0.02,564.76,0.0
10139-M3728078,APARTAMENTO,VENTA,21.68,287.0,3.0,4.0,2140000.0,4.0,CHICO,6,MAS DE 20 ANOS,4.67,-74.04,USADO,,0,0,0,0,1,0,0,0,0,1,False,CHAPINERO,S.C. SEMINARIO,Virrey,1878.85,0,PARQUE VECINAL URBANIZACIÓN LA CABRERA,997.63,0,0.08,,1.33,0.75,0.0,,0.01,744.21,0.0
73-M3220778,APARTAMENTO,VENTA,20.14,109.0,3.0,2.0,379000.0,2.0,NICOLAS DE FEDERMAN,5,MAS DE 20 ANOS,4.65,-74.08,USADO,,0,0,0,0,1,0,0,0,0,1,False,TEUSAQUILLO,NICOLAS DE FEDERMAN,Campín - UAN,508.94,0,PARQUE ZONAL NICOLAS DE FEDERMAN 3,267.97,1,0.18,,0.67,1.5,0.0,,0.03,610.6,0.0
12503-M4680607,APARTAMENTO,VENTA,20.85,134.0,3.0,3.0,3921395.93,2.0,SANTA BARBARA,6,ENTRE 0 Y 5 ANOS,4.69,-74.04,USADO,,0,0,0,0,1,1,0,0,0,1,False,USAQUEN,SANTA BARBARA CENTRAL I Y II,Pepe Sierra,1570.7,0,PARQUE METROPOLITANO EL COUNTRY,1263.82,0,0.16,,0.67,1.0,0.0,,0.02,612.97,0.0
183-M3326173,APARTAMENTO,VENTA,20.77,159.0,3.0,4.0,980000.0,4.0,SANTA BARBARA,6,ENTRE 10 Y 20 ANOS,4.69,-74.04,USADO,,0,1,0,0,1,0,0,0,0,1,False,USAQUEN,SANTA BARBARA CENTRAL I Y II,Calle 106,1559.67,0,PARQUE METROPOLITANO EL COUNTRY,1652.16,0,0.13,,1.33,0.75,0.0,,0.02,560.57,0.0
183-M4177512,APARTAMENTO,VENTA,20.21,89.53,3.0,2.0,3921395.93,2.0,,4,ENTRE 10 Y 20 ANOS,4.69,-74.08,USADO,,0,0,0,0,0,0,0,0,0,1,False,ENGATIVA,S.C. SANTA ROSA,AV. Boyacá,290.52,1,PARQUE ZONAL BONANZA,729.9,0,0.23,,0.67,1.5,0.0,,0.03,127.26,3.0
164-M3232250,APARTAMENTO,VENTA,20.99,153.4,3.0,3.0,840000.0,1.0,CHICO,6,REMODELADO,4.65,-74.05,USADO,,0,0,0,0,1,0,0,0,0,1,False,CHAPINERO,S.C. EMAUS,Flores – Areandina,967.76,0,PARQUE ZONAL GUSTAVO URIBE BOTERO,430.58,1,0.14,,0.33,1.0,0.0,,0.02,246.94,4.0
12511-M4519993,APARTAMENTO,VENTA,21.19,170.0,2.0,3.0,780000.0,2.0,CHICO,6,MAS DE 20 ANOS,4.65,-74.05,USADO,,0,1,0,1,1,0,0,0,0,0,False,CHAPINERO,S.C. BELLAVISTA,Flores – Areandina,1417.11,0,PARQUE ZONAL GUSTAVO URIBE BOTERO,310.87,1,0.12,,1.0,0.67,0.0,,0.01,613.82,0.0
164-M4204717,APARTAMENTO,VENTA,20.58,136.28,3.0,4.0,1100000.0,2.0,SANTA BARBARA,6,ENTRE 10 Y 20 ANOS,4.69,-74.05,USADO,,0,1,0,0,1,0,0,0,0,1,False,USAQUEN,SAN PATRICIO,Calle 106,525.97,0,PARQUE ZONAL CANAL CORDOBA,1774.43,0,0.15,,0.67,0.75,0.0,,0.02,307.73,2.0
356-M4515405,APARTAMENTO,VENTA,21.35,268.0,3.0,4.0,1700000.0,4.0,CEDRITOS,6,ENTRE 10 Y 20 ANOS,4.72,-74.03,USADO,,0,1,0,1,1,1,0,0,0,1,False,USAQUEN,AGUA DULCE,Alcalá,2665.06,0,PARQUE VECINAL NUEVA URBANIZACIÓN EL CEDRITO,831.4,0,0.08,,1.33,0.75,0.0,,0.01,440.27,1.0
14236-M4657470,APARTAMENTO,VENTA,20.05,98.0,3.0,3.0,3921395.93,1.0,ENGATIVA,4,ENTRE 0 Y 5 ANOS,4.72,-74.13,USADO,,0,0,0,1,1,1,0,0,0,1,False,ENGATIVA,EL GACO - EL PORVENIR (PREDIO),Portal 80,3116.86,0,PARQUE METROPOLITANO PLANTA DE TRATAMIENTO SALITRE,1152.07,0,0.2,,0.33,1.0,0.0,,0.03,2791.76,0.0
9816-M3020028,APARTAMENTO,VENTA,21.49,210.0,3.0,4.0,1353000.0,3.0,CHAPINERO ALTO,6,ENTRE 10 Y 20 ANOS,4.65,-74.05,USADO,,0,1,0,0,1,0,0,0,0,1,False,CHAPINERO,S.C. LAS ACACIAS,Flores – Areandina,1419.04,0,PARQUE ZONAL GUSTAVO URIBE BOTERO,128.95,1,0.1,,1.0,0.75,0.0,,0.01,577.86,0.0
3858-M4472988,APARTAMENTO,VENTA,21.13,160.0,3.0,4.0,1000000.0,2.0,CHICO,6,MAS DE 20 ANOS,4.68,-74.04,USADO,,0,1,0,0,1,1,0,0,0,1,True,CHAPINERO,S.C. CHICO NORTE,Virrey,1650.61,0,PARQUE VECINAL URBANIZACIÓN LA CABRERA,1031.63,0,0.13,,0.67,0.75,0.0,,0.02,458.82,2.0
34-M3026109,APARTAMENTO,VENTA,21.22,316.44,4.0,5.0,3404000.0,4.0,SANTA BARBARA,6,MAS DE 20 ANOS,4.69,-74.05,USADO,,0,0,0,0,1,0,0,0,0,0,False,USAQUEN,SANTA BIBIANA,Calle 100 - Marketmedios,535.63,0,PARQUE VECINAL URBANIZACIÓN NORMANDIA I II II Y IV SECTOR,1251.21,0,0.07,,1.0,0.8,0.0,,0.01,665.13,0.0
346-M3679469,APARTAMENTO,VENTA,20.99,106.0,2.0,3.0,950000.0,2.0,CHICO,6,ENTRE 0 Y 5 ANOS,4.68,-74.05,USADO,,0,0,0,0,1,0,0,0,0,1,False,CHAPINERO,S.C. CHICO NORTE III SECTOR,Calle 100 - Marketmedios,449.89,1,PARQUE VECINAL URBANIZACIÓN NORMANDIA I II II Y IV SECTOR,843.12,0,0.2,,1.0,0.67,0.0,,0.02,263.56,2.0
495-M4317387,APARTAMENTO,VENTA,20.52,107.0,3.0,3.0,1096000.0,1.0,SANTA BARBARA,6,MAS DE 20 ANOS,4.69,-74.04,USADO,,0,1,0,0,0,0,0,0,0,1,False,USAQUEN,RINCON DEL CHICO,Calle 106,1406.09,0,PARQUE ZONAL CANAL EL VIRREY EL CHICO,1813.74,0,0.19,,0.33,1.0,0.0,,0.03,517.29,0.0
617-M4438435,APARTAMENTO,VENTA,21.06,166.0,2.0,3.0,2300000.0,2.0,CHAPINERO ALTO,5,ENTRE 10 Y 20 ANOS,4.65,-74.05,USADO,,0,1,0,0,1,0,0,0,0,1,False,CHAPINERO,S.C. EMAUS,Flores – Areandina,1046.92,0,PARQUE ZONAL GUSTAVO URIBE BOTERO,269.8,1,0.13,,1.0,0.67,0.0,,0.01,227.5,1.0
183-M3582321,APARTAMENTO,VENTA,20.56,144.86,3.0,3.0,790000.0,2.0,ALTOS DE SUBA Y CERROS DE SAN JORGE,5,ENTRE 10 Y 20 ANOS,4.71,-74.05,USADO,,0,1,0,0,1,0,0,0,0,1,False,USAQUEN,,Prado,452.83,1,PARQUE ZONAL ATABANZA,876.21,0,0.14,,0.67,1.0,0.0,,0.02,499.71,1.0
34-M3391983,APARTAMENTO,VENTA,21.19,211.93,2.0,3.0,914310.0,2.0,CHICO,6,MAS DE 20 ANOS,4.65,-74.05,USADO,,0,1,0,0,1,0,0,0,0,1,False,CHAPINERO,S.C. BELLAVISTA,Calle 72,1312.1,0,PARQUE ZONAL GUSTAVO URIBE BOTERO,472.53,1,0.1,,1.0,0.67,0.0,,0.01,573.61,0.0
2266-M4110385,APARTAMENTO,VENTA,20.11,77.0,1.0,2.0,580000.0,2.0,SANTA BARBARA,6,ENTRE 5 Y 10 ANOS,4.7,-74.04,USADO,,0,1,0,0,1,0,0,0,0,1,False,USAQUEN,SANTA BARBARA CENTRAL I Y II,Pepe Sierra,1456.39,0,PARQUE METROPOLITANO EL COUNTRY,1114.74,0,0.26,,2.0,0.5,0.0,,0.01,586.41,0.0
212-M4306289,APARTAMENTO,VENTA,20.95,220.0,3.0,4.0,1700000.0,2.0,SANTA BARBARA,6,MAS DE 20 ANOS,4.69,-74.04,USADO,,0,1,0,0,1,0,0,0,0,1,False,USAQUEN,SANTA BARBARA CENTRAL II SECTOR,Pepe Sierra,1863.47,0,PARQUE METROPOLITANO EL COUNTRY,1154.0,0,0.1,,0.67,0.75,0.0,,0.01,443.64,1.0
5044-M4089210,APARTAMENTO,VENTA,19.97,62.0,2.0,2.0,450000.0,2.0,COUNTRY,5,ENTRE 10 Y 20 ANOS,4.72,-74.04,USADO,,0,0,0,1,1,1,0,0,0,1,False,USAQUEN,EL CONTADOR,Alcalá,841.5,0,PARQUE VECINAL NUEVA URBANIZACIÓN EL CEDRITO,1264.58,0,0.32,,1.0,1.0,0.0,,0.03,335.17,1.0
34-M3167192,APARTAMENTO,VENTA,21.02,164.0,3.0,4.0,3921395.93,2.0,CHAPINERO ALTO,6,MAS DE 20 ANOS,4.65,-74.05,USADO,,0,1,0,0,1,0,0,0,0,1,False,CHAPINERO,S.C. LAS ACACIAS,Flores – Areandina,1415.36,0,PARQUE ZONAL GUSTAVO URIBE BOTERO,121.99,1,0.13,,0.67,0.75,0.0,,0.02,573.37,0.0
350-M3838241,APARTAMENTO,VENTA,19.87,63.48,3.0,2.0,3921395.93,1.0,METROPOLIS,3,ENTRE 0 Y 5 ANOS,4.67,-74.07,USADO,,0,0,0,0,0,0,0,0,0,1,False,BARRIOS UNIDOS,JUAN XXIII,Polo,329.96,1,PARQUE ZONAL LA ESTACIÓN,577.6,0,0.31,,0.33,1.5,0.0,,0.05,993.83,0.0
661-M4170228,APARTAMENTO,VENTA,20.32,76.08,3.0,3.0,390000.0,2.0,CENTRO Y ZONA COLONIAL,4,ENTRE 0 Y 5 ANOS,4.62,-74.08,USADO,,0,0,0,0,1,0,0,0,0,1,False,LOS MARTIRES,SANTA FE,Centro Memoria,165.23,1,PARQUE METROPOLITANO EL RENACIMIENTO - PARQUE CEMENTERIO CENTRAL,206.41,1,0.27,,0.67,1.0,0.0,,0.04,562.75,0.0
5044-M3502088,APARTAMENTO,VENTA,20.7,120.0,3.0,3.0,540000.0,2.0,CHICO,6,ENTRE 10 Y 20 ANOS,4.66,-74.05,USADO,,0,1,0,0,1,1,0,0,0,1,False,CHAPINERO,S.C. BELLAVISTA,Calle 72,1254.8,0,PARQUE ZONAL GUSTAVO URIBE BOTERO,696.04,0,0.17,,0.67,1.0,0.0,,0.02,505.17,0.0
RV-M4437922,APARTAMENTO,VENTA,20.07,71.0,3.0,2.0,257900.0,1.0,CHAPINERO,3,ENTRE 0 Y 5 ANOS,4.66,-74.07,USADO,,0,0,0,1,1,0,0,0,0,1,False,BARRIOS UNIDOS,LA PAZ,7 de Agosto,413.54,1,PARQUE ZONAL GIMNASIO DEL NORTE,429.02,1,0.28,,0.33,1.5,0.0,,0.04,1073.51,0.0
5545-M3991860,APARTAMENTO,VENTA,20.29,82.0,3.0,3.0,800000.0,1.0,CHICO,5,MAS DE 20 ANOS,4.68,-74.05,USADO,,0,1,0,0,1,0,0,0,0,1,False,CHAPINERO,S.C. CHICO NORTE,Virrey,716.11,0,PARQUE VECINAL URBANIZACIÓN NORMANDIA I II II Y IV SECTOR,611.15,0,0.25,,0.33,1.0,0.0,,0.04,241.12,2.0
183-M4515741,APARTAMENTO,VENTA,20.65,136.0,3.0,3.0,613000.0,1.0,SANTA BARBARA,6,MAS DE 20 ANOS,4.7,-74.04,USADO,,0,1,0,0,0,0,0,0,0,1,False,USAQUEN,SANTA BARBARA NORTE,Calle 127,1895.85,0,PARQUE METROPOLITANO EL COUNTRY,373.09,1,0.15,,0.33,1.0,0.0,,0.02,524.13,0.0
2529-M4485724,APARTAMENTO,VENTA,20.56,133.19,3.0,2.0,739000.0,2.0,CHICO,6,MAS DE 20 ANOS,4.66,-74.05,USADO,,0,0,0,0,1,0,0,0,0,1,False,CHAPINERO,LOS ROSALES,Calle 72,1559.41,0,PARQUE ZONAL SAN ANDRÉS,907.56,0,0.15,,0.67,1.5,0.0,,0.02,827.87,0.0
16496-M4659755,APARTAMENTO,VENTA,20.25,104.0,3.0,3.0,757000.0,2.0,COUNTRY,4,MAS DE 20 ANOS,4.71,-74.05,USADO,,0,1,0,0,1,1,1,0,0,1,False,USAQUEN,,Prado,379.12,1,PARQUE ZONAL ATABANZA,780.93,0,0.19,,0.67,1.0,0.0,,0.03,500.04,0.0
16189-M4657178,APARTAMENTO,VENTA,19.8,72.0,3.0,2.0,320000.0,1.0,170 Y ALREDORES,4,ENTRE 5 Y 10 ANOS,4.76,-74.06,USADO,,0,0,0,1,0,1,0,0,0,1,False,SUBA,VILLA DEL PRADO,Portal Norte,1379.65,0,PARQUE ZONAL SAN JOSÉ DE BAVARIA,705.32,0,0.28,,0.33,1.5,0.0,,0.04,1475.33,0.0
16288-M4563884,APARTAMENTO,VENTA,19.88,75.0,3.0,2.0,345000.0,1.0,COLINA Y ALREDEDORES,4,ENTRE 5 Y 10 ANOS,4.63,-74.11,USADO,,0,0,0,1,1,1,0,0,0,0,False,PUENTE ARANDA,PUENTE ARANDA,Distrito Grafiti,708.57,0,PARQUE METROPOLITANO PARQUE CENTRAL SIMÓN BOLÍVAR,235.65,1,0.27,,0.33,1.5,0.0,,0.04,786.59,0.0
10202-M3677521,APARTAMENTO,VENTA,19.28,58.0,3.0,2.0,3921395.93,1.0,KENNEDY,3,ENTRE 5 Y 10 ANOS,4.65,-74.15,USADO,,0,0,0,0,1,0,0,0,0,1,False,KENNEDY,S.C. TINTALA,Biblioteca Tintal,1921.49,0,PARQUE ZONAL SAN IGNACIO,777.56,0,0.33,,0.33,1.5,0.0,,0.05,2694.28,0.0
2671-M3485405,APARTAMENTO,VENTA,20.77,183.0,3.0,4.0,1235000.0,2.0,SANTA BARBARA,6,ENTRE 10 Y 20 ANOS,4.69,-74.05,USADO,,0,0,0,1,1,0,0,0,0,1,False,USAQUEN,SANTA BIBIANA,Calle 106,910.44,0,PARQUE VECINAL URBANIZACIÓN NORMANDIA I II II Y IV SECTOR,1679.57,0,0.11,,0.67,0.75,0.0,,0.02,552.92,0.0
183-M3684922,APARTAMENTO,VENTA,20.35,134.85,3.0,2.0,395000.0,2.0,CEDRITOS,4,ENTRE 10 Y 20 ANOS,4.73,-74.04,USADO,,0,1,0,0,1,0,0,0,0,1,False,USAQUEN,LOS CEDRITOS,Calle 142,626.75,0,PARQUE VECINAL PRADO PINZÓN,991.75,0,0.15,,0.67,1.5,0.0,,0.02,658.24,0.0
3229-M4602005,APARTAMENTO,VENTA,20.86,108.0,3.0,3.0,700000.0,2.0,SANTA BARBARA,6,ENTRE 0 Y 5 ANOS,4.69,-74.04,USADO,,0,0,0,1,1,0,0,0,0,1,False,USAQUEN,SANTA BARBARA CENTRAL I Y II,Calle 106,1555.49,0,PARQUE METROPOLITANO EL COUNTRY,1452.4,0,0.19,,0.67,1.0,0.0,,0.03,559.16,0.0
15061-M4424355,APARTAMENTO,VENTA,20.2,118.0,4.0,4.0,834000.0,2.0,CEDRITOS,4,MAS DE 20 ANOS,4.72,-74.03,USADO,,0,1,0,1,0,0,0,0,0,1,False,USAQUEN,CEDRITOS,Alcalá,2064.77,0,PARQUE VECINAL NUEVA URBANIZACIÓN EL CEDRITO,408.05,1,0.17,,0.5,1.0,0.0,,0.03,516.38,0.0
183-M4047818,APARTAMENTO,VENTA,19.5,73.0,3.0,2.0,180000.0,1.0,ENGATIVA,4,ENTRE 0 Y 5 ANOS,4.72,-74.13,USADO,,0,0,0,0,1,0,0,0,0,1,False,ENGATIVA,VILLAS DE ALCALA - LOS CEREZOS,Portal 80,2339.87,0,PARQUE ZONAL VILLAS DE GRANADA,858.59,0,0.27,,0.33,1.5,0.0,,0.04,2127.12,0.0
5521-M4627861,APARTAMENTO,VENTA,20.44,137.0,3.0,3.0,950000.0,2.0,CERROS DE SUBA,6,MAS DE 20 ANOS,4.72,-74.08,USADO,,0,0,0,0,0,1,0,0,0,1,False,SUBA,NIZA SUBA - URB. BALCON DEL LINDARAJA,Suba - AV. Boyacá,789.35,0,PARQUE VECINAL AGRUPACIÓN DE VIVIENDA EN BALCON DE LINDARAJA,381.34,1,0.15,,0.67,1.0,0.0,,0.02,1230.88,0.0
10366-M3427232,APARTAMENTO,VENTA,21.42,350.0,5.0,5.0,700000.0,2.0,COUNTRY,5,MAS DE 20 ANOS,4.72,-74.05,USADO,,0,1,0,0,1,0,0,0,0,1,False,USAQUEN,LA CALLEJA SANTACOLOMA,Prado,486.33,1,PARQUE VECINAL PRADO PINZÓN,1234.14,0,0.06,,0.4,1.0,0.0,,0.01,483.42,1.0
11369-M4500897,APARTAMENTO,VENTA,19.73,47.0,1.0,2.0,414000.0,1.0,COUNTRY,6,ENTRE 10 Y 20 ANOS,4.71,-74.05,USADO,,0,0,0,1,1,0,0,0,0,1,False,USAQUEN,LA CALLEJA,Calle 127,719.32,0,PARQUE METROPOLITANO EL COUNTRY,1036.2,0,0.42,,1.0,0.5,0.0,,0.02,492.52,1.0
953-M4699851,APARTAMENTO,VENTA,19.9,93.0,3.0,3.0,417000.0,1.0,COLINA Y ALREDEDORES,4,ENTRE 10 Y 20 ANOS,4.74,-74.06,USADO,,0,0,0,1,1,0,0,0,0,1,False,SUBA,CANTALEJO,Calle 161,1171.08,0,PARQUE VECINAL DESARROLLO CANTALEJO URBANIZACIÓN CANTALEJO MANZANA B,242.23,1,0.21,,0.33,1.0,0.0,,0.03,1627.49,0.0
5044-M4307286,APARTAMENTO,VENTA,20.67,177.0,3.0,3.0,1350000.0,3.0,CHICO,6,MAS DE 20 ANOS,4.68,-74.05,USADO,,0,0,0,0,1,1,0,0,0,1,False,CHAPINERO,S.C. CHICO NORTE III SECTOR,Calle 100 - Marketmedios,539.61,0,PARQUE VECINAL URBANIZACIÓN NORMANDIA I II II Y IV SECTOR,850.63,0,0.12,,1.0,1.0,0.0,,0.02,233.15,2.0
603-M4418422,APARTAMENTO,VENTA,19.54,59.0,3.0,2.0,264000.0,1.0,CEDRITOS,4,ENTRE 5 Y 10 ANOS,4.73,-74.04,USADO,,0,0,0,0,0,0,0,0,0,1,False,USAQUEN,LAS MARGARITAS I SECTOR,Calle 146,652.73,0,PARQUE VECINAL DESARROLLO ESTRELLA DEL NORTE,1077.76,0,0.33,,0.33,1.5,0.0,,0.05,1103.92,0.0
617-M4508104,APARTAMENTO,VENTA,20.65,99.17,2.0,3.0,800000.0,2.0,CHICO,6,ENTRE 0 Y 5 ANOS,4.69,-74.05,USADO,,0,0,0,1,1,0,0,0,0,1,False,CHAPINERO,S.C. CHICO NORTE III SECTOR,Calle 100 - Marketmedios,460.08,1,PARQUE VECINAL URBANIZACIÓN NORMANDIA I II II Y IV SECTOR,1020.38,0,0.21,,1.0,0.67,0.0,,0.02,386.45,2.0
953-M4652716,APARTAMENTO,VENTA,20.29,94.0,2.0,3.0,560000.0,2.0,CEDRITOS,4,ENTRE 5 Y 10 ANOS,4.73,-74.04,USADO,,1,1,0,1,1,0,1,0,0,1,False,USAQUEN,LOS CEDRITOS,Calle 142,855.92,0,PARQUE VECINAL NUEVA URBANIZACIÓN EL CEDRITO,1095.86,0,0.22,,1.0,0.67,0.0,,0.02,842.37,0.0
10139-M4359324,APARTAMENTO,VENTA,21.37,170.0,3.0,4.0,1073000.0,2.0,CHICO,6,ENTRE 0 Y 5 ANOS,4.67,-74.06,USADO,,0,0,0,1,1,1,1,0,0,1,False,CHAPINERO,S.C. ANTIGUO COUNTRY,Calle 85,287.43,1,PARQUE METROPOLITANO RECONCILIACIÓN,215.27,1,0.13,,0.67,0.75,0.0,,0.02,311.01,3.0
920-M3650440,APARTAMENTO,VENTA,19.5,19.0,1.0,1.0,115000.0,0.0,CENTRO Y ZONA COLONIAL,3,ENTRE 0 Y 5 ANOS,4.61,-74.07,USADO,,0,0,0,1,1,0,0,0,0,1,False,SANTA FE,LAS NIEVES,Las Nieves,277.42,1,PARQUE METROPOLITANO INDEPENDENCIA BICENTENARIO,709.28,0,1.03,,0.0,1.0,0.0,,0.05,583.72,0.0
920-M4073719,APARTAMENTO,VENTA,20.23,70.0,2.0,2.0,320000.0,2.0,CHAPINERO ALTO,4,ENTRE 10 Y 20 ANOS,4.64,-74.06,USADO,,0,0,0,0,1,0,0,0,0,1,False,CHAPINERO,S.C. LA SALLE,Calle 63,849.46,0,PARQUE ZONAL GUSTAVO URIBE BOTERO,896.72,0,0.29,,1.0,1.0,0.0,,0.03,829.59,0.0
661-M3904663,APARTAMENTO,VENTA,20.52,133.25,4.0,5.0,689700.0,2.0,COLINA Y ALREDEDORES,5,ENTRE 10 Y 20 ANOS,4.73,-74.06,USADO,,0,1,0,0,1,0,0,0,0,1,False,SUBA,OIKOS LA COLINA,Alcalá,1298.3,0,PARQUE VECINAL PRADO PINZÓN,935.62,0,0.15,,0.5,0.8,0.0,,0.03,293.43,2.0
2123-1977425,APARTAMENTO,VENTA,21.02,258.0,4.0,5.0,850000.0,4.0,SANTA BARBARA,6,ENTRE 10 Y 20 ANOS,4.7,-74.04,USADO,,0,1,0,1,1,1,0,0,0,1,True,USAQUEN,SANTA BARBARA OCCIDENTAL,Calle 127,1204.66,0,PARQUE METROPOLITANO EL COUNTRY,810.59,0,0.08,,1.0,0.8,0.0,,0.02,418.53,2.0
2123-1476461,APARTAMENTO,VENTA,20.86,165.0,3.0,4.0,800000.0,2.0,COUNTRY,6,ENTRE 10 Y 20 ANOS,4.72,-74.04,USADO,,0,1,0,1,1,0,0,0,0,0,True,USAQUEN,NUEVO COUNTRY,Alcalá,1231.71,0,PARQUE VECINAL NUEVA URBANIZACIÓN EL CEDRITO,1166.95,0,0.13,,0.67,0.75,0.0,,0.02,558.22,0.0
5031-M4506858,APARTAMENTO,VENTA,20.99,220.0,3.0,5.0,1050000.0,2.0,NIZA ALHAMBRA,4,MAS DE 20 ANOS,4.69,-74.06,USADO,,0,0,0,0,1,0,0,0,0,1,False,SUBA,DON MANUEL - LOS ARRAYANES,Suba - Calle 100,409.71,1,PARQUE ZONAL CANAL CORDOBA,1008.27,0,0.1,,0.67,0.6,0.0,,0.01,547.66,0.0
3057-M4591406,APARTAMENTO,VENTA,19.96,89.0,2.0,3.0,601000.0,2.0,CERROS DE SUBA,6,REMODELADO,4.72,-74.08,USADO,,0,1,0,0,1,0,0,0,0,1,False,SUBA,S.C. NIZA SUBA,Suba - AV. Boyacá,300.29,1,PARQUE VECINAL AGRUPACIÓN DE VIVIENDA EN BALCON DE LINDARAJA,619.68,0,0.22,,1.0,0.67,0.0,,0.02,972.13,0.0
346-M3873209,APARTAMENTO,VENTA,21.49,280.0,3.0,3.0,2200000.0,3.0,CHICO,6,MAS DE 20 ANOS,4.67,-74.04,USADO,,0,1,0,0,1,0,0,0,0,1,True,CHAPINERO,S.C. CHICO NORTE,Virrey,1741.84,0,PARQUE VECINAL URBANIZACIÓN LA CABRERA,738.5,0,0.08,,1.0,1.0,0.0,,0.01,663.64,0.0
304-M4656338,APARTAMENTO,VENTA,20.21,111.0,3.0,3.0,490000.0,2.0,ORQUIDEAS,4,ENTRE 10 Y 20 ANOS,4.74,-74.04,USADO,,0,1,0,0,1,0,0,0,0,1,False,USAQUEN,VILLAS DE ARANJUEZ,Toberin - Foundever,1297.75,0,PARQUE VECINAL URBANIZACIÓN TOBERIN,438.76,1,0.18,,0.67,1.0,0.0,,0.03,424.26,1.0
5545-M3789638,APARTAMENTO,VENTA,20.46,70.0,2.0,3.0,600000.0,1.0,CHICO,6,ENTRE 0 Y 5 ANOS,4.68,-74.06,USADO,,0,0,0,1,0,0,0,0,0,1,False,CHAPINERO,S.C. CHICO NORTE III SECTOR,Calle 100 - Marketmedios,392.8,1,PARQUE VECINAL URBANIZACIÓN NORMANDIA I II II Y IV SECTOR,394.09,1,0.29,,0.5,0.67,0.0,,0.03,333.78,1.0
3702-M3777395,APARTAMENTO,VENTA,21.09,167.0,3.0,3.0,687000.0,2.0,SANTA BARBARA,5,ENTRE 10 Y 20 ANOS,4.7,-74.03,USADO,,0,1,0,0,1,0,0,0,0,1,False,USAQUEN,LOS ALPES II SECTOR,Calle 127,2945.89,0,PARQUE METROPOLITANO EL COUNTRY,1270.9,0,0.13,,0.67,1.0,0.0,,0.02,560.01,0.0
5035-M4700930,APARTAMENTO,VENTA,19.57,70.0,3.0,2.0,250000.0,1.0,ALTOS DE SUBA Y CERROS DE SAN JORGE,3,ENTRE 10 Y 20 ANOS,4.75,-74.09,USADO,,0,0,0,1,1,0,0,0,0,1,False,SUBA,URB. VALLE PATRICIA Y VALLE REFOUS,Portal Suba,486.72,1,PARQUE VECINAL URBANIZACIÓN VALLE DE REFOUS,305.92,1,0.28,,0.33,1.5,0.0,,0.04,391.31,1.0
2398-M3524314,APARTAMENTO,VENTA,20.18,104.0,3.0,3.0,3921395.93,1.0,CHICO,6,MAS DE 20 ANOS,4.68,-74.06,USADO,,0,0,0,0,1,0,0,0,0,1,False,CHAPINERO,S.C. EL CHICO,Virrey,315.43,1,PARQUE VECINAL URBANIZACIÓN NORMANDIA I II II Y IV SECTOR,185.37,1,0.19,,0.33,1.0,0.0,,0.03,445.96,1.0
34-M3602604,APARTAMENTO,VENTA,21.69,264.0,4.0,4.0,1600000.0,4.0,CHICO,6,ENTRE 10 Y 20 ANOS,4.68,-74.06,USADO,,0,0,0,0,1,0,0,0,0,1,False,CHAPINERO,S.C. CHICO NORTE,Virrey,503.15,0,PARQUE VECINAL URBANIZACIÓN NORMANDIA I II II Y IV SECTOR,360.41,1,0.08,,1.0,1.0,0.0,,0.02,277.61,1.0
10323-M4231100,APARTAMENTO,VENTA,20.09,132.0,3.0,3.0,456000.0,0.0,CENTRO Y ZONA COLONIAL,4,MAS DE 20 ANOS,4.6,-74.07,USADO,,0,0,0,0,1,0,0,0,0,1,False,SANTA FE,LAS AGUAS,Las Aguas - Centro Colombo Americano,64.52,1,PARQUE ZONAL SENDERO A MONSERRATE,727.77,0,0.15,,0.0,1.0,0.0,,0.02,68.27,5.0
12495-M3568806,APARTAMENTO,VENTA,20.97,176.82,3.0,3.0,1112000.0,3.0,SANTA BARBARA,6,MAS DE 20 ANOS,4.7,-74.05,USADO,,0,1,0,0,1,0,0,0,0,1,False,USAQUEN,SANTA BARBARA OCCIDENTAL,Calle 127,1076.55,0,PARQUE METROPOLITANO EL COUNTRY,913.07,0,0.12,,1.0,1.0,0.0,,0.02,357.86,1.0
34-63502,APARTAMENTO,VENTA,21.47,189.0,3.0,3.0,1890000000.0,3.0,SANTA BARBARA,6,MAS DE 20 ANOS,4.69,-74.03,USADO,,0,1,0,0,1,0,0,0,0,1,False,USAQUEN,SANTA BARBARA ALTA,Calle 106,2983.22,0,PARQUE METROPOLITANO EL COUNTRY,1946.51,0,0.11,,1.0,1.0,0.0,,0.02,441.28,2.0
847-M4703387,APARTAMENTO,VENTA,21.68,348.0,5.0,5.0,2300000.0,4.0,SANTA BARBARA,6,ENTRE 0 Y 5 ANOS,4.69,-74.05,USADO,,0,1,1,0,0,0,0,0,0,1,False,USAQUEN,SANTA BIBIANA,Calle 106,778.67,0,PARQUE VECINAL URBANIZACIÓN NORMANDIA I II II Y IV SECTOR,1558.56,0,0.06,,0.8,1.0,0.0,,0.01,535.71,0.0
346-M4539653,APARTAMENTO,VENTA,20.07,71.14,3.0,2.0,235000.0,1.0,CHAPINERO,3,ENTRE 0 Y 5 ANOS,4.66,-74.08,USADO,,0,0,0,0,1,0,0,0,0,1,False,BARRIOS UNIDOS,BENJAMIN HERRERA,7 de Agosto,163.28,1,PARQUE ZONAL GIMNASIO DEL NORTE,290.15,1,0.28,,0.33,1.5,0.0,,0.04,762.13,0.0
346-M3691890,APARTAMENTO,VENTA,20.65,168.87,3.0,2.0,916000.0,2.0,SANTA BARBARA,6,ENTRE 10 Y 20 ANOS,4.7,-74.03,USADO,,0,1,0,0,1,0,0,0,0,1,False,USAQUEN,SANTA BARBARA ORIENTAL,Calle 127,2531.36,0,PARQUE METROPOLITANO EL COUNTRY,873.89,0,0.12,,0.67,1.5,0.0,,0.02,425.14,1.0
15922-M4604309,APARTAMENTO,VENTA,20.2,93.0,3.0,3.0,336000.0,2.0,CEDRITOS,4,ENTRE 5 Y 10 ANOS,4.72,-74.03,USADO,,0,0,0,1,1,0,0,0,0,1,False,USAQUEN,CEDRO NARVAEZ,Calle 142,2078.38,0,PARQUE VECINAL NUEVA URBANIZACIÓN EL CEDRITO,249.06,1,0.22,,0.67,1.0,0.0,,0.03,580.42,0.0
346-M3824728,APARTAMENTO,VENTA,20.82,163.4,3.0,3.0,1195000.0,3.0,SANTA BARBARA,5,ENTRE 10 Y 20 ANOS,4.7,-74.05,USADO,,0,1,0,0,1,0,0,0,0,1,False,USAQUEN,SANTA BARBARA OCCIDENTAL,Calle 127,298.39,1,PARQUE ZONAL ATABANZA,923.22,0,0.13,,1.0,1.0,0.0,,0.02,176.19,5.0
10202-M4057004,APARTAMENTO,VENTA,19.64,85.0,3.0,2.0,3921395.93,1.0,KENNEDY,3,ENTRE 5 Y 10 ANOS,4.65,-74.15,USADO,,0,0,0,0,1,0,0,0,0,1,False,KENNEDY,S.C. TINTALA - CIUDADELA NUEVA CASTILLA,Biblioteca Tintal,1598.76,0,PARQUE METROPOLITANO BIBLIOTECA EL TINTAL,782.79,0,0.23,,0.33,1.5,0.0,,0.04,2415.3,0.0
16108-M4433238,APARTAMENTO,VENTA,21.02,170.0,3.0,2.0,1060000.0,2.0,CHICO,6,MAS DE 20 ANOS,4.68,-74.05,USADO,,0,1,0,0,1,0,0,0,0,1,False,CHAPINERO,S.C. CHICO NORTE,Calle 100 - Marketmedios,735.43,0,PARQUE VECINAL URBANIZACIÓN NORMANDIA I II II Y IV SECTOR,736.07,0,0.12,,0.67,1.5,0.0,,0.02,206.56,3.0
4278-M3696141,APARTAMENTO,VENTA,20.44,123.0,3.0,3.0,564000.0,1.0,CHICO,5,MAS DE 20 ANOS,4.68,-74.05,USADO,,0,0,0,0,1,0,0,0,0,1,False,CHAPINERO,S.C. CHICO NORTE III SECTOR,Calle 100 - Marketmedios,879.93,0,PARQUE ZONAL CANAL EL VIRREY EL CHICO,1061.06,0,0.17,,0.33,1.0,0.0,,0.02,219.77,3.0
73-2864412,APARTAMENTO,VENTA,20.54,76.0,1.0,1.0,417230.0,1.0,CHICO,5,ENTRE 0 Y 5 ANOS,4.68,-74.05,USADO,,0,0,0,0,0,0,0,0,0,1,False,CHAPINERO,S.C. CHICO NORTE,Virrey,1115.25,0,PARQUE ZONAL CANAL EL VIRREY EL CHICO,674.84,0,0.27,,1.0,1.0,0.0,,0.01,85.72,2.0
633-M4517083,APARTAMENTO,VENTA,20.58,100.0,2.0,3.0,630000.0,2.0,CHAPINERO,4,ENTRE 0 Y 5 ANOS,4.65,-74.07,USADO,,0,0,0,0,1,0,0,0,0,1,False,TEUSAQUILLO,EL CAMPIN,Movistar Arena,572.49,0,PARQUE VECINAL ARENA MOVISTAR,559.51,0,0.21,,1.0,0.67,0.0,,0.02,526.31,0.0
304-M3709757,APARTAMENTO,VENTA,20.33,105.0,3.0,2.0,425000.0,1.0,,6,ENTRE 10 Y 20 ANOS,4.77,-74.06,USADO,,0,0,0,0,1,0,0,0,0,1,False,SUBA,SAN JOSE DE BAVARIA,Calle 187,2198.84,0,PARQUE ZONAL SAN JOSÉ DE BAVARIA,1391.57,0,0.19,,0.33,1.5,0.0,,0.03,2107.34,0.0
15061-M3866126,APARTAMENTO,VENTA,20.6,143.36,3.0,3.0,770000.0,2.0,COUNTRY,5,ENTRE 10 Y 20 ANOS,4.71,-74.03,USADO,,0,1,0,1,1,0,0,0,0,1,False,USAQUEN,CIUDADELA REAL,Prado,2605.22,0,PARQUE VECINAL NUEVA URBANIZACIÓN EL CEDRITO,1197.62,0,0.14,,0.67,1.0,0.0,,0.02,198.08,2.0
11013-M4697139,APARTAMENTO,VENTA,19.81,85.6,3.0,2.0,463000.0,2.0,CEDRITOS,4,ENTRE 10 Y 20 ANOS,4.72,-74.04,USADO,,0,1,0,0,1,0,0,0,0,1,False,USAQUEN,ACACIAS USAQUEN,Calle 142,1530.31,0,PARQUE VECINAL NUEVA URBANIZACIÓN EL CEDRITO,389.66,1,0.23,,0.67,1.5,0.0,,0.04,490.28,1.0
164-M3580886,APARTAMENTO,VENTA,21.64,360.0,4.0,5.0,3921395.93,3.0,CHICO,6,ENTRE 10 Y 20 ANOS,4.68,-74.04,USADO,,0,0,0,0,1,0,0,0,0,1,False,CHAPINERO,CHICO RESERVADO,Virrey,1889.89,0,PARQUE VECINAL URBANIZACIÓN LA CABRERA,1203.64,0,0.06,,0.75,0.8,0.0,,0.01,465.06,1.0
5031-M4506517,APARTAMENTO,VENTA,20.62,135.0,3.0,3.0,619000.0,0.0,SANTA BARBARA,5,MAS DE 20 ANOS,4.7,-74.05,USADO,,0,1,0,0,1,1,0,0,0,1,True,USAQUEN,SANTA BARBARA OCCIDENTAL,Calle 127,429.09,1,PARQUE ZONAL ATABANZA,1053.4,0,0.15,,0.0,1.0,0.0,,0.02,305.3,5.0
346-M4130445,APARTAMENTO,VENTA,20.18,63.28,1.0,1.0,650000.0,2.0,CHICO,6,ENTRE 5 Y 10 ANOS,4.68,-74.05,USADO,,0,0,0,0,1,0,0,0,0,1,False,CHAPINERO,S.C. CHICO NORTE III SECTOR,Calle 100 - Marketmedios,504.48,0,PARQUE VECINAL URBANIZACIÓN NORMANDIA I II II Y IV SECTOR,877.97,0,0.32,,2.0,1.0,0.0,,0.02,276.47,2.0
34-62850,APARTAMENTO,VENTA,20.29,167.75,2.0,4.0,785700.0,0.0,CENTRO INTERNACIONAL,3,MAS DE 20 ANOS,4.61,-74.07,USADO,,0,1,0,0,1,0,0,0,0,1,False,SANTA FE,SAN DIEGO,Museo Nacional,234.5,1,PARQUE METROPOLITANO INDEPENDENCIA BICENTENARIO,121.17,1,0.12,,0.0,0.5,0.0,,0.01,102.21,9.0
346-M3704997,APARTAMENTO,VENTA,20.56,150.0,3.0,3.0,832000.0,2.0,SANTA BARBARA,6,ENTRE 10 Y 20 ANOS,4.69,-74.06,USADO,,0,0,0,0,1,0,0,0,0,1,False,USAQUEN,SANTA BIBIANA,Calle 106,402.7,1,PARQUE VECINAL URBANIZACIÓN NORMANDIA I II II Y IV SECTOR,1385.36,0,0.14,,0.67,1.0,0.0,,0.02,849.01,0.0
346-M3695982,APARTAMENTO,VENTA,20.21,120.0,3.0,2.0,850000.0,2.0,NIZA ALHAMBRA,5,ENTRE 10 Y 20 ANOS,4.7,-74.06,USADO,,0,1,0,0,1,0,0,0,0,1,False,SUBA,PUENTE LARGO SECTOR I Y II,Puentelargo,567.74,0,PARQUE ZONAL CANAL CORDOBA,615.45,0,0.17,,0.67,1.5,0.0,,0.02,931.97,0.0
14-M4044098,APARTAMENTO,VENTA,19.84,83.0,3.0,2.0,278400.0,1.0,COLINA Y ALREDEDORES,4,ENTRE 10 Y 20 ANOS,4.73,-74.06,USADO,,0,1,0,0,0,0,0,0,0,1,False,SUBA,MAZUREN,Mazurén,767.79,0,PARQUE VECINAL URBANIZACIÓN LA LAGUNA,204.73,1,0.24,,0.33,1.5,0.0,,0.04,1189.5,0.0
183-M3906950,APARTAMENTO,VENTA,20.03,72.0,2.0,2.0,289000.0,1.0,SALITRE MODELIA,4,ENTRE 10 Y 20 ANOS,4.65,-74.11,USADO,,0,0,0,0,1,0,0,0,0,1,False,FONTIBON,CIUDAD SALITRE 3 A. ETAPA,El Tiempo - Maloka,883.82,0,PARQUE ZONAL SAUZALITO,274.09,1,0.28,,0.5,1.0,0.0,,0.03,297.41,2.0
346-M3674608,APARTAMENTO,VENTA,20.39,100.0,3.0,3.0,600000.0,4.0,,6,MAS DE 20 ANOS,4.7,-74.03,USADO,,0,0,0,0,1,0,0,0,0,1,False,USAQUEN,SANTA BARBARA CENTRAL IV SECTOR,Calle 127,2322.11,0,PARQUE METROPOLITANO EL COUNTRY,784.72,0,0.2,,1.33,1.0,0.0,,0.03,346.94,1.0
183-M3545140,APARTAMENTO,VENTA,20.26,117.5,3.0,2.0,800000.0,2.0,SANTA BARBARA,6,ENTRE 10 Y 20 ANOS,4.69,-74.04,USADO,,0,1,0,0,1,0,0,0,0,1,False,USAQUEN,SANTA BARBARA CENTRAL I Y II,Calle 106,1467.22,0,PARQUE METROPOLITANO EL COUNTRY,1578.5,0,0.17,,0.67,1.5,0.0,,0.03,591.89,0.0
164-M3658134,APARTAMENTO,VENTA,19.95,85.0,3.0,2.0,290000.0,1.0,FONTIBON TINTAL,4,ENTRE 0 Y 5 ANOS,4.67,-74.14,USADO,,0,0,0,0,1,0,0,0,0,1,False,FONTIBON,S.C. EL TINTAL CENTRAL,Portal El Dorado,2325.01,0,PARQUE VECINAL VILLA HELENA VILLEMAR,444.85,1,0.23,,0.33,1.5,0.0,,0.04,883.52,0.0
16108-M4433225,APARTAMENTO,VENTA,21.25,238.0,3.0,4.0,1700000.0,2.0,CHICO,6,MAS DE 20 ANOS,4.66,-74.05,USADO,,0,1,0,0,1,0,0,0,0,1,False,CHAPINERO,S.C. EL NOGAL,Calle 76 - San Felipe,1127.23,0,PARQUE ZONAL SAN ANDRÉS,188.17,1,0.09,,0.67,0.75,0.0,,0.01,380.64,3.0
16425-M4625341,APARTAMENTO,VENTA,20.18,98.2,3.0,4.0,670000.0,2.0,COUNTRY,5,ENTRE 10 Y 20 ANOS,4.72,-74.04,USADO,,0,1,0,0,1,0,0,0,0,1,False,USAQUEN,EL CONTADOR,Alcalá,985.48,0,PARQUE VECINAL NUEVA URBANIZACIÓN EL CEDRITO,1041.49,0,0.21,,0.67,0.75,0.0,,0.03,477.68,1.0
617-M4658546,APARTAMENTO,VENTA,20.37,118.04,3.0,3.0,525600.0,2.0,NIZA ALHAMBRA,4,ENTRE 10 Y 20 ANOS,4.69,-74.07,USADO,,0,1,0,0,1,0,0,0,0,0,False,SUBA,S.C. ANDES NORTE,Puentelargo,152.27,1,PARQUE ZONAL MORATO,761.97,0,0.17,,0.67,1.0,0.0,,0.03,552.8,0.0
93-M4578735,APARTAMENTO,VENTA,20.29,98.0,3.0,2.0,567200.0,1.0,CHAPINERO ALTO,4,MAS DE 20 ANOS,4.65,-74.06,USADO,,0,0,0,0,1,0,0,0,0,1,False,CHAPINERO,S.C. CHAPINERO NORTE,Calle 63,673.46,0,PARQUE ZONAL GUSTAVO URIBE BOTERO,759.24,0,0.21,,0.33,1.5,0.0,,0.03,420.01,1.0
989-M4521020,APARTAMENTO,VENTA,20.09,80.0,3.0,2.0,3921395.93,1.0,ORQUIDEAS,4,ENTRE 0 Y 5 ANOS,4.75,-74.03,USADO,,0,0,0,0,1,0,0,0,0,1,False,USAQUEN,SANTA TERESA,Toberin - Foundever,2237.52,0,PARQUE ZONAL SERVITA,449.33,1,0.25,,0.33,1.5,0.0,,0.04,1062.74,0.0
13753-M4603939,APARTAMENTO,VENTA,19.58,38.37,1.0,2.0,257300.0,1.0,CEDRITOS,4,ENTRE 5 Y 10 ANOS,4.73,-74.03,USADO,,0,0,0,1,1,0,1,0,0,1,False,USAQUEN,CAOBOS SALAZAR,Calle 142,1936.3,0,PARQUE VECINAL NUEVA URBANIZACIÓN EL CEDRITO,193.4,1,0.51,,1.0,0.5,0.0,,0.03,558.62,0.0
771-M4566673,APARTAMENTO,VENTA,21.22,200.0,3.0,4.0,1200000.0,3.0,COUNTRY,6,ENTRE 5 Y 10 ANOS,4.71,-74.04,USADO,,0,1,0,1,1,0,0,0,0,1,False,USAQUEN,LA_CAROLINA,Calle 127,1473.84,0,PARQUE METROPOLITANO EL COUNTRY,330.95,1,0.11,,1.0,0.75,0.0,,0.02,359.69,1.0
183-M4146538,APARTAMENTO,VENTA,21.16,163.33,3.0,4.0,1000000.0,3.0,COUNTRY,5,ENTRE 5 Y 10 ANOS,4.71,-74.03,USADO,,0,1,0,0,1,0,0,0,0,1,False,USAQUEN,BELLA SUIZA,Prado,2394.81,0,PARQUE METROPOLITANO EL COUNTRY,697.14,0,0.13,,1.0,0.75,0.0,,0.02,432.38,1.0
2671-M3258412,APARTAMENTO,VENTA,21.51,287.0,3.0,4.0,1700000.0,3.0,CHICO,6,MAS DE 20 ANOS,4.66,-74.05,USADO,,0,1,0,1,0,0,0,0,0,1,False,CHAPINERO,LOS ROSALES,Calle 72,1578.93,0,PARQUE ZONAL GUSTAVO URIBE BOTERO,758.3,0,0.07,,1.0,0.75,0.0,,0.01,827.83,0.0
633-M3388798,APARTAMENTO,VENTA,20.41,101.0,2.0,2.0,625000.0,2.0,CEDRITOS,5,ENTRE 0 Y 5 ANOS,4.73,-74.02,USADO,,0,0,0,0,1,0,0,0,0,1,False,USAQUEN,BOSQUE DE PINOS III,Mazurén,2905.07,0,PARQUE ZONAL ALTA BLANCA,737.46,0,0.2,,1.0,1.0,0.0,,0.02,1026.29,0.0
346-M3824695,APARTAMENTO,VENTA,20.21,111.0,3.0,2.0,512000.0,2.0,CEDRITOS,4,REMODELADO,4.72,-74.03,USADO,,0,1,0,0,1,0,0,0,0,1,False,USAQUEN,LAS_ACACIAS,Calle 142,2384.67,0,PARQUE VECINAL NUEVA URBANIZACIÓN EL CEDRITO,490.65,1,0.18,,0.67,1.5,0.0,,0.03,628.15,0.0
3229-M3570952,APARTAMENTO,VENTA,21.34,223.0,4.0,5.0,850000.0,3.0,SALITRE MODELIA,5,ENTRE 5 Y 10 ANOS,4.66,-74.11,USADO,,1,1,0,1,1,0,0,0,0,0,False,FONTIBON,LA ESPERANZA NORTE,AV. Rojas,526.77,0,PARQUE VECINAL CARLOS LLERAS (EL FUEGO),440.05,1,0.1,,0.75,0.8,0.0,,0.02,628.12,0.0
346-M3719025,APARTAMENTO,VENTA,20.33,62.13,1.0,1.0,371800.0,2.0,CHICO,6,ENTRE 0 Y 5 ANOS,4.67,-74.05,USADO,,0,1,0,0,1,0,0,0,0,1,False,CHAPINERO,EL REFUGIO,Héroes - Gel´Hada,1691.71,0,PARQUE VECINAL URBANIZACIÓN LA CABRERA,707.55,0,0.33,,2.0,1.0,0.0,,0.02,698.67,0.0
5545-M4174394,APARTAMENTO,VENTA,20.6,130.0,3.0,3.0,795200.0,2.0,SANTA BARBARA,5,MAS DE 20 ANOS,4.7,-74.04,USADO,,0,1,0,1,1,0,0,0,0,1,False,USAQUEN,SANTA BARBARA CENTRAL III SECTOR,Pepe Sierra,2198.11,0,PARQUE METROPOLITANO EL COUNTRY,1058.43,0,0.16,,0.67,1.0,0.0,,0.02,403.61,1.0
16108-M4433222,APARTAMENTO,VENTA,20.91,196.0,3.0,3.0,1070000.0,3.0,SANTA BARBARA,5,MAS DE 20 ANOS,4.7,-74.04,USADO,,0,1,0,1,1,0,0,0,0,1,False,USAQUEN,SANTA BARBARA OCCIDENTAL,Pepe Sierra,1224.16,0,PARQUE METROPOLITANO EL COUNTRY,978.69,0,0.11,,1.0,1.0,0.0,,0.02,383.52,1.0
10366-7451,APARTAMENTO,VENTA,20.82,220.0,3.0,4.0,768000.0,2.0,CERROS DE SUBA,6,ENTRE 10 Y 20 ANOS,4.72,-74.08,USADO,,0,1,0,0,1,0,0,0,0,1,False,SUBA,NIZA SUBA - EL BALCON DE LINDARAJA,Suba - AV. Boyacá,703.79,0,PARQUE VECINAL AGRUPACIÓN DE VIVIENDA EN BALCON DE LINDARAJA,340.63,1,0.09,,0.67,0.75,0.0,,0.01,1131.2,0.0
11203-M4294277,APARTAMENTO,VENTA,20.6,155.0,3.0,3.0,759000.0,2.0,SANTA BARBARA,6,MAS DE 20 ANOS,4.69,-74.05,USADO,,0,1,0,1,1,0,0,0,0,1,False,USAQUEN,SANTA BIBIANA,Calle 106,455.18,1,PARQUE ZONAL CANAL CORDOBA,1786.37,0,0.13,,0.67,1.0,0.0,,0.02,461.75,1.0
5545-M4489689,APARTAMENTO,VENTA,20.03,115.35,3.0,3.0,790000.0,2.0,CEDRITOS,5,MAS DE 20 ANOS,4.71,-74.04,USADO,,0,0,0,0,1,0,0,0,0,1,False,USAQUEN,PLENITUD LA CALLEJA,Prado,1293.82,0,PARQUE METROPOLITANO EL COUNTRY,647.67,0,0.17,,0.67,1.0,0.0,,0.03,632.41,0.0
12511-M4700918,APARTAMENTO,VENTA,20.46,114.0,3.0,3.0,563000.0,2.0,CEDRITOS,4,ENTRE 5 Y 10 ANOS,4.72,-74.04,USADO,,0,1,0,1,1,0,0,0,0,1,False,USAQUEN,CEDRITOS,Calle 142,1523.71,0,PARQUE VECINAL NUEVA URBANIZACIÓN EL CEDRITO,469.98,1,0.18,,0.67,1.0,0.0,,0.03,280.66,1.0
14774-M3648479,APARTAMENTO,VENTA,20.13,81.54,2.0,2.0,3921395.93,1.0,CENTRO NARINO,4,ENTRE 0 Y 5 ANOS,4.63,-74.09,USADO,,0,0,0,0,1,0,0,0,0,0,False,TEUSAQUILLO,EL_RECUERDO,Recinto Ferial,254.93,1,PARQUE VECINAL SANTA CLARA,1015.08,0,0.25,,0.5,1.0,0.0,,0.02,1299.06,0.0
3229-M4557913,APARTAMENTO,VENTA,20.89,118.6,3.0,3.0,530000.0,2.0,SALITRE MODELIA,5,ENTRE 10 Y 20 ANOS,4.64,-74.11,USADO,,0,0,0,0,1,1,0,0,0,1,False,TEUSAQUILLO,CIUDAD SALITRE SURORIENTAL,CAN,875.94,0,PARQUE METROPOLITANO PARQUE CENTRAL SIMÓN BOLÍVAR,1038.6,0,0.18,,0.67,1.0,0.0,,0.03,728.77,0.0
3422-M4701100,APARTAMENTO,VENTA,20.42,107.0,3.0,3.0,930000.0,2.0,SANTA BARBARA,6,ENTRE 5 Y 10 ANOS,4.69,-74.04,USADO,,0,1,0,0,1,0,0,0,0,1,False,USAQUEN,SANTA BARBARA CENTRAL III SECTOR,Pepe Sierra,2111.64,0,PARQUE METROPOLITANO EL COUNTRY,1187.39,0,0.19,,0.67,1.0,0.0,,0.03,393.58,1.0
16057-M4381307,APARTAMENTO,VENTA,20.36,112.0,3.0,2.0,340000.0,2.0,,5,ENTRE 5 Y 10 ANOS,4.74,-74.06,USADO,,0,1,0,0,1,0,1,0,0,1,False,SUBA,URB. LA SIRENA,Gratamira,1604.45,0,PARQUE VECINAL DESARROLLO CANTALEJO URBANIZACIÓN CANTALEJO MANZANA B,958.92,0,0.18,,0.67,1.5,0.0,,0.03,558.24,0.0
272-M4695047,APARTAMENTO,VENTA,19.55,42.22,2.0,1.0,261000.0,1.0,CENTRO NARINO,4,MAS DE 20 ANOS,4.63,-74.1,USADO,,0,0,0,0,1,0,0,0,0,1,False,TEUSAQUILLO,ORTEZAL CADIZ,Quinta Paredes,662.8,0,PARQUE VECINAL SANTA CLARA,83.8,1,0.46,,0.5,2.0,0.0,,0.05,661.74,0.0
495-M4465877,APARTAMENTO,VENTA,20.37,166.0,3.0,4.0,602000.0,2.0,CHICO,6,MAS DE 20 ANOS,4.68,-74.06,USADO,,0,0,0,0,0,0,0,0,0,1,False,CHAPINERO,S.C. CHICO NORTE III SECTOR,Calle 100 - Marketmedios,130.49,1,PARQUE VECINAL URBANIZACIÓN NORMANDIA I II II Y IV SECTOR,664.26,0,0.12,,0.67,0.75,0.0,,0.02,406.57,1.0
989-M3930516,APARTAMENTO,VENTA,19.67,75.0,3.0,2.0,199000.0,1.0,COLINA Y ALREDEDORES,4,ENTRE 10 Y 20 ANOS,4.75,-74.07,USADO,,0,0,0,0,1,0,0,0,0,1,False,SUBA,URB. PIEDEMONTE,21 Ángeles,2316.01,0,PARQUE ZONAL SAN JOSÉ DE BAVARIA,607.23,0,0.26,,0.33,1.5,0.0,,0.04,2063.74,0.0
2123-M4417162,APARTAMENTO,VENTA,20.14,100.0,3.0,3.0,500000.0,2.0,NIZA ALHAMBRA,5,ENTRE 10 Y 20 ANOS,4.7,-74.06,USADO,,0,1,0,0,1,1,0,0,0,1,False,SUBA,MALIBU,Calle 127,775.79,0,PARQUE ZONAL CANAL CORDOBA,464.42,1,0.2,,0.67,1.0,0.0,,0.03,946.6,0.0
34-M3338113,APARTAMENTO,VENTA,20.67,194.53,3.0,3.0,938100.0,2.0,CHICO,6,MAS DE 20 ANOS,4.67,-74.04,USADO,,0,1,0,0,1,0,0,0,0,1,False,CHAPINERO,CHICO ORIENTAL,Calle 85,1741.43,0,PARQUE VECINAL URBANIZACIÓN LA CABRERA,686.1,0,0.11,,0.67,1.0,0.0,,0.02,633.28,0.0
34-64332,APARTAMENTO,VENTA,21.77,288.0,3.0,4.0,2300000.0,4.0,CHICO,6,ENTRE 10 Y 20 ANOS,4.66,-74.05,USADO,,0,1,0,0,1,0,0,0,0,1,False,CHAPINERO,S.C. BELLAVISTA,Calle 72,1537.79,0,PARQUE ZONAL GUSTAVO URIBE BOTERO,662.15,0,0.08,,1.33,0.75,0.0,,0.01,786.59,0.0
2123-3462565,APARTAMENTO,VENTA,20.91,190.0,3.0,3.0,960000.0,3.0,COUNTRY,6,ENTRE 10 Y 20 ANOS,4.72,-74.03,USADO,,0,0,0,0,1,0,0,0,0,1,False,USAQUEN,MONTEARROYO,Alcalá,2780.81,0,PARQUE VECINAL NUEVA URBANIZACIÓN EL CEDRITO,1040.21,0,0.11,,1.0,1.0,0.0,,0.02,331.43,1.0
34-64698,APARTAMENTO,VENTA,21.34,168.0,2.0,4.0,1030000.0,2.0,CHICO,6,ENTRE 5 Y 10 ANOS,4.66,-74.05,USADO,,0,1,0,0,1,0,0,0,0,1,False,CHAPINERO,S.C. EL NOGAL,Calle 76 - San Felipe,1273.38,0,PARQUE ZONAL SAN ANDRÉS,416.27,1,0.13,,1.0,0.5,0.0,,0.01,604.77,0.0
973-M4203704,APARTAMENTO,VENTA,20.37,118.0,3.0,3.0,530000.0,2.0,COLINA Y ALREDEDORES,5,ENTRE 5 Y 10 ANOS,4.73,-74.06,USADO,,0,0,0,0,1,0,0,0,0,1,False,SUBA,SAN JOSE DEL PRADO - URB. ECHEVERRIA,Alcalá,1121.92,0,PARQUE VECINAL PRADO PINZÓN,755.62,0,0.17,,0.67,1.0,0.0,,0.03,324.88,1.0
679-M4692891,APARTAMENTO,VENTA,19.72,59.9,1.0,1.0,264800.0,1.0,SANTA BARBARA,6,MAS DE 20 ANOS,4.7,-74.03,USADO,,0,0,0,0,1,0,0,0,0,1,False,USAQUEN,SANTA BARBARA CENTRAL IV SECTOR,Calle 127,2326.65,0,PARQUE METROPOLITANO EL COUNTRY,636.31,0,0.33,,1.0,1.0,0.0,,0.02,602.12,0.0
681-M4038138,APARTAMENTO,VENTA,20.5,142.0,3.0,4.0,585000.0,2.0,COLINA Y ALREDEDORES,4,ENTRE 5 Y 10 ANOS,4.72,-74.06,USADO,,0,1,0,0,1,0,0,0,0,1,False,SUBA,SAN RAFAEL NORTE,Alcalá,1065.2,0,PARQUE VECINAL PRADO PINZÓN,789.44,0,0.14,,0.67,0.75,0.0,,0.02,212.75,1.0
14493-M4544546,APARTAMENTO,VENTA,20.91,169.0,3.0,2.0,2600000.0,3.0,CHICO,6,MAS DE 20 ANOS,4.67,-74.04,USADO,,0,0,0,0,1,0,0,0,0,1,False,CHAPINERO,EL REFUGIO,Héroes - Gel´Hada,1701.72,0,PARQUE VECINAL URBANIZACIÓN LA CABRERA,684.06,0,0.12,,1.0,1.5,0.0,,0.02,667.16,0.0
2266-M4146030,APARTAMENTO,VENTA,19.76,71.0,3.0,2.0,350000.0,1.0,,4,ENTRE 0 Y 5 ANOS,4.75,-74.03,USADO,,0,0,0,1,1,1,1,0,0,1,False,USAQUEN,LA GRANJA NORTE,Portal Norte,2158.5,0,PARQUE ZONAL SERVITA,847.76,0,0.28,,0.33,1.5,0.0,,0.04,997.37,0.0
346-M4033753,APARTAMENTO,VENTA,21.19,200.0,3.0,3.0,1238400.0,4.0,CHICO,6,MAS DE 20 ANOS,4.67,-74.05,USADO,,0,1,0,0,0,0,0,0,0,1,False,CHAPINERO,S.C. EL NOGAL,Héroes - Gel´Hada,986.66,0,PARQUE ZONAL SAN ANDRÉS,29.38,1,0.11,,1.33,1.0,0.0,,0.02,178.22,4.0
346-M3813943,APARTAMENTO,VENTA,20.58,116.0,3.0,2.0,3921395.93,2.0,CENTRO NARINO,4,ENTRE 0 Y 5 ANOS,4.63,-74.09,USADO,,0,0,0,0,1,0,0,0,0,1,False,TEUSAQUILLO,ORTEZAL_,Quinta Paredes,569.3,0,PARQUE VECINAL SANTA CLARA,313.1,1,0.18,,0.67,1.5,0.0,,0.03,807.94,0.0
346-M4529411,APARTAMENTO,VENTA,19.67,74.72,3.0,3.0,224000.0,1.0,ORQUIDEAS,4,ENTRE 10 Y 20 ANOS,4.74,-74.03,USADO,,0,0,0,0,1,0,0,0,0,1,False,USAQUEN,VILLAS DE ARANJUEZ,Toberin - Foundever,1610.93,0,PARQUE VECINAL URBANIZACIÓN TOBERIN,757.17,0,0.26,,0.33,1.0,0.0,,0.04,556.36,0.0
10366-M3984033,APARTAMENTO,VENTA,21.75,300.0,3.0,4.0,1700000.0,4.0,CHICO,6,ENTRE 0 Y 5 ANOS,4.68,-74.06,USADO,,0,1,0,0,1,0,0,0,0,1,False,CHAPINERO,S.C. EL CHICO,Virrey,119.55,1,PARQUE VECINAL URBANIZACIÓN NORMANDIA I II II Y IV SECTOR,122.81,1,0.07,,1.33,0.75,0.0,,0.01,544.27,0.0
304-M4262002,APARTAMENTO,VENTA,20.37,115.0,3.0,3.0,679000.0,2.0,SANTA BARBARA,6,ENTRE 10 Y 20 ANOS,4.69,-74.04,USADO,,0,1,0,0,0,0,0,0,0,1,False,USAQUEN,SANTA BARBARA CENTRAL I Y II,Calle 106,1354.3,0,PARQUE METROPOLITANO EL COUNTRY,1727.56,0,0.18,,0.67,1.0,0.0,,0.03,558.01,0.0
164-M4659251,APARTAMENTO,VENTA,19.95,81.85,3.0,3.0,3921395.93,1.0,COLINA Y ALREDEDORES,4,ENTRE 10 Y 20 ANOS,4.74,-74.06,USADO,,0,0,0,0,0,0,0,0,0,1,False,SUBA,URB. CARIMAGUA I,Calle 161,1241.91,0,PARQUE VECINAL DESARROLLO CANTALEJO URBANIZACIÓN CANTALEJO MANZANA B,317.76,1,0.24,,0.33,1.0,0.0,,0.04,1179.22,0.0
5044-M4419459,APARTAMENTO,VENTA,21.28,300.0,4.0,5.0,1264000.0,4.0,COUNTRY,6,MAS DE 20 ANOS,4.71,-74.03,USADO,,0,0,0,0,1,1,0,0,0,1,False,USAQUEN,BOSQUES DE MEDINA,Prado,2805.47,0,PARQUE METROPOLITANO EL COUNTRY,1462.36,0,0.07,,1.0,0.8,0.0,,0.01,466.91,1.0
917-M4555599,APARTAMENTO,VENTA,21.72,240.0,3.0,5.0,1500000.0,3.0,SANTA BARBARA,6,MAS DE 20 ANOS,4.69,-74.03,USADO,,0,1,0,0,1,0,0,0,0,1,False,USAQUEN,SANTA ANA ORIENTAL,Calle 106,2745.05,0,PARQUE METROPOLITANO EL COUNTRY,1881.48,0,0.09,,1.0,0.6,0.0,,0.01,388.15,2.0
34-M4508303,APARTAMENTO,VENTA,20.64,178.86,3.0,3.0,802000.0,2.0,COLINA Y ALREDEDORES,5,MAS DE 20 ANOS,4.73,-74.07,USADO,,0,1,0,0,1,0,0,0,0,1,False,SUBA,URB. ATICOS DEL NORTE,Gratamira,978.75,0,PARQUE VECINAL PRADO PINZÓN,1362.14,0,0.12,,0.67,1.0,0.0,,0.02,289.96,1.0
973-M4656382,APARTAMENTO,VENTA,21.47,208.0,3.0,5.0,1000000.0,3.0,SALITRE MODELIA,4,REMODELADO,4.64,-74.1,USADO,,0,1,0,0,1,0,0,0,0,1,False,TEUSAQUILLO,CIUDAD SALITRE SURORIENTAL,Gobernación,595.79,0,PARQUE VECINAL SANTA CLARA,825.03,0,0.1,,1.0,0.6,0.0,,0.01,257.64,2.0
5545-M4644824,APARTAMENTO,VENTA,20.42,50.16,1.0,2.0,500000.0,2.0,CHICO,6,ENTRE 0 Y 5 ANOS,4.68,-74.04,USADO,4500000.0,0,1,0,1,1,0,0,0,0,1,False,CHAPINERO,CHICO RESERVADO,Calle 100 - Marketmedios,1805.69,0,PARQUE VECINAL URBANIZACIÓN LA CABRERA,1278.25,0,0.41,89712.92,2.0,0.5,0.0,9.0,0.02,341.21,2.0
973-M4643559,APARTAMENTO,VENTA,19.97,78.0,3.0,2.0,340000.0,1.0,ORQUIDEAS,4,ENTRE 0 Y 5 ANOS,4.75,-74.03,USADO,,0,0,0,0,1,0,0,0,0,1,False,USAQUEN,EL REDIL,Portal Norte,2197.48,0,PARQUE ZONAL SERVITA,1194.88,0,0.26,,0.33,1.5,0.0,,0.04,1215.79,0.0
346-M3674947,APARTAMENTO,VENTA,20.82,163.0,3.0,4.0,1200000.0,2.0,CERROS DE SUBA,5,MAS DE 20 ANOS,4.72,-74.08,USADO,,0,1,0,0,0,0,0,0,0,1,False,SUBA,NIZA SUBA - EL BALCON DE LINDARAJA,Suba - AV. Boyacá,996.5,0,PARQUE VECINAL AGRUPACIÓN DE VIVIENDA EN BALCON DE LINDARAJA,196.5,1,0.13,,0.67,0.75,0.0,,0.02,1143.81,0.0
973-M3813319,APARTAMENTO,VENTA,20.86,150.0,2.0,4.0,670000.0,3.0,CHICO,6,ENTRE 10 Y 20 ANOS,4.68,-74.05,USADO,,0,1,0,0,1,0,0,0,0,1,False,CHAPINERO,S.C. CHICO NORTE,Virrey,564.81,0,PARQUE VECINAL URBANIZACIÓN NORMANDIA I II II Y IV SECTOR,452.97,1,0.14,,1.5,0.5,0.0,,0.01,250.96,2.0
295-M4657169,APARTAMENTO,VENTA,19.76,75.68,3.0,2.0,300000.0,2.0,COLINA Y ALREDEDORES,4,ENTRE 10 Y 20 ANOS,4.74,-74.07,USADO,,0,0,0,0,1,0,0,0,0,1,False,SUBA,EL CORTIJO (FINCA),Gratamira,1501.66,0,PARQUE ZONAL EL TOMILLAR,630.06,0,0.26,,0.67,1.5,0.0,,0.04,646.71,0.0
470-1022,APARTAMENTO,VENTA,21.64,238.0,3.0,5.0,3403448.0,2.0,CHICO,6,ENTRE 10 Y 20 ANOS,4.66,-74.05,USADO,,0,1,0,0,0,0,0,0,0,1,False,CHAPINERO,BOSQUE EL RETIRO I SECTOR,Calle 76 - San Felipe,1716.29,0,PARQUE ZONAL SAN ANDRÉS,754.89,0,0.09,,0.67,0.6,0.0,,0.01,900.28,0.0
617-M4508105,APARTAMENTO,VENTA,21.13,114.0,2.0,3.0,1469000.0,2.0,CHICO,6,ENTRE 0 Y 5 ANOS,4.67,-74.05,USADO,,0,1,0,1,1,0,1,0,0,1,False,CHAPINERO,LA CABRERA,Héroes - Gel´Hada,1526.08,0,PARQUE ZONAL SAN ANDRÉS,580.56,0,0.19,,1.0,0.67,0.0,,0.02,651.88,0.0
953-M4737106,APARTAMENTO,VENTA,19.78,85.0,2.0,2.0,556000.0,1.0,COLINA Y ALREDEDORES,5,MAS DE 20 ANOS,4.72,-74.07,USADO,,0,1,0,0,1,1,0,0,0,1,False,SUBA,URB. COLINA NORTE II ETAPA,Gratamira,1103.1,0,PARQUE VECINAL PRADO PINZÓN,1255.51,0,0.23,,0.5,1.0,0.0,,0.02,326.62,2.0
304-M3329171,APARTAMENTO,VENTA,20.05,79.29,3.0,2.0,330000.0,2.0,CEDRITOS,4,ENTRE 10 Y 20 ANOS,4.72,-74.04,USADO,,0,0,0,0,1,0,0,0,0,1,True,USAQUEN,CEDRITOS,Alcalá,1192.33,0,PARQUE VECINAL NUEVA URBANIZACIÓN EL CEDRITO,885.68,0,0.25,,0.67,1.5,0.0,,0.04,361.13,1.0
2751-M4545324,APARTAMENTO,VENTA,19.01,45.0,3.0,2.0,90000.0,0.0,KENNEDY,2,MAS DE 20 ANOS,4.65,-74.16,USADO,,0,0,0,0,0,1,0,0,0,1,False,KENNEDY,TINTALA,Biblioteca Tintal,1234.92,0,PARQUE ZONAL SAN IGNACIO,412.85,1,0.42,,0.0,1.5,0.0,,0.07,3398.16,0.0
5175-M4591880,APARTAMENTO,VENTA,20.86,220.0,4.0,5.0,969300.0,3.0,SANTA BARBARA,6,ENTRE 10 Y 20 ANOS,4.7,-74.05,USADO,,0,0,0,0,1,0,0,0,0,1,False,USAQUEN,SANTA BARBARA OCCIDENTAL,Pepe Sierra,924.69,0,PARQUE METROPOLITANO EL COUNTRY,1114.73,0,0.09,,0.75,0.8,0.0,,0.02,159.28,2.0
684-M4695433,APARTAMENTO,VENTA,20.25,113.0,3.0,3.0,3921395.93,2.0,SANTA BARBARA,6,MAS DE 20 ANOS,4.68,-74.04,USADO,,0,1,0,0,1,0,0,0,0,1,False,USAQUEN,RINCON DEL CHICO,Calle 100 - Marketmedios,1503.81,0,PARQUE ZONAL CANAL EL VIRREY EL CHICO,1650.43,0,0.18,,0.67,1.0,0.0,,0.03,335.19,2.0
2123-3609143,APARTAMENTO,VENTA,21.28,233.0,3.0,3.0,1300000.0,3.0,COUNTRY,6,MAS DE 20 ANOS,4.72,-74.04,USADO,,0,1,0,1,1,0,0,0,0,0,True,USAQUEN,NUEVO COUNTRY,Alcalá,1344.66,0,PARQUE VECINAL NUEVA URBANIZACIÓN EL CEDRITO,942.29,0,0.09,,1.0,1.0,0.0,,0.01,333.61,1.0
17-M3264248,APARTAMENTO,VENTA,20.61,164.0,3.0,3.0,923364.0,2.0,CERROS DE SUBA,6,MAS DE 20 ANOS,4.71,-74.08,USADO,,0,1,0,0,0,0,0,0,0,1,False,SUBA,NIZA SUBA - EL BALCON DE LINDARAJA,Niza - Calle 127,1083.54,0,PARQUE METROPOLITANO CEFE COMETAS,206.24,1,0.13,,0.67,1.0,0.0,,0.02,1121.53,0.0
13439-M4414262,APARTAMENTO,VENTA,21.04,147.0,2.0,3.0,1350000.0,2.0,CHICO,6,ENTRE 10 Y 20 ANOS,4.67,-74.05,USADO,,0,1,0,1,1,0,0,0,0,1,False,CHAPINERO,EL REFUGIO,Héroes - Gel´Hada,1688.81,0,PARQUE VECINAL URBANIZACIÓN LA CABRERA,668.27,0,0.14,,1.0,0.67,0.0,,0.01,651.15,0.0
346-M4647269,APARTAMENTO,VENTA,21.79,350.0,3.0,3.0,2000000.0,3.0,CHICO,6,MAS DE 20 ANOS,4.67,-74.04,USADO,,0,1,0,0,1,0,0,0,0,1,False,CHAPINERO,CHICO ALTO,Calle 85,1876.28,0,PARQUE VECINAL URBANIZACIÓN LA CABRERA,818.19,0,0.06,,1.0,1.0,0.0,,0.01,769.14,0.0
295-M4705904,APARTAMENTO,VENTA,20.03,61.83,3.0,2.0,300000.0,2.0,SALITRE MODELIA,4,MAS DE 20 ANOS,4.65,-74.11,USADO,,0,0,0,0,1,0,0,0,0,1,False,FONTIBON,CIUDAD SALITRE 3 A. ETAPA,El Tiempo - Maloka,874.01,0,PARQUE ZONAL SAUZALITO,361.43,1,0.32,,0.67,1.5,0.0,,0.05,273.28,2.0
342-M4540669,APARTAMENTO,VENTA,20.42,130.0,3.0,3.0,1300000.0,2.0,SANTA BARBARA,6,MAS DE 20 ANOS,4.69,-74.05,USADO,,0,1,0,0,1,0,0,0,0,1,False,USAQUEN,SANTA BIBIANA,Calle 106,965.09,0,PARQUE VECINAL URBANIZACIÓN NORMANDIA I II II Y IV SECTOR,1835.72,0,0.16,,0.67,1.0,0.0,,0.02,422.48,1.0
11079-M4218354,APARTAMENTO,VENTA,21.12,172.0,3.0,3.0,860000.0,3.0,CERROS DE SUBA,6,ENTRE 5 Y 10 ANOS,4.72,-74.08,USADO,,0,0,0,1,1,1,1,0,0,1,False,SUBA,BELLOMONTE SUBA,Suba - AV. Boyacá,531.63,0,PARQUE VECINAL AGRUPACIÓN DE VIVIENDA EN BALCON DE LINDARAJA,968.61,0,0.12,,1.0,1.0,0.0,,0.02,1518.73,0.0
679-M3717293,APARTAMENTO,VENTA,20.09,97.0,3.0,2.0,464400.0,2.0,SANTA BARBARA,6,MAS DE 20 ANOS,4.69,-74.04,USADO,,0,1,0,1,1,0,0,0,0,1,False,USAQUEN,RINCON DEL CHICO,Calle 106,1544.36,0,PARQUE ZONAL CANAL EL VIRREY EL CHICO,1871.95,0,0.21,,0.67,1.5,0.0,,0.03,582.22,0.0
350-2305,APARTAMENTO,VENTA,19.36,66.74,3.0,2.0,3921395.93,0.0,ALTOS DE SUBA Y CERROS DE SAN JORGE,2,ENTRE 0 Y 5 ANOS,4.74,-74.07,USADO,,0,0,0,0,0,0,0,0,0,1,False,SUBA,QUINTA REYES,21 Ángeles,913.56,0,PARQUE ZONAL EL TOMILLAR,123.36,1,0.29,,0.0,1.5,0.0,,0.04,1115.33,0.0
5031-M4727594,APARTAMENTO,VENTA,19.53,67.0,3.0,2.0,227000.0,1.0,CASTILLA MARSELLA,4,ENTRE 10 Y 20 ANOS,4.64,-74.13,USADO,,0,0,0,0,1,0,0,0,0,1,False,KENNEDY,VILLA ALSACIA CIUDADELA,Marsella,1629.83,0,PARQUE VECINAL VILLA ALSACIA,1006.73,0,0.29,,0.33,1.5,0.0,,0.04,252.81,1.0
617-M4411527,APARTAMENTO,VENTA,21.51,292.0,3.0,4.0,2384000.0,3.0,,6,MAS DE 20 ANOS,4.66,-74.05,USADO,,0,1,0,0,1,0,0,0,0,1,False,CHAPINERO,URB. BELMONTE,Calle 76 - San Felipe,1543.62,0,PARQUE ZONAL SAN ANDRÉS,692.63,0,0.07,,1.0,0.75,0.0,,0.01,870.04,0.0
346-M3687885,APARTAMENTO,VENTA,20.43,127.0,3.0,2.0,600000.0,2.0,COUNTRY,5,MAS DE 20 ANOS,4.71,-74.03,USADO,,0,0,0,0,1,0,0,0,0,1,False,USAQUEN,ARBOLEDA DEL COUNTRY,Prado,2163.17,0,PARQUE METROPOLITANO EL COUNTRY,756.67,0,0.16,,0.67,1.5,0.0,,0.02,208.87,2.0
164-M4640789,APARTAMENTO,VENTA,20.34,95.21,3.0,3.0,495000.0,2.0,CEDRITOS,4,ENTRE 10 Y 20 ANOS,4.72,-74.03,USADO,,0,0,0,0,1,0,0,0,0,1,False,USAQUEN,LAS_ACACIAS,Calle 142,2599.54,0,PARQUE VECINAL NUEVA URBANIZACIÓN EL CEDRITO,686.43,0,0.21,,0.67,1.0,0.0,,0.03,663.51,0.0
2396-M3982092,APARTAMENTO,VENTA,20.39,76.33,2.0,3.0,470000.0,2.0,SANTA BARBARA,6,ENTRE 5 Y 10 ANOS,4.69,-74.05,USADO,,0,1,0,0,1,0,0,0,0,1,False,USAQUEN,SAN PATRICIO,Calle 106,835.34,0,PARQUE METROPOLITANO EL COUNTRY,1649.79,0,0.27,,1.0,0.67,0.0,,0.03,121.29,3.0
2123-1884031,APARTAMENTO,VENTA,19.99,71.0,3.0,2.0,382000.0,1.0,COUNTRY,5,ENTRE 10 Y 20 ANOS,4.7,-74.03,USADO,,0,0,0,1,1,0,0,0,0,0,False,USAQUEN,SANTA BARBARA ORIENTAL,Calle 127,2745.3,0,PARQUE METROPOLITANO EL COUNTRY,1019.93,0,0.28,,0.33,1.5,0.0,,0.04,696.41,0.0
10278-M3393888,APARTAMENTO,VENTA,20.29,90.0,3.0,2.0,487000.0,1.0,CHAPINERO ALTO,5,MAS DE 20 ANOS,4.64,-74.06,USADO,,0,1,0,0,1,1,0,0,0,1,False,CHAPINERO,S.C INGEMAR,Calle 57,1014.17,0,PARQUE ZONAL GUSTAVO URIBE BOTERO,1081.18,0,0.23,,0.33,1.5,0.0,,0.03,1132.46,0.0
5175-M4706407,APARTAMENTO,VENTA,21.28,175.0,4.0,4.0,1400000.0,4.0,SANTA BARBARA,6,ENTRE 10 Y 20 ANOS,4.7,-74.05,USADO,,0,1,0,0,1,0,0,0,0,1,False,USAQUEN,SAN PATRICIO,Pepe Sierra,1057.13,0,PARQUE METROPOLITANO EL COUNTRY,1247.24,0,0.12,,1.0,1.0,0.0,,0.02,271.62,3.0
12511-M4652354,APARTAMENTO,VENTA,20.86,166.0,3.0,3.0,1588000.0,2.0,CHICO,6,ENTRE 10 Y 20 ANOS,4.68,-74.05,USADO,,0,1,0,0,1,0,0,0,0,1,False,CHAPINERO,S.C. CHICO NORTE III SECTOR,Calle 100 - Marketmedios,339.89,1,PARQUE VECINAL URBANIZACIÓN NORMANDIA I II II Y IV SECTOR,818.42,0,0.13,,0.67,1.0,0.0,,0.02,309.48,2.0
2123-3605610,APARTAMENTO,VENTA,21.51,374.0,3.0,5.0,1980000.0,4.0,COUNTRY,6,MAS DE 20 ANOS,4.72,-74.04,USADO,,0,1,0,0,1,0,0,0,0,1,True,USAQUEN,NUEVO COUNTRY,Alcalá,1076.32,0,PARQUE VECINAL NUEVA URBANIZACIÓN EL CEDRITO,1145.91,0,0.06,,1.33,0.6,0.0,,0.01,562.82,0.0
2398-M4742465,APARTAMENTO,VENTA,19.66,75.0,2.0,2.0,3921395.93,1.0,COLINA Y ALREDEDORES,4,MAS DE 20 ANOS,4.74,-74.05,USADO,,0,0,0,0,0,1,0,0,0,1,False,SUBA,MAZUREN,Mazurén,552.83,0,PARQUE VECINAL URBANIZACIÓN MAZUREN I SECTOR,118.11,1,0.26,,0.5,1.0,0.0,,0.03,1456.78,0.0
5031-M4506864,APARTAMENTO,VENTA,20.34,106.0,3.0,3.0,450000.0,1.0,NIZA ALHAMBRA,4,MAS DE 20 ANOS,4.69,-74.06,USADO,,0,1,0,0,0,0,0,0,0,1,False,SUBA,DON MANUEL - LOS ARRAYANES,Suba - Calle 100,409.71,1,PARQUE ZONAL CANAL CORDOBA,1008.27,0,0.19,,0.33,1.0,0.0,,0.03,547.66,0.0
2123-M3809492,APARTAMENTO,VENTA,20.97,124.0,3.0,3.0,990000.0,3.0,SANTA BARBARA,6,ENTRE 5 Y 10 ANOS,4.69,-74.05,USADO,,0,1,0,1,1,0,0,0,0,1,False,USAQUEN,SANTA BIBIANA,Calle 106,444.8,1,PARQUE VECINAL URBANIZACIÓN NORMANDIA I II II Y IV SECTOR,1591.2,0,0.17,,1.0,1.0,0.0,,0.02,677.07,0.0
304-2016,APARTAMENTO,VENTA,20.86,174.0,3.0,4.0,3921395.93,2.0,COUNTRY,6,MAS DE 20 ANOS,4.7,-74.04,USADO,,0,1,0,0,1,0,0,0,0,1,False,USAQUEN,LA_CAROLINA,Calle 127,1499.51,0,PARQUE METROPOLITANO EL COUNTRY,243.47,1,0.12,,0.67,0.75,0.0,,0.02,216.11,1.0
953-M4201454,APARTAMENTO,VENTA,20.1,105.0,3.0,2.0,405700.0,2.0,ORQUIDEAS,4,ENTRE 5 Y 10 ANOS,4.75,-74.02,USADO,,0,0,0,1,1,0,1,0,0,1,False,USAQUEN,SANTA TERESA,Toberin - Foundever,2469.33,0,PARQUE ZONAL SERVITA,416.61,1,0.19,,0.67,1.5,0.0,,0.03,1280.45,0.0
73-M3301071,APARTAMENTO,VENTA,20.0,104.0,3.0,2.0,3921395.93,2.0,,4,MAS DE 20 ANOS,4.73,-74.04,USADO,,0,0,0,0,0,0,0,0,0,1,False,USAQUEN,PARQUES DE LORENA,Mazurén,1275.89,0,PARQUE ZONAL LA VIDA,706.99,0,0.19,,0.67,1.5,0.0,,0.03,640.1,0.0
495-M4535854,APARTAMENTO,VENTA,20.7,99.6,2.0,3.0,800000.0,2.0,CHICO,6,ENTRE 0 Y 5 ANOS,4.68,-74.05,USADO,,0,0,0,1,0,0,0,0,0,1,False,CHAPINERO,S.C. CHICO NORTE III SECTOR,Calle 100 - Marketmedios,533.43,0,PARQUE VECINAL URBANIZACIÓN NORMANDIA I II II Y IV SECTOR,1057.49,0,0.21,,1.0,0.67,0.0,,0.02,311.86,2.0
2123-1703699,APARTAMENTO,VENTA,21.37,206.0,3.0,5.0,1500000.0,3.0,COUNTRY,6,ENTRE 10 Y 20 ANOS,4.71,-74.03,USADO,,0,0,0,1,1,0,0,0,0,1,False,USAQUEN,BOSQUES DE MEDINA,Prado,2917.31,0,PARQUE METROPOLITANO EL COUNTRY,1476.4,0,0.1,,1.0,0.6,0.0,,0.01,622.88,0.0
12715-M4075268,APARTAMENTO,VENTA,19.92,54.2,1.0,2.0,420000.0,1.0,CHAPINERO ALTO,4,ENTRE 5 Y 10 ANOS,4.65,-74.06,USADO,,0,0,0,1,1,0,0,0,0,1,False,CHAPINERO,S.C. MARIA CRISTINA,Calle 63,1038.35,0,PARQUE ZONAL GUSTAVO URIBE BOTERO,594.79,0,0.37,,1.0,0.5,0.0,,0.02,626.33,0.0
15061-M3866122,APARTAMENTO,VENTA,20.39,124.0,3.0,3.0,950000.0,3.0,NIZA ALHAMBRA,5,MAS DE 20 ANOS,4.7,-74.06,USADO,,1,1,0,0,1,0,0,0,0,1,False,SUBA,EL BATAN,Calle 127,259.51,1,PARQUE ZONAL ATABANZA,621.7,0,0.16,,1.0,1.0,0.0,,0.02,429.91,3.0
617-M4508111,APARTAMENTO,VENTA,21.06,166.0,2.0,3.0,2300000.0,2.0,CHAPINERO ALTO,5,ENTRE 10 Y 20 ANOS,4.65,-74.05,USADO,,0,1,0,0,1,0,0,0,0,1,False,CHAPINERO,S.C. EMAUS,Flores – Areandina,1046.92,0,PARQUE ZONAL GUSTAVO URIBE BOTERO,269.8,1,0.13,,1.0,0.67,0.0,,0.01,227.5,1.0
815-1004,APARTAMENTO,VENTA,20.6,190.0,3.0,4.0,793800.0,2.0,NIZA ALHAMBRA,5,MAS DE 20 ANOS,4.7,-74.07,USADO,,0,0,0,0,0,0,0,0,0,1,False,SUBA,PUENTE LARGO III SECTOR,Suba - Calle 116,401.32,1,PARQUE ZONAL CANAL CORDOBA,580.44,0,0.11,,0.67,0.75,0.0,,0.02,689.09,0.0
10366-M3345053,APARTAMENTO,VENTA,20.67,180.0,4.0,5.0,650000.0,2.0,SANTA BARBARA,6,MAS DE 20 ANOS,4.7,-74.03,USADO,,0,1,0,0,1,0,0,0,0,1,False,USAQUEN,SANTA BARBARA CENTRAL II,Calle 127,2159.27,0,PARQUE METROPOLITANO EL COUNTRY,498.31,1,0.11,,0.5,0.8,0.0,,0.02,655.04,0.0
12511-M4652343,APARTAMENTO,VENTA,20.36,72.0,1.0,2.0,1166144.0,1.0,CHICO,6,ENTRE 5 Y 10 ANOS,4.68,-74.06,USADO,,0,1,0,1,1,0,0,0,0,1,False,CHAPINERO,S.C. CHICO NORTE,Virrey,429.28,1,PARQUE VECINAL URBANIZACIÓN NORMANDIA I II II Y IV SECTOR,292.84,1,0.28,,1.0,0.5,0.0,,0.01,334.21,1.0
346-M3721870,APARTAMENTO,VENTA,21.04,212.0,3.0,3.0,1150000.0,4.0,ALTOS DE SUBA Y CERROS DE SAN JORGE,6,ENTRE 0 Y 5 ANOS,4.74,-74.08,USADO,,0,1,0,0,1,0,0,0,0,1,False,SUBA,TORRELADERA,21 Ángeles,538.74,0,PARQUE ZONAL EL TOMILLAR,501.16,0,0.1,,1.33,1.0,0.0,,0.01,1196.54,0.0
346-M3691862,APARTAMENTO,VENTA,21.47,254.0,4.0,4.0,2250000.0,3.0,CHICO,6,MAS DE 20 ANOS,4.66,-74.05,USADO,,0,1,0,0,1,0,0,0,0,1,False,CHAPINERO,S.C. EL NOGAL,Calle 76 - San Felipe,1035.83,0,PARQUE ZONAL SAN ANDRÉS,433.08,1,0.08,,0.75,1.0,0.0,,0.02,594.46,0.0
10366-M3306333,APARTAMENTO,VENTA,20.44,129.0,3.0,3.0,3921395.93,2.0,,6,ENTRE 10 Y 20 ANOS,4.68,-74.05,USADO,,0,1,0,0,1,0,0,0,0,1,False,CHAPINERO,CHICO RESERVADO II SECTOR,Calle 100 - Marketmedios,1205.79,0,PARQUE ZONAL CANAL EL VIRREY EL CHICO,1153.39,0,0.16,,0.67,1.0,0.0,,0.02,304.18,3.0
3229-3629855,APARTAMENTO,VENTA,21.24,248.2,4.0,4.0,1173391.0,3.0,CHICO,6,MAS DE 20 ANOS,4.65,-74.05,USADO,,0,1,0,1,1,1,0,0,0,1,False,CHAPINERO,S.C. BELLAVISTA,Flores – Areandina,1608.26,0,PARQUE ZONAL GUSTAVO URIBE BOTERO,369.85,1,0.09,,0.75,1.0,0.0,,0.02,779.21,0.0
342-M3682759,APARTAMENTO,VENTA,20.05,92.61,3.0,2.0,340000.0,1.0,CEDRITOS,4,MAS DE 20 ANOS,4.73,-74.05,USADO,,0,0,0,1,1,1,0,0,0,1,False,USAQUEN,LAS_MARGARITAS,Calle 146,224.98,1,PARQUE VECINAL PRADO PINZÓN,773.73,0,0.22,,0.33,1.5,0.0,,0.03,1064.71,0.0
79-M3470647,APARTAMENTO,VENTA,20.18,89.42,2.0,2.0,656000.0,2.0,SANTA BARBARA,6,ENTRE 10 Y 20 ANOS,4.69,-74.04,USADO,,0,1,0,0,1,0,0,0,0,1,False,USAQUEN,SANTA BARBARA CENTRAL I Y II,Calle 106,1539.56,0,PARQUE METROPOLITANO EL COUNTRY,1659.95,0,0.23,,1.0,1.0,0.0,,0.02,581.74,0.0
646-M4206992,APARTAMENTO,VENTA,19.7,63.45,2.0,2.0,316000.0,1.0,LA SOLEDAD,4,ENTRE 10 Y 20 ANOS,4.62,-74.07,USADO,,0,0,0,1,1,0,0,0,0,1,False,TEUSAQUILLO,TEUSAQUILLO,Calle 34,152.74,1,PARQUE METROPOLITANO EL RENACIMIENTO - PARQUE CEMENTERIO CENTRAL,561.34,0,0.31,,0.5,1.0,0.0,,0.03,618.75,0.0
2751-M3344855,APARTAMENTO,VENTA,20.55,145.0,3.0,3.0,150000.0,1.0,NICOLAS DE FEDERMAN,5,MAS DE 20 ANOS,4.65,-74.08,USADO,,0,0,0,0,0,0,0,0,0,1,False,TEUSAQUILLO,NICOLAS DE FEDERMAN,Campín - UAN,508.94,0,PARQUE ZONAL NICOLAS DE FEDERMAN 3,267.97,1,0.14,,0.33,1.0,0.0,,0.02,610.6,0.0
16039-M4353714,APARTAMENTO,VENTA,20.47,210.0,5.0,4.0,807000.0,3.0,SALITRE MODELIA,4,MAS DE 20 ANOS,4.67,-74.13,USADO,,0,1,0,0,1,1,0,0,0,1,False,FONTIBON,MALLORCA,Modelia,1521.01,0,PARQUE VECINAL MODELIA SECTOR A,973.27,0,0.1,,0.6,1.25,0.0,,0.02,596.37,0.0
646-M3368064,APARTAMENTO,VENTA,19.7,93.0,2.0,2.0,627600.0,1.0,SANTA BARBARA,6,MAS DE 20 ANOS,4.7,-74.04,USADO,,0,0,0,0,1,0,0,0,0,1,False,USAQUEN,SANTA BARBARA CENTRAL III SECTOR,Pepe Sierra,2252.89,0,PARQUE METROPOLITANO EL COUNTRY,906.48,0,0.21,,0.5,1.0,0.0,,0.02,319.44,2.0
973-M4690871,APARTAMENTO,VENTA,20.46,135.0,3.0,2.0,585000.0,2.0,COLINA Y ALREDEDORES,4,REMODELADO,4.72,-74.06,USADO,,0,0,0,0,1,0,0,0,0,1,False,SUBA,SAN RAFAEL NORTE,Alcalá,1094.77,0,PARQUE VECINAL PRADO PINZÓN,920.89,0,0.15,,0.67,1.5,0.0,,0.02,124.98,1.0
771-M4371483,APARTAMENTO,VENTA,20.28,115.0,3.0,2.0,440000.0,2.0,COLINA Y ALREDEDORES,5,ENTRE 10 Y 20 ANOS,4.72,-74.06,USADO,,0,1,0,0,0,1,1,0,0,1,False,SUBA,URB. COLINA NORTE II ETAPA,Suba - AV. Boyacá,1224.34,0,PARQUE VECINAL PRADO PINZÓN,1150.54,0,0.18,,0.67,1.5,0.0,,0.03,226.11,2.0
5031-M4506528,APARTAMENTO,VENTA,19.89,76.0,3.0,2.0,3921395.93,1.0,FONTIBON TINTAL,4,ENTRE 5 Y 10 ANOS,4.66,-74.13,USADO,,0,0,0,1,0,0,1,0,0,1,False,FONTIBON,EL TINTAL A.S.D.,Normandía,2316.75,0,PARQUE ZONAL CANAL BOYACA,1539.45,0,0.26,,0.33,1.5,0.0,,0.04,605.89,0.0
734-M4067633,APARTAMENTO,VENTA,20.18,98.0,3.0,3.0,650000.0,1.0,COLINA Y ALREDEDORES,5,REMODELADO,4.73,-74.06,USADO,,0,1,0,0,0,0,0,0,0,1,False,SUBA,EL PINAR,Calle 146,1424.85,0,PARQUE VECINAL URBANIZACIÓN LA LAGUNA,873.98,0,0.21,,0.33,1.0,0.0,,0.03,530.67,0.0
2751-M4074404,APARTAMENTO,VENTA,19.95,140.0,5.0,3.0,657000.0,1.0,CENTRO NARINO,4,MAS DE 20 ANOS,4.64,-74.09,USADO,,0,0,0,0,0,0,0,0,0,1,False,TEUSAQUILLO,QUINTA PAREDES,Quinta Paredes,297.51,1,PARQUE VECINAL SANTA CLARA,423.1,1,0.14,,0.2,1.67,0.0,,0.04,653.41,0.0
771-M4457455,APARTAMENTO,VENTA,20.45,112.0,3.0,3.0,530000.0,2.0,CEDRITOS,4,ENTRE 0 Y 5 ANOS,4.72,-74.04,USADO,,0,1,0,1,1,0,1,0,0,1,False,USAQUEN,CEDRITOS,Alcalá,1712.65,0,PARQUE VECINAL NUEVA URBANIZACIÓN EL CEDRITO,378.52,1,0.18,,0.67,1.0,0.0,,0.03,229.63,1.0
34-62793,APARTAMENTO,VENTA,20.58,208.05,3.0,4.0,1235000.0,3.0,NIZA ALHAMBRA,5,MAS DE 20 ANOS,4.7,-74.07,USADO,,0,1,0,0,1,0,0,0,0,1,False,SUBA,PUENTE LARGO III SECTOR,Puentelargo,252.74,1,PARQUE ZONAL MORATO,604.06,0,0.1,,1.0,0.75,0.0,,0.01,538.51,0.0
13439-M4419420,APARTAMENTO,VENTA,21.22,153.29,3.0,3.0,1160000.0,3.0,CHICO,6,ENTRE 0 Y 5 ANOS,4.66,-74.05,USADO,,0,1,0,1,1,0,0,0,0,1,False,CHAPINERO,BOSQUE EL RETIRO I SECTOR,Héroes - Gel´Hada,1594.01,0,PARQUE ZONAL SAN ANDRÉS,613.65,0,0.14,,1.0,1.0,0.0,,0.02,748.04,0.0
14236-M4655955,APARTAMENTO,VENTA,19.5,80.0,3.0,2.0,3921395.93,1.0,ENGATIVA,4,ENTRE 5 Y 10 ANOS,4.72,-74.14,USADO,,0,0,0,1,1,0,0,0,0,1,False,ENGATIVA,S.C. EL GACO,Portal 80,3189.41,0,PARQUE METROPOLITANO PLANTA DE TRATAMIENTO SALITRE,1225.91,0,0.24,,0.33,1.5,0.0,,0.04,2760.5,0.0
183-M3679201,APARTAMENTO,VENTA,20.6,136.0,3.0,4.0,780000.0,2.0,SANTA BARBARA,6,MAS DE 20 ANOS,4.7,-74.03,USADO,,0,1,0,0,1,0,0,0,0,1,False,USAQUEN,SANTA BARBARA CENTRAL II,Calle 127,2196.6,0,PARQUE METROPOLITANO EL COUNTRY,466.21,1,0.15,,0.67,0.75,0.0,,0.02,798.87,0.0
2266-M4540159,APARTAMENTO,VENTA,20.18,90.0,1.0,2.0,870000.0,1.0,CHAPINERO ALTO,5,ENTRE 10 Y 20 ANOS,4.65,-74.05,USADO,,0,1,0,0,1,0,0,0,0,1,False,CHAPINERO,S.C. MARIA CRISTINA,Calle 63,1264.3,0,PARQUE ZONAL GUSTAVO URIBE BOTERO,349.53,1,0.22,,1.0,0.5,0.0,,0.01,564.02,0.0
10139-M4032015,APARTAMENTO,VENTA,21.31,220.0,3.0,4.0,1000000.0,4.0,CHICO,6,ENTRE 10 Y 20 ANOS,4.66,-74.05,USADO,,0,1,0,0,1,0,0,0,0,1,False,CHAPINERO,S.C. EL NOGAL,Calle 76 - San Felipe,1121.1,0,PARQUE ZONAL SAN ANDRÉS,309.31,1,0.1,,1.33,0.75,0.0,,0.01,503.2,0.0
617-M4537855,APARTAMENTO,VENTA,19.97,39.34,1.0,2.0,166375.0,1.0,CHICO,6,ENTRE 0 Y 5 ANOS,4.68,-74.05,USADO,,0,0,0,1,1,1,0,0,0,1,False,CHAPINERO,S.C. CHICO NORTE III SECTOR,Calle 100 - Marketmedios,404.31,1,PARQUE VECINAL URBANIZACIÓN NORMANDIA I II II Y IV SECTOR,848.9,0,0.51,,1.0,0.5,0.0,,0.03,297.35,2.0
346-M3963135,APARTAMENTO,VENTA,20.79,229.0,3.0,2.0,1450000.0,4.0,SANTA BARBARA,6,MAS DE 20 ANOS,4.7,-74.05,USADO,,0,1,0,0,1,0,0,0,0,1,False,USAQUEN,SAN PATRICIO,Pepe Sierra,234.81,1,PARQUE ZONAL CANAL CORDOBA,1389.91,0,0.09,,1.33,1.5,0.0,,0.01,377.36,1.0
164-M4105242,APARTAMENTO,VENTA,19.47,57.0,3.0,3.0,302100.0,2.0,ALTOS DE SUBA Y CERROS DE SAN JORGE,4,ENTRE 5 Y 10 ANOS,4.75,-74.09,USADO,,0,0,0,0,1,0,0,0,0,1,False,SUBA,ARBOLEDA DE SUBA,Portal Suba,298.87,1,PARQUE VECINAL URBANIZACIÓN VALLE DE REFOUS,465.56,1,0.34,,0.67,1.0,0.0,,0.05,71.58,1.0
79-M4454810,APARTAMENTO,VENTA,20.55,219.0,3.0,4.0,1044444.0,4.0,SANTA BARBARA,6,MAS DE 20 ANOS,4.69,-74.04,USADO,,0,1,0,0,1,0,0,0,0,1,False,USAQUEN,SANTA BARBARA CENTRAL II SECTOR,Pepe Sierra,1949.81,0,PARQUE METROPOLITANO EL COUNTRY,1298.38,0,0.09,,1.33,0.75,0.0,,0.01,292.29,1.0
5175-M4651707,APARTAMENTO,VENTA,21.75,350.0,3.0,4.0,2100000.0,3.0,CHICO,6,MAS DE 20 ANOS,4.67,-74.04,USADO,,0,0,0,0,1,0,0,0,0,1,False,CHAPINERO,CHICO ALTO,Calle 85,1989.42,0,PARQUE VECINAL URBANIZACIÓN LA CABRERA,932.05,0,0.06,,1.0,0.75,0.0,,0.01,881.81,0.0
2751-M4545325,APARTAMENTO,VENTA,19.07,49.0,3.0,2.0,140000.0,0.0,KENNEDY,3,MAS DE 20 ANOS,4.62,-74.13,USADO,,0,0,0,0,0,0,0,0,0,1,False,KENNEDY,CARVAJAL,Marsella,1535.33,0,PARQUE VECINAL CARVAJAL,336.72,1,0.39,,0.0,1.5,0.0,,0.06,620.78,0.0
2266-M3479975,APARTAMENTO,VENTA,20.39,116.0,2.0,3.0,494000.0,2.0,SANTA BARBARA,6,ENTRE 10 Y 20 ANOS,4.69,-74.05,USADO,,0,0,0,1,1,0,0,0,0,1,False,USAQUEN,SAN PATRICIO,Calle 106,658.98,0,PARQUE METROPOLITANO EL COUNTRY,1758.6,0,0.18,,1.0,0.67,0.0,,0.02,235.77,2.0
12511-M4568642,APARTAMENTO,VENTA,20.42,110.0,2.0,3.0,1000000.0,2.0,CHICO,5,ENTRE 10 Y 20 ANOS,4.68,-74.05,USADO,,0,1,0,0,1,0,0,0,0,1,False,CHAPINERO,S.C. CHICO NORTE III SECTOR,Calle 100 - Marketmedios,410.55,1,PARQUE VECINAL URBANIZACIÓN NORMANDIA I II II Y IV SECTOR,863.68,0,0.19,,1.0,0.67,0.0,,0.02,310.0,2.0
2123-3824271,APARTAMENTO,VENTA,19.83,58.57,1.0,2.0,260000.0,1.0,CEDRITOS,4,ENTRE 0 Y 5 ANOS,4.72,-74.03,USADO,1700000.0,0,0,0,1,1,0,0,0,0,1,False,USAQUEN,CEDRITOS,Alcalá,1845.09,0,PARQUE VECINAL NUEVA URBANIZACIÓN EL CEDRITO,376.41,1,0.34,29025.1,1.0,0.5,0.0,6.54,0.02,307.29,1.0
346-M4067781,APARTAMENTO,VENTA,21.13,264.0,3.0,5.0,2000000.0,3.0,SANTA BARBARA,6,MAS DE 20 ANOS,4.69,-74.05,USADO,,0,1,0,0,1,0,0,0,0,1,False,USAQUEN,SANTA BIBIANA,Calle 106,924.57,0,PARQUE VECINAL URBANIZACIÓN NORMANDIA I II II Y IV SECTOR,1704.56,0,0.08,,1.0,0.6,0.0,,0.01,533.98,0.0
12715-M4734683,APARTAMENTO,VENTA,19.99,62.84,2.0,2.0,329500.0,1.0,CENTRO INTERNACIONAL,4,ENTRE 10 Y 20 ANOS,4.61,-74.07,USADO,,0,0,0,1,1,0,0,0,0,1,False,SANTA FE,SAN DIEGO,Calle 26,226.28,1,PARQUE METROPOLITANO INDEPENDENCIA BICENTENARIO,419.65,1,0.32,,0.5,1.0,0.0,,0.03,187.4,9.0
12503-M4356471,APARTAMENTO,VENTA,20.91,123.0,2.0,3.0,3921395.93,2.0,CHICO,6,ENTRE 0 Y 5 ANOS,4.68,-74.05,USADO,,0,0,0,1,1,0,1,0,0,1,False,CHAPINERO,S.C. CHICO NORTE,Virrey,803.59,0,PARQUE ZONAL CANAL EL VIRREY EL CHICO,591.98,0,0.17,,1.0,0.67,0.0,,0.02,192.63,3.0
4278-M4647722,APARTAMENTO,VENTA,19.44,129.0,3.0,2.0,3921395.93,0.0,CENTRO Y ZONA COLONIAL,3,MAS DE 20 ANOS,4.6,-74.09,USADO,,0,0,0,0,0,0,0,0,0,1,False,LOS MARTIRES,EDUARDO SANTOS,Tygua - San José,552.73,0,PARQUE ZONAL EDUARDO SANTOS,281.13,1,0.15,,0.0,1.5,0.0,,0.02,1521.69,0.0
10093-M4724539,APARTAMENTO,VENTA,19.78,57.0,3.0,2.0,175000.0,1.0,METROPOLIS,4,ENTRE 10 Y 20 ANOS,4.66,-74.08,USADO,,0,0,0,0,1,1,0,0,0,1,False,BARRIOS UNIDOS,POPULAR MODELO,7 de Agosto,602.67,0,PARQUE METROPOLITANO PARQUE DE LOS NOVIOS,671.36,0,0.35,,0.33,1.5,0.0,,0.05,1398.77,0.0
2671-M4728037,APARTAMENTO,VENTA,21.19,238.0,3.0,4.0,750000.0,4.0,CERROS DE SUBA,6,MAS DE 20 ANOS,4.72,-74.08,USADO,,0,0,0,0,0,0,0,0,0,1,False,SUBA,NIZA SUBA - EL BALCON DE LINDARAJA,Suba - AV. Boyacá,834.88,0,PARQUE VECINAL AGRUPACIÓN DE VIVIENDA EN BALCON DE LINDARAJA,136.24,1,0.09,,1.33,0.75,0.0,,0.01,1023.42,0.0
34-M3339219,APARTAMENTO,VENTA,21.31,308.43,3.0,4.0,2100000.0,2.0,CHICO,6,MAS DE 20 ANOS,4.66,-74.05,USADO,,0,1,0,0,1,0,0,0,0,1,False,CHAPINERO,LOS ROSALES,Calle 76 - San Felipe,1313.49,0,PARQUE ZONAL SAN ANDRÉS,452.94,1,0.07,,0.67,0.75,0.0,,0.01,639.25,0.0
495-M4487384,APARTAMENTO,VENTA,20.14,49.6,1.0,1.0,459520.0,2.0,CHICO,6,ENTRE 5 Y 10 ANOS,4.68,-74.04,USADO,,0,0,0,1,0,0,0,0,0,1,False,CHAPINERO,S.C. CHICO NORTE,Calle 100 - Marketmedios,1554.64,0,PARQUE VECINAL URBANIZACIÓN LA CABRERA,1060.33,0,0.41,,2.0,1.0,0.0,,0.02,390.28,2.0
771-M4371191,APARTAMENTO,VENTA,20.44,112.0,3.0,2.0,866000.0,2.0,CHICO,6,MAS DE 20 ANOS,4.68,-74.06,USADO,,0,1,0,0,0,0,0,0,0,1,False,CHAPINERO,S.C. CHICO NORTE III SECTOR,Calle 100 - Marketmedios,336.61,1,PARQUE VECINAL URBANIZACIÓN NORMANDIA I II II Y IV SECTOR,452.0,1,0.18,,0.67,1.5,0.0,,0.03,324.59,1.0
4660-M4635068,APARTAMENTO,VENTA,21.06,226.0,3.0,5.0,1400000.0,3.0,CHICO,6,MAS DE 20 ANOS,4.68,-74.05,USADO,,0,1,0,0,1,0,0,0,0,1,True,CHAPINERO,S.C. CHICO NORTE,Virrey,883.62,0,PARQUE ZONAL CANAL EL VIRREY EL CHICO,473.84,1,0.09,,1.0,0.6,0.0,,0.01,45.27,3.0
183-M3332661,APARTAMENTO,VENTA,20.39,124.8,2.0,2.0,735000.0,2.0,SANTA BARBARA,6,MAS DE 20 ANOS,4.69,-74.04,USADO,,0,1,0,0,1,0,0,0,0,1,False,USAQUEN,MOLINOS NORTE,Calle 106,1770.59,0,PARQUE METROPOLITANO EL COUNTRY,1558.33,0,0.16,,1.0,1.0,0.0,,0.02,335.83,1.0
346-M4693835,APARTAMENTO,VENTA,20.08,90.0,3.0,2.0,513000.0,2.0,NIZA ALHAMBRA,5,ENTRE 10 Y 20 ANOS,4.69,-74.06,USADO,,0,1,0,0,1,0,0,0,0,1,False,SUBA,SANTA MARGARITA,Calle 106,394.62,1,PARQUE ZONAL CANAL CORDOBA,1416.78,0,0.22,,0.67,1.5,0.0,,0.03,669.43,0.0
633-M4080699,APARTAMENTO,VENTA,21.06,368.0,4.0,5.0,3921395.93,3.0,NICOLAS DE FEDERMAN,5,MAS DE 20 ANOS,4.65,-74.08,USADO,,0,1,0,0,1,0,0,0,0,1,False,TEUSAQUILLO,NICOLAS DE FEDERMAN,Campín - UAN,613.33,0,PARQUE ZONAL NICOLAS DE FEDERMAN 3,177.23,1,0.06,,0.75,0.8,0.0,,0.01,647.8,0.0
16474-M4645050,APARTAMENTO,VENTA,19.64,81.0,4.0,3.0,3921395.93,0.0,CENTRO Y ZONA COLONIAL,3,MAS DE 20 ANOS,4.6,-74.09,USADO,,0,0,0,0,0,1,0,0,0,0,False,LOS MARTIRES,EL PROGRESO,Guatoque - Veraguas,582.36,0,PARQUE ZONAL EDUARDO SANTOS,438.87,1,0.24,,0.0,1.33,0.0,,0.05,1821.14,0.0
34-M3863950,APARTAMENTO,VENTA,21.39,226.0,3.0,5.0,1782000.0,2.0,CHICO,6,MAS DE 20 ANOS,4.68,-74.05,USADO,,0,1,0,0,1,0,0,0,0,1,False,CHAPINERO,S.C. CHICO NORTE,Virrey,1456.58,0,PARQUE VECINAL URBANIZACIÓN LA CABRERA,757.61,0,0.09,,0.67,0.6,0.0,,0.01,310.45,1.0
304-M3620078,APARTAMENTO,VENTA,21.34,197.0,3.0,4.0,3921395.93,3.0,SANTA BARBARA,6,REMODELADO,4.69,-74.05,USADO,,0,1,0,0,0,0,0,0,0,1,False,USAQUEN,SANTA BIBIANA,Calle 106,556.12,0,PARQUE VECINAL URBANIZACIÓN NORMANDIA I II II Y IV SECTOR,1394.7,0,0.11,,1.0,0.75,0.0,,0.02,633.43,0.0
766-M4645914,APARTAMENTO,VENTA,20.7,133.49,2.0,4.0,1000000.0,2.0,SANTA BARBARA,6,ENTRE 10 Y 20 ANOS,4.7,-74.05,USADO,,0,1,0,0,1,0,0,0,0,1,False,USAQUEN,SAN PATRICIO,Pepe Sierra,321.53,1,PARQUE ZONAL ATABANZA,1369.93,0,0.16,,1.0,0.5,0.0,,0.01,353.52,1.0
5175-M4593977,APARTAMENTO,VENTA,21.49,250.0,3.0,4.0,2028000.0,4.0,CHICO,6,MAS DE 20 ANOS,4.66,-74.05,USADO,,0,0,0,0,1,0,0,0,0,1,False,CHAPINERO,S.C. BELLAVISTA,Calle 72,1234.41,0,PARQUE ZONAL GUSTAVO URIBE BOTERO,723.73,0,0.09,,1.33,0.75,0.0,,0.01,487.57,1.0
12503-M4466577,APARTAMENTO,VENTA,21.12,187.0,3.0,4.0,1300000.0,3.0,CHICO,6,ENTRE 10 Y 20 ANOS,4.67,-74.05,USADO,,0,0,0,0,1,1,0,0,0,1,False,CHAPINERO,EL REFUGIO,Héroes - Gel´Hada,1692.54,0,PARQUE VECINAL URBANIZACIÓN LA CABRERA,639.26,0,0.11,,1.0,0.75,0.0,,0.02,612.76,0.0
771-M4429619,APARTAMENTO,VENTA,19.66,68.0,1.0,2.0,700000.0,1.0,COUNTRY,5,MAS DE 20 ANOS,4.71,-74.05,USADO,,0,0,0,0,0,0,0,0,0,1,False,USAQUEN,LA CALLEJA,Prado,733.81,0,PARQUE ZONAL ATABANZA,1003.75,0,0.29,,1.0,0.5,0.0,,0.01,404.91,2.0
183-M4704094,APARTAMENTO,VENTA,19.96,79.0,3.0,2.0,280000.0,1.0,CASTILLA MARSELLA,4,ENTRE 0 Y 5 ANOS,4.64,-74.13,USADO,,0,0,0,0,1,0,0,0,0,1,False,KENNEDY,VILLA ALSACIA CIUDADELA,Marsella,1236.49,0,PARQUE ZONAL MARSELLA,1020.06,0,0.25,,0.33,1.5,0.0,,0.04,638.9,0.0
2444-M4604071,APARTAMENTO,VENTA,19.92,118.54,3.0,3.0,280000.0,0.0,CHAPINERO ALTO,3,MAS DE 20 ANOS,4.65,-74.06,USADO,,0,0,0,0,0,0,0,0,0,1,False,CHAPINERO,S.C. CHAPINERO CENTRAL,Calle 63,337.66,1,PARQUE ZONAL GUSTAVO URIBE BOTERO,1304.04,0,0.17,,0.0,1.0,0.0,,0.03,804.32,0.0
350-M4518671,APARTAMENTO,VENTA,19.88,88.65,2.0,2.0,150000.0,1.0,CHAPINERO ALTO,4,MAS DE 20 ANOS,4.65,-74.06,USADO,,0,0,0,0,0,0,0,0,0,1,True,CHAPINERO,S.C. CHAPINERO NORTE,Flores – Areandina,250.05,1,PARQUE ZONAL LA ESTACIÓN,1201.41,0,0.22,,0.5,1.0,0.0,,0.02,111.36,1.0
346-M3674931,APARTAMENTO,VENTA,21.73,240.0,4.0,3.0,1900000.0,3.0,CHICO,6,ENTRE 5 Y 10 ANOS,4.67,-74.04,USADO,,0,1,0,0,1,0,0,0,0,1,False,CHAPINERO,CHICO ORIENTAL,Calle 85,1831.37,0,PARQUE VECINAL URBANIZACIÓN LA CABRERA,795.72,0,0.09,,0.75,1.33,0.0,,0.02,730.23,0.0
16108-M4433207,APARTAMENTO,VENTA,20.05,120.0,2.0,2.0,500000.0,2.0,COLINA Y ALREDEDORES,5,MAS DE 20 ANOS,4.73,-74.07,USADO,,0,0,0,0,1,0,0,0,0,1,False,SUBA,COLINA CAMPESTRE III SECTOR,Gratamira,867.04,0,PARQUE VECINAL PRADO PINZÓN,1455.54,0,0.17,,1.0,1.0,0.0,,0.02,203.24,1.0
2363-M4534993,APARTAMENTO,VENTA,20.91,148.0,4.0,4.0,550000.0,2.0,COLINA Y ALREDEDORES,6,ENTRE 0 Y 5 ANOS,4.76,-74.07,USADO,,0,1,0,0,1,0,0,0,0,1,False,SUBA,SAN JOSE V SECTOR,Portal Norte,2187.87,0,PARQUE ZONAL SAN JOSÉ DE BAVARIA,491.34,1,0.14,,0.5,1.0,0.0,,0.03,2240.05,0.0
342-M4642097,APARTAMENTO,VENTA,20.25,128.66,3.0,3.0,3921395.93,2.0,COUNTRY,5,ENTRE 10 Y 20 ANOS,4.71,-74.03,USADO,,0,0,0,1,1,0,1,0,0,1,False,USAQUEN,LISBOA_,Prado,2390.86,0,PARQUE VECINAL NUEVA URBANIZACIÓN EL CEDRITO,1078.66,0,0.16,,0.67,1.0,0.0,,0.02,244.48,3.0
703-M4589628,APARTAMENTO,VENTA,21.13,183.75,3.0,3.0,1670000.0,2.0,CHICO,5,MAS DE 20 ANOS,4.66,-74.06,USADO,,0,0,0,0,1,0,0,0,0,1,False,CHAPINERO,S.C. PORCIUNCULA,Calle 76 - San Felipe,337.22,1,PARQUE ZONAL LA ESTACIÓN,874.44,0,0.11,,0.67,1.0,0.0,,0.02,423.32,1.0
771-M4371530,APARTAMENTO,VENTA,20.18,122.0,3.0,4.0,540000.0,2.0,SANTA BARBARA,6,ENTRE 10 Y 20 ANOS,4.7,-74.03,USADO,,0,1,0,0,1,0,0,0,0,1,False,USAQUEN,SANTA BARBARA CENTRAL III SECTOR,Pepe Sierra,2372.04,0,PARQUE METROPOLITANO EL COUNTRY,1055.73,0,0.17,,0.67,0.75,0.0,,0.02,204.14,4.0
73-M3286541,APARTAMENTO,VENTA,20.89,220.0,4.0,5.0,1006000.0,0.0,SANTA BARBARA,5,MAS DE 20 ANOS,4.7,-74.05,USADO,,0,0,0,0,1,0,0,0,0,1,True,USAQUEN,SANTA BARBARA OCCIDENTAL,Pepe Sierra,985.42,0,PARQUE METROPOLITANO EL COUNTRY,1100.65,0,0.09,,0.0,0.8,0.0,,0.02,160.54,1.0
164-M4724291,APARTAMENTO,VENTA,20.16,79.0,3.0,2.0,410000.0,1.0,NIZA ALHAMBRA,4,ENTRE 0 Y 5 ANOS,4.69,-74.08,USADO,,0,0,0,0,1,0,0,0,0,1,False,SUBA,LA ALBORADA,AV. 68,631.34,0,PARQUE ZONAL MORATO,914.99,0,0.26,,0.33,1.5,0.0,,0.04,635.11,0.0
15061-M4586054,APARTAMENTO,VENTA,20.3,111.19,3.0,3.0,734900.0,2.0,COUNTRY,5,ENTRE 10 Y 20 ANOS,4.72,-74.05,USADO,,0,1,0,0,1,0,0,0,0,1,False,USAQUEN,LOS CEDROS,Alcalá,261.67,1,PARQUE VECINAL PRADO PINZÓN,821.2,0,0.18,,0.67,1.0,0.0,,0.03,258.56,1.0
346-M3691851,APARTAMENTO,VENTA,20.99,195.4,3.0,4.0,745000.0,2.0,COUNTRY,5,MAS DE 20 ANOS,4.71,-74.03,USADO,,0,1,0,0,1,0,0,0,0,1,False,USAQUEN,URB. VALBELLA,Prado,2775.56,0,PARQUE METROPOLITANO EL COUNTRY,1079.26,0,0.11,,0.67,0.75,0.0,,0.02,576.45,0.0
183-M4176107,APARTAMENTO,VENTA,19.86,76.6,3.0,2.0,209000.0,1.0,KENNEDY,3,ENTRE 0 Y 5 ANOS,4.65,-74.15,USADO,,0,0,0,0,1,0,0,0,0,1,False,KENNEDY,S.C. TINTALA,Biblioteca Tintal,1800.84,0,PARQUE ZONAL SAN IGNACIO,813.72,0,0.26,,0.33,1.5,0.0,,0.04,2701.49,0.0
346-M3721182,APARTAMENTO,VENTA,21.13,174.0,3.0,3.0,680000.0,4.0,SANTA BARBARA,6,ENTRE 10 Y 20 ANOS,4.69,-74.04,USADO,,0,1,0,0,1,0,0,0,0,1,False,USAQUEN,SANTA ANA OCCIDENTAL,Calle 106,2086.08,0,PARQUE METROPOLITANO EL COUNTRY,1862.55,0,0.12,,1.33,1.0,0.0,,0.02,311.8,1.0
346-M3887081,APARTAMENTO,VENTA,20.93,183.0,3.0,3.0,1104000.0,2.0,CHICO,6,MAS DE 20 ANOS,4.67,-74.05,USADO,,0,1,0,0,0,0,0,0,0,1,False,CHAPINERO,LA CABRERA,Héroes - Gel´Hada,1277.43,0,PARQUE ZONAL SAN ANDRÉS,368.92,1,0.11,,0.67,1.0,0.0,,0.02,407.88,3.0
495-M4315089,APARTAMENTO,VENTA,20.86,151.0,3.0,3.0,1000000.0,3.0,SANTA BARBARA,6,MAS DE 20 ANOS,4.69,-74.05,USADO,,0,1,0,1,1,0,0,0,0,1,False,USAQUEN,SAN PATRICIO,Calle 106,476.69,1,PARQUE ZONAL CANAL CORDOBA,1687.0,0,0.14,,1.0,1.0,0.0,,0.02,285.69,2.0
989-M4180637,APARTAMENTO,VENTA,20.19,74.16,2.0,2.0,895000.0,1.0,CHICO,6,MAS DE 20 ANOS,4.68,-74.05,USADO,,0,1,0,0,1,0,0,0,0,1,False,CHAPINERO,S.C. CHICO NORTE,Calle 100 - Marketmedios,942.02,0,PARQUE ZONAL CANAL EL VIRREY EL CHICO,773.53,0,0.27,,0.5,1.0,0.0,,0.03,311.74,3.0
183-M4017755,APARTAMENTO,VENTA,19.64,61.5,3.0,2.0,303100.0,1.0,NORMANDIA,4,ENTRE 10 Y 20 ANOS,4.68,-74.11,USADO,,0,0,0,0,1,0,0,0,0,1,False,ENGATIVA,NORMANDIA - URB. NUEVA NORMANDIA,Normandía,1115.92,0,PARQUE VECINAL URBANIZACIÓN LA EUROPA,1197.54,0,0.32,,0.33,1.5,0.0,,0.05,853.16,0.0
771-M4371154,APARTAMENTO,VENTA,21.51,240.51,3.0,4.0,1256400.0,4.0,CHICO,6,ENTRE 10 Y 20 ANOS,4.68,-74.04,USADO,,0,0,0,1,1,0,0,0,0,1,False,CHAPINERO,S.C. CHICO NORTE,Calle 100 - Marketmedios,1554.64,0,PARQUE VECINAL URBANIZACIÓN LA CABRERA,1060.33,0,0.09,,1.33,0.75,0.0,,0.01,390.28,2.0
346-M4469296,APARTAMENTO,VENTA,21.47,240.0,3.0,3.0,2500000.0,3.0,,6,ENTRE 10 Y 20 ANOS,4.65,-74.05,USADO,,0,1,0,0,1,0,0,0,0,1,False,CHAPINERO,S.C. LAS ACACIAS,Calle 63,1396.18,0,PARQUE ZONAL GUSTAVO URIBE BOTERO,286.82,1,0.09,,1.0,1.0,0.0,,0.01,614.85,0.0
989-M3794048,APARTAMENTO,VENTA,20.72,173.0,4.0,4.0,870000.0,2.0,COUNTRY,6,MAS DE 20 ANOS,4.71,-74.04,USADO,,0,0,0,0,1,0,0,0,0,1,False,USAQUEN,SABANALARGA,Calle 127,1107.3,0,PARQUE METROPOLITANO EL COUNTRY,692.55,0,0.12,,0.5,1.0,0.0,,0.02,482.09,1.0
2266-M3045632,APARTAMENTO,VENTA,20.99,257.0,3.0,4.0,850000.0,2.0,SANTA BARBARA,6,MAS DE 20 ANOS,4.7,-74.03,USADO,,0,1,0,0,1,0,0,0,0,1,False,USAQUEN,USAQUEN,Pepe Sierra,2862.27,0,PARQUE METROPOLITANO EL COUNTRY,1284.08,0,0.08,,0.67,0.75,0.0,,0.01,311.47,2.0
346-M3894000,APARTAMENTO,VENTA,20.2,108.0,3.0,2.0,575000.0,2.0,SANTA BARBARA,6,MAS DE 20 ANOS,4.69,-74.04,USADO,,0,1,0,0,1,0,0,0,0,1,False,USAQUEN,RINCON DEL CHICO,Calle 100 - Marketmedios,1495.82,0,PARQUE ZONAL CANAL EL VIRREY EL CHICO,1723.04,0,0.19,,0.67,1.5,0.0,,0.03,441.14,2.0
2266-728,APARTAMENTO,VENTA,21.05,220.0,3.0,3.0,1047400.0,2.0,SANTA BARBARA,6,REMODELADO,4.7,-74.03,USADO,,0,1,0,0,1,0,0,0,0,0,False,USAQUEN,LOS ALPES II SECTOR,Calle 127,2921.76,0,PARQUE METROPOLITANO EL COUNTRY,1224.44,0,0.1,,0.67,1.0,0.0,,0.01,623.54,0.0
771-M4371180,APARTAMENTO,VENTA,21.62,240.0,3.0,5.0,1600000.0,3.0,CHICO,6,ENTRE 10 Y 20 ANOS,4.66,-74.05,USADO,,0,1,0,0,1,0,0,0,0,1,False,CHAPINERO,BOSQUE EL RETIRO I SECTOR,Calle 76 - San Felipe,1695.11,0,PARQUE ZONAL SAN ANDRÉS,749.9,0,0.09,,1.0,0.6,0.0,,0.01,901.69,0.0
346-M4696003,APARTAMENTO,VENTA,20.96,250.0,4.0,3.0,1200000.0,2.0,SANTA BARBARA,6,MAS DE 20 ANOS,4.69,-74.04,USADO,,0,1,0,0,1,0,0,0,0,1,False,USAQUEN,RINCON DEL CHICO,Calle 100 - Marketmedios,1420.66,0,PARQUE ZONAL CANAL EL VIRREY EL CHICO,1668.86,0,0.08,,0.5,1.33,0.0,,0.02,417.28,2.0
4660-M4635050,APARTAMENTO,VENTA,20.2,113.0,3.0,3.0,601000.0,2.0,COUNTRY,4,MAS DE 20 ANOS,4.72,-74.03,USADO,,0,1,0,0,0,0,0,0,0,1,False,USAQUEN,LISBOA_,Alcalá,2474.1,0,PARQUE VECINAL NUEVA URBANIZACIÓN EL CEDRITO,1009.47,0,0.18,,0.67,1.0,0.0,,0.03,91.65,1.0
495-M4317751,APARTAMENTO,VENTA,20.63,154.0,3.0,3.0,3921395.93,2.0,CHICO,6,MAS DE 20 ANOS,4.68,-74.05,USADO,,0,1,0,0,0,0,0,0,0,1,False,CHAPINERO,S.C. CHICO NORTE III SECTOR,Calle 100 - Marketmedios,711.21,0,PARQUE VECINAL URBANIZACIÓN NORMANDIA I II II Y IV SECTOR,831.99,0,0.13,,0.67,1.0,0.0,,0.02,232.46,3.0
504-M4595619,APARTAMENTO,VENTA,20.07,88.46,3.0,3.0,499000.0,1.0,NIZA ALHAMBRA,5,MAS DE 20 ANOS,4.69,-74.06,USADO,,0,0,0,0,1,0,0,0,0,1,False,SUBA,PUENTE LARGO SECTOR I Y II,Puentelargo,356.96,1,PARQUE ZONAL CANAL CORDOBA,879.06,0,0.23,,0.33,1.0,0.0,,0.03,636.98,0.0
3229-3118303,APARTAMENTO,VENTA,20.44,122.0,3.0,3.0,588000.0,2.0,COUNTRY,5,ENTRE 10 Y 20 ANOS,4.71,-74.04,USADO,,0,1,0,0,1,0,0,0,0,1,False,USAQUEN,COUNTRY CLUB,Prado,1787.42,0,PARQUE METROPOLITANO EL COUNTRY,967.82,0,0.17,,0.67,1.0,0.0,,0.02,249.19,1.0
771-M4371167,APARTAMENTO,VENTA,21.13,234.0,4.0,5.0,1139000.0,3.0,COUNTRY,6,MAS DE 20 ANOS,4.71,-74.04,USADO,,0,0,0,0,0,0,0,0,0,1,False,USAQUEN,LA_CAROLINA,Prado,1379.64,0,PARQUE METROPOLITANO EL COUNTRY,559.8,0,0.09,,0.75,0.8,0.0,,0.02,567.2,0.0
10093-M4539163,APARTAMENTO,VENTA,19.88,109.0,3.0,2.0,401400.0,1.0,COLINA Y ALREDEDORES,5,MAS DE 20 ANOS,4.73,-74.07,USADO,,0,1,0,0,1,0,0,0,0,1,False,SUBA,IBERIA EL POBLAR,Gratamira,802.59,0,PARQUE VECINAL PRADO PINZÓN,1540.79,0,0.18,,0.33,1.5,0.0,,0.03,391.8,1.0
11369-M4597008,APARTAMENTO,VENTA,19.35,39.0,1.0,1.0,144000.0,0.0,,4,ENTRE 0 Y 5 ANOS,4.72,-74.06,USADO,,0,0,0,1,1,1,0,0,0,1,False,SUBA,S.C. PRADO VERANIEGO NORTE,Prado,1009.37,0,PARQUE ZONAL ATABANZA,981.84,0,0.5,,0.0,1.0,0.0,,0.03,617.41,0.0
2556-M4726000,APARTAMENTO,VENTA,20.0,85.0,2.0,2.0,520750.0,1.0,NIZA ALHAMBRA,4,ENTRE 10 Y 20 ANOS,4.7,-74.08,USADO,,0,0,0,0,0,0,0,0,0,1,True,SUBA,NIZA SUR,Humedal Córdoba,917.36,0,PARQUE METROPOLITANO CEFE COMETAS,958.43,0,0.24,,0.5,1.0,0.0,,0.02,1063.73,0.0
815-1027,APARTAMENTO,VENTA,20.91,200.0,3.0,3.0,3921395.93,2.0,CHICO,6,MAS DE 20 ANOS,4.66,-74.05,USADO,,0,1,0,0,0,0,0,0,0,1,False,CHAPINERO,EL REFUGIO,Héroes - Gel´Hada,1624.08,0,PARQUE ZONAL SAN ANDRÉS,664.75,0,0.1,,0.67,1.0,0.0,,0.02,753.97,0.0
5031-M3743982,APARTAMENTO,VENTA,20.82,172.0,3.0,3.0,3921395.93,1.0,SANTA BARBARA,6,ENTRE 10 Y 20 ANOS,4.69,-74.03,USADO,,0,0,0,0,1,0,0,0,0,1,False,USAQUEN,SANTA ANA ORIENTAL,Calle 106,3003.24,0,PARQUE METROPOLITANO EL COUNTRY,2249.2,0,0.12,,0.33,1.0,0.0,,0.02,738.75,0.0
815-1082,APARTAMENTO,VENTA,20.47,137.0,2.0,3.0,480000.0,1.0,SANTA BARBARA,6,MAS DE 20 ANOS,4.7,-74.04,USADO,,0,1,0,0,0,1,0,0,0,1,False,USAQUEN,SANTA BARBARA NORTE,Calle 127,1735.58,0,PARQUE METROPOLITANO EL COUNTRY,378.35,1,0.15,,0.5,0.67,0.0,,0.01,381.56,1.0
771-M4370852,APARTAMENTO,VENTA,20.61,148.0,3.0,4.0,767000.0,2.0,SANTA BARBARA,6,MAS DE 20 ANOS,4.69,-74.06,USADO,,0,0,0,0,1,0,0,0,0,1,False,USAQUEN,SANTA BIBIANA,Calle 106,461.62,1,PARQUE VECINAL URBANIZACIÓN NORMANDIA I II II Y IV SECTOR,1366.39,0,0.14,,0.67,0.75,0.0,,0.02,757.28,0.0
703-M4630436,APARTAMENTO,VENTA,20.82,133.0,3.0,3.0,935000.0,2.0,SANTA BARBARA,6,ENTRE 10 Y 20 ANOS,4.7,-74.04,USADO,,0,1,0,0,1,0,0,0,0,1,False,USAQUEN,SANTA BARBARA OCCIDENTAL,Calle 127,1038.93,0,PARQUE METROPOLITANO EL COUNTRY,735.78,0,0.16,,0.67,1.0,0.0,,0.02,345.45,1.0
346-M4145442,APARTAMENTO,VENTA,20.91,140.0,3.0,2.0,740000.0,2.0,CHAPINERO ALTO,6,MAS DE 20 ANOS,4.65,-74.06,USADO,,0,1,0,0,1,0,0,0,0,1,False,CHAPINERO,S.C. EMAUS,Flores – Areandina,882.07,0,PARQUE ZONAL GUSTAVO URIBE BOTERO,416.49,1,0.15,,0.67,1.5,0.0,,0.02,54.17,1.0
771-M4627887,APARTAMENTO,VENTA,21.24,195.0,3.0,4.0,1500000.0,3.0,SANTA BARBARA,3,ENTRE 10 Y 20 ANOS,4.7,-74.04,USADO,,0,1,0,1,0,0,1,0,0,1,False,USAQUEN,SANTA BARBARA OCCIDENTAL,Pepe Sierra,1255.8,0,PARQUE METROPOLITANO EL COUNTRY,852.69,0,0.11,,1.0,0.75,0.0,,0.02,434.8,2.0
73-M4546693,APARTAMENTO,VENTA,20.67,170.0,3.0,2.0,70000.0,2.0,CHICO,5,MAS DE 20 ANOS,4.67,-74.06,USADO,,0,0,0,0,0,0,0,0,0,1,False,CHAPINERO,S.C. ANTIGUO COUNTRY,Calle 85,429.09,1,PARQUE ZONAL CANAL EL VIRREY EL CHICO,349.93,1,0.12,,0.67,1.5,0.0,,0.02,145.64,4.0
34-M3031654,APARTAMENTO,VENTA,21.19,204.0,3.0,4.0,1152000.0,3.0,CHICO,6,MAS DE 20 ANOS,4.66,-74.05,USADO,,0,1,0,0,1,0,0,0,0,1,False,CHAPINERO,S.C. BELLAVISTA,Calle 72,1205.67,0,PARQUE ZONAL GUSTAVO URIBE BOTERO,631.36,0,0.1,,1.0,0.75,0.0,,0.01,453.65,1.0
504-M4483531,APARTAMENTO,VENTA,19.73,53.45,2.0,2.0,350000.0,1.0,CEDRITOS,4,ENTRE 10 Y 20 ANOS,4.72,-74.03,USADO,,0,0,0,0,0,0,0,0,0,1,False,USAQUEN,CEDRO NARVAEZ,Alcalá,2045.09,0,PARQUE VECINAL NUEVA URBANIZACIÓN EL CEDRITO,269.63,1,0.37,,0.5,1.0,0.0,,0.04,525.61,0.0
346-M4434306,APARTAMENTO,VENTA,21.06,247.0,3.0,3.0,1455000.0,2.0,CHICO,6,REMODELADO,4.66,-74.05,USADO,,0,1,0,0,1,0,0,0,0,1,False,CHAPINERO,S.C. EL NOGAL,Calle 76 - San Felipe,937.78,0,PARQUE ZONAL SAN ANDRÉS,469.65,1,0.09,,0.67,1.0,0.0,,0.01,516.71,0.0
410-M4167918,APARTAMENTO,VENTA,20.81,200.83,3.0,2.0,1527700.0,2.0,CHICO,6,MAS DE 20 ANOS,4.68,-74.05,USADO,,0,1,0,0,1,0,0,0,0,1,False,CHAPINERO,S.C. CHICO NORTE III SECTOR,Calle 100 - Marketmedios,614.97,0,PARQUE VECINAL URBANIZACIÓN NORMANDIA I II II Y IV SECTOR,738.58,0,0.1,,0.67,1.5,0.0,,0.01,122.73,2.0
346-M4074521,APARTAMENTO,VENTA,20.95,221.58,2.0,3.0,1857000.0,2.0,CHICO,6,MAS DE 20 ANOS,4.67,-74.05,USADO,,0,1,0,0,1,0,0,0,0,1,False,CHAPINERO,S.C. EL CHICO,Calle 85,985.25,0,PARQUE VECINAL URBANIZACIÓN LA CABRERA,246.98,1,0.09,,1.0,0.67,0.0,,0.01,207.42,3.0
79-M3470829,APARTAMENTO,VENTA,20.61,118.0,3.0,3.0,636500.0,2.0,CHICO,6,ENTRE 10 Y 20 ANOS,4.68,-74.06,USADO,,0,0,0,0,1,0,0,0,0,1,False,CHAPINERO,S.C. EL CHICO,Virrey,389.18,1,PARQUE VECINAL URBANIZACIÓN NORMANDIA I II II Y IV SECTOR,319.6,1,0.17,,0.67,1.0,0.0,,0.03,434.99,3.0
3229-M4052006,APARTAMENTO,VENTA,20.21,112.0,3.0,2.0,3921395.93,2.0,COLINA Y ALREDEDORES,4,MAS DE 20 ANOS,4.73,-74.06,USADO,,0,0,0,1,1,0,0,0,0,0,False,SUBA,PRADO PINZON,Calle 142,565.03,0,PARQUE VECINAL PRADO PINZÓN,187.68,1,0.18,,0.67,1.5,0.0,,0.03,810.3,0.0
3229-M3476072,APARTAMENTO,VENTA,20.6,164.0,3.0,4.0,854000.0,2.0,SANTA BARBARA,6,MAS DE 20 ANOS,4.7,-74.04,USADO,,0,1,0,1,1,0,0,0,0,1,False,USAQUEN,SANTA BARBARA CENTRAL II,Calle 127,2095.79,0,PARQUE METROPOLITANO EL COUNTRY,393.81,1,0.13,,0.67,0.75,0.0,,0.02,717.29,0.0
346-M4181493,APARTAMENTO,VENTA,20.91,200.0,3.0,2.0,3921395.93,2.0,COUNTRY,6,MAS DE 20 ANOS,4.71,-74.04,USADO,,0,1,0,0,1,0,0,0,0,1,False,USAQUEN,LA_CAROLINA,Calle 127,1676.22,0,PARQUE METROPOLITANO EL COUNTRY,146.83,1,0.1,,0.67,1.5,0.0,,0.02,424.37,1.0
346-M4113021,APARTAMENTO,VENTA,20.11,80.0,2.0,2.0,700000.0,2.0,SANTA BARBARA,6,ENTRE 10 Y 20 ANOS,4.69,-74.04,USADO,,0,1,0,0,1,0,0,0,0,1,False,USAQUEN,RINCON DEL CHICO,Calle 100 - Marketmedios,1471.54,0,PARQUE ZONAL CANAL EL VIRREY EL CHICO,1676.54,0,0.25,,1.0,1.0,0.0,,0.02,398.74,2.0
346-M4643785,APARTAMENTO,VENTA,20.18,84.53,2.0,2.0,473000.0,2.0,COUNTRY,4,MAS DE 20 ANOS,4.72,-74.04,USADO,,0,0,0,0,1,0,0,0,0,1,False,USAQUEN,CEDRITOS,Alcalá,1349.05,0,PARQUE VECINAL NUEVA URBANIZACIÓN EL CEDRITO,780.92,0,0.24,,1.0,1.0,0.0,,0.02,208.38,1.0
72-M3694343,APARTAMENTO,VENTA,21.11,187.0,3.0,5.0,1500000.0,2.0,CHICO,6,ENTRE 10 Y 20 ANOS,4.68,-74.05,USADO,,0,1,0,0,0,0,0,0,0,1,False,CHAPINERO,S.C. CHICO NORTE,Virrey,1115.25,0,PARQUE ZONAL CANAL EL VIRREY EL CHICO,674.84,0,0.11,,0.67,0.6,0.0,,0.02,85.72,2.0
973-M4656586,APARTAMENTO,VENTA,20.01,94.77,3.0,2.0,295000.0,1.0,CASTILLA MARSELLA,4,ENTRE 10 Y 20 ANOS,4.64,-74.13,USADO,,0,0,0,0,1,0,0,0,0,1,False,KENNEDY,VILLA ALSACIA CIUDADELA,Marsella,1238.0,0,PARQUE VECINAL VILLA ALSACIA,1022.61,0,0.21,,0.33,1.5,0.0,,0.03,568.32,0.0
34-M2976232,APARTAMENTO,VENTA,20.7,159.0,3.0,4.0,1500000.0,3.0,SANTA BARBARA,6,MAS DE 20 ANOS,4.69,-74.05,USADO,,0,1,0,0,0,0,0,0,0,1,False,USAQUEN,SANTA BIBIANA,Calle 106,327.46,1,PARQUE VECINAL URBANIZACIÓN NORMANDIA I II II Y IV SECTOR,1606.33,0,0.13,,1.0,0.75,0.0,,0.02,688.38,0.0
164-M3640922,APARTAMENTO,VENTA,19.7,59.92,3.0,2.0,220000.0,1.0,ANTONIO NARINO,3,ENTRE 0 Y 5 ANOS,4.58,-74.1,USADO,,0,1,0,0,1,0,0,0,0,1,False,RAFAEL URIBE URIBE,GUSTAVO RESTREPO,Olaya,544.08,0,PARQUE VECINAL SAN JOSÉ,151.49,1,0.33,,0.33,1.5,0.0,,0.05,2941.23,0.0
10139-M3852140,APARTAMENTO,VENTA,21.77,288.0,3.0,5.0,3921395.93,4.0,CHICO,6,ENTRE 10 Y 20 ANOS,4.65,-74.05,USADO,,0,1,0,0,1,1,0,0,0,1,False,CHAPINERO,S.C. BELLAVISTA,Flores – Areandina,1459.36,0,PARQUE ZONAL GUSTAVO URIBE BOTERO,308.13,1,0.08,,1.33,0.6,0.0,,0.01,647.12,0.0
2671-10735,APARTAMENTO,VENTA,20.44,102.0,2.0,3.0,3921395.93,2.0,SANTA BARBARA,6,ENTRE 10 Y 20 ANOS,4.69,-74.05,USADO,,0,0,0,0,0,0,0,0,0,1,False,USAQUEN,SANTA BIBIANA,Calle 100 - Marketmedios,816.04,0,PARQUE VECINAL URBANIZACIÓN NORMANDIA I II II Y IV SECTOR,1367.86,0,0.2,,1.0,0.67,0.0,,0.02,344.16,2.0
5545-M4610857,APARTAMENTO,VENTA,20.91,186.0,3.0,3.0,1144000.0,2.0,CHICO,6,MAS DE 20 ANOS,4.67,-74.05,USADO,,0,1,0,0,1,0,0,0,0,1,False,CHAPINERO,LA CABRERA,Héroes - Gel´Hada,1296.52,0,PARQUE VECINAL URBANIZACIÓN LA CABRERA,390.45,1,0.11,,0.67,1.0,0.0,,0.02,424.6,3.0
346-M4602095,APARTAMENTO,VENTA,20.46,136.0,3.0,3.0,928000.0,1.0,SANTA BARBARA,6,MAS DE 20 ANOS,4.7,-74.04,USADO,,0,1,0,0,1,0,0,0,0,1,False,USAQUEN,SANTA BARBARA NORTE,Calle 127,1758.56,0,PARQUE METROPOLITANO EL COUNTRY,254.34,1,0.15,,0.33,1.0,0.0,,0.02,378.51,1.0
350-M3835757,APARTAMENTO,VENTA,19.73,63.48,3.0,2.0,3921395.93,1.0,METROPOLIS,3,ENTRE 0 Y 5 ANOS,4.67,-74.07,USADO,,0,0,0,0,0,0,0,0,0,1,False,BARRIOS UNIDOS,JUAN XXIII,Polo,329.96,1,PARQUE ZONAL LA ESTACIÓN,577.6,0,0.31,,0.33,1.5,0.0,,0.05,993.83,0.0
34-M3085832,APARTAMENTO,VENTA,20.65,108.0,3.0,3.0,728000.0,2.0,COLINA Y ALREDEDORES,5,MAS DE 20 ANOS,4.73,-74.07,USADO,,0,1,0,0,1,0,0,0,0,1,False,SUBA,URB. COLINA NORTE II ETAPA,Gratamira,1060.49,0,PARQUE VECINAL PRADO PINZÓN,1276.48,0,0.19,,0.67,1.0,0.0,,0.03,260.01,2.0
495-M4343655,APARTAMENTO,VENTA,19.92,72.0,2.0,2.0,764000.0,1.0,COUNTRY,5,ENTRE 5 Y 10 ANOS,4.71,-74.03,USADO,,0,1,0,0,1,0,0,0,0,1,False,USAQUEN,BELLA SUIZA,Prado,2638.38,0,PARQUE METROPOLITANO EL COUNTRY,986.83,0,0.28,,0.5,1.0,0.0,,0.03,440.55,1.0
34-M2883111,APARTAMENTO,VENTA,20.58,163.0,3.0,4.0,940000.0,2.0,SANTA BARBARA,6,MAS DE 20 ANOS,4.7,-74.05,USADO,,0,1,0,0,1,0,0,0,0,1,False,USAQUEN,SANTA BARBARA OCCIDENTAL,Pepe Sierra,256.85,1,PARQUE ZONAL ATABANZA,1128.93,0,0.13,,0.67,0.75,0.0,,0.02,578.63,0.0
34-M2805678,APARTAMENTO,VENTA,21.64,254.85,3.0,4.0,1800000.0,3.0,CHICO,6,MAS DE 20 ANOS,4.65,-74.05,USADO,,0,1,0,0,1,0,0,0,0,1,False,CHAPINERO,S.C. BELLAVISTA,Calle 72,1302.32,0,PARQUE ZONAL GUSTAVO URIBE BOTERO,391.42,1,0.08,,1.0,0.75,0.0,,0.01,565.58,0.0
34-M3047101,APARTAMENTO,VENTA,21.34,205.0,3.0,3.0,2600000.0,3.0,CHICO,5,MAS DE 20 ANOS,4.66,-74.05,USADO,,0,1,0,0,1,0,0,0,0,1,False,CHAPINERO,LOS ROSALES,Calle 76 - San Felipe,1399.37,0,PARQUE ZONAL SAN ANDRÉS,549.29,0,0.1,,1.0,1.0,0.0,,0.01,732.6,0.0
10093-M4440677,APARTAMENTO,VENTA,20.99,175.0,3.0,3.0,1750000.0,3.0,CHICO,6,MAS DE 20 ANOS,4.66,-74.05,USADO,,0,1,0,0,1,1,0,0,0,1,False,CHAPINERO,S.C. EL NOGAL,Héroes - Gel´Hada,1222.3,0,PARQUE ZONAL SAN ANDRÉS,246.32,1,0.12,,1.0,1.0,0.0,,0.02,417.05,2.0
183-M4177480,APARTAMENTO,VENTA,20.24,142.59,3.0,3.0,620000.0,2.0,COLINA Y ALREDEDORES,5,ENTRE 10 Y 20 ANOS,4.73,-74.06,USADO,,0,1,0,0,1,0,0,0,0,1,False,SUBA,SANTA HELENA - PUERTA DE HIERRO LAS ACACIAS,Gratamira,1274.68,0,PARQUE VECINAL PRADO PINZÓN,1061.92,0,0.14,,0.67,1.0,0.0,,0.02,206.57,1.0
164-M4021119,APARTAMENTO,VENTA,20.47,102.83,3.0,3.0,333000.0,2.0,COLINA Y ALREDEDORES,4,ENTRE 0 Y 5 ANOS,4.74,-74.07,USADO,,0,1,0,0,1,0,0,0,0,1,False,SUBA,EL CORTIJO (FINCA),Gratamira,1415.53,0,PARQUE ZONAL EL TOMILLAR,710.0,0,0.2,,0.67,1.0,0.0,,0.03,516.38,0.0
661-M4583994,APARTAMENTO,VENTA,20.34,85.0,2.0,2.0,351000.0,1.0,CHAPINERO ALTO,4,ENTRE 5 Y 10 ANOS,4.65,-74.05,USADO,,0,1,0,0,1,0,0,0,0,1,False,CHAPINERO,S.C. MARIA CRISTINA,Calle 63,1199.69,0,PARQUE ZONAL GUSTAVO URIBE BOTERO,670.51,0,0.24,,0.5,1.0,0.0,,0.02,804.17,0.0
2396-M4492019,APARTAMENTO,VENTA,21.28,243.0,3.0,4.0,1000000.0,3.0,,5,ENTRE 10 Y 20 ANOS,4.65,-74.05,USADO,,0,0,0,1,1,0,1,0,0,0,False,CHAPINERO,S.C. MARIA CRISTINA,Calle 63,1381.05,0,PARQUE ZONAL GUSTAVO URIBE BOTERO,549.95,0,0.09,,1.0,0.75,0.0,,0.01,804.89,0.0
12511-M4724225,APARTAMENTO,VENTA,20.25,85.0,3.0,3.0,640000.0,2.0,SANTA BARBARA,5,ENTRE 5 Y 10 ANOS,4.7,-74.03,USADO,,0,0,0,1,1,0,0,0,0,1,False,USAQUEN,SANTA BARBARA ORIENTAL,Calle 127,2489.01,0,PARQUE METROPOLITANO EL COUNTRY,771.52,0,0.24,,0.67,1.0,0.0,,0.04,640.73,0.0
183-M4123435,APARTAMENTO,VENTA,20.2,77.84,3.0,2.0,319000.0,1.0,SALITRE MODELIA,4,ENTRE 0 Y 5 ANOS,4.64,-74.11,USADO,,0,0,0,0,1,0,0,0,0,1,False,PUENTE ARANDA,CENTRO INDUSTRIAL,Salitre - El Greco,1373.01,0,PARQUE METROPOLITANO PARQUE CENTRAL SIMÓN BOLÍVAR,927.93,0,0.26,,0.33,1.5,0.0,,0.04,1102.03,0.0
3229-M3595023,APARTAMENTO,VENTA,20.44,138.0,3.0,3.0,900000.0,2.0,SANTA BARBARA,5,MAS DE 20 ANOS,4.7,-74.05,USADO,,0,1,0,0,1,0,0,0,0,1,False,USAQUEN,SANTA BARBARA OCCIDENTAL,Pepe Sierra,479.34,1,PARQUE ZONAL ATABANZA,1260.45,0,0.15,,0.67,1.0,0.0,,0.02,473.27,2.0
346-M4300669,APARTAMENTO,VENTA,19.99,119.0,3.0,2.0,493800.0,1.0,NIZA ALHAMBRA,5,MAS DE 20 ANOS,4.71,-74.07,USADO,,0,1,0,0,1,0,0,0,0,1,True,SUBA,NIZA SUR,Humedal Córdoba,19.29,1,PARQUE ZONAL LOS LACHES LA MINA,522.28,0,0.17,,0.33,1.5,0.0,,0.03,519.53,0.0
771-M4371179,APARTAMENTO,VENTA,21.62,240.0,3.0,5.0,1600000.0,3.0,CHICO,6,ENTRE 10 Y 20 ANOS,4.66,-74.05,USADO,,0,1,0,0,1,0,0,0,0,1,False,CHAPINERO,BOSQUE EL RETIRO I SECTOR,Calle 76 - San Felipe,1695.11,0,PARQUE ZONAL SAN ANDRÉS,749.9,0,0.09,,1.0,0.6,0.0,,0.01,901.69,0.0
771-M4371166,APARTAMENTO,VENTA,21.51,240.51,3.0,4.0,1256400.0,4.0,CHICO,6,ENTRE 10 Y 20 ANOS,4.68,-74.04,USADO,,0,0,0,1,1,0,0,0,0,1,False,CHAPINERO,S.C. CHICO NORTE,Calle 100 - Marketmedios,1554.64,0,PARQUE VECINAL URBANIZACIÓN LA CABRERA,1060.33,0,0.09,,1.33,0.75,0.0,,0.01,390.28,2.0
304-M4372057,APARTAMENTO,VENTA,21.11,140.53,3.0,2.0,3921395.93,2.0,SANTA BARBARA,5,ENTRE 0 Y 5 ANOS,4.7,-74.03,USADO,,0,0,0,0,1,0,0,0,0,1,False,USAQUEN,SANTA BARBARA ORIENTAL,Calle 127,2721.61,0,PARQUE METROPOLITANO EL COUNTRY,1072.72,0,0.15,,0.67,1.5,0.0,,0.02,391.13,1.0
771-M4370878,APARTAMENTO,VENTA,20.95,180.0,3.0,2.0,1200000.0,2.0,SANTA BARBARA,5,MAS DE 20 ANOS,4.69,-74.06,USADO,,0,0,0,0,0,0,0,0,0,1,False,USAQUEN,SANTA BIBIANA,Calle 106,356.36,1,PARQUE VECINAL URBANIZACIÓN NORMANDIA I II II Y IV SECTOR,1473.42,0,0.12,,0.67,1.5,0.0,,0.02,838.36,0.0
183-M4181968,APARTAMENTO,VENTA,20.2,150.0,2.0,3.0,588000.0,1.0,COLINA Y ALREDEDORES,4,MAS DE 20 ANOS,4.72,-74.07,USADO,,0,1,0,0,1,0,0,0,0,1,False,SUBA,S.C. CIUDAD JARDIN NORTE,Suba - AV. Boyacá,237.82,1,PARQUE VECINAL AGRUPACIÓN DE VIVIENDA EN BALCON DE LINDARAJA,1129.11,0,0.13,,0.5,0.67,0.0,,0.01,1148.07,0.0
73-M4548463,APARTAMENTO,VENTA,20.58,158.0,3.0,5.0,909000.0,2.0,SANTA BARBARA,5,MAS DE 20 ANOS,4.69,-74.04,USADO,,0,1,0,0,0,0,0,0,0,1,False,USAQUEN,SANTA BARBARA CENTRAL I Y II,Calle 106,1464.53,0,PARQUE METROPOLITANO EL COUNTRY,1462.58,0,0.13,,0.67,0.6,0.0,,0.02,548.14,0.0
617-M4502473,APARTAMENTO,VENTA,20.15,87.67,3.0,3.0,727000.0,2.0,COUNTRY,5,ENTRE 10 Y 20 ANOS,4.72,-74.04,USADO,,0,0,0,0,1,0,0,0,0,1,False,USAQUEN,EL CONTADOR,Alcalá,1069.84,0,PARQUE VECINAL NUEVA URBANIZACIÓN EL CEDRITO,1041.61,0,0.23,,0.67,1.0,0.0,,0.03,496.6,1.0
10366-M3019486,APARTAMENTO,VENTA,19.7,60.0,2.0,2.0,346200.0,1.0,CHAPINERO ALTO,4,ENTRE 10 Y 20 ANOS,4.63,-74.06,USADO,,0,1,0,0,1,0,0,0,0,1,False,CHAPINERO,S.C. PARDO RUBIO,Calle 45 - American School Way,645.03,0,PARQUE METROPOLITANO PARQUE NACIONAL (PM2A) ENRIQUE OLAYA HERRERA (SECTOR HISTORICO),867.82,0,0.33,,0.5,1.0,0.0,,0.03,472.04,1.0
4660-M4681597,APARTAMENTO,VENTA,20.25,103.0,3.0,2.0,698000.0,2.0,NIZA ALHAMBRA,5,ENTRE 10 Y 20 ANOS,4.69,-74.07,USADO,,0,0,0,0,1,0,0,0,0,1,False,SUBA,PUENTE LARGO SECTOR I Y II,Puentelargo,80.39,1,PARQUE ZONAL MORATO,764.76,0,0.2,,0.67,1.5,0.0,,0.03,637.66,0.0
495-M4318008,APARTAMENTO,VENTA,20.44,166.0,3.0,3.0,700000.0,2.0,SANTA BARBARA,6,MAS DE 20 ANOS,4.69,-74.05,USADO,,0,0,0,0,0,0,0,0,0,1,False,USAQUEN,SANTA BIBIANA,Calle 106,969.4,0,PARQUE VECINAL URBANIZACIÓN NORMANDIA I II II Y IV SECTOR,1594.29,0,0.12,,0.67,1.0,0.0,,0.02,473.94,2.0
346-M4058609,APARTAMENTO,VENTA,20.27,63.0,2.0,2.0,480000.0,1.0,SANTA BARBARA,5,ENTRE 0 Y 5 ANOS,4.7,-74.05,USADO,,0,1,0,0,1,0,0,0,0,1,False,USAQUEN,SANTA BARBARA OCCIDENTAL,Pepe Sierra,743.54,0,PARQUE METROPOLITANO EL COUNTRY,1271.39,0,0.32,,0.5,1.0,0.0,,0.03,175.26,2.0
73-285973,APARTAMENTO,VENTA,20.37,106.0,3.0,3.0,584000.0,2.0,SANTA BARBARA,5,ENTRE 10 Y 20 ANOS,4.69,-74.04,USADO,,0,0,0,0,1,0,0,0,0,1,False,USAQUEN,RINCON DEL CHICO,Calle 100 - Marketmedios,1534.9,0,PARQUE ZONAL CANAL EL VIRREY EL CHICO,1785.84,0,0.19,,0.67,1.0,0.0,,0.03,496.08,1.0
3229-M3571218,APARTAMENTO,VENTA,20.7,97.0,3.0,2.0,350000.0,2.0,SALITRE MODELIA,5,ENTRE 0 Y 5 ANOS,4.66,-74.11,USADO,,0,0,0,1,1,1,0,0,0,1,False,FONTIBON,CIUDAD SALITRE,AV. Rojas,148.59,1,PARQUE VECINAL CARLOS LLERAS (EL FUEGO),671.82,0,0.21,,0.67,1.5,0.0,,0.03,294.71,1.0
164-M4414997,APARTAMENTO,VENTA,19.66,76.95,2.0,2.0,372000.0,1.0,CEDRITOS,4,REMODELADO,4.73,-74.03,USADO,,0,1,0,0,1,0,0,0,0,1,False,USAQUEN,CEDRO SALAZAR,Calle 146,2040.85,0,PARQUE ZONAL ALTA BLANCA,638.53,0,0.26,,0.5,1.0,0.0,,0.03,151.09,1.0
11013-M4679466,APARTAMENTO,VENTA,19.7,44.0,1.0,1.0,470000.0,1.0,CHAPINERO ALTO,4,ENTRE 0 Y 5 ANOS,4.64,-74.06,USADO,,0,0,0,1,1,0,0,0,0,1,False,CHAPINERO,S.C. BOSQUE CALDERON,Marly,767.23,0,PARQUE ZONAL GUSTAVO URIBE BOTERO,1554.05,0,0.45,,1.0,1.0,0.0,,0.02,973.18,0.0
346-M3644200,APARTAMENTO,VENTA,21.03,240.0,3.0,2.0,1070000.0,2.0,COUNTRY,6,MAS DE 20 ANOS,4.71,-74.04,USADO,,0,1,0,0,0,0,0,0,0,1,False,USAQUEN,PLENITUD LA CALLEJA,Calle 127,1203.84,0,PARQUE METROPOLITANO EL COUNTRY,573.0,0,0.09,,0.67,1.5,0.0,,0.01,376.47,1.0
12503-M4040279,APARTAMENTO,VENTA,20.68,132.0,3.0,3.0,1200000.0,2.0,CHICO,6,MAS DE 20 ANOS,4.66,-74.05,USADO,,0,1,0,0,1,0,0,0,0,1,False,CHAPINERO,S.C. BELLAVISTA,Calle 72,1076.31,0,PARQUE ZONAL GUSTAVO URIBE BOTERO,761.38,0,0.16,,0.67,1.0,0.0,,0.02,336.92,3.0
11013-M4628886,APARTAMENTO,VENTA,19.7,44.0,1.0,1.0,470000.0,1.0,CHAPINERO ALTO,4,ENTRE 0 Y 5 ANOS,4.64,-74.06,USADO,,0,0,0,1,1,0,0,0,0,1,False,CHAPINERO,S.C. BOSQUE CALDERON,Marly,767.23,0,PARQUE ZONAL GUSTAVO URIBE BOTERO,1554.05,0,0.45,,1.0,1.0,0.0,,0.02,973.18,0.0
11079-M4666660,APARTAMENTO,VENTA,21.25,268.0,3.0,4.0,1560000.0,3.0,CHICO,6,ENTRE 0 Y 5 ANOS,4.67,-74.05,USADO,,1,1,0,0,1,0,0,0,0,1,False,CHAPINERO,S.C. EL CHICO,Virrey,939.65,0,PARQUE ZONAL CANAL EL VIRREY EL CHICO,294.53,1,0.08,,1.0,0.75,0.0,,0.01,285.3,3.0
73-M3796275,APARTAMENTO,VENTA,19.45,80.0,3.0,2.0,3921395.93,0.0,PUENTE ARANDA,3,ENTRE 10 Y 20 ANOS,4.61,-74.1,USADO,,0,0,0,0,0,0,0,0,0,1,False,PUENTE ARANDA,VERAGUAS CENTRAL,Comuneros,306.65,1,PARQUE ZONAL SANTA ISABEL,823.87,0,0.24,,0.0,1.5,0.0,,0.04,2762.77,0.0
5044-M3186534,APARTAMENTO,VENTA,20.82,180.0,3.0,3.0,950000.0,2.0,,5,MAS DE 20 ANOS,4.7,-74.04,USADO,,0,1,0,0,1,1,0,0,0,1,False,USAQUEN,SANTA BARBARA OCCIDENTAL,Pepe Sierra,1317.71,0,PARQUE METROPOLITANO EL COUNTRY,948.32,0,0.12,,0.67,1.0,0.0,,0.02,477.2,1.0
11013-M4460138,APARTAMENTO,VENTA,20.21,119.0,3.0,3.0,600000.0,2.0,SANTA BARBARA,6,MAS DE 20 ANOS,4.69,-74.04,USADO,,0,1,0,0,0,0,0,0,0,1,False,USAQUEN,SAN PATRICIO,Pepe Sierra,1229.93,0,PARQUE METROPOLITANO EL COUNTRY,1359.04,0,0.17,,0.67,1.0,0.0,,0.03,289.68,1.0
2751-M3725385,APARTAMENTO,VENTA,19.77,110.0,3.0,2.0,60000.0,0.0,CHAPINERO,4,MAS DE 20 ANOS,4.64,-74.07,USADO,,0,0,0,0,0,0,0,0,0,1,False,TEUSAQUILLO,SAN LUIS,Campín - UAN,522.66,0,PARQUE ESCENARIO DEPORTIVO EL CAMPINCITO - CEAD,464.94,1,0.18,,0.0,1.5,0.0,,0.03,270.13,1.0
11013-M4679333,APARTAMENTO,VENTA,19.7,44.0,1.0,1.0,470000.0,1.0,CHAPINERO ALTO,4,ENTRE 0 Y 5 ANOS,4.64,-74.06,USADO,,0,0,0,1,1,0,0,0,0,1,False,CHAPINERO,S.C. BOSQUE CALDERON,Marly,767.23,0,PARQUE ZONAL GUSTAVO URIBE BOTERO,1554.05,0,0.45,,1.0,1.0,0.0,,0.02,973.18,0.0
495-M4314913,APARTAMENTO,VENTA,20.67,149.0,3.0,3.0,1298000.0,2.0,SANTA BARBARA,5,ENTRE 5 Y 10 ANOS,4.7,-74.05,USADO,,0,0,0,0,1,0,0,0,0,1,False,USAQUEN,SANTA BARBARA OCCIDENTAL,Calle 127,706.89,0,PARQUE METROPOLITANO EL COUNTRY,1221.95,0,0.14,,0.67,1.0,0.0,,0.02,386.41,1.0
346-M3835559,APARTAMENTO,VENTA,21.81,335.0,3.0,5.0,1800000.0,4.0,SANTA BARBARA,6,ENTRE 5 Y 10 ANOS,4.69,-74.05,USADO,,0,0,0,0,1,0,0,0,0,1,False,USAQUEN,SANTA BIBIANA,Calle 106,607.93,0,PARQUE VECINAL URBANIZACIÓN NORMANDIA I II II Y IV SECTOR,1326.74,0,0.07,,1.33,0.6,0.0,,0.01,586.95,0.0
495-M4643931,APARTAMENTO,VENTA,20.06,85.0,2.0,2.0,521000.0,1.0,SANTA BARBARA,5,MAS DE 20 ANOS,4.69,-74.05,USADO,,0,1,0,0,0,0,0,0,0,1,False,USAQUEN,SAN PATRICIO,Calle 106,1133.26,0,PARQUE METROPOLITANO EL COUNTRY,1606.55,0,0.24,,0.5,1.0,0.0,,0.02,266.93,1.0
93-M4677281,APARTAMENTO,VENTA,19.5,53.0,1.0,1.0,300000.0,1.0,SANTA BARBARA,6,MAS DE 20 ANOS,4.69,-74.04,USADO,,0,0,0,0,1,0,0,0,0,1,False,USAQUEN,SANTA BARBARA CENTRAL II SECTOR,Pepe Sierra,1893.91,0,PARQUE METROPOLITANO EL COUNTRY,1265.08,0,0.37,,1.0,1.0,0.0,,0.02,345.52,1.0
346-M3671576,APARTAMENTO,VENTA,20.31,140.0,3.0,4.0,600000.0,2.0,COUNTRY,5,MAS DE 20 ANOS,4.71,-74.05,USADO,,0,1,0,0,1,0,0,0,0,1,False,USAQUEN,,Prado,408.98,1,PARQUE ZONAL ATABANZA,899.61,0,0.15,,0.67,0.75,0.0,,0.02,557.39,0.0
3229-M3454652,APARTAMENTO,VENTA,19.92,72.0,2.0,2.0,270000.0,2.0,COLINA Y ALREDEDORES,5,ENTRE 10 Y 20 ANOS,4.74,-74.07,USADO,,0,0,0,1,1,1,1,0,0,1,False,SUBA,EL CORTIJO (FINCA),21 Ángeles,1332.8,0,PARQUE ZONAL EL TOMILLAR,368.35,1,0.28,,1.0,1.0,0.0,,0.03,829.85,0.0
603-M4418288,APARTAMENTO,VENTA,19.63,86.0,3.0,2.0,250000.0,1.0,ORQUIDEAS,4,ENTRE 5 Y 10 ANOS,4.77,-74.03,USADO,,0,0,0,0,0,0,0,0,0,1,False,USAQUEN,ANDALUCIA,Terminal,1171.38,0,PARQUE VECINAL DESARROLLO VERBENAL I,924.89,0,0.23,,0.33,1.5,0.0,,0.03,984.2,0.0
679-M4100439,APARTAMENTO,VENTA,20.82,232.0,3.0,4.0,1078000.0,2.0,COUNTRY,6,MAS DE 20 ANOS,4.71,-74.03,USADO,,0,0,0,0,1,0,0,0,0,1,False,USAQUEN,URB. VALBELLA,Prado,2775.49,0,PARQUE METROPOLITANO EL COUNTRY,1079.3,0,0.09,,0.67,0.75,0.0,,0.01,576.28,0.0
478-M3474716,APARTAMENTO,VENTA,19.78,91.0,3.0,2.0,600000.0,2.0,CEDRITOS,4,MAS DE 20 ANOS,4.73,-74.03,USADO,,0,1,0,0,1,0,0,0,0,1,False,USAQUEN,CEDRO MADEIRA,Calle 146,2048.97,0,PARQUE VECINAL NUEVA URBANIZACIÓN EL CEDRITO,392.93,1,0.22,,0.67,1.5,0.0,,0.03,404.63,1.0
2751-M4700185,APARTAMENTO,VENTA,19.73,72.0,2.0,2.0,477000.0,1.0,NIZA ALHAMBRA,5,MAS DE 20 ANOS,4.7,-74.06,USADO,,0,0,0,0,1,0,0,0,0,1,False,SUBA,LA ALHAMBRA SECTOR SUR,Pepe Sierra,771.47,0,PARQUE ZONAL CANAL CORDOBA,393.46,1,0.27,,0.5,1.0,0.0,,0.03,1168.96,0.0
495-M4681546,APARTAMENTO,VENTA,19.58,70.0,3.0,2.0,3921395.93,0.0,KENNEDY,3,MAS DE 20 ANOS,4.63,-74.14,USADO,,0,0,0,0,0,1,0,0,0,1,False,KENNEDY,MANDALAY,Mandalay,271.73,1,PARQUE ESCENARIO DEPORTIVO ESTADIO DE TECHO,675.09,0,0.28,,0.0,1.5,0.0,,0.04,1241.06,0.0
15333-M4271427,APARTAMENTO,VENTA,20.62,117.0,3.0,3.0,712000.0,2.0,CHICO,6,MAS DE 20 ANOS,4.68,-74.05,USADO,,0,1,0,0,1,0,0,0,0,1,False,CHAPINERO,S.C. CHICO NORTE III SECTOR,Calle 100 - Marketmedios,810.01,0,PARQUE ZONAL CANAL EL VIRREY EL CHICO,804.6,0,0.18,,0.67,1.0,0.0,,0.03,297.26,3.0
10366-M3346352,APARTAMENTO,VENTA,21.13,264.0,3.0,4.0,1744300.0,3.0,CHICO,6,MAS DE 20 ANOS,4.68,-74.05,USADO,,0,1,0,0,1,0,0,0,0,1,False,CHAPINERO,S.C. CHICO NORTE III SECTOR,Calle 100 - Marketmedios,809.78,0,PARQUE ZONAL CANAL EL VIRREY EL CHICO,852.59,0,0.08,,1.0,0.75,0.0,,0.01,313.81,4.0
603-M4418197,APARTAMENTO,VENTA,20.13,67.0,2.0,2.0,450000.0,1.0,CENTRO Y ZONA COLONIAL,3,ENTRE 5 Y 10 ANOS,4.61,-74.07,USADO,,0,0,0,1,0,0,0,0,0,1,False,SANTA FE,LAS NIEVES,Universidades,417.68,1,PARQUE METROPOLITANO INDEPENDENCIA BICENTENARIO,497.14,1,0.3,,0.5,1.0,0.0,,0.03,500.55,0.0
12511-M4591505,APARTAMENTO,VENTA,21.02,166.0,3.0,4.0,900000.0,3.0,COUNTRY,4,ENTRE 0 Y 5 ANOS,4.71,-74.03,USADO,,0,0,0,1,1,0,1,0,0,1,False,USAQUEN,BELLA SUIZA,Prado,2503.08,0,PARQUE METROPOLITANO EL COUNTRY,798.65,0,0.13,,1.0,0.75,0.0,,0.02,450.76,1.0
11233-M3478735,APARTAMENTO,VENTA,19.99,76.0,2.0,2.0,570000.0,2.0,SANTA BARBARA,5,MAS DE 20 ANOS,4.69,-74.04,USADO,,0,1,0,0,1,0,0,0,0,1,False,USAQUEN,RINCON DEL CHICO,Calle 100 - Marketmedios,1468.59,0,PARQUE ZONAL CANAL EL VIRREY EL CHICO,1673.17,0,0.26,,1.0,1.0,0.0,,0.03,396.82,2.0
34-61232,APARTAMENTO,VENTA,21.31,275.87,4.0,3.0,1781000.0,4.0,CHICO,3,MAS DE 20 ANOS,4.66,-74.05,USADO,,0,1,0,0,1,0,0,0,0,1,False,CHAPINERO,LOS ROSALES,Calle 72,1328.33,0,PARQUE ZONAL GUSTAVO URIBE BOTERO,836.76,0,0.08,,1.0,1.33,0.0,,0.01,595.68,0.0
34-M2904685,APARTAMENTO,VENTA,21.53,253.71,4.0,3.0,2250000.0,2.0,CHICO,6,MAS DE 20 ANOS,4.66,-74.05,USADO,,0,1,0,0,1,0,0,0,0,1,False,CHAPINERO,BOSQUE EL RETIRO I SECTOR,Calle 76 - San Felipe,1711.84,0,PARQUE ZONAL SAN ANDRÉS,782.44,0,0.08,,0.5,1.33,0.0,,0.02,938.2,0.0
603-M4418066,APARTAMENTO,VENTA,20.98,172.0,3.0,3.0,1028000.0,2.0,CHICO,6,MAS DE 20 ANOS,4.66,-74.06,USADO,,0,0,0,1,1,0,0,0,0,1,False,CHAPINERO,S.C. EL NOGAL,Calle 76 - San Felipe,729.61,0,PARQUE ZONAL SAN ANDRÉS,566.6,0,0.12,,0.67,1.0,0.0,,0.02,444.66,3.0
350-M4411198,APARTAMENTO,VENTA,20.14,42.99,1.0,2.0,460000.0,1.0,CHICO,6,ENTRE 0 Y 5 ANOS,4.68,-74.05,USADO,,0,0,0,0,1,0,0,0,0,1,False,CHAPINERO,S.C. CHICO NORTE III SECTOR,Calle 100 - Marketmedios,422.9,1,PARQUE VECINAL URBANIZACIÓN NORMANDIA I II II Y IV SECTOR,812.59,0,0.47,,1.0,0.5,0.0,,0.02,246.26,2.0
16425-M4622281,APARTAMENTO,VENTA,19.86,83.0,3.0,3.0,350000.0,1.0,COLINA Y ALREDEDORES,5,ENTRE 0 Y 5 ANOS,4.73,-74.07,USADO,,0,1,0,0,1,0,0,0,0,1,False,SUBA,URB. ATICOS DEL NORTE,Gratamira,902.52,0,PARQUE VECINAL PRADO PINZÓN,1439.32,0,0.24,,0.33,1.0,0.0,,0.04,326.0,1.0
346-M4529454,APARTAMENTO,VENTA,20.25,106.0,3.0,3.0,330000.0,2.0,COLINA Y ALREDEDORES,5,ENTRE 10 Y 20 ANOS,4.74,-74.07,USADO,,0,0,0,0,1,0,0,0,0,1,False,SUBA,S.C. GILMAR - LA SIRENA (PREDIO),21 Ángeles,1858.51,0,PARQUE ZONAL EL TOMILLAR,823.77,0,0.19,,0.67,1.0,0.0,,0.03,1250.77,0.0
350-M3861336,APARTAMENTO,VENTA,19.74,63.48,3.0,2.0,3921395.93,1.0,METROPOLIS,3,ENTRE 0 Y 5 ANOS,4.67,-74.07,USADO,,0,0,0,0,0,0,0,0,0,1,False,BARRIOS UNIDOS,JUAN XXIII,Polo,329.96,1,PARQUE ZONAL LA ESTACIÓN,577.6,0,0.31,,0.33,1.5,0.0,,0.05,993.83,0.0
346-M3838110,APARTAMENTO,VENTA,20.98,122.57,2.0,2.0,900000.0,2.0,CHICO,6,ENTRE 0 Y 5 ANOS,4.68,-74.05,USADO,,0,1,0,0,1,0,0,0,0,1,False,CHAPINERO,S.C. EL CHICO,Virrey,764.97,0,PARQUE ZONAL CANAL EL VIRREY EL CHICO,308.5,1,0.17,,1.0,1.0,0.0,,0.02,158.8,3.0
3229-M4065268,APARTAMENTO,VENTA,20.11,84.0,3.0,2.0,350000.0,1.0,FONTIBON TINTAL,3,ENTRE 0 Y 5 ANOS,4.67,-74.13,USADO,,0,0,0,0,1,0,0,0,0,0,False,FONTIBON,MALLORCA,Modelia,1505.21,0,PARQUE VECINAL MODELIA SECTOR A,886.84,0,0.24,,0.33,1.5,0.0,,0.04,515.66,0.0
356-M4277522,APARTAMENTO,VENTA,21.42,285.0,3.0,3.0,1500000.0,3.0,COUNTRY,6,MAS DE 20 ANOS,4.71,-74.04,USADO,,0,1,0,1,0,1,0,0,0,1,False,USAQUEN,LA_CAROLINA,Prado,1355.3,0,PARQUE METROPOLITANO EL COUNTRY,588.14,0,0.08,,1.0,1.0,0.0,,0.01,595.85,0.0
3229-M3979807,APARTAMENTO,VENTA,21.39,200.0,3.0,4.0,1750000.0,4.0,CHICO,6,MAS DE 20 ANOS,4.68,-74.05,USADO,,0,1,0,0,1,0,0,0,0,0,False,CHAPINERO,S.C. CHICO NORTE,Virrey,550.56,0,PARQUE VECINAL URBANIZACIÓN NORMANDIA I II II Y IV SECTOR,449.28,1,0.11,,1.33,0.75,0.0,,0.02,298.87,2.0
2751-M4491884,APARTAMENTO,VENTA,19.34,46.0,2.0,1.0,123000.0,1.0,CASTILLA MARSELLA,3,ENTRE 10 Y 20 ANOS,4.64,-74.15,USADO,,0,0,0,0,0,1,0,0,0,1,False,KENNEDY,CASTILLA LA NUEVA,Transversal 86,641.74,0,PARQUE ZONAL CASTILLA,843.99,0,0.42,,0.5,2.0,0.0,,0.04,2260.24,0.0
815-M4414825,APARTAMENTO,VENTA,19.64,58.0,2.0,2.0,3921395.93,2.0,COUNTRY,5,ENTRE 10 Y 20 ANOS,4.7,-74.03,USADO,,0,0,0,0,1,0,0,0,0,1,False,USAQUEN,BELLA SUIZA,Calle 127,2686.04,0,PARQUE METROPOLITANO EL COUNTRY,943.26,0,0.34,,1.0,1.0,0.0,,0.03,739.77,0.0
661-M4576601,APARTAMENTO,VENTA,20.85,165.0,3.0,4.0,869200.0,2.0,COLINA Y ALREDEDORES,5,REMODELADO,4.73,-74.07,USADO,,0,1,0,0,1,0,0,0,0,1,False,SUBA,GRATAMIRA,Gratamira,19.24,1,PARQUE ZONAL EL TOMILLAR,1448.97,0,0.13,,0.67,0.75,0.0,,0.02,1068.46,0.0
13300-M4560543,APARTAMENTO,VENTA,19.92,97.23,3.0,2.0,3921395.93,0.0,CENTRO NARINO,3,MAS DE 20 ANOS,4.62,-74.08,USADO,,0,0,0,0,0,0,0,0,0,1,False,TEUSAQUILLO,LA SOLEDAD,Centro Memoria,524.74,0,PARQUE METROPOLITANO EL RENACIMIENTO - PARQUE CEMENTERIO CENTRAL,539.67,0,0.2,,0.0,1.5,0.0,,0.03,86.5,1.0
12511-M4568638,APARTAMENTO,VENTA,20.54,103.0,2.0,3.0,880501.0,2.0,SANTA BARBARA,6,ENTRE 5 Y 10 ANOS,4.69,-74.05,USADO,,0,1,0,0,1,0,0,0,0,1,False,USAQUEN,SANTA BIBIANA,Calle 106,875.97,0,PARQUE VECINAL URBANIZACIÓN NORMANDIA I II II Y IV SECTOR,1853.34,0,0.2,,1.0,0.67,0.0,,0.02,363.27,1.0
973-M3224254,APARTAMENTO,VENTA,20.32,101.04,3.0,3.0,440000.0,2.0,COLINA Y ALREDEDORES,5,ENTRE 5 Y 10 ANOS,4.73,-74.06,USADO,,0,0,0,0,1,0,0,0,0,1,False,SUBA,SAN JOSE DEL PRADO - URB. ECHEVERRIA,Alcalá,1134.78,0,PARQUE VECINAL PRADO PINZÓN,779.85,0,0.2,,0.67,1.0,0.0,,0.03,298.03,1.0
603-M4714923,APARTAMENTO,VENTA,19.57,71.4,3.0,2.0,272000.0,1.0,COLINA Y ALREDEDORES,4,MAS DE 20 ANOS,4.73,-74.05,USADO,,0,0,0,0,0,1,0,0,0,1,False,SUBA,LA VICTORIA NORTE,Calle 146,479.1,1,PARQUE VECINAL URBANIZACIÓN LA LAGUNA,220.9,1,0.27,,0.33,1.5,0.0,,0.04,1315.41,0.0
346-M3721128,APARTAMENTO,VENTA,21.72,400.0,4.0,3.0,1971000.0,3.0,CHICO,5,MAS DE 20 ANOS,4.67,-74.04,USADO,,0,1,0,0,1,0,0,0,0,1,False,CHAPINERO,CHICO ORIENTAL,Calle 85,1713.18,0,PARQUE VECINAL URBANIZACIÓN LA CABRERA,658.03,0,0.05,,0.75,1.33,0.0,,0.01,605.0,0.0
11013-M4704206,APARTAMENTO,VENTA,20.26,90.0,2.0,2.0,555000.0,2.0,CEDRITOS,6,MAS DE 20 ANOS,4.72,-74.02,USADO,,1,1,0,0,1,0,0,0,0,1,False,USAQUEN,BOSQUE DE PINOS III,Calle 146,3043.66,0,PARQUE VECINAL NUEVA URBANIZACIÓN EL CEDRITO,1182.34,0,0.23,,1.0,1.0,0.0,,0.02,1199.78,0.0
5168-M4706066,APARTAMENTO,VENTA,19.7,71.0,3.0,2.0,352000.0,1.0,SANTA BARBARA,6,MAS DE 20 ANOS,4.69,-74.04,USADO,,0,1,0,0,1,0,0,0,0,1,False,USAQUEN,SANTA BARBARA CENTRAL III SECTOR,Pepe Sierra,2273.4,0,PARQUE METROPOLITANO EL COUNTRY,1203.71,0,0.28,,0.33,1.5,0.0,,0.04,389.48,5.0
771-M4371211,APARTAMENTO,VENTA,20.47,117.0,3.0,3.0,616000.0,2.0,CHICO,6,ENTRE 10 Y 20 ANOS,4.68,-74.05,USADO,,0,0,0,0,0,0,0,0,0,1,False,CHAPINERO,S.C. CHICO NORTE III SECTOR,Calle 100 - Marketmedios,751.25,0,PARQUE VECINAL URBANIZACIÓN NORMANDIA I II II Y IV SECTOR,1198.45,0,0.17,,0.67,1.0,0.0,,0.03,134.47,2.0
34-61911,APARTAMENTO,VENTA,20.53,139.95,2.0,3.0,700000.0,0.0,SANTA BARBARA,3,ENTRE 10 Y 20 ANOS,4.7,-74.04,USADO,,0,1,0,0,0,0,0,0,0,1,False,USAQUEN,SANTA BARBARA NORTE,Calle 127,1595.2,0,PARQUE METROPOLITANO EL COUNTRY,180.19,1,0.15,,0.0,0.67,0.0,,0.01,233.58,1.0
495-M4560376,APARTAMENTO,VENTA,19.83,78.0,3.0,2.0,440000.0,1.0,CEDRITOS,4,ENTRE 10 Y 20 ANOS,4.72,-74.04,USADO,,0,0,0,0,1,0,0,0,0,1,False,USAQUEN,CEDRO NARVAEZ,Calle 142,1696.0,0,PARQUE VECINAL NUEVA URBANIZACIÓN EL CEDRITO,311.74,1,0.25,,0.33,1.5,0.0,,0.04,315.03,1.0
350-M4560057,APARTAMENTO,VENTA,19.71,47.26,1.0,1.0,420000.0,1.0,CHAPINERO ALTO,4,ENTRE 5 Y 10 ANOS,4.64,-74.06,USADO,,0,0,0,0,1,0,0,0,0,1,False,CHAPINERO,VISTA HERMOSA - MARIA CRISTINA,Calle 57,1094.46,0,PARQUE ZONAL GUSTAVO URIBE BOTERO,847.27,0,0.42,,1.0,1.0,0.0,,0.02,907.4,0.0
635-M4120411,APARTAMENTO,VENTA,20.11,90.0,4.0,3.0,690000.0,1.0,NIZA ALHAMBRA,5,MAS DE 20 ANOS,4.7,-74.06,USADO,,0,0,0,0,0,0,0,0,0,1,False,SUBA,LA ALHAMBRA SECTOR NORTE,Pepe Sierra,808.64,0,PARQUE ZONAL CANAL CORDOBA,348.88,1,0.22,,0.25,1.33,0.0,,0.04,1120.17,0.0
12511-M4724218,APARTAMENTO,VENTA,20.68,157.0,3.0,3.0,800000.0,2.0,SANTA BARBARA,5,ENTRE 5 Y 10 ANOS,4.7,-74.05,USADO,,0,1,0,1,1,0,0,0,0,1,False,USAQUEN,SANTA BARBARA OCCIDENTAL,Calle 127,396.19,1,PARQUE ZONAL ATABANZA,1057.25,0,0.13,,0.67,1.0,0.0,,0.02,382.72,3.0
815-688,APARTAMENTO,VENTA,20.72,125.0,3.0,3.0,1310000.0,2.0,SANTA BARBARA,6,ENTRE 5 Y 10 ANOS,4.69,-74.06,USADO,,0,0,0,0,1,0,0,0,0,1,False,USAQUEN,SAN PATRICIO,Calle 106,172.83,1,PARQUE ZONAL CANAL CORDOBA,1412.82,0,0.17,,0.67,1.0,0.0,,0.02,566.6,0.0
603-M4421078,APARTAMENTO,VENTA,19.61,48.0,2.0,2.0,214000.0,1.0,SALITRE MODELIA,3,MAS DE 20 ANOS,4.67,-74.12,USADO,,0,0,0,0,0,0,0,0,0,1,False,FONTIBON,RINCON DE MODELIA,Modelia,885.5,0,PARQUE VECINAL MODELIA SECTOR A,414.6,1,0.41,,0.5,1.0,0.0,,0.04,748.46,0.0
34-62974,APARTAMENTO,VENTA,21.82,363.1,3.0,5.0,2500000.0,3.0,CHICO,6,MAS DE 20 ANOS,4.65,-74.05,USADO,,0,1,0,0,1,0,0,0,0,1,False,CHAPINERO,ALTOS DE BELLAVISTA,Calle 72,1494.36,0,PARQUE ZONAL GUSTAVO URIBE BOTERO,557.06,0,0.06,,1.0,0.6,0.0,,0.01,748.63,0.0
603-M4418294,APARTAMENTO,VENTA,19.92,98.0,3.0,2.0,620000.0,1.0,CEDRITOS,4,ENTRE 5 Y 10 ANOS,4.73,-74.05,USADO,,0,0,0,0,0,0,0,0,0,1,False,USAQUEN,LOS CEDRITOS,Calle 142,278.61,1,PARQUE VECINAL PRADO PINZÓN,655.03,0,0.2,,0.33,1.5,0.0,,0.03,736.34,0.0
2751-M4039325,APARTAMENTO,VENTA,19.36,57.0,3.0,2.0,195000.0,1.0,PUENTE ARANDA,3,MAS DE 20 ANOS,4.6,-74.13,USADO,,0,0,0,0,0,1,0,0,0,1,True,PUENTE ARANDA,PUENTE ARANDA,General Santander,464.57,1,PARQUE METROPOLITANO SANTA LUCIA,173.3,1,0.34,,0.33,1.5,0.0,,0.05,806.6,0.0
11013-M4679371,APARTAMENTO,VENTA,19.7,44.0,1.0,1.0,470000.0,1.0,CHAPINERO ALTO,4,ENTRE 0 Y 5 ANOS,4.64,-74.06,USADO,,0,0,0,1,1,0,0,0,0,1,False,CHAPINERO,S.C. BOSQUE CALDERON,Marly,767.23,0,PARQUE ZONAL GUSTAVO URIBE BOTERO,1554.05,0,0.45,,1.0,1.0,0.0,,0.02,973.18,0.0
5545-M3799150,APARTAMENTO,VENTA,21.37,230.54,3.0,5.0,1698000.0,3.0,COUNTRY,6,MAS DE 20 ANOS,4.72,-74.03,USADO,,0,1,0,1,1,0,0,0,0,0,False,USAQUEN,MONTEARROYO,Alcalá,2729.29,0,PARQUE VECINAL NUEVA URBANIZACIÓN EL CEDRITO,1051.69,0,0.09,,1.0,0.6,0.0,,0.01,233.56,1.0
73-M3856129,APARTAMENTO,VENTA,19.63,40.48,1.0,1.0,212000.0,1.0,CENTRO INTERNACIONAL,4,ENTRE 10 Y 20 ANOS,4.62,-74.07,USADO,,0,0,0,0,1,0,0,0,0,1,False,SANTA FE,SAMPER,Calle 34,299.43,1,PARQUE METROPOLITANO PARQUE NACIONAL (PM2A) ENRIQUE OLAYA HERRERA (SECTOR HISTORICO),727.63,0,0.48,,1.0,1.0,0.0,,0.02,386.77,4.0
11079-M4681259,APARTAMENTO,VENTA,20.91,150.8,2.0,4.0,1500000.0,4.0,CHICO,6,MAS DE 20 ANOS,4.66,-74.05,USADO,,0,1,0,1,0,0,0,0,0,1,False,CHAPINERO,LOS ROSALES,Calle 72,1430.38,0,PARQUE ZONAL GUSTAVO URIBE BOTERO,819.0,0,0.14,,2.0,0.5,0.0,,0.01,688.97,0.0
5545-M4231567,APARTAMENTO,VENTA,20.09,68.6,2.0,2.0,701000.0,2.0,SANTA BARBARA,5,ENTRE 10 Y 20 ANOS,4.7,-74.05,USADO,,0,0,0,1,1,0,0,0,0,1,False,USAQUEN,SANTA BARBARA OCCIDENTAL,Pepe Sierra,890.71,0,PARQUE METROPOLITANO EL COUNTRY,1150.21,0,0.29,,1.0,1.0,0.0,,0.03,131.99,2.0
79-M3025931,APARTAMENTO,VENTA,21.06,133.0,3.0,3.0,1068000.0,2.0,CHAPINERO ALTO,6,REMODELADO,4.65,-74.05,USADO,,0,1,0,0,1,0,0,0,0,0,False,CHAPINERO,S.C. LAS ACACIAS,Flores – Areandina,1415.36,0,PARQUE ZONAL GUSTAVO URIBE BOTERO,121.99,1,0.16,,0.67,1.0,0.0,,0.02,573.37,0.0
15062-M4139287,APARTAMENTO,VENTA,20.14,75.0,3.0,2.0,3921395.93,2.0,FONTIBON TINTAL,4,ENTRE 5 Y 10 ANOS,4.66,-74.13,USADO,,0,1,0,1,1,0,1,0,0,1,False,FONTIBON,EL TINTAL A.S.D.,Normandía,2261.65,0,PARQUE ZONAL CANAL BOYACA,1487.33,0,0.27,,0.67,1.5,0.0,,0.04,554.32,0.0
617-M4698157,APARTAMENTO,VENTA,20.31,65.0,1.0,3.0,235000.0,2.0,NIZA ALHAMBRA,4,ENTRE 0 Y 5 ANOS,4.69,-74.07,USADO,,0,1,0,1,1,0,0,0,0,1,False,SUBA,S.C. ANDES NORTE,Suba - Calle 100,183.78,1,PARQUE ZONAL MORATO,942.61,0,0.31,,2.0,0.33,0.0,,0.02,451.42,1.0
34-64207,APARTAMENTO,VENTA,21.34,229.96,3.0,4.0,933000.0,2.0,SANTA BARBARA,6,MAS DE 20 ANOS,4.7,-74.03,USADO,,0,1,0,0,1,0,0,0,0,1,False,USAQUEN,LOS ALPES II SECTOR,Calle 127,2873.23,0,PARQUE METROPOLITANO EL COUNTRY,1235.32,0,0.09,,0.67,0.75,0.0,,0.01,420.72,2.0
12503-M4709415,APARTAMENTO,VENTA,20.18,113.45,3.0,3.0,620000.0,2.0,,6,MAS DE 20 ANOS,4.7,-74.05,USADO,,1,1,0,0,1,0,0,0,0,1,False,USAQUEN,SAN PATRICIO,Pepe Sierra,242.45,1,PARQUE ZONAL ATABANZA,1272.86,0,0.18,,0.67,1.0,0.0,,0.03,462.59,1.0
957-M3689285,APARTAMENTO,VENTA,20.91,193.0,3.0,4.0,986000.0,4.0,COUNTRY,5,ENTRE 10 Y 20 ANOS,4.72,-74.04,USADO,,0,0,0,1,1,1,0,0,0,1,True,USAQUEN,NUEVO COUNTRY,Alcalá,1222.91,0,PARQUE VECINAL NUEVA URBANIZACIÓN EL CEDRITO,1130.15,0,0.11,,1.33,0.75,0.0,,0.02,523.04,0.0
350-M4672454,APARTAMENTO,VENTA,19.76,59.49,1.0,2.0,488000.0,1.0,CHAPINERO ALTO,4,MAS DE 20 ANOS,4.64,-74.06,USADO,,0,0,0,0,1,0,0,0,0,1,False,CHAPINERO,S.C. PARDO RUBIO,Marly,452.21,1,PARQUE METROPOLITANO PARQUE NACIONAL (PM2A) ENRIQUE OLAYA HERRERA (SECTOR HISTORICO),1287.09,0,0.33,,1.0,0.5,0.0,,0.02,503.28,0.0
10139-M4096745,APARTAMENTO,VENTA,21.42,200.0,3.0,4.0,3921395.93,3.0,CHICO,6,ENTRE 10 Y 20 ANOS,4.68,-74.04,USADO,,0,1,0,0,1,0,0,0,0,1,False,CHAPINERO,S.C. CHICO NORTE,Virrey,1738.48,0,PARQUE VECINAL URBANIZACIÓN LA CABRERA,1065.95,0,0.11,,1.0,0.75,0.0,,0.02,546.67,0.0
73-M3216863,APARTAMENTO,VENTA,20.09,84.62,2.0,2.0,450000.0,2.0,NIZA ALHAMBRA,5,MAS DE 20 ANOS,4.7,-74.07,USADO,,0,0,0,0,0,0,0,0,0,1,False,SUBA,BATAN LOTE NIZA XII,Humedal Córdoba,489.65,1,PARQUE ZONAL CANAL CORDOBA,413.63,1,0.24,,1.0,1.0,0.0,,0.02,870.46,0.0
12375-M4350873,APARTAMENTO,VENTA,20.11,83.0,3.0,2.0,610000.0,2.0,SANTA BARBARA,4,ENTRE 5 Y 10 ANOS,4.7,-74.03,USADO,,0,0,0,1,1,0,0,0,0,1,False,USAQUEN,SAN,Prado,3234.64,0,PARQUE METROPOLITANO EL COUNTRY,1498.14,0,0.24,,0.67,1.5,0.0,,0.04,992.04,0.0
183-M4228753,APARTAMENTO,VENTA,21.41,206.0,3.0,5.0,1600000.0,1.0,COUNTRY,6,ENTRE 10 Y 20 ANOS,4.71,-74.03,USADO,,0,1,0,0,1,0,0,0,0,1,False,USAQUEN,BOSQUES DE MEDINA,Prado,3078.75,0,PARQUE METROPOLITANO EL COUNTRY,1614.57,0,0.1,,0.33,0.6,0.0,,0.01,732.53,0.0
2751-M4216137,APARTAMENTO,VENTA,20.29,97.0,3.0,2.0,600000.0,1.0,NICOLAS DE FEDERMAN,5,ENTRE 10 Y 20 ANOS,4.65,-74.08,USADO,,0,0,0,1,1,0,0,0,0,1,False,TEUSAQUILLO,NICOLAS DE FEDERMAN,Campín - UAN,508.94,0,PARQUE ZONAL NICOLAS DE FEDERMAN 3,267.97,1,0.21,,0.33,1.5,0.0,,0.03,610.6,0.0
603-M4418152,APARTAMENTO,VENTA,20.6,122.0,3.0,2.0,490000.0,2.0,CEDRITOS,4,ENTRE 10 Y 20 ANOS,4.73,-74.03,USADO,,0,0,0,0,1,0,0,0,0,1,False,USAQUEN,CAOBOS SALAZAR URB. CAPRI I Y II SECTOR,Calle 146,1913.72,0,PARQUE VECINAL NUEVA URBANIZACIÓN EL CEDRITO,408.76,1,0.17,,0.67,1.5,0.0,,0.02,343.33,1.0
73-285816,APARTAMENTO,VENTA,21.06,208.0,4.0,5.0,1067000.0,4.0,CERROS DE SUBA,5,ENTRE 10 Y 20 ANOS,4.72,-74.08,USADO,,0,1,0,0,0,0,0,0,0,1,False,SUBA,S.C. NIZA SUBA,Suba - AV. Boyacá,386.66,1,PARQUE VECINAL AGRUPACIÓN DE VIVIENDA EN BALCON DE LINDARAJA,1068.63,0,0.1,,1.0,0.8,0.0,,0.02,1386.46,0.0
771-M4371522,APARTAMENTO,VENTA,20.28,123.0,3.0,3.0,703000.0,2.0,SANTA BARBARA,6,MAS DE 20 ANOS,4.7,-74.05,USADO,,0,1,0,0,1,0,0,0,0,1,False,USAQUEN,SANTA BARBARA OCCIDENTAL,Calle 127,1047.83,0,PARQUE METROPOLITANO EL COUNTRY,962.22,0,0.16,,0.67,1.0,0.0,,0.02,313.16,1.0
771-M4370873,APARTAMENTO,VENTA,20.82,161.0,3.0,3.0,830000.0,2.0,CHICO,6,MAS DE 20 ANOS,4.68,-74.05,USADO,,0,0,0,0,1,0,0,0,0,1,True,CHAPINERO,S.C. CHICO NORTE,Virrey,606.55,0,PARQUE VECINAL URBANIZACIÓN NORMANDIA I II II Y IV SECTOR,482.97,1,0.13,,0.67,1.0,0.0,,0.02,177.36,2.0
73-2864377,APARTAMENTO,VENTA,21.06,225.0,3.0,4.0,2538000.0,2.0,COUNTRY,5,MAS DE 20 ANOS,4.71,-74.04,USADO,,0,0,0,0,0,0,0,0,0,1,False,USAQUEN,S.C. LA CAROLINA,Calle 127,2025.81,0,PARQUE METROPOLITANO EL COUNTRY,331.63,1,0.09,,0.67,0.75,0.0,,0.01,636.31,0.0
5175-M4486372,APARTAMENTO,VENTA,21.02,140.0,3.0,3.0,1123000.0,2.0,CHICO,6,ENTRE 5 Y 10 ANOS,4.66,-74.05,USADO,,0,0,0,1,1,0,1,0,0,1,False,CHAPINERO,BOSQUE EL RETIRO I SECTOR,Héroes - Gel´Hada,1545.4,0,PARQUE ZONAL SAN ANDRÉS,567.7,0,0.15,,0.67,1.0,0.0,,0.02,691.32,0.0
73-285809,APARTAMENTO,VENTA,20.5,170.0,4.0,4.0,800000.0,3.0,SANTA BARBARA,5,MAS DE 20 ANOS,4.7,-74.05,USADO,,1,0,0,0,1,0,0,0,0,1,False,USAQUEN,SANTA BARBARA OCCIDENTAL,Pepe Sierra,1030.47,0,PARQUE METROPOLITANO EL COUNTRY,1091.46,0,0.12,,0.75,1.0,0.0,,0.02,192.38,2.0
73-2864433,APARTAMENTO,VENTA,20.03,115.0,3.0,3.0,717000.0,2.0,SANTA BARBARA,5,MAS DE 20 ANOS,4.7,-74.04,USADO,,0,0,0,0,0,0,0,0,0,1,False,USAQUEN,SANTA BARBARA CENTRAL I Y II,Pepe Sierra,1622.14,0,PARQUE METROPOLITANO EL COUNTRY,1077.61,0,0.17,,0.67,1.0,0.0,,0.03,654.13,0.0
16425-M4625492,APARTAMENTO,VENTA,20.5,134.0,3.0,3.0,668000.0,2.0,SANTA BARBARA,6,REMODELADO,4.7,-74.05,USADO,,0,1,0,0,1,0,0,0,0,1,False,USAQUEN,SANTA BARBARA OCCIDENTAL,Calle 127,966.16,0,PARQUE METROPOLITANO EL COUNTRY,992.41,0,0.15,,0.67,1.0,0.0,,0.02,328.43,1.0
3057-M4380541,APARTAMENTO,VENTA,20.91,300.0,3.0,4.0,3921395.93,3.0,CERROS DE SUBA,6,ENTRE 10 Y 20 ANOS,4.73,-74.08,USADO,,0,1,0,0,0,0,0,0,0,1,False,SUBA,NIZA SUBA - URB. LA ARBOLEDA DE SUBA,Gratamira,449.39,1,PARQUE ZONAL EL TOMILLAR,1060.57,0,0.07,,1.0,0.75,0.0,,0.01,1003.02,0.0
410-M4623934,APARTAMENTO,VENTA,19.92,55.7,2.0,2.0,276402.0,1.0,NICOLAS DE FEDERMAN,4,ENTRE 10 Y 20 ANOS,4.65,-74.08,USADO,,0,0,0,0,1,0,0,0,0,1,False,TEUSAQUILLO,NICOLAS DE FEDERMAN,Campín - UAN,406.99,1,PARQUE ZONAL NICOLAS DE FEDERMAN 3,294.62,1,0.36,,0.5,1.0,0.0,,0.04,509.98,0.0
661-M4207129,APARTAMENTO,VENTA,20.16,84.0,3.0,2.0,458000.0,2.0,ORQUIDEAS,4,REMODELADO,4.75,-74.04,USADO,,0,0,0,0,1,0,0,0,0,1,False,USAQUEN,CANAPRO,Portal Norte,909.39,0,PARQUE VECINAL URBANIZACIÓN CALLE 170 / ALAMEDA,82.76,1,0.24,,0.67,1.5,0.0,,0.04,741.27,0.0
73-M3480085,APARTAMENTO,VENTA,19.86,61.47,2.0,2.0,3921395.93,1.0,CHAPINERO ALTO,4,MAS DE 20 ANOS,4.64,-74.06,USADO,,0,0,0,0,1,0,0,0,0,1,False,CHAPINERO,S.C. BOSQUE CALDERON,Calle 57,545.47,0,PARQUE ZONAL GUSTAVO URIBE BOTERO,1367.64,0,0.32,,0.5,1.0,0.0,,0.03,1174.28,0.0
12375-M4664003,APARTAMENTO,VENTA,19.76,70.0,3.0,2.0,356000.0,2.0,CEDRITOS,4,MAS DE 20 ANOS,4.73,-74.04,USADO,,0,1,0,0,1,1,0,0,0,1,False,USAQUEN,LAS MARGARITAS I SECTOR,Calle 146,652.73,0,PARQUE VECINAL DESARROLLO ESTRELLA DEL NORTE,1077.76,0,0.28,,0.67,1.5,0.0,,0.04,1103.92,0.0
5340-M4713003,APARTAMENTO,VENTA,20.72,175.0,3.0,4.0,926000.0,2.0,SANTA BARBARA,5,MAS DE 20 ANOS,4.7,-74.05,USADO,,0,1,0,1,1,0,0,0,0,1,False,USAQUEN,SANTA BARBARA OCCIDENTAL,Calle 127,587.04,0,PARQUE ZONAL ATABANZA,1248.68,0,0.12,,0.67,0.75,0.0,,0.02,464.95,1.0
34-M3007664,APARTAMENTO,VENTA,20.01,113.5,3.0,3.0,682000.0,1.0,NIZA ALHAMBRA,5,MAS DE 20 ANOS,4.7,-74.06,USADO,,0,1,0,0,1,0,0,0,0,1,False,SUBA,LA ALHAMBRA SECTOR SUR,Pepe Sierra,468.63,1,PARQUE ZONAL CANAL CORDOBA,686.75,0,0.18,,0.33,1.0,0.0,,0.03,931.13,0.0
603-M4421040,APARTAMENTO,VENTA,20.13,70.0,1.0,2.0,350000.0,2.0,SANTA BARBARA,5,ENTRE 0 Y 5 ANOS,4.7,-74.03,USADO,,0,0,0,0,0,0,0,0,0,1,False,USAQUEN,SANTA BARBARA ORIENTAL,Calle 127,2649.58,0,PARQUE METROPOLITANO EL COUNTRY,1023.51,0,0.29,,2.0,0.5,0.0,,0.01,321.31,2.0
5521-M3814578,APARTAMENTO,VENTA,20.44,137.0,3.0,3.0,950000.0,2.0,CERROS DE SUBA,6,MAS DE 20 ANOS,4.72,-74.08,USADO,,0,0,0,0,0,1,0,0,0,1,False,SUBA,NIZA SUBA - URB. BALCON DEL LINDARAJA,Suba - AV. Boyacá,789.35,0,PARQUE VECINAL AGRUPACIÓN DE VIVIENDA EN BALCON DE LINDARAJA,381.34,1,0.15,,0.67,1.0,0.0,,0.02,1230.88,0.0
164-M3469664,APARTAMENTO,VENTA,21.46,248.9,4.0,4.0,1900000.0,3.0,CHICO,6,MAS DE 20 ANOS,4.66,-74.05,USADO,,0,1,0,0,1,0,0,0,0,1,False,CHAPINERO,LOS ROSALES,Calle 72,1434.35,0,PARQUE ZONAL GUSTAVO URIBE BOTERO,752.48,0,0.09,,0.75,1.0,0.0,,0.02,685.91,0.0
34-M3167250,APARTAMENTO,VENTA,21.06,230.0,3.0,4.0,3921395.93,2.0,CHICO,6,MAS DE 20 ANOS,4.68,-74.06,USADO,,0,0,0,0,1,0,0,0,0,1,False,CHAPINERO,S.C. CHICO NORTE III SECTOR,Calle 100 - Marketmedios,211.6,1,PARQUE VECINAL URBANIZACIÓN NORMANDIA I II II Y IV SECTOR,891.31,0,0.09,,0.67,0.75,0.0,,0.01,497.8,1.0
93-M4538766,APARTAMENTO,VENTA,19.8,63.0,1.0,2.0,500000.0,1.0,SANTA BARBARA,6,ENTRE 5 Y 10 ANOS,4.69,-74.05,USADO,,0,0,0,0,1,0,0,0,0,1,False,USAQUEN,SAN PATRICIO,Calle 106,912.9,0,PARQUE METROPOLITANO EL COUNTRY,1731.58,0,0.31,,1.0,0.5,0.0,,0.02,203.82,2.0
4278-2182,APARTAMENTO,VENTA,19.45,129.0,3.0,2.0,3921395.93,0.0,CENTRO Y ZONA COLONIAL,3,MAS DE 20 ANOS,4.6,-74.09,USADO,,0,0,0,0,0,0,0,0,0,1,False,LOS MARTIRES,EDUARDO SANTOS,Tygua - San José,552.73,0,PARQUE ZONAL EDUARDO SANTOS,281.13,1,0.15,,0.0,1.5,0.0,,0.02,1521.69,0.0
3229-M4561456,APARTAMENTO,VENTA,20.71,137.0,3.0,3.0,650000.0,1.0,SALITRE MODELIA,5,MAS DE 20 ANOS,4.66,-74.11,USADO,,1,0,0,1,1,1,1,0,0,1,False,FONTIBON,LA ESPERANZA NORTE,AV. Rojas,566.47,0,PARQUE ZONAL CANAL BOYACA,554.38,0,0.15,,0.33,1.0,0.0,,0.02,743.52,0.0
34-M3065497,APARTAMENTO,VENTA,21.64,304.2,3.0,5.0,2120000.0,3.0,CHICO,6,REMODELADO,4.67,-74.05,USADO,,0,1,0,0,1,0,0,0,0,1,False,CHAPINERO,LA CABRERA,Calle 85,1186.9,0,PARQUE VECINAL URBANIZACIÓN LA CABRERA,184.52,1,0.07,,1.0,0.6,0.0,,0.01,229.91,4.0
10366-7481,APARTAMENTO,VENTA,21.02,295.0,4.0,5.0,710000.0,1.0,NIZA ALHAMBRA,5,ENTRE 10 Y 20 ANOS,4.71,-74.06,USADO,,0,1,0,0,1,0,0,0,0,1,False,SUBA,EL BATAN,Humedal Córdoba,896.92,0,PARQUE ZONAL ATABANZA,585.89,0,0.07,,0.25,0.8,0.0,,0.01,1052.14,0.0
603-M4418336,APARTAMENTO,VENTA,19.36,50.0,1.0,1.0,30000.0,1.0,METROPOLIS,4,ENTRE 10 Y 20 ANOS,4.68,-74.08,USADO,,0,0,0,0,0,0,0,0,0,1,False,BARRIOS UNIDOS,J.J. VARGAS - JOSE JOAQUIN VARGAS,Carrera 53,1133.33,0,PARQUE VECINAL URBANIZACIÓN METROPOLIS,379.14,1,0.39,,1.0,1.0,0.0,,0.02,542.96,0.0
410-M4533548,APARTAMENTO,VENTA,19.09,23.0,1.0,1.0,157000.0,0.0,,3,ENTRE 0 Y 5 ANOS,4.64,-74.06,USADO,,0,0,0,1,1,0,0,0,0,1,False,CHAPINERO,S.C. CHAPINERO CENTRAL,Calle 57,301.9,1,PARQUE ZONAL GUSTAVO URIBE BOTERO,1450.79,0,0.83,,0.0,1.0,0.0,,0.04,931.12,0.0
10159-M4706737,APARTAMENTO,VENTA,20.0,69.15,1.0,2.0,417000.0,2.0,CEDRITOS,4,ENTRE 5 Y 10 ANOS,4.73,-74.04,USADO,,0,1,0,1,1,0,0,0,0,1,False,USAQUEN,LOS CEDRITOS,Calle 142,809.4,0,PARQUE VECINAL NUEVA URBANIZACIÓN EL CEDRITO,1130.28,0,0.29,,2.0,0.5,0.0,,0.01,793.0,0.0
603-M4418186,APARTAMENTO,VENTA,20.03,73.0,2.0,2.0,415000.0,1.0,CHICO,5,ENTRE 10 Y 20 ANOS,4.68,-74.05,USADO,,0,0,0,0,0,0,0,0,0,1,False,CHAPINERO,S.C. CHICO NORTE,Virrey,1115.25,0,PARQUE ZONAL CANAL EL VIRREY EL CHICO,674.84,0,0.27,,0.5,1.0,0.0,,0.03,85.72,2.0
11369-M3171083,APARTAMENTO,VENTA,20.18,80.75,2.0,2.0,298700.0,2.0,COUNTRY,5,ENTRE 5 Y 10 ANOS,4.71,-74.03,USADO,,0,1,0,0,1,0,0,0,0,1,False,USAQUEN,BELLA SUIZA,Prado,2549.17,0,PARQUE METROPOLITANO EL COUNTRY,822.81,0,0.25,,1.0,1.0,0.0,,0.02,494.51,1.0
350-M4525309,APARTAMENTO,VENTA,19.16,53.54,3.0,1.0,3921395.93,0.0,ENGATIVA,3,ENTRE 0 Y 5 ANOS,4.71,-74.11,USADO,,0,0,0,0,0,0,0,0,0,1,False,ENGATIVA,SANTA ROSITA,Quirigua,163.67,1,PARQUE VECINAL URBANIZACIÓN EL MADRIGAL PRIMER SECTOR,430.26,1,0.36,,0.0,3.0,0.0,,0.06,576.68,0.0
603-M4418150,APARTAMENTO,VENTA,21.55,261.0,3.0,5.0,1480000.0,3.0,CHICO,6,MAS DE 20 ANOS,4.67,-74.05,USADO,,0,0,0,0,1,0,0,0,0,1,False,CHAPINERO,S.C. EL CHICO,Virrey,808.16,0,PARQUE ZONAL CANAL EL VIRREY EL CHICO,214.19,1,0.08,,1.0,0.6,0.0,,0.01,242.95,3.0
3422-M4513798,APARTAMENTO,VENTA,20.68,178.0,2.0,3.0,792000.0,2.0,CHICO,6,ENTRE 5 Y 10 ANOS,4.68,-74.06,USADO,,0,0,0,1,1,0,0,0,0,1,False,CHAPINERO,S.C. CHICO NORTE III SECTOR,Calle 100 - Marketmedios,278.13,1,PARQUE VECINAL URBANIZACIÓN NORMANDIA I II II Y IV SECTOR,794.74,0,0.12,,1.0,0.67,0.0,,0.01,334.23,1.0
4796-M4015267,APARTAMENTO,VENTA,20.56,147.0,2.0,3.0,891000.0,2.0,SANTA BARBARA,6,MAS DE 20 ANOS,4.69,-74.05,USADO,,0,0,0,0,0,0,0,0,0,1,False,USAQUEN,SANTA BIBIANA,Calle 106,965.09,0,PARQUE VECINAL URBANIZACIÓN NORMANDIA I II II Y IV SECTOR,1835.72,0,0.14,,1.0,0.67,0.0,,0.01,422.48,1.0
679-M3045653,APARTAMENTO,VENTA,21.34,204.0,3.0,4.0,1416000.0,3.0,CHICO,6,MAS DE 20 ANOS,4.66,-74.05,USADO,,0,1,0,0,1,0,0,0,0,1,False,CHAPINERO,S.C. BELLAVISTA,Calle 72,1205.59,0,PARQUE ZONAL GUSTAVO URIBE BOTERO,631.8,0,0.1,,1.0,0.75,0.0,,0.01,453.56,1.0
10139-M4532106,APARTAMENTO,VENTA,21.79,170.0,3.0,4.0,950000.0,2.0,CHICO,6,ENTRE 0 Y 5 ANOS,4.67,-74.04,USADO,,0,0,0,1,1,0,1,0,0,1,False,CHAPINERO,S.C. CHICO NORTE,Virrey,1770.61,0,PARQUE VECINAL URBANIZACIÓN LA CABRERA,809.5,0,0.13,,0.67,0.75,0.0,,0.02,714.81,0.0
2671-M3269748,APARTAMENTO,VENTA,21.66,331.0,3.0,5.0,2490000.0,3.0,CHICO,6,MAS DE 20 ANOS,4.66,-74.03,USADO,,0,1,0,1,0,0,0,0,0,1,False,CHAPINERO,LA ESPERANZA NORORIENTAL,Calle 85,3924.24,0,PARQUE VECINAL URBANIZACIÓN LA CABRERA,2864.63,0,0.07,,1.0,0.6,0.0,,0.01,2490.19,0.0
681-M4487430,APARTAMENTO,VENTA,20.82,180.0,3.0,5.0,1200000.0,3.0,,6,ENTRE 5 Y 10 ANOS,4.7,-74.08,USADO,,0,1,0,0,0,0,0,0,0,1,False,SUBA,S.C. CLUB DE LOS LAGARTOS,AV. Boyacá,1047.22,0,PARQUE METROPOLITANO CEFE COMETAS,1076.94,0,0.12,,1.0,0.6,0.0,,0.02,930.93,0.0
93-M4637113,APARTAMENTO,VENTA,20.39,142.0,2.0,2.0,1130000.0,1.0,CHICO,6,MAS DE 20 ANOS,4.68,-74.06,USADO,,0,0,0,0,1,0,0,0,0,1,False,CHAPINERO,S.C. EL CHICO,Virrey,315.43,1,PARQUE VECINAL URBANIZACIÓN NORMANDIA I II II Y IV SECTOR,185.37,1,0.14,,0.5,1.0,0.0,,0.01,445.96,1.0
5340-M3976392,APARTAMENTO,VENTA,20.2,98.0,3.0,3.0,589000.0,2.0,CEDRITOS,4,ENTRE 0 Y 5 ANOS,4.73,-74.05,USADO,,0,1,0,0,1,0,0,0,0,0,False,USAQUEN,LOS CEDRITOS,Calle 142,278.4,1,PARQUE VECINAL PRADO PINZÓN,650.72,0,0.21,,0.67,1.0,0.0,,0.03,700.61,0.0
504-M3811341,APARTAMENTO,VENTA,19.92,84.75,3.0,3.0,3921395.93,1.0,SANTA BARBARA,6,MAS DE 20 ANOS,4.7,-74.04,USADO,,0,0,0,0,1,0,0,0,0,1,False,USAQUEN,SANTA BARBARA CENTRAL III SECTOR,Pepe Sierra,2276.1,0,PARQUE METROPOLITANO EL COUNTRY,1111.52,0,0.24,,0.33,1.0,0.0,,0.04,345.4,4.0
991-M4630413,APARTAMENTO,VENTA,20.49,156.2,3.0,3.0,685100.0,2.0,COLINA Y ALREDEDORES,5,MAS DE 20 ANOS,4.72,-74.06,USADO,,0,1,0,0,1,1,0,0,0,1,False,SUBA,URB. COLINA NORTE II ETAPA,Suba - AV. Boyacá,1117.07,0,PARQUE VECINAL PRADO PINZÓN,1259.01,0,0.13,,0.67,1.0,0.0,,0.02,326.69,2.0
3422-M4701024,APARTAMENTO,VENTA,20.68,178.0,2.0,3.0,792000.0,2.0,CHICO,6,ENTRE 5 Y 10 ANOS,4.68,-74.06,USADO,,0,0,0,1,1,0,0,0,0,1,False,CHAPINERO,S.C. CHICO NORTE III SECTOR,Calle 100 - Marketmedios,278.13,1,PARQUE VECINAL URBANIZACIÓN NORMANDIA I II II Y IV SECTOR,794.74,0,0.12,,1.0,0.67,0.0,,0.01,334.23,1.0
3422-M4701094,APARTAMENTO,VENTA,20.2,79.0,2.0,2.0,590000.0,1.0,SANTA BARBARA,5,ENTRE 10 Y 20 ANOS,4.7,-74.05,USADO,,0,0,0,1,1,0,0,0,0,1,False,USAQUEN,SANTA BARBARA OCCIDENTAL,Calle 127,252.36,1,PARQUE ZONAL ATABANZA,898.82,0,0.26,,0.5,1.0,0.0,,0.03,305.18,3.0
4-M4712084,APARTAMENTO,VENTA,20.14,90.73,3.0,2.0,480000.0,1.0,CHAPINERO ALTO,6,MAS DE 20 ANOS,4.63,-74.06,USADO,,0,1,0,0,1,0,0,0,0,1,False,CHAPINERO,S.C. EL PARAISO,AV. 39,852.5,0,PARQUE METROPOLITANO PARQUE NACIONAL (PM2A) ENRIQUE OLAYA HERRERA (SECTOR HISTORICO),603.96,0,0.22,,0.33,1.5,0.0,,0.03,462.41,1.0
920-M4699164,APARTAMENTO,VENTA,19.5,53.0,1.0,1.0,330000.0,1.0,SANTA BARBARA,6,MAS DE 20 ANOS,4.7,-74.04,USADO,,0,0,0,0,0,0,0,0,0,1,False,USAQUEN,SANTA BARBARA CENTRAL III SECTOR,Pepe Sierra,2057.33,0,PARQUE METROPOLITANO EL COUNTRY,1054.74,0,0.37,,1.0,1.0,0.0,,0.02,517.71,0.0
5044-M4706910,APARTAMENTO,VENTA,21.25,192.0,3.0,4.0,1700000.0,3.0,SANTA BARBARA,6,ENTRE 5 Y 10 ANOS,4.69,-74.05,USADO,,0,0,0,1,1,1,0,0,0,1,False,USAQUEN,SANTA BIBIANA,Calle 106,461.49,1,PARQUE VECINAL URBANIZACIÓN NORMANDIA I II II Y IV SECTOR,1508.33,0,0.11,,1.0,0.75,0.0,,0.02,734.45,0.0
15744-M4700833,APARTAMENTO,VENTA,21.47,247.46,3.0,5.0,3921395.93,3.0,SANTA BARBARA,6,ENTRE 10 Y 20 ANOS,4.69,-74.05,USADO,,0,1,0,0,1,0,0,0,0,1,False,USAQUEN,SANTA BIBIANA,Calle 100 - Marketmedios,892.77,0,PARQUE VECINAL URBANIZACIÓN NORMANDIA I II II Y IV SECTOR,1432.27,0,0.09,,1.0,0.6,0.0,,0.01,361.86,2.0
5044-M2927302,APARTAMENTO,VENTA,20.16,111.0,3.0,2.0,644000.0,2.0,,6,MAS DE 20 ANOS,4.7,-74.03,USADO,,0,1,0,0,1,1,0,0,0,1,False,USAQUEN,LOS ALPES II SECTOR,Calle 127,2953.76,0,PARQUE METROPOLITANO EL COUNTRY,1249.56,0,0.18,,0.67,1.5,0.0,,0.03,667.69,0.0
10159-M4705802,APARTAMENTO,VENTA,20.44,200.0,4.0,5.0,630000.0,2.0,COLINA Y ALREDEDORES,4,ENTRE 10 Y 20 ANOS,4.74,-74.07,USADO,,0,1,0,0,1,1,0,0,0,1,False,SUBA,CASABLANCA (HACIENDA),21 Ángeles,1619.65,0,PARQUE ZONAL EL TOMILLAR,655.93,0,0.1,,0.5,0.8,0.0,,0.02,802.97,0.0
13439-M4705915,APARTAMENTO,VENTA,21.68,348.84,3.0,4.0,2600000.0,3.0,CHICO,6,MAS DE 20 ANOS,4.67,-74.04,USADO,,0,1,0,1,1,0,0,0,0,1,False,CHAPINERO,CHICO ALTO,Calle 85,1886.67,0,PARQUE VECINAL URBANIZACIÓN LA CABRERA,826.55,0,0.06,,1.0,0.75,0.0,,0.01,783.96,0.0
410-M4084910,APARTAMENTO,VENTA,19.74,58.0,1.0,2.0,658000.0,2.0,SANTA BARBARA,5,MAS DE 20 ANOS,4.7,-74.05,USADO,,1,1,0,0,0,0,0,0,0,1,False,USAQUEN,SANTA BARBARA OCCIDENTAL,Calle 127,897.61,0,PARQUE METROPOLITANO EL COUNTRY,1013.24,0,0.34,,2.0,0.5,0.0,,0.02,367.89,1.0
617-M4559946,APARTAMENTO,VENTA,21.25,165.0,3.0,4.0,3921395.93,2.0,CHICO,6,ENTRE 5 Y 10 ANOS,4.68,-74.05,USADO,,0,1,0,1,1,0,0,0,0,1,False,CHAPINERO,S.C. CHICO NORTE,Virrey,812.21,0,PARQUE ZONAL CANAL EL VIRREY EL CHICO,357.97,1,0.13,,0.67,0.75,0.0,,0.02,117.22,3.0
2671-M3305851,APARTAMENTO,VENTA,20.95,110.0,2.0,3.0,640000.0,3.0,CHICO,6,ENTRE 0 Y 5 ANOS,4.68,-74.05,USADO,,0,0,0,0,1,0,0,0,0,1,False,CHAPINERO,S.C. CHICO NORTE III SECTOR,Calle 100 - Marketmedios,426.01,1,PARQUE VECINAL URBANIZACIÓN NORMANDIA I II II Y IV SECTOR,998.07,0,0.19,,1.5,0.67,0.0,,0.02,416.87,2.0
410-652,APARTAMENTO,VENTA,19.97,79.95,2.0,1.0,282000.0,1.0,NICOLAS DE FEDERMAN,5,MAS DE 20 ANOS,4.65,-74.08,USADO,,0,0,0,0,0,0,0,0,0,1,False,TEUSAQUILLO,NICOLAS DE FEDERMAN,Campín - UAN,613.97,0,PARQUE ZONAL NICOLAS DE FEDERMAN 3,285.27,1,0.25,,0.5,2.0,0.0,,0.03,714.29,0.0
164-M4653221,APARTAMENTO,VENTA,20.47,137.78,3.0,4.0,895000.0,2.0,SANTA BARBARA,6,REMODELADO,4.7,-74.03,USADO,,0,1,0,0,1,0,0,0,0,1,False,USAQUEN,SANTA BARBARA CENTRAL II,Calle 127,2159.27,0,PARQUE METROPOLITANO EL COUNTRY,498.31,1,0.15,,0.67,0.75,0.0,,0.02,655.04,0.0
2671-M4527049,APARTAMENTO,VENTA,21.45,300.0,4.0,5.0,1270000.0,4.0,SANTA BARBARA,6,MAS DE 20 ANOS,4.7,-74.03,USADO,,0,1,0,0,0,0,0,0,0,1,False,USAQUEN,SANTA BARBARA CENTRAL II,Calle 127,2249.22,0,PARQUE METROPOLITANO EL COUNTRY,521.72,0,0.07,,1.0,0.8,0.0,,0.01,761.88,0.0
410-M3635809,APARTAMENTO,VENTA,20.39,115.0,3.0,4.0,810000.0,1.0,COUNTRY,5,MAS DE 20 ANOS,4.7,-74.03,USADO,,0,0,0,0,1,0,0,0,0,1,False,USAQUEN,BELLA SUIZA,Calle 127,2574.58,0,PARQUE METROPOLITANO EL COUNTRY,834.54,0,0.18,,0.33,0.75,0.0,,0.03,602.6,0.0
2671-10097,APARTAMENTO,VENTA,21.42,252.0,4.0,4.0,1500000.0,4.0,CHICO,6,MAS DE 20 ANOS,4.66,-74.05,USADO,,0,0,0,0,1,0,0,0,0,1,False,CHAPINERO,S.C. BELLAVISTA,Calle 72,1234.41,0,PARQUE ZONAL GUSTAVO URIBE BOTERO,723.73,0,0.08,,1.0,1.0,0.0,,0.02,487.57,1.0
304-M3748465,APARTAMENTO,VENTA,21.37,180.2,3.0,3.0,2058900.0,4.0,SANTA BARBARA,6,ENTRE 5 Y 10 ANOS,4.7,-74.04,USADO,,0,1,0,0,1,0,0,0,0,1,False,USAQUEN,SANTA BARBARA CENTRAL I SECTOR,Calle 127,1953.52,0,PARQUE METROPOLITANO EL COUNTRY,622.79,0,0.12,,1.33,1.0,0.0,,0.02,652.91,0.0
342-M4699378,APARTAMENTO,VENTA,20.44,127.75,3.0,3.0,950000.0,2.0,CHICO,6,MAS DE 20 ANOS,4.68,-74.05,USADO,,0,1,0,0,1,0,0,0,0,1,False,CHAPINERO,S.C. CHICO NORTE III SECTOR,Calle 100 - Marketmedios,711.21,0,PARQUE VECINAL URBANIZACIÓN NORMANDIA I II II Y IV SECTOR,831.99,0,0.16,,0.67,1.0,0.0,,0.02,232.46,3.0
973-M3727231,APARTAMENTO,VENTA,19.38,59.8,3.0,2.0,260000.0,1.0,SANTA BARBARA,4,ENTRE 10 Y 20 ANOS,4.7,-74.02,USADO,,0,0,0,0,1,0,0,0,0,1,False,USAQUEN,SAN NORTE,Prado,3276.9,0,PARQUE METROPOLITANO EL COUNTRY,1542.37,0,0.32,,0.33,1.5,0.0,,0.05,1028.76,0.0
2266-M3485612,APARTAMENTO,VENTA,19.41,33.0,1.0,1.0,200000.0,0.0,CENTRO Y ZONA COLONIAL,3,ENTRE 0 Y 5 ANOS,4.6,-74.07,USADO,,0,0,0,1,1,0,0,0,0,1,False,CANDELARIA,LA CATEDRAL,Museo del Oro,185.46,1,PARQUE METROPOLITANO TERCER MILENIO,1050.15,0,0.59,,0.0,1.0,0.0,,0.03,166.83,2.0
3057-M4274323,APARTAMENTO,VENTA,20.58,208.0,4.0,4.0,752000.0,2.0,SANTA BARBARA,5,REMODELADO,4.7,-74.03,USADO,,0,1,0,0,1,0,0,0,0,1,False,USAQUEN,BELLA SUIZA,Calle 127,2850.64,0,PARQUE METROPOLITANO EL COUNTRY,1119.34,0,0.1,,0.5,1.0,0.0,,0.02,772.31,0.0
2266-688,APARTAMENTO,VENTA,21.13,264.0,3.0,4.0,1950000.0,3.0,SANTA BARBARA,6,MAS DE 20 ANOS,4.69,-74.05,USADO,,0,1,0,0,1,0,0,0,0,0,False,USAQUEN,SANTA BIBIANA,Calle 106,1073.88,0,PARQUE VECINAL URBANIZACIÓN NORMANDIA I II II Y IV SECTOR,1618.06,0,0.08,,1.0,0.75,0.0,,0.01,420.87,2.0
3552-M3620619,APARTAMENTO,VENTA,21.09,153.0,3.0,5.0,3921395.93,2.0,COUNTRY,5,ENTRE 0 Y 5 ANOS,4.71,-74.05,USADO,,0,0,0,0,1,0,0,0,0,1,False,USAQUEN,,Prado,503.81,0,PARQUE ZONAL ATABANZA,1168.23,0,0.14,,0.67,0.6,0.0,,0.02,801.78,0.0
346-M4645502,APARTAMENTO,VENTA,20.21,124.0,4.0,3.0,670000.0,2.0,NIZA ALHAMBRA,5,MAS DE 20 ANOS,4.71,-74.06,USADO,,0,0,0,0,1,0,0,0,0,1,False,SUBA,EL BATAN,Calle 127,796.94,0,PARQUE ZONAL ATABANZA,507.13,0,0.16,,0.5,1.33,0.0,,0.03,952.77,0.0
346-M4148561,APARTAMENTO,VENTA,19.34,36.62,1.0,1.0,210000.0,1.0,CEDRITOS,4,MAS DE 20 ANOS,4.72,-74.03,USADO,,0,0,0,0,1,0,0,0,0,1,False,USAQUEN,CEDRITOS,Alcalá,1837.8,0,PARQUE VECINAL NUEVA URBANIZACIÓN EL CEDRITO,343.22,1,0.53,,1.0,1.0,0.0,,0.03,313.08,1.0
973-M4590678,APARTAMENTO,VENTA,20.16,90.0,3.0,3.0,900000.0,2.0,NICOLAS DE FEDERMAN,5,ENTRE 5 Y 10 ANOS,4.65,-74.08,USADO,,0,0,0,0,1,0,0,0,0,1,False,TEUSAQUILLO,NICOLAS DE FEDERMAN,Campín - UAN,230.43,1,PARQUE ESCENARIO DEPORTIVO EL CAMPINCITO - CEAD,300.67,1,0.22,,0.67,1.0,0.0,,0.03,478.66,1.0
661-M4512405,APARTAMENTO,VENTA,19.7,66.67,3.0,2.0,3921395.93,1.0,CASTILLA MARSELLA,3,ENTRE 0 Y 5 ANOS,4.65,-74.14,USADO,,0,0,0,0,1,0,0,0,0,1,False,KENNEDY,BOSCONIA,Transversal 86,1859.78,0,PARQUE VECINAL VILLA ALSACIA,1059.68,0,0.3,,0.33,1.5,0.0,,0.04,1817.37,0.0
346-M4016942,APARTAMENTO,VENTA,20.61,170.0,4.0,2.0,481500.0,2.0,SANTA BARBARA,6,MAS DE 20 ANOS,4.69,-74.03,USADO,,0,0,0,0,0,0,0,0,0,1,False,USAQUEN,SANTA BARBARA ALTA,Calle 106,3057.23,0,PARQUE METROPOLITANO EL COUNTRY,1851.08,0,0.12,,0.5,2.0,0.0,,0.02,415.2,2.0
342-M4703173,APARTAMENTO,VENTA,19.25,22.7,1.0,1.0,140000.0,0.0,CENTRO Y ZONA COLONIAL,3,ENTRE 0 Y 5 ANOS,4.6,-74.07,USADO,,0,0,0,0,0,0,0,0,0,1,False,CANDELARIA,LAS AGUAS_,Las Aguas - Centro Colombo Americano,181.21,1,PARQUE ZONAL SENDERO A MONSERRATE,780.67,0,0.85,,0.0,1.0,0.0,,0.04,175.55,5.0
14236-M4655513,APARTAMENTO,VENTA,19.61,54.45,1.0,2.0,233000.0,1.0,CEDRITOS,4,ENTRE 5 Y 10 ANOS,4.73,-74.04,USADO,,0,0,0,1,1,0,0,0,0,1,False,USAQUEN,LOS CEDRITOS,Calle 142,1003.64,0,PARQUE VECINAL NUEVA URBANIZACIÓN EL CEDRITO,918.43,0,0.36,,1.0,0.5,0.0,,0.02,785.8,0.0
710-M4177402,APARTAMENTO,VENTA,20.18,102.0,3.0,2.0,400000.0,2.0,170 Y ALREDORES,4,ENTRE 5 Y 10 ANOS,4.76,-74.05,USADO,,0,0,0,1,0,0,0,0,0,1,False,SUBA,NUEVA ZELANDA,Calle 187,442.86,1,PARQUE VECINAL URBANIZACIÓN VILANOVA,416.81,1,0.2,,0.67,1.5,0.0,,0.03,318.19,1.0
73-M3300127,APARTAMENTO,VENTA,19.64,121.0,3.0,3.0,50000.0,0.0,CENTRO Y ZONA COLONIAL,3,MAS DE 20 ANOS,4.61,-74.07,USADO,,0,0,0,0,0,0,0,0,0,1,False,SANTA FE,LA ALAMEDA,San Diego,114.31,1,PARQUE METROPOLITANO INDEPENDENCIA BICENTENARIO,457.47,1,0.16,,0.0,1.0,0.0,,0.02,270.95,5.0
346-M3674945,APARTAMENTO,VENTA,20.37,122.0,2.0,2.0,800000.0,2.0,COUNTRY,5,ENTRE 10 Y 20 ANOS,4.71,-74.05,USADO,,0,0,0,0,0,0,0,0,0,1,False,USAQUEN,LA CALLEJA,Calle 127,657.05,0,PARQUE ZONAL ATABANZA,994.53,0,0.17,,1.0,1.0,0.0,,0.02,324.09,5.0
9947-M4476326,APARTAMENTO,VENTA,21.25,280.0,4.0,4.0,1062000.0,4.0,NIZA ALHAMBRA,4,ENTRE 5 Y 10 ANOS,4.69,-74.07,USADO,,0,1,0,1,0,0,0,0,0,0,False,SUBA,JULIO FLOREZ - URB. OCASA,AV. 68,722.44,0,PARQUE ZONAL CANAL RIO NEGRO,493.93,1,0.08,,1.0,1.0,0.0,,0.01,156.1,2.0
4278-M4336934,APARTAMENTO,VENTA,19.85,72.08,2.0,2.0,396000.0,1.0,CEDRITOS,4,MAS DE 20 ANOS,4.72,-74.03,USADO,,0,0,0,0,1,0,0,0,0,1,False,USAQUEN,CEDRITOS,Alcalá,2184.24,0,PARQUE VECINAL NUEVA URBANIZACIÓN EL CEDRITO,620.44,0,0.28,,0.5,1.0,0.0,,0.03,424.31,1.0
346-M4529043,APARTAMENTO,VENTA,19.76,68.0,3.0,2.0,350000.0,1.0,COLINA Y ALREDEDORES,4,ENTRE 10 Y 20 ANOS,4.74,-74.06,USADO,,0,0,0,0,1,0,0,0,0,1,False,SUBA,URB. VERSALLES,Mazurén,1069.97,0,PARQUE VECINAL DESARROLLO CANTALEJO URBANIZACIÓN CANTALEJO MANZANA B,518.28,0,0.29,,0.33,1.5,0.0,,0.04,1110.87,0.0
73-285911,APARTAMENTO,VENTA,20.26,116.0,3.0,3.0,423000.0,2.0,SANTA BARBARA,5,MAS DE 20 ANOS,4.7,-74.05,USADO,,0,0,0,0,0,0,0,0,0,1,False,USAQUEN,SANTA BARBARA OCCIDENTAL,Pepe Sierra,814.57,0,PARQUE METROPOLITANO EL COUNTRY,1209.79,0,0.17,,0.67,1.0,0.0,,0.03,141.58,2.0
12503-M4131180,APARTAMENTO,VENTA,21.42,251.0,3.0,4.0,1483000.0,3.0,CHICO,6,MAS DE 20 ANOS,4.67,-74.04,USADO,,0,1,0,0,1,0,0,0,0,0,False,CHAPINERO,CHICO ORIENTAL,Virrey,2113.74,0,PARQUE VECINAL URBANIZACIÓN LA CABRERA,1087.51,0,0.09,,1.0,0.75,0.0,,0.01,1020.91,0.0
10139-M3574903,APARTAMENTO,VENTA,21.19,249.0,3.0,4.0,1400000.0,3.0,CHICO,6,ENTRE 10 Y 20 ANOS,4.67,-74.04,USADO,,0,0,0,0,1,0,0,0,0,0,False,CHAPINERO,EL REFUGIO,Calle 85,1888.18,0,PARQUE VECINAL URBANIZACIÓN LA CABRERA,829.1,0,0.09,,1.0,0.75,0.0,,0.01,792.7,0.0
488-M4024102,APARTAMENTO,VENTA,20.0,73.0,3.0,3.0,329400.0,1.0,SALITRE MODELIA,4,REMODELADO,4.66,-74.11,USADO,,0,0,0,0,0,0,0,0,0,1,False,FONTIBON,CIUDAD SALITRE,AV. Rojas,456.46,1,PARQUE VECINAL CARLOS LLERAS (EL FUEGO),416.38,1,0.27,,0.33,1.0,0.0,,0.04,330.47,1.0
376-M4414692,APARTAMENTO,VENTA,20.56,143.0,4.0,3.0,856000.0,3.0,COUNTRY,5,ENTRE 10 Y 20 ANOS,4.71,-74.03,USADO,,0,1,0,0,0,0,0,0,0,1,False,USAQUEN,LISBOA_,Alcalá,2335.82,0,PARQUE VECINAL NUEVA URBANIZACIÓN EL CEDRITO,990.31,0,0.14,,0.75,1.33,0.0,,0.03,247.52,3.0
15061-M3866124,APARTAMENTO,VENTA,20.34,116.4,3.0,4.0,893000.0,2.0,CHICO,6,MAS DE 20 ANOS,4.68,-74.05,USADO,,0,0,0,0,1,0,0,0,0,1,False,CHAPINERO,S.C. CHICO NORTE III SECTOR,Calle 100 - Marketmedios,903.06,0,PARQUE VECINAL URBANIZACIÓN NORMANDIA I II II Y IV SECTOR,1170.85,0,0.17,,0.67,0.75,0.0,,0.03,141.18,2.0
183-M3874747,APARTAMENTO,VENTA,19.34,70.0,3.0,2.0,116000.0,1.0,CASTILLA MARSELLA,4,MAS DE 20 ANOS,4.64,-74.14,USADO,,0,0,0,0,0,0,0,0,0,1,False,KENNEDY,CASTILLA REAL - SANTA MARIA DE LOS ANGELES,Mandalay,1609.47,0,PARQUE VECINAL VILLA ALSACIA,127.22,1,0.28,,0.33,1.5,0.0,,0.04,963.87,0.0
164-M3638345,APARTAMENTO,VENTA,19.61,59.95,3.0,2.0,199400.0,1.0,FONTIBON TINTAL,4,ENTRE 5 Y 10 ANOS,4.66,-74.14,USADO,,0,0,0,0,1,0,0,0,0,1,False,FONTIBON,URB. PRADO GRANDE,Modelia,2560.7,0,PARQUE VECINAL VILLA HELENA VILLEMAR,776.78,0,0.33,,0.33,1.5,0.0,,0.05,763.96,0.0
953-M4195522,APARTAMENTO,VENTA,19.75,83.0,3.0,2.0,533000.0,1.0,CEDRITOS,4,ENTRE 10 Y 20 ANOS,4.73,-74.03,USADO,,0,0,0,0,1,0,0,0,0,1,False,USAQUEN,CEDRO SALAZAR,Calle 142,2117.69,0,PARQUE VECINAL NUEVA URBANIZACIÓN EL CEDRITO,308.83,1,0.24,,0.33,1.5,0.0,,0.04,550.0,0.0
15593-M4471423,APARTAMENTO,VENTA,20.14,82.0,2.0,2.0,400000.0,1.0,CENTRO NARINO,3,ENTRE 0 Y 5 ANOS,4.63,-74.09,USADO,,0,0,0,0,1,0,0,0,0,0,False,TEUSAQUILLO,EL_RECUERDO,Ciudad Universitaria - Lotería de Bogotá,300.65,1,PARQUE VECINAL SANTA CLARA,1316.98,0,0.25,,0.5,1.0,0.0,,0.02,1336.79,0.0
304-M3229991,APARTAMENTO,VENTA,20.29,92.5,2.0,2.0,457000.0,2.0,COUNTRY,5,ENTRE 10 Y 20 ANOS,4.71,-74.05,USADO,,0,1,0,0,0,0,0,0,0,1,False,USAQUEN,LA CALLEJA,Prado,551.9,0,PARQUE ZONAL ATABANZA,922.18,0,0.22,,1.0,1.0,0.0,,0.02,457.7,2.0
9947-M4457309,APARTAMENTO,VENTA,21.51,238.0,3.0,4.0,1100000.0,3.0,CHICO,6,ENTRE 5 Y 10 ANOS,4.67,-74.05,USADO,,0,0,0,1,0,0,0,0,0,0,False,CHAPINERO,LA CABRERA,Calle 85,779.82,0,PARQUE VECINAL URBANIZACIÓN LA CABRERA,280.33,1,0.09,,1.0,0.75,0.0,,0.01,260.16,6.0
164-M3780863,APARTAMENTO,VENTA,20.57,108.6,3.0,3.0,395000.0,2.0,SALITRE MODELIA,4,ENTRE 5 Y 10 ANOS,4.66,-74.12,USADO,,0,1,0,0,1,0,0,0,0,1,False,FONTIBON,LA ESPERANZA_,Normandía,1139.85,0,PARQUE ZONAL CANAL BOYACA,404.36,1,0.19,,0.67,1.0,0.0,,0.03,517.94,0.0
617-M4657379,APARTAMENTO,VENTA,21.34,279.0,4.0,4.0,1174200.0,2.0,CHICO,6,MAS DE 20 ANOS,4.68,-74.05,USADO,,0,0,0,0,1,0,0,0,0,1,False,CHAPINERO,S.C. CHICO NORTE,Virrey,990.05,0,PARQUE ZONAL CANAL EL VIRREY EL CHICO,451.16,1,0.08,,0.5,1.0,0.0,,0.01,233.53,4.0
5175-M4133989,APARTAMENTO,VENTA,21.47,297.0,4.0,5.0,2367000.0,4.0,CHICO,5,MAS DE 20 ANOS,4.68,-74.04,USADO,,0,0,0,1,1,0,0,0,0,1,False,CHAPINERO,CHICO RESERVADO,Calle 100 - Marketmedios,1719.03,0,PARQUE VECINAL URBANIZACIÓN LA CABRERA,1282.1,0,0.07,,1.0,0.8,0.0,,0.01,311.38,2.0
342-M4695173,APARTAMENTO,VENTA,19.16,33.42,2.0,1.0,140000.0,0.0,PUENTE ARANDA,3,ENTRE 0 Y 5 ANOS,4.61,-74.11,USADO,,0,0,0,1,1,0,0,0,0,1,False,PUENTE ARANDA,TIBANA,Santa Isabel,1010.73,0,PARQUE VECINAL GORGONZOLA,649.31,0,0.57,,0.0,2.0,0.0,,0.06,2585.76,0.0
3325-M4199716,APARTAMENTO,VENTA,19.28,41.0,3.0,2.0,102000.0,0.0,,3,ENTRE 0 Y 5 ANOS,4.6,-74.16,USADO,,0,0,0,0,1,0,0,0,0,1,False,BOSA,VILLA DEL RIO II SECTOR,CC Paseo Villa del Río - Madelena,272.54,1,PARQUE VECINAL URBANIZACIÓN BALMORAL CESIÓN GUADALUPE,763.24,0,0.47,,0.0,1.5,0.0,,0.07,505.56,0.0
164-M4499374,APARTAMENTO,VENTA,19.54,66.33,2.0,2.0,292000.0,1.0,CEDRITOS,3,MAS DE 20 ANOS,4.74,-74.04,USADO,,0,0,0,0,0,0,0,0,0,1,False,USAQUEN,VILLAS DEL MEDITERRANEO,Calle 161,1309.32,0,PARQUE ZONAL LA VIDA,86.36,1,0.29,,0.5,1.0,0.0,,0.03,1006.35,0.0
346-M4463956,APARTAMENTO,VENTA,20.54,101.0,3.0,3.0,930000.0,2.0,NICOLAS DE FEDERMAN,5,ENTRE 0 Y 5 ANOS,4.65,-74.08,USADO,,0,0,0,0,1,0,0,0,0,1,False,TEUSAQUILLO,NICOLAS DE FEDERMAN,Movistar Arena,655.05,0,PARQUE ESCENARIO DEPORTIVO COMPLEJO ACUATICO,177.84,1,0.2,,0.67,1.0,0.0,,0.03,740.7,0.0
478-M3238291,APARTAMENTO,VENTA,20.38,128.0,3.0,3.0,508000.0,2.0,COUNTRY,5,ENTRE 10 Y 20 ANOS,4.71,-74.05,USADO,,0,1,0,0,1,0,0,0,0,1,False,USAQUEN,LA CALLEJA SANTACOLOMA,Prado,522.72,0,PARQUE ZONAL ATABANZA,1297.97,0,0.16,,0.67,1.0,0.0,,0.02,612.87,0.0
346-M4341789,APARTAMENTO,VENTA,19.52,66.61,3.0,2.0,3921395.93,0.0,FONTIBON TINTAL,3,ENTRE 10 Y 20 ANOS,4.66,-74.13,USADO,,0,0,0,0,0,0,0,0,0,1,False,FONTIBON,EL TINTAL A.S.D.,Normandía,2081.39,0,PARQUE ZONAL CANAL BOYACA,1340.73,0,0.29,,0.0,1.5,0.0,,0.05,276.04,2.0
164-M4543917,APARTAMENTO,VENTA,19.81,92.67,3.0,2.0,370000.0,0.0,METROPOLIS,4,MAS DE 20 ANOS,4.68,-74.08,USADO,,0,0,0,0,0,0,0,0,0,1,False,BARRIOS UNIDOS,URB. ENTRE RIOS,Carrera 53,300.72,1,PARQUE ZONAL CANAL RIO NEGRO,738.14,0,0.21,,0.0,1.5,0.0,,0.03,763.45,0.0
34-M3607753,APARTAMENTO,VENTA,20.56,156.0,3.0,3.0,795000.0,1.0,CENTRO NARINO,4,ENTRE 5 Y 10 ANOS,4.64,-74.1,USADO,,0,1,0,0,1,0,0,0,0,1,False,TEUSAQUILLO,ORTEZAL - QUINTA PAREDES,Quinta Paredes,548.77,0,PARQUE VECINAL SANTA CLARA,228.27,1,0.13,,0.33,1.0,0.0,,0.02,372.85,2.0
34-65006,APARTAMENTO,VENTA,21.64,261.9,3.0,5.0,1500000.0,3.0,CHICO,6,ENTRE 10 Y 20 ANOS,4.68,-74.04,USADO,,0,0,0,0,1,0,0,0,0,1,False,CHAPINERO,S.C. CHICO NORTE,Virrey,1701.52,0,PARQUE VECINAL URBANIZACIÓN LA CABRERA,1001.2,0,0.08,,1.0,0.6,0.0,,0.01,516.35,0.0
34-63487,APARTAMENTO,VENTA,21.73,344.32,3.0,5.0,2842600.0,3.0,CHICO,5,MAS DE 20 ANOS,4.66,-74.06,USADO,,0,1,0,0,1,0,0,0,0,0,False,CHAPINERO,S.C. PORCIUNCULA,Calle 72,752.8,0,PARQUE ZONAL SAN ANDRÉS,824.49,0,0.06,,1.0,0.6,0.0,,0.01,163.23,4.0
10139-M3680141,APARTAMENTO,VENTA,21.64,350.0,3.0,4.0,1680000.0,3.0,CHICO,6,MAS DE 20 ANOS,4.66,-74.05,USADO,,0,0,0,0,1,0,0,0,0,1,False,CHAPINERO,S.C. EL NOGAL,Calle 76 - San Felipe,927.33,0,PARQUE ZONAL SAN ANDRÉS,538.26,0,0.06,,1.0,0.75,0.0,,0.01,447.85,1.0
3325-M3986102,APARTAMENTO,VENTA,21.25,276.0,3.0,5.0,1304500.0,1.0,,5,ENTRE 10 Y 20 ANOS,4.74,-74.12,USADO,,0,1,0,0,1,0,0,0,0,0,False,SUBA,LISBOA,Portal Suba,3270.4,0,PARQUE VECINAL BERLIN,1000.79,0,0.08,,0.33,0.6,0.0,,0.01,3237.97,0.0
34-M4449404,APARTAMENTO,VENTA,19.88,72.0,2.0,2.0,3921395.93,1.0,COUNTRY,5,MAS DE 20 ANOS,4.72,-74.03,USADO,,0,1,0,0,1,0,0,0,0,1,False,USAQUEN,LISBOA_,Alcalá,2043.76,0,PARQUE VECINAL NUEVA URBANIZACIÓN EL CEDRITO,851.71,0,0.28,,0.5,1.0,0.0,,0.03,345.92,1.0
164-M4298678,APARTAMENTO,VENTA,19.99,72.0,3.0,2.0,280000.0,1.0,CASTILLA MARSELLA,4,ENTRE 0 Y 5 ANOS,4.64,-74.12,USADO,,0,0,0,0,1,0,0,0,0,1,False,KENNEDY,NUESTRA_SENORA DE LA PAZ,Marsella,1199.4,0,PARQUE ZONAL MARSELLA,934.61,0,0.28,,0.33,1.5,0.0,,0.04,821.54,0.0
10323-M4739975,APARTAMENTO,VENTA,20.62,145.0,3.0,2.0,3921395.93,0.0,SANTA BARBARA,6,MAS DE 20 ANOS,4.68,-74.05,USADO,,0,0,0,0,0,1,0,0,0,1,False,USAQUEN,RINCON DEL CHICO,Calle 100 - Marketmedios,1191.13,0,PARQUE ZONAL CANAL EL VIRREY EL CHICO,1508.73,0,0.14,,0.0,1.5,0.0,,0.02,204.03,3.0
346-M4738249,APARTAMENTO,VENTA,19.58,67.0,3.0,2.0,330000.0,2.0,NIZA ALHAMBRA,4,MAS DE 20 ANOS,4.7,-74.08,USADO,,0,0,0,0,0,0,0,0,0,1,False,SUBA,URB. POTOSI II SECTOR,Ferias,894.46,0,PARQUE ZONAL MORATO,598.59,0,0.29,,0.67,1.5,0.0,,0.04,633.43,0.0
684-M3916095,APARTAMENTO,VENTA,21.28,220.0,3.0,5.0,1209500.0,4.0,COUNTRY,6,ENTRE 10 Y 20 ANOS,4.71,-74.03,USADO,,0,1,0,0,1,0,0,0,0,1,False,USAQUEN,BOSQUES DE MEDINA,Prado,2742.73,0,PARQUE METROPOLITANO EL COUNTRY,1412.99,0,0.1,,1.33,0.6,0.0,,0.01,438.98,2.0
953-M4308351,APARTAMENTO,VENTA,19.84,85.0,3.0,2.0,239000.0,1.0,COLINA Y ALREDEDORES,4,ENTRE 10 Y 20 ANOS,4.74,-74.07,USADO,,0,0,0,0,1,0,1,0,0,1,False,SUBA,CASABLANCA (HACIENDA),21 Ángeles,1707.77,0,PARQUE ZONAL EL TOMILLAR,725.45,0,0.23,,0.33,1.5,0.0,,0.04,873.23,0.0
2266-M3366844,APARTAMENTO,VENTA,21.52,172.0,2.0,3.0,1470000.0,2.0,CHICO,6,ENTRE 0 Y 5 ANOS,4.67,-74.05,USADO,,0,1,0,0,0,0,0,0,0,0,False,CHAPINERO,LA CABRERA,Héroes - Gel´Hada,1502.07,0,PARQUE ZONAL SAN ANDRÉS,550.2,0,0.13,,1.0,0.67,0.0,,0.01,633.07,0.0
661-M4581860,APARTAMENTO,VENTA,19.92,50.57,1.0,2.0,560000.0,1.0,CHICO,6,ENTRE 10 Y 20 ANOS,4.68,-74.06,USADO,,0,1,0,0,1,0,0,0,0,1,False,CHAPINERO,S.C. CHICO NORTE III SECTOR,Calle 100 - Marketmedios,189.06,1,PARQUE VECINAL URBANIZACIÓN NORMANDIA I II II Y IV SECTOR,797.4,0,0.39,,1.0,0.5,0.0,,0.02,409.01,1.0
346-M4594334,APARTAMENTO,VENTA,19.73,60.41,2.0,2.0,380000.0,1.0,LA SOLEDAD,4,ENTRE 5 Y 10 ANOS,4.62,-74.07,USADO,,0,0,0,0,1,0,0,0,0,1,False,TEUSAQUILLO,TEUSAQUILLO,Calle 34,431.56,1,PARQUE METROPOLITANO EL RENACIMIENTO - PARQUE CEMENTERIO CENTRAL,446.09,1,0.33,,0.5,1.0,0.0,,0.03,335.95,1.0
9816-M2965560,APARTAMENTO,VENTA,20.62,130.0,3.0,3.0,1075000.0,2.0,CHICO,6,MAS DE 20 ANOS,4.68,-74.04,USADO,,0,1,0,0,1,0,0,0,0,1,False,CHAPINERO,S.C. CHICO NORTE,Virrey,1581.79,0,PARQUE VECINAL URBANIZACIÓN LA CABRERA,1000.91,0,0.16,,0.67,1.0,0.0,,0.02,390.52,2.0
34-M4554745,APARTAMENTO,VENTA,21.23,234.0,3.0,3.0,1262000.0,1.0,CHICO,6,MAS DE 20 ANOS,4.66,-74.05,USADO,,0,1,0,0,1,0,0,0,0,1,False,CHAPINERO,BELLAVISTA - URB. EL CASTILLO,Calle 72,874.18,0,PARQUE ZONAL GUSTAVO URIBE BOTERO,675.72,0,0.09,,0.33,1.0,0.0,,0.01,135.07,5.0
3325-M3750648,APARTAMENTO,VENTA,19.58,62.0,2.0,2.0,310000.0,1.0,CEDRITOS,4,MAS DE 20 ANOS,4.72,-74.04,USADO,,0,1,0,0,1,0,0,0,0,1,True,USAQUEN,CEDRITOS,Alcalá,1283.53,0,PARQUE VECINAL NUEVA URBANIZACIÓN EL CEDRITO,879.03,0,0.32,,0.5,1.0,0.0,,0.03,294.85,1.0
164-M4575692,APARTAMENTO,VENTA,20.06,68.98,2.0,2.0,401000.0,2.0,CEDRITOS,4,ENTRE 5 Y 10 ANOS,4.72,-74.04,USADO,,0,0,0,0,1,0,0,0,0,1,False,USAQUEN,CEDRITOS,Calle 142,1399.38,0,PARQUE VECINAL NUEVA URBANIZACIÓN EL CEDRITO,594.94,0,0.29,,1.0,1.0,0.0,,0.03,318.57,1.0
73-M4589536,APARTAMENTO,VENTA,19.67,60.0,2.0,1.0,380000.0,1.0,NIZA ALHAMBRA,4,MAS DE 20 ANOS,4.71,-74.06,USADO,,0,0,0,0,0,0,0,0,0,1,False,SUBA,EL BATAN,Calle 127,327.63,1,PARQUE ZONAL ATABANZA,336.28,1,0.33,,0.5,2.0,0.0,,0.03,418.91,5.0
93-M4368572,APARTAMENTO,VENTA,20.58,169.0,2.0,4.0,711000.0,2.0,SANTA BARBARA,6,MAS DE 20 ANOS,4.7,-74.05,USADO,,0,1,0,0,0,0,0,0,0,1,False,USAQUEN,SAN PATRICIO,Pepe Sierra,880.23,0,PARQUE METROPOLITANO EL COUNTRY,1480.62,0,0.12,,1.0,0.5,0.0,,0.01,139.84,3.0
989-M4655694,APARTAMENTO,VENTA,20.05,75.0,3.0,2.0,386000.0,1.0,SALITRE MODELIA,4,MAS DE 20 ANOS,4.65,-74.11,USADO,,0,0,0,0,1,0,0,0,0,1,False,FONTIBON,CIUDAD_SALITRE,El Tiempo - Maloka,965.94,0,PARQUE ZONAL SAUZALITO,222.13,1,0.27,,0.33,1.5,0.0,,0.04,493.66,2.0
2363-M3565640,APARTAMENTO,VENTA,19.99,98.64,3.0,3.0,557000.0,2.0,COUNTRY,5,MAS DE 20 ANOS,4.71,-74.05,USADO,,0,1,0,0,1,0,0,0,0,1,False,USAQUEN,COUNTRY CLUB,Prado,592.46,0,PARQUE ZONAL ATABANZA,1213.68,0,0.2,,0.67,1.0,0.0,,0.03,789.97,0.0
15061-M4543511,APARTAMENTO,VENTA,20.49,95.0,3.0,2.0,430000.0,2.0,CEDRITOS,4,ENTRE 0 Y 5 ANOS,4.72,-74.03,USADO,,0,0,0,1,1,0,0,0,0,0,False,USAQUEN,LOS CEDROS ORIENTAL,Calle 142,2562.29,0,PARQUE VECINAL NUEVA URBANIZACIÓN EL CEDRITO,645.57,0,0.22,,0.67,1.5,0.0,,0.03,846.79,0.0
617-M4507587,APARTAMENTO,VENTA,19.66,43.0,1.0,2.0,351800.0,1.0,SANTA BARBARA,5,ENTRE 0 Y 5 ANOS,4.7,-74.03,USADO,,0,0,0,0,1,0,0,0,0,1,False,USAQUEN,SANTA BARBARA ORIENTAL,Calle 127,2545.07,0,PARQUE METROPOLITANO EL COUNTRY,1004.19,0,0.46,,1.0,0.5,0.0,,0.02,156.25,2.0
183-M3684642,APARTAMENTO,VENTA,20.64,170.0,3.0,4.0,710000.0,2.0,,6,ENTRE 5 Y 10 ANOS,4.7,-74.04,USADO,,0,1,0,0,1,0,0,0,0,1,False,USAQUEN,SANTA BARBARA OCCIDENTAL,Pepe Sierra,1240.94,0,PARQUE METROPOLITANO EL COUNTRY,930.33,0,0.12,,0.67,0.75,0.0,,0.02,403.39,1.0
34-M3720133,APARTAMENTO,VENTA,20.67,170.0,3.0,4.0,3921395.93,2.0,SANTA BARBARA,6,MAS DE 20 ANOS,4.7,-74.03,USADO,,0,1,0,0,1,0,0,0,0,1,False,USAQUEN,SANTA BARBARA CENTRAL II,Calle 127,2199.22,0,PARQUE METROPOLITANO EL COUNTRY,515.88,0,0.12,,0.67,0.75,0.0,,0.02,665.06,0.0
871-M4718733,APARTAMENTO,VENTA,20.26,90.55,4.0,3.0,370000.0,1.0,NICOLAS DE FEDERMAN,4,REMODELADO,4.65,-74.09,USADO,,0,0,0,0,1,0,0,0,0,1,False,TEUSAQUILLO,RAFAEL NUNEZ,Campín - UAN,855.18,0,PARQUE ZONAL NICOLAS DE FEDERMAN 3,601.72,0,0.22,,0.25,1.33,0.0,,0.04,555.01,0.0
183-M3977967,APARTAMENTO,VENTA,20.13,127.0,3.0,3.0,3921395.93,2.0,METROPOLIS,4,ENTRE 10 Y 20 ANOS,4.67,-74.09,USADO,,0,1,0,0,1,0,0,0,0,1,False,BARRIOS UNIDOS,J.J. VARGAS - JOSE JOAQUIN VARGAS,Carrera 53,1333.32,0,PARQUE VECINAL URBANIZACIÓN METROPOLIS,576.21,0,0.16,,0.67,1.0,0.0,,0.02,354.9,1.0
989-M4486851,APARTAMENTO,VENTA,20.16,100.0,3.0,2.0,400000.0,2.0,ORQUIDEAS,4,ENTRE 5 Y 10 ANOS,4.75,-74.02,USADO,,0,1,0,0,1,0,0,0,0,1,False,USAQUEN,SANTA TERESA,Toberin - Foundever,2469.96,0,PARQUE ZONAL SERVITA,487.55,1,0.2,,0.67,1.5,0.0,,0.03,1269.52,0.0
183-M3574650,APARTAMENTO,VENTA,20.54,160.62,4.0,2.0,805000.0,1.0,CHICO,6,MAS DE 20 ANOS,4.68,-74.06,USADO,,0,1,0,0,0,0,0,0,0,1,False,CHAPINERO,S.C. EL CHICO,Virrey,444.65,1,PARQUE ZONAL CANAL EL VIRREY EL CHICO,387.48,1,0.13,,0.25,2.0,0.0,,0.02,373.35,3.0
12503-M4468140,APARTAMENTO,VENTA,21.51,300.0,4.0,5.0,1250000.0,3.0,CHICO,6,MAS DE 20 ANOS,4.68,-74.05,USADO,,0,1,0,0,1,0,0,0,0,1,False,CHAPINERO,S.C. CHICO NORTE III SECTOR,Calle 100 - Marketmedios,702.82,0,PARQUE VECINAL URBANIZACIÓN NORMANDIA I II II Y IV SECTOR,973.96,0,0.07,,0.75,0.8,0.0,,0.01,197.87,3.0
5545-M4252077,APARTAMENTO,VENTA,20.86,113.0,3.0,3.0,1109000.0,2.0,CHICO,6,ENTRE 5 Y 10 ANOS,4.68,-74.05,USADO,,0,0,0,0,1,0,0,0,0,0,False,CHAPINERO,S.C. CHICO NORTE,Calle 100 - Marketmedios,1154.09,0,PARQUE ZONAL CANAL EL VIRREY EL CHICO,828.41,0,0.18,,0.67,1.0,0.0,,0.03,224.68,2.0
34-M3081389,APARTAMENTO,VENTA,20.2,64.0,1.0,2.0,500000.0,0.0,COUNTRY,6,ENTRE 0 Y 5 ANOS,4.71,-74.04,USADO,,0,0,0,0,1,0,0,0,0,1,False,USAQUEN,LA_CAROLINA,Calle 127,1405.52,0,PARQUE METROPOLITANO EL COUNTRY,500.56,0,0.32,,0.0,0.5,0.0,,0.02,499.63,1.0
346-M3627870,APARTAMENTO,VENTA,20.77,195.0,4.0,3.0,1200000.0,2.0,SANTA BARBARA,6,ENTRE 10 Y 20 ANOS,4.7,-74.04,USADO,,0,1,0,0,1,0,0,0,0,1,False,USAQUEN,SANTA BARBARA OCCIDENTAL,Pepe Sierra,1220.14,0,PARQUE METROPOLITANO EL COUNTRY,926.68,0,0.11,,0.5,1.33,0.0,,0.02,385.84,1.0
11013-M4647949,APARTAMENTO,VENTA,20.91,157.0,3.0,3.0,987000.0,2.0,CHICO,6,MAS DE 20 ANOS,4.66,-74.05,USADO,,0,1,0,0,0,0,0,0,0,1,False,CHAPINERO,ALTOS DE BELLAVISTA,Calle 72,1600.24,0,PARQUE ZONAL GUSTAVO URIBE BOTERO,673.64,0,0.13,,0.67,1.0,0.0,,0.02,849.67,0.0
304-M4194860,APARTAMENTO,VENTA,21.6,392.0,4.0,5.0,3921395.93,4.0,CEDRITOS,6,MAS DE 20 ANOS,4.72,-74.03,USADO,,0,1,0,0,0,0,0,0,0,1,False,USAQUEN,MONTEARROYO,Alcalá,2594.13,0,PARQUE VECINAL NUEVA URBANIZACIÓN EL CEDRITO,942.56,0,0.06,,1.0,0.8,0.0,,0.01,155.05,1.0
346-M3834835,APARTAMENTO,VENTA,20.44,91.0,2.0,2.0,335000.0,2.0,CENTRO INTERNACIONAL,4,ENTRE 0 Y 5 ANOS,4.62,-74.07,USADO,,0,0,0,0,0,0,0,0,0,1,False,SANTA FE,SAN_MARTIN,Calle 34,451.53,1,PARQUE METROPOLITANO PARQUE NACIONAL (PM2A) ENRIQUE OLAYA HERRERA (SECTOR HISTORICO),639.5,0,0.22,,1.0,1.0,0.0,,0.02,436.71,3.0
183-M3638629,APARTAMENTO,VENTA,20.5,217.0,4.0,4.0,717758.0,2.0,CHICO,6,MAS DE 20 ANOS,4.68,-74.05,USADO,,0,1,0,0,1,0,0,0,0,1,False,CHAPINERO,S.C. CHICO NORTE III SECTOR,Calle 100 - Marketmedios,688.7,0,PARQUE VECINAL URBANIZACIÓN NORMANDIA I II II Y IV SECTOR,859.65,0,0.09,,0.5,1.0,0.0,,0.02,243.58,3.0
183-M4197452,APARTAMENTO,VENTA,20.41,108.0,3.0,3.0,835000.0,3.0,GUAYMARAL,5,ENTRE 5 Y 10 ANOS,4.79,-74.06,USADO,,0,0,0,0,1,0,0,0,0,1,False,SUBA,TORREMOLINOS_,Terminal,3153.69,0,PARQUE VECINAL URBANIZACIÓN VILANOVA,3363.52,0,0.19,,1.0,1.0,0.0,,0.03,3051.01,0.0
3325-M4197318,APARTAMENTO,VENTA,19.7,79.0,3.0,2.0,231000.0,1.0,ALTOS DE SUBA Y CERROS DE SAN JORGE,4,ENTRE 5 Y 10 ANOS,4.75,-74.1,USADO,,0,0,0,0,1,0,0,0,0,1,False,SUBA,PINOS DE LOMBARDIA - IMPERIAL (FINCA),Portal Suba,280.61,1,PARQUE VECINAL URBANIZACIÓN VALLE DE REFOUS,526.91,0,0.25,,0.33,1.5,0.0,,0.04,19.36,1.0
973-M4179957,APARTAMENTO,VENTA,20.21,75.0,3.0,2.0,270000.0,1.0,SALITRE MODELIA,4,REMODELADO,4.64,-74.1,USADO,,0,0,0,0,1,0,0,0,0,1,False,TEUSAQUILLO,CIUDAD SALITRE SURORIENTAL,CAN,693.81,0,PARQUE VECINAL SANTA CLARA,1117.78,0,0.27,,0.33,1.5,0.0,,0.04,556.53,0.0
304-M2865500,APARTAMENTO,VENTA,21.3,296.0,3.0,4.0,1150000.0,4.0,ALTOS DE SUBA Y CERROS DE SAN JORGE,6,ENTRE 5 Y 10 ANOS,4.74,-74.08,USADO,,0,1,0,0,1,0,0,0,0,1,False,SUBA,TORRELADERA,21 Ángeles,526.39,0,PARQUE ZONAL EL TOMILLAR,515.94,0,0.07,,1.33,0.75,0.0,,0.01,1194.55,0.0
183-M4166532,APARTAMENTO,VENTA,19.21,53.2,3.0,2.0,185500.0,1.0,ORQUIDEAS,4,ENTRE 10 Y 20 ANOS,4.76,-74.02,USADO,,0,0,0,0,0,0,0,0,0,1,False,USAQUEN,LOS NARANJOS,Calle 187,2449.74,0,PARQUE ZONAL SERVITA,1552.42,0,0.36,,0.33,1.5,0.0,,0.06,1646.99,0.0
5545-M3136012,APARTAMENTO,VENTA,20.41,100.8,3.0,4.0,780000.0,2.0,SANTA BARBARA,5,ENTRE 10 Y 20 ANOS,4.7,-74.05,USADO,,0,1,0,0,1,0,0,0,0,1,False,USAQUEN,SANTA BARBARA OCCIDENTAL,Calle 127,1013.39,0,PARQUE METROPOLITANO EL COUNTRY,778.58,0,0.2,,0.67,0.75,0.0,,0.03,380.49,1.0
12503-M4120230,APARTAMENTO,VENTA,21.49,237.0,3.0,5.0,2650000.0,3.0,CHICO,6,MAS DE 20 ANOS,4.68,-74.04,USADO,,0,1,0,0,1,0,0,0,0,1,False,CHAPINERO,S.C. CHICO NORTE,Virrey,1736.49,0,PARQUE VECINAL URBANIZACIÓN LA CABRERA,984.42,0,0.09,,1.0,0.6,0.0,,0.01,561.98,0.0
2396-M3990910,APARTAMENTO,VENTA,20.63,99.8,3.0,2.0,321000.0,2.0,NIZA ALHAMBRA,5,ENTRE 0 Y 5 ANOS,4.71,-74.07,USADO,,0,0,0,1,1,1,1,0,0,1,False,SUBA,BATAN LOTE NIZA XII,Humedal Córdoba,153.58,1,PARQUE ZONAL LOS LACHES LA MINA,587.72,0,0.21,,0.67,1.5,0.0,,0.03,585.22,0.0
12503-M4082296,APARTAMENTO,VENTA,20.21,98.0,3.0,2.0,540000.0,1.0,,6,MAS DE 20 ANOS,4.69,-74.04,USADO,,0,0,0,0,1,0,0,0,0,1,False,USAQUEN,SANTA BARBARA CENTRAL III SECTOR,Pepe Sierra,2207.91,0,PARQUE METROPOLITANO EL COUNTRY,1322.67,0,0.21,,0.33,1.5,0.0,,0.03,296.86,3.0
346-M4594455,APARTAMENTO,VENTA,20.67,192.81,3.0,2.0,692000.0,2.0,SANTA BARBARA,6,MAS DE 20 ANOS,4.7,-74.04,USADO,,0,1,0,0,0,0,0,0,0,1,True,USAQUEN,SANTA BARBARA OCCIDENTAL,Calle 127,1221.24,0,PARQUE METROPOLITANO EL COUNTRY,646.86,0,0.11,,0.67,1.5,0.0,,0.02,239.68,1.0
164-M4630644,APARTAMENTO,VENTA,19.06,47.8,2.0,2.0,3921395.93,0.0,FONTIBON TINTAL,3,ENTRE 10 Y 20 ANOS,4.67,-74.15,USADO,,0,0,0,0,1,0,0,0,0,1,False,FONTIBON,CENTENARIO,Portal El Dorado,3522.16,0,PARQUE ZONAL CARMEN DE LA LAGUNA,308.33,1,0.4,,0.0,1.0,0.0,,0.04,2392.83,0.0
183-M4106415,APARTAMENTO,VENTA,20.26,110.0,2.0,2.0,452000.0,1.0,CHICO,5,MAS DE 20 ANOS,4.66,-74.06,USADO,,0,1,0,0,0,0,0,0,0,1,False,CHAPINERO,S.C. LAGO GAITAN,Calle 76 - San Felipe,350.69,1,PARQUE ZONAL SAN ANDRÉS,702.56,0,0.18,,0.5,1.0,0.0,,0.02,370.79,1.0
10323-M4715553,APARTAMENTO,VENTA,20.26,134.0,3.0,3.0,569490.0,0.0,CHICO,4,ENTRE 0 Y 5 ANOS,4.66,-74.06,USADO,,0,0,0,0,0,0,0,0,0,1,False,CHAPINERO,S.C. ESPARTILLAL,Calle 76 - San Felipe,582.98,0,PARQUE ZONAL SAN ANDRÉS,502.59,0,0.15,,0.0,1.0,0.0,,0.02,342.77,1.0
34-M3008411,APARTAMENTO,VENTA,21.81,304.61,2.0,3.0,2033000.0,3.0,CHICO,6,MAS DE 20 ANOS,4.66,-74.05,USADO,,0,1,0,0,1,0,0,0,0,1,False,CHAPINERO,LOS ROSALES,Calle 76 - San Felipe,1615.95,0,PARQUE ZONAL SAN ANDRÉS,838.08,0,0.07,,1.5,0.67,0.0,,0.01,949.31,0.0
3552-M4298479,APARTAMENTO,VENTA,20.49,147.0,4.0,4.0,3921395.93,2.0,CHAPINERO,4,REMODELADO,4.65,-74.07,USADO,,0,1,0,0,1,0,0,0,0,1,False,TEUSAQUILLO,SAN LUIS,Calle 63,586.54,0,PARQUE ZONAL GIMNASIO DEL NORTE,777.68,0,0.14,,0.5,1.0,0.0,,0.03,871.4,0.0
34-M4181909,APARTAMENTO,VENTA,20.56,163.34,4.0,4.0,822000.0,2.0,SANTA BARBARA,6,MAS DE 20 ANOS,4.7,-74.03,USADO,,0,1,0,0,1,0,0,0,0,1,False,USAQUEN,SANTA BARBARA CENTRAL IV SECTOR,Pepe Sierra,2261.8,0,PARQUE METROPOLITANO EL COUNTRY,826.92,0,0.13,,0.5,1.0,0.0,,0.02,342.42,1.0
183-M4215638,APARTAMENTO,VENTA,20.26,116.73,3.0,3.0,520000.0,2.0,COLINA Y ALREDEDORES,5,MAS DE 20 ANOS,4.73,-74.06,USADO,,0,1,0,0,1,0,0,0,0,1,False,SUBA,URB. EUCALIPTOS DE LA COLINA,Gratamira,1221.13,0,PARQUE VECINAL URBANIZACIÓN LA LAGUNA,1156.82,0,0.17,,0.67,1.0,0.0,,0.03,335.79,2.0
346-M3719086,APARTAMENTO,VENTA,21.28,250.0,3.0,3.0,1950000.0,4.0,CHICO,6,REMODELADO,4.65,-74.05,USADO,,0,1,0,0,1,0,0,0,0,1,False,CHAPINERO,S.C. BELLAVISTA,Flores – Areandina,1366.23,0,PARQUE ZONAL GUSTAVO URIBE BOTERO,233.52,1,0.09,,1.33,1.0,0.0,,0.01,549.15,0.0
3229-M3472593,APARTAMENTO,VENTA,20.52,136.64,3.0,3.0,609000.0,1.0,SANTA BARBARA,6,MAS DE 20 ANOS,4.7,-74.04,USADO,,0,1,0,0,1,0,0,0,0,1,False,USAQUEN,SANTA BARBARA NORTE,Calle 127,1791.45,0,PARQUE METROPOLITANO EL COUNTRY,195.96,1,0.15,,0.33,1.0,0.0,,0.02,411.25,1.0
183-M3679111,APARTAMENTO,VENTA,19.49,67.9,2.0,2.0,260000.0,1.0,ORQUIDEAS,4,ENTRE 5 Y 10 ANOS,4.72,-74.06,USADO,,0,0,0,0,0,0,0,0,0,1,False,SUBA,PRADO VERANIEGO NORTE - URB. NUEVO HORIZONTE,Alcalá,822.48,0,PARQUE VECINAL PRADO PINZÓN,949.37,0,0.29,,0.5,1.0,0.0,,0.03,590.58,0.0
4660-M4637542,APARTAMENTO,VENTA,20.37,140.0,3.0,3.0,840000.0,2.0,SANTA BARBARA,5,MAS DE 20 ANOS,4.7,-74.05,USADO,,0,0,0,0,1,0,0,0,0,1,False,USAQUEN,SANTA BARBARA OCCIDENTAL,Pepe Sierra,329.1,1,PARQUE ZONAL ATABANZA,1168.81,0,0.15,,0.67,1.0,0.0,,0.02,545.7,0.0
346-M3719015,APARTAMENTO,VENTA,20.36,62.13,1.0,1.0,371800.0,3.0,CHICO,6,ENTRE 0 Y 5 ANOS,4.67,-74.05,USADO,,0,1,0,0,1,0,0,0,0,1,False,CHAPINERO,EL REFUGIO,Héroes - Gel´Hada,1691.71,0,PARQUE VECINAL URBANIZACIÓN LA CABRERA,707.55,0,0.33,,3.0,1.0,0.0,,0.02,698.67,0.0
346-M4308901,APARTAMENTO,VENTA,19.89,59.0,1.0,1.0,3921395.93,1.0,COUNTRY,5,ENTRE 0 Y 5 ANOS,4.72,-74.04,USADO,,0,0,0,0,1,0,0,0,0,1,False,USAQUEN,CEDRITOS,Alcalá,1808.1,0,PARQUE VECINAL NUEVA URBANIZACIÓN EL CEDRITO,695.98,0,0.34,,1.0,1.0,0.0,,0.02,322.61,1.0
346-M3719080,APARTAMENTO,VENTA,21.6,185.0,3.0,3.0,2000000.0,2.0,CHICO,6,ENTRE 5 Y 10 ANOS,4.66,-74.05,USADO,,0,1,0,0,0,0,0,0,0,1,False,CHAPINERO,S.C. EL NOGAL,Calle 76 - San Felipe,1263.75,0,PARQUE ZONAL SAN ANDRÉS,402.97,1,0.12,,0.67,1.0,0.0,,0.02,591.7,0.0
2266-M4110496,APARTAMENTO,VENTA,20.29,106.0,3.0,3.0,622000.0,2.0,NIZA ALHAMBRA,4,MAS DE 20 ANOS,4.7,-74.06,USADO,,0,1,0,0,1,0,0,0,0,1,False,SUBA,S.C. PASADENA,Puentelargo,643.95,0,PARQUE ZONAL CANAL CORDOBA,749.22,0,0.19,,0.67,1.0,0.0,,0.03,884.17,0.0
164-M3988910,APARTAMENTO,VENTA,19.92,59.03,1.0,2.0,260000.0,1.0,NIZA ALHAMBRA,5,REMODELADO,4.7,-74.07,USADO,,0,0,0,0,1,0,0,0,0,1,False,SUBA,ILARCO - LOS MOLINOS DE ILARCO,Suba - Calle 116,49.79,1,PARQUE ZONAL MORATO,458.97,1,0.34,,1.0,0.5,0.0,,0.02,634.02,0.0
73-2864633,APARTAMENTO,VENTA,21.72,270.0,3.0,4.0,2450000.0,3.0,CHICO,5,MAS DE 20 ANOS,4.66,-74.05,USADO,,0,1,0,0,0,0,0,0,0,1,False,CHAPINERO,BOSQUE EL RETIRO I SECTOR,Calle 76 - San Felipe,1695.11,0,PARQUE ZONAL SAN ANDRÉS,749.9,0,0.08,,1.0,0.75,0.0,,0.01,901.69,0.0
183-M4149705,APARTAMENTO,VENTA,19.25,67.0,3.0,2.0,223000.0,1.0,ALTOS DE SUBA Y CERROS DE SAN JORGE,3,MAS DE 20 ANOS,4.75,-74.09,USADO,,0,0,0,0,0,0,0,0,0,1,False,SUBA,CAMPANELLA,Portal Suba,1169.87,0,PARQUE ZONAL CAMPO VERDE,705.44,0,0.29,,0.33,1.5,0.0,,0.04,1150.44,0.0
989-M4095505,APARTAMENTO,VENTA,19.67,73.0,3.0,2.0,230000.0,1.0,COLINA Y ALREDEDORES,4,REMODELADO,4.75,-74.06,USADO,,0,0,0,0,1,0,0,0,0,1,False,SUBA,BURGOS BRITALIA,Calle 161,1857.89,0,PARQUE VECINAL DESARROLLO CANTALEJO URBANIZACIÓN CANTALEJO MANZANA B,841.87,0,0.27,,0.33,1.5,0.0,,0.04,1550.6,0.0
12511-M4568645,APARTAMENTO,VENTA,21.09,170.0,3.0,4.0,800000.0,2.0,COUNTRY,6,ENTRE 10 Y 20 ANOS,4.71,-74.04,USADO,,0,0,0,1,1,0,0,0,0,1,False,USAQUEN,PLENITUD LA CALLEJA,Calle 127,1173.19,0,PARQUE METROPOLITANO EL COUNTRY,675.95,0,0.12,,0.67,0.75,0.0,,0.02,522.26,0.0
5340-M3598487,APARTAMENTO,VENTA,20.6,161.2,4.0,5.0,950000.0,2.0,FONTIBON TINTAL,6,ENTRE 10 Y 20 ANOS,4.7,-74.05,USADO,,0,1,0,0,1,0,0,0,0,0,False,USAQUEN,SANTA BARBARA OCCIDENTAL,Pepe Sierra,1029.27,0,PARQUE METROPOLITANO EL COUNTRY,1083.39,0,0.13,,0.5,0.8,0.0,,0.02,193.73,1.0
410-M3580972,APARTAMENTO,VENTA,19.34,56.0,1.0,1.0,261000.0,1.0,CEDRITOS,4,MAS DE 20 ANOS,4.73,-74.05,USADO,,0,0,0,0,0,0,0,0,0,1,False,USAQUEN,LOS CEDRITOS,Calle 142,515.82,0,PARQUE VECINAL PRADO PINZÓN,893.17,0,0.35,,1.0,1.0,0.0,,0.02,841.53,0.0
34-M3640587,APARTAMENTO,VENTA,20.13,78.59,3.0,2.0,255000.0,1.0,CHAPINERO,4,ENTRE 0 Y 5 ANOS,4.66,-74.08,USADO,,0,0,0,0,1,0,0,0,0,1,False,BARRIOS UNIDOS,BENJAMIN HERRERA,7 de Agosto,167.78,1,PARQUE ZONAL GIMNASIO DEL NORTE,286.46,1,0.26,,0.33,1.5,0.0,,0.04,757.88,0.0
34-63242,APARTAMENTO,VENTA,20.86,164.0,3.0,4.0,3921395.93,3.0,ALTOS DE SUBA Y CERROS DE SAN JORGE,6,ENTRE 5 Y 10 ANOS,4.74,-74.08,USADO,,0,0,0,0,1,0,0,0,0,1,False,SUBA,ALTAMIRA,21 Ángeles,904.76,0,PARQUE ZONAL EL TOMILLAR,446.74,1,0.13,,1.0,0.75,0.0,,0.02,1495.43,0.0
73-M3207924,APARTAMENTO,VENTA,19.38,43.36,3.0,2.0,120000.0,0.0,CENTRO Y ZONA COLONIAL,3,MAS DE 20 ANOS,4.61,-74.08,USADO,,0,0,0,0,0,0,0,0,0,1,False,LOS MARTIRES,PALOQUEMAO,San Facon Carrera 22,553.72,0,PARQUE METROPOLITANO EL RENACIMIENTO - PARQUE CEMENTERIO CENTRAL,1125.94,0,0.45,,0.0,1.5,0.0,,0.07,1369.01,0.0
295-M4595909,APARTAMENTO,VENTA,20.37,95.24,2.0,3.0,600000.0,2.0,CHAPINERO ALTO,4,ENTRE 10 Y 20 ANOS,4.64,-74.06,USADO,,0,0,0,0,1,0,0,0,0,1,False,CHAPINERO,S.C. BOSQUE CALDERON,Marly,757.59,0,PARQUE ZONAL GUSTAVO URIBE BOTERO,1555.66,0,0.21,,1.0,0.67,0.0,,0.02,969.42,0.0
2123-1702675,APARTAMENTO,VENTA,21.51,267.0,3.0,5.0,1040000.0,3.0,COUNTRY,6,ENTRE 10 Y 20 ANOS,4.71,-74.03,USADO,,0,0,0,1,1,0,0,0,0,0,False,USAQUEN,BOSQUES DE MEDINA,Prado,3013.96,0,PARQUE METROPOLITANO EL COUNTRY,1563.22,0,0.08,,1.0,0.6,0.0,,0.01,682.47,0.0
734-M4613662,APARTAMENTO,VENTA,20.09,96.0,4.0,2.0,400000.0,1.0,COLINA Y ALREDEDORES,5,ENTRE 10 Y 20 ANOS,4.71,-74.06,USADO,,0,0,0,0,1,0,0,0,0,1,False,SUBA,PRADO VERANIEGO SUR,Calle 127,778.72,0,PARQUE ZONAL ATABANZA,169.11,1,0.21,,0.25,2.0,0.0,,0.04,857.42,0.0
304-M3144889,APARTAMENTO,VENTA,19.9,62.8,2.0,2.0,3921395.93,2.0,COUNTRY,5,ENTRE 0 Y 5 ANOS,4.72,-74.04,USADO,,0,0,0,0,1,0,0,0,0,1,False,USAQUEN,EL CONTADOR,Alcalá,1075.46,0,PARQUE VECINAL NUEVA URBANIZACIÓN EL CEDRITO,976.6,0,0.32,,1.0,1.0,0.0,,0.03,478.78,1.0
346-M3670733,APARTAMENTO,VENTA,20.84,165.0,3.0,3.0,1027000.0,2.0,CHICO,6,MAS DE 20 ANOS,4.68,-74.06,USADO,,0,1,0,0,1,0,0,0,0,1,False,CHAPINERO,S.C. CHICO NORTE III SECTOR,Calle 100 - Marketmedios,301.17,1,PARQUE VECINAL URBANIZACIÓN NORMANDIA I II II Y IV SECTOR,699.18,0,0.13,,0.67,1.0,0.0,,0.02,248.07,1.0
989-M4022498,APARTAMENTO,VENTA,20.81,130.0,3.0,4.0,850000.0,2.0,FONTIBON TINTAL,6,ENTRE 0 Y 5 ANOS,4.71,-74.04,USADO,,0,0,0,0,1,0,0,0,0,1,False,USAQUEN,LA_CAROLINA,Calle 127,1357.07,0,PARQUE METROPOLITANO EL COUNTRY,428.85,1,0.16,,0.67,0.75,0.0,,0.02,336.42,1.0
346-M3692515,APARTAMENTO,VENTA,20.44,95.0,2.0,2.0,521000.0,1.0,COUNTRY,6,MAS DE 20 ANOS,4.71,-74.04,USADO,,0,1,0,0,1,0,0,0,0,1,False,USAQUEN,LA_CAROLINA,Calle 127,1428.39,0,PARQUE METROPOLITANO EL COUNTRY,428.67,1,0.22,,0.5,1.0,0.0,,0.02,434.09,1.0
34-63201,APARTAMENTO,VENTA,21.06,155.19,3.0,4.0,1500000.0,2.0,CHICO,6,ENTRE 10 Y 20 ANOS,4.66,-74.05,USADO,,0,1,0,0,1,0,0,0,0,0,False,CHAPINERO,S.C. EL NOGAL,Calle 76 - San Felipe,1126.42,0,PARQUE ZONAL SAN ANDRÉS,281.0,1,0.14,,0.67,0.75,0.0,,0.02,475.08,2.0
617-M4202694,APARTAMENTO,VENTA,20.88,202.0,3.0,3.0,1000000.0,4.0,SANTA BARBARA,6,MAS DE 20 ANOS,4.69,-74.04,USADO,,0,1,0,0,1,0,0,0,0,1,False,USAQUEN,SANTA BARBARA CENTRAL II SECTOR,Pepe Sierra,1893.35,0,PARQUE METROPOLITANO EL COUNTRY,1245.08,0,0.1,,1.33,1.0,0.0,,0.01,359.73,1.0
10920-M4202430,APARTAMENTO,VENTA,20.55,178.84,4.0,3.0,3921395.93,1.0,SANTA BARBARA,6,MAS DE 20 ANOS,4.68,-74.05,USADO,,0,1,0,0,1,0,0,0,0,1,False,USAQUEN,RINCON DEL CHICO,Calle 100 - Marketmedios,1162.2,0,PARQUE ZONAL CANAL EL VIRREY EL CHICO,1482.5,0,0.11,,0.25,1.33,0.0,,0.02,174.25,3.0
346-M4613972,APARTAMENTO,VENTA,19.09,62.0,3.0,2.0,146000.0,0.0,ALTOS DE SUBA Y CERROS DE SAN JORGE,3,ENTRE 10 Y 20 ANOS,4.75,-74.08,USADO,,0,0,0,0,0,0,0,0,0,1,False,SUBA,MONTEREDONDO SALITRE SUBA,Portal Suba,1503.76,0,PARQUE ZONAL CAMPO VERDE,349.45,1,0.31,,0.0,1.5,0.0,,0.05,1508.66,0.0
164-M4652336,APARTAMENTO,VENTA,19.34,54.79,3.0,2.0,150000.0,1.0,ANTONIO NARINO,3,ENTRE 10 Y 20 ANOS,4.59,-74.1,USADO,,0,0,0,0,0,0,0,0,0,1,False,ANTONIO NARINO,SANTA ISABEL DEL RESTREPO,Santa Isabel,1057.82,0,PARQUE ZONAL LA FRAGUA,546.49,0,0.35,,0.33,1.5,0.0,,0.05,2449.99,0.0
3325-M4037962,APARTAMENTO,VENTA,19.21,37.0,1.0,1.0,312852.0,1.0,CEDRITOS,4,MAS DE 20 ANOS,4.72,-74.04,USADO,,0,0,0,0,0,0,0,0,0,1,False,USAQUEN,ACACIAS USAQUEN,Calle 142,1535.64,0,PARQUE VECINAL NUEVA URBANIZACIÓN EL CEDRITO,384.62,1,0.52,,1.0,1.0,0.0,,0.03,513.48,0.0
183-M3601350,APARTAMENTO,VENTA,19.55,79.5,3.0,3.0,3921395.93,1.0,CEDRITOS,4,MAS DE 20 ANOS,4.74,-74.05,USADO,,0,1,0,0,0,0,0,0,0,1,False,USAQUEN,MAGDALA I ETAPA,Calle 161,541.72,0,PARQUE VECINAL DESARROLLO ESTRELLA DEL NORTE,212.61,1,0.25,,0.33,1.0,0.0,,0.04,1514.4,0.0
10366-M3369752,APARTAMENTO,VENTA,21.31,259.0,3.0,4.0,1300000.0,3.0,SANTA BARBARA,6,MAS DE 20 ANOS,4.69,-74.06,USADO,,0,0,0,0,1,0,0,0,0,0,False,USAQUEN,SANTA BIBIANA,Calle 106,123.94,1,PARQUE ZONAL CANAL CORDOBA,1480.5,0,0.08,,1.0,0.75,0.0,,0.01,623.12,0.0
73-2864686,APARTAMENTO,VENTA,19.67,130.0,3.0,2.0,50000.0,0.0,CENTRO Y ZONA COLONIAL,3,MAS DE 20 ANOS,4.61,-74.09,USADO,,0,0,0,0,0,0,0,0,0,1,False,LOS MARTIRES,LA SABANA,San Facon Carrera 22,324.28,1,PARQUE ZONAL EDUARDO SANTOS,1129.2,0,0.15,,0.0,1.5,0.0,,0.02,1890.18,0.0
183-M3573802,APARTAMENTO,VENTA,20.29,123.83,3.0,3.0,320000.0,1.0,SALITRE MODELIA,4,MAS DE 20 ANOS,4.65,-74.11,USADO,,0,1,0,0,1,0,0,0,0,1,False,FONTIBON,CIUDAD SALITRE OCCIDENTAL,El Tiempo - Maloka,691.82,0,PARQUE ZONAL SAUZALITO,426.55,1,0.16,,0.33,1.0,0.0,,0.02,148.95,3.0
734-M4590613,APARTAMENTO,VENTA,20.07,86.0,3.0,2.0,265000.0,1.0,METROPOLIS,4,ENTRE 0 Y 5 ANOS,4.67,-74.08,USADO,,0,1,0,0,1,0,0,0,0,1,False,BARRIOS UNIDOS,POPULAR MODELO,AV. Chile,1093.61,0,PARQUE METROPOLITANO PARQUE DE LOS NIÑOS,823.54,0,0.23,,0.33,1.5,0.0,,0.03,741.09,0.0
34-M4582217,APARTAMENTO,VENTA,20.91,158.76,2.0,3.0,907000.0,2.0,CHICO,6,MAS DE 20 ANOS,4.66,-74.05,USADO,,0,1,0,0,1,0,0,0,0,1,False,CHAPINERO,S.C. EL RETIRO,Héroes - Gel´Hada,1341.51,0,PARQUE ZONAL SAN ANDRÉS,361.22,1,0.13,,1.0,0.67,0.0,,0.01,512.5,0.0
3552-M4420971,APARTAMENTO,VENTA,19.55,72.0,3.0,2.0,3921395.93,1.0,ORQUIDEAS,4,ENTRE 10 Y 20 ANOS,4.75,-74.04,USADO,,0,0,0,0,0,0,0,0,0,1,False,USAQUEN,URB. LA PRADERA,Toberin - Foundever,940.23,0,PARQUE VECINAL URBANIZACIÓN TOBERIN,544.13,0,0.27,,0.33,1.5,0.0,,0.04,313.23,1.0
73-285910,APARTAMENTO,VENTA,21.06,230.0,3.0,4.0,840000.0,2.0,SANTA BARBARA,5,MAS DE 20 ANOS,4.7,-74.03,USADO,,0,1,0,0,0,0,0,0,0,1,False,USAQUEN,CENTRO NORTE USAQUEN,Calle 127,2891.78,0,PARQUE METROPOLITANO EL COUNTRY,1269.01,0,0.09,,0.67,0.75,0.0,,0.01,398.44,2.0
183-M4205423,APARTAMENTO,VENTA,19.66,53.6,2.0,2.0,540000.0,1.0,SANTA BARBARA,4,ENTRE 0 Y 5 ANOS,4.7,-74.03,USADO,,0,0,0,0,1,0,0,0,0,1,False,USAQUEN,SAN,Calle 127,3139.45,0,PARQUE METROPOLITANO EL COUNTRY,1397.08,0,0.37,,0.5,1.0,0.0,,0.04,939.6,0.0
12375-M4350871,APARTAMENTO,VENTA,20.6,170.0,5.0,5.0,822000.0,1.0,CHICO,6,MAS DE 20 ANOS,4.68,-74.05,USADO,,0,0,0,0,1,0,0,0,0,1,False,CHAPINERO,S.C. CHICO NORTE,Virrey,1115.25,0,PARQUE ZONAL CANAL EL VIRREY EL CHICO,674.84,0,0.12,,0.2,1.0,0.0,,0.03,85.72,2.0
5031-M3870356,APARTAMENTO,VENTA,19.81,79.0,2.0,2.0,390000.0,1.0,COLINA Y ALREDEDORES,5,MAS DE 20 ANOS,4.73,-74.06,USADO,,0,0,0,1,1,0,0,0,0,1,False,SUBA,URB. BOSQUE DE LA COLINA,Gratamira,1332.79,0,PARQUE VECINAL URBANIZACIÓN LA LAGUNA,1057.55,0,0.25,,0.5,1.0,0.0,,0.03,338.08,1.0
34-M3034735,APARTAMENTO,VENTA,20.82,138.1,2.0,2.0,925000.0,2.0,COUNTRY,6,REMODELADO,4.71,-74.04,USADO,,0,1,0,0,1,0,0,0,0,0,False,USAQUEN,LA_CAROLINA,Prado,1649.24,0,PARQUE METROPOLITANO EL COUNTRY,396.2,1,0.15,,1.0,1.0,0.0,,0.01,619.93,0.0
34-61397,APARTAMENTO,VENTA,21.02,170.0,3.0,2.0,608600.0,1.0,SANTA BARBARA,6,ENTRE 0 Y 5 ANOS,4.7,-74.03,USADO,,0,0,0,0,1,0,0,0,0,1,False,USAQUEN,LOS ALPES II SECTOR,Calle 127,2921.18,0,PARQUE METROPOLITANO EL COUNTRY,1240.12,0,0.12,,0.33,1.5,0.0,,0.02,565.54,0.0
346-M4058127,APARTAMENTO,VENTA,20.36,107.0,3.0,2.0,510000.0,2.0,NIZA ALHAMBRA,5,MAS DE 20 ANOS,4.69,-74.06,USADO,,0,1,0,0,0,0,0,0,0,1,False,SUBA,S.C. PASADENA,Suba - Calle 100,570.46,0,PARQUE ZONAL CANAL CORDOBA,1012.46,0,0.19,,0.67,1.5,0.0,,0.03,660.25,0.0
346-M4513340,APARTAMENTO,VENTA,20.25,112.0,3.0,3.0,637000.0,2.0,SANTA BARBARA,6,MAS DE 20 ANOS,4.69,-74.04,USADO,,0,1,0,0,1,0,0,0,0,1,False,USAQUEN,SANTA BARBARA CENTRAL II SECTOR,Pepe Sierra,1975.03,0,PARQUE METROPOLITANO EL COUNTRY,1166.31,0,0.18,,0.67,1.0,0.0,,0.03,399.12,1.0
346-M4537023,APARTAMENTO,VENTA,21.02,138.0,2.0,2.0,1322000.0,2.0,CHICO,6,ENTRE 10 Y 20 ANOS,4.67,-74.06,USADO,,0,1,0,0,1,0,0,0,0,1,False,CHAPINERO,S.C. LAGO GAITAN,Héroes - Gel´Hada,480.72,1,PARQUE ZONAL SAN ANDRÉS,507.51,0,0.15,,1.0,1.0,0.0,,0.01,129.19,6.0
346-M4641702,APARTAMENTO,VENTA,21.53,312.0,4.0,4.0,2322000.0,4.0,CHICO,6,MAS DE 20 ANOS,4.68,-74.04,USADO,,0,0,0,0,1,0,0,0,0,1,False,CHAPINERO,CHICO RESERVADO,Calle 100 - Marketmedios,1756.99,0,PARQUE VECINAL URBANIZACIÓN LA CABRERA,1266.46,0,0.07,,1.0,1.0,0.0,,0.01,347.45,2.0
3229-M3077886,APARTAMENTO,VENTA,20.72,187.0,3.0,4.0,1200000.0,3.0,COUNTRY,6,MAS DE 20 ANOS,4.71,-74.04,USADO,,0,1,0,0,1,0,0,0,0,1,False,USAQUEN,LA_CAROLINA,Calle 127,1537.2,0,PARQUE METROPOLITANO EL COUNTRY,336.25,1,0.11,,1.0,0.75,0.0,,0.02,444.12,1.0
34-62030,APARTAMENTO,VENTA,21.05,145.0,2.0,3.0,946643.0,2.0,CHICO,5,ENTRE 0 Y 5 ANOS,4.66,-74.05,USADO,,0,1,0,0,1,0,0,0,0,0,False,CHAPINERO,LOS ROSALES,Calle 72,1531.64,0,PARQUE ZONAL GUSTAVO URIBE BOTERO,862.26,0,0.15,,1.0,0.67,0.0,,0.01,790.11,0.0
73-M3304650,APARTAMENTO,VENTA,19.86,50.0,1.0,2.0,426000.0,1.0,SANTA BARBARA,5,ENTRE 10 Y 20 ANOS,4.69,-74.05,USADO,,0,0,0,0,0,0,0,0,0,1,False,USAQUEN,SANTA BIBIANA,Calle 106,662.78,0,PARQUE VECINAL URBANIZACIÓN NORMANDIA I II II Y IV SECTOR,1645.8,0,0.4,,1.0,0.5,0.0,,0.02,564.42,0.0
346-M4528756,APARTAMENTO,VENTA,20.52,137.0,3.0,2.0,612000.0,2.0,NIZA ALHAMBRA,5,ENTRE 5 Y 10 ANOS,4.69,-74.06,USADO,,0,1,0,0,1,0,0,0,0,1,False,SUBA,PUENTE LARGO SECTOR I Y II,Suba - Calle 100,417.97,1,PARQUE ZONAL CANAL CORDOBA,964.96,0,0.15,,0.67,1.5,0.0,,0.02,576.46,0.0
346-M3695737,APARTAMENTO,VENTA,21.28,186.0,3.0,2.0,1200000.0,2.0,CHAPINERO ALTO,4,ENTRE 10 Y 20 ANOS,4.66,-74.05,USADO,,0,1,0,0,0,0,0,0,0,1,False,CHAPINERO,LOS ROSALES,Calle 76 - San Felipe,1399.37,0,PARQUE ZONAL SAN ANDRÉS,549.29,0,0.11,,0.67,1.5,0.0,,0.02,732.6,0.0
346-M3674817,APARTAMENTO,VENTA,21.47,320.0,4.0,5.0,1878317.0,3.0,SANTA BARBARA,5,MAS DE 20 ANOS,4.7,-74.05,USADO,,0,0,0,0,1,0,0,0,0,1,False,USAQUEN,SANTA BARBARA OCCIDENTAL,Calle 127,743.83,0,PARQUE METROPOLITANO EL COUNTRY,1003.43,0,0.07,,0.75,0.8,0.0,,0.01,588.9,0.0
183-M3724072,APARTAMENTO,VENTA,20.29,125.0,3.0,2.0,592000.0,2.0,COUNTRY,6,MAS DE 20 ANOS,4.71,-74.03,USADO,,0,1,0,0,0,0,0,0,0,1,False,USAQUEN,BELLA SUIZA,Prado,2428.54,0,PARQUE METROPOLITANO EL COUNTRY,726.23,0,0.16,,0.67,1.5,0.0,,0.02,438.36,1.0
34-M4404995,APARTAMENTO,VENTA,20.11,100.0,2.0,3.0,620000.0,2.0,NIZA ALHAMBRA,5,ENTRE 10 Y 20 ANOS,4.69,-74.06,USADO,,0,0,0,0,1,0,0,0,0,1,False,SUBA,SANTA MARGARITA,Suba - Calle 100,502.28,0,PARQUE ZONAL CANAL RIO NEGRO,1350.46,0,0.2,,1.0,0.67,0.0,,0.02,410.6,1.0
3424-M4424685,APARTAMENTO,VENTA,19.38,61.38,3.0,2.0,319600.0,1.0,COLINA Y ALREDEDORES,3,MAS DE 20 ANOS,4.75,-74.06,USADO,,0,0,0,0,0,0,0,0,0,1,False,SUBA,CAMPOS DE SILENCIO,Calle 161,969.02,0,PARQUE VECINAL DESARROLLO CANTALEJO URBANIZACIÓN CANTALEJO MANZANA B,341.3,1,0.32,,0.33,1.5,0.0,,0.05,1821.23,0.0
34-M4124106,APARTAMENTO,VENTA,21.13,195.81,3.0,3.0,3921395.93,2.0,SANTA BARBARA,6,MAS DE 20 ANOS,4.69,-74.03,USADO,,0,1,0,0,1,0,0,0,0,1,False,USAQUEN,SANTA ANA ORIENTAL,Calle 106,2686.68,0,PARQUE METROPOLITANO EL COUNTRY,2035.7,0,0.11,,0.67,1.0,0.0,,0.02,592.36,0.0
5175-M4600226,APARTAMENTO,VENTA,20.68,65.0,1.0,2.0,628000.0,2.0,CHICO,6,ENTRE 0 Y 5 ANOS,4.68,-74.05,USADO,,0,0,0,0,1,0,0,0,0,1,False,CHAPINERO,CHICO RESERVADO II SECTOR,Calle 100 - Marketmedios,1336.96,0,PARQUE ZONAL CANAL EL VIRREY EL CHICO,1219.99,0,0.32,,2.0,0.5,0.0,,0.02,202.49,2.0
847-M4700262,APARTAMENTO,VENTA,20.39,109.0,3.0,3.0,539000.0,2.0,CEDRITOS,4,ENTRE 10 Y 20 ANOS,4.73,-74.04,USADO,,0,0,0,1,0,0,0,0,0,1,False,USAQUEN,CAOBOS SALAZAR,Calle 146,1558.58,0,PARQUE VECINAL NUEVA URBANIZACIÓN EL CEDRITO,538.96,0,0.19,,0.67,1.0,0.0,,0.03,498.22,1.0
991-M4176045,APARTAMENTO,VENTA,20.82,100.0,1.0,2.0,900000.0,2.0,CHICO,6,ENTRE 10 Y 20 ANOS,4.66,-74.05,USADO,,0,1,0,0,1,0,0,0,0,1,False,CHAPINERO,S.C. BELLAVISTA,Calle 72,1172.55,0,PARQUE ZONAL GUSTAVO URIBE BOTERO,489.9,1,0.21,,2.0,0.5,0.0,,0.01,436.66,1.0
3325-M4618071,APARTAMENTO,VENTA,19.95,77.0,3.0,2.0,316000.0,1.0,KENNEDY,4,ENTRE 0 Y 5 ANOS,4.63,-74.12,USADO,,0,1,0,0,1,0,0,0,0,1,False,KENNEDY,LA IGUALDAD,Pradera,635.75,0,PARQUE ZONAL LA IGUALDAD,453.44,1,0.26,,0.33,1.5,0.0,,0.04,1149.78,0.0
617-M4662170,APARTAMENTO,VENTA,20.56,97.0,2.0,2.0,632500.0,2.0,CHICO,5,ENTRE 5 Y 10 ANOS,4.67,-74.06,USADO,,0,0,0,1,1,0,0,0,0,1,False,CHAPINERO,S.C. ANTIGUO COUNTRY,Calle 85,212.08,1,PARQUE METROPOLITANO RECONCILIACIÓN,145.79,1,0.21,,1.0,1.0,0.0,,0.02,362.18,3.0
10159-M4705929,APARTAMENTO,VENTA,19.57,69.65,3.0,2.0,256000.0,1.0,COLINA Y ALREDEDORES,4,MAS DE 20 ANOS,4.73,-74.06,USADO,,0,0,0,0,0,1,0,0,0,1,False,SUBA,URB. EL MORAL II,Calle 146,854.02,0,PARQUE VECINAL URBANIZACIÓN LA LAGUNA,551.93,0,0.28,,0.33,1.5,0.0,,0.04,881.68,0.0
2363-M4089526,APARTAMENTO,VENTA,20.49,123.5,3.0,3.0,487000.0,2.0,SALITRE MODELIA,4,REMODELADO,4.66,-74.11,USADO,,0,1,0,0,1,0,0,0,0,1,False,FONTIBON,CIUDAD SALITRE,AV. Rojas,344.81,1,PARQUE VECINAL CARLOS LLERAS (EL FUEGO),485.85,1,0.17,,0.67,1.0,0.0,,0.02,296.94,1.0
633-M3447316,APARTAMENTO,VENTA,20.77,156.0,4.0,4.0,182000.0,2.0,NICOLAS DE FEDERMAN,5,MAS DE 20 ANOS,4.65,-74.08,USADO,,0,1,0,0,1,0,0,0,0,0,False,TEUSAQUILLO,NICOLAS DE FEDERMAN,Movistar Arena,568.67,0,PARQUE ZONAL NICOLAS DE FEDERMAN 3,234.39,1,0.13,,0.5,1.0,0.0,,0.03,648.48,0.0
9816-M2924797,APARTAMENTO,VENTA,20.09,110.0,2.0,3.0,560000.0,1.0,COUNTRY,5,MAS DE 20 ANOS,4.71,-74.04,USADO,,0,1,0,0,1,1,0,0,0,1,False,USAQUEN,LISBOA_,Prado,1792.74,0,PARQUE VECINAL NUEVA URBANIZACIÓN EL CEDRITO,1034.87,0,0.18,,0.5,0.67,0.0,,0.02,312.16,1.0
164-M4464798,APARTAMENTO,VENTA,19.7,35.1,1.0,1.0,279600.0,1.0,CENTRO Y ZONA COLONIAL,3,REMODELADO,4.6,-74.07,USADO,,0,0,0,0,1,0,0,0,0,1,False,SANTA FE,VERACRUZ__,Las Aguas - Centro Colombo Americano,147.82,1,PARQUE ZONAL SENDERO A MONSERRATE,912.3,0,0.56,,1.0,1.0,0.0,,0.03,199.97,5.0
646-M3686438,APARTAMENTO,VENTA,19.67,107.0,3.0,2.0,53000.0,0.0,CHAPINERO ALTO,4,MAS DE 20 ANOS,4.63,-74.07,USADO,,0,0,0,0,0,0,0,0,0,1,False,CHAPINERO,S.C. SUCRE,Calle 45 - American School Way,342.37,1,PARQUE METROPOLITANO PARQUE NACIONAL (PM2A) ENRIQUE OLAYA HERRERA (SECTOR HISTORICO),465.36,1,0.18,,0.0,1.5,0.0,,0.03,160.32,3.0
3422-M4513884,APARTAMENTO,VENTA,20.59,138.0,3.0,3.0,1154000.0,2.0,CHAPINERO ALTO,6,MAS DE 20 ANOS,4.65,-74.05,USADO,,0,1,0,0,1,0,0,0,0,1,False,CHAPINERO,S.C. LAS ACACIAS,Flores – Areandina,1273.03,0,PARQUE ZONAL GUSTAVO URIBE BOTERO,125.93,1,0.15,,0.67,1.0,0.0,,0.02,439.19,1.0
603-M4418052,APARTAMENTO,VENTA,19.9,77.0,3.0,2.0,257000.0,1.0,LA SOLEDAD,4,ENTRE 5 Y 10 ANOS,4.64,-74.08,USADO,,0,0,0,0,1,0,0,0,0,1,False,TEUSAQUILLO,BELALCAZAR,Universidad Nacional,285.75,1,PARQUE ESCENARIO DEPORTIVO EL CAMPINCITO - CEAD,1133.98,0,0.26,,0.33,1.5,0.0,,0.04,780.5,0.0
34-M3236038,APARTAMENTO,VENTA,20.77,152.15,2.0,3.0,930000.0,2.0,CHICO,6,ENTRE 10 Y 20 ANOS,4.68,-74.05,USADO,,0,1,0,0,1,0,0,0,0,1,True,CHAPINERO,S.C. CHICO NORTE,Calle 100 - Marketmedios,497.42,1,PARQUE VECINAL URBANIZACIÓN NORMANDIA I II II Y IV SECTOR,592.62,0,0.14,,1.0,0.67,0.0,,0.01,47.81,1.0
3858-M4603902,APARTAMENTO,VENTA,20.66,104.0,2.0,3.0,937650.0,2.0,CHICO,5,ENTRE 10 Y 20 ANOS,4.66,-74.05,USADO,,0,0,0,0,1,0,0,0,0,1,False,CHAPINERO,S.C. EL NOGAL,Calle 76 - San Felipe,855.84,0,PARQUE ZONAL SAN ANDRÉS,432.23,1,0.2,,1.0,0.67,0.0,,0.02,543.53,0.0
661-M4628554,APARTAMENTO,VENTA,19.01,35.24,2.0,1.0,105000.0,0.0,CIUDAD BOLIVAR,3,ENTRE 0 Y 5 ANOS,4.59,-74.16,USADO,,0,0,0,0,1,0,0,0,0,1,False,CIUDAD BOLIVAR,RAFAEL ESCAMILLA,CC Paseo Villa del Río - Madelena,217.67,1,PARQUE VECINAL URBANIZACIÓN BALMORAL CESIÓN GUADALUPE,631.31,0,0.54,,0.0,2.0,0.0,,0.06,683.33,0.0
34-M4434967,APARTAMENTO,VENTA,20.07,71.0,3.0,2.0,257900.0,1.0,CHAPINERO,3,ENTRE 0 Y 5 ANOS,4.66,-74.08,USADO,,0,0,0,0,1,0,0,0,0,1,False,BARRIOS UNIDOS,BENJAMIN HERRERA,7 de Agosto,163.28,1,PARQUE ZONAL GIMNASIO DEL NORTE,290.15,1,0.28,,0.33,1.5,0.0,,0.04,762.13,0.0
2363-M4628233,APARTAMENTO,VENTA,20.21,115.0,3.0,3.0,605000.0,1.0,NIZA ALHAMBRA,5,MAS DE 20 ANOS,4.7,-74.06,USADO,,0,0,0,0,1,0,0,0,0,1,False,SUBA,LA ALHAMBRA SECTOR SUR,Pepe Sierra,787.81,0,PARQUE ZONAL CANAL CORDOBA,374.46,1,0.18,,0.33,1.0,0.0,,0.03,1171.9,0.0
34-58492,APARTAMENTO,VENTA,21.82,331.0,4.0,4.0,182000.0,1.0,CHICO,6,MAS DE 20 ANOS,4.67,-74.04,USADO,,0,1,0,0,0,0,0,0,0,0,False,CHAPINERO,CHICO ALTO,Calle 85,1878.44,0,PARQUE VECINAL URBANIZACIÓN LA CABRERA,818.5,0,0.07,,0.25,1.0,0.0,,0.01,774.41,0.0
10366-M4727870,APARTAMENTO,VENTA,19.9,32.0,1.0,1.0,600000.0,1.0,CHICO,6,ENTRE 0 Y 5 ANOS,4.68,-74.06,USADO,,0,0,0,0,1,0,0,0,0,1,False,CHAPINERO,S.C. CHICO NORTE III SECTOR,Calle 100 - Marketmedios,206.62,1,PARQUE VECINAL URBANIZACIÓN NORMANDIA I II II Y IV SECTOR,723.2,0,0.62,,1.0,1.0,0.0,,0.03,342.66,1.0
12375-M4639616,APARTAMENTO,VENTA,20.47,123.0,3.0,3.0,1400000.0,2.0,SANTA BARBARA,6,ENTRE 0 Y 5 ANOS,4.69,-74.05,USADO,,0,1,0,0,1,0,0,0,0,1,False,USAQUEN,SANTA BIBIANA,Calle 106,326.87,1,PARQUE VECINAL URBANIZACIÓN NORMANDIA I II II Y IV SECTOR,1611.58,0,0.17,,0.67,1.0,0.0,,0.02,682.85,0.0
346-M3794105,APARTAMENTO,VENTA,20.29,58.0,1.0,2.0,3921395.93,1.0,CHICO,6,ENTRE 0 Y 5 ANOS,4.67,-74.04,USADO,,0,0,0,0,1,0,0,0,0,1,False,CHAPINERO,EL REFUGIO,Héroes - Gel´Hada,1732.96,0,PARQUE VECINAL URBANIZACIÓN LA CABRERA,690.38,0,0.35,,1.0,0.5,0.0,,0.02,665.72,0.0
2396-M3991293,APARTAMENTO,VENTA,19.79,44.0,1.0,2.0,470000.0,1.0,CHAPINERO ALTO,4,ENTRE 0 Y 5 ANOS,4.64,-74.06,USADO,,0,0,0,1,1,0,0,0,0,1,False,CHAPINERO,S.C. PARDO RUBIO,Marly,660.64,0,PARQUE METROPOLITANO PARQUE NACIONAL (PM2A) ENRIQUE OLAYA HERRERA (SECTOR HISTORICO),1324.81,0,0.45,,1.0,0.5,0.0,,0.02,648.08,0.0
164-M3563549,APARTAMENTO,VENTA,19.79,91.02,3.0,2.0,319000.0,1.0,COUNTRY,4,ENTRE 5 Y 10 ANOS,4.76,-74.03,USADO,,0,0,0,0,1,0,0,0,0,1,False,USAQUEN,SAN ANTONIO NORTE II SECTOR,Terminal,1176.84,0,PARQUE VECINAL DESARROLLO VERBENAL I,726.97,0,0.22,,0.33,1.5,0.0,,0.03,1136.63,0.0
346-M3679439,APARTAMENTO,VENTA,20.56,118.0,3.0,3.0,840000.0,2.0,SANTA BARBARA,6,ENTRE 5 Y 10 ANOS,4.69,-74.04,USADO,,0,1,0,0,1,0,0,0,0,1,False,USAQUEN,SANTA BARBARA CENTRAL I Y II,Calle 106,1595.26,0,PARQUE METROPOLITANO EL COUNTRY,1576.33,0,0.17,,0.67,1.0,0.0,,0.03,511.72,0.0
16606-M4735614,APARTAMENTO,VENTA,19.36,56.0,3.0,2.0,159000.0,1.0,CASTILLA MARSELLA,3,ENTRE 5 Y 10 ANOS,4.65,-74.15,USADO,,0,0,0,0,1,0,1,0,0,1,False,KENNEDY,S.C. TINTALA - CIUDADELA NUEVA CASTILLA,Transversal 86,1748.17,0,PARQUE METROPOLITANO BIBLIOTECA EL TINTAL,1031.46,0,0.35,,0.33,1.5,0.0,,0.05,2148.29,0.0
34-M4405069,APARTAMENTO,VENTA,21.19,220.0,4.0,4.0,1400000.0,2.0,CHICO,6,MAS DE 20 ANOS,4.66,-74.05,USADO,,0,1,0,0,1,0,0,0,0,1,False,CHAPINERO,S.C. EL NOGAL,Calle 76 - San Felipe,1122.34,0,PARQUE ZONAL SAN ANDRÉS,311.76,1,0.1,,0.5,1.0,0.0,,0.02,505.64,0.0
10366-7349,APARTAMENTO,VENTA,19.51,51.0,2.0,1.0,340000.0,1.0,CEDRITOS,4,MAS DE 20 ANOS,4.73,-74.05,USADO,,0,1,0,0,1,0,0,0,0,1,False,USAQUEN,LOS CEDRITOS,Calle 142,189.63,1,PARQUE VECINAL PRADO PINZÓN,555.0,0,0.38,,0.5,2.0,0.0,,0.04,858.23,0.0
183-M4318365,APARTAMENTO,VENTA,19.9,77.52,3.0,3.0,287000.0,1.0,SALITRE MODELIA,4,ENTRE 5 Y 10 ANOS,4.67,-74.13,USADO,,0,0,0,0,1,0,0,0,0,1,False,FONTIBON,BELLAVISTA LOS PANTANOS,Portal El Dorado,1863.83,0,PARQUE VECINAL VILLA HELENA VILLEMAR,625.03,0,0.26,,0.33,1.0,0.0,,0.04,842.96,0.0
2266-M3513195,APARTAMENTO,VENTA,20.41,120.0,3.0,3.0,1026000.0,2.0,COUNTRY,5,ENTRE 10 Y 20 ANOS,4.71,-74.05,USADO,,0,1,0,0,1,0,0,0,0,0,False,USAQUEN,COUNTRY CLUB,Prado,660.44,0,PARQUE ZONAL ATABANZA,1206.92,0,0.17,,0.67,1.0,0.0,,0.02,723.39,0.0
183-M4150192,APARTAMENTO,VENTA,20.64,275.0,4.0,3.0,3921395.93,2.0,NIZA ALHAMBRA,5,ENTRE 0 Y 5 ANOS,4.7,-74.06,USADO,,0,1,0,0,0,0,0,0,0,1,False,SUBA,LA ALHAMBRA SECTOR SUR,Suba - Calle 116,655.28,0,PARQUE ZONAL CANAL CORDOBA,335.36,1,0.08,,0.5,1.33,0.0,,0.01,1092.77,0.0
3858-M4658813,APARTAMENTO,VENTA,20.36,230.0,4.0,3.0,1180000.0,2.0,SANTA BARBARA,5,MAS DE 20 ANOS,4.7,-74.03,USADO,,0,1,0,0,0,1,0,0,0,0,False,USAQUEN,SANTA BARBARA ORIENTAL,Calle 127,2645.08,0,PARQUE METROPOLITANO EL COUNTRY,1015.9,0,0.09,,0.5,1.33,0.0,,0.02,329.52,2.0
34-M4464130,APARTAMENTO,VENTA,21.06,154.63,3.0,5.0,820700.0,3.0,ALTOS DE SUBA Y CERROS DE SAN JORGE,6,ENTRE 0 Y 5 ANOS,4.74,-74.08,USADO,,0,1,0,0,1,0,0,0,0,1,False,SUBA,ALTAMIRA,21 Ángeles,890.33,0,PARQUE ZONAL EL TOMILLAR,325.68,1,0.14,,1.0,0.6,0.0,,0.02,1369.23,0.0
2969-M4471097,APARTAMENTO,VENTA,20.47,85.0,2.0,2.0,3921395.93,2.0,CHAPINERO ALTO,5,ENTRE 10 Y 20 ANOS,4.65,-74.05,USADO,,0,0,0,0,1,0,0,0,0,1,False,CHAPINERO,S.C. LAS ACACIAS,Flores – Areandina,1542.8,0,PARQUE ZONAL GUSTAVO URIBE BOTERO,250.12,1,0.24,,1.0,1.0,0.0,,0.02,700.46,0.0
16108-M4702881,APARTAMENTO,VENTA,20.61,178.0,3.0,3.0,850000.0,2.0,SANTA BARBARA,6,MAS DE 20 ANOS,4.7,-74.04,USADO,,0,1,0,0,1,0,0,0,0,1,False,USAQUEN,SANTA BARBARA CENTRAL I SECTOR,Pepe Sierra,1631.57,0,PARQUE METROPOLITANO EL COUNTRY,969.71,0,0.12,,0.67,1.0,0.0,,0.02,723.15,0.0
5035-M4716312,APARTAMENTO,VENTA,19.82,57.1,2.0,2.0,350000.0,1.0,ORQUIDEAS,4,ENTRE 0 Y 5 ANOS,4.75,-74.03,USADO,,0,1,0,1,1,0,1,0,0,1,False,USAQUEN,EL REDIL,Portal Norte,2098.3,0,PARQUE VECINAL URBANIZACIÓN CALLE 170 / ALAMEDA,1231.8,0,0.35,,0.5,1.0,0.0,,0.04,1156.46,0.0
34-M3155059,APARTAMENTO,VENTA,21.16,271.45,3.0,3.0,2451000.0,2.0,CHICO,6,MAS DE 20 ANOS,4.67,-74.05,USADO,,0,1,0,0,1,0,0,0,0,1,False,CHAPINERO,LA CABRERA,Calle 85,1070.38,0,PARQUE VECINAL URBANIZACIÓN LA CABRERA,135.36,1,0.08,,0.67,1.0,0.0,,0.01,216.94,4.0
34-63573,APARTAMENTO,VENTA,21.37,187.45,3.0,4.0,2100000.0,2.0,CHICO,6,ENTRE 0 Y 5 ANOS,4.68,-74.04,USADO,,0,1,0,0,1,0,0,0,0,0,False,CHAPINERO,CHICO RESERVADO,Calle 100 - Marketmedios,1879.23,0,PARQUE VECINAL URBANIZACIÓN LA CABRERA,1323.09,0,0.11,,0.67,0.75,0.0,,0.02,318.75,2.0
734-M4618706,APARTAMENTO,VENTA,19.67,90.0,3.0,3.0,290000.0,1.0,METROPOLIS,4,MAS DE 20 ANOS,4.68,-74.08,USADO,,0,1,0,0,0,0,0,0,0,1,False,BARRIOS UNIDOS,URB. ENTRE RIOS,Carrera 47,213.32,1,PARQUE ZONAL CANAL RIO NEGRO,897.08,0,0.22,,0.33,1.0,0.0,,0.03,880.15,0.0
164-M4421444,APARTAMENTO,VENTA,19.61,28.94,1.0,1.0,267000.0,1.0,CENTRO Y ZONA COLONIAL,3,ENTRE 0 Y 5 ANOS,4.6,-74.06,USADO,,0,0,0,0,1,0,0,0,0,1,False,CANDELARIA,S C. PARQUE NACIONAL ORIENTAL,Las Aguas - Centro Colombo Americano,668.92,0,PARQUE ZONAL SENDERO A MONSERRATE,742.99,0,0.68,,1.0,1.0,0.0,,0.03,423.31,3.0
10139-M4050842,APARTAMENTO,VENTA,21.51,292.0,3.0,4.0,1800000.0,2.0,CHICO,6,MAS DE 20 ANOS,4.67,-74.04,USADO,,0,0,0,0,1,0,0,0,0,1,False,CHAPINERO,BOSQUES DE KARON,Calle 85,2335.12,0,PARQUE VECINAL URBANIZACIÓN LA CABRERA,1293.38,0,0.07,,0.67,0.75,0.0,,0.01,1212.46,0.0
495-M4454879,APARTAMENTO,VENTA,20.16,94.0,3.0,2.0,380000.0,1.0,COUNTRY,4,MAS DE 20 ANOS,4.71,-74.03,USADO,,0,0,0,0,0,0,0,0,0,1,False,USAQUEN,SAN,Prado,2884.1,0,PARQUE METROPOLITANO EL COUNTRY,1178.11,0,0.21,,0.33,1.5,0.0,,0.03,667.17,0.0
16057-M4408063,APARTAMENTO,VENTA,20.01,60.0,2.0,2.0,3921395.93,1.0,FONTIBON TINTAL,4,ENTRE 0 Y 5 ANOS,4.66,-74.13,USADO,,0,0,0,1,1,0,1,0,0,1,False,FONTIBON,EL TINTAL A.S.D.,Normandía,2029.17,0,PARQUE ZONAL CANAL BOYACA,1235.8,0,0.33,,0.5,1.0,0.0,,0.03,490.43,2.0
12503-M4680559,APARTAMENTO,VENTA,21.25,214.0,3.0,5.0,1322000.0,3.0,SANTA BARBARA,6,MAS DE 20 ANOS,4.7,-74.05,USADO,,0,1,0,0,1,0,0,0,0,0,False,USAQUEN,SAN PATRICIO,Pepe Sierra,1075.83,0,PARQUE METROPOLITANO EL COUNTRY,1269.13,0,0.1,,1.0,0.6,0.0,,0.01,278.67,3.0
3552-M4526852,APARTAMENTO,VENTA,19.88,78.0,3.0,2.0,330000.0,1.0,COLINA Y ALREDEDORES,4,ENTRE 5 Y 10 ANOS,4.71,-74.06,USADO,,0,0,0,0,1,0,0,0,0,1,False,SUBA,PRADO SUR,Niza - Calle 127,966.93,0,PARQUE ZONAL ATABANZA,771.71,0,0.25,,0.33,1.5,0.0,,0.04,912.75,0.0
346-M3718993,APARTAMENTO,VENTA,20.07,120.0,4.0,2.0,470000.0,1.0,NIZA ALHAMBRA,4,MAS DE 20 ANOS,4.69,-74.06,USADO,,0,0,0,0,1,0,0,0,0,1,False,SUBA,PUENTE LARGO SECTOR I Y II,Puentelargo,320.05,1,PARQUE ZONAL CANAL CORDOBA,815.66,0,0.17,,0.25,2.0,0.0,,0.03,692.96,0.0
346-M3719089,APARTAMENTO,VENTA,19.84,50.74,1.0,1.0,319000.0,1.0,SANTA BARBARA,5,ENTRE 10 Y 20 ANOS,4.7,-74.03,USADO,,0,0,0,0,1,0,0,0,0,1,False,USAQUEN,SANTA BARBARA ORIENTAL,Calle 127,2743.31,0,PARQUE METROPOLITANO EL COUNTRY,1029.52,0,0.39,,1.0,1.0,0.0,,0.02,630.88,0.0
839-M4690351,APARTAMENTO,VENTA,19.43,74.0,3.0,2.0,298000000.0,1.0,ALTOS DE SUBA Y CERROS DE SAN JORGE,4,MAS DE 20 ANOS,4.75,-74.09,USADO,,0,0,0,0,0,1,0,0,0,1,False,SUBA,CAMPANELLA,Portal Suba,991.46,0,PARQUE VECINAL URBANIZACIÓN VALLE DE REFOUS,596.6,0,0.26,,0.33,1.5,0.0,,0.04,962.74,0.0
617-M4479242,APARTAMENTO,VENTA,20.32,74.41,2.0,2.0,3921395.93,1.0,COUNTRY,5,ENTRE 0 Y 5 ANOS,4.71,-74.03,USADO,,0,0,0,1,1,0,0,0,0,1,False,USAQUEN,BELLA SUIZA,Calle 127,2529.93,0,PARQUE METROPOLITANO EL COUNTRY,798.43,0,0.27,,0.5,1.0,0.0,,0.03,517.06,0.0
93-M3827338,APARTAMENTO,VENTA,19.61,38.5,1.0,1.0,270800.0,0.0,CHAPINERO ALTO,4,ENTRE 0 Y 5 ANOS,4.64,-74.06,USADO,,0,0,0,1,0,0,0,0,0,1,False,CHAPINERO,S.C. CHAPINERO CENTRAL,Calle 57,479.38,1,PARQUE ZONAL GUSTAVO URIBE BOTERO,1254.18,0,0.51,,0.0,1.0,0.0,,0.03,910.92,0.0
2266-M3487622,APARTAMENTO,VENTA,20.44,120.0,2.0,3.0,980000.0,2.0,COUNTRY,5,ENTRE 5 Y 10 ANOS,4.7,-74.03,USADO,,0,0,0,0,1,0,0,0,0,1,False,USAQUEN,BELLA SUIZA,Calle 127,2581.56,0,PARQUE METROPOLITANO EL COUNTRY,842.44,0,0.17,,1.0,0.67,0.0,,0.02,781.66,0.0
635-M4297036,APARTAMENTO,VENTA,20.56,151.0,4.0,4.0,735000.0,2.0,SANTA BARBARA,5,MAS DE 20 ANOS,4.7,-74.05,USADO,,0,0,0,0,1,0,0,0,0,1,False,USAQUEN,SANTA BARBARA OCCIDENTAL,Pepe Sierra,378.18,1,PARQUE ZONAL ATABANZA,1320.24,0,0.14,,0.5,1.0,0.0,,0.03,393.23,2.0
2266-M3680699,APARTAMENTO,VENTA,19.74,72.0,2.0,2.0,382000.0,1.0,SANTA BARBARA,4,MAS DE 20 ANOS,4.7,-74.03,USADO,,0,1,0,0,1,1,0,0,0,1,False,USAQUEN,SAN,Prado,3216.13,0,PARQUE METROPOLITANO EL COUNTRY,1475.67,0,0.27,,0.5,1.0,0.0,,0.03,978.63,0.0
164-M3569408,APARTAMENTO,VENTA,19.41,44.0,1.0,2.0,170000.0,1.0,FONTIBON TINTAL,4,ENTRE 5 Y 10 ANOS,4.66,-74.13,USADO,,0,0,0,0,1,0,0,0,0,1,False,FONTIBON,EL TINTAL A.S.D.,Normandía,2021.1,0,PARQUE ZONAL CANAL BOYACA,1230.82,0,0.44,,1.0,0.5,0.0,,0.02,694.13,0.0
874-M4602646,APARTAMENTO,VENTA,21.06,207.0,3.0,4.0,1700000.0,2.0,CHICO,6,MAS DE 20 ANOS,4.67,-74.06,USADO,,0,1,0,0,1,0,0,0,0,1,False,CHAPINERO,S.C. ANTIGUO COUNTRY,Calle 85,251.19,1,PARQUE METROPOLITANO RECONCILIACIÓN,178.34,1,0.1,,0.67,0.75,0.0,,0.01,406.22,2.0
346-M3974142,APARTAMENTO,VENTA,19.77,66.0,2.0,2.0,384000.0,2.0,CEDRITOS,4,ENTRE 10 Y 20 ANOS,4.72,-74.04,USADO,,0,0,0,0,1,0,0,0,0,1,False,USAQUEN,ACACIAS USAQUEN,Calle 142,1661.01,0,PARQUE VECINAL NUEVA URBANIZACIÓN EL CEDRITO,262.66,1,0.3,,1.0,1.0,0.0,,0.03,464.23,1.0
989-M4523064,APARTAMENTO,VENTA,20.2,94.0,3.0,3.0,406000.0,2.0,COLINA Y ALREDEDORES,4,ENTRE 10 Y 20 ANOS,4.74,-74.07,USADO,,0,1,0,0,1,0,0,0,0,1,False,SUBA,EL CORTIJO (FINCA),21 Ángeles,1413.72,0,PARQUE ZONAL EL TOMILLAR,472.96,1,0.21,,0.67,1.0,0.0,,0.03,762.03,0.0
3065-M4601506,APARTAMENTO,VENTA,20.62,110.0,2.0,3.0,700000.0,2.0,CHICO,6,ENTRE 0 Y 5 ANOS,4.68,-74.06,USADO,,0,1,0,1,1,0,0,0,0,0,False,CHAPINERO,S.C. CHICO NORTE,Virrey,368.26,1,PARQUE VECINAL URBANIZACIÓN NORMANDIA I II II Y IV SECTOR,223.2,1,0.19,,1.0,0.67,0.0,,0.02,412.45,1.0
164-M4739277,APARTAMENTO,VENTA,20.42,95.7,2.0,2.0,630000.0,2.0,SANTA BARBARA,5,REMODELADO,4.69,-74.05,USADO,,0,0,0,0,1,0,0,0,0,1,False,USAQUEN,SAN PATRICIO,Calle 106,859.78,0,PARQUE METROPOLITANO EL COUNTRY,1644.75,0,0.21,,1.0,1.0,0.0,,0.02,103.3,3.0
973-M4601359,APARTAMENTO,VENTA,20.86,139.0,5.0,4.0,436000.0,1.0,NICOLAS DE FEDERMAN,4,MAS DE 20 ANOS,4.64,-74.09,USADO,,0,0,0,0,1,0,0,0,0,1,False,TEUSAQUILLO,RAFAEL NUNEZ,Quinta Paredes,633.39,0,PARQUE ZONAL NICOLAS DE FEDERMAN 3,1099.56,0,0.15,,0.2,1.25,0.0,,0.04,374.23,1.0
10159-M4706589,APARTAMENTO,VENTA,19.74,45.68,1.0,2.0,412000.0,1.0,COUNTRY,6,ENTRE 5 Y 10 ANOS,4.71,-74.05,USADO,,0,0,0,1,1,1,0,0,0,1,False,USAQUEN,LA CALLEJA,Calle 127,722.19,0,PARQUE METROPOLITANO EL COUNTRY,1029.25,0,0.43,,1.0,0.5,0.0,,0.02,503.44,0.0
10159-M4742498,APARTAMENTO,VENTA,19.4,58.0,2.0,2.0,117900.0,1.0,CASTILLA MARSELLA,3,ENTRE 5 Y 10 ANOS,4.65,-74.14,USADO,,0,0,0,0,1,1,0,0,0,1,False,KENNEDY,BOSCONIA,Transversal 86,1860.54,0,PARQUE VECINAL VILLA ALSACIA,1059.33,0,0.33,,0.5,1.0,0.0,,0.03,1816.83,0.0
3422-M4613062,APARTAMENTO,VENTA,20.05,92.0,2.0,2.0,832000.0,1.0,CHAPINERO ALTO,4,MAS DE 20 ANOS,4.64,-74.06,USADO,,0,1,0,0,1,0,0,0,0,1,False,CHAPINERO,S.C. LA SALLE,Calle 57,757.0,0,PARQUE ZONAL GUSTAVO URIBE BOTERO,1073.27,0,0.22,,0.5,1.0,0.0,,0.02,993.03,0.0
10119-M4616286,APARTAMENTO,VENTA,19.34,48.0,3.0,1.0,3921395.93,2.0,RAFAEL URIBE URIBE TUNJUELITO,3,ENTRE 0 Y 5 ANOS,4.58,-74.11,USADO,,0,0,0,0,1,0,0,0,0,1,False,RAFAEL URIBE URIBE,S.C. OLAYA,Olaya,411.49,1,PARQUE ESCENARIO DEPORTIVO GIMNASIO DEL SUR,266.99,1,0.4,,0.67,3.0,0.0,,0.06,2196.03,0.0
183-M4118040,APARTAMENTO,VENTA,19.76,97.14,3.0,2.0,256000.0,0.0,ENGATIVA,3,MAS DE 20 ANOS,4.69,-74.1,USADO,,0,0,0,0,0,0,0,0,0,1,False,ENGATIVA,URB. ACAPULCO,Minuto de Dios,1378.19,0,PARQUE VECINAL URBANIZACIÓN LA EUROPA,435.57,1,0.2,,0.0,1.5,0.0,,0.03,1298.51,0.0
14236-M4653844,APARTAMENTO,VENTA,19.7,74.0,3.0,2.0,300000.0,1.0,ENGATIVA,4,ENTRE 0 Y 5 ANOS,4.72,-74.13,USADO,,0,0,0,0,1,1,0,0,0,1,False,ENGATIVA,EL GACO - EL PORVENIR (PREDIO),Portal 80,2907.35,0,PARQUE METROPOLITANO PLANTA DE TRATAMIENTO SALITRE,1009.52,0,0.27,,0.33,1.5,0.0,,0.04,2693.76,0.0
11079-M3160502,APARTAMENTO,VENTA,21.41,246.29,3.0,4.0,2000000.0,0.0,CERROS DE SUBA,6,ENTRE 10 Y 20 ANOS,4.72,-74.08,USADO,,0,0,0,0,1,1,0,0,0,0,False,SUBA,BELLOMONTE SUBA,Suba - AV. Boyacá,527.35,0,PARQUE VECINAL AGRUPACIÓN DE VIVIENDA EN BALCON DE LINDARAJA,1032.6,0,0.09,,0.0,0.75,0.0,,0.01,1549.67,0.0
495-M4343688,APARTAMENTO,VENTA,20.58,122.47,3.0,3.0,828000.0,2.0,SANTA BARBARA,5,ENTRE 10 Y 20 ANOS,4.7,-74.05,USADO,,0,0,0,0,0,0,0,0,0,1,False,USAQUEN,SANTA BARBARA OCCIDENTAL,Pepe Sierra,420.74,1,PARQUE ZONAL ATABANZA,1225.78,0,0.17,,0.67,1.0,0.0,,0.02,492.55,1.0
495-M4482630,APARTAMENTO,VENTA,19.92,128.81,3.0,1.0,3921395.93,0.0,CENTRO Y ZONA COLONIAL,3,MAS DE 20 ANOS,4.6,-74.07,USADO,,0,0,0,0,0,0,0,0,0,1,False,CANDELARIA,CENTRO ADMINISTRATIVO,Museo del Oro,582.41,0,PARQUE VECINAL DESARROLLO LOURDES,939.76,0,0.15,,0.0,3.0,0.0,,0.02,148.39,1.0
2671-M4727969,APARTAMENTO,VENTA,20.54,127.11,2.0,3.0,859000.0,2.0,CERROS DE SUBA,6,MAS DE 20 ANOS,4.71,-74.08,USADO,,0,0,0,0,0,1,0,0,0,1,False,SUBA,NIZA SUBA - EL BALCON DE LINDARAJA,Niza - Calle 127,1083.54,0,PARQUE METROPOLITANO CEFE COMETAS,206.24,1,0.16,,1.0,0.67,0.0,,0.02,1121.53,0.0
34-M3253762,APARTAMENTO,VENTA,19.21,43.0,1.0,1.0,3921395.93,0.0,LA SOLEDAD,4,REMODELADO,4.62,-74.07,USADO,,0,0,0,0,1,0,0,0,0,1,False,TEUSAQUILLO,ARMENIA,Calle 26,320.91,1,PARQUE METROPOLITANO EL RENACIMIENTO - PARQUE CEMENTERIO CENTRAL,317.67,1,0.45,,0.0,1.0,0.0,,0.02,561.85,0.0
11013-M4493886,APARTAMENTO,VENTA,20.54,130.0,3.0,3.0,765000.0,2.0,COUNTRY,6,MAS DE 20 ANOS,4.7,-74.03,USADO,,0,0,0,0,1,0,0,0,0,1,False,USAQUEN,BELLA SUIZA,Calle 127,2575.26,0,PARQUE METROPOLITANO EL COUNTRY,832.56,0,0.16,,0.67,1.0,0.0,,0.02,710.85,0.0
34-M3063600,APARTAMENTO,VENTA,20.77,162.33,2.0,4.0,1082000.0,2.0,CHICO,6,MAS DE 20 ANOS,4.66,-74.05,USADO,,0,1,0,0,1,0,0,0,0,1,False,CHAPINERO,S.C. BELLAVISTA,Calle 72,1500.3,0,PARQUE ZONAL GUSTAVO URIBE BOTERO,615.06,0,0.13,,1.0,0.5,0.0,,0.01,750.4,0.0
34-M4433184,APARTAMENTO,VENTA,20.03,90.34,3.0,2.0,392000.0,1.0,CEDRITOS,4,REMODELADO,4.73,-74.04,USADO,,0,0,0,0,1,0,0,0,0,1,False,USAQUEN,PARQUES DE LORENA,Mazurén,1442.41,0,PARQUE ZONAL LA VIDA,636.54,0,0.22,,0.33,1.5,0.0,,0.03,506.75,0.0
2123-M3471298,APARTAMENTO,VENTA,21.22,247.0,3.0,4.0,1280000.0,3.0,COUNTRY,6,MAS DE 20 ANOS,4.71,-74.03,USADO,,0,1,0,1,1,1,0,0,0,1,False,USAQUEN,BOSQUES DE MEDINA,Prado,2914.65,0,PARQUE METROPOLITANO EL COUNTRY,1420.0,0,0.09,,1.0,0.75,0.0,,0.01,610.51,0.0
346-M3694231,APARTAMENTO,VENTA,20.95,183.5,3.0,2.0,820000.0,3.0,COUNTRY,6,MAS DE 20 ANOS,4.71,-74.04,USADO,,0,1,0,0,1,0,0,0,0,1,False,USAQUEN,LA_CAROLINA,Calle 127,1366.35,0,PARQUE METROPOLITANO EL COUNTRY,427.84,1,0.11,,1.0,1.5,0.0,,0.02,350.47,1.0
346-M4047219,APARTAMENTO,VENTA,20.36,104.12,2.0,2.0,532000.0,1.0,CHICO,6,MAS DE 20 ANOS,4.67,-74.05,USADO,,0,0,0,0,1,0,0,0,0,1,False,CHAPINERO,EL REFUGIO,Héroes - Gel´Hada,1551.46,0,PARQUE ZONAL SAN ANDRÉS,593.68,0,0.2,,0.5,1.0,0.0,,0.02,683.33,0.0
346-M3929552,APARTAMENTO,VENTA,19.81,89.0,2.0,2.0,537000.0,1.0,SANTA BARBARA,6,MAS DE 20 ANOS,4.7,-74.04,USADO,,0,1,0,0,1,0,0,0,0,1,False,USAQUEN,SANTA BARBARA CENTRAL III SECTOR,Pepe Sierra,2155.78,0,PARQUE METROPOLITANO EL COUNTRY,1020.39,0,0.22,,0.5,1.0,0.0,,0.02,434.13,1.0
346-M3917415,APARTAMENTO,VENTA,19.94,60.0,1.0,1.0,333600.0,1.0,PUENTE ARANDA,4,ENTRE 10 Y 20 ANOS,4.63,-74.11,USADO,,0,0,0,0,1,0,0,0,0,1,True,PUENTE ARANDA,PUENTE ARANDA,Distrito Grafiti,79.21,1,PARQUE METROPOLITANO PARQUE CENTRAL SIMÓN BOLÍVAR,667.75,0,0.33,,1.0,1.0,0.0,,0.02,649.08,0.0
10366-M3446356,APARTAMENTO,VENTA,20.17,76.0,1.0,2.0,650000.0,2.0,CHICO,5,ENTRE 10 Y 20 ANOS,4.68,-74.04,USADO,,0,1,0,0,1,0,0,0,0,1,False,CHAPINERO,CHICO RESERVADO,Calle 100 - Marketmedios,2013.68,0,PARQUE VECINAL URBANIZACIÓN LA CABRERA,1472.48,0,0.27,,2.0,0.5,0.0,,0.01,257.63,1.0
15061-M3870953,APARTAMENTO,VENTA,20.18,100.5,3.0,3.0,839000.0,1.0,CEDRITOS,5,MAS DE 20 ANOS,4.72,-74.04,USADO,,0,1,0,0,1,0,0,0,0,1,False,USAQUEN,EL CONTADOR,Alcalá,1033.39,0,PARQUE VECINAL NUEVA URBANIZACIÓN EL CEDRITO,966.73,0,0.2,,0.33,1.0,0.0,,0.03,559.19,0.0
34-M2866132,APARTAMENTO,VENTA,19.77,72.4,2.0,1.0,3921395.93,1.0,NORMANDIA,4,MAS DE 20 ANOS,4.67,-74.11,USADO,,0,0,0,0,0,0,0,0,0,1,False,ENGATIVA,NORMANDIA OCCIDENTAL,Normandía,677.41,0,PARQUE ESCENARIO DEPORTIVO UNIDAD DEPORTIVA EL SALITRE SIMON BOLIVAR,1342.56,0,0.27,,0.5,2.0,0.0,,0.03,381.51,1.0
12375-M4696000,APARTAMENTO,VENTA,20.82,129.0,3.0,3.0,1190000.0,2.0,COUNTRY,5,MAS DE 20 ANOS,4.71,-74.05,USADO,,0,1,0,0,1,0,0,0,0,1,False,USAQUEN,LA CALLEJA,Calle 127,492.46,1,PARQUE ZONAL ATABANZA,961.98,0,0.16,,0.67,1.0,0.0,,0.02,242.08,5.0
272-M4651256,APARTAMENTO,VENTA,19.86,96.9,3.0,3.0,3921395.93,1.0,CEDRITOS,4,MAS DE 20 ANOS,4.73,-74.04,USADO,,0,0,0,0,0,0,0,0,0,1,False,USAQUEN,ACACIAS USAQUEN,Calle 142,1168.49,0,PARQUE VECINAL NUEVA URBANIZACIÓN EL CEDRITO,773.34,0,0.2,,0.33,1.0,0.0,,0.03,759.26,0.0
617-M4209451,APARTAMENTO,VENTA,19.96,60.0,2.0,2.0,726000.0,2.0,SANTA BARBARA,5,MAS DE 20 ANOS,4.69,-74.05,USADO,,0,1,0,0,1,0,0,0,0,1,False,USAQUEN,RINCON DEL CHICO,Calle 106,1326.75,0,PARQUE ZONAL CANAL EL VIRREY EL CHICO,1819.32,0,0.33,,1.0,1.0,0.0,,0.03,508.65,0.0
504-M3976500,APARTAMENTO,VENTA,19.38,57.38,3.0,1.0,56000.0,0.0,TIMIZA LA ALQUERIA,3,MAS DE 20 ANOS,4.61,-74.15,USADO,,0,0,0,0,0,0,0,0,0,1,False,KENNEDY,MULTIFAMILIARES CARIMAGUA,Sevillana,1998.6,0,PARQUE METROPOLITANO TIMIZA,510.11,0,0.34,,0.0,3.0,0.0,,0.05,1516.06,0.0
10139-M3819586,APARTAMENTO,VENTA,20.77,107.0,2.0,3.0,900000.0,2.0,CHICO,6,ENTRE 0 Y 5 ANOS,4.68,-74.06,USADO,,0,0,0,1,1,0,0,0,0,1,False,CHAPINERO,S.C. EL CHICO,Virrey,421.56,1,PARQUE VECINAL URBANIZACIÓN NORMANDIA I II II Y IV SECTOR,335.21,1,0.19,,1.0,0.67,0.0,,0.02,410.71,3.0
183-M3857155,APARTAMENTO,VENTA,21.08,200.0,3.0,4.0,1300000.0,3.0,CERROS DE SUBA,6,ENTRE 5 Y 10 ANOS,4.73,-74.08,USADO,,0,1,0,0,1,0,0,0,0,1,False,SUBA,S.C. VEREDA SUBA NARANJOS,Gratamira,668.7,0,PARQUE VECINAL AGRUPACIÓN DE VIVIENDA EN BALCON DE LINDARAJA,1388.05,0,0.11,,1.0,0.75,0.0,,0.02,1675.71,0.0
34-M4571697,APARTAMENTO,VENTA,20.58,160.53,4.0,3.0,780000.0,2.0,LA SOLEDAD,4,MAS DE 20 ANOS,4.62,-74.07,USADO,,0,1,0,0,1,0,0,0,0,1,False,TEUSAQUILLO,ARMENIA,Calle 26,299.42,1,PARQUE METROPOLITANO EL RENACIMIENTO - PARQUE CEMENTERIO CENTRAL,506.1,0,0.13,,0.5,1.33,0.0,,0.02,464.25,1.0
346-M4048061,APARTAMENTO,VENTA,19.25,49.55,2.0,2.0,115000.0,0.0,CORTIJO AUTOPISTA MEDELLIN,3,ENTRE 10 Y 20 ANOS,4.7,-74.09,USADO,,0,0,0,0,0,0,0,0,0,1,False,ENGATIVA,EL MINUTO DE DIOS,Minuto de Dios,254.12,1,PARQUE ZONAL BONANZA,1043.7,0,0.39,,0.0,1.0,0.0,,0.04,687.28,0.0
346-M3670380,APARTAMENTO,VENTA,19.79,89.85,3.0,3.0,605000.0,1.0,,4,MAS DE 20 ANOS,4.73,-74.03,USADO,,0,1,0,0,1,0,0,0,0,1,False,USAQUEN,CAOBOS SALAZAR,Calle 142,1728.25,0,PARQUE VECINAL NUEVA URBANIZACIÓN EL CEDRITO,270.28,1,0.22,,0.33,1.0,0.0,,0.03,590.74,0.0
346-M3734438,APARTAMENTO,VENTA,20.47,169.8,3.0,2.0,1060000.0,2.0,CERROS DE SUBA,6,MAS DE 20 ANOS,4.72,-74.08,USADO,,0,1,0,0,0,0,0,0,0,1,False,SUBA,NIZA SUBA - URB. BALCON DEL LINDARAJA,Suba - AV. Boyacá,1018.68,0,PARQUE VECINAL AGRUPACIÓN DE VIVIENDA EN BALCON DE LINDARAJA,306.88,1,0.12,,0.67,1.5,0.0,,0.02,1252.23,0.0
346-M4005047,APARTAMENTO,VENTA,20.97,183.0,3.0,3.0,3921395.93,2.0,CHICO,6,MAS DE 20 ANOS,4.66,-74.05,USADO,,0,0,0,0,1,0,0,0,0,1,False,CHAPINERO,S.C. BELLAVISTA,Calle 72,1264.44,0,PARQUE ZONAL GUSTAVO URIBE BOTERO,523.8,0,0.11,,0.67,1.0,0.0,,0.02,519.21,0.0
304-M3619891,APARTAMENTO,VENTA,21.34,197.0,3.0,4.0,3921395.93,3.0,SANTA BARBARA,6,REMODELADO,4.69,-74.05,USADO,,0,1,0,0,0,0,0,0,0,1,False,USAQUEN,SANTA BIBIANA,Calle 106,556.12,0,PARQUE VECINAL URBANIZACIÓN NORMANDIA I II II Y IV SECTOR,1394.7,0,0.11,,1.0,0.75,0.0,,0.02,633.43,0.0
617-M4202690,APARTAMENTO,VENTA,21.25,256.0,4.0,4.0,1285000.0,3.0,CEDRITOS,6,MAS DE 20 ANOS,4.72,-74.03,USADO,,0,0,0,0,1,0,0,0,0,1,False,USAQUEN,SIERRAS DEL MORAL,Calle 142,2817.38,0,PARQUE VECINAL NUEVA URBANIZACIÓN EL CEDRITO,903.16,0,0.08,,0.75,1.0,0.0,,0.02,698.7,0.0
346-M4182489,APARTAMENTO,VENTA,20.61,145.82,3.0,2.0,1100000.0,2.0,SANTA BARBARA,6,MAS DE 20 ANOS,4.69,-74.05,USADO,,0,1,0,0,1,0,0,0,0,1,False,USAQUEN,SANTA BIBIANA,Calle 106,624.27,0,PARQUE METROPOLITANO EL COUNTRY,1890.35,0,0.14,,0.67,1.5,0.0,,0.02,366.63,2.0
11013-M4694851,APARTAMENTO,VENTA,19.98,50.05,1.0,2.0,330000.0,1.0,NIZA ALHAMBRA,4,ENTRE 0 Y 5 ANOS,4.71,-74.07,USADO,,0,0,0,0,1,0,0,0,0,1,True,SUBA,NIZA SUR,Humedal Córdoba,200.54,1,PARQUE ZONAL LOS LACHES LA MINA,517.89,0,0.4,,1.0,0.5,0.0,,0.02,515.15,0.0
73-285717,APARTAMENTO,VENTA,20.99,211.0,3.0,5.0,1050000.0,4.0,CERROS DE SUBA,5,ENTRE 5 Y 10 ANOS,4.73,-74.08,USADO,,0,1,0,0,0,0,0,0,0,1,False,SUBA,S.C. NIZA SUBA,Gratamira,292.54,1,PARQUE VECINAL AGRUPACIÓN DE VIVIENDA EN BALCON DE LINDARAJA,1283.22,0,0.1,,1.33,0.6,0.0,,0.01,1336.78,0.0
164-M4681267,APARTAMENTO,VENTA,19.52,65.87,3.0,2.0,293000.0,1.0,ENGATIVA,3,REMODELADO,4.7,-74.12,USADO,,0,0,0,0,0,0,0,0,0,1,False,ENGATIVA,LOS ANGELES,Quirigua,1271.71,0,PARQUE ZONAL EL CARMELO,514.84,0,0.3,,0.33,1.5,0.0,,0.05,294.81,1.0
346-M4529152,APARTAMENTO,VENTA,19.67,74.72,3.0,3.0,224000.0,1.0,ORQUIDEAS,4,ENTRE 10 Y 20 ANOS,4.74,-74.03,USADO,,0,0,0,0,1,0,0,0,0,1,False,USAQUEN,VILLAS DE ARANJUEZ,Toberin - Foundever,1610.93,0,PARQUE VECINAL URBANIZACIÓN TOBERIN,757.17,0,0.26,,0.33,1.0,0.0,,0.04,556.36,0.0
3229-2725293,APARTAMENTO,VENTA,20.91,170.0,2.0,3.0,800000.0,2.0,CHAPINERO ALTO,6,ENTRE 5 Y 10 ANOS,4.65,-74.05,USADO,,0,1,0,0,1,0,0,0,0,1,False,CHAPINERO,ZAMUDIO,Flores – Areandina,1239.9,0,PARQUE ZONAL GUSTAVO URIBE BOTERO,233.36,1,0.12,,1.0,0.67,0.0,,0.01,442.65,1.0
10366-M3864143,APARTAMENTO,VENTA,19.58,68.2,3.0,3.0,348200.0,1.0,COUNTRY,5,MAS DE 20 ANOS,4.72,-74.04,USADO,,0,1,0,0,1,0,0,0,0,1,False,USAQUEN,CEDRITOS,Alcalá,1633.83,0,PARQUE VECINAL NUEVA URBANIZACIÓN EL CEDRITO,573.73,0,0.29,,0.33,1.0,0.0,,0.04,82.37,1.0
34-M3408296,APARTAMENTO,VENTA,20.67,138.0,2.0,2.0,666700.0,1.0,CENTRO INTERNACIONAL,4,MAS DE 20 ANOS,4.62,-74.07,USADO,,0,1,0,0,1,0,0,0,0,1,False,SANTA FE,SAMPER,Calle 26,196.42,1,PARQUE METROPOLITANO INDEPENDENCIA BICENTENARIO,497.92,1,0.15,,0.5,1.0,0.0,,0.01,145.87,9.0
3229-M3859345,APARTAMENTO,VENTA,21.19,204.0,3.0,4.0,1152000.0,3.0,CHICO,6,MAS DE 20 ANOS,4.66,-74.05,USADO,,0,1,0,0,1,1,0,0,0,1,False,CHAPINERO,S.C. BELLAVISTA,Calle 72,1214.41,0,PARQUE ZONAL GUSTAVO URIBE BOTERO,606.46,0,0.1,,1.0,0.75,0.0,,0.01,462.85,1.0
346-M3859346,APARTAMENTO,VENTA,19.88,90.0,3.0,2.0,3921395.93,1.0,CEDRITOS,4,ENTRE 10 Y 20 ANOS,4.73,-74.03,USADO,,0,0,0,0,1,0,0,0,0,1,False,USAQUEN,CAOBOS SALAZAR URB. CAPRI I Y II SECTOR,Calle 146,1948.24,0,PARQUE VECINAL NUEVA URBANIZACIÓN EL CEDRITO,565.79,0,0.22,,0.33,1.5,0.0,,0.03,193.29,1.0
34-6955,APARTAMENTO,VENTA,19.84,59.11,1.0,2.0,596000.0,1.0,CHICO,6,ENTRE 5 Y 10 ANOS,4.68,-74.05,USADO,,0,1,0,0,0,0,0,0,0,1,False,CHAPINERO,S.C. CHICO NORTE III SECTOR,Calle 100 - Marketmedios,904.6,0,PARQUE VECINAL URBANIZACIÓN NORMANDIA I II II Y IV SECTOR,1219.89,0,0.34,,1.0,0.5,0.0,,0.02,101.25,2.0
356-M3598148,APARTAMENTO,VENTA,21.53,289.0,3.0,4.0,1590000.0,3.0,COUNTRY,6,MAS DE 20 ANOS,4.71,-74.04,USADO,,0,1,0,1,0,0,0,0,0,0,False,USAQUEN,PLENITUD LA CALLEJA,Prado,1287.11,0,PARQUE METROPOLITANO EL COUNTRY,646.75,0,0.07,,1.0,0.75,0.0,,0.01,610.4,0.0
661-M4588522,APARTAMENTO,VENTA,20.29,100.0,3.0,3.0,3921395.93,1.0,CHICO,5,MAS DE 20 ANOS,4.66,-74.06,USADO,,0,0,0,0,0,0,0,0,0,1,False,CHAPINERO,S.C. LAGO GAITAN,Calle 76 - San Felipe,417.17,1,PARQUE ZONAL SAN ANDRÉS,645.17,0,0.2,,0.33,1.0,0.0,,0.03,292.39,2.0
546-M4688064,APARTAMENTO,VENTA,19.01,45.0,3.0,2.0,153000.0,0.0,ENGATIVA,3,ENTRE 5 Y 10 ANOS,4.72,-74.12,USADO,,0,0,0,1,0,1,0,0,0,1,False,ENGATIVA,EL DORADO INDUSTRIAL - SANTA ISABEL (HACIENDA),Portal 80,2100.29,0,PARQUE METROPOLITANO PLANTA DE TRATAMIENTO SALITRE,619.5,0,0.42,,0.0,1.5,0.0,,0.07,1889.9,0.0
10323-M3900506,APARTAMENTO,VENTA,20.67,144.0,3.0,3.0,3921395.93,2.0,CERROS DE SUBA,6,MAS DE 20 ANOS,4.71,-74.08,USADO,,0,0,0,0,0,0,0,0,0,1,True,SUBA,S.C. NIZA SUBA,Niza - Calle 127,743.5,0,PARQUE VECINAL AGRUPACIÓN DE VIVIENDA EN BALCON DE LINDARAJA,171.76,1,0.14,,0.67,1.0,0.0,,0.02,796.22,0.0
346-M3679449,APARTAMENTO,VENTA,20.44,117.0,3.0,3.0,480000.0,2.0,CORTIJO AUTOPISTA MEDELLIN,6,ENTRE 5 Y 10 ANOS,4.7,-74.08,USADO,,0,0,0,0,0,0,0,0,0,1,False,SUBA,S.C. CLUB DE LOS LAGARTOS,AV. Boyacá,1047.22,0,PARQUE METROPOLITANO CEFE COMETAS,1076.94,0,0.17,,0.67,1.0,0.0,,0.03,930.93,0.0
346-M3719010,APARTAMENTO,VENTA,21.5,202.58,3.0,3.0,1221300.0,3.0,CHICO,6,ENTRE 0 Y 5 ANOS,4.67,-74.05,USADO,,0,1,0,0,1,0,0,0,0,1,False,CHAPINERO,EL REFUGIO,Héroes - Gel´Hada,1691.71,0,PARQUE VECINAL URBANIZACIÓN LA CABRERA,707.55,0,0.11,,1.0,1.0,0.0,,0.01,698.67,0.0
346-M3899681,APARTAMENTO,VENTA,19.86,67.2,2.0,2.0,460000.0,2.0,SANTA BARBARA,5,ENTRE 10 Y 20 ANOS,4.7,-74.05,USADO,,0,1,0,0,1,0,0,0,0,1,False,USAQUEN,SANTA BARBARA OCCIDENTAL,Pepe Sierra,424.15,1,PARQUE ZONAL ATABANZA,1291.17,0,0.3,,1.0,1.0,0.0,,0.03,427.51,2.0
34-M3811603,APARTAMENTO,VENTA,21.06,193.55,4.0,4.0,1420000.0,3.0,SANTA BARBARA,6,MAS DE 20 ANOS,4.7,-74.04,USADO,,0,1,0,0,1,0,0,0,0,1,False,USAQUEN,SAN PATRICIO,Pepe Sierra,1351.42,0,PARQUE METROPOLITANO EL COUNTRY,1143.54,0,0.11,,0.75,1.0,0.0,,0.02,492.98,1.0
304-M4073891,APARTAMENTO,VENTA,20.67,144.0,3.0,3.0,630000.0,2.0,,6,ENTRE 10 Y 20 ANOS,4.7,-74.05,USADO,,0,1,0,0,1,0,0,0,0,0,False,USAQUEN,SAN PATRICIO,Pepe Sierra,131.32,1,PARQUE ZONAL CANAL CORDOBA,1254.4,0,0.14,,0.67,1.0,0.0,,0.02,527.47,0.0
346-M3705008,APARTAMENTO,VENTA,21.75,325.8,4.0,4.0,3921395.93,4.0,CHICO,6,MAS DE 20 ANOS,4.67,-74.05,USADO,,0,1,0,0,1,0,0,0,0,1,False,CHAPINERO,LA CABRERA,Calle 85,783.48,0,PARQUE ZONAL CANAL EL VIRREY EL CHICO,245.56,1,0.07,,1.0,1.0,0.0,,0.01,264.03,4.0
399-M4540512,APARTAMENTO,VENTA,19.16,40.0,3.0,1.0,102000.0,0.0,CASTILLA MARSELLA,3,MAS DE 20 ANOS,4.64,-74.13,USADO,,0,0,0,0,0,0,0,0,0,1,False,KENNEDY,VILLA ALSACIA CIUDADELA,Marsella,1280.74,0,PARQUE VECINAL VILLA ALSACIA,987.89,0,0.48,,0.0,3.0,0.0,,0.08,520.28,0.0
3325-M4370464,APARTAMENTO,VENTA,20.29,101.0,3.0,3.0,439700.0,1.0,CEDRITOS,4,ENTRE 10 Y 20 ANOS,4.73,-74.04,USADO,,0,0,0,0,1,0,0,0,0,1,False,USAQUEN,PARQUES DE LORENA,Mazurén,1202.14,0,PARQUE ZONAL LA VIDA,694.86,0,0.2,,0.33,1.0,0.0,,0.03,714.48,0.0
2969-M4471205,APARTAMENTO,VENTA,21.34,260.0,3.0,3.0,1100000.0,3.0,CHICO,6,ENTRE 10 Y 20 ANOS,4.66,-74.05,USADO,,0,0,0,0,0,0,0,0,0,1,False,CHAPINERO,LOS ROSALES,Calle 76 - San Felipe,1399.92,0,PARQUE ZONAL SAN ANDRÉS,659.47,0,0.08,,1.0,1.0,0.0,,0.01,783.28,0.0
3220-M4415097,APARTAMENTO,VENTA,21.56,320.0,3.0,4.0,3921395.93,3.0,SANTA BARBARA,6,MAS DE 20 ANOS,4.69,-74.03,USADO,,0,1,0,0,1,1,0,0,0,1,False,USAQUEN,SANTA ANA ORIENTAL,Calle 106,2529.08,0,PARQUE METROPOLITANO EL COUNTRY,1955.69,0,0.07,,1.0,0.75,0.0,,0.01,493.95,1.0
11079-M4508757,APARTAMENTO,VENTA,20.99,160.0,3.0,3.0,1500000.0,2.0,SANTA BARBARA,6,ENTRE 10 Y 20 ANOS,4.69,-74.04,USADO,,0,0,0,0,1,0,0,0,0,1,False,USAQUEN,SANTA BARBARA CENTRAL I Y II,Calle 106,1402.83,0,PARQUE METROPOLITANO EL COUNTRY,1384.89,0,0.13,,0.67,1.0,0.0,,0.02,462.47,1.0
34-M4195767,APARTAMENTO,VENTA,19.92,64.3,1.0,2.0,500000.0,1.0,SANTA BARBARA,6,ENTRE 5 Y 10 ANOS,4.7,-74.03,USADO,,0,0,0,0,1,0,0,0,0,1,False,USAQUEN,SANTA BARBARA CENTRAL IV SECTOR,Calle 127,2338.9,0,PARQUE METROPOLITANO EL COUNTRY,629.32,0,0.31,,1.0,0.5,0.0,,0.02,654.26,0.0
646-M4639345,APARTAMENTO,VENTA,19.11,25.0,1.0,1.0,180000.0,0.0,CHAPINERO ALTO,4,ENTRE 0 Y 5 ANOS,4.64,-74.06,USADO,,0,0,0,0,1,0,0,0,0,1,False,CHAPINERO,S.C. MARLY,Marly,352.39,1,PARQUE METROPOLITANO PARQUE NACIONAL (PM2A) ENRIQUE OLAYA HERRERA (SECTOR HISTORICO),1263.11,0,0.76,,0.0,1.0,0.0,,0.04,433.79,1.0
10366-M4630655,APARTAMENTO,VENTA,20.21,85.0,3.0,2.0,467000.0,1.0,SALITRE MODELIA,4,ENTRE 10 Y 20 ANOS,4.66,-74.11,USADO,,0,1,0,0,0,0,0,0,0,1,False,FONTIBON,LA ESPERANZA NORTE,AV. Rojas,579.01,0,PARQUE VECINAL CARLOS LLERAS (EL FUEGO),543.61,0,0.24,,0.33,1.5,0.0,,0.04,727.21,0.0
34-M3028791,APARTAMENTO,VENTA,21.56,300.0,4.0,5.0,3921395.93,2.0,CHICO,6,MAS DE 20 ANOS,4.66,-74.05,USADO,,0,1,0,0,1,0,0,0,0,0,False,CHAPINERO,LOS ROSALES,Calle 76 - San Felipe,1399.37,0,PARQUE ZONAL SAN ANDRÉS,549.29,0,0.07,,0.5,0.8,0.0,,0.01,732.6,0.0
991-M4630402,APARTAMENTO,VENTA,20.16,105.0,2.0,2.0,380000.0,1.0,CHAPINERO ALTO,4,MAS DE 20 ANOS,4.65,-74.06,USADO,,0,0,0,0,0,1,0,0,0,1,False,CHAPINERO,NUEVA_GRANADA,Calle 63,1125.18,0,PARQUE ZONAL GUSTAVO URIBE BOTERO,599.45,0,0.19,,0.5,1.0,0.0,,0.02,693.71,0.0
4-M4577906,APARTAMENTO,VENTA,21.31,250.0,3.0,5.0,1700000.0,3.0,CHICO,6,MAS DE 20 ANOS,4.66,-74.05,USADO,,0,0,0,0,0,0,0,0,0,1,False,CHAPINERO,LOS ROSALES,Calle 76 - San Felipe,1268.19,0,PARQUE ZONAL SAN ANDRÉS,509.14,0,0.09,,1.0,0.6,0.0,,0.01,701.44,0.0
34-M4678448,APARTAMENTO,VENTA,20.91,250.0,4.0,5.0,676000.0,3.0,COUNTRY,5,MAS DE 20 ANOS,4.72,-74.05,USADO,,0,1,0,0,0,0,0,0,0,1,False,USAQUEN,EL CONTADOR,Alcalá,605.54,0,PARQUE VECINAL PRADO PINZÓN,1134.59,0,0.08,,0.75,0.8,0.0,,0.02,138.2,1.0
34-63675,APARTAMENTO,VENTA,20.44,107.0,2.0,3.0,550000.0,3.0,SANTA BARBARA,6,ENTRE 5 Y 10 ANOS,4.7,-74.04,USADO,,0,0,0,0,1,0,0,0,0,1,False,USAQUEN,SANTA BARBARA CENTRAL I SECTOR,Pepe Sierra,1696.73,0,PARQUE METROPOLITANO EL COUNTRY,887.4,0,0.19,,1.5,0.67,0.0,,0.02,728.71,0.0
34-M4434728,APARTAMENTO,VENTA,19.67,74.72,3.0,3.0,285000.0,1.0,ORQUIDEAS,4,ENTRE 10 Y 20 ANOS,4.74,-74.03,USADO,,0,0,0,0,1,0,0,0,0,1,False,USAQUEN,VILLAS DE ARANJUEZ,Toberin - Foundever,1628.07,0,PARQUE VECINAL URBANIZACIÓN TOBERIN,793.93,0,0.26,,0.33,1.0,0.0,,0.04,523.76,0.0
183-M3456323,APARTAMENTO,VENTA,20.17,138.0,4.0,3.0,752000.0,1.0,COUNTRY,5,MAS DE 20 ANOS,4.72,-74.04,USADO,,0,1,0,0,0,0,0,0,0,1,False,USAQUEN,EL CONTADOR,Alcalá,870.92,0,PARQUE VECINAL NUEVA URBANIZACIÓN EL CEDRITO,1134.92,0,0.15,,0.25,1.33,0.0,,0.03,378.61,1.0
34-64520,APARTAMENTO,VENTA,20.44,150.48,3.0,3.0,1380000.0,2.0,SANTA BARBARA,6,MAS DE 20 ANOS,4.7,-74.04,USADO,,0,1,0,0,1,0,0,0,0,1,False,USAQUEN,SANTA BARBARA CENTRAL I SECTOR,Calle 127,1985.01,0,PARQUE METROPOLITANO EL COUNTRY,478.46,1,0.14,,0.67,1.0,0.0,,0.02,624.31,0.0
973-M4202082,APARTAMENTO,VENTA,19.55,69.0,3.0,2.0,258000.0,1.0,COLINA Y ALREDEDORES,4,MAS DE 20 ANOS,4.73,-74.06,USADO,,0,0,0,0,0,0,0,0,0,1,False,SUBA,URB. EL MORAL II,Calle 142,826.91,0,PARQUE VECINAL PRADO PINZÓN,556.42,0,0.28,,0.33,1.5,0.0,,0.04,885.53,0.0
3325-M4603720,APARTAMENTO,VENTA,19.01,49.0,3.0,1.0,3921395.93,0.0,ALTOS DE SUBA Y CERROS DE SAN JORGE,3,ENTRE 10 Y 20 ANOS,4.75,-74.09,USADO,,0,0,0,0,0,0,0,0,0,1,False,SUBA,S.C. TUNA BAJA,Portal Suba,914.54,0,PARQUE VECINAL URBANIZACIÓN VALLE DE REFOUS,647.17,0,0.39,,0.0,3.0,0.0,,0.06,769.54,0.0
661-M4703275,APARTAMENTO,VENTA,19.3,63.47,3.0,1.0,118600.0,0.0,ENGATIVA,3,MAS DE 20 ANOS,4.7,-74.11,USADO,,0,0,0,0,0,0,0,0,0,1,False,ENGATIVA,FLORENCIA II SECTOR,Carrera 90,218.76,1,PARQUE VECINAL FLORENCIA LOS TRONQUITOS AGRUPACIÓN DE VIVIENDA FLORENCIA II SECTOR,95.86,1,0.3,,0.0,3.0,0.0,,0.05,1038.58,0.0
847-M4685754,APARTAMENTO,VENTA,20.62,66.0,1.0,1.0,3921395.93,1.0,CHICO,6,ENTRE 0 Y 5 ANOS,4.68,-74.05,USADO,,0,0,1,1,0,0,0,0,0,1,False,CHAPINERO,S.C. CHICO NORTE,Virrey,1395.0,0,PARQUE VECINAL URBANIZACIÓN LA CABRERA,789.73,0,0.31,,1.0,1.0,0.0,,0.02,219.76,1.0
346-M4421769,APARTAMENTO,VENTA,19.26,30.49,1.0,1.0,219000.0,0.0,CEDRITOS,4,ENTRE 0 Y 5 ANOS,4.74,-74.02,USADO,,0,0,0,0,0,0,0,0,0,1,False,USAQUEN,LA PERLA ORIENTAL,Calle 161,2874.59,0,PARQUE ZONAL SERVITA,572.09,0,0.63,,0.0,1.0,0.0,,0.03,1376.9,0.0
2195-M4658729,APARTAMENTO,VENTA,19.74,53.71,2.0,2.0,200000.0,1.0,ENGATIVA,4,ENTRE 5 Y 10 ANOS,4.69,-74.09,USADO,,0,0,0,0,1,0,0,0,0,1,False,ENGATIVA,SANTA MARIA I Y II SECTOR,Minuto de Dios,1009.23,0,PARQUE ZONAL BONANZA,593.86,0,0.37,,0.5,1.0,0.0,,0.04,1184.49,0.0
34-M4533055,APARTAMENTO,VENTA,20.5,170.0,4.0,3.0,481500.0,2.0,SANTA BARBARA,5,MAS DE 20 ANOS,4.69,-74.03,USADO,,0,1,0,0,0,0,0,0,0,1,False,USAQUEN,SANTA BARBARA ALTA,Pepe Sierra,2881.99,0,PARQUE METROPOLITANO EL COUNTRY,1710.7,0,0.12,,0.5,1.33,0.0,,0.02,239.5,3.0
15061-M4324605,APARTAMENTO,VENTA,20.02,59.0,1.0,2.0,332000.0,1.0,SANTA BARBARA,5,ENTRE 5 Y 10 ANOS,4.69,-74.04,USADO,,0,1,0,0,1,0,0,0,0,1,False,USAQUEN,SANTA BARBARA CENTRAL I Y II,Calle 106,1296.51,0,PARQUE METROPOLITANO EL COUNTRY,1656.22,0,0.34,,1.0,0.5,0.0,,0.02,463.11,1.0
346-M3756144,APARTAMENTO,VENTA,21.34,194.0,2.0,2.0,1100000.0,2.0,CHICO,6,MAS DE 20 ANOS,4.67,-74.05,USADO,,0,1,0,0,0,0,0,0,0,1,False,CHAPINERO,S.C. EL CHICO,Virrey,1396.14,0,PARQUE VECINAL URBANIZACIÓN LA CABRERA,436.21,1,0.11,,1.0,1.0,0.0,,0.01,348.79,1.0
399-M4591185,APARTAMENTO,VENTA,20.44,125.2,3.0,3.0,513000.0,2.0,COLINA Y ALREDEDORES,5,ENTRE 10 Y 20 ANOS,4.72,-74.06,USADO,,0,0,0,0,0,0,0,0,0,1,False,SUBA,URB. IBERIA III SECTOR,Niza - Calle 127,1139.22,0,PARQUE ZONAL ATABANZA,1177.3,0,0.16,,0.67,1.0,0.0,,0.02,582.87,0.0
346-M3714107,APARTAMENTO,VENTA,20.21,123.0,3.0,2.0,637000.0,2.0,SANTA BARBARA,6,MAS DE 20 ANOS,4.69,-74.05,USADO,,0,0,0,0,1,0,0,0,0,1,False,USAQUEN,SANTA BIBIANA,Calle 100 - Marketmedios,860.36,0,PARQUE VECINAL URBANIZACIÓN NORMANDIA I II II Y IV SECTOR,1336.91,0,0.16,,0.67,1.5,0.0,,0.02,223.5,2.0
617-M4589476,APARTAMENTO,VENTA,19.5,65.38,3.0,2.0,258000.0,1.0,ORQUIDEAS,3,ENTRE 10 Y 20 ANOS,4.75,-74.02,USADO,,0,0,0,1,0,0,0,0,0,1,False,USAQUEN,S.C. HORIZONTES NORTE,Portal Norte,2472.97,0,PARQUE ZONAL SERVITA,1396.7,0,0.3,,0.33,1.5,0.0,,0.05,1564.48,0.0
164-M3563507,APARTAMENTO,VENTA,19.16,66.0,3.0,2.0,102000.0,0.0,KENNEDY,2,ENTRE 10 Y 20 ANOS,4.65,-74.15,USADO,,0,0,0,0,0,0,0,0,0,1,False,KENNEDY,S.C. TINTALA,Biblioteca Tintal,1373.83,0,PARQUE METROPOLITANO BIBLIOTECA EL TINTAL,554.54,0,0.29,,0.0,1.5,0.0,,0.05,2922.54,0.0
488-M4076801,APARTAMENTO,VENTA,19.52,65.0,3.0,2.0,345000.0,1.0,CEDRITOS,4,MAS DE 20 ANOS,4.73,-74.04,USADO,,0,0,0,0,0,0,0,0,0,1,False,USAQUEN,LOS CEDRITOS,Calle 142,953.43,0,PARQUE VECINAL NUEVA URBANIZACIÓN EL CEDRITO,994.26,0,0.3,,0.33,1.5,0.0,,0.05,874.43,0.0
342-M4333535,APARTAMENTO,VENTA,20.39,157.0,3.0,3.0,250000.0,2.0,SALITRE MODELIA,4,MAS DE 20 ANOS,4.68,-74.13,USADO,,0,0,0,0,0,0,0,0,0,1,False,FONTIBON,PUERTA DE TEJA,Portal El Dorado,733.26,0,PARQUE VECINAL MODELIA SECTOR A,1597.02,0,0.13,,0.67,1.0,0.0,,0.02,524.15,0.0
34-M4126140,APARTAMENTO,VENTA,20.51,88.0,3.0,2.0,293100.0,3.0,,4,ENTRE 0 Y 5 ANOS,4.67,-74.11,USADO,,0,0,0,0,1,0,0,0,0,1,False,ENGATIVA,S.C. SAN IGNACIO,Modelia,338.66,1,PARQUE VECINAL MODELIA SECTOR A,730.15,0,0.23,,1.0,1.5,0.0,,0.03,1097.81,0.0
183-M4045458,APARTAMENTO,VENTA,19.04,21.0,1.0,1.0,3921395.93,0.0,CENTRO Y ZONA COLONIAL,3,ENTRE 0 Y 5 ANOS,4.61,-74.07,USADO,,0,0,0,0,1,0,0,0,0,1,False,SANTA FE,LAS NIEVES,Universidades,338.08,1,PARQUE METROPOLITANO INDEPENDENCIA BICENTENARIO,718.01,0,0.91,,0.0,1.0,0.0,,0.05,434.07,1.0
356-M4550179,APARTAMENTO,VENTA,21.75,370.0,4.0,5.0,1600000.0,4.0,COUNTRY,6,MAS DE 20 ANOS,4.71,-74.04,USADO,,0,1,0,0,1,0,0,0,0,0,False,USAQUEN,LA_CAROLINA,Calle 127,1308.75,0,PARQUE METROPOLITANO EL COUNTRY,492.74,1,0.06,,1.0,0.8,0.0,,0.01,379.86,1.0
2195-M4162541,APARTAMENTO,VENTA,20.44,137.32,3.0,4.0,770000.0,2.0,SANTA BARBARA,6,MAS DE 20 ANOS,4.7,-74.05,USADO,,0,0,0,0,0,0,0,0,0,0,True,USAQUEN,SANTA BARBARA OCCIDENTAL,Pepe Sierra,500.2,0,PARQUE ZONAL ATABANZA,1253.51,0,0.15,,0.67,0.75,0.0,,0.02,479.48,2.0
34-M4694023,APARTAMENTO,VENTA,20.95,189.51,3.0,3.0,1204000.0,2.0,CHICO,5,MAS DE 20 ANOS,4.67,-74.06,USADO,,0,1,0,0,0,0,0,0,0,1,False,CHAPINERO,S.C. ANTIGUO COUNTRY,Calle 85,342.13,1,PARQUE METROPOLITANO RECONCILIACIÓN,272.29,1,0.11,,0.67,1.0,0.0,,0.02,254.05,3.0
2363-M4694573,APARTAMENTO,VENTA,19.28,29.2,1.0,1.0,3921395.93,1.0,COLINA Y ALREDEDORES,3,ENTRE 10 Y 20 ANOS,4.7,-74.05,USADO,,0,0,0,0,0,0,0,0,0,1,False,USAQUEN,SANTA BARBARA OCCIDENTAL,Calle 127,64.44,1,PARQUE ZONAL ATABANZA,727.45,0,0.66,,1.0,1.0,0.0,,0.03,153.37,5.0
34-M4546129,APARTAMENTO,VENTA,20.16,61.46,1.0,2.0,332000.0,2.0,CHICO,6,ENTRE 10 Y 20 ANOS,4.69,-74.06,USADO,,0,0,0,0,1,0,0,0,0,1,False,CHAPINERO,S.C. CHICO NORTE III SECTOR,Calle 100 - Marketmedios,225.12,1,PARQUE VECINAL URBANIZACIÓN NORMANDIA I II II Y IV SECTOR,931.48,0,0.33,,2.0,0.5,0.0,,0.02,546.45,0.0
34-M4007915,APARTAMENTO,VENTA,19.81,77.0,3.0,2.0,283400.0,1.0,ORQUIDEAS,4,ENTRE 5 Y 10 ANOS,4.75,-74.04,USADO,,0,0,0,0,0,0,0,0,0,1,False,USAQUEN,CANAPRO,Portal Norte,909.39,0,PARQUE VECINAL URBANIZACIÓN CALLE 170 / ALAMEDA,82.76,1,0.26,,0.33,1.5,0.0,,0.04,741.27,0.0
346-M3718987,APARTAMENTO,VENTA,20.49,174.0,4.0,3.0,800000.0,2.0,SANTA BARBARA,6,REMODELADO,4.69,-74.04,USADO,,0,1,0,0,1,0,0,0,0,1,False,USAQUEN,SANTA BARBARA CENTRAL III SECTOR,Pepe Sierra,2050.91,0,PARQUE METROPOLITANO EL COUNTRY,1131.93,0,0.12,,0.5,1.33,0.0,,0.02,435.73,1.0
991-M4045300,APARTAMENTO,VENTA,20.14,68.7,3.0,2.0,3921395.93,2.0,CHICO,5,MAS DE 20 ANOS,4.68,-74.05,USADO,,0,0,0,0,1,0,0,0,0,1,False,CHAPINERO,S.C. CHICO NORTE III SECTOR,Calle 100 - Marketmedios,751.25,0,PARQUE VECINAL URBANIZACIÓN NORMANDIA I II II Y IV SECTOR,1198.45,0,0.29,,0.67,1.5,0.0,,0.04,134.47,2.0
3229-M4194041,APARTAMENTO,VENTA,20.44,94.0,3.0,2.0,400000.0,1.0,SALITRE MODELIA,5,ENTRE 10 Y 20 ANOS,4.66,-74.12,USADO,,0,0,0,1,0,0,1,0,0,0,False,FONTIBON,CARLOS LLERAS RESTREPO,AV. Rojas,819.28,0,PARQUE VECINAL CARLOS LLERAS (EL FUEGO),210.84,1,0.22,,0.33,1.5,0.0,,0.03,825.45,0.0
164-M4575774,APARTAMENTO,VENTA,19.01,38.65,2.0,1.0,140000.0,0.0,FONTIBON TINTAL,3,ENTRE 0 Y 5 ANOS,4.67,-74.15,USADO,,0,0,0,0,1,0,0,0,0,1,False,FONTIBON,LA LAGUNA FONTIBON,Portal El Dorado,3233.35,0,PARQUE ZONAL CARMEN DE LA LAGUNA,378.91,1,0.49,,0.0,2.0,0.0,,0.05,2098.03,0.0
73-2864247,APARTAMENTO,VENTA,19.6,40.0,1.0,1.0,180000.0,0.0,CENTRO Y ZONA COLONIAL,4,ENTRE 5 Y 10 ANOS,4.6,-74.07,USADO,,0,0,0,0,0,0,0,0,0,1,False,SANTA FE,VERACRUZ__,Las Aguas - Centro Colombo Americano,291.78,1,PARQUE ZONAL SENDERO A MONSERRATE,1059.28,0,0.49,,0.0,1.0,0.0,,0.02,213.88,2.0
2363-M3640948,APARTAMENTO,VENTA,20.17,91.0,2.0,2.0,3921395.93,1.0,NICOLAS DE FEDERMAN,5,MAS DE 20 ANOS,4.65,-74.08,USADO,,0,0,0,0,1,0,0,0,0,0,False,TEUSAQUILLO,NICOLAS DE FEDERMAN,Movistar Arena,731.47,0,PARQUE ZONAL NICOLAS DE FEDERMAN 3,202.69,1,0.22,,0.5,1.0,0.0,,0.02,766.58,0.0
346-M3792777,APARTAMENTO,VENTA,20.56,73.6,2.0,2.0,3921395.93,2.0,CHICO,6,ENTRE 0 Y 5 ANOS,4.67,-74.04,USADO,,0,0,0,0,0,0,0,0,0,1,False,CHAPINERO,EL REFUGIO,Héroes - Gel´Hada,1732.96,0,PARQUE VECINAL URBANIZACIÓN LA CABRERA,690.38,0,0.28,,1.0,1.0,0.0,,0.03,665.72,0.0
183-M3875240,APARTAMENTO,VENTA,19.7,63.0,3.0,2.0,209000.0,1.0,COLINA Y ALREDEDORES,4,ENTRE 10 Y 20 ANOS,4.74,-74.05,USADO,,0,0,0,0,0,0,0,0,0,1,False,SUBA,CAMPOS DE SILENCIO,Calle 161,716.41,0,PARQUE VECINAL DESARROLLO CANTALEJO URBANIZACIÓN CANTALEJO MANZANA B,356.75,1,0.31,,0.33,1.5,0.0,,0.05,1767.55,0.0
346-M3899864,APARTAMENTO,VENTA,20.09,91.0,3.0,3.0,410000.0,2.0,NIZA ALHAMBRA,5,MAS DE 20 ANOS,4.69,-74.06,USADO,,0,1,0,0,0,0,0,0,0,0,False,SUBA,PUENTE LARGO SECTOR I Y II,Puentelargo,326.11,1,PARQUE ZONAL CANAL CORDOBA,900.34,0,0.22,,0.67,1.0,0.0,,0.03,611.31,0.0
346-M3730411,APARTAMENTO,VENTA,19.76,134.0,2.0,2.0,510000.0,0.0,CENTRO Y ZONA COLONIAL,3,MAS DE 20 ANOS,4.61,-74.07,USADO,,0,0,0,0,0,0,0,0,0,1,False,SANTA FE,LAS NIEVES,San Diego,91.01,1,PARQUE METROPOLITANO INDEPENDENCIA BICENTENARIO,269.38,1,0.15,,0.0,1.0,0.0,,0.01,75.17,6.0
346-M3792652,APARTAMENTO,VENTA,20.56,73.6,2.0,2.0,3921395.93,2.0,CHICO,6,ENTRE 0 Y 5 ANOS,4.67,-74.04,USADO,,0,0,0,0,0,0,0,0,0,1,False,CHAPINERO,EL REFUGIO,Héroes - Gel´Hada,1732.96,0,PARQUE VECINAL URBANIZACIÓN LA CABRERA,690.38,0,0.28,,1.0,1.0,0.0,,0.03,665.72,0.0
10139-M4532096,APARTAMENTO,VENTA,20.95,180.0,3.0,4.0,1087000.0,2.0,CHICO,6,MAS DE 20 ANOS,4.66,-74.05,USADO,,0,0,0,1,0,0,0,0,0,1,False,CHAPINERO,S.C. EL NOGAL,Héroes - Gel´Hada,1196.7,0,PARQUE ZONAL SAN ANDRÉS,228.94,1,0.12,,0.67,0.75,0.0,,0.02,409.91,2.0
183-M4171742,APARTAMENTO,VENTA,19.73,58.0,2.0,2.0,230000.0,0.0,CHAPINERO ALTO,3,ENTRE 0 Y 5 ANOS,4.65,-74.06,USADO,,0,0,0,0,1,0,0,0,0,1,False,CHAPINERO,S.C. CHAPINERO NORTE,Flores – Areandina,232.76,1,PARQUE ZONAL GUSTAVO URIBE BOTERO,1133.47,0,0.34,,0.0,1.0,0.0,,0.03,27.96,1.0
346-M4026545,APARTAMENTO,VENTA,19.58,50.0,2.0,2.0,380000.0,1.0,NIZA ALHAMBRA,5,ENTRE 10 Y 20 ANOS,4.7,-74.06,USADO,,0,0,0,0,1,0,0,0,0,1,False,SUBA,S.C. PASADENA,Calle 106,641.85,0,PARQUE ZONAL CANAL CORDOBA,842.85,0,0.39,,0.5,1.0,0.0,,0.04,819.03,0.0
10366-M4511407,APARTAMENTO,VENTA,19.76,69.0,3.0,2.0,260000.0,1.0,CORTIJO AUTOPISTA MEDELLIN,4,ENTRE 10 Y 20 ANOS,4.69,-74.07,USADO,,0,0,0,0,0,0,0,0,0,1,False,BARRIOS UNIDOS,LOS ANDES - URB. MALTA,AV. 68,760.1,0,PARQUE ZONAL CANAL RIO NEGRO,384.44,1,0.29,,0.33,1.5,0.0,,0.04,53.64,2.0
34-M4524131,APARTAMENTO,VENTA,20.86,158.0,3.0,3.0,3921395.93,3.0,CHICO,6,MAS DE 20 ANOS,4.68,-74.06,USADO,,0,1,0,0,1,0,0,0,0,1,False,CHAPINERO,S.C. CHICO NORTE III SECTOR,Calle 100 - Marketmedios,333.15,1,PARQUE VECINAL URBANIZACIÓN NORMANDIA I II II Y IV SECTOR,443.08,1,0.13,,1.0,1.0,0.0,,0.02,347.75,1.0
991-1080,APARTAMENTO,VENTA,20.16,105.0,2.0,2.0,380000.0,1.0,CHAPINERO ALTO,4,MAS DE 20 ANOS,4.65,-74.06,USADO,,0,0,0,0,0,1,0,0,0,1,False,CHAPINERO,NUEVA_GRANADA,Calle 63,1125.18,0,PARQUE ZONAL GUSTAVO URIBE BOTERO,599.45,0,0.19,,0.5,1.0,0.0,,0.02,693.71,0.0
346-M4207266,APARTAMENTO,VENTA,21.36,285.0,4.0,3.0,3921395.93,2.0,CHICO,6,MAS DE 20 ANOS,4.67,-74.05,USADO,,0,1,0,0,0,0,0,0,0,1,False,CHAPINERO,S.C. EL CHICO,Virrey,1088.97,0,PARQUE VECINAL URBANIZACIÓN LA CABRERA,361.63,1,0.07,,0.5,1.33,0.0,,0.01,285.87,4.0
346-M3714122,APARTAMENTO,VENTA,19.72,66.0,2.0,2.0,270000.0,2.0,CEDRITOS,4,MAS DE 20 ANOS,4.72,-74.04,USADO,,0,1,0,0,0,0,0,0,0,1,False,USAQUEN,CEDRO NARVAEZ,Calle 142,1406.88,0,PARQUE VECINAL NUEVA URBANIZACIÓN EL CEDRITO,555.15,0,0.3,,1.0,1.0,0.0,,0.03,362.06,1.0
34-M4033444,APARTAMENTO,VENTA,19.59,68.0,3.0,2.0,175800.0,1.0,CASTILLA MARSELLA,4,ENTRE 0 Y 5 ANOS,4.65,-74.14,USADO,,0,0,0,0,1,0,0,0,0,1,False,KENNEDY,BOSCONIA,Transversal 86,1808.4,0,PARQUE VECINAL VILLA ALSACIA,1024.74,0,0.29,,0.33,1.5,0.0,,0.04,1796.51,0.0
34-M4171101,APARTAMENTO,VENTA,20.15,108.0,4.0,3.0,575000.0,2.0,NIZA ALHAMBRA,5,ENTRE 10 Y 20 ANOS,4.71,-74.06,USADO,,0,1,0,0,1,0,0,0,0,1,False,SUBA,EL BATAN,Calle 127,642.35,0,PARQUE ZONAL ATABANZA,414.14,1,0.19,,0.5,1.33,0.0,,0.04,795.91,0.0
3552-M4690102,APARTAMENTO,VENTA,20.01,44.4,1.0,2.0,3921395.93,2.0,CHICO,6,ENTRE 5 Y 10 ANOS,4.68,-74.05,USADO,,0,0,0,0,1,0,0,0,0,1,False,CHAPINERO,S.C. CHICO NORTE,Virrey,604.3,0,PARQUE ZONAL CANAL EL VIRREY EL CHICO,461.58,1,0.45,,2.0,0.5,0.0,,0.02,268.07,3.0
34-63340,APARTAMENTO,VENTA,20.7,173.0,3.0,3.0,710000.0,3.0,COUNTRY,6,MAS DE 20 ANOS,4.71,-74.04,USADO,,0,1,0,0,1,0,0,0,0,0,False,USAQUEN,LA_CAROLINA,Calle 127,1393.93,0,PARQUE METROPOLITANO EL COUNTRY,408.76,1,0.12,,1.0,1.0,0.0,,0.02,360.65,1.0
34-M4135088,APARTAMENTO,VENTA,20.64,139.15,3.0,3.0,3921395.93,2.0,SANTA BARBARA,5,ENTRE 10 Y 20 ANOS,4.69,-74.04,USADO,,0,0,0,0,1,0,0,0,0,1,False,USAQUEN,SANTA ANA OCCIDENTAL,Calle 106,2065.82,0,PARQUE METROPOLITANO EL COUNTRY,1907.71,0,0.15,,0.67,1.0,0.0,,0.02,365.73,1.0
164-M4639420,APARTAMENTO,VENTA,19.66,32.04,1.0,1.0,250000.0,0.0,NIZA ALHAMBRA,5,ENTRE 0 Y 5 ANOS,4.69,-74.06,USADO,,0,0,0,0,1,0,0,0,0,1,False,SUBA,S.C. ESTORIL,Suba - Calle 95,502.9,0,PARQUE VECINAL URBANIZACIÓN NORMANDIA I II II Y IV SECTOR,1228.0,0,0.61,,0.0,1.0,0.0,,0.03,455.5,1.0
34-M4441345,APARTAMENTO,VENTA,19.97,87.5,3.0,2.0,398112.0,1.0,SALITRE MODELIA,4,MAS DE 20 ANOS,4.66,-74.11,USADO,,0,0,0,0,0,0,0,0,0,1,False,FONTIBON,CIUDAD SALITRE,El Tiempo - Maloka,375.37,1,PARQUE ZONAL SAUZALITO,535.31,0,0.23,,0.33,1.5,0.0,,0.03,128.15,2.0
3552-M4140544,APARTAMENTO,VENTA,21.31,199.8,4.0,5.0,3921395.93,3.0,ALTOS DE SUBA Y CERROS DE SAN JORGE,6,ENTRE 0 Y 5 ANOS,4.73,-74.08,USADO,,0,1,0,0,0,0,0,0,0,1,False,SUBA,VILLA ESPERANZA,21 Ángeles,989.46,0,PARQUE ZONAL BELLAVISTA DINDALITO,1426.36,0,0.11,,0.75,0.8,0.0,,0.02,2076.88,0.0
34-M4132353,APARTAMENTO,VENTA,19.39,50.0,2.0,2.0,110000.0,0.0,METROPOLIS,3,ENTRE 0 Y 5 ANOS,4.67,-74.08,USADO,,0,0,0,0,0,0,0,0,0,1,False,BARRIOS UNIDOS,LA LIBERTAD,Carrera 47,544.89,0,PARQUE VECINAL URBANIZACIÓN METROPOLIS,780.9,0,0.39,,0.0,1.0,0.0,,0.04,865.73,0.0
34-M4294659,APARTAMENTO,VENTA,21.05,159.0,3.0,5.0,1200000.0,2.0,CHICO,6,ENTRE 5 Y 10 ANOS,4.66,-74.05,USADO,,0,1,0,0,1,0,0,0,0,1,False,CHAPINERO,BOSQUE EL RETIRO I SECTOR,Héroes - Gel´Hada,1575.64,0,PARQUE ZONAL SAN ANDRÉS,595.91,0,0.13,,0.67,0.6,0.0,,0.02,726.5,0.0
93-M4637015,APARTAMENTO,VENTA,20.56,152.0,3.0,3.0,1200000.0,2.0,COUNTRY,6,MAS DE 20 ANOS,4.7,-74.04,USADO,,0,0,0,0,0,0,0,0,0,1,False,USAQUEN,LA_CAROLINA,Calle 127,1355.84,0,PARQUE METROPOLITANO EL COUNTRY,393.81,1,0.14,,0.67,1.0,0.0,,0.02,235.64,1.0
34-M4211120,APARTAMENTO,VENTA,20.37,72.26,2.0,2.0,3921395.93,1.0,CENTRO INTERNACIONAL,4,ENTRE 5 Y 10 ANOS,4.62,-74.07,USADO,,0,0,0,0,1,0,0,0,0,1,False,SANTA FE,SAMPER,Calle 26,123.67,1,PARQUE METROPOLITANO INDEPENDENCIA BICENTENARIO,516.82,0,0.28,,0.5,1.0,0.0,,0.03,161.72,9.0
164-M4539002,APARTAMENTO,VENTA,19.73,68.18,4.0,2.0,260000.0,1.0,SALITRE MODELIA,4,REMODELADO,4.67,-74.13,USADO,,0,0,0,0,0,0,0,0,0,1,False,FONTIBON,RINCON DE MODELIA,Modelia,1175.22,0,PARQUE VECINAL MODELIA SECTOR A,726.34,0,0.29,,0.25,2.0,0.0,,0.06,948.7,0.0
10366-6555,APARTAMENTO,VENTA,20.16,133.0,3.0,4.0,595000.0,2.0,NIZA ALHAMBRA,5,ENTRE 10 Y 20 ANOS,4.71,-74.06,USADO,,0,1,0,0,1,0,0,0,0,1,False,SUBA,EL BATAN,Calle 127,246.13,1,PARQUE ZONAL ATABANZA,481.91,1,0.15,,0.67,0.75,0.0,,0.02,401.71,4.0
34-M4563985,APARTAMENTO,VENTA,20.25,96.52,3.0,2.0,500800.0,2.0,SANTA BARBARA,6,MAS DE 20 ANOS,4.69,-74.05,USADO,,0,1,0,0,1,0,0,0,0,1,False,USAQUEN,SAN PATRICIO,Calle 106,351.72,1,PARQUE ZONAL CANAL CORDOBA,1595.93,0,0.21,,0.67,1.5,0.0,,0.03,393.3,1.0
2396-M4573546,APARTAMENTO,VENTA,21.05,220.0,3.0,4.0,1100000.0,4.0,CEDRITOS,6,MAS DE 20 ANOS,4.72,-74.02,USADO,,0,1,0,0,0,0,0,0,0,1,False,USAQUEN,BOSQUE DE PINOS III,Calle 146,2842.37,0,PARQUE VECINAL NUEVA URBANIZACIÓN EL CEDRITO,969.96,0,0.1,,1.33,0.75,0.0,,0.01,1029.23,0.0
10139-M4129468,APARTAMENTO,VENTA,21.12,132.0,2.0,3.0,1813000.0,3.0,CHICO,6,ENTRE 5 Y 10 ANOS,4.67,-74.05,USADO,,0,0,0,0,1,0,0,0,0,1,False,CHAPINERO,S.C. EL CHICO,Virrey,960.66,0,PARQUE ZONAL CANAL EL VIRREY EL CHICO,359.52,1,0.16,,1.5,0.67,0.0,,0.02,323.07,4.0
34-M2854995,APARTAMENTO,VENTA,20.05,61.64,2.0,2.0,200000.0,1.0,CENTRO Y ZONA COLONIAL,3,ENTRE 5 Y 10 ANOS,4.61,-74.07,USADO,,0,0,0,0,1,0,0,0,0,1,False,SANTA FE,LAS NIEVES,Universidades,313.91,1,PARQUE METROPOLITANO INDEPENDENCIA BICENTENARIO,824.23,0,0.33,,0.5,1.0,0.0,,0.03,371.9,2.0
12375-M4430294,APARTAMENTO,VENTA,19.99,113.0,3.0,2.0,500000.0,1.0,NIZA ALHAMBRA,4,MAS DE 20 ANOS,4.69,-74.07,USADO,,0,0,0,0,0,1,0,0,0,1,False,SUBA,ANDES NORTE - URB. LA RABIDA,Puentelargo,271.93,1,PARQUE ZONAL CANAL RIO NEGRO,824.52,0,0.18,,0.33,1.5,0.0,,0.03,500.59,0.0
34-62385,APARTAMENTO,VENTA,20.98,204.0,5.0,5.0,638800.0,2.0,CENTRO NARINO,4,ENTRE 10 Y 20 ANOS,4.63,-74.09,USADO,,0,1,0,0,1,0,0,0,0,0,False,TEUSAQUILLO,EL_RECUERDO,Recinto Ferial,274.82,1,PARQUE VECINAL SANTA CLARA,1101.81,0,0.1,,0.4,1.0,0.0,,0.02,1261.61,0.0
10366-M3401027,APARTAMENTO,VENTA,20.86,186.0,4.0,4.0,800000.0,3.0,COUNTRY,5,ENTRE 10 Y 20 ANOS,4.72,-74.05,USADO,,0,0,0,0,0,0,0,0,0,1,False,USAQUEN,LA CALLEJA SANTACOLOMA,Prado,306.48,1,PARQUE ZONAL ATABANZA,1131.6,0,0.11,,0.75,1.0,0.0,,0.02,653.85,0.0
4566-M3179107,APARTAMENTO,VENTA,20.39,117.0,3.0,3.0,616000.0,2.0,CHICO,6,ENTRE 10 Y 20 ANOS,4.68,-74.05,USADO,,0,0,0,0,1,0,0,0,0,1,False,CHAPINERO,S.C. CHICO NORTE III SECTOR,Calle 100 - Marketmedios,787.95,0,PARQUE VECINAL URBANIZACIÓN NORMANDIA I II II Y IV SECTOR,1206.44,0,0.17,,0.67,1.0,0.0,,0.03,90.83,2.0
34-M3856186,APARTAMENTO,VENTA,21.67,186.39,3.0,5.0,2350000.0,2.0,CHICO,6,ENTRE 0 Y 5 ANOS,4.67,-74.05,USADO,,0,1,0,0,1,0,0,0,0,1,False,CHAPINERO,LA CABRERA,Héroes - Gel´Hada,1512.97,0,PARQUE ZONAL SAN ANDRÉS,567.34,0,0.12,,0.67,0.6,0.0,,0.02,643.25,0.0
164-M4729276,APARTAMENTO,VENTA,19.52,65.52,3.0,2.0,153000.0,0.0,CORTIJO AUTOPISTA MEDELLIN,3,ENTRE 10 Y 20 ANOS,4.73,-74.11,USADO,,0,0,0,0,0,0,0,0,0,1,False,ENGATIVA,CIUDADELA COLSUBSIDIO 4 SECTOR,Portal 80,2226.1,0,PARQUE VECINAL URBANIZACIÓN NUEVA TIBABUYES 1,1019.17,0,0.3,,0.0,1.5,0.0,,0.05,2091.85,0.0
734-M4536981,APARTAMENTO,VENTA,20.11,62.0,2.0,2.0,3921395.93,1.0,CENTRO Y ZONA COLONIAL,3,ENTRE 5 Y 10 ANOS,4.6,-74.07,USADO,,0,0,0,0,1,0,0,0,0,1,False,SANTA FE,LAS NIEVES,Las Aguas - Centro Colombo Americano,309.95,1,PARQUE METROPOLITANO INDEPENDENCIA BICENTENARIO,881.98,0,0.32,,0.5,1.0,0.0,,0.03,356.24,2.0
34-M4478146,APARTAMENTO,VENTA,19.69,68.0,3.0,2.0,176800.0,0.0,CASTILLA MARSELLA,3,ENTRE 0 Y 5 ANOS,4.65,-74.14,USADO,,0,0,0,0,1,0,0,0,0,1,False,KENNEDY,BOSCONIA,Transversal 86,1859.78,0,PARQUE VECINAL VILLA ALSACIA,1059.68,0,0.29,,0.0,1.5,0.0,,0.04,1817.37,0.0
164-M4553676,APARTAMENTO,VENTA,19.67,41.07,1.0,2.0,350000.0,1.0,NIZA ALHAMBRA,4,ENTRE 0 Y 5 ANOS,4.71,-74.08,USADO,,0,0,0,0,1,0,0,0,0,1,True,SUBA,NIZA SUR,Humedal Córdoba,823.91,0,PARQUE METROPOLITANO CEFE COMETAS,891.4,0,0.48,,1.0,0.5,0.0,,0.02,925.93,0.0
164-M3474865,APARTAMENTO,VENTA,19.7,73.5,2.0,2.0,289000.0,1.0,ORQUIDEAS,4,ENTRE 10 Y 20 ANOS,4.74,-74.04,USADO,,0,0,0,0,1,0,0,0,0,0,False,USAQUEN,BALCONES DE ORIENTE,Calle 161,1391.55,0,PARQUE ZONAL LA VIDA,311.94,1,0.27,,0.5,1.0,0.0,,0.03,818.2,0.0
34-M4567870,APARTAMENTO,VENTA,21.02,156.9,3.0,3.0,1100000.0,3.0,CHAPINERO ALTO,6,MAS DE 20 ANOS,4.65,-74.05,USADO,,0,1,0,0,1,0,0,0,0,1,False,CHAPINERO,S.C. EMAUS,Flores – Areandina,1049.47,0,PARQUE ZONAL GUSTAVO URIBE BOTERO,249.01,1,0.13,,1.0,1.0,0.0,,0.02,208.46,1.0
34-M4727450,APARTAMENTO,VENTA,21.73,360.0,5.0,5.0,1386000.0,4.0,CERROS DE SUBA,6,MAS DE 20 ANOS,4.71,-74.08,USADO,,0,0,0,0,0,0,0,0,0,1,False,SUBA,S.C. CLUB DE LOS LAGARTOS,Niza - Calle 127,1101.65,0,PARQUE METROPOLITANO CEFE COMETAS,291.37,1,0.06,,0.8,1.0,0.0,,0.01,1105.98,0.0
12511-M4635390,APARTAMENTO,VENTA,20.19,94.0,2.0,3.0,502000.0,2.0,CEDRITOS,4,ENTRE 5 Y 10 ANOS,4.73,-74.04,USADO,,1,1,0,1,1,0,1,0,0,1,False,USAQUEN,LOS CEDRITOS,Calle 142,797.12,0,PARQUE VECINAL NUEVA URBANIZACIÓN EL CEDRITO,1169.16,0,0.21,,1.0,0.67,0.0,,0.02,852.85,0.0
734-M4579913,APARTAMENTO,VENTA,20.06,50.0,1.0,2.0,3921395.93,1.0,SANTA BARBARA,4,ENTRE 0 Y 5 ANOS,4.69,-74.04,USADO,,0,0,0,0,1,0,0,0,0,1,False,USAQUEN,SANTA ANA OCCIDENTAL,Calle 106,1883.18,0,PARQUE METROPOLITANO EL COUNTRY,1805.19,0,0.4,,1.0,0.5,0.0,,0.02,365.15,1.0
2363-M4721525,APARTAMENTO,VENTA,20.34,90.92,2.0,3.0,425000.0,2.0,SANTA BARBARA,6,MAS DE 20 ANOS,4.69,-74.06,USADO,,0,1,0,0,1,0,0,0,0,0,False,USAQUEN,SAN PATRICIO,Calle 106,180.46,1,PARQUE ZONAL CANAL CORDOBA,1393.53,0,0.22,,1.0,0.67,0.0,,0.02,567.86,0.0
34-M3179428,APARTAMENTO,VENTA,19.73,88.01,3.0,3.0,248900.0,1.0,COLINA Y ALREDEDORES,4,MAS DE 20 ANOS,4.75,-74.06,USADO,,0,1,0,0,1,0,0,0,0,1,False,SUBA,LA MONEDA BRITALIA,Toberin - Foundever,1433.16,0,PARQUE ZONAL SAN JOSÉ DE BAVARIA,702.7,0,0.22,,0.33,1.0,0.0,,0.03,2040.43,0.0
34-M4208496,APARTAMENTO,VENTA,19.7,71.0,3.0,2.0,200000.0,1.0,,3,ENTRE 0 Y 5 ANOS,4.64,-74.14,USADO,,0,0,0,0,1,0,0,0,0,1,False,KENNEDY,BAVARIA TECHO III,Mandalay,970.67,0,PARQUE ZONAL CASTILLA,48.1,1,0.28,,0.33,1.5,0.0,,0.04,1455.5,0.0
164-M4669733,APARTAMENTO,VENTA,19.4,64.0,3.0,2.0,145000.0,0.0,PUENTE ARANDA,3,REMODELADO,4.62,-74.12,USADO,,0,0,0,0,0,0,0,0,0,1,False,PUENTE ARANDA,GALAN - URB. LOS BUNGAVILES,Pradera,1102.7,0,PARQUE METROPOLITANO PISTA DE BMX PRD,298.48,1,0.3,,0.0,1.5,0.0,,0.05,1400.57,0.0
4566-M3592551,APARTAMENTO,VENTA,20.99,228.0,4.0,3.0,1354000.0,2.0,CHAPINERO ALTO,6,MAS DE 20 ANOS,4.65,-74.06,USADO,,1,1,0,0,0,0,0,0,0,1,True,CHAPINERO,S.C. CHAPINERO NORTE,Calle 63,363.51,1,PARQUE ZONAL GUSTAVO URIBE BOTERO,1064.4,0,0.09,,0.5,1.33,0.0,,0.02,455.02,1.0
989-M3118812,APARTAMENTO,VENTA,20.29,155.0,3.0,3.0,3921395.93,1.0,CHAPINERO ALTO,4,REMODELADO,4.63,-74.06,USADO,,0,1,0,0,0,0,0,0,0,0,False,CHAPINERO,S.C. PARDO RUBIO,Calle 45 - American School Way,651.0,0,PARQUE METROPOLITANO PARQUE NACIONAL (PM2A) ENRIQUE OLAYA HERRERA (SECTOR HISTORICO),957.59,0,0.13,,0.33,1.0,0.0,,0.02,450.5,1.0
34-M4470546,APARTAMENTO,VENTA,19.49,87.5,3.0,1.0,125000.0,0.0,,3,MAS DE 20 ANOS,4.62,-74.15,USADO,,0,0,0,0,0,0,0,0,0,1,False,KENNEDY,CIUDAD KENNEDY SUPERMANZANA 8,Banderas,1309.11,0,PARQUE ZONAL LA AMISTAD,576.4,0,0.22,,0.0,3.0,0.0,,0.03,1789.21,0.0
10366-M4123978,APARTAMENTO,VENTA,20.21,114.0,3.0,3.0,357000.0,2.0,CEDRITOS,4,REMODELADO,4.72,-74.04,USADO,,0,0,0,0,1,0,0,0,0,0,False,USAQUEN,CEDRO NARVAEZ,Calle 142,1640.7,0,PARQUE VECINAL NUEVA URBANIZACIÓN EL CEDRITO,318.18,1,0.18,,0.67,1.0,0.0,,0.03,362.06,1.0
183-M4512936,APARTAMENTO,VENTA,19.4,54.0,2.0,1.0,368000.0,1.0,CEDRITOS,4,MAS DE 20 ANOS,4.73,-74.04,USADO,,0,0,0,0,1,0,0,0,0,1,False,USAQUEN,ACACIAS USAQUEN,Calle 142,1261.1,0,PARQUE VECINAL NUEVA URBANIZACIÓN EL CEDRITO,735.91,0,0.36,,0.5,2.0,0.0,,0.04,807.11,0.0
12375-M4601361,APARTAMENTO,VENTA,19.97,122.0,3.0,2.0,424000.0,1.0,NIZA ALHAMBRA,4,MAS DE 20 ANOS,4.71,-74.08,USADO,,0,0,0,0,0,0,0,0,0,1,True,SUBA,NIZA SUR,Niza - Calle 127,561.83,0,PARQUE ZONAL LOS LACHES LA MINA,553.47,0,0.16,,0.33,1.5,0.0,,0.02,553.98,0.0
346-M4063139,APARTAMENTO,VENTA,20.44,124.0,3.0,2.0,800000.0,2.0,SANTA BARBARA,6,MAS DE 20 ANOS,4.69,-74.05,USADO,,0,1,0,0,0,0,0,0,0,1,False,USAQUEN,SAN PATRICIO,Calle 106,1203.17,0,PARQUE METROPOLITANO EL COUNTRY,1551.07,0,0.16,,0.67,1.5,0.0,,0.02,306.26,1.0
164-M3984289,APARTAMENTO,VENTA,19.74,38.02,1.0,2.0,159000.0,1.0,CENTRO INTERNACIONAL,4,ENTRE 0 Y 5 ANOS,4.62,-74.07,USADO,,0,0,0,0,1,0,0,0,0,1,False,SANTA FE,SAN_MARTIN,Calle 34,451.53,1,PARQUE METROPOLITANO PARQUE NACIONAL (PM2A) ENRIQUE OLAYA HERRERA (SECTOR HISTORICO),639.5,0,0.52,,1.0,0.5,0.0,,0.03,436.71,3.0
3065-M4601504,APARTAMENTO,VENTA,20.56,105.0,2.0,3.0,900000.0,1.0,CHICO,6,MAS DE 20 ANOS,4.67,-74.04,USADO,,0,0,0,0,1,0,0,0,0,1,True,CHAPINERO,S.C. CHICO NORTE,Virrey,1712.97,0,PARQUE VECINAL URBANIZACIÓN LA CABRERA,703.89,0,0.2,,0.5,0.67,0.0,,0.02,629.23,0.0
2363-M4661820,APARTAMENTO,VENTA,19.47,48.85,2.0,2.0,419000.0,1.0,CEDRITOS,4,MAS DE 20 ANOS,4.73,-74.05,USADO,,0,0,0,0,0,0,0,0,0,1,False,USAQUEN,LOS CEDRITOS,Calle 142,227.52,1,PARQUE VECINAL PRADO PINZÓN,603.48,0,0.4,,0.5,1.0,0.0,,0.04,809.02,0.0
3325-M4613104,APARTAMENTO,VENTA,19.21,37.0,1.0,1.0,350000.0,1.0,CEDRITOS,4,MAS DE 20 ANOS,4.72,-74.04,USADO,,0,0,0,0,1,0,0,0,0,1,False,USAQUEN,ACACIAS USAQUEN,Calle 142,1526.54,0,PARQUE VECINAL NUEVA URBANIZACIÓN EL CEDRITO,393.32,1,0.52,,1.0,1.0,0.0,,0.03,497.71,1.0
10366-6947,APARTAMENTO,VENTA,20.82,114.0,3.0,3.0,3921395.93,2.0,CHICO,6,MAS DE 20 ANOS,4.67,-74.05,USADO,,0,0,0,0,1,0,0,0,0,1,False,CHAPINERO,S.C. EL CHICO,Virrey,957.23,0,PARQUE ZONAL CANAL EL VIRREY EL CHICO,360.67,1,0.18,,0.67,1.0,0.0,,0.03,313.27,4.0
12495-M3367433,APARTAMENTO,VENTA,20.28,116.2,3.0,3.0,785000.0,2.0,SANTA BARBARA,6,MAS DE 20 ANOS,4.7,-74.05,USADO,2850000.0,0,1,0,0,1,0,0,0,0,1,False,USAQUEN,SAN PATRICIO,Pepe Sierra,293.23,1,PARQUE ZONAL ATABANZA,1350.67,0,0.17,24526.68,0.67,1.0,0.0,3.63,0.03,378.45,1.0
710-M4088770,APARTAMENTO,VENTA,20.08,74.0,3.0,2.0,350000.0,1.0,SALITRE MODELIA,4,ENTRE 5 Y 10 ANOS,4.66,-74.12,USADO,,0,0,0,0,0,0,0,0,0,1,False,FONTIBON,LA ESPERANZA_,AV. Rojas,1224.05,0,PARQUE VECINAL CARLOS LLERAS (EL FUEGO),500.87,0,0.27,,0.33,1.5,0.0,,0.04,722.62,0.0
183-M4183136,APARTAMENTO,VENTA,20.21,117.25,3.0,3.0,645000.0,2.0,COLINA Y ALREDEDORES,5,MAS DE 20 ANOS,4.73,-74.06,USADO,,0,1,0,0,0,0,0,0,0,1,False,SUBA,OIKOS LA COLINA,Alcalá,1329.43,0,PARQUE VECINAL PRADO PINZÓN,962.38,0,0.17,,0.67,1.0,0.0,,0.03,309.43,2.0
3552-M4513994,APARTAMENTO,VENTA,19.73,68.0,1.0,2.0,410000.0,2.0,COLINA Y ALREDEDORES,4,ENTRE 5 Y 10 ANOS,4.72,-74.07,USADO,,0,0,0,0,1,0,0,0,0,1,False,SUBA,S.C. LAS VILLAS,Suba - AV. Boyacá,489.68,1,PARQUE ZONAL LOS LACHES LA MINA,709.29,0,0.29,,2.0,0.5,0.0,,0.01,620.03,0.0
681-M4419130,APARTAMENTO,VENTA,20.35,108.0,3.0,2.0,303000.0,2.0,COLINA Y ALREDEDORES,4,ENTRE 0 Y 5 ANOS,4.72,-74.06,USADO,,0,1,0,0,0,0,0,0,0,1,False,SUBA,URB. COLINA NORTE II ETAPA,Suba - AV. Boyacá,1170.78,0,PARQUE VECINAL PRADO PINZÓN,1207.58,0,0.19,,0.67,1.5,0.0,,0.03,301.04,2.0
34-M3640771,APARTAMENTO,VENTA,20.21,88.0,3.0,2.0,298000.0,1.0,CHAPINERO,3,ENTRE 0 Y 5 ANOS,4.66,-74.08,USADO,,0,0,0,0,1,0,0,0,0,1,False,BARRIOS UNIDOS,BENJAMIN HERRERA,7 de Agosto,167.78,1,PARQUE ZONAL GIMNASIO DEL NORTE,286.46,1,0.23,,0.33,1.5,0.0,,0.03,757.88,0.0
34-M4435444,APARTAMENTO,VENTA,19.67,74.72,3.0,3.0,285000.0,1.0,ORQUIDEAS,4,ENTRE 5 Y 10 ANOS,4.74,-74.03,USADO,,0,0,0,0,1,0,0,0,0,1,False,USAQUEN,VILLAS DE ARANJUEZ,Toberin - Foundever,1628.07,0,PARQUE VECINAL URBANIZACIÓN TOBERIN,793.93,0,0.26,,0.33,1.0,0.0,,0.04,523.76,0.0
34-61811,APARTAMENTO,VENTA,20.07,115.68,3.0,4.0,780000.0,2.0,SANTA BARBARA,6,MAS DE 20 ANOS,4.7,-74.04,USADO,,0,1,0,0,0,0,0,0,0,1,False,USAQUEN,SANTA BARBARA CENTRAL I Y II,Pepe Sierra,1580.19,0,PARQUE METROPOLITANO EL COUNTRY,1080.35,0,0.17,,0.67,0.75,0.0,,0.03,686.87,0.0
183-M3780195,APARTAMENTO,VENTA,19.19,60.0,3.0,2.0,117000.0,1.0,ENGATIVA,3,MAS DE 20 ANOS,4.7,-74.11,USADO,,0,0,0,0,0,0,0,0,0,1,False,ENGATIVA,FLORENCIA II SECTOR,Carrera 90,396.51,1,PARQUE VECINAL FLORENCIA LOS TRONQUITOS AGRUPACIÓN DE VIVIENDA FLORENCIA II SECTOR,111.93,1,0.32,,0.33,1.5,0.0,,0.05,976.0,0.0
2363-M4640167,APARTAMENTO,VENTA,20.48,130.0,4.0,4.0,727000.0,2.0,COUNTRY,5,MAS DE 20 ANOS,4.71,-74.05,USADO,,0,1,0,0,1,0,0,0,0,0,False,USAQUEN,LA CALLEJA,Calle 127,686.27,0,PARQUE ZONAL ATABANZA,981.03,0,0.16,,0.5,1.0,0.0,,0.03,341.61,2.0
183-M3557884,APARTAMENTO,VENTA,20.16,96.0,2.0,2.0,327000.0,1.0,CHAPINERO ALTO,4,MAS DE 20 ANOS,4.65,-74.06,USADO,,0,0,0,0,0,0,0,0,0,1,False,CHAPINERO,S.C. QUINTA CAMACHO,Flores – Areandina,688.55,0,PARQUE ZONAL GUSTAVO URIBE BOTERO,674.28,0,0.21,,0.5,1.0,0.0,,0.02,294.16,1.0
34-63677,APARTAMENTO,VENTA,21.41,275.0,3.0,3.0,1145000.0,2.0,CHICO,6,MAS DE 20 ANOS,4.65,-74.05,USADO,,0,1,0,0,1,0,0,0,0,0,False,CHAPINERO,S.C. BELLAVISTA,Calle 72,1103.1,0,PARQUE ZONAL GUSTAVO URIBE BOTERO,405.42,1,0.08,,0.67,1.0,0.0,,0.01,388.68,4.0
34-M4463767,APARTAMENTO,VENTA,19.96,78.6,2.0,2.0,579000.0,2.0,COLINA Y ALREDEDORES,4,ENTRE 5 Y 10 ANOS,4.72,-74.07,USADO,,0,0,0,0,1,0,0,0,0,1,False,SUBA,LAS VILLAS SECTOR II,Suba - AV. Boyacá,663.13,0,PARQUE ZONAL LOS LACHES LA MINA,757.47,0,0.25,,1.0,1.0,0.0,,0.03,653.36,0.0
356-M4574304,APARTAMENTO,VENTA,20.95,175.0,4.0,3.0,920000.0,2.0,COUNTRY,6,ENTRE 10 Y 20 ANOS,4.71,-74.04,USADO,5500000.0,0,1,0,0,1,0,0,0,0,0,False,USAQUEN,SABANALARGA,Prado,1148.18,0,PARQUE METROPOLITANO EL COUNTRY,779.45,0,0.12,31428.57,0.5,1.33,0.0,5.98,0.02,683.38,0.0
681-M3047420,APARTAMENTO,VENTA,20.91,208.0,3.0,4.0,1100000.0,4.0,SANTA BARBARA,6,ENTRE 10 Y 20 ANOS,4.69,-74.05,USADO,,0,1,0,0,0,0,0,0,0,1,False,USAQUEN,RINCON DEL CHICO,Calle 106,1265.37,0,PARQUE METROPOLITANO EL COUNTRY,1780.06,0,0.1,,1.33,0.75,0.0,,0.01,513.98,0.0
164-M4315246,APARTAMENTO,VENTA,19.32,58.83,3.0,2.0,3921395.93,0.0,CORTIJO AUTOPISTA MEDELLIN,3,MAS DE 20 ANOS,4.72,-74.09,USADO,,0,0,0,0,0,0,0,0,0,1,False,SUBA,S.C. CLUB DE LOS LAGARTOS,AV. Cali,1672.07,0,PARQUE ZONAL LA SERENA,605.19,0,0.33,,0.0,1.5,0.0,,0.05,2193.83,0.0
4566-M3444623,APARTAMENTO,VENTA,21.77,264.0,3.0,4.0,2400000.0,4.0,,6,ENTRE 5 Y 10 ANOS,4.66,-74.05,USADO,,0,1,0,1,0,0,1,0,0,1,False,CHAPINERO,BOSQUE EL RETIRO I SECTOR,Héroes - Gel´Hada,1587.74,0,PARQUE ZONAL SAN ANDRÉS,607.5,0,0.08,,1.33,0.75,0.0,,0.01,751.36,0.0
183-M4211518,APARTAMENTO,VENTA,20.02,115.0,3.0,3.0,610000.0,1.0,NIZA ALHAMBRA,5,ENTRE 10 Y 20 ANOS,4.71,-74.06,USADO,,0,1,0,0,1,0,0,0,0,1,False,SUBA,EL BATAN,Calle 127,235.5,1,PARQUE ZONAL ATABANZA,429.05,1,0.17,,0.33,1.0,0.0,,0.03,350.98,5.0
4229-M4742647,APARTAMENTO,VENTA,19.76,65.0,3.0,2.0,200000.0,1.0,ENGATIVA,4,ENTRE 5 Y 10 ANOS,4.7,-74.11,USADO,,0,0,0,0,1,0,0,0,0,0,False,ENGATIVA,URB. ALTOS DE ZARZAMORA,Carrera 90,858.09,0,PARQUE VECINAL URBANIZACIÓN FLORENCIA I SECTOR,446.05,1,0.3,,0.33,1.5,0.0,,0.05,1061.01,0.0
5031-M3769400,APARTAMENTO,VENTA,19.34,54.0,3.0,2.0,77000.0,0.0,ENGATIVA,3,ENTRE 5 Y 10 ANOS,4.69,-74.11,USADO,,0,0,0,0,0,0,0,0,0,1,False,ENGATIVA,LA CLARITA,AV. Cali,1383.04,0,PARQUE VECINAL URBANIZACIÓN FLORENCIA I SECTOR,1000.01,0,0.36,,0.0,1.5,0.0,,0.06,1272.97,0.0
495-M4466691,APARTAMENTO,VENTA,20.56,200.0,3.0,4.0,1600000.0,3.0,SANTA BARBARA,6,MAS DE 20 ANOS,4.69,-74.05,USADO,,0,0,0,0,0,0,0,0,0,1,False,USAQUEN,SANTA BIBIANA,Calle 106,368.77,1,PARQUE ZONAL CANAL CORDOBA,1724.88,0,0.1,,1.0,0.75,0.0,,0.02,528.01,0.0
5031-M3769402,APARTAMENTO,VENTA,19.34,54.0,3.0,2.0,77000.0,0.0,ENGATIVA,3,ENTRE 5 Y 10 ANOS,4.69,-74.11,USADO,,0,0,0,0,0,0,0,0,0,1,False,ENGATIVA,LA CLARITA,AV. Cali,1383.04,0,PARQUE VECINAL URBANIZACIÓN FLORENCIA I SECTOR,1000.01,0,0.36,,0.0,1.5,0.0,,0.06,1272.97,0.0
478-M3010415,APARTAMENTO,VENTA,19.9,90.0,2.0,2.0,583000.0,2.0,COLINA Y ALREDEDORES,5,REMODELADO,4.73,-74.07,USADO,,0,0,0,0,1,0,0,0,0,1,False,SUBA,COLINA CAMPESTRE III SECTOR,Gratamira,917.62,0,PARQUE VECINAL PRADO PINZÓN,1436.86,0,0.22,,1.0,1.0,0.0,,0.02,198.54,2.0
495-M4602161,APARTAMENTO,VENTA,20.95,183.0,3.0,3.0,820000.0,3.0,COUNTRY,6,MAS DE 20 ANOS,4.71,-74.04,USADO,,0,0,0,0,0,0,0,0,0,1,False,USAQUEN,LA_CAROLINA,Calle 127,1363.65,0,PARQUE METROPOLITANO EL COUNTRY,427.93,1,0.11,,1.0,1.0,0.0,,0.02,346.12,1.0
164-M4099744,APARTAMENTO,VENTA,19.6,39.66,1.0,1.0,290000.0,1.0,CENTRO NARINO,4,REMODELADO,4.63,-74.09,USADO,,0,0,0,0,1,0,0,0,0,1,False,TEUSAQUILLO,ORTEZAL_,Recinto Ferial,657.74,0,PARQUE VECINAL SANTA CLARA,442.48,1,0.49,,1.0,1.0,0.0,,0.03,996.08,0.0
34-M4435277,APARTAMENTO,VENTA,19.76,68.0,3.0,2.0,260600.0,1.0,COLINA Y ALREDEDORES,4,ENTRE 10 Y 20 ANOS,4.74,-74.06,USADO,,0,0,0,0,1,0,0,0,0,1,False,SUBA,URB. VERSALLES,Mazurén,1064.42,0,PARQUE VECINAL DESARROLLO CANTALEJO URBANIZACIÓN CANTALEJO MANZANA B,518.68,0,0.29,,0.33,1.5,0.0,,0.04,1115.07,0.0
34-M3936721,APARTAMENTO,VENTA,19.89,90.48,3.0,2.0,354600.0,1.0,COLINA Y ALREDEDORES,4,ENTRE 10 Y 20 ANOS,4.74,-74.06,USADO,,0,1,0,0,1,0,0,0,0,1,False,SUBA,CASABLANCA (HACIENDA),Calle 161,1839.1,0,PARQUE VECINAL DESARROLLO CANTALEJO URBANIZACIÓN CANTALEJO MANZANA B,786.61,0,0.22,,0.33,1.5,0.0,,0.03,988.27,0.0
34-M3886623,APARTAMENTO,VENTA,20.91,150.0,3.0,4.0,863000.0,2.0,CHICO,5,ENTRE 0 Y 5 ANOS,4.67,-74.06,USADO,,0,0,0,0,1,0,0,0,0,1,False,CHAPINERO,S.C. ANTIGUO COUNTRY,Calle 85,486.82,1,PARQUE ZONAL CANAL EL VIRREY EL CHICO,335.8,1,0.14,,0.67,0.75,0.0,,0.02,92.6,4.0
34-M4150831,APARTAMENTO,VENTA,19.99,104.0,3.0,2.0,923000.0,2.0,CEDRITOS,4,MAS DE 20 ANOS,4.73,-74.05,USADO,,0,1,0,0,1,0,0,0,0,1,False,USAQUEN,LOS CEDRITOS,Calle 142,343.44,1,PARQUE VECINAL PRADO PINZÓN,710.59,0,0.19,,0.67,1.5,0.0,,0.03,889.12,0.0
34-M4319085,APARTAMENTO,VENTA,20.23,74.0,1.0,2.0,930000.0,2.0,CHICO,6,ENTRE 10 Y 20 ANOS,4.68,-74.05,USADO,,0,1,0,0,1,0,0,0,0,1,False,CHAPINERO,S.C. CHICO NORTE,Virrey,1518.76,0,PARQUE VECINAL URBANIZACIÓN LA CABRERA,980.55,0,0.27,,2.0,0.5,0.0,,0.01,330.0,2.0
16425-M4623530,APARTAMENTO,VENTA,20.29,115.0,3.0,2.0,800000.0,1.0,,6,MAS DE 20 ANOS,4.69,-74.05,USADO,,0,0,0,0,0,0,0,0,0,1,False,USAQUEN,SANTA BIBIANA,Calle 106,970.43,0,PARQUE VECINAL URBANIZACIÓN NORMANDIA I II II Y IV SECTOR,1848.21,0,0.18,,0.33,1.5,0.0,,0.03,412.83,1.0
16425-M4624894,APARTAMENTO,VENTA,20.18,100.0,3.0,3.0,680000.0,2.0,,5,ENTRE 5 Y 10 ANOS,4.71,-74.07,USADO,,0,0,0,0,1,0,0,0,0,1,False,SUBA,NIZA SUR,Humedal Córdoba,186.41,1,PARQUE ZONAL LOS LACHES LA MINA,491.32,1,0.2,,0.67,1.0,0.0,,0.03,488.7,9.0
34-M3565706,APARTAMENTO,VENTA,19.54,51.08,1.0,1.0,262000.0,1.0,CHAPINERO ALTO,4,REMODELADO,4.64,-74.06,USADO,,0,0,0,0,1,0,0,0,0,1,False,CHAPINERO,S.C. PARDO RUBIO,Marly,588.07,0,PARQUE METROPOLITANO PARQUE NACIONAL (PM2A) ENRIQUE OLAYA HERRERA (SECTOR HISTORICO),1639.74,0,0.38,,1.0,1.0,0.0,,0.02,847.55,0.0
183-M3367952,APARTAMENTO,VENTA,19.5,65.5,3.0,2.0,212000.0,1.0,ORQUIDEAS,3,ENTRE 10 Y 20 ANOS,4.76,-74.04,USADO,,0,0,0,0,0,0,0,0,0,0,False,USAQUEN,EL VERBENAL - URB. ALQUERIA 183,Calle 187,789.72,0,PARQUE VECINAL DESARROLLO VERBENAL I,539.7,0,0.3,,0.33,1.5,0.0,,0.05,874.92,0.0
4566-M3861791,APARTAMENTO,VENTA,21.72,375.0,4.0,4.0,2550000.0,3.0,CHICO,6,MAS DE 20 ANOS,4.65,-74.05,USADO,,0,1,0,0,1,0,0,0,0,1,False,CHAPINERO,ALTOS DE BELLAVISTA,Calle 72,1497.11,0,PARQUE ZONAL GUSTAVO URIBE BOTERO,520.87,0,0.06,,0.75,1.0,0.0,,0.01,755.45,0.0
34-M4624321,APARTAMENTO,VENTA,21.25,272.0,4.0,4.0,1487000.0,0.0,,6,MAS DE 20 ANOS,4.69,-74.05,USADO,,0,0,0,0,1,0,0,0,0,1,False,USAQUEN,SAN PATRICIO,Pepe Sierra,670.87,0,PARQUE METROPOLITANO EL COUNTRY,1675.7,0,0.08,,0.0,1.0,0.0,,0.01,117.61,3.0
4566-M4205469,APARTAMENTO,VENTA,20.6,138.57,3.0,2.0,708000.0,3.0,SANTA BARBARA,6,ENTRE 10 Y 20 ANOS,4.7,-74.05,USADO,,0,1,0,1,0,0,0,0,0,1,False,USAQUEN,SANTA BARBARA OCCIDENTAL,Calle 127,377.03,1,PARQUE ZONAL ATABANZA,1014.9,0,0.15,,1.0,1.5,0.0,,0.02,269.37,5.0
34-M4661838,APARTAMENTO,VENTA,19.73,68.4,3.0,2.0,340000.0,1.0,COLINA Y ALREDEDORES,4,ENTRE 10 Y 20 ANOS,4.75,-74.07,USADO,,0,0,0,0,1,0,0,0,0,1,False,SUBA,RINCON DE BRITALIA,21 Ángeles,2088.02,0,PARQUE ZONAL SAN JOSÉ DE BAVARIA,874.55,0,0.29,,0.33,1.5,0.0,,0.04,1652.07,0.0
164-M3704272,APARTAMENTO,VENTA,19.38,67.0,3.0,2.0,3921395.93,1.0,ALTOS DE SUBA Y CERROS DE SAN JORGE,3,ENTRE 0 Y 5 ANOS,4.73,-74.1,USADO,,0,0,0,0,1,0,0,0,0,1,False,SUBA,NUEVO CORINTO,Suba - TV. 91,1738.02,0,PARQUE VECINAL URBANIZACIÓN NUEVA TIBABUYES 1,1211.92,0,0.29,,0.33,1.5,0.0,,0.04,2300.98,0.0
183-M3879836,APARTAMENTO,VENTA,19.63,66.0,2.0,2.0,272000.0,1.0,CEDRITOS,4,ENTRE 10 Y 20 ANOS,4.73,-74.04,USADO,,0,0,0,0,0,0,0,0,0,1,False,USAQUEN,PARQUES DE LORENA,Mazurén,1442.41,0,PARQUE ZONAL LA VIDA,636.54,0,0.3,,0.5,1.0,0.0,,0.03,506.75,0.0
15062-M3870673,APARTAMENTO,VENTA,20.12,110.0,3.0,2.0,3921395.93,1.0,LA SOLEDAD,4,MAS DE 20 ANOS,4.63,-74.07,USADO,,0,0,0,0,0,0,0,0,0,0,False,TEUSAQUILLO,SANTA TERESITA,Calle 45 - American School Way,592.87,0,PARQUE METROPOLITANO PARQUE NACIONAL (PM2A) ENRIQUE OLAYA HERRERA (SECTOR HISTORICO),1145.66,0,0.18,,0.33,1.5,0.0,,0.03,740.11,0.0
34-57003,APARTAMENTO,VENTA,21.68,348.84,3.0,5.0,2282400.0,3.0,CHICO,6,MAS DE 20 ANOS,4.68,-74.05,USADO,,0,1,0,0,1,0,0,0,0,0,True,CHAPINERO,S.C. CHICO NORTE,Virrey,596.64,0,PARQUE VECINAL URBANIZACIÓN NORMANDIA I II II Y IV SECTOR,477.8,1,0.06,,1.0,0.6,0.0,,0.01,202.82,2.0
34-M4569867,APARTAMENTO,VENTA,21.51,164.5,3.0,3.0,960000.0,2.0,CHICO,5,ENTRE 0 Y 5 ANOS,4.67,-74.06,USADO,,0,1,0,0,1,0,0,0,0,1,False,CHAPINERO,S.C. ANTIGUO COUNTRY,Calle 85,411.43,1,PARQUE ZONAL CANAL EL VIRREY EL CHICO,255.02,1,0.13,,0.67,1.0,0.0,,0.02,223.49,2.0
2363-M4466772,APARTAMENTO,VENTA,19.04,47.0,3.0,2.0,3921395.93,0.0,KENNEDY,3,ENTRE 5 Y 10 ANOS,4.64,-74.15,USADO,,0,0,0,0,0,0,0,0,0,1,False,KENNEDY,CIUDAD TECHO II,Transversal 86,321.16,1,PARQUE METROPOLITANO BIBLIOTECA EL TINTAL,881.07,0,0.41,,0.0,1.5,0.0,,0.06,2662.66,0.0
34-M3675602,APARTAMENTO,VENTA,20.55,84.0,1.0,2.0,820000.0,1.0,CHICO,6,ENTRE 10 Y 20 ANOS,4.66,-74.05,USADO,,0,1,0,0,1,0,0,0,0,1,False,CHAPINERO,LOS ROSALES,Calle 76 - San Felipe,1266.57,0,PARQUE ZONAL SAN ANDRÉS,597.18,0,0.24,,1.0,0.5,0.0,,0.01,664.98,0.0
34-M4652171,APARTAMENTO,VENTA,20.77,185.0,3.0,4.0,1200000.0,2.0,SANTA BARBARA,5,MAS DE 20 ANOS,4.7,-74.05,USADO,,0,1,0,0,0,0,0,0,0,1,False,USAQUEN,SANTA BARBARA OCCIDENTAL,Calle 127,285.78,1,PARQUE ZONAL ATABANZA,947.47,0,0.11,,0.67,0.75,0.0,,0.02,246.8,5.0
470-1023,APARTAMENTO,VENTA,21.31,299.0,3.0,5.0,1470000.0,4.0,SANTA BARBARA,5,ENTRE 10 Y 20 ANOS,4.7,-74.05,USADO,,0,1,0,0,1,0,0,0,0,0,False,USAQUEN,SANTA BARBARA OCCIDENTAL,Calle 127,1058.29,0,PARQUE METROPOLITANO EL COUNTRY,913.49,0,0.07,,1.33,0.6,0.0,,0.01,365.01,1.0
RV-M4437930,APARTAMENTO,VENTA,20.03,90.34,3.0,2.0,3921395.93,1.0,CEDRITOS,4,ENTRE 10 Y 20 ANOS,4.73,-74.04,USADO,,0,0,0,0,0,0,0,0,0,1,False,USAQUEN,PARQUES DE LORENA,Mazurén,1492.65,0,PARQUE ZONAL LA VIDA,711.84,0,0.22,,0.33,1.5,0.0,,0.03,437.16,1.0
34-M4479144,APARTAMENTO,VENTA,19.77,87.0,3.0,2.0,223500.0,1.0,CASTILLA MARSELLA,3,ENTRE 0 Y 5 ANOS,4.65,-74.14,USADO,,0,0,0,0,1,0,0,0,0,1,False,KENNEDY,BOSCONIA,Transversal 86,1859.78,0,PARQUE VECINAL VILLA ALSACIA,1059.68,0,0.23,,0.33,1.5,0.0,,0.03,1817.37,0.0
661-M4568871,APARTAMENTO,VENTA,19.27,30.0,1.0,1.0,216000.0,0.0,CEDRITOS,4,ENTRE 0 Y 5 ANOS,4.73,-74.02,USADO,,0,0,0,0,1,0,0,0,0,1,False,USAQUEN,BOCACOLINA EL CEDRO,Mazurén,2857.64,0,PARQUE ZONAL ALTA BLANCA,633.16,0,0.64,,0.0,1.0,0.0,,0.03,1021.13,0.0
12503-M4524905,APARTAMENTO,VENTA,20.67,128.0,3.0,4.0,726000.0,2.0,COUNTRY,5,ENTRE 10 Y 20 ANOS,4.71,-74.03,USADO,4124000.0,1,0,0,1,1,0,1,0,0,1,False,USAQUEN,LISBOA_,Prado,2364.58,0,PARQUE VECINAL NUEVA URBANIZACIÓN EL CEDRITO,1082.61,0,0.16,32218.75,0.67,0.75,0.0,5.68,0.02,272.34,3.0
RV-M4437909,APARTAMENTO,VENTA,19.76,68.0,3.0,2.0,260600.0,1.0,COLINA Y ALREDEDORES,4,ENTRE 10 Y 20 ANOS,4.74,-74.06,USADO,,0,0,0,0,1,0,0,0,0,1,False,SUBA,URB. VERSALLES,Mazurén,1044.68,0,PARQUE VECINAL DESARROLLO CANTALEJO URBANIZACIÓN CANTALEJO MANZANA B,531.42,0,0.29,,0.33,1.5,0.0,,0.04,1121.26,0.0
183-M4287878,APARTAMENTO,VENTA,19.23,53.0,3.0,2.0,230000.0,0.0,ORQUIDEAS,3,ENTRE 10 Y 20 ANOS,4.74,-74.03,USADO,,0,0,0,0,0,0,0,0,0,1,False,USAQUEN,SANTA TERESA,Toberin - Foundever,1813.29,0,PARQUE ZONAL SERVITA,710.97,0,0.36,,0.0,1.5,0.0,,0.06,789.53,0.0
164-M3479717,APARTAMENTO,VENTA,20.21,93.65,3.0,2.0,406700.0,2.0,COLINA Y ALREDEDORES,5,ENTRE 0 Y 5 ANOS,4.72,-74.07,USADO,,0,0,0,0,1,0,0,0,0,0,False,SUBA,S.C. CIUDAD JARDIN NORTE,Suba - AV. Boyacá,250.54,1,PARQUE VECINAL AGRUPACIÓN DE VIVIENDA EN BALCON DE LINDARAJA,1166.3,0,0.22,,0.67,1.5,0.0,,0.03,1035.69,0.0
734-M4731088,APARTAMENTO,VENTA,19.78,50.0,1.0,1.0,3921395.93,1.0,SALITRE MODELIA,5,ENTRE 5 Y 10 ANOS,4.66,-74.12,USADO,,0,0,0,0,1,0,0,0,0,1,False,FONTIBON,LA ESPERANZA NORTE,AV. Rojas,704.97,0,PARQUE VECINAL CARLOS LLERAS (EL FUEGO),417.44,1,0.4,,1.0,1.0,0.0,,0.02,731.55,0.0
3325-M3781258,APARTAMENTO,VENTA,20.21,80.0,3.0,2.0,365000.0,1.0,NIZA ALHAMBRA,4,ENTRE 10 Y 20 ANOS,4.71,-74.08,USADO,,0,0,0,0,0,0,0,0,0,1,True,SUBA,NIZA SUR,Humedal Córdoba,619.46,0,PARQUE ZONAL LOS LACHES LA MINA,692.69,0,0.25,,0.33,1.5,0.0,,0.04,691.41,0.0
661-M4529862,APARTAMENTO,VENTA,19.84,87.5,3.0,2.0,248000.0,0.0,CASTILLA MARSELLA,3,ENTRE 5 Y 10 ANOS,4.65,-74.14,USADO,,0,0,0,0,1,0,0,0,0,0,False,KENNEDY,BOSCONIA,Transversal 86,1859.78,0,PARQUE VECINAL VILLA ALSACIA,1059.68,0,0.23,,0.0,1.5,0.0,,0.03,1817.37,0.0
34-M4313760,APARTAMENTO,VENTA,20.7,164.0,3.0,5.0,500000.0,1.0,COLINA Y ALREDEDORES,5,ENTRE 0 Y 5 ANOS,4.73,-74.07,USADO,,0,1,0,0,1,0,0,0,0,1,False,SUBA,COLPATRIA SANTA HELENA II SECTOR,Gratamira,1130.3,0,PARQUE ZONAL EL TOMILLAR,1128.51,0,0.13,,0.33,0.6,0.0,,0.02,68.91,1.0
34-M3855873,APARTAMENTO,VENTA,20.91,166.0,2.0,4.0,1277000.0,3.0,CHICO,6,ENTRE 10 Y 20 ANOS,4.68,-74.06,USADO,,0,1,0,0,1,0,0,0,0,0,False,CHAPINERO,S.C. CHICO NORTE III SECTOR,Calle 100 - Marketmedios,284.57,1,PARQUE VECINAL URBANIZACIÓN NORMANDIA I II II Y IV SECTOR,826.13,0,0.13,,1.5,0.5,0.0,,0.01,359.37,1.0
346-M4096279,APARTAMENTO,VENTA,20.86,176.0,3.0,2.0,960000.0,2.0,CHICO,6,MAS DE 20 ANOS,4.67,-74.04,USADO,,0,0,0,0,0,0,0,0,0,1,False,CHAPINERO,CHICO ORIENTAL,Virrey,1826.19,0,PARQUE VECINAL URBANIZACIÓN LA CABRERA,848.73,0,0.12,,0.67,1.5,0.0,,0.02,771.8,0.0
661-M4706487,APARTAMENTO,VENTA,21.24,131.0,3.0,3.0,512300.0,2.0,CORTIJO AUTOPISTA MEDELLIN,6,ENTRE 5 Y 10 ANOS,4.7,-74.08,USADO,,0,0,0,0,1,0,0,0,0,1,False,SUBA,S.C. CLUB DE LOS LAGARTOS,AV. Boyacá,1047.22,0,PARQUE METROPOLITANO CEFE COMETAS,1076.94,0,0.16,,0.67,1.0,0.0,,0.02,930.93,0.0
10151-M4742663,APARTAMENTO,VENTA,20.52,177.5,3.0,2.0,1856000.0,2.0,CEDRITOS,6,ENTRE 10 Y 20 ANOS,4.73,-74.02,USADO,,0,1,0,0,0,0,0,0,0,1,False,USAQUEN,BOSQUE DE PINOS III,Calle 146,3015.58,0,PARQUE VECINAL NUEVA URBANIZACIÓN EL CEDRITO,1161.57,0,0.12,,0.67,1.5,0.0,,0.02,1168.92,0.0
34-62580,APARTAMENTO,VENTA,20.62,97.86,2.0,2.0,638000.0,1.0,CENTRO INTERNACIONAL,4,ENTRE 10 Y 20 ANOS,4.62,-74.07,USADO,,0,0,0,0,1,0,0,0,0,0,False,SANTA FE,SAMPER,Calle 26,277.65,1,PARQUE METROPOLITANO EL RENACIMIENTO - PARQUE CEMENTERIO CENTRAL,656.62,0,0.21,,0.5,1.0,0.0,,0.02,343.77,4.0
34-62709,APARTAMENTO,VENTA,19.95,53.86,1.0,2.0,292500.0,1.0,CENTRO INTERNACIONAL,4,ENTRE 0 Y 5 ANOS,4.62,-74.07,USADO,,0,0,0,0,1,0,0,0,0,1,False,SANTA FE,SAN_MARTIN,Museo Nacional,379.46,1,PARQUE METROPOLITANO INDEPENDENCIA BICENTENARIO,655.06,0,0.37,,1.0,0.5,0.0,,0.02,307.11,4.0
164-M4582857,APARTAMENTO,VENTA,19.05,33.92,2.0,1.0,130000.0,0.0,TIMIZA LA ALQUERIA,3,REMODELADO,4.61,-74.16,USADO,,0,0,0,0,1,0,0,0,0,1,False,KENNEDY,TIMIZA,CC Paseo Villa del Río - Madelena,1631.74,0,PARQUE VECINAL LAGO TIMIZA I ETAPA,356.59,1,0.56,,0.0,2.0,0.0,,0.06,1483.75,0.0
14236-M4656179,APARTAMENTO,VENTA,19.54,67.0,3.0,2.0,211000.0,1.0,CORTIJO AUTOPISTA MEDELLIN,3,ENTRE 10 Y 20 ANOS,4.73,-74.12,USADO,,0,0,0,0,0,0,0,0,0,1,False,ENGATIVA,EL_CORTIJO,Portal 80,2398.88,0,PARQUE METROPOLITANO PLANTA DE TRATAMIENTO SALITRE,234.85,1,0.29,,0.33,1.5,0.0,,0.04,2202.13,0.0
34-M3335692,APARTAMENTO,VENTA,20.97,175.17,3.0,3.0,967000.0,2.0,SANTA BARBARA,5,MAS DE 20 ANOS,4.69,-74.04,USADO,,0,1,0,0,0,0,0,0,0,1,False,USAQUEN,SANTA ANA OCCIDENTAL,Calle 106,2422.15,0,PARQUE METROPOLITANO EL COUNTRY,2083.12,0,0.12,,0.67,1.0,0.0,,0.02,534.85,0.0
164-M4738991,APARTAMENTO,VENTA,19.06,44.49,3.0,2.0,150000.0,0.0,RAFAEL URIBE URIBE TUNJUELITO,3,REMODELADO,4.58,-74.11,USADO,,0,0,0,0,1,0,0,0,0,1,False,RAFAEL URIBE URIBE,S.C. QUIROGA,Olaya,369.33,1,PARQUE BOLSILLO URBANIZACIÓN GUSTAVO RESTREPO,372.35,1,0.43,,0.0,1.5,0.0,,0.07,2031.06,0.0
661-M4604087,APARTAMENTO,VENTA,19.76,50.0,1.0,1.0,480000.0,1.0,CENTRO INTERNACIONAL,4,ENTRE 10 Y 20 ANOS,4.62,-74.07,USADO,,0,0,0,0,1,0,0,0,0,1,False,SANTA FE,SAMPER,Calle 26,191.03,1,PARQUE METROPOLITANO INDEPENDENCIA BICENTENARIO,511.33,0,0.4,,1.0,1.0,0.0,,0.02,158.82,6.0
771-M4371181,APARTAMENTO,VENTA,20.67,156.0,3.0,5.0,1000000.0,2.0,SANTA BARBARA,6,MAS DE 20 ANOS,4.69,-74.05,USADO,,0,0,0,0,1,0,0,0,0,1,False,USAQUEN,SANTA BIBIANA,Calle 106,969.4,0,PARQUE VECINAL URBANIZACIÓN NORMANDIA I II II Y IV SECTOR,1594.29,0,0.13,,0.67,0.6,0.0,,0.02,473.94,2.0
164-M3352086,APARTAMENTO,VENTA,19.41,51.94,2.0,1.0,130000.0,1.0,KENNEDY,3,ENTRE 0 Y 5 ANOS,4.65,-74.15,USADO,,0,0,0,0,1,0,0,0,0,1,False,KENNEDY,S.C. TINTALA,Biblioteca Tintal,1286.16,0,PARQUE METROPOLITANO BIBLIOTECA EL TINTAL,490.53,1,0.37,,0.5,2.0,0.0,,0.04,2562.23,0.0
183-M4130127,APARTAMENTO,VENTA,19.87,127.0,3.0,3.0,544000.0,2.0,CEDRITOS,4,MAS DE 20 ANOS,4.73,-74.03,USADO,,0,1,0,0,0,0,0,0,0,1,False,USAQUEN,CAOBOS SALAZAR,Calle 142,1854.49,0,PARQUE VECINAL NUEVA URBANIZACIÓN EL CEDRITO,287.87,1,0.16,,0.67,1.0,0.0,,0.02,477.32,1.0
771-M4371185,APARTAMENTO,VENTA,21.49,193.0,3.0,5.0,1324000.0,4.0,CHICO,6,ENTRE 5 Y 10 ANOS,4.66,-74.05,USADO,,0,0,0,0,1,0,0,0,0,1,False,CHAPINERO,S.C. BELLAVISTA,Calle 72,1035.42,0,PARQUE ZONAL GUSTAVO URIBE BOTERO,607.62,0,0.11,,1.33,0.6,0.0,,0.02,287.69,3.0
488-M4307427,APARTAMENTO,VENTA,20.29,110.0,5.0,4.0,570000.0,2.0,CEDRITOS,4,MAS DE 20 ANOS,4.73,-74.03,USADO,,0,1,0,0,0,0,0,0,0,1,False,USAQUEN,CEDRO SALAZAR,Calle 146,2175.42,0,PARQUE VECINAL NUEVA URBANIZACIÓN EL CEDRITO,655.2,0,0.18,,0.4,1.25,0.0,,0.05,310.96,1.0
34-M3840389,APARTAMENTO,VENTA,20.77,143.6,3.0,4.0,1013000.0,1.0,SANTA BARBARA,6,ENTRE 10 Y 20 ANOS,4.7,-74.05,USADO,,0,1,0,0,1,0,0,0,0,1,False,USAQUEN,SANTA BARBARA OCCIDENTAL,Calle 127,1046.59,0,PARQUE METROPOLITANO EL COUNTRY,966.77,0,0.14,,0.33,0.75,0.0,,0.02,308.5,1.0
681-M4131315,APARTAMENTO,VENTA,20.13,90.0,3.0,2.0,510000.0,2.0,COUNTRY,5,MAS DE 20 ANOS,4.71,-74.05,USADO,,0,1,0,0,0,0,0,0,0,1,False,USAQUEN,,Prado,401.9,1,PARQUE ZONAL ATABANZA,817.56,0,0.22,,0.67,1.5,0.0,,0.03,500.42,0.0
11013-M4660369,APARTAMENTO,VENTA,21.33,173.5,2.0,2.0,1681000.0,2.0,CHICO,6,ENTRE 10 Y 20 ANOS,4.67,-74.04,USADO,,0,1,0,0,0,0,0,0,0,1,False,CHAPINERO,S.C. CHICO NORTE,Virrey,1615.19,0,PARQUE VECINAL URBANIZACIÓN LA CABRERA,628.77,0,0.12,,1.0,1.0,0.0,,0.01,549.35,0.0
304-M3292222,APARTAMENTO,VENTA,20.21,118.91,3.0,3.0,3921395.93,2.0,COUNTRY,5,MAS DE 20 ANOS,4.72,-74.05,USADO,,0,1,0,0,0,0,0,0,0,1,False,USAQUEN,LA CALLEJA SANTACOLOMA,Prado,455.94,1,PARQUE ZONAL ATABANZA,1256.14,0,0.17,,0.67,1.0,0.0,,0.03,592.39,0.0
164-M3687148,APARTAMENTO,VENTA,19.4,53.0,3.0,2.0,210000.0,1.0,FONTIBON TINTAL,3,ENTRE 10 Y 20 ANOS,4.66,-74.12,USADO,,0,0,0,0,1,0,0,0,0,1,False,FONTIBON,LA ESPERANZA_,Normandía,1095.64,0,PARQUE ZONAL CANAL BOYACA,349.87,1,0.37,,0.33,1.5,0.0,,0.06,465.44,1.0
646-M4551234,APARTAMENTO,VENTA,20.03,131.0,3.0,3.0,426041.0,1.0,CHAPINERO ALTO,3,MAS DE 20 ANOS,4.65,-74.06,USADO,,0,0,0,0,1,0,0,0,0,1,False,CHAPINERO,S.C. CHAPINERO CENTRAL,Calle 63,353.49,1,PARQUE ZONAL GUSTAVO URIBE BOTERO,1159.98,0,0.15,,0.33,1.0,0.0,,0.02,689.89,0.0
617-M4508106,APARTAMENTO,VENTA,20.15,60.0,1.0,2.0,299000.0,2.0,CHAPINERO ALTO,4,ENTRE 5 Y 10 ANOS,4.64,-74.06,USADO,,0,1,0,1,1,0,0,0,0,0,False,CHAPINERO,S.C INGEMAR,Calle 57,934.52,0,PARQUE ZONAL GUSTAVO URIBE BOTERO,1244.75,0,0.34,,2.0,0.5,0.0,,0.02,1272.36,0.0
603-M4558182,APARTAMENTO,VENTA,19.19,60.0,3.0,2.0,110000.0,0.0,CASTILLA MARSELLA,3,MAS DE 20 ANOS,4.64,-74.14,USADO,,0,0,0,0,0,1,0,0,0,1,False,KENNEDY,VILLA ALSACIA,Mandalay,1538.18,0,PARQUE VECINAL VILLA ALSACIA,139.87,1,0.32,,0.0,1.5,0.0,,0.05,955.21,0.0
304-M3354194,APARTAMENTO,VENTA,20.61,130.0,3.0,4.0,3921395.93,3.0,SANTA BARBARA,6,ENTRE 10 Y 20 ANOS,4.69,-74.06,USADO,,0,1,0,0,1,0,0,0,0,0,False,USAQUEN,SANTA BIBIANA,Calle 106,95.22,1,PARQUE ZONAL CANAL CORDOBA,1456.12,0,0.16,,1.0,0.75,0.0,,0.02,645.76,0.0
14774-M3985556,APARTAMENTO,VENTA,20.07,76.54,2.0,2.0,3921395.93,1.0,CENTRO NARINO,4,ENTRE 0 Y 5 ANOS,4.63,-74.09,USADO,,0,0,0,0,0,0,0,0,0,0,False,TEUSAQUILLO,EL_RECUERDO,Recinto Ferial,258.19,1,PARQUE VECINAL SANTA CLARA,1000.43,0,0.26,,0.5,1.0,0.0,,0.03,1307.59,0.0
16039-M4353818,APARTAMENTO,VENTA,20.99,296.0,3.0,3.0,1777000.0,2.0,CHICO,6,MAS DE 20 ANOS,4.68,-74.05,USADO,,0,1,0,0,0,0,0,0,0,1,True,CHAPINERO,S.C. CHICO NORTE,Calle 100 - Marketmedios,757.4,0,PARQUE VECINAL URBANIZACIÓN NORMANDIA I II II Y IV SECTOR,677.49,0,0.07,,0.67,1.0,0.0,,0.01,224.25,2.0
495-M4369995,APARTAMENTO,VENTA,20.82,118.0,2.0,3.0,1470000.0,2.0,SANTA BARBARA,6,ENTRE 5 Y 10 ANOS,4.69,-74.05,USADO,,0,0,0,0,0,0,0,0,0,1,False,USAQUEN,SANTA BIBIANA,Calle 106,815.39,0,PARQUE VECINAL URBANIZACIÓN NORMANDIA I II II Y IV SECTOR,1612.62,0,0.18,,1.0,0.67,0.0,,0.02,560.34,0.0
973-M4595013,APARTAMENTO,VENTA,19.86,60.0,2.0,2.0,174000.0,1.0,CENTRO NARINO,4,REMODELADO,4.63,-74.1,USADO,,0,0,0,0,1,0,0,0,0,1,False,TEUSAQUILLO,ORTEZAL_,Recinto Ferial,745.45,0,PARQUE VECINAL SANTA CLARA,379.94,1,0.33,,0.5,1.0,0.0,,0.03,952.9,0.0
13439-M4700017,APARTAMENTO,VENTA,20.61,115.0,3.0,2.0,610000.0,2.0,SANTA BARBARA,5,MAS DE 20 ANOS,4.7,-74.03,USADO,,0,0,0,0,0,0,0,0,0,1,False,USAQUEN,SANTA BARBARA CENTRAL II,Calle 127,2162.71,0,PARQUE METROPOLITANO EL COUNTRY,477.18,1,0.18,,0.67,1.5,0.0,,0.03,695.71,0.0
10366-M3494896,APARTAMENTO,VENTA,19.67,72.0,2.0,2.0,3921395.93,1.0,COLINA Y ALREDEDORES,5,MAS DE 20 ANOS,4.73,-74.06,USADO,,0,0,0,0,0,0,0,0,0,1,False,SUBA,COLPATRIA SANTA HELENA II SECTOR,Gratamira,1373.55,0,PARQUE VECINAL URBANIZACIÓN LA LAGUNA,1004.37,0,0.27,,0.5,1.0,0.0,,0.03,446.36,2.0
2195-M4655880,APARTAMENTO,VENTA,19.64,60.84,3.0,2.0,222300.0,1.0,PUENTE ARANDA,3,ENTRE 5 Y 10 ANOS,4.62,-74.1,USADO,,0,0,0,0,1,0,0,0,0,1,False,PUENTE ARANDA,LOS EJIDOS,Zona Industrial,657.93,0,PARQUE ZONAL INDUSTRIAL LOS EJIDOS,420.77,1,0.32,,0.33,1.5,0.0,,0.05,2283.18,0.0
953-M4699976,APARTAMENTO,VENTA,19.09,54.0,2.0,2.0,145600.0,1.0,ALTOS DE SUBA Y CERROS DE SAN JORGE,3,MAS DE 20 ANOS,4.74,-74.09,USADO,,0,0,0,0,0,0,0,0,0,1,False,SUBA,URB. EL BOSQUE DE SUBA,Suba - TV. 91,387.95,1,PARQUE ZONAL BELLAVISTA DINDALITO,460.71,1,0.35,,0.5,1.0,0.0,,0.04,1515.59,0.0
2363-M3818900,APARTAMENTO,VENTA,19.37,44.93,2.0,1.0,274000.0,1.0,LA SOLEDAD,4,MAS DE 20 ANOS,4.63,-74.08,USADO,,0,0,0,0,1,0,0,0,0,1,False,TEUSAQUILLO,BELALCAZAR,Universidad Nacional,446.35,1,PARQUE ESCENARIO DEPORTIVO EL CAMPINCITO - CEAD,1293.4,0,0.43,,0.5,2.0,0.0,,0.04,896.61,0.0
10366-M3328897,APARTAMENTO,VENTA,20.72,124.0,2.0,3.0,3921395.93,2.0,CHICO,5,ENTRE 10 Y 20 ANOS,4.68,-74.04,USADO,,0,1,0,0,0,0,0,0,0,1,False,CHAPINERO,CHICO RESERVADO,Calle 100 - Marketmedios,1879.18,0,PARQUE VECINAL URBANIZACIÓN LA CABRERA,1385.61,0,0.17,,1.0,0.67,0.0,,0.02,248.8,2.0
2195-M4644891,APARTAMENTO,VENTA,20.01,55.52,1.0,2.0,436000.0,1.0,CHAPINERO ALTO,4,ENTRE 10 Y 20 ANOS,4.64,-74.06,USADO,,0,0,0,0,1,0,0,0,0,1,False,CHAPINERO,S.C. BOSQUE CALDERON,Calle 57,732.7,0,PARQUE ZONAL GUSTAVO URIBE BOTERO,1359.72,0,0.36,,1.0,0.5,0.0,,0.02,1156.9,0.0
633-M4491479,APARTAMENTO,VENTA,20.01,95.0,2.0,2.0,242000.0,1.0,NICOLAS DE FEDERMAN,5,REMODELADO,4.65,-74.08,USADO,,0,0,0,0,1,0,0,0,0,0,False,TEUSAQUILLO,NICOLAS DE FEDERMAN,Campín - UAN,581.51,0,PARQUE ZONAL NICOLAS DE FEDERMAN 3,270.71,1,0.21,,0.5,1.0,0.0,,0.02,679.35,0.0
3552-M4019850,APARTAMENTO,VENTA,19.34,66.0,3.0,2.0,3921395.93,1.0,ALTOS DE SUBA Y CERROS DE SAN JORGE,3,REMODELADO,4.75,-74.08,USADO,,0,0,0,0,0,0,0,0,0,1,False,SUBA,CAMPANELLA,Portal Suba,1286.56,0,PARQUE ZONAL CAMPO VERDE,570.41,0,0.29,,0.33,1.5,0.0,,0.05,1286.17,0.0
5340-M3081073,APARTAMENTO,VENTA,20.95,180.39,3.0,3.0,1190000.0,2.0,CHICO,6,MAS DE 20 ANOS,4.67,-74.05,USADO,,0,1,0,0,1,0,0,0,0,0,False,CHAPINERO,LA CABRERA,Héroes - Gel´Hada,815.77,0,PARQUE VECINAL URBANIZACIÓN LA CABRERA,322.8,1,0.12,,0.67,1.0,0.0,,0.02,149.06,8.0
164-M4738941,APARTAMENTO,VENTA,19.06,44.21,3.0,2.0,150000.0,0.0,RAFAEL URIBE URIBE TUNJUELITO,3,REMODELADO,4.58,-74.11,USADO,,0,0,0,0,1,0,0,0,0,1,False,RAFAEL URIBE URIBE,S.C. QUIROGA,Olaya,369.33,1,PARQUE BOLSILLO URBANIZACIÓN GUSTAVO RESTREPO,372.35,1,0.43,,0.0,1.5,0.0,,0.07,2031.06,0.0
304-M3338855,APARTAMENTO,VENTA,19.7,48.84,1.0,2.0,3921395.93,1.0,COUNTRY,5,ENTRE 0 Y 5 ANOS,4.72,-74.05,USADO,,0,1,0,0,0,0,0,0,0,1,False,USAQUEN,LOS CEDROS,Calle 142,347.08,1,PARQUE VECINAL PRADO PINZÓN,543.39,0,0.4,,1.0,0.5,0.0,,0.02,483.29,1.0
9947-M4477248,APARTAMENTO,VENTA,20.03,79.0,3.0,2.0,302400.0,1.0,NIZA ALHAMBRA,4,ENTRE 5 Y 10 ANOS,4.7,-74.08,USADO,,0,0,0,1,0,0,0,0,0,0,False,SUBA,S.C. POTOSI,Ferias,531.74,0,PARQUE ZONAL BONANZA,1017.81,0,0.25,,0.33,1.5,0.0,,0.04,353.99,3.0
304-M3602655,APARTAMENTO,VENTA,20.46,119.0,3.0,3.0,3921395.93,2.0,COUNTRY,6,REMODELADO,4.71,-74.04,USADO,,0,0,0,0,1,0,0,0,0,1,False,USAQUEN,LA_CAROLINA,Calle 127,1354.67,0,PARQUE METROPOLITANO EL COUNTRY,401.6,1,0.17,,0.67,1.0,0.0,,0.03,262.26,1.0
2195-M4697759,APARTAMENTO,VENTA,19.97,99.1,3.0,2.0,417000.0,1.0,COLINA Y ALREDEDORES,5,ENTRE 0 Y 5 ANOS,4.73,-74.07,USADO,,0,0,0,0,1,0,0,0,0,1,False,SUBA,COLINA CAMPESTRE III SECTOR,Gratamira,846.75,0,PARQUE VECINAL PRADO PINZÓN,1474.39,0,0.2,,0.33,1.5,0.0,,0.03,223.75,1.0
478-1636,APARTAMENTO,VENTA,20.62,250.0,4.0,5.0,1385000.0,4.0,SANTA BARBARA,5,MAS DE 20 ANOS,4.7,-74.04,USADO,,0,1,0,0,1,0,0,0,0,0,False,USAQUEN,SANTA BARBARA CENTRAL II SECTOR,Pepe Sierra,1982.95,0,PARQUE METROPOLITANO EL COUNTRY,998.61,0,0.08,,1.0,0.8,0.0,,0.02,564.16,0.0
703-M3866306,APARTAMENTO,VENTA,19.98,86.0,2.0,3.0,759000.0,2.0,SANTA BARBARA,6,MAS DE 20 ANOS,4.7,-74.04,USADO,,0,0,0,0,0,0,0,0,0,1,False,USAQUEN,SANTA BARBARA CENTRAL III SECTOR,Pepe Sierra,2151.61,0,PARQUE METROPOLITANO EL COUNTRY,970.8,0,0.23,,1.0,0.67,0.0,,0.02,424.07,1.0
14-M3572291,APARTAMENTO,VENTA,19.71,71.0,2.0,2.0,3921395.93,1.0,NIZA ALHAMBRA,5,ENTRE 10 Y 20 ANOS,4.69,-74.06,USADO,,0,0,0,0,1,0,0,0,0,1,False,SUBA,S.C. PASADENA,Suba - Calle 100,372.14,1,PARQUE ZONAL CANAL RIO NEGRO,1229.38,0,0.28,,0.5,1.0,0.0,,0.03,295.53,1.0
34-63691,APARTAMENTO,VENTA,20.62,143.0,3.0,4.0,700000.0,2.0,SANTA BARBARA,6,ENTRE 10 Y 20 ANOS,4.7,-74.05,USADO,,0,1,0,0,1,0,0,0,0,0,False,USAQUEN,SAN PATRICIO,Pepe Sierra,919.39,0,PARQUE METROPOLITANO EL COUNTRY,1322.72,0,0.14,,0.67,0.75,0.0,,0.02,176.0,3.0
771-M4370877,APARTAMENTO,VENTA,20.42,150.0,3.0,3.0,1350000.0,2.0,SANTA BARBARA,5,MAS DE 20 ANOS,4.7,-74.05,USADO,,0,0,0,0,0,0,0,0,0,1,False,USAQUEN,SANTA BARBARA OCCIDENTAL,Calle 127,750.17,0,PARQUE METROPOLITANO EL COUNTRY,1084.78,0,0.14,,0.67,1.0,0.0,,0.02,470.84,1.0
661-M4595465,APARTAMENTO,VENTA,19.52,28.0,1.0,1.0,3921395.93,0.0,SALITRE MODELIA,4,ENTRE 0 Y 5 ANOS,4.66,-74.11,USADO,,0,0,0,0,1,0,0,0,0,1,False,FONTIBON,LA ESPERANZA NORTE,AV. Rojas,306.36,1,PARQUE VECINAL CARLOS LLERAS (EL FUEGO),681.31,0,0.7,,0.0,1.0,0.0,,0.04,522.58,0.0
183-M3447755,APARTAMENTO,VENTA,20.17,64.07,2.0,2.0,930000.0,2.0,CHICO,5,MAS DE 20 ANOS,4.68,-74.06,USADO,,0,0,0,0,1,0,0,0,0,1,False,CHAPINERO,S.C. EL CHICO,Virrey,155.08,1,PARQUE VECINAL URBANIZACIÓN NORMANDIA I II II Y IV SECTOR,36.7,1,0.31,,1.0,1.0,0.0,,0.03,608.05,0.0
617-M4508129,APARTAMENTO,VENTA,20.6,81.4,2.0,2.0,500000.0,2.0,CHAPINERO ALTO,5,ENTRE 5 Y 10 ANOS,4.64,-74.06,USADO,,0,1,0,1,1,0,0,0,0,0,False,CHAPINERO,S.C INGEMAR,Calle 57,935.18,0,PARQUE ZONAL GUSTAVO URIBE BOTERO,1234.2,0,0.25,,1.0,1.0,0.0,,0.02,1261.79,0.0
953-M4186966,APARTAMENTO,VENTA,19.92,84.0,2.0,2.0,629100.0,2.0,COUNTRY,5,ENTRE 10 Y 20 ANOS,4.72,-74.05,USADO,,0,0,0,0,1,0,0,0,0,1,False,USAQUEN,LOS CEDROS,Alcalá,159.87,1,PARQUE VECINAL PRADO PINZÓN,722.96,0,0.24,,1.0,1.0,0.0,,0.02,355.39,1.0
12503-M4417306,APARTAMENTO,VENTA,21.24,124.0,2.0,3.0,700000.0,2.0,CHICO,6,ENTRE 0 Y 5 ANOS,4.67,-74.06,USADO,,1,0,0,1,1,0,0,0,0,1,False,CHAPINERO,S.C. ANTIGUO COUNTRY,Calle 85,410.7,1,PARQUE ZONAL CANAL EL VIRREY EL CHICO,255.67,1,0.17,,1.0,0.67,0.0,,0.02,224.14,2.0
11013-M4694853,APARTAMENTO,VENTA,20.18,49.57,1.0,2.0,400000.0,2.0,NIZA ALHAMBRA,4,ENTRE 0 Y 5 ANOS,4.7,-74.08,USADO,,0,0,0,0,1,0,0,0,0,1,True,SUBA,NIZA SUR,Humedal Córdoba,780.22,0,PARQUE ZONAL MORATO,938.38,0,0.41,,2.0,0.5,0.0,,0.02,975.53,0.0
304-M3312884,APARTAMENTO,VENTA,20.08,83.13,2.0,2.0,525000.0,1.0,CHAPINERO ALTO,4,MAS DE 20 ANOS,4.65,-74.06,USADO,,0,0,0,0,1,0,0,0,0,1,False,CHAPINERO,S.C. GRANADA,Calle 63,705.85,0,PARQUE ZONAL GUSTAVO URIBE BOTERO,721.16,0,0.24,,0.5,1.0,0.0,,0.02,424.35,1.0
295-M4735361,APARTAMENTO,VENTA,19.79,88.0,2.0,2.0,429000.0,1.0,NIZA ALHAMBRA,4,MAS DE 20 ANOS,4.7,-74.06,USADO,,0,0,0,0,1,0,0,0,0,1,False,SUBA,LA ALHAMBRA SECTOR SUR,Pepe Sierra,239.5,1,PARQUE ZONAL CANAL CORDOBA,1002.21,0,0.22,,0.5,1.0,0.0,,0.02,666.74,0.0
2671-M3330375,APARTAMENTO,VENTA,20.72,207.0,3.0,4.0,692000.0,3.0,COUNTRY,5,MAS DE 20 ANOS,4.72,-74.04,USADO,,0,1,0,0,0,0,0,0,0,1,False,USAQUEN,LISBOA_,Prado,1836.6,0,PARQUE VECINAL NUEVA URBANIZACIÓN EL CEDRITO,969.09,0,0.1,,1.0,0.75,0.0,,0.01,324.49,1.0
646-M4551231,APARTAMENTO,VENTA,19.92,117.0,3.0,2.0,316019.0,0.0,CHAPINERO ALTO,3,MAS DE 20 ANOS,4.65,-74.06,USADO,,1,1,0,0,1,0,0,0,0,1,False,CHAPINERO,S.C. CHAPINERO CENTRAL,Calle 63,353.49,1,PARQUE ZONAL GUSTAVO URIBE BOTERO,1159.98,0,0.17,,0.0,1.5,0.0,,0.03,689.89,0.0
73-M3228911,APARTAMENTO,VENTA,20.1,60.0,1.0,2.0,3921395.93,1.0,CHICO,5,ENTRE 5 Y 10 ANOS,4.68,-74.05,USADO,,0,0,0,0,0,0,0,0,0,1,False,CHAPINERO,S.C. CHICO NORTE,Virrey,1115.25,0,PARQUE ZONAL CANAL EL VIRREY EL CHICO,674.84,0,0.33,,1.0,0.5,0.0,,0.02,85.72,2.0
953-M4288241,APARTAMENTO,VENTA,19.77,69.0,2.0,3.0,385000.0,1.0,NIZA ALHAMBRA,5,ENTRE 10 Y 20 ANOS,4.71,-74.06,USADO,,0,0,0,0,1,0,0,0,0,1,False,SUBA,EL BATAN,Calle 127,280.05,1,PARQUE ZONAL ATABANZA,480.15,1,0.29,,0.5,0.67,0.0,,0.03,439.07,3.0
346-M4545539,APARTAMENTO,VENTA,19.95,69.65,2.0,1.0,850000.0,1.0,CHICO,6,MAS DE 20 ANOS,4.66,-74.05,USADO,,0,0,0,0,1,0,0,0,0,1,False,CHAPINERO,S.C. EL NOGAL,Calle 76 - San Felipe,836.28,0,PARQUE ZONAL SAN ANDRÉS,446.84,1,0.29,,0.5,2.0,0.0,,0.03,532.38,0.0
183-M3863603,APARTAMENTO,VENTA,19.86,78.0,2.0,2.0,622000.0,1.0,CHICO,6,MAS DE 20 ANOS,4.68,-74.06,USADO,,0,0,0,0,1,0,0,0,0,1,False,CHAPINERO,S.C. CHICO NORTE,Virrey,371.43,1,PARQUE VECINAL URBANIZACIÓN NORMANDIA I II II Y IV SECTOR,230.27,1,0.25,,0.5,1.0,0.0,,0.03,398.13,1.0
703-M4611532,APARTAMENTO,VENTA,21.02,170.0,3.0,4.0,1500000.0,2.0,SANTA BARBARA,6,ENTRE 10 Y 20 ANOS,4.7,-74.05,USADO,,0,0,0,0,0,0,0,0,0,1,False,USAQUEN,SAN PATRICIO,Pepe Sierra,386.27,1,PARQUE ZONAL ATABANZA,1515.99,0,0.12,,0.67,0.75,0.0,,0.02,228.16,2.0
183-M4025390,APARTAMENTO,VENTA,20.91,289.0,5.0,3.0,150000.0,0.0,CENTRO Y ZONA COLONIAL,3,MAS DE 20 ANOS,4.61,-74.07,USADO,,0,1,0,0,1,0,0,0,0,0,False,SANTA FE,LAS NIEVES,San Diego,219.9,1,PARQUE METROPOLITANO INDEPENDENCIA BICENTENARIO,392.04,1,0.07,,0.0,1.67,0.0,,0.02,317.42,5.0
3284-4917851,APARTAMENTO,VENTA,20.29,123.0,4.0,4.0,631000.0,2.0,CEDRITOS,4,MAS DE 20 ANOS,4.73,-74.04,USADO,,0,1,0,0,1,1,0,0,0,1,False,USAQUEN,LAS MARGARITAS I SECTOR,Calle 146,602.11,0,PARQUE VECINAL DESARROLLO ESTRELLA DEL NORTE,1089.85,0,0.16,,0.5,1.0,0.0,,0.03,1073.47,0.0
3422-M4701033,APARTAMENTO,VENTA,20.59,138.0,3.0,3.0,1154000.0,2.0,CHAPINERO ALTO,6,MAS DE 20 ANOS,4.65,-74.05,USADO,,0,1,0,0,1,0,0,0,0,1,False,CHAPINERO,S.C. LAS ACACIAS,Flores – Areandina,1273.03,0,PARQUE ZONAL GUSTAVO URIBE BOTERO,125.93,1,0.15,,0.67,1.0,0.0,,0.02,439.19,1.0
12503-M3817319,APARTAMENTO,VENTA,20.25,138.0,4.0,3.0,478000.0,2.0,COUNTRY,4,ENTRE 10 Y 20 ANOS,4.72,-74.03,USADO,,0,1,0,0,1,0,0,0,0,1,False,USAQUEN,LOS CEDROS ORIENTAL,Calle 142,2096.12,0,PARQUE VECINAL NUEVA URBANIZACIÓN EL CEDRITO,217.15,1,0.15,,0.5,1.33,0.0,,0.03,653.22,0.0
304-M4656409,APARTAMENTO,VENTA,19.78,64.24,2.0,2.0,450000.0,1.0,NIZA ALHAMBRA,4,MAS DE 20 ANOS,4.7,-74.08,USADO,,0,0,0,0,1,0,0,0,0,1,False,SUBA,POTOSI SECTOR I,AV. Boyacá,571.95,0,PARQUE ZONAL MORATO,1039.48,0,0.31,,0.5,1.0,0.0,,0.03,391.19,3.0
2363-M4728331,APARTAMENTO,VENTA,19.7,64.0,3.0,2.0,3921395.93,1.0,METROPOLIS,4,ENTRE 10 Y 20 ANOS,4.66,-74.08,USADO,,0,0,0,0,1,0,0,0,0,1,False,BARRIOS UNIDOS,POPULAR MODELO,7 de Agosto,602.6,0,PARQUE METROPOLITANO PARQUE DE LOS NOVIOS,671.67,0,0.31,,0.33,1.5,0.0,,0.05,1398.94,0.0
12375-M4350407,APARTAMENTO,VENTA,20.13,117.0,3.0,3.0,590000.0,2.0,NIZA ALHAMBRA,4,MAS DE 20 ANOS,4.71,-74.08,USADO,,0,1,0,0,1,0,0,0,0,1,True,SUBA,NIZA SUR,Niza - Calle 127,699.98,0,PARQUE VECINAL AGRUPACIÓN DE VIVIENDA EN BALCON DE LINDARAJA,642.88,0,0.17,,0.67,1.0,0.0,,0.03,683.45,0.0
661-M4593514,APARTAMENTO,VENTA,20.37,136.0,3.0,4.0,1000000.0,2.0,CHICO,6,MAS DE 20 ANOS,4.68,-74.05,USADO,,0,0,0,0,1,0,0,0,0,1,False,CHAPINERO,S.C. CHICO NORTE III SECTOR,Calle 100 - Marketmedios,630.09,0,PARQUE VECINAL URBANIZACIÓN NORMANDIA I II II Y IV SECTOR,818.49,0,0.15,,0.67,0.75,0.0,,0.02,193.97,2.0
34-62836,APARTAMENTO,VENTA,21.06,172.79,3.0,4.0,1050000000.0,3.0,SANTA BARBARA,6,ENTRE 10 Y 20 ANOS,4.69,-74.06,USADO,,0,0,0,0,1,0,0,0,0,0,False,USAQUEN,SANTA BIBIANA,Calle 106,73.11,1,PARQUE ZONAL CANAL CORDOBA,1445.88,0,0.12,,1.0,0.75,0.0,,0.02,669.43,0.0
2266-M3155121,APARTAMENTO,VENTA,20.91,220.0,3.0,3.0,991000.0,2.0,CHICO,6,REMODELADO,4.67,-74.05,USADO,,0,1,0,0,1,0,0,0,0,0,False,CHAPINERO,S.C. EL CHICO,Virrey,933.09,0,PARQUE ZONAL CANAL EL VIRREY EL CHICO,375.71,1,0.1,,0.67,1.0,0.0,,0.01,240.74,4.0
973-M4548211,APARTAMENTO,VENTA,19.91,101.0,3.0,2.0,400000.0,2.0,CEDRITOS,4,MAS DE 20 ANOS,4.73,-74.04,USADO,,0,0,0,0,1,0,0,0,0,1,False,USAQUEN,PARQUES DE LORENA,Mazurén,1434.05,0,PARQUE ZONAL LA VIDA,765.7,0,0.2,,0.67,1.5,0.0,,0.03,480.09,1.0
73-M3226039,APARTAMENTO,VENTA,20.2,109.0,3.0,3.0,730000.0,2.0,SANTA BARBARA,5,MAS DE 20 ANOS,4.69,-74.04,USADO,,0,0,0,0,0,0,0,0,0,1,False,USAQUEN,RINCON DEL CHICO,Calle 106,1406.09,0,PARQUE ZONAL CANAL EL VIRREY EL CHICO,1813.74,0,0.19,,0.67,1.0,0.0,,0.03,517.29,0.0
346-M4476919,APARTAMENTO,VENTA,20.37,165.0,3.0,3.0,900000.0,2.0,SANTA BARBARA,6,MAS DE 20 ANOS,4.69,-74.04,USADO,,0,1,0,0,1,0,0,0,0,1,False,USAQUEN,SANTA BARBARA CENTRAL II SECTOR,Pepe Sierra,1961.06,0,PARQUE METROPOLITANO EL COUNTRY,1114.01,0,0.12,,0.67,1.0,0.0,,0.02,450.76,1.0
2195-M3593704,APARTAMENTO,VENTA,21.31,250.25,3.0,4.0,3921395.93,3.0,CHAPINERO ALTO,6,MAS DE 20 ANOS,4.65,-74.05,USADO,,0,1,0,0,0,0,0,0,0,1,False,CHAPINERO,S.C. LAS ACACIAS,Flores – Areandina,1460.51,0,PARQUE ZONAL GUSTAVO URIBE BOTERO,169.04,1,0.09,,1.0,0.75,0.0,,0.01,618.2,0.0
771-M4455501,APARTAMENTO,VENTA,20.09,68.0,1.0,2.0,545000.0,1.0,SANTA BARBARA,5,ENTRE 0 Y 5 ANOS,4.7,-74.03,USADO,,0,0,0,0,1,0,0,0,0,1,False,USAQUEN,SANTA BARBARA ORIENTAL,Calle 127,2734.23,0,PARQUE METROPOLITANO EL COUNTRY,1060.1,0,0.3,,1.0,0.5,0.0,,0.01,471.08,1.0
2363-M4164449,APARTAMENTO,VENTA,19.55,73.0,3.0,2.0,380000.0,1.0,CEDRITOS,4,MAS DE 20 ANOS,4.73,-74.04,USADO,,0,0,0,0,1,0,0,0,0,1,False,USAQUEN,CAOBOS SALAZAR,Calle 146,1080.48,0,PARQUE VECINAL NUEVA URBANIZACIÓN EL CEDRITO,928.11,0,0.27,,0.33,1.5,0.0,,0.04,913.0,0.0
847-M4687199,APARTAMENTO,VENTA,20.42,66.0,1.0,2.0,445000.0,1.0,SANTA BARBARA,6,ENTRE 0 Y 5 ANOS,4.69,-74.05,USADO,,0,0,0,1,0,0,0,0,0,1,False,USAQUEN,SANTA BIBIANA,Calle 106,1021.73,0,PARQUE VECINAL URBANIZACIÓN NORMANDIA I II II Y IV SECTOR,1678.24,0,0.31,,1.0,0.5,0.0,,0.02,508.68,0.0
5031-M4506701,APARTAMENTO,VENTA,20.7,176.0,3.0,4.0,722000.0,3.0,SANTA BARBARA,6,MAS DE 20 ANOS,4.7,-74.04,USADO,,0,0,0,0,0,0,0,0,0,1,False,USAQUEN,SANTA BARBARA OCCIDENTAL,Calle 127,1245.52,0,PARQUE METROPOLITANO EL COUNTRY,778.93,0,0.12,,1.0,0.75,0.0,,0.02,394.61,2.0
183-M4136290,APARTAMENTO,VENTA,19.16,62.44,3.0,2.0,198200.0,1.0,CEDRITOS,3,MAS DE 20 ANOS,4.74,-74.03,USADO,,0,0,0,0,0,0,0,0,0,1,False,USAQUEN,LOS SAUCES NORTE,Calle 161,2359.66,0,PARQUE ZONAL ALTA BLANCA,257.96,1,0.31,,0.33,1.5,0.0,,0.05,884.51,0.0
661-M4602395,APARTAMENTO,VENTA,19.21,52.84,2.0,2.0,189000.0,1.0,COLINA Y ALREDEDORES,3,ENTRE 0 Y 5 ANOS,4.75,-74.06,USADO,,0,0,0,0,0,0,0,0,0,1,False,SUBA,URB. LOS ELISEOS,Toberin - Foundever,984.14,0,PARQUE VECINAL DESARROLLO CANTALEJO URBANIZACIÓN CANTALEJO MANZANA B,420.87,1,0.36,,0.5,1.0,0.0,,0.04,1884.37,0.0
2363-M4464084,APARTAMENTO,VENTA,19.61,58.0,2.0,2.0,3921395.93,1.0,NIZA ALHAMBRA,4,ENTRE 10 Y 20 ANOS,4.71,-74.07,USADO,,0,0,0,0,1,0,0,0,0,1,True,SUBA,NIZA SUR,Humedal Córdoba,308.01,1,PARQUE ZONAL LOS LACHES LA MINA,509.84,0,0.34,,0.5,1.0,0.0,,0.03,507.56,0.0
2195-M4647766,APARTAMENTO,VENTA,19.11,40.0,3.0,1.0,128000.0,0.0,RAFAEL URIBE URIBE TUNJUELITO,3,ENTRE 0 Y 5 ANOS,4.57,-74.13,USADO,,0,0,0,0,1,0,0,0,0,1,False,TUNJUELITO,SANTA LUCIA SUR,Santa Lucía,249.94,1,PARQUE METROPOLITANO CEFE EL TUNAL,1445.0,0,0.48,,0.0,3.0,0.0,,0.08,1088.11,0.0
34-M4731759,APARTAMENTO,VENTA,20.29,98.0,3.0,3.0,400000.0,2.0,COLINA Y ALREDEDORES,4,ENTRE 0 Y 5 ANOS,4.74,-74.07,USADO,,0,0,0,0,1,0,0,0,0,1,False,SUBA,EL CORTIJO (FINCA),Gratamira,1494.86,0,PARQUE ZONAL EL TOMILLAR,661.74,0,0.21,,0.67,1.0,0.0,,0.03,619.7,0.0
847-M4735639,APARTAMENTO,VENTA,20.5,127.0,2.0,2.0,1107000.0,2.0,CHICO,5,ENTRE 10 Y 20 ANOS,4.68,-74.06,USADO,,0,1,0,0,0,0,0,0,0,1,False,CHAPINERO,S.C. CHICO NORTE III SECTOR,Calle 100 - Marketmedios,211.91,1,PARQUE VECINAL URBANIZACIÓN NORMANDIA I II II Y IV SECTOR,815.61,0,0.16,,1.0,1.0,0.0,,0.02,407.34,1.0
164-M4546431,APARTAMENTO,VENTA,19.11,62.82,3.0,1.0,140000.0,0.0,ENGATIVA,3,REMODELADO,4.7,-74.11,USADO,,0,0,0,0,0,0,0,0,0,1,False,ENGATIVA,ZARZAMORA,Carrera 90,1062.29,0,PARQUE VECINAL URBANIZACIÓN FLORENCIA I SECTOR,750.35,0,0.3,,0.0,3.0,0.0,,0.05,761.78,0.0
34-M3904464,APARTAMENTO,VENTA,20.82,131.68,3.0,3.0,900000.0,1.0,SANTA BARBARA,6,ENTRE 5 Y 10 ANOS,4.69,-74.04,USADO,,0,1,0,0,1,0,0,0,0,1,False,USAQUEN,SANTA ANA OCCIDENTAL,Calle 106,2358.36,0,PARQUE METROPOLITANO EL COUNTRY,2002.0,0,0.16,,0.33,1.0,0.0,,0.02,449.33,1.0
2396-M3975067,APARTAMENTO,VENTA,20.67,125.0,2.0,3.0,750000.0,2.0,CHICO,6,ENTRE 10 Y 20 ANOS,4.68,-74.06,USADO,,0,0,0,0,1,0,0,0,0,1,False,CHAPINERO,S.C. CHICO NORTE,Virrey,492.89,1,PARQUE VECINAL URBANIZACIÓN NORMANDIA I II II Y IV SECTOR,367.77,1,0.17,,1.0,0.67,0.0,,0.02,274.47,1.0
771-M4451162,APARTAMENTO,VENTA,19.91,82.0,2.0,2.0,401000.0,2.0,COUNTRY,5,MAS DE 20 ANOS,4.72,-74.04,USADO,,0,0,0,0,0,0,0,0,0,1,False,USAQUEN,EL CONTADOR,Alcalá,967.06,0,PARQUE VECINAL NUEVA URBANIZACIÓN EL CEDRITO,1154.97,0,0.24,,1.0,1.0,0.0,,0.02,457.26,1.0
12503-M4539807,APARTAMENTO,VENTA,20.6,148.0,3.0,3.0,778000.0,2.0,COUNTRY,5,ENTRE 10 Y 20 ANOS,4.72,-74.04,USADO,,0,0,0,0,1,0,0,0,0,1,True,USAQUEN,NUEVO COUNTRY,Alcalá,1299.67,0,PARQUE VECINAL NUEVA URBANIZACIÓN EL CEDRITO,985.72,0,0.14,,0.67,1.0,0.0,,0.02,378.62,1.0
342-M4540039,APARTAMENTO,VENTA,19.81,54.5,1.0,2.0,377000.0,1.0,SANTA BARBARA,6,MAS DE 20 ANOS,4.69,-74.05,USADO,,0,1,0,0,0,0,0,0,0,1,False,USAQUEN,SAN PATRICIO,Calle 106,1023.01,0,PARQUE METROPOLITANO EL COUNTRY,1666.55,0,0.36,,1.0,0.5,0.0,,0.02,209.97,1.0
346-M4417436,APARTAMENTO,VENTA,20.16,102.0,3.0,3.0,500000.0,2.0,CEDRITOS,4,ENTRE 10 Y 20 ANOS,4.73,-74.04,USADO,,0,0,0,0,1,0,0,0,0,1,False,USAQUEN,PARQUES DE LORENA,Mazurén,1438.72,0,PARQUE ZONAL LA VIDA,847.97,0,0.2,,0.67,1.0,0.0,,0.03,479.62,1.0
346-M3656170,APARTAMENTO,VENTA,20.21,130.0,3.0,2.0,631000.0,1.0,SANTA BARBARA,6,MAS DE 20 ANOS,4.69,-74.03,USADO,,0,0,0,0,0,0,0,0,0,1,False,USAQUEN,USAQUEN,Pepe Sierra,2730.32,0,PARQUE METROPOLITANO EL COUNTRY,1370.36,0,0.16,,0.33,1.5,0.0,,0.02,29.01,4.0
346-M4041641,APARTAMENTO,VENTA,19.68,72.0,2.0,2.0,461000.0,1.0,NIZA ALHAMBRA,5,MAS DE 20 ANOS,4.7,-74.06,USADO,,0,0,0,0,0,0,0,0,0,1,False,SUBA,EL ESTORIL,Calle 106,531.24,0,PARQUE ZONAL CANAL CORDOBA,900.62,0,0.27,,0.5,1.0,0.0,,0.03,880.17,0.0
34-M4688868,APARTAMENTO,VENTA,21.51,287.56,4.0,4.0,3921395.93,2.0,CHICO,6,MAS DE 20 ANOS,4.66,-74.05,USADO,,0,1,0,0,1,0,0,0,0,1,False,CHAPINERO,BOSQUE EL RETIRO I SECTOR,Calle 76 - San Felipe,1729.52,0,PARQUE ZONAL SAN ANDRÉS,755.46,0,0.07,,0.5,1.0,0.0,,0.01,895.27,0.0
346-M4594128,APARTAMENTO,VENTA,20.58,168.0,3.0,3.0,750000.0,2.0,CHICO,5,MAS DE 20 ANOS,4.68,-74.05,USADO,,0,1,0,0,1,0,0,0,0,1,False,CHAPINERO,S.C. CHICO NORTE III SECTOR,Calle 100 - Marketmedios,851.21,0,PARQUE VECINAL URBANIZACIÓN NORMANDIA I II II Y IV SECTOR,1261.3,0,0.12,,0.67,1.0,0.0,,0.02,106.98,2.0
346-M4292873,APARTAMENTO,VENTA,21.72,300.0,3.0,2.0,2500000.0,3.0,CHICO,6,MAS DE 20 ANOS,4.67,-74.05,USADO,,0,1,0,0,0,0,0,0,0,1,False,CHAPINERO,LA CABRERA,Calle 85,999.32,0,PARQUE VECINAL URBANIZACIÓN LA CABRERA,109.95,1,0.07,,1.0,1.5,0.0,,0.01,111.37,4.0
16039-M4644195,APARTAMENTO,VENTA,20.58,109.0,2.0,4.0,1320000.0,2.0,CHICO,5,MAS DE 20 ANOS,4.66,-74.06,USADO,,0,1,0,0,0,0,0,0,0,1,False,CHAPINERO,S.C. ESPARTILLAL,Calle 76 - San Felipe,494.34,1,PARQUE ZONAL SAN ANDRÉS,619.22,0,0.19,,1.0,0.5,0.0,,0.02,430.73,1.0
346-M4181324,APARTAMENTO,VENTA,21.31,265.0,3.0,3.0,1732000.0,2.0,CHICO,6,MAS DE 20 ANOS,4.66,-74.05,USADO,,0,1,0,0,0,0,0,0,0,1,False,CHAPINERO,S.C. BELLAVISTA,Calle 72,1536.48,0,PARQUE ZONAL GUSTAVO URIBE BOTERO,692.08,0,0.08,,0.67,1.0,0.0,,0.01,784.78,0.0
478-M4460684,APARTAMENTO,VENTA,19.3,55.0,3.0,1.0,3921395.93,0.0,CASTILLA MARSELLA,3,MAS DE 20 ANOS,4.58,-74.1,USADO,,0,0,0,0,0,0,0,0,0,1,False,RAFAEL URIBE URIBE,S.C. SAN JOSE SUR,Country Sur,562.65,0,PARQUE VECINAL SAN JOSÉ,122.81,1,0.35,,0.0,3.0,0.0,,0.05,3133.72,0.0
164-M4691499,APARTAMENTO,VENTA,19.25,57.0,3.0,1.0,178000.0,1.0,CASTILLA MARSELLA,3,MAS DE 20 ANOS,4.64,-74.15,USADO,,0,0,0,0,0,0,0,0,0,1,False,KENNEDY,CASTILLA LA NUEVA,Banderas,772.06,0,PARQUE ZONAL CASTILLA,726.31,0,0.34,,0.33,3.0,0.0,,0.05,2124.89,0.0
478-M4343069,APARTAMENTO,VENTA,19.7,56.72,2.0,2.0,3921395.93,2.0,COLINA Y ALREDEDORES,4,ENTRE 5 Y 10 ANOS,4.73,-74.05,USADO,,0,0,0,0,1,0,0,0,0,1,False,SUBA,LA VICTORIA NORTE,Mazurén,245.96,1,PARQUE VECINAL URBANIZACIÓN MAZUREN I SECTOR,385.12,1,0.35,,1.0,1.0,0.0,,0.04,1444.98,0.0
488-M4457126,APARTAMENTO,VENTA,19.86,76.0,3.0,2.0,450000.0,1.0,CEDRITOS,4,MAS DE 20 ANOS,4.73,-74.04,USADO,,0,1,0,0,1,0,0,0,0,1,False,USAQUEN,ACACIAS USAQUEN,Calle 142,1108.2,0,PARQUE VECINAL NUEVA URBANIZACIÓN EL CEDRITO,869.55,0,0.26,,0.33,1.5,0.0,,0.04,878.81,0.0
34-M4195828,APARTAMENTO,VENTA,20.98,213.45,3.0,3.0,1112000.0,2.0,COUNTRY,6,MAS DE 20 ANOS,4.71,-74.03,USADO,,0,1,0,0,1,0,0,0,0,1,False,USAQUEN,BOSQUES DE MEDINA,Prado,2999.41,0,PARQUE VECINAL NUEVA URBANIZACIÓN EL CEDRITO,1591.5,0,0.1,,0.67,1.0,0.0,,0.01,589.22,0.0
989-M4448438,APARTAMENTO,VENTA,20.1,106.0,4.0,3.0,819200.0,2.0,COUNTRY,5,MAS DE 20 ANOS,4.7,-74.03,USADO,,0,1,0,0,1,0,0,0,0,1,False,USAQUEN,BELLA SUIZA,Calle 127,2462.76,0,PARQUE METROPOLITANO EL COUNTRY,724.0,0,0.19,,0.5,1.33,0.0,,0.04,762.54,0.0
183-M3341236,APARTAMENTO,VENTA,20.47,119.5,3.0,3.0,420000.0,2.0,COLINA Y ALREDEDORES,4,ENTRE 0 Y 5 ANOS,4.74,-74.06,USADO,,0,1,0,0,1,0,0,0,0,0,False,SUBA,CAMPOS DE SILENCIO,Calle 161,923.61,0,PARQUE VECINAL DESARROLLO CANTALEJO URBANIZACIÓN CANTALEJO MANZANA B,224.15,1,0.17,,0.67,1.0,0.0,,0.03,1476.8,0.0
34-M3743323,APARTAMENTO,VENTA,21.11,210.0,3.0,4.0,980000.0,3.0,SANTA BARBARA,6,ENTRE 10 Y 20 ANOS,4.69,-74.06,USADO,,0,1,0,0,1,0,0,0,0,1,False,USAQUEN,SANTA BIBIANA,Calle 106,536.39,0,PARQUE VECINAL URBANIZACIÓN NORMANDIA I II II Y IV SECTOR,1276.27,0,0.1,,1.0,0.75,0.0,,0.01,721.5,0.0
661-M4512093,APARTAMENTO,VENTA,19.43,51.15,2.0,2.0,170000.0,1.0,CASTILLA MARSELLA,3,ENTRE 5 Y 10 ANOS,4.65,-74.14,USADO,,0,0,0,0,1,0,0,0,0,1,False,KENNEDY,BOSCONIA,Transversal 86,1859.78,0,PARQUE VECINAL VILLA ALSACIA,1059.68,0,0.38,,0.5,1.0,0.0,,0.04,1817.37,0.0
16124-M4453462,APARTAMENTO,VENTA,21.68,244.0,4.0,5.0,1935000.0,2.0,CHICO,6,MAS DE 20 ANOS,4.67,-74.05,USADO,,0,0,0,0,1,0,0,0,0,1,False,CHAPINERO,LA CABRERA,Calle 85,744.79,0,PARQUE ZONAL CANAL EL VIRREY EL CHICO,260.21,1,0.09,,0.5,0.8,0.0,,0.02,246.36,6.0
617-M4402037,APARTAMENTO,VENTA,20.14,72.25,2.0,2.0,500000.0,2.0,SANTA BARBARA,6,ENTRE 10 Y 20 ANOS,4.69,-74.04,USADO,,0,0,0,0,1,0,0,0,0,1,False,USAQUEN,SANTA BARBARA CENTRAL I Y II,Calle 106,1615.36,0,PARQUE METROPOLITANO EL COUNTRY,1485.49,0,0.28,,1.0,1.0,0.0,,0.03,492.62,1.0
164-M4487719,APARTAMENTO,VENTA,19.64,29.51,1.0,1.0,113600.0,1.0,CENTRO NARINO,4,ENTRE 0 Y 5 ANOS,4.63,-74.1,USADO,,0,0,0,0,1,0,0,0,0,1,False,TEUSAQUILLO,ORTEZAL_,Recinto Ferial,732.12,0,PARQUE VECINAL SANTA CLARA,352.73,1,0.67,,1.0,1.0,0.0,,0.03,922.94,0.0
279-M4645724,APARTAMENTO,VENTA,19.41,63.0,3.0,2.0,3921395.93,1.0,CEDRITOS,4,MAS DE 20 ANOS,4.73,-74.03,USADO,,0,0,0,0,0,0,0,0,0,1,False,USAQUEN,CAOBOS SALAZAR URB. CAPRI I Y II SECTOR,Calle 146,1906.05,0,PARQUE VECINAL NUEVA URBANIZACIÓN EL CEDRITO,577.16,0,0.31,,0.33,1.5,0.0,,0.05,175.83,1.0
2396-M3981755,APARTAMENTO,VENTA,20.77,178.0,3.0,4.0,1142000.0,2.0,SANTA BARBARA,5,MAS DE 20 ANOS,4.7,-74.05,USADO,,0,1,0,0,1,0,0,0,0,1,False,USAQUEN,SANTA BARBARA OCCIDENTAL,Pepe Sierra,772.7,0,PARQUE METROPOLITANO EL COUNTRY,1234.61,0,0.12,,0.67,0.75,0.0,,0.02,191.22,2.0
34-M4696837,APARTAMENTO,VENTA,20.13,89.04,3.0,2.0,360000.0,0.0,NIZA ALHAMBRA,4,ENTRE 10 Y 20 ANOS,4.71,-74.08,USADO,,0,0,0,0,0,0,0,0,0,1,True,SUBA,NIZA SUR,Humedal Córdoba,1001.99,0,PARQUE METROPOLITANO CEFE COMETAS,722.4,0,0.23,,0.0,1.5,0.0,,0.03,1033.51,0.0
4660-M4635108,APARTAMENTO,VENTA,20.16,100.0,3.0,3.0,560000.0,3.0,SANTA BARBARA,5,MAS DE 20 ANOS,4.7,-74.05,USADO,,0,0,0,0,0,0,0,0,0,1,False,USAQUEN,SANTA BARBARA OCCIDENTAL,Calle 127,401.67,1,PARQUE ZONAL ATABANZA,1044.23,0,0.2,,1.0,1.0,0.0,,0.03,300.09,5.0
34-M4008914,APARTAMENTO,VENTA,20.09,103.0,3.0,2.0,398000.0,1.0,COLINA Y ALREDEDORES,5,ENTRE 10 Y 20 ANOS,4.72,-74.06,USADO,,0,0,0,0,1,0,0,0,0,1,False,SUBA,URB. IBERIA III SECTOR,Suba - AV. Boyacá,1250.12,0,PARQUE VECINAL PRADO PINZÓN,1275.83,0,0.2,,0.33,1.5,0.0,,0.03,358.89,1.0
432-M4507865,APARTAMENTO,VENTA,20.86,175.79,3.0,4.0,3921395.93,2.0,CHICO,6,MAS DE 20 ANOS,4.68,-74.05,USADO,,0,0,0,0,0,0,0,0,0,1,False,CHAPINERO,S.C. CHICO NORTE,Virrey,1115.25,0,PARQUE ZONAL CANAL EL VIRREY EL CHICO,674.84,0,0.12,,0.67,0.75,0.0,,0.02,85.72,2.0
164-M3297977,APARTAMENTO,VENTA,20.52,111.73,3.0,4.0,3921395.93,2.0,SALITRE MODELIA,5,ENTRE 10 Y 20 ANOS,4.64,-74.1,USADO,,0,1,0,0,1,0,0,0,0,0,False,TEUSAQUILLO,CIUDAD SALITRE SURORIENTAL,Gobernación,553.69,0,PARQUE VECINAL SANTA CLARA,1059.39,0,0.18,,0.67,0.75,0.0,,0.03,473.52,2.0
346-M3674610,APARTAMENTO,VENTA,21.47,200.0,4.0,4.0,2300000.0,4.0,COUNTRY,6,REMODELADO,4.71,-74.04,USADO,,0,1,0,0,1,0,0,0,0,1,False,USAQUEN,LA_CAROLINA,Calle 127,1504.38,0,PARQUE METROPOLITANO EL COUNTRY,287.94,1,0.11,,1.0,1.0,0.0,,0.02,344.51,1.0
34-M4590327,APARTAMENTO,VENTA,20.85,165.0,3.0,4.0,869000.0,2.0,COLINA Y ALREDEDORES,5,ENTRE 10 Y 20 ANOS,4.73,-74.07,USADO,,0,1,0,0,1,0,0,0,0,1,False,SUBA,GRATAMIRA,Gratamira,19.24,1,PARQUE ZONAL EL TOMILLAR,1448.97,0,0.13,,0.67,0.75,0.0,,0.02,1068.46,0.0
346-M3794104,APARTAMENTO,VENTA,20.25,55.0,1.0,2.0,3921395.93,1.0,CHICO,6,ENTRE 0 Y 5 ANOS,4.67,-74.04,USADO,,0,0,0,0,0,0,0,0,0,1,False,CHAPINERO,EL REFUGIO,Héroes - Gel´Hada,1732.96,0,PARQUE VECINAL URBANIZACIÓN LA CABRERA,690.38,0,0.37,,1.0,0.5,0.0,,0.02,665.72,0.0
346-M3674916,APARTAMENTO,VENTA,20.18,65.0,1.0,1.0,942000.0,0.0,CHICO,6,ENTRE 5 Y 10 ANOS,4.68,-74.06,USADO,,0,0,0,0,1,0,0,0,0,1,False,CHAPINERO,S.C. CHICO NORTE,Virrey,429.74,1,PARQUE VECINAL URBANIZACIÓN NORMANDIA I II II Y IV SECTOR,293.33,1,0.31,,0.0,1.0,0.0,,0.02,333.73,1.0
346-M4440990,APARTAMENTO,VENTA,20.36,92.81,3.0,2.0,464000.0,1.0,SALITRE MODELIA,3,ENTRE 10 Y 20 ANOS,4.64,-74.1,USADO,,0,1,0,0,0,0,0,0,0,1,False,TEUSAQUILLO,PRADOS DEL_SALITRE,Gobernación,826.36,0,PARQUE VECINAL SANTA CLARA,721.69,0,0.22,,0.33,1.5,0.0,,0.03,318.08,2.0
34-M4306136,APARTAMENTO,VENTA,20.91,221.0,2.0,4.0,1867000.0,2.0,CHICO,6,MAS DE 20 ANOS,4.67,-74.05,USADO,,0,1,0,0,1,0,0,0,0,1,False,CHAPINERO,S.C. EL CHICO,Calle 85,985.25,0,PARQUE VECINAL URBANIZACIÓN LA CABRERA,246.98,1,0.09,,1.0,0.5,0.0,,0.01,207.42,3.0
34-M4639667,APARTAMENTO,VENTA,20.29,122.8,3.0,2.0,641000.0,2.0,CEDRITOS,4,ENTRE 10 Y 20 ANOS,4.73,-74.04,USADO,,0,0,0,0,1,0,0,0,0,1,False,USAQUEN,LOS CEDRITOS,Calle 142,953.22,0,PARQUE VECINAL NUEVA URBANIZACIÓN EL CEDRITO,1013.39,0,0.17,,0.67,1.5,0.0,,0.02,913.67,0.0
346-M3670391,APARTAMENTO,VENTA,19.79,83.05,3.0,2.0,501000.0,1.0,CEDRITOS,4,MAS DE 20 ANOS,4.73,-74.03,USADO,,0,1,0,0,0,0,0,0,0,1,False,USAQUEN,CAOBOS SALAZAR,Calle 142,1728.25,0,PARQUE VECINAL NUEVA URBANIZACIÓN EL CEDRITO,270.28,1,0.24,,0.33,1.5,0.0,,0.04,590.74,0.0
346-M4539808,APARTAMENTO,VENTA,19.45,71.14,2.0,2.0,140000.0,1.0,KENNEDY,3,ENTRE 0 Y 5 ANOS,4.64,-74.15,USADO,,0,0,0,0,1,0,0,0,0,1,False,KENNEDY,CIUDAD TECHO II,Biblioteca Tintal,736.5,0,PARQUE METROPOLITANO BIBLIOTECA EL TINTAL,371.11,1,0.27,,0.5,1.0,0.0,,0.03,2838.06,0.0
3229-3886145,APARTAMENTO,VENTA,21.28,230.0,3.0,2.0,1150000.0,2.0,CHICO,6,MAS DE 20 ANOS,4.66,-74.05,USADO,,0,1,0,0,0,0,0,0,0,0,False,CHAPINERO,BOSQUE EL RETIRO I SECTOR,Calle 76 - San Felipe,1610.42,0,PARQUE ZONAL SAN ANDRÉS,634.68,0,0.09,,0.67,1.5,0.0,,0.01,779.44,0.0
34-M4643028,APARTAMENTO,VENTA,19.83,122.0,2.0,2.0,436000.0,1.0,CEDRITOS,4,MAS DE 20 ANOS,4.73,-74.05,USADO,,0,1,0,0,0,0,0,0,0,1,False,USAQUEN,LOS CAOBOS,Calle 146,266.42,1,PARQUE VECINAL PRADO PINZÓN,657.71,0,0.16,,0.5,1.0,0.0,,0.02,949.76,0.0
346-M4591021,APARTAMENTO,VENTA,20.29,147.0,3.0,2.0,1100000.0,2.0,SANTA BARBARA,6,MAS DE 20 ANOS,4.69,-74.06,USADO,,0,1,0,0,1,0,0,0,0,1,False,USAQUEN,SANTA BIBIANA,Calle 100 - Marketmedios,505.47,0,PARQUE VECINAL URBANIZACIÓN NORMANDIA I II II Y IV SECTOR,1254.38,0,0.14,,0.67,1.5,0.0,,0.02,817.01,0.0
989-M4699112,APARTAMENTO,VENTA,20.01,63.0,2.0,2.0,423000.0,2.0,CHAPINERO ALTO,3,ENTRE 0 Y 5 ANOS,4.65,-74.06,USADO,,0,0,0,0,1,0,0,0,0,1,False,CHAPINERO,S.C. CHAPINERO CENTRAL,Calle 63,254.94,1,PARQUE ZONAL GUSTAVO URIBE BOTERO,1317.07,0,0.32,,1.0,1.0,0.0,,0.03,738.88,0.0
3057-M4289441,APARTAMENTO,VENTA,20.82,197.03,4.0,3.0,1272000.0,2.0,COUNTRY,5,MAS DE 20 ANOS,4.72,-74.05,USADO,,0,1,0,0,1,0,0,0,0,1,False,USAQUEN,LOS CEDROS,Alcalá,300.24,1,PARQUE VECINAL PRADO PINZÓN,720.79,0,0.11,,0.5,1.33,0.0,,0.02,285.43,1.0
973-M4266155,APARTAMENTO,VENTA,20.95,180.0,4.0,5.0,1300000.0,2.0,CHICO,6,REMODELADO,4.67,-74.05,USADO,,0,0,0,0,1,0,0,0,0,1,False,CHAPINERO,S.C. EL RETIRO,Calle 85,650.87,0,PARQUE ZONAL CANAL EL VIRREY EL CHICO,430.72,1,0.12,,0.5,0.8,0.0,,0.02,92.8,7.0
3229-M3388635,APARTAMENTO,VENTA,20.41,100.0,2.0,2.0,750000.0,2.0,CHICO,6,ENTRE 10 Y 20 ANOS,4.68,-74.05,USADO,,0,1,0,0,1,0,0,0,0,1,False,CHAPINERO,S.C. CHICO NORTE,Virrey,627.29,0,PARQUE VECINAL URBANIZACIÓN NORMANDIA I II II Y IV SECTOR,504.85,0,0.2,,1.0,1.0,0.0,,0.02,166.23,2.0
34-M3892983,APARTAMENTO,VENTA,19.72,59.18,1.0,2.0,322500.0,1.0,CENTRO INTERNACIONAL,4,ENTRE 5 Y 10 ANOS,4.61,-74.07,USADO,,0,0,0,0,1,0,0,0,0,1,False,SANTA FE,BOSQUE IZQUIERDO,San Diego,610.18,0,PARQUE METROPOLITANO INDEPENDENCIA BICENTENARIO,388.91,1,0.33,,1.0,0.5,0.0,,0.02,573.18,0.0
34-M3580845,APARTAMENTO,VENTA,21.13,292.45,3.0,4.0,2000000.0,4.0,CHICO,6,MAS DE 20 ANOS,4.68,-74.05,USADO,,0,1,0,0,1,0,0,0,0,1,False,CHAPINERO,S.C. CHICO NORTE III SECTOR,Calle 100 - Marketmedios,787.55,0,PARQUE VECINAL URBANIZACIÓN NORMANDIA I II II Y IV SECTOR,1060.59,0,0.07,,1.33,0.75,0.0,,0.01,135.48,3.0
346-M3719092,APARTAMENTO,VENTA,20.75,115.05,3.0,2.0,679000.0,2.0,SANTA BARBARA,5,ENTRE 0 Y 5 ANOS,4.7,-74.03,USADO,,0,0,0,0,1,0,0,0,0,1,False,USAQUEN,SANTA BARBARA ORIENTAL,Calle 127,2743.31,0,PARQUE METROPOLITANO EL COUNTRY,1029.52,0,0.18,,0.67,1.5,0.0,,0.03,630.88,0.0
16039-M4355712,APARTAMENTO,VENTA,20.39,118.0,3.0,3.0,1113000.0,2.0,SANTA BARBARA,5,MAS DE 20 ANOS,4.69,-74.04,USADO,,0,0,0,0,1,0,0,0,0,1,False,USAQUEN,RINCON DEL CHICO,Calle 106,1446.35,0,PARQUE ZONAL CANAL EL VIRREY EL CHICO,1927.28,0,0.17,,0.67,1.0,0.0,,0.03,633.75,0.0
3229-M3671360,APARTAMENTO,VENTA,19.9,53.0,1.0,2.0,185000.0,1.0,CENTRO INTERNACIONAL,4,ENTRE 0 Y 5 ANOS,4.62,-74.07,USADO,,0,0,0,1,1,1,0,0,0,1,False,SANTA FE,SAN_MARTIN,Calle 34,464.82,1,PARQUE METROPOLITANO PARQUE NACIONAL (PM2A) ENRIQUE OLAYA HERRERA (SECTOR HISTORICO),657.68,0,0.38,,1.0,0.5,0.0,,0.02,421.48,3.0
771-M4370930,APARTAMENTO,VENTA,20.91,201.0,3.0,3.0,974000.0,2.0,CHICO,6,MAS DE 20 ANOS,4.68,-74.05,USADO,,0,1,0,0,0,0,0,0,0,1,False,CHAPINERO,S.C. CHICO NORTE,Virrey,566.65,0,PARQUE ZONAL CANAL EL VIRREY EL CHICO,420.08,1,0.1,,0.67,1.0,0.0,,0.01,288.36,3.0
3229-M3741333,APARTAMENTO,VENTA,20.03,77.0,3.0,2.0,3921395.93,1.0,NIZA ALHAMBRA,5,ENTRE 10 Y 20 ANOS,4.71,-74.07,USADO,,0,0,0,1,0,1,0,0,0,1,False,SUBA,BATAN LOTE NIZA XII,Humedal Córdoba,250.36,1,PARQUE ZONAL CANAL CORDOBA,611.56,0,0.26,,0.33,1.5,0.0,,0.04,687.11,0.0
681-M4589902,APARTAMENTO,VENTA,19.9,74.0,2.0,2.0,330000.0,1.0,CEDRITOS,4,ENTRE 5 Y 10 ANOS,4.73,-74.04,USADO,,0,0,0,0,0,0,0,0,0,1,False,USAQUEN,CAOBOS SALAZAR,Calle 146,1080.48,0,PARQUE VECINAL NUEVA URBANIZACIÓN EL CEDRITO,928.11,0,0.27,,0.5,1.0,0.0,,0.03,913.0,0.0
3325-M4639816,APARTAMENTO,VENTA,19.11,59.0,3.0,2.0,228500.0,1.0,ALTOS DE SUBA Y CERROS DE SAN JORGE,3,MAS DE 20 ANOS,4.74,-74.09,USADO,,0,0,0,0,0,0,0,0,0,1,False,SUBA,MORUMBI,Suba - TV. 91,253.06,1,PARQUE ZONAL BELLAVISTA DINDALITO,135.04,1,0.32,,0.33,1.5,0.0,,0.05,1320.85,0.0
766-M2864967,APARTAMENTO,VENTA,20.26,112.0,3.0,3.0,347000.0,2.0,COLINA Y ALREDEDORES,4,ENTRE 5 Y 10 ANOS,4.73,-74.06,USADO,,0,0,0,0,0,0,0,0,0,0,False,SUBA,URB. EL MORAL,Calle 142,795.34,0,PARQUE VECINAL PRADO PINZÓN,492.81,1,0.18,,0.67,1.0,0.0,,0.03,851.03,0.0
10366-6610,APARTAMENTO,VENTA,20.13,124.0,3.0,2.0,500000.0,1.0,SANTA BARBARA,5,MAS DE 20 ANOS,4.7,-74.04,USADO,,0,1,0,0,1,0,0,0,0,1,False,USAQUEN,SANTA BARBARA CENTRAL I SECTOR,Pepe Sierra,1399.19,0,PARQUE METROPOLITANO EL COUNTRY,928.0,0,0.16,,0.33,1.5,0.0,,0.02,559.4,0.0
3552-M4450076,APARTAMENTO,VENTA,19.61,67.5,2.0,1.0,218000.0,0.0,,3,ENTRE 0 Y 5 ANOS,4.59,-74.1,USADO,,0,0,0,0,1,0,0,0,0,1,False,ANTONIO NARINO,LA FRAGUITA,Santa Isabel,930.72,0,PARQUE ZONAL SANTA ISABEL,673.94,0,0.29,,0.0,2.0,0.0,,0.03,2233.7,0.0
661-M3670895,APARTAMENTO,VENTA,21.13,172.64,4.0,3.0,1126500.0,2.0,SANTA BARBARA,5,ENTRE 5 Y 10 ANOS,4.69,-74.05,USADO,,0,1,0,0,0,0,0,0,0,1,False,USAQUEN,SANTA BIBIANA,Calle 106,722.04,0,PARQUE VECINAL URBANIZACIÓN NORMANDIA I II II Y IV SECTOR,1695.67,0,0.12,,0.5,1.33,0.0,,0.02,507.05,0.0
771-M4371736,APARTAMENTO,VENTA,21.64,200.0,3.0,0.0,1263000.0,3.0,CHICO,6,ENTRE 10 Y 20 ANOS,4.67,-74.05,USADO,,0,0,0,0,1,0,0,0,0,1,False,CHAPINERO,S.C. EL CHICO,Virrey,1508.94,0,PARQUE VECINAL URBANIZACIÓN LA CABRERA,525.82,0,0.11,,1.0,inf,0.0,,0.02,443.42,1.0
14-M3694354,APARTAMENTO,VENTA,20.05,59.0,1.0,2.0,395000.0,1.0,SANTA BARBARA,6,ENTRE 5 Y 10 ANOS,4.7,-74.04,USADO,,0,1,0,1,1,0,0,0,0,1,False,USAQUEN,SANTA BARBARA OCCIDENTAL,Calle 127,1202.87,0,PARQUE METROPOLITANO EL COUNTRY,571.09,0,0.34,,1.0,0.5,0.0,,0.02,178.97,1.0
14-M3905262,APARTAMENTO,VENTA,19.41,65.82,3.0,2.0,213000.0,1.0,COLINA Y ALREDEDORES,3,MAS DE 20 ANOS,4.75,-74.05,USADO,,0,0,0,0,0,0,0,0,0,0,False,SUBA,BRITALIA - EL PIJAO DE ORO,Toberin - Foundever,350.67,1,PARQUE VECINAL DESARROLLO CANTALEJO URBANIZACIÓN CANTALEJO MANZANA B,1068.54,0,0.29,,0.33,1.5,0.0,,0.05,1483.16,0.0
771-M4371184,APARTAMENTO,VENTA,19.99,100.0,1.0,3.0,170000.0,2.0,SANTA BARBARA,6,MAS DE 20 ANOS,4.7,-74.05,USADO,,0,0,0,0,0,0,0,0,0,1,False,USAQUEN,SANTA BARBARA OCCIDENTAL,Calle 127,821.65,0,PARQUE METROPOLITANO EL COUNTRY,953.74,0,0.2,,2.0,0.33,0.0,,0.01,567.23,0.0
3325-M4176097,APARTAMENTO,VENTA,20.6,160.0,3.0,4.0,1267000.0,1.0,SANTA BARBARA,6,ENTRE 10 Y 20 ANOS,4.69,-74.04,USADO,,0,1,0,0,1,0,0,0,0,1,False,USAQUEN,SANTA BARBARA CENTRAL I Y II,Calle 106,1557.82,0,PARQUE METROPOLITANO EL COUNTRY,1541.33,0,0.13,,0.33,0.75,0.0,,0.02,547.1,0.0
34-M2972473,APARTAMENTO,VENTA,19.99,100.0,3.0,2.0,462000.0,1.0,SANTA BARBARA,6,MAS DE 20 ANOS,4.69,-74.04,USADO,,0,0,0,0,1,0,0,0,0,1,False,USAQUEN,SANTA BARBARA CENTRAL I Y II,Calle 106,1494.51,0,PARQUE METROPOLITANO EL COUNTRY,1626.83,0,0.2,,0.33,1.5,0.0,,0.03,617.33,0.0
617-M4478061,APARTAMENTO,VENTA,20.17,97.0,3.0,2.0,520000.0,1.0,CEDRITOS,4,ENTRE 10 Y 20 ANOS,4.73,-74.04,USADO,,0,0,0,0,1,0,0,0,0,1,False,USAQUEN,LOS CEDRITOS,Calle 142,971.07,0,PARQUE VECINAL NUEVA URBANIZACIÓN EL CEDRITO,999.28,0,0.21,,0.33,1.5,0.0,,0.03,928.44,0.0
183-M4208983,APARTAMENTO,VENTA,19.41,62.36,3.0,2.0,235000.0,1.0,CASTILLA MARSELLA,4,ENTRE 10 Y 20 ANOS,4.63,-74.14,USADO,,0,0,0,0,0,0,0,0,0,1,False,KENNEDY,EL PORTAL DE LAS AMERICAS,Mandalay,151.26,1,PARQUE ZONAL CASTILLA,805.9,0,0.31,,0.33,1.5,0.0,,0.05,1535.38,0.0
991-M4711179,APARTAMENTO,VENTA,19.78,79.0,3.0,2.0,361800.0,1.0,COLINA Y ALREDEDORES,5,MAS DE 20 ANOS,4.73,-74.07,USADO,,0,0,0,0,0,0,0,0,0,1,False,SUBA,EL REFUGIO DE LA COLINA I,Gratamira,601.68,0,PARQUE ZONAL EL TOMILLAR,1204.93,0,0.25,,0.33,1.5,0.0,,0.04,485.92,1.0
3057-M4524704,APARTAMENTO,VENTA,20.0,76.0,3.0,2.0,400201.0,1.0,COLINA Y ALREDEDORES,4,REMODELADO,4.74,-74.06,USADO,,0,0,0,0,1,0,0,0,0,1,False,SUBA,MAZUREN,Mazurén,779.69,0,PARQUE VECINAL URBANIZACIÓN VICTORIA NORTE,389.51,1,0.26,,0.33,1.5,0.0,,0.04,1446.31,0.0
661-M4521806,APARTAMENTO,VENTA,19.95,64.0,2.0,2.0,470000.0,1.0,CHICO,6,MAS DE 20 ANOS,4.66,-74.05,USADO,,0,1,0,0,1,0,0,0,0,1,False,CHAPINERO,BOSQUE EL RETIRO I SECTOR,Héroes - Gel´Hada,1548.65,0,PARQUE ZONAL SAN ANDRÉS,568.82,0,0.31,,0.5,1.0,0.0,,0.03,700.53,0.0
10366-M4163893,APARTAMENTO,VENTA,19.97,103.0,3.0,2.0,532600.0,2.0,,5,MAS DE 20 ANOS,4.7,-74.07,USADO,,0,0,0,0,1,0,0,0,0,1,False,SUBA,LAGOS DE CORDOBA,Humedal Córdoba,379.07,1,PARQUE ZONAL CANAL CORDOBA,476.25,1,0.19,,0.67,1.5,0.0,,0.03,833.36,0.0
11079-M3657364,APARTAMENTO,VENTA,20.91,140.0,2.0,3.0,1132000.0,2.0,SANTA BARBARA,5,ENTRE 5 Y 10 ANOS,4.69,-74.04,USADO,,0,1,0,0,1,0,0,0,0,0,False,USAQUEN,SANTA ANA OCCIDENTAL,Calle 106,2131.84,0,PARQUE METROPOLITANO EL COUNTRY,1779.2,0,0.15,,1.0,0.67,0.0,,0.01,214.59,1.0
164-M4070520,APARTAMENTO,VENTA,20.13,113.8,3.0,1.0,580000.0,1.0,NIZA ALHAMBRA,5,REMODELADO,4.7,-74.06,USADO,,0,0,0,0,1,0,0,0,0,1,False,SUBA,LA ALHAMBRA SECTOR SUR,Pepe Sierra,471.35,1,PARQUE ZONAL CANAL CORDOBA,683.91,0,0.18,,0.33,3.0,0.0,,0.03,939.64,0.0
34-M4353574,APARTAMENTO,VENTA,19.97,104.68,3.0,2.0,579000.0,1.0,NIZA ALHAMBRA,5,MAS DE 20 ANOS,4.7,-74.06,USADO,,0,1,0,0,1,0,0,0,0,1,False,SUBA,LA ALHAMBRA SECTOR SUR,Pepe Sierra,435.63,1,PARQUE ZONAL CANAL CORDOBA,720.19,0,0.19,,0.33,1.5,0.0,,0.03,907.08,0.0
5044-M4419362,APARTAMENTO,VENTA,19.99,80.0,2.0,2.0,450000.0,1.0,COUNTRY,5,ENTRE 5 Y 10 ANOS,4.72,-74.05,USADO,,0,0,0,1,1,1,0,0,0,1,False,USAQUEN,LOS CEDROS,Alcalá,339.45,1,PARQUE VECINAL PRADO PINZÓN,956.74,0,0.25,,0.5,1.0,0.0,,0.02,356.41,1.0
164-M4434261,APARTAMENTO,VENTA,19.21,41.0,1.0,1.0,229000.0,1.0,COUNTRY,4,MAS DE 20 ANOS,4.72,-74.04,USADO,,0,0,0,0,1,0,0,0,0,1,True,USAQUEN,NUEVO COUNTRY,Alcalá,1115.53,0,PARQUE VECINAL NUEVA URBANIZACIÓN EL CEDRITO,1235.22,0,0.47,,1.0,1.0,0.0,,0.02,633.94,0.0
164-M4658974,APARTAMENTO,VENTA,19.81,39.58,1.0,2.0,350000.0,1.0,CENTRO INTERNACIONAL,4,ENTRE 5 Y 10 ANOS,4.62,-74.07,USADO,,0,0,0,0,0,0,0,0,0,1,False,SANTA FE,SAMPER,Calle 26,191.03,1,PARQUE METROPOLITANO INDEPENDENCIA BICENTENARIO,511.33,0,0.5,,1.0,0.5,0.0,,0.03,158.82,6.0
34-M3083855,APARTAMENTO,VENTA,20.72,188.0,3.0,2.0,3921395.93,0.0,SANTA BARBARA,3,MAS DE 20 ANOS,4.7,-74.04,USADO,,0,1,0,0,1,0,0,0,0,1,False,USAQUEN,SANTA BARBARA OCCIDENTAL,Pepe Sierra,1250.63,0,PARQUE METROPOLITANO EL COUNTRY,874.69,0,0.11,,0.0,1.5,0.0,,0.02,423.61,1.0
164-M4583149,APARTAMENTO,VENTA,19.09,44.53,3.0,2.0,109000.0,0.0,ENGATIVA,3,REMODELADO,4.7,-74.11,USADO,,0,0,0,0,0,0,0,0,0,1,False,ENGATIVA,FLORENCIA,Carrera 90,518.26,0,PARQUE VECINAL FLORENCIA LOS TRONQUITOS AGRUPACIÓN DE VIVIENDA FLORENCIA II SECTOR,234.93,1,0.43,,0.0,1.5,0.0,,0.07,925.18,0.0
164-M4732425,APARTAMENTO,VENTA,19.52,54.1,3.0,2.0,172000.0,1.0,FONTIBON TINTAL,3,MAS DE 20 ANOS,4.66,-74.13,USADO,,0,0,0,0,0,0,0,0,0,1,False,FONTIBON,EL TINTAL A.S.D.,Normandía,1877.54,0,PARQUE ZONAL CANAL BOYACA,1158.26,0,0.36,,0.33,1.5,0.0,,0.06,265.19,2.0
2266-M3366841,APARTAMENTO,VENTA,21.5,171.0,2.0,3.0,1470000.0,2.0,CHICO,6,ENTRE 0 Y 5 ANOS,4.67,-74.05,USADO,,0,1,0,0,0,0,0,0,0,0,False,CHAPINERO,LA CABRERA,Héroes - Gel´Hada,1502.07,0,PARQUE ZONAL SAN ANDRÉS,550.2,0,0.13,,1.0,0.67,0.0,,0.01,633.07,0.0
10278-M4616779,APARTAMENTO,VENTA,19.47,57.98,3.0,2.0,258000.0,1.0,ORQUIDEAS,4,ENTRE 10 Y 20 ANOS,4.75,-74.02,USADO,,0,0,0,0,1,0,0,0,0,1,False,USAQUEN,S.C. HORIZONTES NORTE,Portal Norte,2458.41,0,PARQUE ZONAL SERVITA,1412.03,0,0.34,,0.33,1.5,0.0,,0.05,1559.28,0.0
3229-M4362881,APARTAMENTO,VENTA,19.92,78.0,4.0,3.0,425000.0,1.0,SALITRE MODELIA,4,MAS DE 20 ANOS,4.66,-74.11,USADO,,0,0,0,0,0,0,0,0,0,1,False,FONTIBON,CIUDAD SALITRE,AV. Rojas,534.08,0,PARQUE VECINAL CARLOS LLERAS (EL FUEGO),316.27,1,0.26,,0.25,1.33,0.0,,0.05,430.77,1.0
346-M3693186,APARTAMENTO,VENTA,19.57,60.24,2.0,2.0,223776.0,1.0,COLINA Y ALREDEDORES,3,ENTRE 0 Y 5 ANOS,4.72,-74.07,USADO,,0,0,0,0,1,0,0,0,0,1,False,SUBA,CIUDAD JARDIN NORTE,Suba - AV. Boyacá,601.33,0,PARQUE ZONAL LOS LACHES LA MINA,1075.06,0,0.32,,0.5,1.0,0.0,,0.03,849.01,0.0
2266-780,APARTAMENTO,VENTA,20.39,116.0,2.0,3.0,540000.0,2.0,SANTA BARBARA,6,ENTRE 10 Y 20 ANOS,4.69,-74.05,USADO,,0,1,0,0,1,0,0,0,0,1,False,USAQUEN,SAN PATRICIO,Calle 106,793.27,0,PARQUE METROPOLITANO EL COUNTRY,1679.49,0,0.18,,1.0,0.67,0.0,,0.02,162.59,3.0
10278-M4616766,APARTAMENTO,VENTA,19.88,39.58,1.0,2.0,315180.0,1.0,CENTRO INTERNACIONAL,4,ENTRE 5 Y 10 ANOS,4.62,-74.07,USADO,,0,0,0,0,1,0,0,0,0,1,False,SANTA FE,SAMPER,Calle 26,191.03,1,PARQUE METROPOLITANO INDEPENDENCIA BICENTENARIO,511.33,0,0.5,,1.0,0.5,0.0,,0.03,158.82,6.0
2765-M4514961,APARTAMENTO,VENTA,19.92,84.0,2.0,2.0,3921395.93,1.0,CEDRITOS,5,REMODELADO,4.72,-74.04,USADO,,0,1,0,0,1,0,0,0,0,1,False,USAQUEN,CEDRO NARVAEZ,Calle 142,1377.03,0,PARQUE VECINAL NUEVA URBANIZACIÓN EL CEDRITO,557.2,0,0.24,,0.5,1.0,0.0,,0.02,438.2,1.0
2765-M4560813,APARTAMENTO,VENTA,20.29,120.0,3.0,3.0,340000.0,2.0,FONTIBON TINTAL,4,ENTRE 10 Y 20 ANOS,4.66,-74.13,USADO,,0,0,0,0,1,0,0,0,0,1,False,FONTIBON,URB. PRADO GRANDE,Modelia,2122.14,0,PARQUE VECINAL VILLA HELENA VILLEMAR,1095.53,0,0.17,,0.67,1.0,0.0,,0.02,224.7,2.0
346-M3674595,APARTAMENTO,VENTA,21.09,240.0,3.0,3.0,1400000.0,3.0,CHICO,6,MAS DE 20 ANOS,4.67,-74.04,USADO,,0,1,0,0,1,0,0,0,0,1,False,CHAPINERO,CHICO ALTO,Calle 85,2132.22,0,PARQUE VECINAL URBANIZACIÓN LA CABRERA,1075.41,0,0.09,,1.0,1.0,0.0,,0.01,1024.47,0.0
410-M4288465,APARTAMENTO,VENTA,19.52,57.0,3.0,1.0,187900.0,1.0,PUENTE ARANDA,3,MAS DE 20 ANOS,4.6,-74.1,USADO,,0,0,0,0,0,0,0,0,0,1,False,PUENTE ARANDA,LAS VIOLETAS LA ASUNCION,Santa Isabel,213.69,1,PARQUE ZONAL SANTA ISABEL,467.7,1,0.34,,0.33,3.0,0.0,,0.05,2547.28,0.0
346-M3792648,APARTAMENTO,VENTA,20.17,49.6,1.0,2.0,3921395.93,1.0,CHICO,6,ENTRE 0 Y 5 ANOS,4.67,-74.04,USADO,,0,0,0,0,1,0,0,0,0,1,False,CHAPINERO,EL REFUGIO,Héroes - Gel´Hada,1732.96,0,PARQUE VECINAL URBANIZACIÓN LA CABRERA,690.38,0,0.41,,1.0,0.5,0.0,,0.02,665.72,0.0
16108-M4433204,APARTAMENTO,VENTA,19.41,39.0,1.0,1.0,200000.0,0.0,COLINA Y ALREDEDORES,4,ENTRE 0 Y 5 ANOS,4.72,-74.06,USADO,,0,0,0,1,1,1,0,0,0,1,False,SUBA,S.C. PRADO VERANIEGO NORTE,Prado,916.85,0,PARQUE ZONAL ATABANZA,853.89,0,0.5,,0.0,1.0,0.0,,0.03,740.93,0.0
346-M3719052,APARTAMENTO,VENTA,20.56,107.0,3.0,2.0,618000.0,2.0,CHICO,6,MAS DE 20 ANOS,4.68,-74.05,USADO,,0,0,0,0,1,0,0,0,0,1,False,CHAPINERO,S.C. CHICO NORTE,Calle 100 - Marketmedios,747.73,0,PARQUE VECINAL URBANIZACIÓN NORMANDIA I II II Y IV SECTOR,765.02,0,0.19,,0.67,1.5,0.0,,0.03,224.41,3.0
164-M3677498,APARTAMENTO,VENTA,19.7,74.0,3.0,2.0,252000.0,1.0,FONTIBON TINTAL,4,ENTRE 10 Y 20 ANOS,4.66,-74.13,USADO,,0,0,0,0,1,0,0,0,0,1,False,FONTIBON,EL TINTAL A.S.D.,Normandía,2262.37,0,PARQUE ZONAL CANAL BOYACA,1488.05,0,0.27,,0.33,1.5,0.0,,0.04,554.55,0.0
3229-M4132523,APARTAMENTO,VENTA,20.44,87.0,2.0,2.0,633400.0,2.0,CHICO,6,ENTRE 5 Y 10 ANOS,4.68,-74.05,USADO,,0,0,0,1,1,1,1,0,0,1,False,CHAPINERO,S.C. CHICO NORTE III SECTOR,Calle 100 - Marketmedios,520.97,0,PARQUE VECINAL URBANIZACIÓN NORMANDIA I II II Y IV SECTOR,917.97,0,0.23,,1.0,1.0,0.0,,0.02,297.65,2.0
10366-M4160566,APARTAMENTO,VENTA,19.99,96.0,3.0,2.0,501900.0,1.0,COUNTRY,5,MAS DE 20 ANOS,4.71,-74.05,USADO,,0,1,0,0,0,0,0,0,0,1,False,USAQUEN,,Prado,538.11,0,PARQUE ZONAL ATABANZA,1077.93,0,0.21,,0.33,1.5,0.0,,0.03,647.35,0.0
11079-M4459262,APARTAMENTO,VENTA,21.02,118.0,2.0,3.0,1000000.0,2.0,CHICO,5,ENTRE 5 Y 10 ANOS,4.67,-74.05,USADO,,0,1,0,1,0,0,0,0,0,1,False,CHAPINERO,S.C. EL CHICO,Virrey,1315.36,0,PARQUE VECINAL URBANIZACIÓN LA CABRERA,387.41,1,0.18,,1.0,0.67,0.0,,0.02,296.82,2.0
12375-M4424219,APARTAMENTO,VENTA,20.19,119.0,3.0,3.0,841384.0,1.0,SANTA BARBARA,6,MAS DE 20 ANOS,4.69,-74.04,USADO,,0,1,0,0,1,0,0,0,0,1,False,USAQUEN,SANTA BARBARA CENTRAL I Y II,Calle 106,1349.64,0,PARQUE METROPOLITANO EL COUNTRY,1403.0,0,0.17,,0.33,1.0,0.0,,0.03,409.45,1.0
3325-M4657861,APARTAMENTO,VENTA,19.55,52.0,3.0,2.0,174000.0,1.0,PUENTE ARANDA,3,MAS DE 20 ANOS,4.61,-74.11,USADO,,0,0,0,0,0,0,0,0,0,1,False,PUENTE ARANDA,BOSQUE DE LOS COMUNEROS,Comuneros,974.43,0,PARQUE VECINAL GORGONZOLA,595.05,0,0.38,,0.33,1.5,0.0,,0.06,2669.94,0.0
183-M3852001,APARTAMENTO,VENTA,20.21,98.54,3.0,2.0,510000.0,2.0,CEDRITOS,4,MAS DE 20 ANOS,4.73,-74.04,USADO,,0,0,0,0,1,0,0,0,0,1,False,USAQUEN,ACACIAS USAQUEN,Calle 142,1509.91,0,PARQUE VECINAL NUEVA URBANIZACIÓN EL CEDRITO,466.66,1,0.21,,0.67,1.5,0.0,,0.03,670.87,0.0
3229-3111947,APARTAMENTO,VENTA,20.26,122.0,3.0,3.0,670000.0,2.0,COUNTRY,5,MAS DE 20 ANOS,4.71,-74.04,USADO,,0,1,0,0,1,0,0,0,0,1,False,USAQUEN,LISBOA_,Prado,1930.74,0,PARQUE METROPOLITANO EL COUNTRY,1093.63,0,0.17,,0.67,1.0,0.0,,0.02,147.78,2.0
2882-M4593433,APARTAMENTO,VENTA,20.32,122.0,3.0,4.0,3921395.93,2.0,CHICO,6,MAS DE 20 ANOS,4.68,-74.06,USADO,,0,1,0,0,1,0,0,0,0,1,False,CHAPINERO,S.C. CHICO NORTE III SECTOR,Calle 100 - Marketmedios,308.89,1,PARQUE VECINAL URBANIZACIÓN NORMANDIA I II II Y IV SECTOR,915.97,0,0.17,,0.67,0.75,0.0,,0.02,444.91,1.0
183-M4308071,APARTAMENTO,VENTA,20.17,138.0,4.0,3.0,752000.0,1.0,COUNTRY,5,MAS DE 20 ANOS,4.72,-74.04,USADO,,0,1,0,0,0,0,0,0,0,1,False,USAQUEN,EL CONTADOR,Alcalá,870.92,0,PARQUE VECINAL NUEVA URBANIZACIÓN EL CEDRITO,1134.92,0,0.15,,0.25,1.33,0.0,,0.03,378.61,1.0
2765-M4467837,APARTAMENTO,VENTA,19.52,67.39,3.0,2.0,410000.0,2.0,CEDRITOS,4,ENTRE 10 Y 20 ANOS,4.73,-74.03,USADO,,0,0,0,0,0,0,0,0,0,1,False,USAQUEN,LA EMILIA,Mazurén,1712.08,0,PARQUE ZONAL ALTA BLANCA,702.79,0,0.29,,0.67,1.5,0.0,,0.04,208.47,1.0
11712-M4449465,APARTAMENTO,VENTA,20.99,220.0,4.0,4.0,1370000.0,3.0,SANTA BARBARA,5,ENTRE 0 Y 5 ANOS,4.7,-74.05,USADO,,0,1,0,0,1,0,0,0,0,1,False,USAQUEN,SANTA BARBARA OCCIDENTAL,Calle 127,366.71,1,PARQUE ZONAL ATABANZA,961.28,0,0.1,,0.75,1.0,0.0,,0.02,219.14,5.0
5044-M4661968,APARTAMENTO,VENTA,19.64,36.51,1.0,2.0,280000.0,1.0,LA SOLEDAD,4,ENTRE 0 Y 5 ANOS,4.63,-74.08,USADO,,0,0,0,0,1,1,0,0,0,1,False,TEUSAQUILLO,LA SOLEDAD,AV. ElDorado,516.84,0,PARQUE METROPOLITANO EL RENACIMIENTO - PARQUE CEMENTERIO CENTRAL,1434.82,0,0.54,,1.0,0.5,0.0,,0.03,823.74,0.0
4566-M4519970,APARTAMENTO,VENTA,20.41,114.0,1.0,2.0,640000.0,2.0,SANTA BARBARA,6,ENTRE 10 Y 20 ANOS,4.7,-74.05,USADO,,0,1,0,0,0,0,0,0,0,1,False,USAQUEN,SANTA BARBARA OCCIDENTAL,Pepe Sierra,931.41,0,PARQUE METROPOLITANO EL COUNTRY,1079.78,0,0.18,,2.0,0.5,0.0,,0.01,226.53,1.0
973-M4584451,APARTAMENTO,VENTA,19.3,19.6,1.0,1.0,315000.0,0.0,SANTA BARBARA,5,ENTRE 0 Y 5 ANOS,4.69,-74.04,USADO,,0,0,0,0,0,0,0,0,0,1,False,USAQUEN,SANTA ANA OCCIDENTAL,Calle 106,2195.44,0,PARQUE METROPOLITANO EL COUNTRY,1900.97,0,0.98,,0.0,1.0,0.0,,0.05,333.82,1.0
342-M4661394,APARTAMENTO,VENTA,19.92,90.0,3.0,2.0,395000.0,1.0,COLINA Y ALREDEDORES,4,MAS DE 20 ANOS,4.73,-74.06,USADO,,0,0,0,0,0,0,0,0,0,1,False,SUBA,LA VICTORIA NORTE,Calle 146,723.62,0,PARQUE VECINAL URBANIZACIÓN LA LAGUNA,214.29,1,0.22,,0.33,1.5,0.0,,0.03,1161.82,0.0
16039-M4693163,APARTAMENTO,VENTA,19.7,88.0,3.0,2.0,283000.0,1.0,COLINA Y ALREDEDORES,4,MAS DE 20 ANOS,4.74,-74.05,USADO,,0,0,0,0,0,1,0,0,0,1,False,SUBA,MAZUREN,Mazurén,354.02,1,PARQUE VECINAL URBANIZACIÓN VICTORIA NORTE,263.91,1,0.22,,0.33,1.5,0.0,,0.03,1808.91,0.0
973-M4543492,APARTAMENTO,VENTA,19.61,69.15,3.0,2.0,330000.0,2.0,CEDRITOS,4,REMODELADO,4.72,-74.03,USADO,,0,0,0,0,1,0,0,0,0,0,False,USAQUEN,CEDRO SALAZAR,Calle 142,2761.27,0,PARQUE VECINAL NUEVA URBANIZACIÓN EL CEDRITO,876.15,0,0.28,,0.67,1.5,0.0,,0.04,982.58,0.0
661-M4458497,APARTAMENTO,VENTA,19.32,33.0,1.0,1.0,293200.0,1.0,CHAPINERO,4,ENTRE 0 Y 5 ANOS,4.64,-74.07,USADO,,0,0,0,0,0,0,0,0,0,1,False,TEUSAQUILLO,SAN LUIS,Campín - UAN,718.13,0,PARQUE ESCENARIO DEPORTIVO EL CAMPINCITO - CEAD,682.23,0,0.59,,1.0,1.0,0.0,,0.03,239.52,1.0
3229-M3744109,APARTAMENTO,VENTA,19.95,91.0,2.0,2.0,503500.0,2.0,NIZA ALHAMBRA,5,ENTRE 10 Y 20 ANOS,4.7,-74.06,USADO,,0,1,0,1,1,0,0,0,0,1,False,SUBA,EL BATAN,Calle 127,235.95,1,PARQUE ZONAL ATABANZA,674.15,0,0.22,,1.0,1.0,0.0,,0.02,402.35,3.0
304-M4548709,APARTAMENTO,VENTA,21.64,218.0,3.0,4.0,3921395.93,3.0,SANTA BARBARA,5,ENTRE 0 Y 5 ANOS,4.7,-74.03,USADO,,0,0,0,0,1,0,0,0,0,1,False,USAQUEN,SANTA BARBARA ORIENTAL,Calle 127,2721.61,0,PARQUE METROPOLITANO EL COUNTRY,1072.72,0,0.1,,1.0,0.75,0.0,,0.01,391.13,1.0
356-M3013878,APARTAMENTO,VENTA,21.28,190.0,3.0,3.0,1725000.0,3.0,CHICO,6,ENTRE 10 Y 20 ANOS,4.67,-74.04,USADO,,0,1,0,0,0,0,0,0,0,0,False,CHAPINERO,EL REFUGIO,Héroes - Gel´Hada,1711.29,0,PARQUE VECINAL URBANIZACIÓN LA CABRERA,674.85,0,0.11,,1.0,1.0,0.0,,0.02,652.66,0.0
11233-M3200455,APARTAMENTO,VENTA,20.07,80.0,2.0,2.0,600000.0,1.0,COUNTRY,5,MAS DE 20 ANOS,4.71,-74.04,USADO,,0,0,0,0,1,0,0,0,0,0,False,USAQUEN,LA_CAROLINA,Calle 127,1650.0,0,PARQUE METROPOLITANO EL COUNTRY,130.08,1,0.25,,0.5,1.0,0.0,,0.02,379.9,1.0
10366-8093,APARTAMENTO,VENTA,19.38,90.0,2.0,2.0,160000.0,1.0,ORQUIDEAS,3,ENTRE 10 Y 20 ANOS,4.74,-74.04,USADO,,0,0,0,0,0,0,0,0,0,1,False,USAQUEN,LAS ORQUIDEAS,Toberin - Foundever,937.33,0,PARQUE VECINAL URBANIZACIÓN TOBERIN,46.04,1,0.22,,0.5,1.0,0.0,,0.02,615.21,0.0
34-M4104667,APARTAMENTO,VENTA,20.5,198.0,3.0,3.0,1200000.0,2.0,CHICO,5,MAS DE 20 ANOS,4.68,-74.05,USADO,,0,0,0,0,1,0,0,0,0,1,False,CHAPINERO,S.C. CHICO NORTE,Virrey,551.01,0,PARQUE ZONAL CANAL EL VIRREY EL CHICO,443.99,1,0.1,,0.67,1.0,0.0,,0.02,312.35,3.0
34-M4430660,APARTAMENTO,VENTA,19.05,50.0,3.0,1.0,3921395.93,0.0,CASTILLA MARSELLA,3,MAS DE 20 ANOS,4.65,-74.14,USADO,,0,0,0,0,0,0,0,0,0,1,False,KENNEDY,FAVIDI,Mandalay,2211.56,0,PARQUE VECINAL VILLA ALSACIA,575.78,0,0.38,,0.0,3.0,0.0,,0.06,947.13,0.0
34-M3552625,APARTAMENTO,VENTA,19.9,53.0,1.0,2.0,185000.0,0.0,CENTRO INTERNACIONAL,4,ENTRE 0 Y 5 ANOS,4.62,-74.07,USADO,,0,0,0,0,1,0,0,0,0,1,False,SANTA FE,SAN_MARTIN,Calle 34,451.05,1,PARQUE METROPOLITANO PARQUE NACIONAL (PM2A) ENRIQUE OLAYA HERRERA (SECTOR HISTORICO),637.18,0,0.38,,0.0,0.5,0.0,,0.02,439.19,3.0
183-M4517490,APARTAMENTO,VENTA,20.39,137.0,3.0,3.0,650000.0,2.0,COLINA Y ALREDEDORES,5,REMODELADO,4.73,-74.07,USADO,,0,0,0,0,0,0,0,0,0,1,False,SUBA,GRATAMIRA,Gratamira,19.24,1,PARQUE ZONAL EL TOMILLAR,1448.97,0,0.15,,0.67,1.0,0.0,,0.02,1068.46,0.0
2363-M4211623,APARTAMENTO,VENTA,19.7,74.6,2.0,2.0,380000.0,1.0,SANTA BARBARA,5,MAS DE 20 ANOS,4.7,-74.04,USADO,,0,0,0,0,0,0,0,0,0,1,False,USAQUEN,SANTA BARBARA CENTRAL I SECTOR,Pepe Sierra,1630.3,0,PARQUE METROPOLITANO EL COUNTRY,666.32,0,0.26,,0.5,1.0,0.0,,0.03,477.73,1.0
3229-M4565602,APARTAMENTO,VENTA,20.5,112.0,3.0,3.0,482000.0,1.0,SALITRE MODELIA,4,ENTRE 5 Y 10 ANOS,4.64,-74.1,USADO,,0,1,0,0,0,0,0,0,0,1,False,TEUSAQUILLO,CIUDAD SALITRE SURORIENTAL,CAN,638.9,0,PARQUE VECINAL SANTA CLARA,1141.86,0,0.18,,0.33,1.0,0.0,,0.03,569.98,0.0
4566-M4619131,APARTAMENTO,VENTA,20.95,167.0,3.0,4.0,1100000.0,2.0,CHICO,6,MAS DE 20 ANOS,4.66,-74.05,USADO,,0,0,0,0,0,0,0,0,0,0,False,CHAPINERO,LOS ROSALES,Calle 72,1492.09,0,PARQUE ZONAL GUSTAVO URIBE BOTERO,730.0,0,0.13,,0.67,0.75,0.0,,0.02,741.24,0.0
12503-M4054146,APARTAMENTO,VENTA,21.35,250.0,4.0,5.0,1550000.0,3.0,COUNTRY,6,ENTRE 10 Y 20 ANOS,4.71,-74.03,USADO,,0,1,0,0,0,0,0,0,0,0,False,USAQUEN,GINEBRA NORTE,Prado,2668.5,0,PARQUE METROPOLITANO EL COUNTRY,1250.82,0,0.09,,0.75,0.8,0.0,,0.02,368.9,1.0
4566-M4549409,APARTAMENTO,VENTA,21.19,272.0,3.0,4.0,1877000.0,2.0,CHICO,6,MAS DE 20 ANOS,4.67,-74.04,USADO,,0,1,0,0,0,0,0,0,0,0,False,CHAPINERO,CHICO ORIENTAL,Virrey,2193.92,0,PARQUE VECINAL URBANIZACIÓN LA CABRERA,1173.4,0,0.08,,0.67,0.75,0.0,,0.01,1092.48,0.0
771-M4399984,APARTAMENTO,VENTA,20.31,105.0,3.0,3.0,850000.0,2.0,CEDRITOS,4,ENTRE 0 Y 5 ANOS,4.72,-74.05,USADO,,0,0,0,0,0,0,0,0,0,1,False,USAQUEN,LOS CEDRITOS,Calle 142,440.05,1,PARQUE VECINAL PRADO PINZÓN,771.89,0,0.19,,0.67,1.0,0.0,,0.03,504.53,0.0
10278-M4289733,APARTAMENTO,VENTA,20.0,103.0,3.0,2.0,348400.0,1.0,COLINA Y ALREDEDORES,4,MAS DE 20 ANOS,4.73,-74.07,USADO,,0,1,0,0,0,0,0,0,0,1,False,SUBA,COLPATRIA SANTA HELENA II SECTOR,Gratamira,1197.5,0,PARQUE VECINAL URBANIZACIÓN LA LAGUNA,1207.4,0,0.19,,0.33,1.5,0.0,,0.03,209.89,2.0
3325-M4009125,APARTAMENTO,VENTA,19.04,45.0,2.0,1.0,3921395.93,0.0,ALTOS DE SUBA Y CERROS DE SAN JORGE,3,MAS DE 20 ANOS,4.74,-74.09,USADO,,0,0,0,0,0,0,0,0,0,0,False,SUBA,OIKOS TEUCALI SAN ANTONIO,Suba - TV. 91,219.39,1,PARQUE ZONAL BELLAVISTA DINDALITO,252.85,1,0.42,,0.0,2.0,0.0,,0.04,1385.68,0.0
5340-M3177858,APARTAMENTO,VENTA,21.29,195.0,2.0,3.0,1665000.0,3.0,CHICO,6,ENTRE 10 Y 20 ANOS,4.67,-74.05,USADO,,0,0,0,0,1,0,0,0,0,1,False,CHAPINERO,S.C. CHICO NORTE,Virrey,1467.94,0,PARQUE VECINAL URBANIZACIÓN LA CABRERA,601.47,0,0.11,,1.5,0.67,0.0,,0.01,446.3,1.0
9947-M4555758,APARTAMENTO,VENTA,21.82,330.0,3.0,3.0,3921395.93,2.0,CHICO,6,MAS DE 20 ANOS,4.66,-74.05,USADO,,0,0,0,0,0,0,0,0,0,0,False,CHAPINERO,LOS ROSALES,Héroes - Gel´Hada,1767.73,0,PARQUE ZONAL SAN ANDRÉS,790.08,0,0.07,,0.67,1.0,0.0,,0.01,910.46,0.0
9947-M4555762,APARTAMENTO,VENTA,21.24,262.0,5.0,4.0,3921395.93,0.0,CHICO,5,MAS DE 20 ANOS,4.66,-74.05,USADO,,0,1,0,0,0,0,0,0,0,0,False,CHAPINERO,S.C. EL NOGAL,Calle 76 - San Felipe,817.16,0,PARQUE ZONAL SAN ANDRÉS,528.19,0,0.08,,0.0,1.25,0.0,,0.02,452.56,3.0
34-M4692085,APARTAMENTO,VENTA,19.78,90.0,3.0,3.0,282000.0,1.0,CEDRITOS,4,MAS DE 20 ANOS,4.73,-74.03,USADO,,0,0,0,0,0,0,0,0,0,1,False,USAQUEN,CEDRO SALAZAR,Calle 146,2040.85,0,PARQUE ZONAL ALTA BLANCA,638.53,0,0.22,,0.33,1.0,0.0,,0.03,151.09,1.0
34-M4728210,APARTAMENTO,VENTA,19.79,90.0,3.0,2.0,196000.0,1.0,CASTILLA MARSELLA,3,ENTRE 0 Y 5 ANOS,4.65,-74.15,USADO,,0,0,0,0,0,0,0,0,0,1,False,KENNEDY,S.C. TINTALA,Biblioteca Tintal,1286.16,0,PARQUE METROPOLITANO BIBLIOTECA EL TINTAL,490.53,1,0.22,,0.33,1.5,0.0,,0.03,2562.23,0.0
183-M3313496,APARTAMENTO,VENTA,19.86,99.33,3.0,2.0,80000.0,1.0,CEDRITOS,5,MAS DE 20 ANOS,4.73,-74.03,USADO,,0,0,0,0,0,0,0,0,0,1,False,USAQUEN,CEDRO SALAZAR,Calle 146,2226.09,0,PARQUE VECINAL NUEVA URBANIZACIÓN EL CEDRITO,661.49,0,0.2,,0.33,1.5,0.0,,0.03,364.28,1.0
164-M3212640,APARTAMENTO,VENTA,19.92,83.99,3.0,3.0,280000.0,1.0,ENGATIVA,3,ENTRE 10 Y 20 ANOS,4.69,-74.09,USADO,,0,0,0,0,0,0,0,0,0,0,False,ENGATIVA,SANTA MARIA DEL LAGO,Minuto de Dios,295.48,1,PARQUE ZONAL BONANZA,572.63,0,0.24,,0.33,1.0,0.0,,0.04,648.45,0.0
34-M3979499,APARTAMENTO,VENTA,19.55,66.0,3.0,2.0,3921395.93,1.0,CEDRITOS,4,MAS DE 20 ANOS,4.72,-74.04,USADO,,0,0,0,0,0,0,0,0,0,1,False,USAQUEN,CEDRO NARVAEZ,Calle 142,1455.56,0,PARQUE VECINAL NUEVA URBANIZACIÓN EL CEDRITO,473.22,1,0.3,,0.33,1.5,0.0,,0.05,433.74,1.0
34-M4729100,APARTAMENTO,VENTA,19.3,62.0,3.0,2.0,50000.0,1.0,KENNEDY,3,ENTRE 5 Y 10 ANOS,4.61,-74.13,USADO,,0,0,0,0,0,0,0,0,0,1,False,KENNEDY,FLORALIA I SECTOR,Alquería,1931.62,0,PARQUE VECINAL CARVAJAL,540.58,0,0.31,,0.33,1.5,0.0,,0.05,922.27,0.0
356-M4051713,APARTAMENTO,VENTA,21.22,230.0,3.0,4.0,1600000.0,3.0,COUNTRY,6,MAS DE 20 ANOS,4.71,-74.04,USADO,,0,1,0,1,1,0,0,0,0,0,False,USAQUEN,LA_CAROLINA,Prado,1426.88,0,PARQUE METROPOLITANO EL COUNTRY,510.9,0,0.09,,1.0,0.75,0.0,,0.01,531.8,0.0
703-M4084357,APARTAMENTO,VENTA,21.55,270.0,3.0,5.0,3921395.93,4.0,CHICO,6,MAS DE 20 ANOS,4.68,-74.05,USADO,,0,0,0,0,0,0,0,0,0,1,False,CHAPINERO,S.C. CHICO NORTE III SECTOR,Calle 100 - Marketmedios,711.21,0,PARQUE VECINAL URBANIZACIÓN NORMANDIA I II II Y IV SECTOR,831.99,0,0.08,,1.33,0.6,0.0,,0.01,232.46,3.0
681-M4334643,APARTAMENTO,VENTA,20.91,205.0,3.0,4.0,1060000.0,4.0,CERROS DE SUBA,6,ENTRE 10 Y 20 ANOS,4.73,-74.08,USADO,,0,1,0,0,0,0,0,0,0,0,False,SUBA,LAS PALMERAS,Gratamira,125.62,1,PARQUE VECINAL AGRUPACIÓN DE VIVIENDA EN BALCON DE LINDARAJA,1377.23,0,0.1,,1.33,0.75,0.0,,0.01,1136.27,0.0
603-M4418146,APARTAMENTO,VENTA,19.92,120.0,3.0,2.0,425000.0,1.0,COLINA Y ALREDEDORES,4,MAS DE 20 ANOS,4.71,-74.06,USADO,,0,0,0,0,0,0,0,0,0,1,False,SUBA,PRADO VERANIEGO,Prado,392.06,1,PARQUE ZONAL ATABANZA,458.01,1,0.17,,0.33,1.5,0.0,,0.02,650.3,0.0
34-M4692356,APARTAMENTO,VENTA,19.92,75.0,3.0,2.0,479000.0,2.0,COUNTRY,5,ENTRE 10 Y 20 ANOS,4.72,-74.03,USADO,,0,0,0,0,0,0,0,0,0,1,False,USAQUEN,CEDRITOS,Alcalá,1973.86,0,PARQUE VECINAL NUEVA URBANIZACIÓN EL CEDRITO,374.36,1,0.27,,0.67,1.5,0.0,,0.04,429.09,1.0
34-M4197459,APARTAMENTO,VENTA,19.9,86.0,3.0,2.0,666700.0,2.0,COUNTRY,5,MAS DE 20 ANOS,4.72,-74.04,USADO,,0,0,0,0,0,0,0,0,0,1,False,USAQUEN,EL CONTADOR,Alcalá,826.97,0,PARQUE VECINAL NUEVA URBANIZACIÓN EL CEDRITO,1211.89,0,0.23,,0.67,1.5,0.0,,0.03,313.6,1.0
2363-M3485730,APARTAMENTO,VENTA,20.2,100.0,3.0,2.0,362000.0,1.0,CHAPINERO ALTO,5,MAS DE 20 ANOS,4.65,-74.05,USADO,,0,0,0,0,1,0,0,0,0,1,False,CHAPINERO,URB. NUEVA GRANADA,Calle 63,1124.03,0,PARQUE ZONAL GUSTAVO URIBE BOTERO,378.28,1,0.2,,0.33,1.5,0.0,,0.03,448.68,1.0
4566-M3812761,APARTAMENTO,VENTA,20.9,224.0,3.0,4.0,2138000.0,3.0,SANTA BARBARA,6,ENTRE 10 Y 20 ANOS,4.69,-74.06,USADO,,0,0,0,0,0,0,0,0,0,1,False,USAQUEN,SANTA BIBIANA,Calle 106,443.0,1,PARQUE VECINAL URBANIZACIÓN NORMANDIA I II II Y IV SECTOR,1365.77,0,0.09,,1.0,0.75,0.0,,0.01,789.85,0.0
10366-M4563007,APARTAMENTO,VENTA,19.64,68.0,3.0,2.0,3921395.93,1.0,COLINA Y ALREDEDORES,4,MAS DE 20 ANOS,4.73,-74.05,USADO,,0,0,0,0,0,0,0,0,0,0,False,SUBA,LA VICTORIA NORTE,Calle 146,290.8,1,PARQUE VECINAL URBANIZACIÓN LA LAGUNA,357.42,1,0.29,,0.33,1.5,0.0,,0.04,1356.81,0.0
34-M3637573,APARTAMENTO,VENTA,20.03,103.0,3.0,2.0,653000.0,1.0,NIZA ALHAMBRA,5,MAS DE 20 ANOS,4.69,-74.07,USADO,,0,0,0,0,1,0,0,0,0,1,False,SUBA,PUENTE LARGO SECTOR I Y II,Puentelargo,229.65,1,PARQUE ZONAL MORATO,1013.29,0,0.19,,0.33,1.5,0.0,,0.03,500.52,0.0
175-M4742580,APARTAMENTO,VENTA,20.72,155.0,3.0,4.0,1200000.0,2.0,CHAPINERO ALTO,6,MAS DE 20 ANOS,4.65,-74.05,USADO,,0,0,0,0,0,1,0,0,0,1,False,CHAPINERO,S.C. LAS ACACIAS,Flores – Areandina,1401.31,0,PARQUE ZONAL GUSTAVO URIBE BOTERO,137.77,1,0.13,,0.67,0.75,0.0,,0.02,561.72,0.0
3325-M4529190,APARTAMENTO,VENTA,19.16,57.0,3.0,1.0,3921395.93,0.0,ALTOS DE SUBA Y CERROS DE SAN JORGE,3,MAS DE 20 ANOS,4.75,-74.11,USADO,,0,0,0,0,0,0,0,0,0,0,False,SUBA,PARQUES DEL CAMPO,Portal Suba,1548.95,0,PARQUE VECINAL CIUDADELA CAFAM ANTES URBANIZACIÓN PUERTO SOL,509.86,0,0.34,,0.0,3.0,0.0,,0.05,1403.39,0.0
346-M3674954,APARTAMENTO,VENTA,19.61,45.0,1.0,1.0,380000.0,1.0,SANTA BARBARA,6,MAS DE 20 ANOS,4.7,-74.05,USADO,,0,0,0,0,0,0,0,0,0,1,False,USAQUEN,SANTA BARBARA OCCIDENTAL,Pepe Sierra,257.76,1,PARQUE ZONAL ATABANZA,1123.06,0,0.44,,1.0,1.0,0.0,,0.02,575.3,0.0
34-M4569391,APARTAMENTO,VENTA,20.0,76.0,3.0,2.0,400200.0,1.0,COLINA Y ALREDEDORES,4,ENTRE 10 Y 20 ANOS,4.74,-74.06,USADO,,0,0,0,0,0,0,0,0,0,1,False,SUBA,MAZUREN,Mazurén,779.69,0,PARQUE VECINAL URBANIZACIÓN VICTORIA NORTE,389.51,1,0.26,,0.33,1.5,0.0,,0.04,1446.31,0.0
4566-M3971951,APARTAMENTO,VENTA,20.9,237.0,3.0,2.0,1130000.0,2.0,SANTA BARBARA,6,MAS DE 20 ANOS,4.7,-74.04,USADO,,0,0,0,0,0,0,0,0,0,1,False,USAQUEN,SANTA BARBARA CENTRAL I SECTOR,Pepe Sierra,1575.64,0,PARQUE METROPOLITANO EL COUNTRY,756.78,0,0.09,,0.67,1.5,0.0,,0.01,539.27,0.0
164-M3785258,APARTAMENTO,VENTA,20.03,85.0,3.0,2.0,3921395.93,1.0,SALITRE MODELIA,4,MAS DE 20 ANOS,4.65,-74.11,USADO,,0,0,0,0,0,0,0,0,0,1,False,FONTIBON,CIUDAD SALITRE 3 A. ETAPA,El Tiempo - Maloka,779.19,0,PARQUE ZONAL SAUZALITO,338.82,1,0.24,,0.33,1.5,0.0,,0.04,179.8,3.0
12503-M4680993,APARTAMENTO,VENTA,20.6,73.0,2.0,2.0,704000.0,2.0,SANTA BARBARA,6,ENTRE 5 Y 10 ANOS,4.7,-74.05,USADO,,0,0,0,0,1,0,0,0,0,1,False,USAQUEN,SAN PATRICIO,Pepe Sierra,466.21,1,PARQUE ZONAL ATABANZA,1470.94,0,0.28,,1.0,1.0,0.0,,0.03,245.85,2.0
684-1829,APARTAMENTO,VENTA,20.99,194.0,3.0,4.0,3921395.93,3.0,CHICO,6,ENTRE 0 Y 5 ANOS,4.65,-74.05,USADO,,0,0,0,0,0,0,0,0,0,0,False,CHAPINERO,S.C. BELLAVISTA,Flores – Areandina,1380.37,0,PARQUE ZONAL GUSTAVO URIBE BOTERO,295.78,1,0.11,,1.0,0.75,0.0,,0.02,578.8,0.0
3284-M4171005,APARTAMENTO,VENTA,19.84,95.0,3.0,3.0,375000.0,1.0,COUNTRY,5,MAS DE 20 ANOS,4.72,-74.03,USADO,,0,1,0,0,1,0,0,0,0,1,False,USAQUEN,CEDRITOS,Alcalá,2076.77,0,PARQUE VECINAL NUEVA URBANIZACIÓN EL CEDRITO,648.4,0,0.21,,0.33,1.0,0.0,,0.03,489.48,1.0
16305-M4705635,APARTAMENTO,VENTA,20.91,170.0,3.0,3.0,1200000.0,2.0,SANTA BARBARA,6,ENTRE 10 Y 20 ANOS,4.7,-74.05,USADO,,0,0,0,0,1,0,0,0,0,1,False,USAQUEN,SAN PATRICIO,Pepe Sierra,382.02,1,PARQUE ZONAL CANAL CORDOBA,1492.47,0,0.12,,0.67,1.0,0.0,,0.02,334.8,1.0
4566-M3725574,APARTAMENTO,VENTA,21.02,146.77,2.0,3.0,1210000.0,2.0,CHAPINERO ALTO,6,MAS DE 20 ANOS,4.65,-74.05,USADO,,0,0,0,0,0,0,0,0,0,1,False,CHAPINERO,S.C. LAS ACACIAS,Flores – Areandina,1078.95,0,PARQUE ZONAL GUSTAVO URIBE BOTERO,216.86,1,0.14,,1.0,0.67,0.0,,0.01,236.64,1.0
9947-M4460921,APARTAMENTO,VENTA,21.75,290.0,3.0,4.0,3921395.93,3.0,COUNTRY,6,MAS DE 20 ANOS,4.71,-74.04,USADO,,0,1,0,0,1,0,0,0,0,0,False,USAQUEN,PLENITUD LA CALLEJA,Prado,1287.11,0,PARQUE METROPOLITANO EL COUNTRY,646.75,0,0.08,,1.0,0.75,0.0,,0.01,610.4,0.0
164-M3197741,APARTAMENTO,VENTA,19.11,54.58,3.0,1.0,3921395.93,0.0,ALTOS DE SUBA Y CERROS DE SAN JORGE,3,MAS DE 20 ANOS,4.75,-74.1,USADO,,0,0,0,0,0,0,0,0,0,1,False,SUBA,URB. PUERTO SOL,Portal Suba,1167.41,0,PARQUE VECINAL CIUDADELA CAFAM ANTES URBANIZACIÓN PUERTO SOL,138.69,1,0.35,,0.0,3.0,0.0,,0.05,1076.77,0.0
9947-M4706735,APARTAMENTO,VENTA,19.95,90.0,3.0,2.0,375000.0,1.0,ORQUIDEAS,4,ENTRE 5 Y 10 ANOS,4.75,-74.02,USADO,,0,1,0,1,0,0,0,0,0,0,False,USAQUEN,SANTA TERESA,Toberin - Foundever,2565.26,0,PARQUE ZONAL SERVITA,445.12,1,0.22,,0.33,1.5,0.0,,0.03,1371.49,0.0
2363-M3277732,APARTAMENTO,VENTA,20.17,138.0,3.0,2.0,3921395.93,1.0,NICOLAS DE FEDERMAN,4,MAS DE 20 ANOS,4.64,-74.08,USADO,,0,1,0,0,0,0,0,0,0,0,False,TEUSAQUILLO,NICOLAS DE FEDERMAN,Campín - UAN,314.91,1,PARQUE ESCENARIO DEPORTIVO EL CAMPINCITO - CEAD,425.86,1,0.15,,0.33,1.5,0.0,,0.02,646.77,0.0
16425-M4622642,APARTAMENTO,VENTA,19.86,97.0,3.0,2.0,355000.0,2.0,,4,ENTRE 10 Y 20 ANOS,4.72,-74.07,USADO,,0,0,0,0,0,0,0,0,0,0,False,SUBA,LAS VILLAS SECTOR II,Suba - AV. Boyacá,537.67,0,PARQUE ZONAL LOS LACHES LA MINA,803.86,0,0.2,,0.67,1.5,0.0,,0.03,701.94,0.0
10366-M4308288,APARTAMENTO,VENTA,19.67,80.0,3.0,2.0,3921395.93,1.0,FONTIBON TINTAL,3,ENTRE 0 Y 5 ANOS,4.67,-74.14,USADO,,0,0,0,0,0,0,0,0,0,0,False,FONTIBON,VILLEMAR,Portal El Dorado,2694.88,0,PARQUE VECINAL VILLA HELENA VILLEMAR,496.35,1,0.25,,0.33,1.5,0.0,,0.04,1206.87,0.0
16425-M4624819,APARTAMENTO,VENTA,20.91,180.0,4.0,4.0,550000.0,2.0,,4,ENTRE 10 Y 20 ANOS,4.75,-74.08,USADO,,0,0,0,0,0,0,0,0,0,0,False,SUBA,EL REGRESO,Portal Suba,1614.52,0,PARQUE ZONAL CAMPO VERDE,341.04,1,0.12,,0.5,1.0,0.0,,0.02,1578.21,0.0
34-M4013191,APARTAMENTO,VENTA,19.96,88.0,3.0,2.0,327000.0,1.0,CORTIJO AUTOPISTA MEDELLIN,4,ENTRE 10 Y 20 ANOS,4.7,-74.08,USADO,,0,0,0,0,0,0,0,0,0,1,False,SUBA,S.C. CLUB DE LOS LAGARTOS,AV. Boyacá,1047.22,0,PARQUE METROPOLITANO CEFE COMETAS,1076.94,0,0.23,,0.33,1.5,0.0,,0.03,930.93,0.0
34-M4683536,APARTAMENTO,VENTA,19.21,47.0,2.0,1.0,139000.0,1.0,RAFAEL URIBE URIBE TUNJUELITO,3,ENTRE 0 Y 5 ANOS,4.57,-74.12,USADO,,0,0,0,0,0,0,0,0,0,1,False,RAFAEL URIBE URIBE,EL FERROL,Socorro,326.19,1,PARQUE METROPOLITANO CEFE EL TUNAL,1686.41,0,0.41,,0.5,2.0,0.0,,0.04,1368.77,0.0
9947-M4518734,APARTAMENTO,VENTA,20.6,155.0,3.0,4.0,733000.0,2.0,SANTA BARBARA,6,ENTRE 5 Y 10 ANOS,4.69,-74.05,USADO,,0,1,0,0,0,0,0,0,0,0,False,USAQUEN,SANTA BIBIANA,Calle 106,455.18,1,PARQUE ZONAL CANAL CORDOBA,1786.37,0,0.13,,0.67,0.75,0.0,,0.02,461.75,1.0
356-M4641259,APARTAMENTO,VENTA,21.24,202.0,3.0,4.0,1050000.0,3.0,COUNTRY,6,ENTRE 0 Y 5 ANOS,4.71,-74.04,USADO,,0,0,0,1,1,0,0,0,0,0,False,USAQUEN,LA_CAROLINA,Calle 127,1507.55,0,PARQUE METROPOLITANO EL COUNTRY,321.67,1,0.11,,1.0,0.75,0.0,,0.01,393.8,1.0
2363-M4703642,APARTAMENTO,VENTA,19.7,58.0,2.0,2.0,539000.0,1.0,CHAPINERO,4,REMODELADO,4.64,-74.07,USADO,,0,0,0,0,1,0,0,0,0,1,False,TEUSAQUILLO,BANCO CENTRAL,Calle 57,445.61,1,PARQUE ESCENARIO DEPORTIVO EL CAMPINCITO - CEAD,952.93,0,0.34,,0.5,1.0,0.0,,0.03,563.71,0.0
684-M4741761,APARTAMENTO,VENTA,20.44,135.0,4.0,3.0,850000.0,2.0,SANTA BARBARA,5,MAS DE 20 ANOS,4.69,-74.03,USADO,,0,0,0,0,0,0,0,0,0,1,False,USAQUEN,SANTA ANA OCCIDENTAL,Pepe Sierra,2481.83,0,PARQUE METROPOLITANO EL COUNTRY,1391.09,0,0.15,,0.5,1.33,0.0,,0.03,166.36,4.0
34-M4458017,APARTAMENTO,VENTA,19.48,73.0,3.0,2.0,153000.0,0.0,CORTIJO AUTOPISTA MEDELLIN,3,ENTRE 0 Y 5 ANOS,4.73,-74.12,USADO,,0,0,0,0,0,0,0,0,0,1,False,ENGATIVA,CIUDADELA COLSUBSIDIO 4 SECTOR,Portal 80,2502.34,0,PARQUE METROPOLITANO PLANTA DE TRATAMIENTO SALITRE,1083.32,0,0.27,,0.0,1.5,0.0,,0.04,2349.51,0.0
10366-M4150528,APARTAMENTO,VENTA,19.61,55.0,2.0,2.0,312400.0,1.0,ORQUIDEAS,4,ENTRE 0 Y 5 ANOS,4.76,-74.03,USADO,,0,0,0,0,0,0,0,0,0,1,False,USAQUEN,TIBABITA II,Calle 187,1703.63,0,PARQUE VECINAL URBANIZACIÓN CALLE 170 / ALAMEDA,1136.88,0,0.36,,0.5,1.0,0.0,,0.04,1588.47,0.0
12937-M4555215,APARTAMENTO,VENTA,19.9,76.48,3.0,2.0,323500.0,1.0,FONTIBON TINTAL,4,ENTRE 10 Y 20 ANOS,4.66,-74.13,USADO,,0,0,0,0,0,0,1,0,0,1,False,FONTIBON,EL TINTAL A.S.D.,Modelia,2295.63,0,PARQUE VECINAL VILLA HELENA VILLEMAR,1329.26,0,0.26,,0.33,1.5,0.0,,0.04,278.89,2.0
2363-M4281123,APARTAMENTO,VENTA,19.95,82.0,3.0,2.0,3921395.93,1.0,RAFAEL URIBE URIBE TUNJUELITO,3,ENTRE 0 Y 5 ANOS,4.59,-74.12,USADO,,0,1,0,0,0,0,0,0,0,0,False,ANTONIO NARINO,VILLA MAYOR ANTIGUA,NQS - Calle 30 S,206.14,1,PARQUE ZONAL VILLA MAYOR CEMENTERIO,257.8,1,0.24,,0.33,1.5,0.0,,0.04,572.82,0.0
34-M4189030,APARTAMENTO,VENTA,19.05,45.0,1.0,1.0,370000.0,0.0,COLINA Y ALREDEDORES,4,MAS DE 20 ANOS,4.73,-74.05,USADO,,0,0,0,0,0,0,0,0,0,1,False,SUBA,LA VICTORIA NORTE,Calle 146,431.2,1,PARQUE VECINAL URBANIZACIÓN LA LAGUNA,183.24,1,0.42,,0.0,1.0,0.0,,0.02,1418.89,0.0
346-M3718973,APARTAMENTO,VENTA,19.19,57.97,1.0,1.0,231000.0,0.0,CENTRO Y ZONA COLONIAL,3,REMODELADO,4.6,-74.07,USADO,,0,0,0,0,0,0,0,0,0,0,False,SANTA FE,VERACRUZ__,Las Aguas - Centro Colombo Americano,262.43,1,PARQUE METROPOLITANO INDEPENDENCIA BICENTENARIO,958.57,0,0.33,,0.0,1.0,0.0,,0.02,302.96,2.0
16419-M4624084,APARTAMENTO,VENTA,19.3,51.5,3.0,1.0,180000.0,0.0,CEDRITOS,4,MAS DE 20 ANOS,4.72,-74.04,USADO,,0,0,0,0,0,0,0,0,0,1,False,USAQUEN,CEDRITOS,Alcalá,1551.89,0,PARQUE VECINAL NUEVA URBANIZACIÓN EL CEDRITO,651.88,0,0.37,,0.0,3.0,0.0,,0.06,53.53,1.0
10366-M3798941,APARTAMENTO,VENTA,19.92,93.0,3.0,2.0,3921395.93,1.0,NICOLAS DE FEDERMAN,4,MAS DE 20 ANOS,4.65,-74.08,USADO,,0,0,0,0,0,0,0,0,0,0,False,TEUSAQUILLO,CAMPIN OCCIDENTAL,Movistar Arena,161.24,1,PARQUE VECINAL ARENA MOVISTAR,144.96,1,0.21,,0.33,1.5,0.0,,0.03,271.57,1.0
183-M3807348,APARTAMENTO,VENTA,19.78,86.5,3.0,2.0,420000.0,1.0,COUNTRY,5,MAS DE 20 ANOS,4.71,-74.03,USADO,,0,1,0,0,0,0,0,0,0,1,False,USAQUEN,LISBOA_,Prado,2097.5,0,PARQUE VECINAL NUEVA URBANIZACIÓN EL CEDRITO,986.79,0,0.23,,0.33,1.5,0.0,,0.03,219.69,3.0
3325-M3921582,APARTAMENTO,VENTA,19.76,70.0,3.0,2.0,3921395.93,1.0,COLINA Y ALREDEDORES,3,MAS DE 20 ANOS,4.75,-74.07,USADO,,0,0,0,0,0,0,0,0,0,1,False,SUBA,URB. PIEDEMONTE,21 Ángeles,2316.01,0,PARQUE ZONAL SAN JOSÉ DE BAVARIA,607.23,0,0.28,,0.33,1.5,0.0,,0.04,2063.74,0.0
9947-M4512867,APARTAMENTO,VENTA,20.93,148.0,3.0,3.0,3921395.93,2.0,COLINA Y ALREDEDORES,4,ENTRE 0 Y 5 ANOS,4.76,-74.07,USADO,,0,1,0,0,0,0,0,0,0,0,False,SUBA,SAN JOSE V SECTOR,Portal Norte,2228.18,0,PARQUE ZONAL SAN JOSÉ DE BAVARIA,585.03,0,0.14,,0.67,1.0,0.0,,0.02,2242.53,0.0
710-M4705548,APARTAMENTO,VENTA,19.99,73.0,3.0,2.0,356000.0,1.0,COLINA Y ALREDEDORES,4,ENTRE 0 Y 5 ANOS,4.74,-74.07,USADO,,0,0,0,0,0,0,0,0,0,0,False,SUBA,CASABLANCA (HACIENDA),21 Ángeles,1639.82,0,PARQUE ZONAL EL TOMILLAR,611.36,0,0.27,,0.33,1.5,0.0,,0.04,1057.65,0.0
183-M4613715,APARTAMENTO,VENTA,19.38,58.0,3.0,1.0,100000.0,0.0,ENGATIVA,3,MAS DE 20 ANOS,4.72,-74.12,USADO,,0,0,0,0,0,0,0,0,0,1,False,ENGATIVA,RINCON DE SAN IGNACIO,Portal 80,1319.78,0,PARQUE ZONAL VILLAS DE GRANADA,267.98,1,0.33,,0.0,3.0,0.0,,0.05,1108.41,0.0
15922-M4308661,APARTAMENTO,VENTA,19.01,54.0,3.0,2.0,158000.0,1.0,ALTOS DE SUBA Y CERROS DE SAN JORGE,3,MAS DE 20 ANOS,4.73,-74.11,USADO,,0,0,0,0,0,0,0,0,0,1,False,SUBA,NUEVA TIBABUYES,Portal Suba,1947.21,0,PARQUE VECINAL URBANIZACIÓN NUEVA TIBABUYES 1,172.63,1,0.35,,0.33,1.5,0.0,,0.06,2076.82,0.0
3552-M3861628,APARTAMENTO,VENTA,19.25,62.0,3.0,2.0,3921395.93,0.0,ENGATIVA,3,ENTRE 0 Y 5 ANOS,4.7,-74.11,USADO,,0,0,0,0,0,0,0,0,0,0,False,ENGATIVA,SANTA ROSITA,Quirigua,543.33,0,PARQUE VECINAL URBANIZACIÓN EL MADRIGAL PRIMER SECTOR,585.69,0,0.31,,0.0,1.5,0.0,,0.05,445.72,1.0
183-M3574078,APARTAMENTO,VENTA,20.37,292.0,1.0,4.0,3921395.93,1.0,CHAPINERO ALTO,5,MAS DE 20 ANOS,4.63,-74.06,USADO,,0,1,0,0,0,0,0,0,0,0,False,CHAPINERO,PARDO RUBIO,Calle 45 - American School Way,1262.72,0,PARQUE METROPOLITANO PARQUE NACIONAL (PM2A) ENRIQUE OLAYA HERRERA (SECTOR HISTORICO),1322.96,0,0.07,,1.0,0.25,0.0,,0.0,1056.19,0.0
13273-M4634431,APARTAMENTO,VENTA,19.98,64.0,1.0,2.0,458000.0,1.0,SANTA BARBARA,5,ENTRE 5 Y 10 ANOS,4.69,-74.05,USADO,,0,0,0,0,1,0,0,0,0,1,False,USAQUEN,RINCON DEL CHICO,Calle 106,1211.78,0,PARQUE METROPOLITANO EL COUNTRY,1899.92,0,0.31,,1.0,0.5,0.0,,0.02,559.77,0.0
34-M4681710,APARTAMENTO,VENTA,19.76,59.49,1.0,2.0,488000.0,1.0,CHAPINERO ALTO,4,MAS DE 20 ANOS,4.64,-74.06,USADO,,0,0,0,0,0,0,0,0,0,1,False,CHAPINERO,S.C. PARDO RUBIO,Marly,461.74,1,PARQUE METROPOLITANO PARQUE NACIONAL (PM2A) ENRIQUE OLAYA HERRERA (SECTOR HISTORICO),1332.11,0,0.33,,1.0,0.5,0.0,,0.02,548.98,0.0
34-M4411034,APARTAMENTO,VENTA,20.1,64.5,3.0,2.0,558000.0,1.0,CEDRITOS,4,ENTRE 0 Y 5 ANOS,4.73,-74.05,USADO,,0,0,0,0,1,0,0,0,0,1,False,USAQUEN,LOS CEDRITOS,Calle 142,399.72,1,PARQUE VECINAL PRADO PINZÓN,763.34,0,0.31,,0.33,1.5,0.0,,0.05,632.69,0.0
10366-M4044245,APARTAMENTO,VENTA,19.88,74.0,3.0,2.0,439600.0,1.0,COUNTRY,5,ENTRE 10 Y 20 ANOS,4.71,-74.03,USADO,,0,0,0,0,0,0,0,0,0,0,False,USAQUEN,BELLA SUIZA,Calle 127,2675.27,0,PARQUE METROPOLITANO EL COUNTRY,938.1,0,0.27,,0.33,1.5,0.0,,0.04,593.43,0.0
164-M4637153,APARTAMENTO,VENTA,19.04,53.22,2.0,1.0,20000.0,0.0,FONTIBON TINTAL,3,MAS DE 20 ANOS,4.67,-74.15,USADO,,0,0,0,0,0,0,0,0,0,0,False,FONTIBON,CENTRO FONTIBON,Portal El Dorado,2848.47,0,PARQUE ZONAL CARMEN DE LA LAGUNA,506.24,0,0.36,,0.0,2.0,0.0,,0.04,2034.01,0.0
34-M4212573,APARTAMENTO,VENTA,20.14,109.0,4.0,3.0,811893.0,2.0,CEDRITOS,4,ENTRE 10 Y 20 ANOS,4.72,-74.03,USADO,,0,0,0,0,1,0,0,0,0,1,False,USAQUEN,LOS CEDROS ORIENTAL,Calle 142,2196.04,0,PARQUE VECINAL NUEVA URBANIZACIÓN EL CEDRITO,289.4,1,0.18,,0.5,1.33,0.0,,0.04,729.16,0.0
34-M4433430,APARTAMENTO,VENTA,20.08,117.0,3.0,3.0,3921395.93,2.0,COUNTRY,5,MAS DE 20 ANOS,4.71,-74.03,USADO,,0,0,0,0,1,0,0,0,0,1,False,USAQUEN,LISBOA_,Prado,1996.79,0,PARQUE VECINAL NUEVA URBANIZACIÓN EL CEDRITO,1009.61,0,0.17,,0.67,1.0,0.0,,0.03,192.79,1.0
4566-M4320453,APARTAMENTO,VENTA,20.97,157.0,3.0,3.0,1277000.0,2.0,SANTA BARBARA,6,ENTRE 10 Y 20 ANOS,4.7,-74.05,USADO,,0,1,0,0,0,0,0,0,0,1,True,USAQUEN,SANTA BARBARA OCCIDENTAL,Calle 127,1021.28,0,PARQUE METROPOLITANO EL COUNTRY,918.38,0,0.13,,0.67,1.0,0.0,,0.02,379.93,1.0
617-M4209496,APARTAMENTO,VENTA,20.28,63.92,2.0,2.0,593000.0,1.0,CENTRO INTERNACIONAL,4,ENTRE 0 Y 5 ANOS,4.62,-74.07,USADO,,0,0,0,1,1,0,1,0,0,1,False,SANTA FE,SAN_MARTIN,Museo Nacional,343.78,1,PARQUE METROPOLITANO INDEPENDENCIA BICENTENARIO,621.45,0,0.32,,0.5,1.0,0.0,,0.03,272.89,4.0
164-M4694119,APARTAMENTO,VENTA,19.34,47.1,2.0,1.0,225000.0,1.0,COLINA Y ALREDEDORES,3,MAS DE 20 ANOS,4.73,-74.05,USADO,,0,0,0,0,1,0,0,0,0,1,False,SUBA,PRADO PINZON,Calle 142,285.86,1,PARQUE VECINAL PRADO PINZÓN,209.82,1,0.41,,0.5,2.0,0.0,,0.04,795.55,0.0
10366-6630,APARTAMENTO,VENTA,20.44,162.5,3.0,3.0,720000.0,1.0,SANTA BARBARA,6,MAS DE 20 ANOS,4.69,-74.04,USADO,,0,0,0,0,1,0,0,0,0,0,False,USAQUEN,SANTA BARBARA CENTRAL III SECTOR,Pepe Sierra,2227.71,0,PARQUE METROPOLITANO EL COUNTRY,1238.43,0,0.13,,0.33,1.0,0.0,,0.02,403.31,4.0
13273-M3919776,APARTAMENTO,VENTA,19.88,66.0,2.0,2.0,420000.0,2.0,SANTA BARBARA,5,ENTRE 10 Y 20 ANOS,4.7,-74.03,USADO,,0,0,0,0,1,0,0,0,0,1,False,USAQUEN,SANTA BARBARA ORIENTAL,Calle 127,2480.89,0,PARQUE METROPOLITANO EL COUNTRY,767.27,0,0.3,,1.0,1.0,0.0,,0.03,624.85,0.0
9816-3790092,APARTAMENTO,VENTA,20.73,191.0,4.0,5.0,1170000.0,2.0,SANTA BARBARA,6,MAS DE 20 ANOS,4.7,-74.05,USADO,,0,1,0,0,0,0,0,0,0,0,False,USAQUEN,SANTA BARBARA OCCIDENTAL,Pepe Sierra,276.76,1,PARQUE ZONAL ATABANZA,1124.7,0,0.11,,0.5,0.8,0.0,,0.02,563.25,0.0
4566-M3499090,APARTAMENTO,VENTA,21.39,290.0,3.0,4.0,1254426.0,3.0,,6,MAS DE 20 ANOS,4.68,-74.05,USADO,,0,1,0,0,0,0,0,0,0,0,False,CHAPINERO,S.C. CHICO NORTE,Virrey,523.4,0,PARQUE VECINAL URBANIZACIÓN NORMANDIA I II II Y IV SECTOR,415.33,1,0.07,,1.0,0.75,0.0,,0.01,290.45,2.0
34-M4511822,APARTAMENTO,VENTA,19.55,64.0,3.0,2.0,3921395.93,1.0,COLINA Y ALREDEDORES,4,MAS DE 20 ANOS,4.73,-74.05,USADO,,0,0,0,0,0,0,0,0,0,1,False,SUBA,LA VICTORIA NORTE,Calle 146,447.51,1,PARQUE VECINAL URBANIZACIÓN LA LAGUNA,170.42,1,0.31,,0.33,1.5,0.0,,0.05,1404.83,0.0
346-M3674816,APARTAMENTO,VENTA,20.4,102.0,3.0,3.0,650000.0,2.0,CEDRITOS,4,ENTRE 5 Y 10 ANOS,4.73,-74.04,USADO,,0,1,0,0,1,0,0,0,0,1,False,USAQUEN,LOS CEDRITOS,Calle 142,874.98,0,PARQUE VECINAL NUEVA URBANIZACIÓN EL CEDRITO,1107.68,0,0.2,,0.67,1.0,0.0,,0.03,909.64,0.0
973-M4203760,APARTAMENTO,VENTA,19.19,25.0,1.0,1.0,160000.0,0.0,CHAPINERO ALTO,3,ENTRE 0 Y 5 ANOS,4.65,-74.06,USADO,,0,0,0,0,0,0,0,0,0,1,False,CHAPINERO,S.C. CHAPINERO CENTRAL,Calle 63,236.28,1,PARQUE ZONAL GUSTAVO URIBE BOTERO,1258.68,0,0.77,,0.0,1.0,0.0,,0.04,662.09,0.0
3229-M4402419,APARTAMENTO,VENTA,20.21,56.0,1.0,2.0,277000.0,1.0,SALITRE MODELIA,5,ENTRE 0 Y 5 ANOS,4.65,-74.11,USADO,,0,1,0,1,0,0,1,0,0,0,False,FONTIBON,CIUDAD SALITRE 3 A. ETAPA,El Tiempo - Maloka,728.86,0,PARQUE ZONAL SAUZALITO,350.68,1,0.36,,1.0,0.5,0.0,,0.02,135.23,3.0
34-M4628587,APARTAMENTO,VENTA,19.67,72.0,4.0,3.0,375000.0,0.0,,4,MAS DE 20 ANOS,4.73,-74.04,USADO,,0,0,0,0,0,0,0,0,0,1,False,USAQUEN,CAOBOS SALAZAR,Calle 146,1080.48,0,PARQUE VECINAL NUEVA URBANIZACIÓN EL CEDRITO,928.11,0,0.27,,0.0,1.33,0.0,,0.06,913.0,0.0
346-M3692984,APARTAMENTO,VENTA,19.9,86.0,2.0,2.0,3921395.93,1.0,NIZA ALHAMBRA,5,MAS DE 20 ANOS,4.69,-74.06,USADO,,0,0,0,0,0,0,0,0,0,0,False,SUBA,EL ESTORIL,Calle 106,265.4,1,PARQUE ZONAL CANAL CORDOBA,1141.73,0,0.23,,0.5,1.0,0.0,,0.02,917.59,0.0
4566-M4604568,APARTAMENTO,VENTA,20.65,76.0,2.0,2.0,1223000.0,2.0,CHICO,6,ENTRE 10 Y 20 ANOS,4.67,-74.05,USADO,,0,1,0,1,0,0,0,0,0,1,False,CHAPINERO,S.C. EL CHICO,Virrey,1167.27,0,PARQUE VECINAL URBANIZACIÓN LA CABRERA,408.55,1,0.27,,1.0,1.0,0.0,,0.03,323.01,3.0
2195-M4534714,APARTAMENTO,VENTA,19.41,52.0,3.0,2.0,150000.0,0.0,METROPOLIS,4,MAS DE 20 ANOS,4.66,-74.08,USADO,,0,0,0,0,0,0,0,0,0,0,False,BARRIOS UNIDOS,POPULAR MODELO - URB. CIUDADELA DE LOS PARQUES,7 de Agosto,755.91,0,PARQUE METROPOLITANO PARQUE DE LOS NOVIOS,833.71,0,0.37,,0.0,1.5,0.0,,0.06,1274.34,0.0
661-M4583680,APARTAMENTO,VENTA,20.35,157.47,5.0,4.0,3921395.93,0.0,CHAPINERO ALTO,4,MAS DE 20 ANOS,4.64,-74.07,USADO,,0,0,0,0,0,0,0,0,0,0,False,CHAPINERO,S.C. CHAPINERO CENTRAL,Calle 57,186.9,1,PARQUE ESCENARIO DEPORTIVO EL CAMPINCITO - CEAD,1434.71,0,0.13,,0.0,1.25,0.0,,0.03,1015.42,0.0
183-M3491819,APARTAMENTO,VENTA,19.92,106.0,3.0,2.0,210000.0,1.0,CENTRO Y ZONA COLONIAL,4,MAS DE 20 ANOS,4.62,-74.08,USADO,,0,1,0,0,0,0,0,0,0,0,False,LOS MARTIRES,USATAMA,CAD,305.81,1,PARQUE METROPOLITANO EL RENACIMIENTO - PARQUE CEMENTERIO CENTRAL,853.9,0,0.19,,0.33,1.5,0.0,,0.03,1125.43,0.0
3229-M4061940,APARTAMENTO,VENTA,19.75,59.0,1.0,1.0,419000.0,2.0,SANTA BARBARA,6,ENTRE 10 Y 20 ANOS,4.7,-74.04,USADO,,0,0,0,1,1,0,0,0,0,0,False,USAQUEN,SANTA BARBARA CENTRAL II SECTOR,Pepe Sierra,1817.15,0,PARQUE METROPOLITANO EL COUNTRY,862.64,0,0.33,,2.0,1.0,0.0,,0.02,717.55,0.0
346-M3816654,APARTAMENTO,VENTA,20.12,127.0,4.0,3.0,3921395.93,2.0,CHAPINERO,4,MAS DE 20 ANOS,4.65,-74.07,USADO,,0,0,0,0,0,0,0,0,0,0,False,TEUSAQUILLO,EL CAMPIN,Movistar Arena,518.78,0,PARQUE ZONAL GIMNASIO DEL NORTE,444.1,1,0.16,,0.5,1.33,0.0,,0.03,494.12,1.0
12511-M4635384,APARTAMENTO,VENTA,19.99,74.0,2.0,3.0,447000.0,1.0,CEDRITOS,4,ENTRE 5 Y 10 ANOS,4.73,-74.04,USADO,,0,0,0,1,1,0,0,0,0,1,False,USAQUEN,LOS CEDRITOS,Calle 142,650.28,0,PARQUE VECINAL PRADO PINZÓN,1026.29,0,0.27,,0.5,0.67,0.0,,0.03,791.56,0.0
175-M4742583,APARTAMENTO,VENTA,20.68,190.0,3.0,3.0,686600.0,0.0,SANTA BARBARA,6,MAS DE 20 ANOS,4.69,-74.05,USADO,,0,1,0,0,1,0,0,0,0,1,False,USAQUEN,SANTA BIBIANA,Calle 100 - Marketmedios,990.39,0,PARQUE VECINAL URBANIZACIÓN NORMANDIA I II II Y IV SECTOR,1434.41,0,0.11,,0.0,1.0,0.0,,0.02,262.07,2.0
12511-M4541558,APARTAMENTO,VENTA,20.47,150.0,3.0,4.0,790000.0,2.0,SANTA BARBARA,6,MAS DE 20 ANOS,4.7,-74.03,USADO,,0,1,0,1,1,0,0,0,0,1,False,USAQUEN,SANTA BARBARA CENTRAL II,Calle 127,2158.58,0,PARQUE METROPOLITANO EL COUNTRY,497.69,1,0.14,,0.67,0.75,0.0,,0.02,655.5,0.0
3325-M4430780,APARTAMENTO,VENTA,19.3,67.0,3.0,2.0,3921395.93,1.0,ALTOS DE SUBA Y CERROS DE SAN JORGE,2,ENTRE 5 Y 10 ANOS,4.72,-74.1,USADO,,0,0,0,0,0,0,0,0,0,0,False,SUBA,SAN CAYETANO,Suba - TV. 91,1977.67,0,PARQUE VECINAL URBANIZACIÓN BACHUE PRIMERA ETAPA,896.09,0,0.29,,0.33,1.5,0.0,,0.04,2261.23,0.0
304-M3686450,APARTAMENTO,VENTA,20.62,127.49,3.0,2.0,762000.0,2.0,SANTA BARBARA,5,ENTRE 10 Y 20 ANOS,4.7,-74.04,USADO,,0,0,0,0,0,0,0,0,0,0,False,USAQUEN,SANTA BARBARA CENTRAL I SECTOR,Calle 127,1978.0,0,PARQUE METROPOLITANO EL COUNTRY,417.83,1,0.16,,0.67,1.5,0.0,,0.02,605.08,0.0
771-M4371164,APARTAMENTO,VENTA,21.59,370.0,3.0,3.0,2200000.0,4.0,,6,MAS DE 20 ANOS,4.69,-74.03,USADO,,0,1,0,0,0,0,0,0,0,1,False,USAQUEN,SANTA BARBARA ALTA,Pepe Sierra,2731.49,0,PARQUE METROPOLITANO EL COUNTRY,1421.34,0,0.06,,1.33,1.0,0.0,,0.01,86.56,4.0
34-M4711092,APARTAMENTO,VENTA,19.14,58.0,3.0,2.0,130000.0,1.0,ALTOS DE SUBA Y CERROS DE SAN JORGE,3,MAS DE 20 ANOS,4.75,-74.1,USADO,,0,0,0,0,0,0,0,0,0,1,False,SUBA,LOMBARDIA II,Portal Suba,721.97,0,PARQUE VECINAL URBANIZACIÓN LOMBARDIA II ETAPA,258.76,1,0.33,,0.33,1.5,0.0,,0.05,538.29,0.0
34-M4613912,APARTAMENTO,VENTA,19.16,54.25,3.0,1.0,125000.0,1.0,ENGATIVA,3,MAS DE 20 ANOS,4.7,-74.11,USADO,,0,0,0,0,0,0,0,0,0,1,False,ENGATIVA,URB. EL CARMELO,Quirigua,873.06,0,PARQUE VECINAL FLORENCIA LOS TRONQUITOS AGRUPACIÓN DE VIVIENDA FLORENCIA II SECTOR,715.18,0,0.35,,0.33,3.0,0.0,,0.06,397.69,1.0
5027-M4419546,APARTAMENTO,VENTA,19.25,34.26,1.0,1.0,3921395.93,1.0,CEDRITOS,4,MAS DE 20 ANOS,4.72,-74.03,USADO,,0,0,0,0,0,0,0,0,0,1,False,USAQUEN,CEDRITOS,Alcalá,2307.03,0,PARQUE VECINAL NUEVA URBANIZACIÓN EL CEDRITO,683.99,0,0.56,,1.0,1.0,0.0,,0.03,328.97,1.0
3325-M4543869,APARTAMENTO,VENTA,19.06,42.0,2.0,1.0,80400.0,0.0,KENNEDY,3,ENTRE 0 Y 5 ANOS,4.65,-74.17,USADO,,0,0,0,0,1,0,0,0,0,1,False,KENNEDY,CALANDAIMA - LOS PANTANOS,Biblioteca Tintal,1789.58,0,PARQUE VECINAL PRIMAVERA,760.67,0,0.45,,0.0,2.0,0.0,,0.05,4236.64,0.0
617-M4202700,APARTAMENTO,VENTA,19.8,70.0,2.0,2.0,385000.0,1.0,SANTA BARBARA,4,MAS DE 20 ANOS,4.71,-74.03,USADO,,0,1,0,0,1,0,0,0,0,1,False,USAQUEN,SAN,Prado,3215.11,0,PARQUE METROPOLITANO EL COUNTRY,1488.65,0,0.28,,0.5,1.0,0.0,,0.03,966.85,0.0
734-2315,APARTAMENTO,VENTA,20.46,162.0,3.0,4.0,550000.0,2.0,COLINA Y ALREDEDORES,5,ENTRE 5 Y 10 ANOS,4.73,-74.06,USADO,,0,0,0,0,0,0,0,0,0,0,False,SUBA,COLPATRIA SANTA HELENA II SECTOR,Gratamira,1292.7,0,PARQUE VECINAL URBANIZACIÓN LA LAGUNA,1145.59,0,0.13,,0.67,0.75,0.0,,0.02,239.5,1.0
34-M4548215,APARTAMENTO,VENTA,20.13,99.0,3.0,3.0,470000.0,2.0,COLINA Y ALREDEDORES,4,ENTRE 10 Y 20 ANOS,4.74,-74.07,USADO,,0,0,0,0,1,0,0,0,0,1,False,SUBA,CASABLANCA (HACIENDA),21 Ángeles,1693.14,0,PARQUE ZONAL EL TOMILLAR,727.08,0,0.2,,0.67,1.0,0.0,,0.03,821.53,0.0
973-M4628953,APARTAMENTO,VENTA,19.74,46.0,1.0,1.0,564000.0,1.0,CHAPINERO ALTO,4,ENTRE 5 Y 10 ANOS,4.64,-74.06,USADO,,0,0,0,0,1,0,0,0,0,1,False,CHAPINERO,S.C. LA SALLE,Calle 57,725.05,0,PARQUE ZONAL GUSTAVO URIBE BOTERO,1117.17,0,0.43,,1.0,1.0,0.0,,0.02,1034.23,0.0
3325-M4384236,APARTAMENTO,VENTA,20.07,96.0,3.0,2.0,632016.0,2.0,NIZA ALHAMBRA,5,ENTRE 10 Y 20 ANOS,4.7,-74.06,USADO,,0,0,0,0,1,0,0,0,0,1,False,SUBA,EL BATAN,Calle 127,620.53,0,PARQUE ZONAL ATABANZA,514.09,0,0.21,,0.67,1.5,0.0,,0.03,784.18,0.0
771-M4371178,APARTAMENTO,VENTA,21.25,271.0,3.0,3.0,1450000.0,3.0,COUNTRY,6,MAS DE 20 ANOS,4.73,-74.02,USADO,,0,0,0,0,0,0,0,0,0,1,False,USAQUEN,CERROS NORTE,Mazurén,3471.32,0,PARQUE ZONAL ALTA BLANCA,1222.5,0,0.08,,1.0,1.0,0.0,,0.01,1629.25,0.0
9947-M4705463,APARTAMENTO,VENTA,20.0,65.0,3.0,2.0,520000.0,1.0,LA SOLEDAD,4,ENTRE 5 Y 10 ANOS,4.63,-74.08,USADO,,0,1,0,0,0,0,0,0,0,0,False,TEUSAQUILLO,LA SOLEDAD,Concejo de Bogotá,544.81,0,PARQUE METROPOLITANO EL RENACIMIENTO - PARQUE CEMENTERIO CENTRAL,788.55,0,0.31,,0.33,1.5,0.0,,0.05,185.94,1.0
839-M4538718,APARTAMENTO,VENTA,19.49,67.0,2.0,2.0,405000.0,1.0,COLINA Y ALREDEDORES,4,MAS DE 20 ANOS,4.74,-74.06,USADO,,0,0,0,0,0,0,0,0,0,1,False,SUBA,URB. LA SIRENA,Mazurén,1710.09,0,PARQUE VECINAL DESARROLLO CANTALEJO URBANIZACIÓN CANTALEJO MANZANA B,826.04,0,0.29,,0.5,1.0,0.0,,0.03,733.72,0.0
34-M3637618,APARTAMENTO,VENTA,19.94,93.0,3.0,2.0,479000.0,2.0,NIZA ALHAMBRA,5,MAS DE 20 ANOS,4.7,-74.07,USADO,,0,0,0,0,1,0,0,0,0,1,False,SUBA,PUENTE LARGO III SECTOR,Suba - Calle 116,365.92,1,PARQUE ZONAL CANAL CORDOBA,600.95,0,0.21,,0.67,1.5,0.0,,0.03,644.97,0.0
13273-M4301705,APARTAMENTO,VENTA,19.79,66.0,2.0,2.0,201600.0,1.0,ORQUIDEAS,3,ENTRE 0 Y 5 ANOS,4.75,-74.03,USADO,,0,0,0,0,1,0,0,0,0,1,False,USAQUEN,LA GRANJA NORTE,Portal Norte,2365.46,0,PARQUE ZONAL SERVITA,1019.06,0,0.3,,0.5,1.0,0.0,,0.03,1298.03,0.0
839-M4539952,APARTAMENTO,VENTA,19.32,42.0,1.0,1.0,3921395.93,1.0,CEDRITOS,4,MAS DE 20 ANOS,4.73,-74.04,USADO,,0,0,0,0,0,0,0,0,0,1,False,USAQUEN,CAOBOS SALAZAR,Calle 146,1698.58,0,PARQUE VECINAL NUEVA URBANIZACIÓN EL CEDRITO,435.4,1,0.46,,1.0,1.0,0.0,,0.02,434.51,1.0
3229-M4201669,APARTAMENTO,VENTA,20.03,112.0,3.0,2.0,816600.0,2.0,SANTA BARBARA,6,MAS DE 20 ANOS,4.69,-74.05,USADO,,0,0,0,0,1,0,0,0,0,1,False,USAQUEN,RINCON DEL CHICO,Calle 100 - Marketmedios,1420.86,0,PARQUE ZONAL CANAL EL VIRREY EL CHICO,1719.52,0,0.18,,0.67,1.5,0.0,,0.03,443.88,1.0
871-M4060696,APARTAMENTO,VENTA,20.74,162.0,4.0,4.0,1372300.0,2.0,CHICO,5,MAS DE 20 ANOS,4.68,-74.05,USADO,,0,0,0,0,0,0,0,0,0,1,False,CHAPINERO,S.C. CHICO NORTE III SECTOR,Calle 100 - Marketmedios,883.01,0,PARQUE ZONAL CANAL EL VIRREY EL CHICO,1091.57,0,0.13,,0.5,1.0,0.0,,0.02,194.18,3.0
164-M3395224,APARTAMENTO,VENTA,19.34,71.6,3.0,2.0,138000.0,0.0,PUENTE ARANDA,3,MAS DE 20 ANOS,4.61,-74.11,USADO,,0,0,0,0,0,0,0,0,0,1,False,PUENTE ARANDA,URB. CENTRAL - JORGE GAITAN CORTES,Santa Isabel,876.98,0,PARQUE ZONAL VERAGUAS,548.55,0,0.27,,0.0,1.5,0.0,,0.04,2436.81,0.0
346-M4641851,APARTAMENTO,VENTA,19.78,45.0,2.0,2.0,264800.0,0.0,CENTRO Y ZONA COLONIAL,4,ENTRE 0 Y 5 ANOS,4.61,-74.07,USADO,,0,0,0,0,1,0,0,0,0,1,False,SANTA FE,LAS NIEVES,San Diego,180.45,1,PARQUE METROPOLITANO INDEPENDENCIA BICENTENARIO,363.68,1,0.44,,0.0,1.0,0.0,,0.04,275.93,5.0
3325-M4180778,APARTAMENTO,VENTA,20.98,160.0,3.0,3.0,1267000.0,2.0,SANTA BARBARA,6,ENTRE 10 Y 20 ANOS,4.69,-74.04,USADO,,0,0,0,0,0,0,0,0,0,1,False,USAQUEN,SANTA BARBARA CENTRAL I Y II,Calle 106,1557.82,0,PARQUE METROPOLITANO EL COUNTRY,1541.33,0,0.13,,0.67,1.0,0.0,,0.02,547.1,0.0
164-M4401255,APARTAMENTO,VENTA,19.21,37.77,2.0,2.0,30000.0,0.0,ENGATIVA,3,REMODELADO,4.7,-74.1,USADO,,0,0,0,0,0,0,0,0,0,0,False,ENGATIVA,LA GRANJA,AV. Cali,381.15,1,PARQUE VECINAL URBANIZACIÓN FLORENCIA I SECTOR,535.13,0,0.51,,0.0,1.0,0.0,,0.05,1556.13,0.0
5031-M4437618,APARTAMENTO,VENTA,21.47,166.0,5.0,3.0,3921395.93,4.0,COUNTRY,6,ENTRE 10 Y 20 ANOS,4.71,-74.05,USADO,,1,0,0,0,0,0,0,0,0,1,False,USAQUEN,,Prado,431.69,1,PARQUE ZONAL ATABANZA,1087.67,0,0.13,,0.8,1.67,0.0,,0.03,751.73,0.0
3229-M4640500,APARTAMENTO,VENTA,20.31,158.0,4.0,4.0,3921395.93,2.0,SALITRE MODELIA,4,ENTRE 5 Y 10 ANOS,4.67,-74.11,USADO,,0,1,0,0,0,0,0,0,0,0,False,FONTIBON,MODELIA,Normandía,308.12,1,PARQUE ZONAL CANAL BOYACA,505.72,0,0.13,,0.5,1.0,0.0,,0.03,682.0,0.0
34-M4592847,APARTAMENTO,VENTA,19.67,68.15,3.0,2.0,289000.0,1.0,COLINA Y ALREDEDORES,5,MAS DE 20 ANOS,4.73,-74.07,USADO,,0,0,0,0,0,0,0,0,0,1,False,SUBA,URB. PARQUES DE LA COLINA,Gratamira,790.42,0,PARQUE VECINAL PRADO PINZÓN,1547.61,0,0.29,,0.33,1.5,0.0,,0.04,386.11,1.0
34-M4017186,APARTAMENTO,VENTA,19.86,61.0,2.0,2.0,311000.0,1.0,METROPOLIS,3,ENTRE 0 Y 5 ANOS,4.67,-74.08,USADO,,0,0,0,0,1,0,0,0,0,1,False,BARRIOS UNIDOS,SAN FERNANDO OCCIDENTAL,Carrera 47,905.96,0,PARQUE VECINAL URBANIZACIÓN METROPOLIS,545.85,0,0.33,,0.5,1.0,0.0,,0.03,737.29,0.0
10366-M4414183,APARTAMENTO,VENTA,20.37,100.0,2.0,2.0,428000.0,0.0,CHICO,6,MAS DE 20 ANOS,4.66,-74.05,USADO,,0,0,0,0,0,0,0,0,0,0,False,CHAPINERO,LOS ROSALES,Calle 76 - San Felipe,1355.17,0,PARQUE ZONAL SAN ANDRÉS,431.43,1,0.2,,0.0,1.0,0.0,,0.02,607.3,0.0
34-M3646962,APARTAMENTO,VENTA,20.37,88.67,2.0,2.0,930000.0,1.0,SANTA BARBARA,6,ENTRE 0 Y 5 ANOS,4.69,-74.04,USADO,,0,0,0,0,1,0,0,0,0,0,False,USAQUEN,ESCUELA DE INFANTERIA,Calle 106,2292.82,0,PARQUE METROPOLITANO EL COUNTRY,2086.1,0,0.23,,0.5,1.0,0.0,,0.02,518.16,0.0
34-M4681206,APARTAMENTO,VENTA,19.74,46.0,1.0,1.0,160000.0,1.0,CHICO,5,MAS DE 20 ANOS,4.66,-74.06,USADO,,0,0,0,0,0,0,0,0,0,1,False,CHAPINERO,S.C. LAGO GAITAN,Calle 76 - San Felipe,417.17,1,PARQUE ZONAL SAN ANDRÉS,645.17,0,0.43,,1.0,1.0,0.0,,0.02,292.39,2.0
4566-M3627843,APARTAMENTO,VENTA,21.47,372.0,3.0,5.0,1615000.0,3.0,CHICO,6,MAS DE 20 ANOS,4.66,-74.05,USADO,2100000000.0,0,1,0,0,0,0,0,0,0,0,False,CHAPINERO,LOS ROSALES,Calle 72,1616.41,0,PARQUE ZONAL GUSTAVO URIBE BOTERO,810.22,0,0.06,5645161.29,1.0,0.6,0.0,1300.31,0.01,866.67,0.0
661-M3992804,APARTAMENTO,VENTA,19.47,42.1,1.0,1.0,315907.0,1.0,CHAPINERO ALTO,4,ENTRE 10 Y 20 ANOS,4.64,-74.06,USADO,,0,1,0,0,0,0,0,0,0,0,False,CHAPINERO,S.C. BOSQUE CALDERON,Calle 57,455.61,1,PARQUE ZONAL GUSTAVO URIBE BOTERO,1521.1,0,0.46,,1.0,1.0,0.0,,0.02,1036.16,0.0
34-M4149196,APARTAMENTO,VENTA,19.38,66.0,4.0,2.0,63000.0,2.0,ENGATIVA,3,MAS DE 20 ANOS,4.72,-74.12,USADO,,0,0,0,0,0,0,0,0,0,1,False,ENGATIVA,PORTAL DE GRANADA,Portal 80,1777.62,0,PARQUE ZONAL VILLAS DE GRANADA,405.58,1,0.29,,0.5,2.0,0.0,,0.06,1566.04,0.0
34-M4011702,APARTAMENTO,VENTA,19.57,77.0,3.0,2.0,199000.0,1.0,KENNEDY,3,ENTRE 5 Y 10 ANOS,4.64,-74.17,USADO,,0,0,0,0,1,0,0,0,0,1,False,KENNEDY,CALANDAIMA,Biblioteca Tintal,947.75,0,PARQUE VECINAL PRIMAVERA,354.86,1,0.25,,0.33,1.5,0.0,,0.04,4130.3,0.0
4566-M4263254,APARTAMENTO,VENTA,21.28,320.0,3.0,2.0,1700000.0,3.0,CHICO,6,MAS DE 20 ANOS,4.67,-74.05,USADO,,0,0,0,0,0,0,0,0,0,1,False,CHAPINERO,EL REFUGIO,Héroes - Gel´Hada,1701.77,0,PARQUE ZONAL SAN ANDRÉS,754.01,0,0.07,,1.0,1.5,0.0,,0.01,770.61,0.0
34-M3058133,APARTAMENTO,VENTA,21.52,297.0,3.0,4.0,1273000.0,0.0,,6,ENTRE 10 Y 20 ANOS,4.71,-74.03,USADO,,0,0,0,0,0,0,0,0,0,1,False,USAQUEN,BOSQUES DE MEDINA,Prado,2844.22,0,PARQUE VECINAL NUEVA URBANIZACIÓN EL CEDRITO,1496.16,0,0.07,,0.0,0.75,0.0,,0.01,482.89,1.0
304-2376,APARTAMENTO,VENTA,21.64,252.68,4.0,5.0,1405000.0,3.0,SANTA BARBARA,6,REMODELADO,4.7,-74.04,USADO,,0,0,0,0,1,0,0,0,0,0,False,USAQUEN,SANTA BARBARA CENTRAL I SECTOR,Pepe Sierra,1744.77,0,PARQUE METROPOLITANO EL COUNTRY,752.65,0,0.09,,0.75,0.8,0.0,,0.02,629.61,0.0
12503-M4055028,APARTAMENTO,VENTA,20.14,100.0,3.0,3.0,500000.0,2.0,NIZA ALHAMBRA,5,ENTRE 10 Y 20 ANOS,4.69,-74.06,USADO,,0,0,0,0,1,0,0,0,0,1,False,SUBA,EL ESTORIL,Calle 106,383.98,1,PARQUE ZONAL CANAL CORDOBA,1015.11,0,0.2,,0.67,1.0,0.0,,0.03,950.65,0.0
14236-M4702863,APARTAMENTO,VENTA,20.21,77.0,2.0,3.0,635000.0,1.0,SANTA BARBARA,6,ENTRE 0 Y 5 ANOS,4.7,-74.02,USADO,,0,0,0,0,1,0,0,0,0,0,False,USAQUEN,S.C. PARAMO_,Prado,4202.48,0,PARQUE METROPOLITANO EL COUNTRY,2482.86,0,0.26,,0.5,0.67,0.0,,0.03,1909.47,0.0
3424-M4175930,APARTAMENTO,VENTA,20.5,198.09,2.0,3.0,1183000.0,2.0,SANTA BARBARA,6,MAS DE 20 ANOS,4.7,-74.04,USADO,,0,1,0,0,0,0,0,0,0,1,False,USAQUEN,SANTA BARBARA CENTRAL I SECTOR,Calle 127,1991.38,0,PARQUE METROPOLITANO EL COUNTRY,540.73,0,0.1,,1.0,0.67,0.0,,0.01,647.47,0.0
12937-M4700996,APARTAMENTO,VENTA,19.41,81.29,3.0,2.0,289800.0,1.0,ORQUIDEAS,3,ENTRE 10 Y 20 ANOS,4.76,-74.03,USADO,,0,0,0,1,0,0,0,0,0,1,False,USAQUEN,SAN ANTONIO NORTE,Calle 187,2059.72,0,PARQUE VECINAL URBANIZACIÓN CALLE 170 / ALAMEDA,1319.8,0,0.24,,0.33,1.5,0.0,,0.04,1565.63,0.0
3325-M4265406,APARTAMENTO,VENTA,20.13,75.0,3.0,3.0,650000.0,1.0,CHICO,6,MAS DE 20 ANOS,4.68,-74.06,USADO,,0,0,0,0,1,0,0,0,0,1,False,CHAPINERO,S.C. CHICO NORTE,Virrey,371.43,1,PARQUE VECINAL URBANIZACIÓN NORMANDIA I II II Y IV SECTOR,230.27,1,0.27,,0.33,1.0,0.0,,0.04,398.13,1.0
34-M4592842,APARTAMENTO,VENTA,19.79,69.25,2.0,2.0,3921395.93,1.0,SALITRE MODELIA,4,MAS DE 20 ANOS,4.67,-74.12,USADO,,0,0,0,0,0,0,0,0,0,1,False,FONTIBON,MODELIA OCCIDENTAL,Modelia,987.64,0,PARQUE VECINAL MODELIA SECTOR A,333.13,1,0.29,,0.5,1.0,0.0,,0.03,479.84,1.0
164-M3653467,APARTAMENTO,VENTA,19.92,76.24,3.0,2.0,390000.0,2.0,NORMANDIA,4,REMODELADO,4.67,-74.1,USADO,,0,0,0,0,0,0,0,0,0,0,False,ENGATIVA,NORMANDIA,AV. Rojas,1174.1,0,PARQUE ESCENARIO DEPORTIVO UNIDAD DEPORTIVA EL SALITRE SIMON BOLIVAR,757.06,0,0.26,,0.67,1.5,0.0,,0.04,312.92,1.0
2363-M3990532,APARTAMENTO,VENTA,19.84,55.0,1.0,1.0,369000.0,1.0,CHAPINERO ALTO,5,ENTRE 5 Y 10 ANOS,4.64,-74.06,USADO,,0,1,0,0,1,0,0,0,0,1,False,CHAPINERO,S.C INGEMAR,Calle 57,967.6,0,PARQUE ZONAL GUSTAVO URIBE BOTERO,1450.1,0,0.36,,1.0,1.0,0.0,,0.02,1129.96,0.0
3229-3837368,APARTAMENTO,VENTA,21.06,214.0,2.0,3.0,1048000.0,2.0,CHICO,6,MAS DE 20 ANOS,4.68,-74.05,USADO,,0,0,0,0,0,0,0,0,0,0,False,CHAPINERO,S.C. CHICO NORTE,Virrey,1282.84,0,PARQUE VECINAL URBANIZACIÓN LA CABRERA,785.77,0,0.1,,1.0,0.67,0.0,,0.01,94.12,2.0
34-M4691807,APARTAMENTO,VENTA,19.92,88.0,3.0,3.0,451200.0,2.0,CEDRITOS,4,ENTRE 5 Y 10 ANOS,4.73,-74.03,USADO,,0,0,0,0,1,0,0,0,0,1,False,USAQUEN,FINCA MORAGA (BARRACAS),Mazurén,2684.44,0,PARQUE ZONAL ALTA BLANCA,420.74,1,0.23,,0.67,1.0,0.0,,0.03,944.92,0.0
10139-M4532094,APARTAMENTO,VENTA,21.31,220.0,3.0,3.0,1000000.0,4.0,CHICO,6,ENTRE 10 Y 20 ANOS,4.66,-74.05,USADO,,0,0,0,0,0,0,0,0,0,1,False,CHAPINERO,S.C. EL NOGAL,Calle 76 - San Felipe,1122.36,0,PARQUE ZONAL SAN ANDRÉS,312.13,1,0.1,,1.33,1.0,0.0,,0.01,506.01,0.0
34-M4106231,APARTAMENTO,VENTA,21.19,280.0,5.0,4.0,2206000.0,4.0,COUNTRY,5,MAS DE 20 ANOS,4.7,-74.04,USADO,,0,0,0,0,1,0,0,0,0,1,False,USAQUEN,LA_CAROLINA,Calle 127,1471.65,0,PARQUE METROPOLITANO EL COUNTRY,271.79,1,0.08,,0.8,1.25,0.0,,0.02,211.84,1.0
346-M3719070,APARTAMENTO,VENTA,20.28,118.0,3.0,2.0,520000.0,2.0,NIZA ALHAMBRA,5,MAS DE 20 ANOS,4.69,-74.06,USADO,,0,1,0,0,0,0,0,0,0,0,False,SUBA,PUENTE LARGO SECTOR I Y II,Puentelargo,326.11,1,PARQUE ZONAL CANAL CORDOBA,900.34,0,0.17,,0.67,1.5,0.0,,0.03,611.31,0.0
34-M4533113,APARTAMENTO,VENTA,21.25,241.35,3.0,5.0,1831506.0,2.0,CHICO,6,REMODELADO,4.67,-74.04,USADO,,0,1,0,0,1,0,0,0,0,0,False,CHAPINERO,CHICO ALTO,Calle 85,1961.32,0,PARQUE VECINAL URBANIZACIÓN LA CABRERA,902.34,0,0.09,,0.67,0.6,0.0,,0.01,854.94,0.0
164-M3274581,APARTAMENTO,VENTA,19.57,72.9,3.0,2.0,218000.0,1.0,SALITRE MODELIA,4,MAS DE 20 ANOS,4.67,-74.13,USADO,,0,0,0,0,0,0,0,0,0,0,False,FONTIBON,CAPELLANIA,Modelia,1343.1,0,PARQUE VECINAL MODELIA SECTOR A,825.34,0,0.27,,0.33,1.5,0.0,,0.04,762.41,0.0
3229-M4017586,APARTAMENTO,VENTA,19.99,70.0,3.0,2.0,3921395.93,1.0,CENTRO NARINO,4,ENTRE 0 Y 5 ANOS,4.63,-74.09,USADO,,0,0,0,0,1,0,0,0,0,0,False,TEUSAQUILLO,QUINTA PAREDES,Recinto Ferial,273.56,1,PARQUE VECINAL SANTA CLARA,599.43,0,0.29,,0.33,1.5,0.0,,0.04,862.52,0.0
661-M4436409,APARTAMENTO,VENTA,21.47,207.19,3.0,4.0,1693000.0,4.0,SANTA BARBARA,6,ENTRE 10 Y 20 ANOS,4.69,-74.05,USADO,,0,0,0,0,0,0,0,0,0,1,False,USAQUEN,SANTA BIBIANA,Calle 100 - Marketmedios,946.08,0,PARQUE VECINAL URBANIZACIÓN NORMANDIA I II II Y IV SECTOR,1427.61,0,0.1,,1.33,0.75,0.0,,0.01,293.41,2.0
16425-M4624938,APARTAMENTO,VENTA,20.11,93.0,3.0,2.0,597000.0,1.0,CHAPINERO,4,ENTRE 5 Y 10 ANOS,4.65,-74.08,USADO,,0,0,0,0,1,0,0,0,0,1,False,TEUSAQUILLO,EL CAMPIN,Movistar Arena,248.82,1,PARQUE VECINAL ARENA MOVISTAR,229.43,1,0.22,,0.33,1.5,0.0,,0.03,240.16,1.0
34-M3480280,APARTAMENTO,VENTA,20.11,80.83,3.0,2.0,3921395.93,1.0,COLINA Y ALREDEDORES,5,ENTRE 0 Y 5 ANOS,4.76,-74.06,USADO,,0,1,0,0,0,0,0,0,0,0,False,SUBA,SAN JOSE DE BAVARIA,Portal Norte,2123.61,0,PARQUE ZONAL SAN JOSÉ DE BAVARIA,527.72,0,0.25,,0.33,1.5,0.0,,0.04,2146.79,0.0
973-M4421328,APARTAMENTO,VENTA,20.42,92.0,3.0,2.0,407000.0,1.0,SALITRE MODELIA,4,ENTRE 10 Y 20 ANOS,4.65,-74.11,USADO,,0,0,0,0,1,0,0,0,0,1,False,FONTIBON,CIUDAD SALITRE OCCIDENTAL,El Tiempo - Maloka,577.17,0,PARQUE ZONAL SAUZALITO,399.14,1,0.22,,0.33,1.5,0.0,,0.03,88.39,4.0
5027-M3824187,APARTAMENTO,VENTA,19.73,57.0,2.0,2.0,3921395.93,1.0,FONTIBON TINTAL,4,ENTRE 0 Y 5 ANOS,4.67,-74.14,USADO,,0,0,0,0,1,0,0,0,0,1,False,FONTIBON,CENTRO FONTIBON,Portal El Dorado,2790.42,0,PARQUE VECINAL VILLA HELENA VILLEMAR,534.72,0,0.35,,0.5,1.0,0.0,,0.04,1699.62,0.0
847-M4686333,APARTAMENTO,VENTA,20.72,164.0,3.0,3.0,1081000.0,2.0,CHAPINERO ALTO,6,MAS DE 20 ANOS,4.65,-74.05,USADO,,0,1,0,1,0,0,0,0,0,1,False,CHAPINERO,S.C. LAS ACACIAS,Flores – Areandina,1429.42,0,PARQUE ZONAL GUSTAVO URIBE BOTERO,135.54,1,0.13,,0.67,1.0,0.0,,0.02,587.07,0.0
16425-M4623909,APARTAMENTO,VENTA,20.34,163.0,3.0,4.0,640000.0,1.0,,5,MAS DE 20 ANOS,4.65,-74.09,USADO,,0,0,0,0,0,0,0,0,0,1,False,TEUSAQUILLO,PABLO VI ETAPA I,Movistar Arena,836.42,0,PARQUE ZONAL NICOLAS DE FEDERMAN 3,303.87,1,0.12,,0.33,0.75,0.0,,0.02,841.97,0.0
34-M4212513,APARTAMENTO,VENTA,19.98,84.0,2.0,2.0,629100.0,2.0,COUNTRY,5,ENTRE 10 Y 20 ANOS,4.72,-74.05,USADO,,0,0,0,0,0,0,0,0,0,1,False,USAQUEN,LOS CEDROS,Alcalá,159.47,1,PARQUE VECINAL PRADO PINZÓN,722.88,0,0.24,,1.0,1.0,0.0,,0.02,355.79,1.0
34-M4013090,APARTAMENTO,VENTA,19.96,94.0,3.0,2.0,864300.0,1.0,SANTA BARBARA,6,MAS DE 20 ANOS,4.69,-74.05,USADO,,0,0,0,0,1,0,0,0,0,1,False,USAQUEN,SAN PATRICIO,Pepe Sierra,544.98,0,PARQUE ZONAL CANAL CORDOBA,1678.67,0,0.21,,0.33,1.5,0.0,,0.03,179.42,2.0
34-M4337856,APARTAMENTO,VENTA,19.75,83.0,3.0,2.0,180000.0,1.0,SALITRE MODELIA,3,MAS DE 20 ANOS,4.67,-74.13,USADO,,0,0,0,0,0,0,0,0,0,1,False,FONTIBON,MODELIA OCCIDENTAL,Modelia,1458.9,0,PARQUE VECINAL MODELIA SECTOR A,862.58,0,0.24,,0.33,1.5,0.0,,0.04,576.03,0.0
34-M3994356,APARTAMENTO,VENTA,20.14,106.0,1.0,2.0,380000.0,1.0,CEDRITOS,4,ENTRE 5 Y 10 ANOS,4.72,-74.03,USADO,,0,0,0,0,1,0,0,0,0,1,False,USAQUEN,SIERRAS DEL MORAL,Calle 142,2745.13,0,PARQUE VECINAL NUEVA URBANIZACIÓN EL CEDRITO,839.61,0,0.19,,1.0,0.5,0.0,,0.01,615.33,0.0
839-M4527247,APARTAMENTO,VENTA,20.02,122.0,3.0,3.0,587000.0,1.0,CEDRITOS,4,MAS DE 20 ANOS,4.72,-74.04,USADO,,0,0,0,0,0,0,0,0,0,1,True,USAQUEN,CEDRITOS,Alcalá,1226.68,0,PARQUE VECINAL NUEVA URBANIZACIÓN EL CEDRITO,777.52,0,0.16,,0.33,1.0,0.0,,0.02,412.36,1.0
98-M4457578,APARTAMENTO,VENTA,21.82,292.0,3.0,3.0,1650000.0,0.0,SANTA BARBARA,5,ENTRE 0 Y 5 ANOS,4.7,-74.03,USADO,3000000.0,0,0,0,0,1,1,0,0,0,1,False,USAQUEN,SANTA BARBARA CENTRAL II,Calle 127,2150.76,0,PARQUE METROPOLITANO EL COUNTRY,442.09,1,0.07,10273.97,0.0,1.0,0.0,1.82,0.01,754.53,0.0
11369-M4522457,APARTAMENTO,VENTA,19.8,61.0,2.0,2.0,290000.0,1.0,CHAPINERO ALTO,4,MAS DE 20 ANOS,4.65,-74.06,USADO,,0,0,0,0,1,0,0,0,0,0,False,CHAPINERO,S.C. CHAPINERO NORTE,Calle 63,462.33,1,PARQUE ZONAL GUSTAVO URIBE BOTERO,964.66,0,0.32,,0.5,1.0,0.0,,0.03,485.7,1.0
617-M4385464,APARTAMENTO,VENTA,19.58,55.0,3.0,2.0,243000.0,0.0,LA SOLEDAD,3,ENTRE 10 Y 20 ANOS,4.64,-74.07,USADO,,0,0,0,1,1,1,0,0,0,1,False,CHAPINERO,S.C. MARLY,Marly,151.66,1,PARQUE METROPOLITANO PARQUE NACIONAL (PM2A) ENRIQUE OLAYA HERRERA (SECTOR HISTORICO),1272.49,0,0.36,,0.0,1.5,0.0,,0.05,391.44,1.0
12511-M4724232,APARTAMENTO,VENTA,20.13,99.0,3.0,2.0,486000.0,2.0,CEDRITOS,4,ENTRE 10 Y 20 ANOS,4.72,-74.03,USADO,,0,0,0,1,1,0,0,0,0,1,False,USAQUEN,CEDRITOS,Alcalá,1960.86,0,PARQUE VECINAL NUEVA URBANIZACIÓN EL CEDRITO,465.65,1,0.2,,0.67,1.5,0.0,,0.03,408.22,1.0
34-62434,APARTAMENTO,VENTA,20.21,97.0,3.0,4.0,1000000.0,1.0,CHAPINERO ALTO,5,MAS DE 20 ANOS,4.65,-74.05,USADO,,0,1,0,0,0,0,0,0,0,0,False,CHAPINERO,ZAMUDIO,Flores – Areandina,1167.49,0,PARQUE ZONAL GUSTAVO URIBE BOTERO,170.42,1,0.21,,0.33,0.75,0.0,,0.03,341.4,1.0
164-M3232397,APARTAMENTO,VENTA,20.99,178.5,3.0,4.0,986000.0,2.0,CHICO,6,MAS DE 20 ANOS,4.66,-74.05,USADO,,0,0,0,0,0,0,0,0,0,0,False,CHAPINERO,LOS ROSALES,Calle 72,1307.18,0,PARQUE ZONAL SAN ANDRÉS,747.79,0,0.12,,0.67,0.75,0.0,,0.02,595.11,0.0
12511-M4689095,APARTAMENTO,VENTA,21.51,200.0,3.0,5.0,2000000.0,2.0,CHICO,6,ENTRE 5 Y 10 ANOS,4.68,-74.04,USADO,,0,1,0,0,1,0,0,0,0,1,False,CHAPINERO,CHICO RESERVADO,Virrey,1942.91,0,PARQUE VECINAL URBANIZACIÓN LA CABRERA,1254.4,0,0.11,,0.67,0.6,0.0,,0.02,436.43,1.0
495-M4723369,APARTAMENTO,VENTA,20.54,161.0,4.0,2.0,805000.0,1.0,CHICO,6,MAS DE 20 ANOS,4.68,-74.06,USADO,,0,0,0,0,0,0,0,0,0,1,False,CHAPINERO,S.C. EL CHICO,Virrey,444.68,1,PARQUE ZONAL CANAL EL VIRREY EL CHICO,336.88,1,0.13,,0.25,2.0,0.0,,0.02,321.8,2.0
3325-M4717276,APARTAMENTO,VENTA,19.16,70.0,3.0,2.0,390000.0,1.0,CEDRITOS,3,MAS DE 20 ANOS,4.73,-74.03,USADO,,0,0,0,0,0,0,0,0,0,1,False,USAQUEN,BARRANCAS PERLAS DEL NORTE,Mazurén,2702.68,0,PARQUE ZONAL ALTA BLANCA,704.94,0,0.27,,0.33,1.5,0.0,,0.04,793.13,0.0
2363-M4242938,APARTAMENTO,VENTA,19.09,37.32,2.0,1.0,135000.0,0.0,170 Y ALREDORES,4,ENTRE 0 Y 5 ANOS,4.76,-74.05,USADO,,0,0,0,0,1,0,0,0,0,1,False,SUBA,URB. PLAZA BAVIERA,Portal Norte,824.52,0,PARQUE VECINAL URBANIZACIÓN VILANOVA,791.0,0,0.51,,0.0,2.0,0.0,,0.05,999.12,0.0
34-M4727894,APARTAMENTO,VENTA,19.85,72.0,2.0,2.0,360000.0,1.0,METROPOLIS,4,ENTRE 5 Y 10 ANOS,4.66,-74.08,USADO,,0,0,0,0,0,0,0,0,0,1,False,BARRIOS UNIDOS,SAN MIGUEL_,7 de Agosto,542.74,0,PARQUE METROPOLITANO PARQUE DE LOS NOVIOS,847.59,0,0.28,,0.5,1.0,0.0,,0.03,1439.61,0.0
164-M4618597,APARTAMENTO,VENTA,19.52,58.47,3.0,2.0,3921395.93,1.0,SALITRE MODELIA,4,ENTRE 10 Y 20 ANOS,4.67,-74.13,USADO,,0,0,0,0,0,0,0,0,0,1,False,FONTIBON,CAPELLANIA,Portal El Dorado,1721.09,0,PARQUE VECINAL VILLA HELENA VILLEMAR,747.04,0,0.33,,0.33,1.5,0.0,,0.05,865.53,0.0
12375-M4350850,APARTAMENTO,VENTA,21.02,194.0,3.0,3.0,1300000.0,2.0,SANTA BARBARA,6,ENTRE 10 Y 20 ANOS,4.69,-74.04,USADO,,0,1,0,0,1,0,0,0,0,1,False,USAQUEN,SANTA BARBARA CENTRAL I Y II,Calle 106,1575.07,0,PARQUE METROPOLITANO EL COUNTRY,1428.63,0,0.11,,0.67,1.0,0.0,,0.02,545.06,0.0
34-M3997535,APARTAMENTO,VENTA,20.03,115.0,4.0,3.0,480000.0,2.0,CEDRITOS,4,MAS DE 20 ANOS,4.73,-74.05,USADO,,0,0,0,0,1,0,0,0,0,1,False,USAQUEN,LAS MARGARITAS II SECTOR,Calle 146,127.64,1,PARQUE VECINAL URBANIZACIÓN MAZUREN I SECTOR,628.31,0,0.17,,0.5,1.33,0.0,,0.03,1257.43,0.0
3325-M4475407,APARTAMENTO,VENTA,19.38,65.0,3.0,2.0,208500.0,1.0,ALTOS DE SUBA Y CERROS DE SAN JORGE,3,MAS DE 20 ANOS,4.74,-74.09,USADO,,0,0,0,0,0,0,0,0,0,1,False,SUBA,ALMENDROS DE SUBA,Suba - TV. 91,118.58,1,PARQUE ZONAL BELLAVISTA DINDALITO,222.31,1,0.3,,0.33,1.5,0.0,,0.05,1503.99,0.0
16425-M4623990,APARTAMENTO,VENTA,20.61,127.0,3.0,3.0,280000.0,1.0,,5,ENTRE 0 Y 5 ANOS,4.73,-74.06,USADO,,0,0,0,0,0,0,0,0,0,1,False,SUBA,EL PINAR,Gratamira,1519.06,0,PARQUE VECINAL URBANIZACIÓN LA LAGUNA,976.21,0,0.16,,0.33,1.0,0.0,,0.02,444.5,1.0
183-M3699967,APARTAMENTO,VENTA,20.16,92.0,3.0,2.0,414000.0,2.0,CHICO,5,ENTRE 5 Y 10 ANOS,4.68,-74.05,USADO,,0,0,0,0,0,0,0,0,0,1,True,CHAPINERO,S.C. CHICO NORTE,Virrey,636.3,0,PARQUE ZONAL CANAL EL VIRREY EL CHICO,409.87,1,0.22,,0.67,1.5,0.0,,0.03,214.48,3.0
10159-M4709425,APARTAMENTO,VENTA,20.16,110.0,2.0,3.0,250000.0,2.0,NIZA ALHAMBRA,5,MAS DE 20 ANOS,4.7,-74.06,USADO,,0,0,0,0,0,0,0,0,0,1,False,SUBA,PUENTE LARGO SECTOR I Y II,Puentelargo,489.82,1,PARQUE ZONAL CANAL CORDOBA,587.53,0,0.18,,1.0,0.67,0.0,,0.02,924.6,0.0
470-843,APARTAMENTO,VENTA,20.95,306.0,3.0,3.0,650000.0,2.0,CERROS DE SUBA,6,MAS DE 20 ANOS,4.71,-74.08,USADO,6100000.0,0,1,0,0,1,0,0,0,0,0,False,SUBA,S.C. NIZA SUBA,Niza - Calle 127,981.01,0,PARQUE VECINAL AGRUPACIÓN DE VIVIENDA EN BALCON DE LINDARAJA,181.52,1,0.07,19934.64,0.67,1.0,0.0,9.38,0.01,1027.58,0.0
10159-M4592375,APARTAMENTO,VENTA,19.99,157.47,5.0,4.0,3921395.93,0.0,CHAPINERO ALTO,3,MAS DE 20 ANOS,4.64,-74.07,USADO,,0,0,0,0,0,0,0,0,0,0,False,CHAPINERO,S.C. CHAPINERO CENTRAL,Calle 57,187.09,1,PARQUE ESCENARIO DEPORTIVO EL CAMPINCITO - CEAD,1435.14,0,0.13,,0.0,1.25,0.0,,0.03,1015.25,0.0
183-M4042815,APARTAMENTO,VENTA,19.67,78.0,3.0,2.0,300000.0,1.0,FONTIBON TINTAL,4,MAS DE 20 ANOS,4.67,-74.13,USADO,,0,0,0,0,0,0,0,0,0,1,False,FONTIBON,URB. LOS HAYUELOS,Modelia,1923.18,0,PARQUE VECINAL VILLA HELENA VILLEMAR,1060.49,0,0.25,,0.33,1.5,0.0,,0.04,288.04,2.0
9947-M4587307,APARTAMENTO,VENTA,19.9,86.0,3.0,2.0,400000.0,1.0,NIZA ALHAMBRA,4,ENTRE 5 Y 10 ANOS,4.7,-74.08,USADO,,0,0,0,0,0,0,0,0,0,0,False,SUBA,POTOSI SECTOR I,AV. Boyacá,543.83,0,PARQUE ZONAL BONANZA,1077.11,0,0.23,,0.33,1.5,0.0,,0.03,377.1,3.0
4566-M3581664,APARTAMENTO,VENTA,21.54,171.0,3.0,3.0,790000.0,3.0,CHICO,6,ENTRE 0 Y 5 ANOS,4.66,-74.05,USADO,,0,1,0,0,0,0,0,0,0,1,False,CHAPINERO,LOS ROSALES,Calle 76 - San Felipe,1338.84,0,PARQUE ZONAL SAN ANDRÉS,749.82,0,0.13,,1.0,1.0,0.0,,0.02,627.35,0.0
164-M3369394,APARTAMENTO,VENTA,19.01,68.3,3.0,1.0,40000.0,0.0,KENNEDY,3,MAS DE 20 ANOS,4.62,-74.15,USADO,,0,0,0,0,0,0,0,0,0,0,False,KENNEDY,CIUDAD KENNEDY SUPERMANZANA 7,Banderas,916.48,0,PARQUE VECINAL URBANIZACIÓN BURGOS BRITALIA 1,888.51,0,0.28,,0.0,3.0,0.0,,0.04,1515.56,0.0
34-M3291607,APARTAMENTO,VENTA,20.09,106.9,3.0,3.0,503000.0,2.0,NIZA ALHAMBRA,5,MAS DE 20 ANOS,4.69,-74.06,USADO,,0,1,0,0,0,0,0,0,0,0,False,SUBA,S.C. PASADENA,Calle 106,551.94,0,PARQUE ZONAL CANAL CORDOBA,951.0,0,0.19,,0.67,1.0,0.0,,0.03,769.38,0.0
34-M4712313,APARTAMENTO,VENTA,19.59,54.0,2.0,2.0,3921395.93,1.0,ENGATIVA,3,ENTRE 0 Y 5 ANOS,4.68,-74.1,USADO,,0,0,0,0,0,0,0,0,0,1,False,ENGATIVA,LA CABANA,Normandía,1502.56,0,PARQUE VECINAL URBANIZACIÓN LA EUROPA,800.11,0,0.36,,0.5,1.0,0.0,,0.04,789.19,0.0
4566-M3762114,APARTAMENTO,VENTA,20.7,172.0,3.0,3.0,870000.0,2.0,CHICO,5,MAS DE 20 ANOS,4.68,-74.06,USADO,,0,0,0,0,0,0,0,0,0,1,False,CHAPINERO,S.C. CHICO NORTE,Virrey,421.6,1,PARQUE VECINAL URBANIZACIÓN NORMANDIA I II II Y IV SECTOR,314.08,1,0.12,,0.67,1.0,0.0,,0.02,366.19,2.0
164-M3073032,APARTAMENTO,VENTA,20.98,237.0,3.0,4.0,1200000.0,2.0,COLINA Y ALREDEDORES,6,REMODELADO,4.73,-74.07,USADO,,0,0,0,0,0,0,0,0,0,0,False,SUBA,GRATAMIRA,Gratamira,77.03,1,PARQUE ZONAL EL TOMILLAR,1391.14,0,0.09,,0.67,0.75,0.0,,0.01,1027.24,0.0
34-M4013204,APARTAMENTO,VENTA,19.69,79.0,2.0,2.0,3921395.93,1.0,CEDRITOS,4,MAS DE 20 ANOS,4.72,-74.03,USADO,,0,0,0,0,0,0,0,0,0,1,False,USAQUEN,LOS CEDROS ORIENTAL,Calle 142,2530.84,0,PARQUE VECINAL NUEVA URBANIZACIÓN EL CEDRITO,611.38,0,0.25,,0.5,1.0,0.0,,0.03,749.24,0.0
989-M4674582,APARTAMENTO,VENTA,20.18,80.0,3.0,2.0,800000.0,2.0,FONTIBON TINTAL,6,MAS DE 20 ANOS,4.68,-74.05,USADO,,0,0,0,0,0,0,0,0,0,1,False,CHAPINERO,CHICO RESERVADO II SECTOR,Calle 100 - Marketmedios,1205.79,0,PARQUE ZONAL CANAL EL VIRREY EL CHICO,1153.39,0,0.25,,0.67,1.5,0.0,,0.04,304.18,3.0
771-M4434918,APARTAMENTO,VENTA,21.58,200.0,3.0,4.0,1500000.0,2.0,CHICO,5,ENTRE 10 Y 20 ANOS,4.66,-74.05,USADO,,0,0,0,0,0,0,0,0,0,1,False,CHAPINERO,BOSQUE EL RETIRO I SECTOR,Calle 76 - San Felipe,1706.24,0,PARQUE ZONAL SAN ANDRÉS,807.44,0,0.11,,0.67,0.75,0.0,,0.02,970.83,0.0
681-M3671893,APARTAMENTO,VENTA,20.62,145.0,3.0,2.0,550000.0,1.0,CHAPINERO ALTO,4,REMODELADO,4.64,-74.06,USADO,,0,1,0,0,0,0,0,0,0,1,False,CHAPINERO,S.C. BOSQUE CALDERON,Calle 57,513.33,0,PARQUE ZONAL GUSTAVO URIBE BOTERO,1250.64,0,0.14,,0.33,1.5,0.0,,0.02,1028.66,0.0
34-M4113275,APARTAMENTO,VENTA,19.92,37.27,1.0,2.0,432000.0,1.0,CENTRO Y ZONA COLONIAL,3,ENTRE 0 Y 5 ANOS,4.59,-74.07,USADO,,0,0,0,0,1,0,0,0,0,1,False,CANDELARIA,EGIPTO 2,Museo del Oro,963.89,0,PARQUE VECINAL DESARROLLO LOURDES,596.34,0,0.53,,1.0,0.5,0.0,,0.03,512.4,0.0
3325-M4212206,APARTAMENTO,VENTA,19.81,75.0,2.0,2.0,282000.0,1.0,SALITRE MODELIA,4,ENTRE 0 Y 5 ANOS,4.67,-74.13,USADO,,0,0,0,0,1,0,0,0,0,1,False,FONTIBON,BELLAVISTA LOS PANTANOS,Portal El Dorado,1863.83,0,PARQUE VECINAL VILLA HELENA VILLEMAR,625.03,0,0.26,,0.5,1.0,0.0,,0.03,842.96,0.0
34-M4013146,APARTAMENTO,VENTA,19.4,70.0,3.0,2.0,211900.0,1.0,ALTOS DE SUBA Y CERROS DE SAN JORGE,3,MAS DE 20 ANOS,4.75,-74.08,USADO,,0,0,0,0,0,0,0,0,0,1,False,SUBA,BOSQUES DEL PORTAL,La Campiña,1550.48,0,PARQUE ZONAL CAMPO VERDE,297.19,1,0.28,,0.33,1.5,0.0,,0.04,1563.44,0.0
16425-M4624828,APARTAMENTO,VENTA,19.92,74.44,3.0,2.0,315000.0,1.0,,4,ENTRE 10 Y 20 ANOS,4.65,-74.08,USADO,,0,1,0,0,0,0,0,0,0,1,False,TEUSAQUILLO,CAMPIN OCCIDENTAL,Campín - UAN,363.19,1,PARQUE ZONAL NICOLAS DE FEDERMAN 3,298.92,1,0.27,,0.33,1.5,0.0,,0.04,402.35,1.0
34-M4567674,APARTAMENTO,VENTA,19.45,70.0,3.0,2.0,275000.0,1.0,CORTIJO AUTOPISTA MEDELLIN,3,MAS DE 20 ANOS,4.71,-74.09,USADO,,0,0,0,0,0,0,0,0,0,1,False,ENGATIVA,S.C. PARIS GAITAN,Granja - Kr 77,836.92,0,PARQUE ZONAL LA SERENA,471.61,1,0.28,,0.33,1.5,0.0,,0.04,1458.79,0.0
34-M4022871,APARTAMENTO,VENTA,20.82,135.12,4.0,3.0,646000.0,1.0,CHICO,6,MAS DE 20 ANOS,4.67,-74.05,USADO,,0,0,0,0,1,0,0,0,0,0,False,CHAPINERO,S.C. EL CHICO,Virrey,931.11,0,PARQUE ZONAL CANAL EL VIRREY EL CHICO,330.83,1,0.15,,0.25,1.33,0.0,,0.03,313.87,4.0
734-M4477334,APARTAMENTO,VENTA,19.3,30.0,1.0,1.0,215000.0,1.0,CEDRITOS,4,ENTRE 0 Y 5 ANOS,4.74,-74.02,USADO,,0,0,0,0,1,0,0,0,0,1,False,USAQUEN,LA PERLA ORIENTAL,Calle 161,2874.59,0,PARQUE ZONAL SERVITA,572.09,0,0.64,,1.0,1.0,0.0,,0.03,1376.9,0.0
12503-M4709223,APARTAMENTO,VENTA,19.7,68.0,2.0,2.0,450000.0,2.0,COUNTRY,4,MAS DE 20 ANOS,4.71,-74.03,USADO,,0,0,0,0,1,0,0,0,0,0,False,USAQUEN,SAN,Prado,3187.55,0,PARQUE METROPOLITANO EL COUNTRY,1470.81,0,0.29,,1.0,1.0,0.0,,0.03,935.0,0.0
183-M4613977,APARTAMENTO,VENTA,19.52,53.0,3.0,2.0,120000.0,1.0,ENGATIVA,3,ENTRE 10 Y 20 ANOS,4.72,-74.14,USADO,,0,0,0,0,1,0,0,0,0,1,False,ENGATIVA,S.C. EL GACO,Portal 80,3277.0,0,PARQUE METROPOLITANO PLANTA DE TRATAMIENTO SALITRE,1211.89,0,0.37,,0.33,1.5,0.0,,0.06,2868.06,0.0
34-M3189127,APARTAMENTO,VENTA,20.12,113.0,2.0,2.0,643000.0,1.0,CHICO,5,MAS DE 20 ANOS,4.68,-74.04,USADO,,0,1,0,0,0,0,0,0,0,0,False,CHAPINERO,CHICO RESERVADO II SECTOR,Calle 100 - Marketmedios,1482.16,0,PARQUE ZONAL CANAL EL VIRREY EL CHICO,1243.06,0,0.18,,0.5,1.0,0.0,,0.02,175.89,2.0
RV-M4642970,APARTAMENTO,VENTA,19.63,62.79,3.0,2.0,3921395.93,1.0,COLINA Y ALREDEDORES,3,ENTRE 10 Y 20 ANOS,4.72,-74.07,USADO,,0,0,0,0,0,0,0,0,0,1,False,SUBA,URB. IBERIA TRIANGULO,Suba - AV. Boyacá,746.51,0,PARQUE ZONAL LOS LACHES LA MINA,1202.03,0,0.31,,0.33,1.5,0.0,,0.05,674.9,0.0
10484-M4148924,APARTAMENTO,VENTA,19.64,56.6,2.0,1.0,450000.0,1.0,SANTA BARBARA,6,MAS DE 20 ANOS,4.7,-74.03,USADO,,0,0,0,0,0,0,0,0,0,1,False,USAQUEN,SANTA BARBARA CENTRAL III SECTOR,Pepe Sierra,2281.07,0,PARQUE METROPOLITANO EL COUNTRY,1076.47,0,0.35,,0.5,2.0,0.0,,0.04,319.05,4.0
183-M3847827,APARTAMENTO,VENTA,19.66,77.0,3.0,3.0,325000.0,1.0,CEDRITOS,4,MAS DE 20 ANOS,4.73,-74.04,USADO,,0,0,0,0,0,0,0,0,0,1,False,USAQUEN,LA LIBERIA,Mazurén,1557.14,0,PARQUE ZONAL LA VIDA,564.1,0,0.26,,0.33,1.0,0.0,,0.04,488.67,1.0
34-M4275423,APARTAMENTO,VENTA,21.35,197.0,3.0,3.0,1200000.0,2.0,CHICO,6,MAS DE 20 ANOS,4.66,-74.05,USADO,,0,1,0,0,1,0,0,0,0,1,False,CHAPINERO,BOSQUE EL RETIRO I SECTOR,Héroes - Gel´Hada,1466.23,0,PARQUE ZONAL SAN ANDRÉS,485.66,1,0.11,,0.67,1.0,0.0,,0.02,628.35,0.0
183-M4013527,APARTAMENTO,VENTA,19.4,74.0,3.0,2.0,250000.0,1.0,ALTOS DE SUBA Y CERROS DE SAN JORGE,4,MAS DE 20 ANOS,4.75,-74.09,USADO,,0,0,0,0,0,0,0,0,0,1,False,SUBA,EL PINAR DE SUBA,Portal Suba,860.43,0,PARQUE VECINAL URBANIZACIÓN VALLE DE REFOUS,437.62,1,0.26,,0.33,1.5,0.0,,0.04,907.99,0.0
2363-M3894795,APARTAMENTO,VENTA,19.58,54.0,2.0,2.0,138000.0,1.0,METROPOLIS,3,REMODELADO,4.67,-74.08,USADO,,0,0,0,0,0,0,0,0,0,1,False,BARRIOS UNIDOS,J.J. VARGAS - JOSE JOAQUIN VARGAS,AV. Chile,1002.4,0,PARQUE VECINAL URBANIZACIÓN METROPOLIS,838.35,0,0.36,,0.5,1.0,0.0,,0.04,712.99,0.0
34-M4433306,APARTAMENTO,VENTA,20.14,123.0,3.0,3.0,508300.0,2.0,CEDRITOS,4,ENTRE 10 Y 20 ANOS,4.73,-74.04,USADO,,0,0,0,0,1,0,0,0,0,1,False,USAQUEN,PARQUES DE LORENA,Mazurén,1438.72,0,PARQUE ZONAL LA VIDA,847.97,0,0.16,,0.67,1.0,0.0,,0.02,479.62,1.0
3325-M4491224,APARTAMENTO,VENTA,20.01,136.0,3.0,2.0,3921395.93,0.0,ANTONIO NARINO,3,MAS DE 20 ANOS,4.58,-74.09,USADO,,0,0,0,0,0,0,0,0,0,0,False,ANTONIO NARINO,CIUDAD JARDIN DEL SUR,Ciudad Jardín - UAN,131.58,1,PARQUE ZONAL CIUDAD JARDIN,137.45,1,0.15,,0.0,1.5,0.0,,0.02,2068.33,0.0
183-M3991911,APARTAMENTO,VENTA,19.92,60.0,3.0,2.0,377000.0,1.0,LA SOLEDAD,4,MAS DE 20 ANOS,4.64,-74.08,USADO,,0,0,0,0,0,0,0,0,0,1,False,TEUSAQUILLO,BELALCAZAR,Universidad Nacional,124.28,1,PARQUE ESCENARIO DEPORTIVO EL CAMPINCITO - CEAD,944.2,0,0.33,,0.33,1.5,0.0,,0.05,689.71,0.0
34-M4010475,APARTAMENTO,VENTA,19.91,95.0,3.0,2.0,372000.0,1.0,COUNTRY,5,MAS DE 20 ANOS,4.72,-74.03,USADO,,0,0,0,0,1,0,0,0,0,1,False,USAQUEN,CEDRITOS,Alcalá,2077.46,0,PARQUE VECINAL NUEVA URBANIZACIÓN EL CEDRITO,648.68,0,0.21,,0.33,1.5,0.0,,0.03,488.79,1.0
183-M4209046,APARTAMENTO,VENTA,19.55,81.75,3.0,2.0,380000.0,0.0,CHAPINERO ALTO,4,MAS DE 20 ANOS,4.64,-74.07,USADO,,0,1,0,0,1,0,0,0,0,1,False,CHAPINERO,S.C. MARLY,Marly,128.85,1,PARQUE METROPOLITANO PARQUE NACIONAL (PM2A) ENRIQUE OLAYA HERRERA (SECTOR HISTORICO),1520.64,0,0.24,,0.0,1.5,0.0,,0.04,638.12,0.0
164-M3468684,APARTAMENTO,VENTA,20.2,64.07,2.0,2.0,930000.0,2.0,CHICO,5,ENTRE 5 Y 10 ANOS,4.68,-74.06,USADO,,0,0,0,0,1,0,0,0,0,0,False,CHAPINERO,S.C. EL CHICO,Virrey,155.08,1,PARQUE VECINAL URBANIZACIÓN NORMANDIA I II II Y IV SECTOR,36.7,1,0.32,,1.0,1.0,0.0,,0.03,608.05,0.0
953-M4053533,APARTAMENTO,VENTA,19.7,72.0,3.0,2.0,461000.0,2.0,NIZA ALHAMBRA,5,MAS DE 20 ANOS,4.7,-74.06,USADO,,0,0,0,0,1,0,0,0,0,1,False,SUBA,LA ALHAMBRA SECTOR NORTE,Suba - Calle 116,754.73,0,PARQUE ZONAL CANAL CORDOBA,189.87,1,0.27,,0.67,1.5,0.0,,0.04,1247.12,0.0
34-M3081378,APARTAMENTO,VENTA,19.34,55.0,3.0,2.0,145000.0,0.0,ORQUIDEAS,3,ENTRE 10 Y 20 ANOS,4.76,-74.04,USADO,,0,0,0,0,0,0,0,0,0,1,False,USAQUEN,TARDES DE SAN JOSE,Calle 187,788.28,0,PARQUE VECINAL URBANIZACIÓN CALLE 170 / ALAMEDA,534.38,0,0.35,,0.0,1.5,0.0,,0.05,862.52,0.0
3325-M3931934,APARTAMENTO,VENTA,19.72,72.0,3.0,2.0,230000.0,1.0,CEDRITOS,4,ENTRE 10 Y 20 ANOS,4.72,-74.04,USADO,,0,0,0,0,1,0,0,0,0,1,False,USAQUEN,CEDRO NARVAEZ,Calle 142,1640.7,0,PARQUE VECINAL NUEVA URBANIZACIÓN EL CEDRITO,318.18,1,0.27,,0.33,1.5,0.0,,0.04,362.06,1.0
295-M4626765,APARTAMENTO,VENTA,20.32,142.93,2.0,3.0,1100000.0,1.0,CHICO,6,MAS DE 20 ANOS,4.68,-74.06,USADO,,0,0,0,0,1,0,0,0,0,1,False,CHAPINERO,S.C. EL CHICO,Virrey,305.27,1,PARQUE VECINAL URBANIZACIÓN NORMANDIA I II II Y IV SECTOR,169.52,1,0.14,,0.5,0.67,0.0,,0.01,458.05,1.0
3284-M4170385,APARTAMENTO,VENTA,20.0,97.0,2.0,3.0,586000.0,1.0,,4,MAS DE 20 ANOS,4.73,-74.03,USADO,,0,0,0,0,1,0,0,0,0,1,False,USAQUEN,CEDRO SALAZAR,Calle 146,2725.2,0,PARQUE VECINAL NUEVA URBANIZACIÓN EL CEDRITO,930.53,0,0.21,,0.5,0.67,0.0,,0.02,872.07,0.0
10366-6911,APARTAMENTO,VENTA,20.32,141.0,4.0,3.0,480000.0,2.0,COLINA Y ALREDEDORES,5,MAS DE 20 ANOS,4.73,-74.07,USADO,,0,0,0,0,0,0,0,0,0,1,False,SUBA,GRATAMIRA,Gratamira,85.09,1,PARQUE ZONAL EL TOMILLAR,1388.05,0,0.14,,0.5,1.33,0.0,,0.03,1005.76,0.0
488-M4307399,APARTAMENTO,VENTA,19.49,56.0,3.0,2.0,280000.0,1.0,ALTOS DE SUBA Y CERROS DE SAN JORGE,3,MAS DE 20 ANOS,4.72,-74.09,USADO,,0,0,0,0,0,0,0,0,0,1,False,SUBA,BOSQUES DE SAN JORGE,Suba - AV. Boyacá,1703.89,0,PARQUE METROPOLITANO CEFE COMETAS,716.19,0,0.35,,0.33,1.5,0.0,,0.05,1931.64,0.0
34-62667,APARTAMENTO,VENTA,20.99,122.18,1.0,2.0,700000.0,2.0,CHICO,6,ENTRE 10 Y 20 ANOS,4.68,-74.04,USADO,,0,0,0,0,1,0,0,0,0,0,False,CHAPINERO,CHICO RESERVADO,Virrey,1850.95,0,PARQUE VECINAL URBANIZACIÓN LA CABRERA,1191.59,0,0.17,,2.0,0.5,0.0,,0.01,452.12,1.0
10159-M4708965,APARTAMENTO,VENTA,19.78,86.0,3.0,3.0,668000.0,1.0,CHAPINERO ALTO,4,MAS DE 20 ANOS,4.64,-74.06,USADO,,0,0,0,0,0,0,0,0,0,1,False,CHAPINERO,S.C. PARDO RUBIO,Marly,484.29,1,PARQUE METROPOLITANO PARQUE NACIONAL (PM2A) ENRIQUE OLAYA HERRERA (SECTOR HISTORICO),1218.65,0,0.23,,0.33,1.0,0.0,,0.03,455.31,1.0
698-M4078393,APARTAMENTO,VENTA,21.34,168.0,3.0,5.0,3921395.93,2.0,CHICO,5,ENTRE 0 Y 5 ANOS,4.67,-74.05,USADO,,0,0,0,0,0,0,0,0,0,1,False,CHAPINERO,S.C. EL CHICO,Calle 85,627.08,0,PARQUE ZONAL CANAL EL VIRREY EL CHICO,32.1,1,0.13,,0.67,0.6,0.0,,0.02,0.37,3.0
10366-6536,APARTAMENTO,VENTA,19.92,101.0,2.0,2.0,360000.0,2.0,CEDRITOS,5,MAS DE 20 ANOS,4.73,-74.04,USADO,,0,0,0,0,0,0,0,0,0,0,False,USAQUEN,ACACIAS USAQUEN,Calle 142,1188.23,0,PARQUE VECINAL NUEVA URBANIZACIÓN EL CEDRITO,780.8,0,0.2,,1.0,1.0,0.0,,0.02,815.04,0.0
3552-M3861603,APARTAMENTO,VENTA,19.34,58.0,3.0,2.0,3921395.93,1.0,ENGATIVA,3,ENTRE 0 Y 5 ANOS,4.7,-74.11,USADO,,0,0,0,0,0,0,0,0,0,0,False,ENGATIVA,SANTA ROSITA,Quirigua,543.33,0,PARQUE VECINAL URBANIZACIÓN EL MADRIGAL PRIMER SECTOR,585.69,0,0.33,,0.33,1.5,0.0,,0.05,445.72,1.0
10366-M3874276,APARTAMENTO,VENTA,19.78,117.0,3.0,2.0,3921395.93,0.0,CHAPINERO,4,MAS DE 20 ANOS,4.65,-74.07,USADO,,0,0,0,0,0,0,0,0,0,0,False,TEUSAQUILLO,SAN LUIS,Campín - UAN,515.4,0,PARQUE ESCENARIO DEPORTIVO EL CAMPINCITO - CEAD,451.74,1,0.17,,0.0,1.5,0.0,,0.03,300.23,1.0
13436-M4710149,APARTAMENTO,VENTA,19.87,78.0,2.0,2.0,376420.0,1.0,CEDRITOS,4,ENTRE 5 Y 10 ANOS,4.73,-74.03,USADO,,1,1,0,1,0,0,1,0,0,1,False,USAQUEN,BARRANCAS NORTE,Mazurén,2551.01,0,PARQUE ZONAL ALTA BLANCA,286.55,1,0.25,,0.5,1.0,0.0,,0.03,842.04,0.0
34-M3994402,APARTAMENTO,VENTA,19.43,65.0,3.0,2.0,216000.0,1.0,COLINA Y ALREDEDORES,3,MAS DE 20 ANOS,4.75,-74.06,USADO,,0,0,0,0,0,0,0,0,0,1,False,SUBA,URB. PICADELLY,Toberin - Foundever,1109.35,0,PARQUE VECINAL DESARROLLO CANTALEJO URBANIZACIÓN CANTALEJO MANZANA B,432.72,1,0.3,,0.33,1.5,0.0,,0.05,1842.59,0.0
34-M4130378,APARTAMENTO,VENTA,20.78,132.55,3.0,3.0,1060000.0,2.0,SANTA BARBARA,4,ENTRE 5 Y 10 ANOS,4.69,-74.04,USADO,,0,0,0,0,1,0,0,0,0,1,False,USAQUEN,RINCON DEL CHICO,Calle 106,1576.46,0,PARQUE ZONAL CANAL EL VIRREY EL CHICO,1946.4,0,0.16,,0.67,1.0,0.0,,0.02,638.93,0.0
10366-M4567898,APARTAMENTO,VENTA,19.95,64.0,2.0,2.0,410000.0,1.0,CEDRITOS,4,ENTRE 5 Y 10 ANOS,4.73,-74.04,USADO,,0,0,0,0,1,0,0,0,0,1,False,USAQUEN,LOS CEDRITOS,Calle 142,934.1,0,PARQUE VECINAL NUEVA URBANIZACIÓN EL CEDRITO,988.75,0,0.31,,0.5,1.0,0.0,,0.03,774.99,0.0
3552-M4628392,APARTAMENTO,VENTA,20.47,103.0,2.0,2.0,3921395.93,2.0,SANTA BARBARA,6,ENTRE 5 Y 10 ANOS,4.7,-74.05,USADO,,0,0,0,0,1,0,0,0,0,1,False,USAQUEN,SAN PATRICIO,Pepe Sierra,1033.82,0,PARQUE METROPOLITANO EL COUNTRY,1277.34,0,0.2,,1.0,1.0,0.0,,0.02,264.99,3.0
34-M4127112,APARTAMENTO,VENTA,21.25,222.0,3.0,5.0,1700000.0,3.0,CHICO,6,ENTRE 10 Y 20 ANOS,4.68,-74.05,USADO,,0,0,0,0,0,0,0,0,0,1,False,CHAPINERO,S.C. CHICO NORTE,Virrey,1399.41,0,PARQUE VECINAL URBANIZACIÓN LA CABRERA,703.15,0,0.1,,1.0,0.6,0.0,,0.01,276.24,1.0
34-M4028535,APARTAMENTO,VENTA,19.43,62.0,3.0,2.0,188000.0,1.0,ENGATIVA,3,MAS DE 20 ANOS,4.69,-74.11,USADO,,0,0,0,0,0,0,0,0,0,1,False,ENGATIVA,LOS ALAMOS - URB. TORRECAMPO,Portal El Dorado,1346.29,0,PARQUE VECINAL URBANIZACIÓN FLORENCIA I SECTOR,1493.52,0,0.31,,0.33,1.5,0.0,,0.05,719.91,0.0
34-M4013181,APARTAMENTO,VENTA,19.23,70.0,3.0,2.0,218000.0,0.0,ALTOS DE SUBA Y CERROS DE SAN JORGE,3,MAS DE 20 ANOS,4.75,-74.08,USADO,,0,0,0,0,1,0,0,0,0,1,False,SUBA,URB. OVIEDO,Portal Suba,1699.45,0,PARQUE ZONAL CAMPO VERDE,212.69,1,0.27,,0.0,1.5,0.0,,0.04,1679.28,0.0
34-M4123427,APARTAMENTO,VENTA,19.62,56.0,1.0,1.0,284000.0,1.0,CEDRITOS,4,ENTRE 5 Y 10 ANOS,4.72,-74.04,USADO,,0,0,0,0,1,0,0,0,0,1,False,USAQUEN,LOS CEDRITOS,Calle 142,1013.21,0,PARQUE VECINAL NUEVA URBANIZACIÓN EL CEDRITO,908.14,0,0.35,,1.0,1.0,0.0,,0.02,723.22,0.0
164-M3204181,APARTAMENTO,VENTA,20.14,120.0,4.0,3.0,3921395.93,1.0,RAFAEL URIBE URIBE TUNJUELITO,2,ENTRE 0 Y 5 ANOS,4.58,-74.14,USADO,,0,1,0,0,0,0,0,0,0,0,False,TUNJUELITO,EL CARMEN_,Alquería,1365.8,0,PARQUE METROPOLITANO TIMIZA (SECTOR VILLA DEL RIO),736.03,0,0.17,,0.25,1.33,0.0,,0.03,735.37,0.0
34-M4611496,APARTAMENTO,VENTA,19.45,51.93,3.0,2.0,204000.0,1.0,KENNEDY,3,ENTRE 0 Y 5 ANOS,4.65,-74.15,USADO,,0,0,0,0,0,0,0,0,0,1,False,KENNEDY,S.C. TINTALA,Biblioteca Tintal,1914.39,0,PARQUE ZONAL SAN IGNACIO,711.77,0,0.37,,0.33,1.5,0.0,,0.06,2756.02,0.0
183-M3911164,APARTAMENTO,VENTA,19.95,135.55,4.0,3.0,910000.0,1.0,SANTA BARBARA,6,MAS DE 20 ANOS,4.69,-74.03,USADO,,0,1,0,0,0,0,0,0,0,1,False,USAQUEN,USAQUEN,Pepe Sierra,2614.79,0,PARQUE METROPOLITANO EL COUNTRY,1400.25,0,0.15,,0.25,1.33,0.0,,0.03,126.37,4.0
34-M3462886,APARTAMENTO,VENTA,21.31,218.1,3.0,5.0,1563000.0,3.0,CHICO,6,MAS DE 20 ANOS,4.66,-74.05,USADO,,0,1,0,0,0,0,0,0,0,1,False,CHAPINERO,S.C. EL NOGAL,Calle 76 - San Felipe,1130.61,0,PARQUE ZONAL SAN ANDRÉS,463.56,1,0.1,,1.0,0.6,0.0,,0.01,638.9,0.0
661-M4528964,APARTAMENTO,VENTA,20.01,101.32,3.0,2.0,400000.0,2.0,CEDRITOS,4,MAS DE 20 ANOS,4.72,-74.03,USADO,,0,1,0,0,0,0,0,0,0,1,False,USAQUEN,CEDRO NARVAEZ,Alcalá,2080.62,0,PARQUE VECINAL NUEVA URBANIZACIÓN EL CEDRITO,331.09,1,0.2,,0.67,1.5,0.0,,0.03,546.01,0.0
164-M3214621,APARTAMENTO,VENTA,20.56,175.82,5.0,4.0,750000.0,2.0,SANTA BARBARA,6,REMODELADO,4.7,-74.04,USADO,,0,0,0,0,1,0,0,0,0,0,False,USAQUEN,SANTA BARBARA CENTRAL I SECTOR,Pepe Sierra,1521.85,0,PARQUE METROPOLITANO EL COUNTRY,666.86,0,0.12,,0.4,1.25,0.0,,0.03,403.93,1.0
12503-M3719175,APARTAMENTO,VENTA,20.65,102.0,2.0,3.0,843000.0,2.0,CHICO,6,ENTRE 10 Y 20 ANOS,4.68,-74.05,USADO,,0,1,0,0,1,0,0,0,0,0,False,CHAPINERO,S.C. EL CHICO,Virrey,503.17,0,PARQUE ZONAL CANAL EL VIRREY EL CHICO,288.8,1,0.2,,1.0,0.67,0.0,,0.02,278.27,2.0
679-M4602468,APARTAMENTO,VENTA,20.47,115.0,2.0,3.0,667000.0,1.0,CHICO,6,MAS DE 20 ANOS,4.66,-74.05,USADO,,0,0,0,0,1,0,0,0,0,0,False,CHAPINERO,LOS ROSALES,Calle 76 - San Felipe,1221.17,0,PARQUE ZONAL SAN ANDRÉS,624.6,0,0.18,,0.5,0.67,0.0,,0.02,589.39,0.0
2363-M4599578,APARTAMENTO,VENTA,20.24,74.4,1.0,2.0,570000.0,1.0,CHICO,5,MAS DE 20 ANOS,4.67,-74.05,USADO,,0,1,0,0,1,0,0,0,0,1,False,CHAPINERO,S.C. EL NOGAL,Héroes - Gel´Hada,977.0,0,PARQUE ZONAL SAN ANDRÉS,14.1,1,0.27,,1.0,0.5,0.0,,0.01,203.95,4.0
3552-M3489971,APARTAMENTO,VENTA,19.04,52.0,3.0,1.0,3921395.93,0.0,TIMIZA LA ALQUERIA,3,MAS DE 20 ANOS,4.61,-74.16,USADO,,0,0,0,0,0,0,0,0,0,0,False,KENNEDY,LAGOS DE TIMIZA II,CC Paseo Villa del Río - Madelena,1465.13,0,PARQUE VECINAL LAGO TIMIZA I ETAPA,260.01,1,0.37,,0.0,3.0,0.0,,0.06,1389.56,0.0
3229-M4544207,APARTAMENTO,VENTA,20.02,85.0,2.0,2.0,521000.0,1.0,SANTA BARBARA,6,MAS DE 20 ANOS,4.69,-74.05,USADO,,0,1,0,0,1,0,0,0,0,0,False,USAQUEN,SAN PATRICIO,Calle 106,1150.0,0,PARQUE METROPOLITANO EL COUNTRY,1599.74,0,0.24,,0.5,1.0,0.0,,0.02,279.72,1.0
734-M3347766,APARTAMENTO,VENTA,20.14,65.0,2.0,2.0,217000.0,1.0,CHICO,5,ENTRE 0 Y 5 ANOS,4.67,-74.05,USADO,,0,0,0,0,0,0,0,0,0,1,True,CHAPINERO,S.C. CHICO NORTE,Virrey,1534.7,0,PARQUE VECINAL URBANIZACIÓN LA CABRERA,609.29,0,0.31,,0.5,1.0,0.0,,0.03,523.08,0.0
4566-M4547450,APARTAMENTO,VENTA,21.06,213.0,3.0,3.0,1838000.0,3.0,CHICO,6,ENTRE 10 Y 20 ANOS,4.68,-74.06,USADO,,0,1,0,0,0,0,0,0,0,0,False,CHAPINERO,S.C. CHICO NORTE III SECTOR,Calle 100 - Marketmedios,254.13,1,PARQUE VECINAL URBANIZACIÓN NORMANDIA I II II Y IV SECTOR,595.73,0,0.1,,1.0,1.0,0.0,,0.01,289.27,1.0
4566-M4135274,APARTAMENTO,VENTA,20.86,161.3,3.0,2.0,773000.0,2.0,CHICO,6,MAS DE 20 ANOS,4.67,-74.04,USADO,,0,1,0,0,0,0,0,0,0,1,False,CHAPINERO,CHICO ORIENTAL,Virrey,1832.28,0,PARQUE VECINAL URBANIZACIÓN LA CABRERA,882.39,0,0.13,,0.67,1.5,0.0,,0.02,752.72,0.0
34-M4541737,APARTAMENTO,VENTA,19.97,104.0,3.0,3.0,515000.0,1.0,CENTRO NARINO,4,MAS DE 20 ANOS,4.63,-74.09,USADO,,0,0,0,0,0,0,0,0,0,1,False,TEUSAQUILLO,EL_RECUERDO,Ciudad Universitaria - Lotería de Bogotá,341.45,1,PARQUE VECINAL SANTA CLARA,1238.05,0,0.19,,0.33,1.0,0.0,,0.03,1435.47,0.0
164-M3768892,APARTAMENTO,VENTA,19.16,57.6,3.0,1.0,86000.0,0.0,FONTIBON TINTAL,3,MAS DE 20 ANOS,4.68,-74.14,USADO,,0,0,0,0,0,0,0,0,0,1,False,FONTIBON,VERACRUZ_II SECTOR,Portal El Dorado,1601.86,0,PARQUE VECINAL VILLA HELENA VILLEMAR,982.33,0,0.33,,0.0,3.0,0.0,,0.05,1394.8,0.0
164-M3228089,APARTAMENTO,VENTA,19.45,61.0,3.0,1.0,3921395.93,1.0,CEDRITOS,4,REMODELADO,4.73,-74.03,USADO,,0,1,0,0,0,0,0,0,0,0,False,USAQUEN,CEDRO SALAZAR,Calle 146,2431.27,0,PARQUE ZONAL ALTA BLANCA,718.59,0,0.32,,0.33,3.0,0.0,,0.05,551.49,0.0
4566-M4593662,APARTAMENTO,VENTA,20.52,155.0,3.0,3.0,1772000.0,2.0,SANTA BARBARA,6,MAS DE 20 ANOS,4.76,-74.04,USADO,,0,0,0,0,0,0,0,0,0,1,False,USAQUEN,VERBENAL II SECTOR,Calle 187,626.78,0,PARQUE VECINAL DESARROLLO VERBENAL I,408.02,1,0.13,,0.67,1.0,0.0,,0.02,716.16,0.0
10366-M4703176,APARTAMENTO,VENTA,19.88,68.0,2.0,2.0,700000.0,1.0,SANTA BARBARA,6,MAS DE 20 ANOS,4.69,-74.05,USADO,,0,0,0,0,1,0,0,0,0,1,False,USAQUEN,SANTA BIBIANA,Calle 106,893.28,0,PARQUE VECINAL URBANIZACIÓN NORMANDIA I II II Y IV SECTOR,1732.73,0,0.29,,0.5,1.0,0.0,,0.03,493.58,1.0
34-M3994372,APARTAMENTO,VENTA,20.13,109.0,3.0,2.0,811893.0,2.0,CEDRITOS,4,ENTRE 10 Y 20 ANOS,4.72,-74.03,USADO,,0,0,0,0,1,0,0,0,0,1,False,USAQUEN,LOS CEDROS ORIENTAL,Calle 142,2196.04,0,PARQUE VECINAL NUEVA URBANIZACIÓN EL CEDRITO,289.4,1,0.18,,0.67,1.5,0.0,,0.03,729.16,0.0
183-M3364574,APARTAMENTO,VENTA,19.38,62.0,3.0,2.0,180000.0,1.0,KENNEDY,3,ENTRE 5 Y 10 ANOS,4.65,-74.15,USADO,,0,1,0,0,1,0,0,0,0,0,False,KENNEDY,S.C. TINTALA - CIUDADELA NUEVA CASTILLA,Biblioteca Tintal,1731.84,0,PARQUE METROPOLITANO BIBLIOTECA EL TINTAL,896.65,0,0.31,,0.33,1.5,0.0,,0.05,2486.16,0.0
34-M3552563,APARTAMENTO,VENTA,20.01,89.0,3.0,3.0,680000.0,0.0,SANTA BARBARA,6,MAS DE 20 ANOS,4.69,-74.05,USADO,,0,0,0,0,1,0,0,0,0,1,False,USAQUEN,SAN PATRICIO,Pepe Sierra,1098.99,0,PARQUE METROPOLITANO EL COUNTRY,1389.04,0,0.22,,0.0,1.0,0.0,,0.03,180.77,3.0
34-M4073519,APARTAMENTO,VENTA,20.99,47.0,3.0,1.0,3921395.93,0.0,BOSA SOACHA,1,ENTRE 5 Y 10 ANOS,4.62,-74.21,USADO,,0,0,0,0,0,0,0,0,0,1,False,BOSA,S.C. SAN BERNARDINO XXII,Portal Américas,3807.76,0,PARQUE VECINAL URBANIZACIÓN PORTAL DEL SOL,919.38,0,0.45,,0.0,3.0,0.0,,0.06,3277.05,0.0
34-M3998804,APARTAMENTO,VENTA,21.64,238.0,3.0,2.0,1400000.0,3.0,CHICO,6,MAS DE 20 ANOS,4.67,-74.05,USADO,,0,1,0,0,1,0,0,0,0,1,False,CHAPINERO,S.C. EL CHICO,Calle 85,1488.73,0,PARQUE VECINAL URBANIZACIÓN LA CABRERA,434.63,1,0.09,,1.0,1.5,0.0,,0.01,380.51,1.0
13300-M4560597,APARTAMENTO,VENTA,19.38,70.0,3.0,2.0,250000.0,1.0,ORQUIDEAS,3,MAS DE 20 ANOS,4.76,-74.04,USADO,,0,0,0,0,0,1,0,0,0,1,False,USAQUEN,RINCON DEL PUENTE - QUINTA CATANIA,Calle 187,214.66,1,PARQUE VECINAL DESARROLLO VERBENAL I,441.3,1,0.28,,0.33,1.5,0.0,,0.04,279.48,1.0
2412-M4709918,APARTAMENTO,VENTA,21.06,195.0,4.0,4.0,600000.0,3.0,COLINA Y ALREDEDORES,5,ENTRE 10 Y 20 ANOS,4.74,-74.07,USADO,,0,1,0,1,1,0,0,0,0,0,False,SUBA,S.C. GILMAR - LA SIRENA (PREDIO),21 Ángeles,1777.39,0,PARQUE ZONAL EL TOMILLAR,749.19,0,0.11,,0.75,1.0,0.0,,0.02,1332.33,0.0
10159-M4742504,APARTAMENTO,VENTA,20.03,110.0,3.0,2.0,300000.0,1.0,NIZA ALHAMBRA,4,MAS DE 20 ANOS,4.7,-74.07,USADO,,0,0,0,0,0,0,0,0,0,1,True,SUBA,NIZA SUR,Humedal Córdoba,217.42,1,PARQUE ZONAL LOS LACHES LA MINA,714.88,0,0.18,,0.33,1.5,0.0,,0.03,711.0,0.0
164-M3596203,APARTAMENTO,VENTA,19.21,45.04,2.0,2.0,173000.0,0.0,,4,ENTRE 0 Y 5 ANOS,4.66,-74.13,USADO,,0,0,0,0,1,0,0,0,0,1,False,FONTIBON,EL TINTAL A.S.D.,Normandía,1840.7,0,PARQUE ZONAL CANAL BOYACA,1045.39,0,0.43,,0.0,1.0,0.0,,0.04,713.81,0.0
633-M4603342,APARTAMENTO,VENTA,20.41,104.0,3.0,2.0,430000.0,2.0,NICOLAS DE FEDERMAN,4,ENTRE 5 Y 10 ANOS,4.65,-74.08,USADO,,0,0,0,0,1,0,0,0,0,0,False,TEUSAQUILLO,CAMPIN OCCIDENTAL,Movistar Arena,153.29,1,PARQUE VECINAL ARENA MOVISTAR,189.48,1,0.2,,0.67,1.5,0.0,,0.03,166.43,1.0
14236-M4702797,APARTAMENTO,VENTA,19.6,59.0,3.0,2.0,325000.0,1.0,ORQUIDEAS,4,ENTRE 0 Y 5 ANOS,4.75,-74.03,USADO,,0,0,0,1,1,0,0,0,0,0,False,USAQUEN,EL REDIL,Portal Norte,2035.14,0,PARQUE VECINAL URBANIZACIÓN CALLE 170 / ALAMEDA,1170.84,0,0.33,,0.33,1.5,0.0,,0.05,1095.82,0.0
973-M4554440,APARTAMENTO,VENTA,20.42,95.0,3.0,3.0,470000.0,1.0,SALITRE MODELIA,4,ENTRE 10 Y 20 ANOS,4.75,-74.08,USADO,,0,1,0,0,0,0,0,0,0,1,False,SUBA,EL REGRESO,Portal Suba,1614.52,0,PARQUE ZONAL CAMPO VERDE,341.04,1,0.21,,0.33,1.0,0.0,,0.03,1578.21,0.0
5027-M3658524,APARTAMENTO,VENTA,19.3,46.21,2.0,2.0,3921395.93,1.0,KENNEDY,3,ENTRE 0 Y 5 ANOS,4.65,-74.15,USADO,,0,0,0,0,1,0,0,0,0,1,False,KENNEDY,S.C. TINTALA,Biblioteca Tintal,1914.39,0,PARQUE ZONAL SAN IGNACIO,711.77,0,0.42,,0.5,1.0,0.0,,0.04,2756.02,0.0
34-M4626785,APARTAMENTO,VENTA,19.26,53.0,2.0,2.0,220000.0,1.0,ORQUIDEAS,4,ENTRE 10 Y 20 ANOS,4.75,-74.02,USADO,,0,0,0,0,0,0,0,0,0,1,False,USAQUEN,S.C. HORIZONTES NORTE,Portal Norte,2458.41,0,PARQUE ZONAL SERVITA,1412.03,0,0.36,,0.5,1.0,0.0,,0.04,1559.28,0.0
13273-M4320265,APARTAMENTO,VENTA,20.53,139.0,2.0,3.0,720000.0,2.0,CHICO,6,MAS DE 20 ANOS,4.65,-74.05,USADO,,0,0,0,0,1,0,0,0,0,1,False,CHAPINERO,S.C. BELLAVISTA,Flores – Areandina,1458.61,0,PARQUE ZONAL GUSTAVO URIBE BOTERO,359.86,1,0.15,,1.0,0.67,0.0,,0.01,662.49,0.0
34-62635,APARTAMENTO,VENTA,20.72,146.62,3.0,2.0,982000.0,2.0,,6,MAS DE 20 ANOS,4.69,-74.05,USADO,,0,1,0,0,0,0,0,0,0,0,False,USAQUEN,SANTA BIBIANA,Calle 106,912.37,0,PARQUE VECINAL URBANIZACIÓN NORMANDIA I II II Y IV SECTOR,1572.26,0,0.14,,0.67,1.5,0.0,,0.02,477.01,1.0
34-M4031594,APARTAMENTO,VENTA,19.75,71.0,3.0,2.0,361000.0,1.0,COUNTRY,5,MAS DE 20 ANOS,4.71,-74.03,USADO,,0,0,0,0,1,0,0,0,0,1,False,USAQUEN,BELLA SUIZA,Prado,2441.24,0,PARQUE METROPOLITANO EL COUNTRY,986.46,0,0.28,,0.33,1.5,0.0,,0.04,155.19,2.0
661-M4436200,APARTAMENTO,VENTA,19.32,37.0,1.0,1.0,130000.0,0.0,ORQUIDEAS,3,ENTRE 0 Y 5 ANOS,4.75,-74.04,USADO,,0,0,0,0,0,0,0,0,0,1,False,USAQUEN,TOBERIN,Toberin - Foundever,603.55,0,PARQUE VECINAL URBANIZACIÓN TOBERIN,615.84,0,0.52,,0.0,1.0,0.0,,0.03,668.29,0.0
684-1723,APARTAMENTO,VENTA,20.84,226.0,3.0,4.0,760000.0,2.0,SANTA BARBARA,5,ENTRE 10 Y 20 ANOS,4.69,-74.06,USADO,,0,0,0,0,0,0,0,0,0,0,False,USAQUEN,SANTA BIBIANA,Calle 100 - Marketmedios,470.39,1,PARQUE VECINAL URBANIZACIÓN NORMANDIA I II II Y IV SECTOR,1222.26,0,0.09,,0.67,0.75,0.0,,0.01,833.89,0.0
34-M4142014,APARTAMENTO,VENTA,19.72,42.0,1.0,1.0,570000.0,1.0,CHAPINERO ALTO,4,ENTRE 0 Y 5 ANOS,4.64,-74.06,USADO,,0,0,0,0,1,0,0,0,0,1,False,CHAPINERO,S.C. LA SALLE,Calle 57,909.31,0,PARQUE ZONAL GUSTAVO URIBE BOTERO,1021.95,0,0.47,,1.0,1.0,0.0,,0.02,1015.74,0.0
734-M2882598,APARTAMENTO,VENTA,20.2,167.0,4.0,3.0,3921395.93,1.0,LA SOLEDAD,3,MAS DE 20 ANOS,4.63,-74.08,USADO,,0,1,0,0,0,0,0,0,0,0,False,TEUSAQUILLO,LA SOLEDAD,AV. ElDorado,560.63,0,PARQUE METROPOLITANO EL RENACIMIENTO - PARQUE CEMENTERIO CENTRAL,868.66,0,0.12,,0.25,1.33,0.0,,0.02,260.92,1.0
342-M4703717,APARTAMENTO,VENTA,19.3,40.87,2.0,1.0,80000.0,1.0,ENGATIVA,3,ENTRE 0 Y 5 ANOS,4.68,-74.1,USADO,,0,0,0,0,0,0,0,0,0,1,False,ENGATIVA,SAN JOAQUIN,Normandía,1860.72,0,PARQUE VECINAL URBANIZACIÓN CIUDAD HONDA,580.7,0,0.47,,0.5,2.0,0.0,,0.05,1077.87,0.0
183-M3654492,APARTAMENTO,VENTA,20.44,105.0,3.0,3.0,980000.0,2.0,SANTA BARBARA,5,MAS DE 20 ANOS,4.7,-74.05,USADO,,0,1,0,0,0,0,0,0,0,1,False,USAQUEN,SANTA BARBARA OCCIDENTAL,Calle 127,352.56,1,PARQUE ZONAL ATABANZA,1015.13,0,0.19,,0.67,1.0,0.0,,0.03,311.72,4.0
34-M4429419,APARTAMENTO,VENTA,20.07,122.0,3.0,3.0,587000.0,1.0,CEDRITOS,4,MAS DE 20 ANOS,4.72,-74.03,USADO,,0,0,0,0,1,0,0,0,0,1,False,USAQUEN,BELMIRA,Alcalá,2358.59,0,PARQUE VECINAL NUEVA URBANIZACIÓN EL CEDRITO,488.7,1,0.16,,0.33,1.0,0.0,,0.02,582.35,0.0
2195-M4015082,APARTAMENTO,VENTA,21.12,283.0,3.0,4.0,1850000.0,2.0,CHICO,6,MAS DE 20 ANOS,4.67,-74.05,USADO,,0,1,0,0,0,0,0,0,0,1,False,CHAPINERO,S.C. EL CHICO,Virrey,1106.39,0,PARQUE VECINAL URBANIZACIÓN LA CABRERA,447.55,1,0.07,,0.67,0.75,0.0,,0.01,323.5,3.0
12503-M4055014,APARTAMENTO,VENTA,20.59,170.0,3.0,5.0,858000.0,3.0,SANTA BARBARA,6,MAS DE 20 ANOS,4.7,-74.04,USADO,,0,0,0,0,1,0,0,0,0,0,False,USAQUEN,SANTA BARBARA OCCIDENTAL,Calle 127,1221.83,0,PARQUE METROPOLITANO EL COUNTRY,792.4,0,0.12,,1.0,0.6,0.0,,0.02,402.91,2.0
34-M4643878,APARTAMENTO,VENTA,19.28,56.0,2.0,2.0,103000.0,1.0,ALTOS DE SUBA Y CERROS DE SAN JORGE,3,ENTRE 5 Y 10 ANOS,4.74,-74.08,USADO,,0,0,0,0,1,0,0,0,0,1,False,SUBA,S.C. SUBA URBANO,Suba - TV. 91,758.76,0,PARQUE ZONAL BELLAVISTA DINDALITO,670.05,0,0.34,,0.5,1.0,0.0,,0.04,1443.69,0.0
11013-M4611349,APARTAMENTO,VENTA,20.16,128.0,4.0,3.0,908000.0,2.0,SANTA BARBARA,5,MAS DE 20 ANOS,4.69,-74.05,USADO,,0,0,0,0,0,0,0,0,0,1,False,USAQUEN,RINCON DEL CHICO,Calle 106,1175.72,0,PARQUE METROPOLITANO EL COUNTRY,1800.57,0,0.16,,0.5,1.33,0.0,,0.03,456.28,1.0
34-M3179278,APARTAMENTO,VENTA,20.01,70.0,2.0,2.0,500000.0,1.0,CHAPINERO ALTO,6,MAS DE 20 ANOS,4.66,-74.05,USADO,,0,1,0,0,1,0,0,0,0,0,False,CHAPINERO,LOS ROSALES,Calle 76 - San Felipe,1399.37,0,PARQUE ZONAL SAN ANDRÉS,549.29,0,0.29,,0.5,1.0,0.0,,0.03,732.6,0.0
12937-M4555164,APARTAMENTO,VENTA,19.74,60.8,3.0,2.0,237600.0,1.0,COLINA Y ALREDEDORES,5,ENTRE 10 Y 20 ANOS,4.74,-74.06,USADO,,0,0,0,0,1,0,1,0,0,0,False,SUBA,S.C. GILMAR - LA SIRENA (PREDIO),Calle 161,1706.04,0,PARQUE VECINAL DESARROLLO CANTALEJO URBANIZACIÓN CANTALEJO MANZANA B,640.31,0,0.32,,0.33,1.5,0.0,,0.05,1234.8,0.0
839-M4538949,APARTAMENTO,VENTA,19.92,84.0,2.0,2.0,629100.0,2.0,COUNTRY,5,ENTRE 10 Y 20 ANOS,4.72,-74.04,USADO,,0,0,0,0,0,0,0,0,0,1,False,USAQUEN,CEDRITOS,Alcalá,1400.8,0,PARQUE VECINAL NUEVA URBANIZACIÓN EL CEDRITO,775.42,0,0.24,,1.0,1.0,0.0,,0.02,176.31,1.0
989-M4549504,APARTAMENTO,VENTA,20.11,100.0,3.0,2.0,400000.0,2.0,ORQUIDEAS,4,ENTRE 5 Y 10 ANOS,4.75,-74.02,USADO,,0,1,0,0,0,0,0,0,0,1,False,USAQUEN,SANTA TERESA,Toberin - Foundever,2469.96,0,PARQUE ZONAL SERVITA,487.55,1,0.2,,0.67,1.5,0.0,,0.03,1269.52,0.0
13273-M4429233,APARTAMENTO,VENTA,20.2,102.0,3.0,3.0,430000.0,2.0,CORTIJO AUTOPISTA MEDELLIN,6,ENTRE 5 Y 10 ANOS,4.71,-74.09,USADO,,0,0,0,0,1,0,0,0,0,1,False,SUBA,AGRUPACION EL RINCON,Suba - AV. Boyacá,1781.04,0,PARQUE METROPOLITANO CEFE COMETAS,649.36,0,0.2,,0.67,1.0,0.0,,0.03,1905.2,0.0
989-M3820374,APARTAMENTO,VENTA,19.9,76.0,3.0,2.0,500000.0,1.0,NIZA ALHAMBRA,5,MAS DE 20 ANOS,4.7,-74.06,USADO,,0,0,0,0,0,0,0,0,0,0,False,SUBA,LA ALHAMBRA SECTOR SUR,Pepe Sierra,518.91,0,PARQUE ZONAL CANAL CORDOBA,655.81,0,0.26,,0.33,1.5,0.0,,0.04,1049.69,0.0
633-M3696223,APARTAMENTO,VENTA,20.41,97.0,3.0,3.0,480000.0,2.0,SANTA BARBARA,4,REMODELADO,4.69,-74.05,USADO,,0,0,0,0,1,0,0,0,0,1,False,USAQUEN,RINCON DEL CHICO,Calle 100 - Marketmedios,1358.77,0,PARQUE ZONAL CANAL EL VIRREY EL CHICO,1607.68,0,0.21,,0.67,1.0,0.0,,0.03,349.88,2.0
3552-M4705164,APARTAMENTO,VENTA,20.13,68.0,2.0,2.0,3921395.93,1.0,SALITRE MODELIA,4,ENTRE 10 Y 20 ANOS,4.64,-74.1,USADO,,0,1,0,0,1,0,0,0,0,1,False,TEUSAQUILLO,CIUDAD SALITRE SURORIENTAL,CAN,683.32,0,PARQUE VECINAL URBANIZACIÓN SALITRE (GRECO),1142.47,0,0.3,,0.5,1.0,0.0,,0.03,569.66,0.0
488-M4307442,APARTAMENTO,VENTA,19.7,74.0,3.0,2.0,280000.0,2.0,NIZA ALHAMBRA,4,MAS DE 20 ANOS,4.69,-74.08,USADO,,0,0,0,0,0,0,0,0,0,1,False,SUBA,LA ALBORADA,AV. 68,770.67,0,PARQUE ZONAL MORATO,771.73,0,0.27,,0.67,1.5,0.0,,0.04,608.06,0.0
953-M4560685,APARTAMENTO,VENTA,19.85,68.0,2.0,2.0,220000.0,1.0,NIZA ALHAMBRA,5,ENTRE 0 Y 5 ANOS,4.71,-74.06,USADO,,0,0,0,0,1,0,0,0,0,1,False,SUBA,EL BATAN,Calle 127,379.22,1,PARQUE ZONAL ATABANZA,383.12,1,0.29,,0.5,1.0,0.0,,0.03,526.27,0.0
839-M4542604,APARTAMENTO,VENTA,19.45,80.0,3.0,2.0,3921395.93,1.0,ORQUIDEAS,3,ENTRE 10 Y 20 ANOS,4.76,-74.03,USADO,,0,0,0,0,0,0,0,0,0,1,False,USAQUEN,SAN ANTONIO NORTE II SECTOR,Calle 187,1181.62,0,PARQUE VECINAL URBANIZACIÓN CALLE 170 / ALAMEDA,790.22,0,0.24,,0.33,1.5,0.0,,0.04,1280.39,0.0
34-M4668653,APARTAMENTO,VENTA,19.25,59.37,3.0,2.0,147000.0,0.0,KENNEDY,3,ENTRE 10 Y 20 ANOS,4.63,-74.14,USADO,,0,0,0,0,1,0,0,0,0,1,False,KENNEDY,EL RINCON DE LOS ANGELES,Mandalay,135.85,1,PARQUE ZONAL CASTILLA,866.78,0,0.32,,0.0,1.5,0.0,,0.05,1535.7,0.0
16425-M4624954,APARTAMENTO,VENTA,19.86,70.0,2.0,2.0,378000.0,1.0,NICOLAS DE FEDERMAN,4,MAS DE 20 ANOS,4.65,-74.08,USADO,,0,0,0,0,1,0,0,0,0,1,False,TEUSAQUILLO,CAMPIN OCCIDENTAL,Campín - UAN,82.02,1,PARQUE ESCENARIO DEPORTIVO EL CAMPINCITO - CEAD,182.18,1,0.28,,0.5,1.0,0.0,,0.03,456.97,1.0
164-M3572267,APARTAMENTO,VENTA,19.49,86.6,2.0,2.0,70000.0,0.0,CHAPINERO ALTO,3,MAS DE 20 ANOS,4.64,-74.07,USADO,,0,0,0,0,0,0,0,0,0,0,False,CHAPINERO,S.C. CHAPINERO CENTRAL,Calle 57,281.9,1,PARQUE ESCENARIO DEPORTIVO EL CAMPINCITO - CEAD,1507.63,0,0.23,,0.0,1.0,0.0,,0.02,856.3,0.0
34-M4696545,APARTAMENTO,VENTA,19.41,61.0,3.0,2.0,260000.0,1.0,170 Y ALREDORES,4,MAS DE 20 ANOS,4.77,-74.05,USADO,,0,0,0,0,0,0,0,0,0,1,False,SUBA,MIRANDELA,Calle 187,467.49,1,PARQUE VECINAL URBANIZACIÓN VILANOVA,346.06,1,0.32,,0.33,1.5,0.0,,0.05,451.31,1.0
2396-M3402080,APARTAMENTO,VENTA,20.6,176.0,3.0,3.0,600000.0,2.0,CEDRITOS,4,ENTRE 5 Y 10 ANOS,4.73,-74.04,USADO,,0,0,0,1,1,0,0,0,0,0,False,USAQUEN,CAOBOS SALAZAR URB. CAPRI I Y II SECTOR,Calle 146,1488.33,0,PARQUE VECINAL NUEVA URBANIZACIÓN EL CEDRITO,768.72,0,0.12,,0.67,1.0,0.0,,0.02,434.28,1.0
14236-M4710063,APARTAMENTO,VENTA,19.47,39.0,1.0,1.0,320000000.0,1.0,NIZA ALHAMBRA,5,MAS DE 20 ANOS,4.71,-74.06,USADO,,0,0,0,0,1,0,0,0,0,1,False,SUBA,EL BATAN,Calle 127,680.95,0,PARQUE ZONAL ATABANZA,493.95,1,0.5,,1.0,1.0,0.0,,0.03,841.04,0.0
183-M3976538,APARTAMENTO,VENTA,21.12,199.0,3.0,4.0,990000.0,2.0,CHICO,6,ENTRE 10 Y 20 ANOS,4.66,-74.05,USADO,,0,1,0,0,0,0,0,0,0,1,False,CHAPINERO,LOS ROSALES,Calle 76 - San Felipe,1399.37,0,PARQUE ZONAL SAN ANDRÉS,549.29,0,0.11,,0.67,0.75,0.0,,0.02,732.6,0.0
734-M4461617,APARTAMENTO,VENTA,19.58,38.0,1.0,1.0,3921395.93,1.0,CHAPINERO ALTO,3,REMODELADO,4.65,-74.06,USADO,,0,0,0,0,1,0,0,0,0,1,True,CHAPINERO,S.C. CHAPINERO NORTE,Calle 63,390.71,1,PARQUE ZONAL GUSTAVO URIBE BOTERO,1078.19,0,0.52,,1.0,1.0,0.0,,0.03,325.67,1.0
12511-M4541535,APARTAMENTO,VENTA,21.22,196.28,3.0,3.0,1100000.0,2.0,CHICO,6,MAS DE 20 ANOS,4.68,-74.05,USADO,,0,1,0,0,1,0,0,0,0,1,False,CHAPINERO,S.C. CHICO NORTE,Virrey,1247.0,0,PARQUE ZONAL CANAL EL VIRREY EL CHICO,822.58,0,0.11,,0.67,1.0,0.0,,0.02,121.73,2.0
16425-M4622949,APARTAMENTO,VENTA,19.72,72.0,3.0,2.0,400000.0,1.0,ORQUIDEAS,3,ENTRE 0 Y 5 ANOS,4.74,-74.04,USADO,,0,0,0,0,0,0,0,0,0,0,False,USAQUEN,LAS ORQUIDEAS,Calle 161,823.51,0,PARQUE VECINAL URBANIZACIÓN TOBERIN,331.4,1,0.27,,0.33,1.5,0.0,,0.04,931.9,0.0
16425-M4624859,APARTAMENTO,VENTA,20.56,158.33,4.0,4.0,894000.0,2.0,,5,MAS DE 20 ANOS,4.7,-74.03,USADO,,0,0,0,0,0,0,0,0,0,1,False,USAQUEN,BELLA SUIZA,Calle 127,2630.0,0,PARQUE METROPOLITANO EL COUNTRY,891.7,0,0.13,,0.5,1.0,0.0,,0.03,781.24,0.0
34-M4668927,APARTAMENTO,VENTA,19.25,57.0,3.0,1.0,160000.0,0.0,TIMIZA LA ALQUERIA,3,MAS DE 20 ANOS,4.62,-74.14,USADO,,0,0,0,0,0,0,0,0,0,1,False,KENNEDY,CARVAJAL,Mandalay,1638.87,0,PARQUE VECINAL CARVAJAL,476.63,1,0.34,,0.0,3.0,0.0,,0.05,421.67,1.0
14236-M4655607,APARTAMENTO,VENTA,19.23,66.0,3.0,2.0,3921395.93,0.0,ENGATIVA,3,ENTRE 5 Y 10 ANOS,4.72,-74.13,USADO,,0,0,0,0,0,0,0,0,0,1,False,ENGATIVA,EL DORADO INDUSTRIAL - SANTA ISABEL (HACIENDA),Portal 80,2448.64,0,PARQUE METROPOLITANO PLANTA DE TRATAMIENTO SALITRE,697.9,0,0.29,,0.0,1.5,0.0,,0.05,2235.46,0.0
989-M3330869,APARTAMENTO,VENTA,20.44,125.0,3.0,3.0,650000.0,3.0,SANTA BARBARA,4,REMODELADO,4.7,-74.03,USADO,,0,1,0,0,1,0,0,0,0,0,False,USAQUEN,SAN,Calle 127,3141.67,0,PARQUE METROPOLITANO EL COUNTRY,1399.27,0,0.16,,1.0,1.0,0.0,,0.02,941.99,0.0
183-M4460359,APARTAMENTO,VENTA,19.78,102.8,3.0,2.0,3921395.93,0.0,,3,REMODELADO,4.6,-74.1,USADO,,0,1,0,0,0,0,0,0,0,0,False,LOS MARTIRES,SANTA ISABEL VERAGUAS,Guatoque - Veraguas,365.78,1,PARQUE ZONAL EDUARDO SANTOS,609.23,0,0.19,,0.0,1.5,0.0,,0.03,1971.68,0.0
633-1725,APARTAMENTO,VENTA,21.06,264.0,5.0,5.0,800000.0,2.0,NICOLAS DE FEDERMAN,5,MAS DE 20 ANOS,4.65,-74.08,USADO,,0,1,0,0,1,0,0,0,0,0,False,TEUSAQUILLO,NICOLAS DE FEDERMAN,Movistar Arena,683.26,0,PARQUE ZONAL NICOLAS DE FEDERMAN 3,178.74,1,0.08,,0.4,1.0,0.0,,0.02,708.61,0.0
73-M3603070,APARTAMENTO,VENTA,20.44,105.0,3.0,3.0,656300.0,1.0,CHICO,5,MAS DE 20 ANOS,4.65,-74.05,USADO,,0,0,0,0,0,0,0,0,0,1,False,CHAPINERO,S.C. EMAUS,Flores – Areandina,1004.88,0,PARQUE ZONAL GUSTAVO URIBE BOTERO,428.96,1,0.19,,0.33,1.0,0.0,,0.03,290.99,4.0
3229-M4616123,APARTAMENTO,VENTA,19.9,91.5,2.0,2.0,570000.0,1.0,SANTA BARBARA,6,MAS DE 20 ANOS,4.69,-74.04,USADO,,0,0,0,0,0,0,0,0,0,0,False,USAQUEN,SANTA BARBARA CENTRAL II SECTOR,Pepe Sierra,1936.92,0,PARQUE METROPOLITANO EL COUNTRY,1219.37,0,0.22,,0.5,1.0,0.0,,0.02,360.36,1.0
342-M4703712,APARTAMENTO,VENTA,19.3,40.87,2.0,1.0,80000.0,1.0,ENGATIVA,3,ENTRE 0 Y 5 ANOS,4.68,-74.1,USADO,,0,0,0,0,0,0,0,0,0,1,False,ENGATIVA,SAN JOAQUIN,Normandía,1860.72,0,PARQUE VECINAL URBANIZACIÓN CIUDAD HONDA,580.7,0,0.47,,0.5,2.0,0.0,,0.05,1077.87,0.0
4566-M4147719,APARTAMENTO,VENTA,21.39,298.0,4.0,3.0,1580000.0,3.0,,6,MAS DE 20 ANOS,4.65,-74.05,USADO,,0,0,0,0,0,0,0,0,0,1,False,CHAPINERO,S.C. BELLAVISTA,Calle 72,1337.92,0,PARQUE ZONAL GUSTAVO URIBE BOTERO,327.72,1,0.07,,0.75,1.33,0.0,,0.01,554.09,0.0
3552-M4705175,APARTAMENTO,VENTA,20.41,84.0,3.0,3.0,3921395.93,2.0,SALITRE MODELIA,4,ENTRE 10 Y 20 ANOS,4.64,-74.1,USADO,,0,1,0,0,1,0,0,0,0,1,False,TEUSAQUILLO,CIUDAD SALITRE SURORIENTAL,CAN,704.04,0,PARQUE VECINAL URBANIZACIÓN SALITRE (GRECO),1145.12,0,0.24,,0.67,1.0,0.0,,0.04,574.88,0.0
73-2864691,APARTAMENTO,VENTA,19.58,66.0,3.0,2.0,290000.0,1.0,CEDRITOS,4,MAS DE 20 ANOS,4.72,-74.04,USADO,,0,0,0,0,0,0,0,0,0,1,False,USAQUEN,ACACIAS USAQUEN,Calle 142,1422.08,0,PARQUE VECINAL NUEVA URBANIZACIÓN EL CEDRITO,499.04,1,0.3,,0.33,1.5,0.0,,0.05,489.6,1.0
14-M3510983,APARTAMENTO,VENTA,20.21,122.0,3.0,3.0,900000.0,2.0,SANTA BARBARA,5,MAS DE 20 ANOS,4.69,-74.05,USADO,,0,0,0,0,1,0,0,0,0,0,False,USAQUEN,RINCON DEL CHICO,Calle 106,1319.63,0,PARQUE ZONAL CANAL EL VIRREY EL CHICO,1839.98,0,0.17,,0.67,1.0,0.0,,0.02,528.2,0.0
973-M2910740,APARTAMENTO,VENTA,21.31,175.0,3.0,3.0,1000000.0,2.0,CHICO,6,ENTRE 10 Y 20 ANOS,4.66,-74.05,USADO,,0,1,0,0,1,0,0,0,0,0,False,CHAPINERO,BELLAVISTA - URB. EL CASTILLO,Calle 72,1003.21,0,PARQUE ZONAL GUSTAVO URIBE BOTERO,530.0,0,0.12,,0.67,1.0,0.0,,0.02,287.66,4.0
34-62875,APARTAMENTO,VENTA,20.03,106.64,3.0,3.0,673000.0,1.0,COUNTRY,4,REMODELADO,4.72,-74.04,USADO,,0,0,0,0,0,0,0,0,0,0,False,USAQUEN,CEDRITOS,Alcalá,1737.16,0,PARQUE VECINAL NUEVA URBANIZACIÓN EL CEDRITO,631.92,0,0.19,,0.33,1.0,0.0,,0.03,220.76,1.0
2195-M4548269,APARTAMENTO,VENTA,20.18,126.5,3.0,2.0,836000.0,2.0,SANTA BARBARA,5,MAS DE 20 ANOS,4.69,-74.02,USADO,,0,1,0,0,0,0,0,0,0,1,False,USAQUEN,S.C. PARAMO_,Calle 106,3735.14,0,PARQUE METROPOLITANO EL COUNTRY,2432.91,0,0.16,,0.67,1.5,0.0,,0.02,1103.89,0.0
4566-M4545321,APARTAMENTO,VENTA,21.31,176.0,2.0,3.0,1200000.0,2.0,CHICO,6,ENTRE 5 Y 10 ANOS,4.65,-74.05,USADO,,0,1,0,0,0,0,0,0,0,1,False,CHAPINERO,S.C. BELLAVISTA,Flores – Areandina,1235.34,0,PARQUE ZONAL GUSTAVO URIBE BOTERO,258.24,1,0.12,,1.0,0.67,0.0,,0.01,435.79,1.0
164-M4298675,APARTAMENTO,VENTA,19.06,52.08,3.0,1.0,3921395.93,0.0,CORTIJO AUTOPISTA MEDELLIN,3,MAS DE 20 ANOS,4.61,-74.11,USADO,,0,0,0,0,0,0,0,0,0,1,False,PUENTE ARANDA,BOCHICA PUENTE ARANDA,Santa Isabel,672.11,0,PARQUE ZONAL VERAGUAS,500.47,0,0.37,,0.0,3.0,0.0,,0.06,2418.49,0.0
16274-M4710034,APARTAMENTO,VENTA,19.5,75.0,3.0,2.0,180000.0,1.0,FONTIBON TINTAL,3,MAS DE 20 ANOS,4.68,-74.14,USADO,,0,0,0,0,0,0,0,0,0,1,False,FONTIBON,EL RUBI,Portal El Dorado,1735.8,0,PARQUE VECINAL VILLA HELENA VILLEMAR,616.08,0,0.26,,0.33,1.5,0.0,,0.04,1485.57,0.0
681-M4420576,APARTAMENTO,VENTA,19.49,60.0,3.0,2.0,203000.0,1.0,PUENTE ARANDA,3,REMODELADO,4.62,-74.12,USADO,,0,0,0,0,0,0,0,0,0,1,True,PUENTE ARANDA,PUENTE ARANDA,Pradera,1504.7,0,PARQUE METROPOLITANO PISTA DE BMX PRD,609.69,0,0.32,,0.33,1.5,0.0,,0.05,1639.83,0.0
4903-M4734770,APARTAMENTO,VENTA,19.04,39.06,2.0,1.0,3921395.93,0.0,FONTIBON TINTAL,4,ENTRE 0 Y 5 ANOS,4.66,-74.13,USADO,,0,0,0,0,1,0,0,0,0,1,False,FONTIBON,EL TINTAL A.S.D.,Modelia,1960.84,0,PARQUE VECINAL VILLA HELENA VILLEMAR,1314.89,0,0.49,,0.0,2.0,0.0,,0.05,56.15,2.0
5545-M3451976,APARTAMENTO,VENTA,20.47,74.31,2.0,3.0,560000.0,2.0,SANTA BARBARA,6,ENTRE 0 Y 5 ANOS,4.7,-74.05,USADO,,0,0,0,1,1,0,0,0,0,1,False,USAQUEN,SANTA BARBARA OCCIDENTAL,Calle 127,924.16,0,PARQUE METROPOLITANO EL COUNTRY,837.19,0,0.28,,1.0,0.67,0.0,,0.03,458.14,1.0
342-M4695171,APARTAMENTO,VENTA,20.29,135.25,5.0,4.0,530000.0,2.0,CEDRITOS,4,MAS DE 20 ANOS,4.72,-74.04,USADO,,0,1,0,0,0,0,0,0,0,1,False,USAQUEN,CEDRITOS,Alcalá,1269.41,0,PARQUE VECINAL NUEVA URBANIZACIÓN EL CEDRITO,762.38,0,0.15,,0.4,1.25,0.0,,0.04,315.16,1.0
734-M3807298,APARTAMENTO,VENTA,19.72,117.0,3.0,2.0,60000.0,0.0,CHAPINERO,4,MAS DE 20 ANOS,4.65,-74.07,USADO,,0,0,0,0,0,0,0,0,0,1,False,TEUSAQUILLO,SAN LUIS,Campín - UAN,515.4,0,PARQUE ESCENARIO DEPORTIVO EL CAMPINCITO - CEAD,451.74,1,0.17,,0.0,1.5,0.0,,0.03,300.23,1.0
304-M3838944,APARTAMENTO,VENTA,20.26,55.0,2.0,2.0,650000.0,1.0,CHICO,6,ENTRE 0 Y 5 ANOS,4.68,-74.06,USADO,,0,0,0,0,1,0,0,0,0,1,False,CHAPINERO,S.C. CHICO NORTE III SECTOR,Calle 100 - Marketmedios,206.62,1,PARQUE VECINAL URBANIZACIÓN NORMANDIA I II II Y IV SECTOR,723.2,0,0.37,,0.5,1.0,0.0,,0.04,342.66,1.0
9947-M4105792,APARTAMENTO,VENTA,21.37,212.0,2.0,3.0,1370000.0,2.0,CHICO,6,ENTRE 5 Y 10 ANOS,4.66,-74.05,USADO,,0,0,0,1,0,0,0,0,0,0,False,CHAPINERO,LOS ROSALES,Calle 76 - San Felipe,1590.18,0,PARQUE ZONAL SAN ANDRÉS,677.72,0,0.1,,1.0,0.67,0.0,,0.01,842.73,0.0
9947-M4467441,APARTAMENTO,VENTA,19.32,54.0,2.0,2.0,290000.0,1.0,CEDRITOS,4,ENTRE 5 Y 10 ANOS,4.73,-74.03,USADO,,0,0,0,0,0,0,0,0,0,0,False,USAQUEN,CEDRO SALAZAR,Calle 146,2296.74,0,PARQUE ZONAL ALTA BLANCA,648.94,0,0.36,,0.5,1.0,0.0,,0.04,407.84,1.0
34-M4558045,APARTAMENTO,VENTA,19.88,76.0,3.0,2.0,287000.0,1.0,SALITRE MODELIA,4,MAS DE 20 ANOS,4.66,-74.11,USADO,,0,0,0,0,1,0,0,0,0,1,False,FONTIBON,CIUDAD SALITRE,El Tiempo - Maloka,474.37,1,PARQUE ZONAL SAUZALITO,413.23,1,0.26,,0.33,1.5,0.0,,0.04,251.27,4.0
10366-M2846791,APARTAMENTO,VENTA,21.19,300.0,4.0,4.0,3921395.93,4.0,CEDRITOS,4,MAS DE 20 ANOS,4.72,-74.02,USADO,,0,1,0,0,0,0,0,0,0,0,False,USAQUEN,BOSQUE DE PINOS III,Calle 142,3113.6,0,PARQUE VECINAL NUEVA URBANIZACIÓN EL CEDRITO,1204.4,0,0.07,,1.0,1.0,0.0,,0.01,1117.37,0.0
342-M4703724,APARTAMENTO,VENTA,19.21,40.87,2.0,1.0,80000.0,0.0,ENGATIVA,3,ENTRE 0 Y 5 ANOS,4.68,-74.1,USADO,,0,0,0,0,0,0,0,0,0,1,False,ENGATIVA,SAN JOAQUIN,Normandía,1860.72,0,PARQUE VECINAL URBANIZACIÓN CIUDAD HONDA,580.7,0,0.47,,0.0,2.0,0.0,,0.05,1077.87,0.0
478-M3730366,APARTAMENTO,VENTA,20.21,128.0,3.0,3.0,3921395.93,2.0,NIZA ALHAMBRA,5,MAS DE 20 ANOS,4.7,-74.06,USADO,,0,1,0,0,0,0,0,0,0,1,False,SUBA,EL BATAN,Calle 127,287.37,1,PARQUE ZONAL ATABANZA,786.41,0,0.16,,0.67,1.0,0.0,,0.02,433.48,3.0
164-M4603443,APARTAMENTO,VENTA,19.49,72.6,3.0,2.0,169000.0,1.0,PUENTE ARANDA,3,ENTRE 10 Y 20 ANOS,4.62,-74.11,USADO,,0,0,0,0,0,0,0,0,0,0,False,PUENTE ARANDA,PRIMAVERA OCCIDENTAL,Carrera 43 - Comapan,861.8,0,PARQUE VECINAL URBANIZACIÓN PRIMAVERA NORTE,299.37,1,0.27,,0.33,1.5,0.0,,0.04,1892.46,0.0
10366-6533,APARTAMENTO,VENTA,19.92,86.0,3.0,2.0,3921395.93,1.0,SANTA BARBARA,6,MAS DE 20 ANOS,4.69,-74.04,USADO,,0,0,0,0,1,0,0,0,0,1,False,USAQUEN,SANTA BARBARA CENTRAL III SECTOR,Pepe Sierra,2067.6,0,PARQUE METROPOLITANO EL COUNTRY,1221.9,0,0.23,,0.33,1.5,0.0,,0.03,344.95,1.0
183-M3838212,APARTAMENTO,VENTA,20.44,152.0,3.0,3.0,884000.0,2.0,SANTA BARBARA,6,MAS DE 20 ANOS,4.7,-74.04,USADO,,0,0,0,0,0,0,0,0,0,1,False,USAQUEN,SANTA BARBARA CENTRAL I SECTOR,Pepe Sierra,1632.59,0,PARQUE METROPOLITANO EL COUNTRY,767.34,0,0.13,,0.67,1.0,0.0,,0.02,581.79,0.0
3390-M4489273,APARTAMENTO,VENTA,21.47,340.0,4.0,5.0,1550000.0,4.0,,4,ENTRE 10 Y 20 ANOS,4.64,-74.05,USADO,,0,0,0,0,1,0,0,0,0,1,False,CHAPINERO,MANUELA BELTRAN,Calle 57,1297.59,0,PARQUE ZONAL GUSTAVO URIBE BOTERO,967.39,0,0.06,,1.0,0.8,0.0,,0.01,1132.2,0.0
3229-M4106918,APARTAMENTO,VENTA,20.47,131.0,3.0,2.0,3921395.93,2.0,NIZA ALHAMBRA,6,ENTRE 5 Y 10 ANOS,4.7,-74.07,USADO,,0,1,0,1,0,0,0,0,0,0,False,SUBA,PUENTE LARGO III SECTOR,Puentelargo,405.04,1,PARQUE ZONAL CANAL CORDOBA,579.01,0,0.16,,0.67,1.5,0.0,,0.02,799.15,0.0
4566-M4062193,APARTAMENTO,VENTA,21.51,299.0,4.0,3.0,2064000.0,3.0,CHICO,6,MAS DE 20 ANOS,4.68,-74.04,USADO,,0,0,0,1,0,0,0,0,0,1,True,CHAPINERO,S.C. CHICO NORTE,Virrey,1805.17,0,PARQUE VECINAL URBANIZACIÓN LA CABRERA,1031.66,0,0.07,,0.75,1.33,0.0,,0.01,631.46,0.0
34-M4380747,APARTAMENTO,VENTA,21.62,318.65,5.0,3.0,3831000.0,3.0,CHICO,6,MAS DE 20 ANOS,4.67,-74.04,USADO,,0,0,0,0,1,0,0,0,0,1,False,CHAPINERO,EL REFUGIO,Héroes - Gel´Hada,1819.31,0,PARQUE VECINAL URBANIZACIÓN LA CABRERA,805.87,0,0.07,,0.6,1.67,0.0,,0.02,786.15,0.0
771-M4371183,APARTAMENTO,VENTA,21.49,193.0,3.0,5.0,1324000.0,4.0,CHICO,6,ENTRE 5 Y 10 ANOS,4.66,-74.05,USADO,,0,0,0,0,0,0,0,0,0,1,False,CHAPINERO,S.C. BELLAVISTA,Calle 72,1035.42,0,PARQUE ZONAL GUSTAVO URIBE BOTERO,607.62,0,0.11,,1.33,0.6,0.0,,0.02,287.69,3.0
34-M4601539,APARTAMENTO,VENTA,19.74,49.1,1.0,1.0,336000.0,1.0,CHAPINERO ALTO,4,ENTRE 5 Y 10 ANOS,4.64,-74.06,USADO,,0,1,0,0,0,0,0,0,0,1,False,CHAPINERO,S.C. PARDO RUBIO,Marly,637.69,0,PARQUE METROPOLITANO PARQUE NACIONAL (PM2A) ENRIQUE OLAYA HERRERA (SECTOR HISTORICO),1543.26,0,0.4,,1.0,1.0,0.0,,0.02,797.74,0.0
93-M4406448,APARTAMENTO,VENTA,21.82,269.0,3.0,4.0,1925000.0,4.0,CHICO,6,ENTRE 0 Y 5 ANOS,4.65,-74.05,USADO,,0,0,0,0,0,0,0,0,0,1,False,CHAPINERO,S.C. BELLAVISTA,Flores – Areandina,1349.05,0,PARQUE ZONAL GUSTAVO URIBE BOTERO,297.21,1,0.08,,1.33,0.75,0.0,,0.01,552.71,0.0
120-M4451955,APARTAMENTO,VENTA,19.49,41.0,1.0,1.0,160000.0,2.0,COLINA Y ALREDEDORES,4,ENTRE 0 Y 5 ANOS,4.72,-74.07,USADO,,0,0,0,0,1,0,0,0,0,1,False,SUBA,LAS VILLAS SECTOR II,Suba - AV. Boyacá,400.35,1,PARQUE ZONAL LOS LACHES LA MINA,890.89,0,0.48,,2.0,1.0,0.0,,0.02,792.53,0.0
617-M4653513,APARTAMENTO,VENTA,20.72,109.0,3.0,4.0,3921395.93,2.0,SANTA BARBARA,6,MAS DE 20 ANOS,4.7,-74.04,USADO,,0,0,0,0,1,0,0,0,0,1,False,USAQUEN,SANTA BARBARA CENTRAL I SECTOR,Calle 127,1374.97,0,PARQUE METROPOLITANO EL COUNTRY,706.98,0,0.19,,0.67,0.75,0.0,,0.03,365.31,1.0
10366-M4699845,APARTAMENTO,VENTA,19.7,80.0,3.0,2.0,300000.0,1.0,ENGATIVA,4,ENTRE 10 Y 20 ANOS,4.72,-74.14,USADO,,0,0,0,0,0,0,0,0,0,1,False,ENGATIVA,S.C. EL GACO,Portal 80,3189.41,0,PARQUE METROPOLITANO PLANTA DE TRATAMIENTO SALITRE,1225.91,0,0.25,,0.33,1.5,0.0,,0.04,2760.5,0.0
989-M4698989,APARTAMENTO,VENTA,20.08,83.13,2.0,2.0,525000000.0,1.0,CHAPINERO ALTO,4,MAS DE 20 ANOS,4.65,-74.06,USADO,,0,0,0,0,0,0,0,0,0,1,False,CHAPINERO,S.C. GRANADA,Calle 63,705.85,0,PARQUE ZONAL GUSTAVO URIBE BOTERO,721.16,0,0.24,,0.5,1.0,0.0,,0.02,424.35,1.0
34-M4542026,APARTAMENTO,VENTA,19.3,57.0,3.0,2.0,147000.0,0.0,CORTIJO AUTOPISTA MEDELLIN,3,ENTRE 10 Y 20 ANOS,4.72,-74.12,USADO,,0,0,0,0,0,0,0,0,0,1,False,ENGATIVA,EL_CORTIJO,Portal 80,1909.55,0,PARQUE METROPOLITANO PLANTA DE TRATAMIENTO SALITRE,665.06,0,0.34,,0.0,1.5,0.0,,0.05,1712.56,0.0
617-M4698685,APARTAMENTO,VENTA,19.45,44.46,1.0,1.0,3921395.93,1.0,SANTA BARBARA,6,MAS DE 20 ANOS,4.7,-74.04,USADO,,0,0,0,0,1,0,0,0,0,0,False,USAQUEN,SANTA BARBARA CENTRAL II SECTOR,Pepe Sierra,2084.54,0,PARQUE METROPOLITANO EL COUNTRY,925.12,0,0.44,,1.0,1.0,0.0,,0.02,486.7,1.0
34-M4640793,APARTAMENTO,VENTA,19.45,48.22,2.0,1.0,351980.0,1.0,COLINA Y ALREDEDORES,5,MAS DE 20 ANOS,4.73,-74.07,USADO,,0,0,0,0,0,0,0,0,0,1,False,SUBA,URB. ATENAS,Gratamira,1068.49,0,PARQUE VECINAL PRADO PINZÓN,1289.85,0,0.4,,0.5,2.0,0.0,,0.04,117.36,2.0
2882-M4474267,APARTAMENTO,VENTA,20.25,137.0,3.0,4.0,1039000.0,2.0,SANTA BARBARA,6,MAS DE 20 ANOS,4.69,-74.04,USADO,,0,1,0,0,1,0,0,0,0,1,False,USAQUEN,SANTA BARBARA CENTRAL III SECTOR,Pepe Sierra,2218.9,0,PARQUE METROPOLITANO EL COUNTRY,1213.27,0,0.15,,0.67,0.75,0.0,,0.02,424.28,4.0
34-M4699801,APARTAMENTO,VENTA,20.47,189.0,3.0,3.0,930000.0,1.0,CHICO,6,MAS DE 20 ANOS,4.68,-74.05,USADO,,0,0,0,0,0,0,0,0,0,1,False,CHAPINERO,CHICO RESERVADO II SECTOR,Calle 100 - Marketmedios,1409.61,0,PARQUE ZONAL CANAL EL VIRREY EL CHICO,1109.44,0,0.11,,0.33,1.0,0.0,,0.02,300.32,2.0
164-M3487371,APARTAMENTO,VENTA,20.29,179.6,3.0,2.0,90000.0,1.0,LA SOLEDAD,4,MAS DE 20 ANOS,4.63,-74.08,USADO,,0,0,0,0,0,0,0,0,0,0,False,TEUSAQUILLO,LAS AMERICAS,Concejo de Bogotá,285.85,1,PARQUE METROPOLITANO EL RENACIMIENTO - PARQUE CEMENTERIO CENTRAL,893.4,0,0.11,,0.33,1.5,0.0,,0.02,465.16,1.0
661-M4064098,APARTAMENTO,VENTA,19.9,50.0,1.0,1.0,460000.0,1.0,NIZA ALHAMBRA,5,ENTRE 0 Y 5 ANOS,4.69,-74.06,USADO,1850000.0,0,0,0,0,0,0,0,0,0,1,False,SUBA,EL ESTORIL,Calle 106,151.5,1,PARQUE ZONAL CANAL CORDOBA,1242.2,0,0.4,37000.0,1.0,1.0,0.0,4.02,0.02,766.01,0.0
4337-M4551523,APARTAMENTO,VENTA,20.01,111.0,4.0,3.0,308000.0,0.0,ALTOS DE SUBA Y CERROS DE SAN JORGE,3,ENTRE 10 Y 20 ANOS,4.71,-74.09,USADO,,0,0,0,0,0,0,0,0,0,1,False,SUBA,BOSQUES DE SAN JORGE,Suba - AV. Boyacá,1643.48,0,PARQUE METROPOLITANO CEFE COMETAS,539.18,0,0.18,,0.0,1.33,0.0,,0.04,1776.68,0.0
661-M4585494,APARTAMENTO,VENTA,19.97,96.0,4.0,2.0,3921395.93,1.0,CHAPINERO ALTO,4,MAS DE 20 ANOS,4.64,-74.06,USADO,,0,0,0,0,0,0,0,0,0,1,False,CHAPINERO,S.C. MARLY,Marly,322.16,1,PARQUE METROPOLITANO PARQUE NACIONAL (PM2A) ENRIQUE OLAYA HERRERA (SECTOR HISTORICO),1413.48,0,0.21,,0.25,2.0,0.0,,0.04,570.82,0.0
34-M4171143,APARTAMENTO,VENTA,19.77,76.0,3.0,2.0,392000.0,1.0,NIZA ALHAMBRA,5,MAS DE 20 ANOS,4.71,-74.06,USADO,,0,0,0,0,1,0,0,0,0,1,False,SUBA,EL BATAN,Calle 127,846.22,0,PARQUE ZONAL ATABANZA,425.63,1,0.26,,0.33,1.5,0.0,,0.04,988.77,0.0
34-M4710607,APARTAMENTO,VENTA,19.73,72.0,3.0,2.0,300000.0,1.0,KENNEDY,4,ENTRE 0 Y 5 ANOS,4.63,-74.12,USADO,,0,0,0,0,1,0,0,0,0,1,False,KENNEDY,LUSITANIA,Pradera,567.49,0,PARQUE ZONAL MARSELLA,719.17,0,0.27,,0.33,1.5,0.0,,0.04,635.71,0.0
12503-M4301624,APARTAMENTO,VENTA,19.41,60.0,2.0,1.0,370000.0,1.0,COUNTRY,4,MAS DE 20 ANOS,4.72,-74.04,USADO,,0,0,0,0,0,1,0,0,0,1,False,USAQUEN,CEDRITOS,Alcalá,1801.0,0,PARQUE VECINAL NUEVA URBANIZACIÓN EL CEDRITO,732.66,0,0.32,,0.5,2.0,0.0,,0.03,338.46,1.0
34-M3979397,APARTAMENTO,VENTA,20.38,87.06,3.0,2.0,250000.0,2.0,COLINA Y ALREDEDORES,5,ENTRE 0 Y 5 ANOS,4.76,-74.06,USADO,,0,1,0,0,0,0,0,0,0,0,False,SUBA,SAN JOSE DE BAVARIA,Portal Norte,2123.61,0,PARQUE ZONAL SAN JOSÉ DE BAVARIA,527.72,0,0.23,,0.67,1.5,0.0,,0.03,2146.79,0.0
34-M4306565,APARTAMENTO,VENTA,19.43,55.0,3.0,1.0,201100.0,1.0,ENGATIVA,3,ENTRE 5 Y 10 ANOS,4.68,-74.1,USADO,,0,0,0,0,1,0,0,0,0,1,False,ENGATIVA,SAN JOAQUIN NORTE,Ferias,1951.23,0,PARQUE VECINAL URBANIZACIÓN LA EUROPA,342.87,1,0.35,,0.33,3.0,0.0,,0.05,1147.82,0.0
703-M4135536,APARTAMENTO,VENTA,20.86,200.0,3.0,3.0,750000.0,2.0,SANTA BARBARA,5,MAS DE 20 ANOS,4.7,-74.05,USADO,,0,0,0,0,0,0,0,0,0,1,False,USAQUEN,SAN PATRICIO,Pepe Sierra,476.48,1,PARQUE ZONAL ATABANZA,1472.84,0,0.1,,0.67,1.0,0.0,,0.02,246.06,2.0
771-M4694373,APARTAMENTO,VENTA,21.75,400.0,4.0,5.0,3000000.0,4.0,CERROS DE SUBA,6,MAS DE 20 ANOS,4.72,-74.08,USADO,,0,0,0,0,0,0,0,0,0,1,False,SUBA,NIZA SUBA - BOSQUES DE ALAVA,Suba - AV. Boyacá,261.73,1,PARQUE VECINAL AGRUPACIÓN DE VIVIENDA EN BALCON DE LINDARAJA,858.03,0,0.05,,1.0,0.8,0.0,,0.01,1265.23,0.0
2630-M4640525,APARTAMENTO,VENTA,19.83,58.0,1.0,1.0,385000.0,1.0,CENTRO INTERNACIONAL,4,ENTRE 10 Y 20 ANOS,4.62,-74.07,USADO,,0,0,0,1,1,0,0,0,0,1,False,SANTA FE,SAMPER,Calle 26,237.22,1,PARQUE METROPOLITANO EL RENACIMIENTO - PARQUE CEMENTERIO CENTRAL,626.41,0,0.34,,1.0,1.0,0.0,,0.02,330.1,4.0
14914-M3971402,APARTAMENTO,VENTA,21.31,204.0,4.0,4.0,1250000.0,3.0,CHICO,6,MAS DE 20 ANOS,4.67,-74.05,USADO,,0,0,0,0,0,0,0,0,0,1,False,CHAPINERO,S.C. EL CHICO,Calle 85,1533.43,0,PARQUE VECINAL URBANIZACIÓN LA CABRERA,480.97,1,0.1,,0.75,1.0,0.0,,0.02,424.95,1.0
3229-M4062205,APARTAMENTO,VENTA,19.92,82.0,2.0,2.0,450000.0,1.0,SANTA BARBARA,6,MAS DE 20 ANOS,4.69,-74.04,USADO,,0,0,0,0,1,0,0,0,0,1,False,USAQUEN,SANTA BARBARA CENTRAL III SECTOR,Pepe Sierra,2148.68,0,PARQUE METROPOLITANO EL COUNTRY,1164.49,0,0.24,,0.5,1.0,0.0,,0.02,434.55,1.0
14236-M4702933,APARTAMENTO,VENTA,19.71,98.0,3.0,2.0,150000.0,0.0,CHAPINERO,4,MAS DE 20 ANOS,4.65,-74.08,USADO,,0,0,0,0,0,0,0,0,0,0,False,TEUSAQUILLO,GALERIAS,Campín - UAN,346.92,1,PARQUE ESCENARIO DEPORTIVO EL CAMPINCITO - CEAD,294.38,1,0.2,,0.0,1.5,0.0,,0.03,298.45,1.0
11813-M4703434,APARTAMENTO,VENTA,20.49,162.0,4.0,3.0,891000.0,2.0,,6,ENTRE 0 Y 5 ANOS,4.7,-74.05,USADO,,0,0,1,0,0,0,0,0,0,0,False,USAQUEN,SAN PATRICIO,Pepe Sierra,428.78,1,PARQUE ZONAL CANAL CORDOBA,1570.33,0,0.13,,0.5,1.33,0.0,,0.02,221.13,1.0
4566-M4597254,APARTAMENTO,VENTA,21.37,206.84,3.0,4.0,1645000.0,2.0,CHICO,6,MAS DE 20 ANOS,4.66,-74.05,USADO,,0,1,0,0,0,0,0,0,0,0,False,CHAPINERO,S.C. BELLAVISTA,Calle 72,1534.98,0,PARQUE ZONAL GUSTAVO URIBE BOTERO,687.96,0,0.1,,0.67,0.75,0.0,,0.01,783.3,0.0
661-M4327065,APARTAMENTO,VENTA,19.73,44.52,1.0,2.0,393000.0,1.0,NIZA ALHAMBRA,5,ENTRE 5 Y 10 ANOS,4.69,-74.07,USADO,,0,0,0,0,0,0,0,0,0,0,False,SUBA,PUENTE LARGO SECTOR I Y II,Puentelargo,148.58,1,PARQUE ZONAL MORATO,939.31,0,0.44,,1.0,0.5,0.0,,0.02,523.44,0.0
771-M4371149,APARTAMENTO,VENTA,21.31,220.0,3.0,5.0,1250000.0,2.0,CEDRITOS,6,MAS DE 20 ANOS,4.7,-74.03,USADO,,0,0,0,0,0,0,0,0,0,1,False,USAQUEN,CERROS DE LOS ALPES,Pepe Sierra,3027.75,0,PARQUE METROPOLITANO EL COUNTRY,1423.34,0,0.1,,0.67,0.6,0.0,,0.01,426.49,2.0
4566-M4549421,APARTAMENTO,VENTA,20.07,113.0,2.0,2.0,545000.0,2.0,SANTA BARBARA,3,MAS DE 20 ANOS,4.69,-74.04,USADO,,0,0,0,0,0,0,0,0,0,0,False,USAQUEN,MOLINOS NORTE,Calle 106,1610.8,0,PARQUE METROPOLITANO EL COUNTRY,1745.62,0,0.18,,1.0,1.0,0.0,,0.02,549.58,0.0
11813-M4735464,APARTAMENTO,VENTA,21.51,256.0,5.0,5.0,1500000.0,4.0,,5,ENTRE 10 Y 20 ANOS,4.71,-74.05,USADO,,0,0,1,1,0,0,0,0,0,0,False,USAQUEN,,Prado,446.12,1,PARQUE ZONAL ATABANZA,1078.87,0,0.08,,0.8,1.0,0.0,,0.02,726.96,0.0
9947-M4555750,APARTAMENTO,VENTA,21.28,291.0,3.0,2.0,3921395.93,3.0,CHICO,6,MAS DE 20 ANOS,4.67,-74.04,USADO,,0,1,0,0,0,0,0,0,0,0,False,CHAPINERO,EL REFUGIO,Héroes - Gel´Hada,1730.9,0,PARQUE VECINAL URBANIZACIÓN LA CABRERA,759.23,0,0.07,,1.0,1.5,0.0,,0.01,751.35,0.0
2363-M3745815,APARTAMENTO,VENTA,20.32,123.77,3.0,2.0,3921395.93,1.0,CHICO,5,MAS DE 20 ANOS,4.67,-74.06,USADO,,0,0,0,0,0,0,0,0,0,1,False,CHAPINERO,S.C. ANTIGUO COUNTRY,Calle 85,153.17,1,PARQUE METROPOLITANO RECONCILIACIÓN,121.66,1,0.16,,0.33,1.5,0.0,,0.02,557.3,0.0
11813-M4676065,APARTAMENTO,VENTA,20.01,107.0,3.0,3.0,423000.0,2.0,,5,ENTRE 0 Y 5 ANOS,4.72,-74.03,USADO,,0,0,1,0,0,0,0,0,0,0,False,USAQUEN,LISBOA_,Alcalá,2053.68,0,PARQUE VECINAL NUEVA URBANIZACIÓN EL CEDRITO,856.31,0,0.19,,0.67,1.0,0.0,,0.03,342.53,1.0
9947-M4512362,APARTAMENTO,VENTA,20.52,116.0,3.0,3.0,3921395.93,2.0,NIZA ALHAMBRA,5,MAS DE 20 ANOS,4.71,-74.07,USADO,,0,0,0,0,0,0,0,0,0,0,True,SUBA,NIZA SUR,Niza - Calle 127,157.4,1,PARQUE ZONAL LOS LACHES LA MINA,78.74,1,0.18,,0.67,1.0,0.0,,0.03,78.64,10.0
11813-M4676320,APARTAMENTO,VENTA,19.99,67.0,3.0,2.0,243000.0,1.0,,4,MAS DE 20 ANOS,4.63,-74.09,USADO,,0,0,1,0,0,0,0,0,0,0,False,TEUSAQUILLO,QUINTA PAREDES,Recinto Ferial,290.39,1,PARQUE VECINAL SANTA CLARA,602.41,0,0.3,,0.33,1.5,0.0,,0.04,809.95,0.0
11813-M4703146,APARTAMENTO,VENTA,20.08,107.0,2.0,2.0,480000.0,1.0,,5,ENTRE 10 Y 20 ANOS,4.71,-74.03,USADO,,0,0,1,0,0,0,0,0,0,0,False,USAQUEN,BELLA SUIZA,Prado,2358.19,0,PARQUE METROPOLITANO EL COUNTRY,730.96,0,0.19,,0.5,1.0,0.0,,0.02,339.46,1.0
9947-M4555746,APARTAMENTO,VENTA,21.81,261.0,3.0,3.0,3921395.93,3.0,CHICO,6,ENTRE 10 Y 20 ANOS,4.66,-74.05,USADO,,0,0,0,0,0,0,0,0,0,0,False,CHAPINERO,BOSQUE EL RETIRO I SECTOR,Héroes - Gel´Hada,1659.96,0,PARQUE ZONAL SAN ANDRÉS,679.43,0,0.08,,1.0,1.0,0.0,,0.01,818.87,0.0
11813-M4741844,APARTAMENTO,VENTA,19.9,77.0,2.0,2.0,3921395.93,2.0,,5,ENTRE 0 Y 5 ANOS,4.72,-74.05,USADO,,0,0,1,0,0,0,0,0,0,0,False,USAQUEN,LOS CEDROS,Alcalá,457.56,1,PARQUE VECINAL PRADO PINZÓN,803.25,0,0.26,,1.0,1.0,0.0,,0.03,251.4,1.0
11813-M4741831,APARTAMENTO,VENTA,19.34,56.0,3.0,2.0,400000.0,0.0,,3,MAS DE 20 ANOS,4.74,-74.1,USADO,,0,0,1,1,0,0,0,0,0,0,False,SUBA,URB. TORRES DE SUBA,La Campiña,838.91,0,PARQUE VECINAL URBANIZACIÓN LOMBARDIA II ETAPA,905.02,0,0.35,,0.0,1.5,0.0,,0.05,1120.14,0.0
3702-M4082797,APARTAMENTO,VENTA,19.86,52.0,1.0,1.0,380700.0,1.0,CHAPINERO ALTO,5,ENTRE 5 Y 10 ANOS,4.64,-74.06,USADO,,0,0,0,0,0,0,0,0,0,0,False,CHAPINERO,S.C INGEMAR,Calle 57,988.64,0,PARQUE ZONAL GUSTAVO URIBE BOTERO,1427.02,0,0.38,,1.0,1.0,0.0,,0.02,1160.01,0.0
12937-M4555194,APARTAMENTO,VENTA,20.72,151.5,3.0,4.0,3921395.93,2.0,CHICO,6,MAS DE 20 ANOS,4.68,-74.04,USADO,,0,0,0,0,1,0,0,0,0,1,False,CHAPINERO,CHICO RESERVADO,Calle 100 - Marketmedios,1951.59,0,PARQUE VECINAL URBANIZACIÓN LA CABRERA,1265.34,0,0.14,,0.67,0.75,0.0,,0.02,429.09,1.0
384-4153,APARTAMENTO,VENTA,19.44,32.0,1.0,1.0,144000.0,0.0,SALITRE MODELIA,4,ENTRE 0 Y 5 ANOS,4.67,-74.11,USADO,,0,0,0,0,0,0,0,0,0,0,False,ENGATIVA,NORMANDIA,AV. Rojas,391.07,1,PARQUE ZONAL CANAL BOYACA,959.94,0,0.61,,0.0,1.0,0.0,,0.03,686.75,0.0
34-M4447329,APARTAMENTO,VENTA,19.88,95.0,3.0,2.0,317000.0,1.0,COUNTRY,4,MAS DE 20 ANOS,4.72,-74.03,USADO,,0,0,0,0,0,0,0,0,0,1,False,USAQUEN,CEDRITOS,Alcalá,2355.38,0,PARQUE VECINAL NUEVA URBANIZACIÓN EL CEDRITO,887.11,0,0.21,,0.33,1.5,0.0,,0.03,189.63,1.0
2123-1531155,APARTAMENTO,VENTA,21.34,270.0,3.0,5.0,1200000.0,3.0,CEDRITOS,6,ENTRE 5 Y 10 ANOS,4.72,-74.02,USADO,,0,0,0,0,0,0,0,0,0,0,False,USAQUEN,SIERRAS DEL MORAL,Calle 142,2988.76,0,PARQUE VECINAL NUEVA URBANIZACIÓN EL CEDRITO,1072.72,0,0.08,,1.0,0.6,0.0,,0.01,784.83,0.0
384-4036,APARTAMENTO,VENTA,20.16,65.0,2.0,2.0,292500.0,0.0,SALITRE MODELIA,4,REMODELADO,4.67,-74.11,USADO,,0,0,0,0,0,0,0,0,0,0,False,ENGATIVA,NORMANDIA,AV. Rojas,454.88,1,PARQUE ZONAL CANAL BOYACA,898.66,0,0.31,,0.0,1.0,0.0,,0.03,735.66,0.0
11813-M4695279,APARTAMENTO,VENTA,20.14,127.0,3.0,3.0,300000.0,2.0,,5,MAS DE 20 ANOS,4.73,-74.07,USADO,,0,0,1,1,0,0,0,0,0,0,False,SUBA,URB. PARQUES DE LA COLINA,Gratamira,858.24,0,PARQUE VECINAL PRADO PINZÓN,1459.43,0,0.16,,0.67,1.0,0.0,,0.02,255.19,1.0
384-3670,APARTAMENTO,VENTA,20.11,63.0,2.0,2.0,283500.0,0.0,SALITRE MODELIA,4,ENTRE 0 Y 5 ANOS,4.66,-74.11,USADO,,0,0,0,0,0,0,0,0,0,0,False,FONTIBON,LA ESPERANZA NORTE,AV. Rojas,315.76,1,PARQUE VECINAL CARLOS LLERAS (EL FUEGO),839.49,0,0.32,,0.0,1.0,0.0,,0.03,592.04,0.0
11813-M4675110,APARTAMENTO,VENTA,19.67,55.0,1.0,2.0,280000.0,1.0,,4,ENTRE 5 Y 10 ANOS,4.72,-74.04,USADO,,0,0,1,0,0,0,0,0,0,0,False,USAQUEN,LOS CEDRITOS,Calle 142,1013.7,0,PARQUE VECINAL NUEVA URBANIZACIÓN EL CEDRITO,907.66,0,0.36,,1.0,0.5,0.0,,0.02,722.74,0.0
11813-M4675592,APARTAMENTO,VENTA,20.2,133.0,3.0,4.0,662884.0,2.0,COUNTRY,5,MAS DE 20 ANOS,4.72,-74.04,USADO,,0,0,1,0,0,0,0,0,0,0,False,USAQUEN,EL CONTADOR,Alcalá,951.56,0,PARQUE VECINAL NUEVA URBANIZACIÓN EL CEDRITO,1148.12,0,0.15,,0.67,0.75,0.0,,0.02,439.08,1.0
11813-M4676164,APARTAMENTO,VENTA,20.16,55.0,1.0,2.0,413000.0,1.0,,5,ENTRE 0 Y 5 ANOS,4.67,-74.06,USADO,,0,0,0,1,0,0,0,0,0,0,False,CHAPINERO,S.C. ANTIGUO COUNTRY,Calle 85,355.63,1,PARQUE METROPOLITANO RECONCILIACIÓN,311.96,1,0.37,,1.0,0.5,0.0,,0.02,225.57,3.0
11813-M4676592,APARTAMENTO,VENTA,20.62,160.0,3.0,3.0,550000.0,2.0,,5,ENTRE 10 Y 20 ANOS,4.69,-74.04,USADO,,0,0,1,0,0,0,0,0,0,0,False,USAQUEN,RINCON DEL CHICO,Calle 106,1499.82,0,PARQUE ZONAL CANAL EL VIRREY EL CHICO,1810.25,0,0.13,,0.67,1.0,0.0,,0.02,541.36,0.0
11813-M4676009,APARTAMENTO,VENTA,19.25,56.0,3.0,2.0,188000.0,1.0,,3,MAS DE 20 ANOS,4.71,-74.06,USADO,,0,0,1,0,0,0,0,0,0,0,False,SUBA,PRADO SUR,Prado,912.36,0,PARQUE ZONAL ATABANZA,669.66,0,0.34,,0.33,1.5,0.0,,0.05,939.97,0.0
11813-M4674903,APARTAMENTO,VENTA,20.02,109.0,3.0,4.0,811893.0,2.0,,4,ENTRE 10 Y 20 ANOS,4.72,-74.03,USADO,,0,0,1,0,0,0,0,0,0,0,False,USAQUEN,LOS CEDROS ORIENTAL,Calle 142,2196.01,0,PARQUE VECINAL NUEVA URBANIZACIÓN EL CEDRITO,289.43,1,0.18,,0.67,0.75,0.0,,0.03,728.95,0.0
11813-M4676368,APARTAMENTO,VENTA,20.44,146.0,3.0,3.0,900000.0,1.0,,6,ENTRE 0 Y 5 ANOS,4.65,-74.05,USADO,,0,0,1,0,0,0,0,0,0,0,False,CHAPINERO,S.C. BELLAVISTA,Calle 72,1497.83,0,PARQUE ZONAL GUSTAVO URIBE BOTERO,390.47,1,0.14,,0.33,1.0,0.0,,0.02,705.08,0.0
11813-M4676628,APARTAMENTO,VENTA,20.23,88.0,3.0,2.0,298000.0,1.0,CHAPINERO,3,ENTRE 0 Y 5 ANOS,4.66,-74.08,USADO,,0,0,1,0,0,0,0,0,0,0,False,BARRIOS UNIDOS,BENJAMIN HERRERA,7 de Agosto,202.46,1,PARQUE ZONAL GIMNASIO DEL NORTE,279.2,1,0.23,,0.33,1.5,0.0,,0.03,711.71,0.0
11813-M4675492,APARTAMENTO,VENTA,19.95,112.0,3.0,3.0,280000.0,1.0,,4,MAS DE 20 ANOS,4.72,-74.03,USADO,,0,0,1,0,0,0,0,0,0,0,False,USAQUEN,LAS_ACACIAS,Calle 142,2154.65,0,PARQUE VECINAL NUEVA URBANIZACIÓN EL CEDRITO,237.59,1,0.18,,0.33,1.0,0.0,,0.03,762.45,0.0
11813-M4693992,APARTAMENTO,VENTA,20.03,120.0,2.0,3.0,726000.0,1.0,,5,ENTRE 0 Y 5 ANOS,4.71,-74.03,USADO,,0,0,1,0,0,0,0,0,0,0,False,USAQUEN,GINEBRA NORTE,Prado,2660.17,0,PARQUE METROPOLITANO EL COUNTRY,1220.42,0,0.17,,0.5,0.67,0.0,,0.02,356.28,1.0
11813-M4676396,APARTAMENTO,VENTA,20.61,140.0,3.0,3.0,1187000.0,2.0,,6,MAS DE 20 ANOS,4.68,-74.06,USADO,,0,0,1,0,0,0,0,0,0,0,False,CHAPINERO,S.C. CHICO NORTE III SECTOR,Calle 100 - Marketmedios,200.63,1,PARQUE VECINAL URBANIZACIÓN NORMANDIA I II II Y IV SECTOR,770.58,0,0.15,,0.67,1.0,0.0,,0.02,377.21,1.0
11813-M4693975,APARTAMENTO,VENTA,19.92,106.0,3.0,2.0,260000.0,0.0,,3,ENTRE 0 Y 5 ANOS,4.6,-74.07,USADO,,0,0,1,0,0,0,0,0,0,0,False,SANTA FE,LAS NIEVES,Las Aguas - Centro Colombo Americano,148.55,1,PARQUE ZONAL SENDERO A MONSERRATE,837.35,0,0.19,,0.0,1.5,0.0,,0.03,190.57,5.0
11813-M4675893,APARTAMENTO,VENTA,20.03,95.0,1.0,2.0,490000.0,1.0,,4,ENTRE 0 Y 5 ANOS,4.64,-74.06,USADO,,0,0,1,0,0,0,0,0,0,0,False,CHAPINERO,S.C INGEMAR,Calle 57,1014.17,0,PARQUE ZONAL GUSTAVO URIBE BOTERO,1081.18,0,0.21,,1.0,0.5,0.0,,0.01,1132.46,0.0
11813-M4693988,APARTAMENTO,VENTA,20.82,169.0,3.0,3.0,3921395.93,2.0,,6,ENTRE 10 Y 20 ANOS,4.71,-74.03,USADO,,0,0,1,0,0,0,0,0,0,0,False,USAQUEN,GINEBRA NORTE,Prado,2530.1,0,PARQUE METROPOLITANO EL COUNTRY,1235.71,0,0.12,,0.67,1.0,0.0,,0.02,282.39,3.0
11813-M4692535,APARTAMENTO,VENTA,19.49,65.0,3.0,2.0,241000.0,1.0,,4,ENTRE 5 Y 10 ANOS,4.73,-74.1,USADO,,0,0,0,0,0,0,0,0,0,0,False,SUBA,NUEVO CORINTO,La Campiña,1976.04,0,PARQUE VECINAL URBANIZACIÓN NUEVA TIBABUYES 1,981.68,0,0.3,,0.33,1.5,0.0,,0.05,2272.29,0.0
11813-M4729057,APARTAMENTO,VENTA,20.56,92.0,3.0,2.0,750000.0,2.0,,5,ENTRE 10 Y 20 ANOS,4.7,-74.05,USADO,,0,0,1,0,0,0,0,0,0,0,False,USAQUEN,SANTA BARBARA OCCIDENTAL,Calle 127,501.07,0,PARQUE ZONAL ATABANZA,1151.31,0,0.22,,0.67,1.5,0.0,,0.03,409.4,3.0
11813-M4676041,APARTAMENTO,VENTA,19.67,84.0,3.0,2.0,330000.0,1.0,,3,ENTRE 0 Y 5 ANOS,4.72,-74.13,USADO,,0,0,1,0,0,0,0,0,0,0,False,ENGATIVA,S.C. ENGATIVA EL DORADO,Portal 80,2602.92,0,PARQUE METROPOLITANO PLANTA DE TRATAMIENTO SALITRE,777.35,0,0.23,,0.33,1.5,0.0,,0.04,2389.41,0.0
11813-M4675422,APARTAMENTO,VENTA,20.42,148.0,3.0,3.0,760000.0,1.0,,4,MAS DE 20 ANOS,4.65,-74.06,USADO,,0,0,1,0,0,0,0,0,0,0,False,CHAPINERO,S.C. CHAPINERO NORTE,Calle 63,428.36,1,PARQUE ZONAL GUSTAVO URIBE BOTERO,1085.08,0,0.14,,0.33,1.0,0.0,,0.02,254.68,1.0
11813-M4675190,APARTAMENTO,VENTA,19.11,53.0,3.0,2.0,100000.0,0.0,KENNEDY,2,ENTRE 10 Y 20 ANOS,4.65,-74.16,USADO,,0,0,1,0,0,0,0,0,0,0,False,KENNEDY,S.C. TINTALA,Biblioteca Tintal,1211.12,0,PARQUE METROPOLITANO BIBLIOTECA EL TINTAL,409.57,1,0.36,,0.0,1.5,0.0,,0.06,3004.1,0.0
11813-M4675219,APARTAMENTO,VENTA,19.41,79.0,3.0,2.0,217700.0,1.0,CASTILLA MARSELLA,3,MAS DE 20 ANOS,4.64,-74.15,USADO,,0,0,1,0,0,0,0,0,0,0,False,KENNEDY,CIUDAD TECHO I,Transversal 86,302.19,1,PARQUE METROPOLITANO BIBLIOTECA EL TINTAL,1025.45,0,0.25,,0.33,1.5,0.0,,0.04,2482.43,0.0
11813-M4675071,APARTAMENTO,VENTA,19.04,60.0,3.0,2.0,156000.0,0.0,ALTOS DE SUBA Y CERROS DE SAN JORGE,3,ENTRE 10 Y 20 ANOS,4.75,-74.08,USADO,,0,0,1,0,0,0,0,0,0,0,False,SUBA,URB. ARAGON,La Campiña,1815.89,0,PARQUE ZONAL CAMPO VERDE,15.18,1,0.32,,0.0,1.5,0.0,,0.05,1843.95,0.0
11813-M4675389,APARTAMENTO,VENTA,19.21,56.0,3.0,2.0,100000.0,0.0,,3,ENTRE 10 Y 20 ANOS,4.65,-74.14,USADO,,0,0,1,0,0,0,0,0,0,0,False,KENNEDY,CASTILLA REAL,Mandalay,1817.59,0,PARQUE VECINAL VILLA ALSACIA,487.47,1,0.34,,0.0,1.5,0.0,,0.05,1257.01,0.0
11813-M4676295,APARTAMENTO,VENTA,19.81,109.0,4.0,3.0,102000.0,1.0,,4,MAS DE 20 ANOS,4.65,-74.08,USADO,,0,0,1,0,0,0,0,0,0,0,False,TEUSAQUILLO,CAMPIN OCCIDENTAL,Movistar Arena,178.62,1,PARQUE VECINAL ARENA MOVISTAR,217.67,1,0.18,,0.25,1.33,0.0,,0.04,139.95,1.0
11813-M4675986,APARTAMENTO,VENTA,20.08,82.0,3.0,3.0,380000.0,2.0,,4,MAS DE 20 ANOS,4.65,-74.09,USADO,,0,0,1,0,0,0,0,0,0,0,False,TEUSAQUILLO,PABLO VI - URB. MONTANA QUIRINAL III ETAPA,Movistar Arena,1133.51,0,PARQUE METROPOLITANO VIRGILIO BARCO,334.97,1,0.24,,0.67,1.0,0.0,,0.04,1117.94,0.0
11813-M4675508,APARTAMENTO,VENTA,19.58,38.0,1.0,1.0,290000.0,1.0,ANTONIO NARINO,3,ENTRE 0 Y 5 ANOS,4.65,-74.07,USADO,,0,0,1,0,0,0,0,0,0,0,False,CHAPINERO,S.C. CHAPINERO CENTRAL,Calle 63,253.85,1,PARQUE ZONAL GIMNASIO DEL NORTE,1420.83,0,0.52,,1.0,1.0,0.0,,0.03,848.38,0.0
11813-M4676278,APARTAMENTO,VENTA,20.79,193.0,3.0,5.0,1320000.0,3.0,CERROS DE SUBA,6,ENTRE 10 Y 20 ANOS,4.71,-74.08,USADO,,0,0,1,1,0,0,0,0,0,0,False,SUBA,NIZA SUBA - MONTENIZA,Niza - Calle 127,1150.15,0,PARQUE METROPOLITANO CEFE COMETAS,95.55,1,0.11,,1.0,0.6,0.0,,0.02,1177.62,0.0
11813-M4675072,APARTAMENTO,VENTA,19.01,54.0,3.0,2.0,140000.0,0.0,,3,ENTRE 10 Y 20 ANOS,4.75,-74.12,USADO,,0,0,1,0,0,0,0,0,0,0,False,SUBA,FONTANAR DEL RIO 2,Portal Suba,2505.5,0,PARQUE ZONAL CEFE FONTANAR DEL RIO,399.66,1,0.35,,0.0,1.5,0.0,,0.06,2324.32,0.0
11813-M4676392,APARTAMENTO,VENTA,20.5,127.0,3.0,4.0,953000.0,2.0,,6,MAS DE 20 ANOS,4.69,-74.05,USADO,,0,0,0,0,0,0,0,0,0,0,False,USAQUEN,SANTA BIBIANA,Calle 106,387.47,1,PARQUE VECINAL URBANIZACIÓN NORMANDIA I II II Y IV SECTOR,1729.8,0,0.16,,0.67,0.75,0.0,,0.02,545.92,0.0
11813-M4688114,APARTAMENTO,VENTA,19.56,76.0,3.0,2.0,296000.0,1.0,,3,ENTRE 10 Y 20 ANOS,4.75,-74.06,USADO,,0,0,1,0,0,0,0,0,0,0,False,SUBA,URB. PICADELLY,Toberin - Foundever,1109.79,0,PARQUE VECINAL DESARROLLO CANTALEJO URBANIZACIÓN CANTALEJO MANZANA B,432.58,1,0.26,,0.33,1.5,0.0,,0.04,1842.24,0.0
11813-M4688117,APARTAMENTO,VENTA,19.25,57.0,3.0,2.0,343000.0,1.0,,3,ENTRE 10 Y 20 ANOS,4.75,-74.06,USADO,,0,0,1,0,0,0,0,0,0,0,False,SUBA,SENDEROS DE BRITALIA,Toberin - Foundever,1146.94,0,PARQUE VECINAL DESARROLLO CANTALEJO URBANIZACIÓN CANTALEJO MANZANA B,691.52,0,0.34,,0.33,1.5,0.0,,0.05,2008.89,0.0
11813-M4676662,APARTAMENTO,VENTA,19.32,49.0,2.0,2.0,177800.0,1.0,,3,ENTRE 5 Y 10 ANOS,4.58,-74.13,USADO,,0,0,1,0,0,0,0,0,0,0,False,RAFAEL URIBE URIBE,S.C. SANTA LUCIA,Calle 40 Sur,796.74,0,PARQUE ZONAL QUIROGA,1449.29,0,0.39,,0.5,1.0,0.0,,0.04,428.47,1.0
11813-M4675921,APARTAMENTO,VENTA,19.58,52.0,2.0,2.0,323000.0,1.0,,4,MAS DE 20 ANOS,4.64,-74.07,USADO,,0,0,1,0,0,0,0,0,0,0,False,TEUSAQUILLO,BANCO CENTRAL,Calle 57,412.28,1,PARQUE ESCENARIO DEPORTIVO EL CAMPINCITO - CEAD,1009.86,0,0.38,,0.5,1.0,0.0,,0.04,559.99,0.0
11813-M4676259,APARTAMENTO,VENTA,20.21,116.0,2.0,3.0,802000.0,2.0,,5,MAS DE 20 ANOS,4.7,-74.05,USADO,,0,0,0,0,0,0,0,0,0,0,False,USAQUEN,SANTA BARBARA OCCIDENTAL,Pepe Sierra,680.45,0,PARQUE METROPOLITANO EL COUNTRY,1319.9,0,0.17,,1.0,0.67,0.0,,0.02,242.21,2.0
11813-M4675896,APARTAMENTO,VENTA,20.29,145.0,4.0,3.0,707000.0,2.0,,6,ENTRE 0 Y 5 ANOS,4.68,-74.06,USADO,,0,0,1,0,0,0,0,0,0,0,False,CHAPINERO,S.C. CHICO NORTE III SECTOR,Calle 100 - Marketmedios,284.24,1,PARQUE VECINAL URBANIZACIÓN NORMANDIA I II II Y IV SECTOR,506.86,0,0.14,,0.5,1.33,0.0,,0.03,327.08,1.0
11813-M4676173,APARTAMENTO,VENTA,19.36,49.0,2.0,1.0,378000.0,1.0,,4,MAS DE 20 ANOS,4.73,-74.04,USADO,,0,0,1,0,0,0,0,0,0,0,False,USAQUEN,LOS CEDRITOS,Calle 142,916.35,0,PARQUE VECINAL NUEVA URBANIZACIÓN EL CEDRITO,1009.61,0,0.4,,0.5,2.0,0.0,,0.04,785.14,0.0
11813-M4675931,APARTAMENTO,VENTA,20.5,192.0,5.0,3.0,3921395.93,0.0,,3,MAS DE 20 ANOS,4.64,-74.06,USADO,,0,0,1,0,0,0,0,0,0,0,False,CHAPINERO,S.C. CHAPINERO CENTRAL,Calle 57,387.04,1,PARQUE ZONAL GUSTAVO URIBE BOTERO,1462.15,0,0.11,,0.0,1.67,0.0,,0.03,1136.68,0.0
11813-M4676575,APARTAMENTO,VENTA,20.5,116.0,4.0,4.0,750000.0,2.0,NIZA ALHAMBRA,5,ENTRE 0 Y 5 ANOS,4.69,-74.06,USADO,,0,0,1,0,0,0,0,0,0,0,False,SUBA,PUENTE LARGO SECTOR I Y II,Puentelargo,283.15,1,PARQUE ZONAL CANAL CORDOBA,797.69,0,0.18,,0.5,1.0,0.0,,0.03,711.71,0.0
11813-M4675373,APARTAMENTO,VENTA,21.3,220.0,3.0,2.0,170000.0,2.0,CHICO,4,ENTRE 10 Y 20 ANOS,4.68,-74.04,USADO,,0,0,0,0,0,0,0,0,0,0,True,CHAPINERO,S.C. CHICO NORTE,Virrey,1940.3,0,PARQUE VECINAL URBANIZACIÓN LA CABRERA,1164.23,0,0.1,,0.67,1.5,0.0,,0.01,589.28,0.0
11813-M4675400,APARTAMENTO,VENTA,19.19,27.0,1.0,1.0,277000.0,0.0,,4,ENTRE 0 Y 5 ANOS,4.65,-74.06,USADO,,0,0,1,0,0,0,0,0,0,0,False,CHAPINERO,S.C. CHAPINERO NORTE,Calle 63,415.17,1,PARQUE ZONAL GUSTAVO URIBE BOTERO,1016.28,0,0.71,,0.0,1.0,0.0,,0.04,529.17,0.0
11813-M4676675,APARTAMENTO,VENTA,21.31,273.0,5.0,5.0,830000.0,2.0,,5,MAS DE 20 ANOS,4.66,-74.06,USADO,,0,0,1,0,0,0,0,0,0,0,False,CHAPINERO,S.C. ESPARTILLAL,Calle 76 - San Felipe,408.89,1,PARQUE ZONAL SAN ANDRÉS,708.69,0,0.08,,0.4,1.0,0.0,,0.02,483.65,1.0
11813-M4675447,APARTAMENTO,VENTA,19.04,48.0,2.0,1.0,120000.0,0.0,KENNEDY,3,ENTRE 5 Y 10 ANOS,4.64,-74.16,USADO,,0,0,1,0,0,0,0,0,0,0,False,KENNEDY,CIUDAD TECHO II,Biblioteca Tintal,510.82,0,PARQUE METROPOLITANO BIBLIOTECA EL TINTAL,444.94,1,0.4,,0.0,2.0,0.0,,0.04,3044.69,0.0
11813-M4497483,APARTAMENTO,VENTA,20.07,72.0,3.0,2.0,200000.0,0.0,,6,MAS DE 20 ANOS,4.66,-74.05,USADO,,0,0,1,0,0,0,0,0,0,0,False,CHAPINERO,LOS ROSALES,Calle 72,1643.57,0,PARQUE ZONAL GUSTAVO URIBE BOTERO,920.49,0,0.28,,0.0,1.5,0.0,,0.04,901.96,0.0
11813-M4675885,APARTAMENTO,VENTA,20.09,100.0,3.0,3.0,503000.0,2.0,,4,MAS DE 20 ANOS,4.72,-74.03,USADO,,0,0,1,0,0,0,0,0,0,0,False,USAQUEN,LAS_ACACIAS,Calle 142,2426.46,0,PARQUE VECINAL NUEVA URBANIZACIÓN EL CEDRITO,529.4,0,0.2,,0.67,1.0,0.0,,0.03,619.18,0.0
10858-M4587891,APARTAMENTO,VENTA,20.13,104.0,3.0,3.0,317000.0,2.0,SANTA BARBARA,5,MAS DE 20 ANOS,4.69,-74.05,USADO,,0,1,0,0,0,0,0,0,0,1,False,USAQUEN,SANTA BIBIANA,Calle 106,664.08,0,PARQUE VECINAL URBANIZACIÓN NORMANDIA I II II Y IV SECTOR,1395.79,0,0.19,,0.67,1.0,0.0,,0.03,531.67,0.0
11813-M4676647,APARTAMENTO,VENTA,19.91,76.0,3.0,2.0,400200.0,1.0,,4,ENTRE 10 Y 20 ANOS,4.74,-74.06,USADO,,0,0,1,1,0,0,0,0,0,0,False,SUBA,MAZUREN,Mazurén,779.86,0,PARQUE VECINAL URBANIZACIÓN VICTORIA NORTE,389.75,1,0.26,,0.33,1.5,0.0,,0.04,1446.43,0.0
11813-M4741905,APARTAMENTO,VENTA,19.25,54.0,3.0,2.0,196000.0,1.0,,3,ENTRE 5 Y 10 ANOS,4.66,-74.16,USADO,,0,0,1,0,0,0,0,0,0,0,False,KENNEDY,S.C. TINTALA,Biblioteca Tintal,1977.21,0,PARQUE ZONAL SAN IGNACIO,649.62,0,0.36,,0.33,1.5,0.0,,0.06,2823.66,0.0
11813-M4676074,APARTAMENTO,VENTA,20.01,80.0,1.0,2.0,690000.0,1.0,,6,ENTRE 0 Y 5 ANOS,4.69,-74.05,USADO,,0,0,1,0,0,0,0,0,0,0,False,USAQUEN,SANTA BIBIANA,Calle 106,846.55,0,PARQUE VECINAL URBANIZACIÓN NORMANDIA I II II Y IV SECTOR,1869.97,0,0.25,,1.0,0.5,0.0,,0.01,337.86,1.0
11813-M4676056,APARTAMENTO,VENTA,19.92,123.0,4.0,3.0,800000.0,2.0,,5,MAS DE 20 ANOS,4.67,-74.06,USADO,,0,0,1,0,0,0,0,0,0,0,False,CHAPINERO,S.C. LAGO GAITAN,Héroes - Gel´Hada,429.08,1,PARQUE ZONAL SAN ANDRÉS,551.58,0,0.16,,0.5,1.33,0.0,,0.03,136.78,6.0
4566-M4135335,APARTAMENTO,VENTA,20.07,85.0,2.0,2.0,635000.0,2.0,SANTA BARBARA,6,ENTRE 10 Y 20 ANOS,4.69,-74.04,USADO,,0,0,0,0,0,0,0,0,0,1,False,USAQUEN,SANTA BARBARA CENTRAL I Y II,Calle 106,1418.19,0,PARQUE METROPOLITANO EL COUNTRY,1551.96,0,0.24,,1.0,1.0,0.0,,0.02,532.18,0.0
11813-M4693983,APARTAMENTO,VENTA,20.23,106.0,3.0,3.0,378000.0,2.0,NIZA ALHAMBRA,5,ENTRE 0 Y 5 ANOS,4.71,-74.07,USADO,,0,0,1,1,0,0,0,0,0,0,False,SUBA,BATAN LOTE NIZA XII,Humedal Córdoba,256.85,1,PARQUE ZONAL CANAL CORDOBA,598.87,0,0.19,,0.67,1.0,0.0,,0.03,710.68,0.0
11813-M4676211,APARTAMENTO,VENTA,20.52,125.0,4.0,1.0,830400.0,2.0,,5,ENTRE 5 Y 10 ANOS,4.69,-74.06,USADO,,0,0,1,1,0,0,0,0,0,0,False,SUBA,PUENTE LARGO SECTOR I Y II,Puentelargo,398.92,1,PARQUE ZONAL CANAL CORDOBA,779.87,0,0.16,,0.5,4.0,0.0,,0.03,738.08,0.0
11813-M4676401,APARTAMENTO,VENTA,19.81,110.0,5.0,3.0,380000.0,1.0,,3,MAS DE 20 ANOS,4.6,-74.07,USADO,,0,0,1,0,0,0,0,0,0,0,False,SANTA FE,LAS NIEVES,Las Aguas - Centro Colombo Americano,275.38,1,PARQUE METROPOLITANO INDEPENDENCIA BICENTENARIO,895.31,0,0.18,,0.2,1.67,0.0,,0.05,319.9,2.0
11813-M4674870,APARTAMENTO,VENTA,20.03,90.0,3.0,2.0,430000.0,2.0,,4,MAS DE 20 ANOS,4.73,-74.03,USADO,,0,0,1,0,0,0,0,0,0,0,False,USAQUEN,CEDRO SALAZAR,Calle 146,2040.81,0,PARQUE ZONAL ALTA BLANCA,638.14,0,0.22,,0.67,1.5,0.0,,0.03,150.82,1.0
11813-M4675206,APARTAMENTO,VENTA,21.25,182.0,3.0,5.0,948000.0,2.0,CHICO,5,MAS DE 20 ANOS,4.68,-74.05,USADO,8500000.0,0,0,0,0,0,0,0,0,0,0,True,CHAPINERO,S.C. CHICO NORTE,Virrey,963.68,0,PARQUE ZONAL CANAL EL VIRREY EL CHICO,669.12,0,0.12,46703.3,0.67,0.6,0.0,8.97,0.02,202.89,3.0
11813-M4676448,APARTAMENTO,VENTA,19.01,17.0,1.0,1.0,3921395.93,0.0,CHICO,4,ENTRE 0 Y 5 ANOS,4.68,-74.05,USADO,,0,0,0,1,0,0,0,0,0,0,True,CHAPINERO,S.C. CHICO NORTE,Virrey,1019.78,0,PARQUE ZONAL CANAL EL VIRREY EL CHICO,618.58,0,1.12,,0.0,1.0,0.0,,0.06,178.25,2.0
11813-M4721091,APARTAMENTO,VENTA,19.67,74.0,3.0,2.0,237500.0,1.0,,4,ENTRE 10 Y 20 ANOS,4.67,-74.13,USADO,,0,0,1,0,0,0,0,0,0,0,False,FONTIBON,CAPELLANIA,Modelia,1146.96,0,PARQUE VECINAL MODELIA SECTOR A,722.82,0,0.27,,0.33,1.5,0.0,,0.04,969.21,0.0
4566-M4672631,APARTAMENTO,VENTA,20.2,80.0,2.0,3.0,700000.0,1.0,CHICO,6,MAS DE 20 ANOS,4.68,-74.05,USADO,,0,0,0,0,1,0,0,0,0,0,False,CHAPINERO,S.C. CHICO NORTE III SECTOR,Calle 100 - Marketmedios,851.65,0,PARQUE ZONAL CANAL EL VIRREY EL CHICO,892.58,0,0.25,,0.5,0.67,0.0,,0.02,364.67,4.0
11813-M4741842,APARTAMENTO,VENTA,19.78,150.0,4.0,4.0,100000.0,1.0,,3,ENTRE 0 Y 5 ANOS,4.67,-74.14,USADO,,0,0,1,0,0,0,0,0,0,0,False,FONTIBON,VILLEMAR,Portal El Dorado,2185.68,0,PARQUE VECINAL VILLA HELENA VILLEMAR,279.19,1,0.13,,0.25,1.0,0.0,,0.03,1518.49,0.0
11813-M4675381,APARTAMENTO,VENTA,19.38,55.0,2.0,2.0,200000.0,0.0,,3,MAS DE 20 ANOS,4.73,-74.03,USADO,,0,0,1,0,0,0,0,0,0,0,False,USAQUEN,CAOBOS SALAZAR URB. CAPRI I Y II SECTOR,Calle 146,1795.06,0,PARQUE VECINAL NUEVA URBANIZACIÓN EL CEDRITO,538.94,0,0.35,,0.0,1.0,0.0,,0.04,251.71,1.0
11813-M4674938,APARTAMENTO,VENTA,19.49,70.0,3.0,2.0,300000.0,1.0,,4,ENTRE 0 Y 5 ANOS,4.75,-74.02,USADO,,0,0,1,0,0,0,0,0,0,0,False,USAQUEN,S.C. HORIZONTES NORTE,Portal Norte,2457.3,0,PARQUE ZONAL SERVITA,1411.82,0,0.28,,0.33,1.5,0.0,,0.04,1558.24,0.0
11813-M4676280,APARTAMENTO,VENTA,19.99,80.0,2.0,2.0,400000.0,1.0,,5,ENTRE 10 Y 20 ANOS,4.72,-74.05,USADO,,0,0,1,0,0,0,0,0,0,0,False,USAQUEN,LOS CEDROS,Alcalá,461.79,1,PARQUE VECINAL PRADO PINZÓN,1006.26,0,0.25,,0.5,1.0,0.0,,0.02,111.36,1.0
11813-M4675043,APARTAMENTO,VENTA,19.79,81.0,3.0,3.0,532000.0,2.0,,4,MAS DE 20 ANOS,4.72,-74.03,USADO,,0,0,1,0,0,0,0,0,0,0,False,USAQUEN,LOS CEDROS ORIENTAL,Calle 142,2438.14,0,PARQUE VECINAL NUEVA URBANIZACIÓN EL CEDRITO,533.3,0,0.24,,0.67,1.0,0.0,,0.04,824.54,0.0
11813-M4675998,APARTAMENTO,VENTA,19.25,57.0,3.0,2.0,170000.0,1.0,FONTIBON TINTAL,3,MAS DE 20 ANOS,4.68,-74.14,USADO,,0,0,0,0,0,0,0,0,0,0,False,FONTIBON,VERACRUZ_II SECTOR,Portal El Dorado,1705.67,0,PARQUE VECINAL VILLA HELENA VILLEMAR,761.33,0,0.34,,0.33,1.5,0.0,,0.05,1550.88,0.0
11813-M4675090,APARTAMENTO,VENTA,21.28,200.0,2.0,3.0,700000.0,2.0,CHICO,3,MAS DE 20 ANOS,4.65,-74.06,USADO,,0,0,1,0,0,0,0,0,0,0,False,CHAPINERO,S.C. QUINTA CAMACHO,Flores – Areandina,591.53,0,PARQUE ZONAL GUSTAVO URIBE BOTERO,736.65,0,0.11,,1.0,0.67,0.0,,0.01,314.84,2.0
11813-M4676203,APARTAMENTO,VENTA,20.11,119.0,3.0,2.0,390000.0,1.0,,4,MAS DE 20 ANOS,4.69,-74.07,USADO,,0,0,1,0,0,0,0,0,0,0,False,SUBA,URB. LA FLORESTA V SECTOR,Puentelargo,819.21,0,PARQUE ZONAL CANAL RIO NEGRO,446.77,1,0.17,,0.33,1.5,0.0,,0.03,189.3,2.0
11813-M4676121,APARTAMENTO,VENTA,19.55,60.0,3.0,2.0,250000.0,1.0,,4,ENTRE 10 Y 20 ANOS,4.77,-74.03,USADO,,0,0,1,1,0,0,0,0,0,0,False,USAQUEN,TIBABITA,Terminal,1455.69,0,PARQUE VECINAL DESARROLLO VERBENAL I,1144.67,0,0.33,,0.33,1.5,0.0,,0.05,1282.36,0.0
11813-M4675221,APARTAMENTO,VENTA,20.31,113.0,3.0,3.0,400000.0,2.0,,5,ENTRE 10 Y 20 ANOS,4.74,-74.06,USADO,2494000.0,0,0,1,0,0,0,0,0,0,0,False,SUBA,URB. LA SIRENA,Mazurén,1542.89,0,PARQUE VECINAL DESARROLLO CANTALEJO URBANIZACIÓN CANTALEJO MANZANA B,929.25,0,0.18,22070.8,0.67,1.0,0.0,6.24,0.03,563.73,0.0
11813-M4676054,APARTAMENTO,VENTA,20.77,112.0,2.0,3.0,830000.0,1.0,,5,MAS DE 20 ANOS,4.66,-74.05,USADO,,0,0,1,0,0,0,0,0,0,0,False,CHAPINERO,S.C. EL NOGAL,Calle 76 - San Felipe,940.09,0,PARQUE ZONAL SAN ANDRÉS,187.13,1,0.19,,0.5,0.67,0.0,,0.02,349.25,4.0
11813-M4675401,APARTAMENTO,VENTA,19.92,84.0,2.0,2.0,629100.0,2.0,,5,ENTRE 10 Y 20 ANOS,4.72,-74.05,USADO,,0,0,1,0,0,0,0,0,0,0,False,USAQUEN,LOS CEDROS,Alcalá,160.12,1,PARQUE VECINAL PRADO PINZÓN,724.31,0,0.24,,1.0,1.0,0.0,,0.02,355.13,1.0
11813-M4676108,APARTAMENTO,VENTA,19.8,71.0,3.0,2.0,370000.0,1.0,,5,ENTRE 5 Y 10 ANOS,4.74,-74.07,USADO,,0,0,1,1,0,0,0,0,0,0,False,SUBA,CASABLANCA (HACIENDA),21 Ángeles,1651.16,0,PARQUE ZONAL EL TOMILLAR,624.48,0,0.28,,0.33,1.5,0.0,,0.04,1047.73,0.0
11813-M4676413,APARTAMENTO,VENTA,19.58,77.0,3.0,2.0,290000.0,1.0,ALTOS DE SUBA Y CERROS DE SAN JORGE,4,ENTRE 5 Y 10 ANOS,4.75,-74.09,USADO,,0,0,0,0,0,0,0,0,0,0,False,SUBA,URB. MAITRELLA,La Campiña,642.73,0,PARQUE VECINAL URBANIZACIÓN VALLE DE REFOUS,250.81,1,0.25,,0.33,1.5,0.0,,0.04,774.85,0.0
11813-M4676617,APARTAMENTO,VENTA,19.45,86.0,3.0,2.0,100000.0,0.0,,4,ENTRE 0 Y 5 ANOS,4.68,-74.11,USADO,,0,0,1,0,0,0,0,0,0,0,False,ENGATIVA,VILLALUZ,Modelia,1175.14,0,PARQUE VECINAL URBANIZACIÓN LA EUROPA,1193.14,0,0.23,,0.0,1.5,0.0,,0.03,935.08,0.0
11813-M4741891,APARTAMENTO,VENTA,20.02,88.0,3.0,2.0,370000.0,1.0,,4,MAS DE 20 ANOS,4.63,-74.09,USADO,,0,0,1,1,0,0,0,0,0,0,False,TEUSAQUILLO,EL_RECUERDO,Recinto Ferial,275.5,1,PARQUE VECINAL SANTA CLARA,1099.87,0,0.23,,0.33,1.5,0.0,,0.03,1265.31,0.0
11813-M4741901,APARTAMENTO,VENTA,19.54,32.0,1.0,1.0,3921395.93,1.0,CHICO,3,ENTRE 0 Y 5 ANOS,4.68,-74.04,USADO,,0,0,1,0,0,0,0,0,0,0,True,CHAPINERO,S.C. CHICO NORTE,Virrey,1569.84,0,PARQUE VECINAL URBANIZACIÓN LA CABRERA,869.61,0,0.61,,1.0,1.0,0.0,,0.03,397.5,1.0
11813-M4741886,APARTAMENTO,VENTA,19.16,42.0,2.0,1.0,120000.0,0.0,TIMIZA LA ALQUERIA,3,ENTRE 0 Y 5 ANOS,4.6,-74.16,USADO,,0,0,1,0,0,0,0,0,0,0,False,BOSA,VILLA DEL RIO II SECTOR,CC Paseo Villa del Río - Madelena,406.35,1,PARQUE VECINAL URBANIZACIÓN BALMORAL CESIÓN GUADALUPE,519.94,0,0.46,,0.0,2.0,0.0,,0.05,757.05,0.0
11813-M4741863,APARTAMENTO,VENTA,20.01,87.0,3.0,2.0,354000.0,1.0,,4,ENTRE 10 Y 20 ANOS,4.66,-74.11,USADO,,0,0,1,0,0,0,0,0,0,0,False,FONTIBON,MODELIA,Normandía,575.86,0,PARQUE ZONAL CANAL BOYACA,416.33,1,0.23,,0.33,1.5,0.0,,0.03,657.7,0.0
11813-M4741835,APARTAMENTO,VENTA,20.18,98.0,2.0,2.0,580000.0,2.0,,6,ENTRE 10 Y 20 ANOS,4.73,-74.08,USADO,,0,0,1,0,0,0,0,0,0,0,False,SUBA,NIZA SUBA - QUIMBAYA SAN CARLOS,Gratamira,175.94,1,PARQUE ZONAL EL TOMILLAR,1365.94,0,0.21,,1.0,1.0,0.0,,0.02,1120.73,0.0
11813-M4741859,APARTAMENTO,VENTA,20.2,133.0,3.0,3.0,350000.0,3.0,,4,MAS DE 20 ANOS,4.73,-74.03,USADO,,0,0,1,0,0,0,0,0,0,0,False,USAQUEN,CEDRO SALAZAR,Calle 146,2328.72,0,PARQUE VECINAL NUEVA URBANIZACIÓN EL CEDRITO,581.68,0,0.15,,1.0,1.0,0.0,,0.02,542.01,0.0
11813-M4689045,APARTAMENTO,VENTA,19.04,47.0,3.0,2.0,111000.0,0.0,,3,ENTRE 0 Y 5 ANOS,4.7,-74.17,USADO,,0,0,1,1,0,0,0,0,0,0,False,FONTIBON,S.C. PUENTE GRANDE,Portal El Dorado,5426.3,0,PARQUE ZONAL LA CONCORDIA,2420.67,0,0.41,,0.0,1.5,0.0,,0.06,2561.98,0.0
11813-M4693976,APARTAMENTO,VENTA,20.56,142.0,3.0,4.0,980000.0,2.0,CHICO,5,ENTRE 0 Y 5 ANOS,4.67,-74.05,USADO,,0,0,0,0,0,0,0,0,0,0,True,CHAPINERO,S.C. CHICO NORTE,Virrey,1395.01,0,PARQUE VECINAL URBANIZACIÓN LA CABRERA,533.44,0,0.14,,0.67,0.75,0.0,,0.02,419.85,2.0
699-M4687821,APARTAMENTO,VENTA,20.54,120.0,2.0,3.0,3921395.93,2.0,SANTA BARBARA,6,ENTRE 10 Y 20 ANOS,4.7,-74.05,USADO,,0,0,0,0,1,0,0,0,0,1,False,USAQUEN,SAN PATRICIO,Pepe Sierra,777.91,0,PARQUE METROPOLITANO EL COUNTRY,1494.64,0,0.17,,1.0,0.67,0.0,,0.02,170.93,3.0
11813-M4676288,APARTAMENTO,VENTA,19.54,32.0,1.0,1.0,350000.0,0.0,ANTONIO NARINO,4,ENTRE 0 Y 5 ANOS,4.62,-74.07,USADO,,0,0,1,0,0,0,0,0,0,0,False,TEUSAQUILLO,ARMENIA,Calle 26,111.37,1,PARQUE METROPOLITANO EL RENACIMIENTO - PARQUE CEMENTERIO CENTRAL,531.12,0,0.61,,0.0,1.0,0.0,,0.03,328.14,4.0
661-M3795447,APARTAMENTO,VENTA,20.4,108.0,2.0,2.0,918000.0,2.0,CHICO,6,ENTRE 10 Y 20 ANOS,4.68,-74.06,USADO,,0,1,0,0,0,0,0,0,0,0,False,CHAPINERO,S.C. CHICO NORTE III SECTOR,Calle 100 - Marketmedios,261.57,1,PARQUE VECINAL URBANIZACIÓN NORMANDIA I II II Y IV SECTOR,734.69,0,0.19,,1.0,1.0,0.0,,0.02,301.76,1.0
11813-M4676032,APARTAMENTO,VENTA,19.58,63.0,2.0,2.0,3921395.93,1.0,,3,ENTRE 0 Y 5 ANOS,4.72,-74.07,USADO,,0,0,1,0,0,0,0,0,0,0,False,SUBA,CIUDAD JARDIN NORTE,Suba - AV. Boyacá,601.41,0,PARQUE ZONAL LOS LACHES LA MINA,1074.67,0,0.31,,0.5,1.0,0.0,,0.03,849.15,0.0
11813-M4675993,APARTAMENTO,VENTA,21.28,200.0,2.0,3.0,600000.0,2.0,CHICO,4,MAS DE 20 ANOS,4.65,-74.06,USADO,,0,0,1,0,0,0,0,0,0,0,False,CHAPINERO,S.C. QUINTA CAMACHO,Flores – Areandina,579.5,0,PARQUE ZONAL GUSTAVO URIBE BOTERO,741.32,0,0.11,,1.0,0.67,0.0,,0.01,313.5,2.0
11813-M4675924,APARTAMENTO,VENTA,20.07,70.0,2.0,3.0,500000.0,2.0,,4,ENTRE 10 Y 20 ANOS,4.67,-74.08,USADO,,0,0,1,1,0,0,0,0,0,0,False,BARRIOS UNIDOS,POPULAR MODELO,AV. Chile,1072.43,0,PARQUE METROPOLITANO PARQUE DE LOS NIÑOS,823.97,0,0.29,,1.0,0.67,0.0,,0.03,772.92,0.0
11813-M4676449,APARTAMENTO,VENTA,20.37,64.0,1.0,2.0,500000.0,1.0,CHICO,1,ENTRE 0 Y 5 ANOS,4.68,-74.04,USADO,,0,0,1,1,0,0,0,0,0,0,True,CHAPINERO,S.C. CHICO NORTE,Virrey,1899.5,0,PARQUE VECINAL URBANIZACIÓN LA CABRERA,1101.55,0,0.32,,1.0,0.5,0.0,,0.02,645.93,0.0
11813-M4676248,APARTAMENTO,VENTA,20.09,83.0,2.0,2.0,385000.0,1.0,,5,ENTRE 10 Y 20 ANOS,4.65,-74.08,USADO,,0,0,0,0,0,0,0,0,0,0,False,TEUSAQUILLO,NICOLAS DE FEDERMAN,Movistar Arena,428.15,1,PARQUE ZONAL NICOLAS DE FEDERMAN 3,242.64,1,0.24,,0.5,1.0,0.0,,0.02,511.94,0.0
11813-M4676266,APARTAMENTO,VENTA,20.03,74.0,2.0,2.0,437300.0,1.0,COUNTRY,5,MAS DE 20 ANOS,4.71,-74.05,USADO,,0,0,1,0,0,0,0,0,0,0,False,USAQUEN,COUNTRY CLUB,Prado,608.81,0,PARQUE ZONAL ATABANZA,1373.56,0,0.27,,0.5,1.0,0.0,,0.03,603.65,0.0
3325-M3657477,APARTAMENTO,VENTA,19.52,66.0,3.0,2.0,50000.0,1.0,COLINA Y ALREDEDORES,4,MAS DE 20 ANOS,4.72,-74.07,USADO,,0,0,0,0,0,0,0,0,0,0,False,SUBA,LAS VILLAS SECTOR III,Niza - Calle 127,756.88,0,PARQUE ZONAL LOS LACHES LA MINA,812.9,0,0.3,,0.33,1.5,0.0,,0.05,719.02,0.0
2412-M4709947,APARTAMENTO,VENTA,20.5,92.0,2.0,2.0,1200000.0,2.0,CHICO,6,ENTRE 10 Y 20 ANOS,4.68,-74.05,USADO,,0,1,0,0,1,0,0,0,0,0,False,CHAPINERO,S.C. CHICO NORTE,Virrey,1517.64,0,PARQUE VECINAL URBANIZACIÓN LA CABRERA,979.72,0,0.22,,1.0,1.0,0.0,,0.02,328.86,2.0
11813-M4676637,APARTAMENTO,VENTA,19.73,78.0,2.0,2.0,3921395.93,0.0,,2,ENTRE 10 Y 20 ANOS,4.61,-74.11,USADO,,0,0,1,0,0,0,0,0,0,0,False,PUENTE ARANDA,EL JAZMIN I SECTOR,SENA,1407.29,0,PARQUE ZONAL EL JAZMIN,249.64,1,0.25,,0.0,1.0,0.0,,0.03,2232.1,0.0
11813-M4674945,APARTAMENTO,VENTA,20.03,100.0,3.0,2.0,100000.0,1.0,,4,MAS DE 20 ANOS,4.73,-74.03,USADO,,0,0,1,0,0,0,0,0,0,0,False,USAQUEN,CAOBOS SALAZAR URB. CAPRI I Y II SECTOR,Calle 146,1831.7,0,PARQUE VECINAL NUEVA URBANIZACIÓN EL CEDRITO,469.08,1,0.2,,0.33,1.5,0.0,,0.03,300.04,1.0
11813-M4676540,APARTAMENTO,VENTA,19.64,89.0,3.0,3.0,340000.0,1.0,,4,MAS DE 20 ANOS,4.73,-74.04,USADO,,0,0,1,0,0,0,0,0,0,0,False,USAQUEN,CAOBOS SALAZAR,Calle 146,1269.91,0,PARQUE VECINAL NUEVA URBANIZACIÓN EL CEDRITO,806.41,0,0.22,,0.33,1.0,0.0,,0.03,690.25,0.0
11813-M4676297,APARTAMENTO,VENTA,20.86,157.0,2.0,2.0,820000.0,2.0,,6,MAS DE 20 ANOS,4.68,-74.05,USADO,,0,0,0,0,0,0,0,0,0,0,False,CHAPINERO,S.C. CHICO NORTE III SECTOR,Calle 100 - Marketmedios,680.9,0,PARQUE VECINAL URBANIZACIÓN NORMANDIA I II II Y IV SECTOR,767.97,0,0.13,,1.0,1.0,0.0,,0.01,176.98,3.0
304-M4291736,APARTAMENTO,VENTA,20.29,120.0,2.0,3.0,3921395.93,2.0,CHICO,6,MAS DE 20 ANOS,4.68,-74.04,USADO,,0,0,0,0,0,0,0,0,0,1,False,CHAPINERO,CHICO RESERVADO,Calle 100 - Marketmedios,1621.68,0,PARQUE ZONAL CANAL EL VIRREY EL CHICO,1547.11,0,0.17,,1.0,0.67,0.0,,0.02,146.62,2.0
5035-M4691935,APARTAMENTO,VENTA,19.24,25.19,1.0,1.0,169423.0,0.0,LA SOLEDAD,3,ENTRE 0 Y 5 ANOS,4.64,-74.07,USADO,,0,0,0,1,1,0,0,0,0,1,False,TEUSAQUILLO,QUESADA,Marly,245.86,1,PARQUE METROPOLITANO PARQUE NACIONAL (PM2A) ENRIQUE OLAYA HERRERA (SECTOR HISTORICO),1257.77,0,0.76,,0.0,1.0,0.0,,0.04,421.74,1.0
11813-M4741851,APARTAMENTO,VENTA,19.34,48.0,2.0,2.0,200000.0,0.0,,3,ENTRE 0 Y 5 ANOS,4.77,-74.04,USADO,,0,0,1,0,0,0,0,0,0,0,False,USAQUEN,EL VERBENAL I,Terminal,897.64,0,PARQUE VECINAL DESARROLLO VERBENAL I,460.15,1,0.4,,0.0,1.0,0.0,,0.04,892.71,0.0
11813-M4732449,APARTAMENTO,VENTA,20.29,97.0,3.0,2.0,607000.0,2.0,,4,ENTRE 10 Y 20 ANOS,4.75,-74.07,USADO,,0,0,1,1,0,0,0,0,0,0,False,SUBA,LA ESMERALDA (PREDIO),21 Ángeles,2302.14,0,PARQUE ZONAL SAN JOSÉ DE BAVARIA,639.23,0,0.21,,0.67,1.5,0.0,,0.03,2098.61,0.0
2363-M4583191,APARTAMENTO,VENTA,20.29,141.25,4.0,3.0,1108000.0,1.0,CHICO,4,MAS DE 20 ANOS,4.67,-74.06,USADO,,0,1,0,0,0,0,0,0,0,1,False,CHAPINERO,S.C. ANTIGUO COUNTRY,Calle 85,153.17,1,PARQUE METROPOLITANO RECONCILIACIÓN,121.66,1,0.14,,0.25,1.33,0.0,,0.03,557.3,0.0
34-M3398668,APARTAMENTO,VENTA,21.46,257.0,4.0,4.0,1700000.0,3.0,CHICO,6,ENTRE 5 Y 10 ANOS,4.66,-74.05,USADO,,0,0,0,0,0,0,0,0,0,0,False,CHAPINERO,LOS ROSALES,Calle 72,1434.35,0,PARQUE ZONAL GUSTAVO URIBE BOTERO,752.48,0,0.08,,0.75,1.0,0.0,,0.02,685.91,0.0
11813-M4675169,APARTAMENTO,VENTA,21.28,240.0,3.0,3.0,1379000.0,2.0,CHICO,6,MAS DE 20 ANOS,4.66,-74.05,USADO,,0,0,1,0,0,0,0,0,0,0,False,CHAPINERO,LOS ROSALES,Calle 76 - San Felipe,1607.21,0,PARQUE ZONAL SAN ANDRÉS,709.15,0,0.09,,0.67,1.0,0.0,,0.01,876.46,0.0
11813-M4675503,APARTAMENTO,VENTA,21.25,290.0,3.0,5.0,1200000000.0,3.0,CHICO,6,ENTRE 0 Y 5 ANOS,4.67,-74.04,USADO,,0,0,1,1,0,0,0,0,0,0,True,CHAPINERO,S.C. CHICO NORTE,Virrey,1858.98,0,PARQUE VECINAL URBANIZACIÓN LA CABRERA,1010.3,0,0.07,,1.0,0.6,0.0,,0.01,709.81,0.0
4566-M3322091,APARTAMENTO,VENTA,20.82,161.0,3.0,3.0,1027000.0,2.0,CHICO,6,ENTRE 10 Y 20 ANOS,4.66,-74.05,USADO,,0,0,0,0,0,0,0,0,0,1,False,CHAPINERO,LOS ROSALES,Calle 72,1305.59,0,PARQUE ZONAL SAN ANDRÉS,766.13,0,0.13,,0.67,1.0,0.0,,0.02,588.56,0.0
11813-M4677559,APARTAMENTO,VENTA,19.11,50.0,3.0,1.0,120000.0,0.0,CORTIJO AUTOPISTA MEDELLIN,3,ENTRE 10 Y 20 ANOS,4.73,-74.12,USADO,,0,0,1,0,0,0,0,0,0,0,False,ENGATIVA,CIUDADELA COLSUBSIDIO 4 SECTOR,Portal 80,2437.72,0,PARQUE METROPOLITANO PLANTA DE TRATAMIENTO SALITRE,897.59,0,0.38,,0.0,3.0,0.0,,0.06,2274.36,0.0
11813-M4742783,APARTAMENTO,VENTA,19.04,39.0,2.0,1.0,130000.0,0.0,NIZA ALHAMBRA,3,ENTRE 0 Y 5 ANOS,4.71,-74.08,USADO,,0,0,1,1,0,0,0,0,0,0,True,SUBA,NIZA SUR,Humedal Córdoba,960.94,0,PARQUE METROPOLITANO CEFE COMETAS,802.64,0,0.49,,0.0,2.0,0.0,,0.05,1030.57,0.0
11813-M4741838,APARTAMENTO,VENTA,19.15,38.0,2.0,1.0,200000.0,0.0,,3,ENTRE 0 Y 5 ANOS,4.77,-74.04,USADO,,0,0,1,0,0,0,0,0,0,0,False,USAQUEN,EL VERBENAL I,Terminal,897.64,0,PARQUE VECINAL DESARROLLO VERBENAL I,460.15,1,0.5,,0.0,2.0,0.0,,0.05,892.71,0.0
11813-M4741837,APARTAMENTO,VENTA,19.16,38.0,2.0,1.0,200000.0,0.0,,3,ENTRE 0 Y 5 ANOS,4.77,-74.04,USADO,,0,0,1,0,0,0,0,0,0,0,False,USAQUEN,EL VERBENAL I,Terminal,897.64,0,PARQUE VECINAL DESARROLLO VERBENAL I,460.15,1,0.5,,0.0,2.0,0.0,,0.05,892.71,0.0
11813-M4676586,APARTAMENTO,VENTA,19.64,99.0,3.0,3.0,207500.0,0.0,,3,MAS DE 20 ANOS,4.62,-74.11,USADO,,0,0,1,0,0,0,0,0,0,0,False,PUENTE ARANDA,PRIMAVERA OCCIDENTAL,Zona Industrial,956.58,0,PARQUE VECINAL GORGONZOLA,290.39,1,0.2,,0.0,1.0,0.0,,0.03,2190.99,0.0
11813-M4741857,APARTAMENTO,VENTA,19.61,76.0,3.0,2.0,3921395.93,1.0,,3,ENTRE 0 Y 5 ANOS,4.75,-74.05,USADO,,0,0,0,0,0,0,0,0,0,0,False,SUBA,GRANJAS DE NAMUR,Toberin - Foundever,463.79,1,PARQUE VECINAL DESARROLLO CANTALEJO URBANIZACIÓN CANTALEJO MANZANA B,1160.11,0,0.26,,0.33,1.5,0.0,,0.04,1495.28,0.0
11813-M4676663,APARTAMENTO,VENTA,19.94,93.0,3.0,3.0,864000.0,1.0,SANTA BARBARA,6,MAS DE 20 ANOS,4.69,-74.05,USADO,,0,0,1,0,0,0,0,0,0,0,False,USAQUEN,SAN PATRICIO,Pepe Sierra,541.46,0,PARQUE ZONAL CANAL CORDOBA,1674.42,0,0.21,,0.33,1.0,0.0,,0.03,183.7,2.0
11813-M4674979,APARTAMENTO,VENTA,19.25,56.0,3.0,2.0,120000.0,1.0,CIUDAD BOLIVAR,3,ENTRE 5 Y 10 ANOS,4.58,-74.16,USADO,,0,0,1,0,0,0,0,0,0,0,False,CIUDAD BOLIVAR,EL ENSUENO,CC Paseo Villa del Río - Madelena,1400.01,0,PARQUE ZONAL EL TALLER EL ENSUEÑO,323.51,1,0.34,,0.33,1.5,0.0,,0.05,1722.55,0.0
11813-M4675928,APARTAMENTO,VENTA,20.89,160.0,3.0,4.0,890000.0,2.0,CHICO,5,ENTRE 0 Y 5 ANOS,4.67,-74.04,USADO,,0,0,1,0,0,0,0,0,0,0,False,CHAPINERO,CHICO ALTO,Calle 85,1917.86,0,PARQUE VECINAL URBANIZACIÓN LA CABRERA,862.54,0,0.13,,0.67,0.75,0.0,,0.02,809.77,0.0
11813-M4674978,APARTAMENTO,VENTA,20.62,155.0,3.0,3.0,885000.0,2.0,,6,MAS DE 20 ANOS,4.69,-74.06,USADO,,0,0,1,0,0,0,0,0,0,0,False,CHAPINERO,S.C. CHICO NORTE III SECTOR,Calle 100 - Marketmedios,215.62,1,PARQUE VECINAL URBANIZACIÓN NORMANDIA I II II Y IV SECTOR,941.21,0,0.13,,0.67,1.0,0.0,,0.02,577.18,0.0
11813-M4705366,APARTAMENTO,VENTA,19.34,79.0,3.0,2.0,100000.0,0.0,,2,MAS DE 20 ANOS,4.63,-74.17,USADO,,0,0,1,0,0,0,0,0,0,0,False,KENNEDY,DINDALITO I ETAPA,Portal Américas,457.67,1,PARQUE ZONAL GILMA JIMENEZ (LAS MARGARITAS),1145.19,0,0.24,,0.0,1.5,0.0,,0.04,3399.19,0.0
9947-M4660706,APARTAMENTO,VENTA,19.58,90.0,2.0,3.0,125000.0,1.0,CEDRITOS,4,ENTRE 5 Y 10 ANOS,4.73,-74.03,USADO,,0,0,0,0,0,0,0,0,0,0,False,USAQUEN,CEDRO SALAZAR,Calle 146,2579.2,0,PARQUE ZONAL ALTA BLANCA,817.29,0,0.22,,0.5,0.67,0.0,,0.02,708.38,0.0
11813-M4705595,APARTAMENTO,VENTA,19.19,56.0,2.0,2.0,100000.0,0.0,NORMANDIA,2,ENTRE 10 Y 20 ANOS,4.63,-74.17,USADO,,0,0,1,0,0,0,0,0,0,0,False,KENNEDY,GRAN BRITALIA,Portal Américas,340.78,1,PARQUE ZONAL GILMA JIMENEZ (LAS MARGARITAS),661.36,0,0.34,,0.0,1.0,0.0,,0.04,2848.75,0.0
11813-M4705369,APARTAMENTO,VENTA,19.54,61.0,3.0,2.0,176000.0,0.0,,4,ENTRE 5 Y 10 ANOS,4.75,-74.08,USADO,,0,0,1,0,0,0,0,0,0,0,False,SUBA,EL PINAR DE SUBA,La Campiña,994.19,0,PARQUE VECINAL URBANIZACIÓN VALLE DE REFOUS,691.85,0,0.32,,0.0,1.5,0.0,,0.05,1199.96,0.0
11813-M4703455,APARTAMENTO,VENTA,19.73,57.0,1.0,2.0,300000.0,2.0,,6,ENTRE 10 Y 20 ANOS,4.71,-74.05,USADO,,0,0,1,0,0,0,0,0,0,0,False,USAQUEN,LA CALLEJA,Calle 127,839.46,0,PARQUE METROPOLITANO EL COUNTRY,911.56,0,0.35,,2.0,0.5,0.0,,0.02,593.66,0.0
11813-M4703436,APARTAMENTO,VENTA,20.37,130.0,3.0,3.0,3921395.93,1.0,,5,MAS DE 20 ANOS,4.7,-74.05,USADO,,0,0,1,0,0,0,0,0,0,0,False,USAQUEN,SANTA BARBARA OCCIDENTAL,Calle 127,169.63,1,PARQUE ZONAL ATABANZA,828.77,0,0.16,,0.33,1.0,0.0,,0.02,218.08,5.0
11813-M4703453,APARTAMENTO,VENTA,19.11,52.0,3.0,2.0,156000.0,0.0,,2,MAS DE 20 ANOS,4.64,-74.16,USADO,,0,0,0,0,0,0,0,0,0,0,False,KENNEDY,CIUDAD TECHO II,Biblioteca Tintal,510.82,0,PARQUE METROPOLITANO BIBLIOTECA EL TINTAL,444.94,1,0.37,,0.0,1.5,0.0,,0.06,3044.69,0.0
11813-M4676226,APARTAMENTO,VENTA,20.59,150.0,2.0,3.0,700000.0,2.0,,6,MAS DE 20 ANOS,4.66,-74.05,USADO,,0,0,1,0,0,0,0,0,0,0,False,CHAPINERO,LOS ROSALES,Calle 76 - San Felipe,1613.29,0,PARQUE ZONAL SAN ANDRÉS,866.58,0,0.14,,1.0,0.67,0.0,,0.01,920.94,0.0
11813-M4676423,APARTAMENTO,VENTA,19.52,40.0,1.0,1.0,250000.0,1.0,,3,ENTRE 0 Y 5 ANOS,4.61,-74.07,USADO,,0,0,1,1,0,0,0,0,0,0,False,SANTA FE,LAS NIEVES,San Diego,379.82,1,PARQUE METROPOLITANO INDEPENDENCIA BICENTENARIO,451.1,1,0.49,,1.0,1.0,0.0,,0.02,451.56,3.0
11813-M4676076,APARTAMENTO,VENTA,20.39,155.0,3.0,4.0,3921395.93,2.0,,5,ENTRE 0 Y 5 ANOS,4.7,-74.05,USADO,,0,0,1,0,0,0,0,0,0,0,False,USAQUEN,SANTA BARBARA OCCIDENTAL,Calle 127,130.85,1,PARQUE ZONAL ATABANZA,757.84,0,0.13,,0.67,0.75,0.0,,0.02,63.02,5.0
11813-M4676165,APARTAMENTO,VENTA,21.09,205.0,3.0,3.0,3921395.93,2.0,,6,ENTRE 0 Y 5 ANOS,4.65,-74.05,USADO,,0,0,1,0,0,0,0,0,0,0,False,CHAPINERO,S.C. BELLAVISTA,Calle 72,1349.53,0,PARQUE ZONAL GUSTAVO URIBE BOTERO,500.0,1,0.1,,0.67,1.0,0.0,,0.01,607.01,0.0
11813-M4675320,APARTAMENTO,VENTA,20.28,75.0,1.0,1.0,500000.0,1.0,,5,ENTRE 10 Y 20 ANOS,4.67,-74.06,USADO,,0,0,1,0,0,0,0,0,0,0,False,CHAPINERO,S.C. ANTIGUO COUNTRY,Calle 85,117.94,1,PARQUE METROPOLITANO RECONCILIACIÓN,51.75,1,0.27,,1.0,1.0,0.0,,0.01,514.97,0.0
11813-M4676412,APARTAMENTO,VENTA,19.97,89.0,2.0,2.0,632000.0,1.0,,6,MAS DE 20 ANOS,4.7,-74.04,USADO,,0,0,1,0,0,0,0,0,0,0,False,USAQUEN,SANTA BARBARA CENTRAL I Y II,Pepe Sierra,1468.37,0,PARQUE METROPOLITANO EL COUNTRY,1010.33,0,0.22,,0.5,1.0,0.0,,0.02,638.74,0.0
11813-M4675933,APARTAMENTO,VENTA,20.14,120.0,3.0,3.0,530000.0,2.0,,5,MAS DE 20 ANOS,4.72,-74.07,USADO,,0,0,1,0,0,0,0,0,0,0,False,SUBA,URB. COLINA NORTE II ETAPA,Suba - AV. Boyacá,1114.22,0,PARQUE VECINAL PRADO PINZÓN,1265.17,0,0.17,,0.67,1.0,0.0,,0.02,350.17,2.0
11813-M4675032,APARTAMENTO,VENTA,20.03,103.0,2.0,3.0,3921395.93,1.0,,6,MAS DE 20 ANOS,4.7,-74.04,USADO,,0,0,1,0,0,0,0,0,0,0,False,USAQUEN,SANTA BARBARA CENTRAL III SECTOR,Pepe Sierra,2114.2,0,PARQUE METROPOLITANO EL COUNTRY,1059.3,0,0.19,,0.5,0.67,0.0,,0.02,495.55,1.0
684-M4531210,APARTAMENTO,VENTA,20.13,68.6,2.0,2.0,460000.0,1.0,TIMIZA LA ALQUERIA,4,ENTRE 0 Y 5 ANOS,4.62,-74.07,USADO,,0,0,0,0,0,0,0,0,0,1,False,SANTA FE,SAMPER,Calle 26,191.03,1,PARQUE METROPOLITANO INDEPENDENCIA BICENTENARIO,511.33,0,0.29,,0.5,1.0,0.0,,0.03,158.82,6.0
4566-M4321430,APARTAMENTO,VENTA,19.81,74.4,2.0,2.0,738500.0,1.0,SANTA BARBARA,6,MAS DE 20 ANOS,4.7,-74.04,USADO,,0,0,0,0,0,0,0,0,0,1,False,USAQUEN,SANTA BARBARA CENTRAL I SECTOR,Pepe Sierra,2063.31,0,PARQUE METROPOLITANO EL COUNTRY,868.63,0,0.27,,0.5,1.0,0.0,,0.03,505.24,0.0
11813-M4676324,APARTAMENTO,VENTA,19.56,74.0,4.0,2.0,3921395.93,1.0,,3,ENTRE 0 Y 5 ANOS,4.55,-74.09,USADO,,0,0,1,0,0,0,0,0,0,0,False,SAN CRISTOBAL,LA COLMENA,Portal 20 de Julio,1388.19,0,PARQUE ZONAL LA VICTORIA,191.36,1,0.26,,0.25,2.0,0.0,,0.05,4844.77,0.0
2765-M3450785,APARTAMENTO,VENTA,20.56,124.0,3.0,3.0,1000000.0,2.0,SANTA BARBARA,6,ENTRE 10 Y 20 ANOS,4.69,-74.05,USADO,,0,0,0,0,0,0,0,0,0,0,False,USAQUEN,SANTA BIBIANA,Calle 100 - Marketmedios,541.54,0,PARQUE VECINAL URBANIZACIÓN NORMANDIA I II II Y IV SECTOR,1243.07,0,0.17,,0.67,1.0,0.0,,0.02,621.37,0.0
11813-M4676428,APARTAMENTO,VENTA,20.09,97.0,3.0,2.0,557000.0,2.0,,6,ENTRE 0 Y 5 ANOS,4.7,-74.03,USADO,,0,0,1,0,0,0,0,0,0,0,False,USAQUEN,SANTA BARBARA CENTRAL IV SECTOR,Pepe Sierra,2394.28,0,PARQUE METROPOLITANO EL COUNTRY,960.15,0,0.21,,0.67,1.5,0.0,,0.03,191.38,2.0
2412-1809952,APARTAMENTO,VENTA,21.51,274.0,3.0,4.0,1200000.0,3.0,CHICO,6,ENTRE 10 Y 20 ANOS,4.67,-74.05,USADO,,0,0,0,0,0,0,0,0,0,1,False,CHAPINERO,S.C. EL CHICO,Calle 85,1632.0,0,PARQUE VECINAL URBANIZACIÓN LA CABRERA,583.55,0,0.08,,1.0,0.75,0.0,,0.01,524.23,0.0
698-M4058079,APARTAMENTO,VENTA,20.37,157.0,3.0,4.0,800000.0,2.0,SANTA BARBARA,6,MAS DE 20 ANOS,4.7,-74.04,USADO,,0,1,0,0,0,0,0,0,0,1,False,USAQUEN,SANTA BARBARA CENTRAL I SECTOR,Pepe Sierra,1552.03,0,PARQUE METROPOLITANO EL COUNTRY,903.08,0,0.13,,0.67,0.75,0.0,,0.02,678.42,0.0
16606-M4735616,APARTAMENTO,VENTA,19.58,80.0,3.0,2.0,220000.0,1.0,,3,ENTRE 10 Y 20 ANOS,4.63,-74.14,USADO,,0,0,0,0,0,1,0,0,0,1,False,KENNEDY,MANDALAY,Mandalay,241.46,1,PARQUE VECINAL URBANIZACIÓN BURGOS BRITALIA 1,658.3,0,0.24,,0.33,1.5,0.0,,0.04,1366.58,0.0
11813-M4676122,APARTAMENTO,VENTA,19.98,85.0,3.0,2.0,239000.0,1.0,,4,ENTRE 10 Y 20 ANOS,4.74,-74.07,USADO,,0,0,1,0,0,0,0,0,0,0,False,SUBA,CASABLANCA (HACIENDA),21 Ángeles,1680.82,0,PARQUE ZONAL EL TOMILLAR,701.35,0,0.24,,0.33,1.5,0.0,,0.04,857.93,0.0
11813-M4675280,APARTAMENTO,VENTA,20.09,110.0,2.0,3.0,624000.0,1.0,,6,ENTRE 5 Y 10 ANOS,4.7,-74.04,USADO,,0,0,1,0,0,0,0,0,0,0,False,USAQUEN,SANTA BARBARA CENTRAL I SECTOR,Pepe Sierra,1641.34,0,PARQUE METROPOLITANO EL COUNTRY,973.91,0,0.18,,0.5,0.67,0.0,,0.02,712.94,0.0
3229-M4453601,APARTAMENTO,VENTA,19.85,69.0,2.0,2.0,220000.0,1.0,NIZA ALHAMBRA,5,ENTRE 5 Y 10 ANOS,4.71,-74.06,USADO,,0,0,0,0,1,0,0,0,0,0,False,SUBA,EL BATAN,Calle 127,384.26,1,PARQUE ZONAL ATABANZA,377.43,1,0.29,,0.5,1.0,0.0,,0.03,530.52,0.0
11813-M4690486,APARTAMENTO,VENTA,20.34,157.0,4.0,3.0,3921395.93,2.0,,4,ENTRE 0 Y 5 ANOS,4.73,-74.05,USADO,,0,0,1,0,0,0,0,0,0,0,False,USAQUEN,LOS CEDRITOS,Calle 142,163.55,1,PARQUE VECINAL PRADO PINZÓN,541.26,0,0.13,,0.5,1.33,0.0,,0.03,784.01,0.0
11813-M4676608,APARTAMENTO,VENTA,19.7,80.0,3.0,2.0,350000.0,1.0,,3,ENTRE 10 Y 20 ANOS,4.75,-74.06,USADO,,0,0,1,0,0,0,0,0,0,0,False,SUBA,,Toberin - Foundever,1217.76,0,PARQUE ZONAL SAN JOSÉ DE BAVARIA,826.54,0,0.25,,0.33,1.5,0.0,,0.04,1811.35,0.0
11813-M4675448,APARTAMENTO,VENTA,19.83,70.0,2.0,2.0,673000.0,1.0,,4,ENTRE 5 Y 10 ANOS,4.7,-74.03,USADO,,0,0,1,0,0,0,0,0,0,0,False,USAQUEN,BELLA SUIZA,Calle 127,2630.54,0,PARQUE METROPOLITANO EL COUNTRY,893.01,0,0.28,,0.5,1.0,0.0,,0.03,772.68,0.0
11813-M4676084,APARTAMENTO,VENTA,19.01,51.0,3.0,2.0,120000.0,0.0,CASTILLA MARSELLA,3,ENTRE 5 Y 10 ANOS,4.64,-74.14,USADO,,0,0,1,1,0,0,0,0,0,0,False,KENNEDY,CASTILLA,Mandalay,724.11,0,PARQUE ZONAL CASTILLA,355.77,1,0.37,,0.0,1.5,0.0,,0.06,1778.48,0.0
11813-M4675376,APARTAMENTO,VENTA,20.49,130.0,3.0,3.0,590000.0,3.0,SANTA BARBARA,6,MAS DE 20 ANOS,4.7,-74.03,USADO,,0,0,1,0,0,0,0,0,0,0,False,USAQUEN,SANTA BARBARA CENTRAL IV SECTOR,Calle 127,2322.65,0,PARQUE METROPOLITANO EL COUNTRY,785.32,0,0.16,,1.0,1.0,0.0,,0.02,346.34,1.0
12503-M4611456,APARTAMENTO,VENTA,19.83,68.0,2.0,2.0,570000.0,1.0,COUNTRY,5,ENTRE 10 Y 20 ANOS,4.72,-74.03,USADO,,0,0,0,0,0,0,0,0,0,1,False,USAQUEN,LISBOA_,Alcalá,1943.67,0,PARQUE VECINAL NUEVA URBANIZACIÓN EL CEDRITO,834.15,0,0.29,,0.5,1.0,0.0,,0.03,371.93,1.0
11813-M4741903,APARTAMENTO,VENTA,19.3,38.0,1.0,1.0,138000.0,0.0,,4,ENTRE 0 Y 5 ANOS,4.66,-74.12,USADO,,0,0,1,0,0,0,0,0,0,0,False,FONTIBON,LA ESPERANZA_,Normandía,1236.47,0,PARQUE ZONAL CANAL BOYACA,441.33,1,0.51,,0.0,1.0,0.0,,0.03,410.27,1.0
11813-M4703438,APARTAMENTO,VENTA,19.4,56.0,3.0,2.0,3921395.93,1.0,COLINA Y ALREDEDORES,3,ENTRE 10 Y 20 ANOS,4.75,-74.05,USADO,,0,0,1,0,0,0,0,0,0,0,False,SUBA,BRITALIA LAS MARGARITAS,Toberin - Foundever,358.35,1,PARQUE VECINAL DESARROLLO CANTALEJO URBANIZACIÓN CANTALEJO MANZANA B,913.8,0,0.35,,0.33,1.5,0.0,,0.05,1572.6,0.0
11813-M4741887,APARTAMENTO,VENTA,20.14,110.0,3.0,2.0,507000.0,2.0,,4,ENTRE 10 Y 20 ANOS,4.73,-74.04,USADO,,0,0,1,1,0,0,0,0,0,0,False,USAQUEN,PARQUES DE LORENA,Calle 146,1438.78,0,PARQUE ZONAL LA VIDA,848.41,0,0.18,,0.67,1.5,0.0,,0.03,479.56,1.0
11813-M4741822,APARTAMENTO,VENTA,19.61,69.0,3.0,2.0,300000.0,1.0,,4,ENTRE 5 Y 10 ANOS,4.72,-74.13,USADO,,0,0,0,0,0,0,0,0,0,0,False,ENGATIVA,S.C. ENGATIVA EL DORADO,Portal 80,2674.8,0,PARQUE METROPOLITANO PLANTA DE TRATAMIENTO SALITRE,1038.99,0,0.28,,0.33,1.5,0.0,,0.04,2461.9,0.0
11813-M4676219,APARTAMENTO,VENTA,20.21,130.0,2.0,2.0,200000.0,2.0,,6,MAS DE 20 ANOS,4.69,-74.04,USADO,,0,0,1,0,0,0,0,0,0,0,False,USAQUEN,SANTA BARBARA CENTRAL III SECTOR,Pepe Sierra,2095.97,0,PARQUE METROPOLITANO EL COUNTRY,1272.29,0,0.16,,1.0,1.0,0.0,,0.02,297.73,1.0
11813-M4676029,APARTAMENTO,VENTA,19.99,92.0,3.0,2.0,300000.0,2.0,,4,ENTRE 5 Y 10 ANOS,4.74,-74.03,USADO,,0,0,1,0,0,0,0,0,0,0,False,USAQUEN,VILLAS DE ARANJUEZ,Toberin - Foundever,1615.15,0,PARQUE VECINAL URBANIZACIÓN TOBERIN,766.0,0,0.22,,0.67,1.5,0.0,,0.03,547.59,0.0
11813-M4676359,APARTAMENTO,VENTA,19.91,116.0,3.0,3.0,410000.0,0.0,CHICO,3,MAS DE 20 ANOS,4.68,-74.05,USADO,,0,0,1,0,0,0,0,0,0,0,True,CHAPINERO,S.C. CHICO NORTE,Calle 100 - Marketmedios,1179.76,0,PARQUE ZONAL CANAL EL VIRREY EL CHICO,928.5,0,0.17,,0.0,1.0,0.0,,0.03,293.41,4.0
11813-M4703459,APARTAMENTO,VENTA,19.66,80.0,3.0,2.0,170000.0,1.0,,3,ENTRE 0 Y 5 ANOS,4.65,-74.15,USADO,,0,0,1,0,0,0,0,0,0,0,False,KENNEDY,S.C. TINTALA - CIUDADELA NUEVA CASTILLA,Biblioteca Tintal,1598.68,0,PARQUE METROPOLITANO BIBLIOTECA EL TINTAL,782.72,0,0.25,,0.33,1.5,0.0,,0.04,2415.29,0.0
11813-M4676146,APARTAMENTO,VENTA,19.4,27.0,1.0,1.0,3921395.93,0.0,CHAPINERO ALTO,3,ENTRE 0 Y 5 ANOS,4.64,-74.06,USADO,,0,0,0,0,0,0,0,0,0,0,False,CHAPINERO,S.C. CHAPINERO CENTRAL,Calle 57,318.19,1,PARQUE ZONAL GUSTAVO URIBE BOTERO,1431.47,0,0.72,,0.0,1.0,0.0,,0.04,1068.27,0.0
11813-M4675934,APARTAMENTO,VENTA,20.21,99.0,3.0,2.0,320000.0,2.0,NIZA ALHAMBRA,4,ENTRE 10 Y 20 ANOS,4.71,-74.08,USADO,,0,0,1,1,0,0,0,0,0,0,True,SUBA,NIZA SUR,Humedal Córdoba,1026.53,0,PARQUE METROPOLITANO CEFE COMETAS,694.64,0,0.2,,0.67,1.5,0.0,,0.03,1046.67,0.0
11813-M4676658,APARTAMENTO,VENTA,19.26,53.0,2.0,2.0,220000.0,1.0,,4,ENTRE 10 Y 20 ANOS,4.75,-74.02,USADO,,0,0,1,1,0,0,0,0,0,0,False,USAQUEN,S.C. HORIZONTES NORTE,Portal Norte,2457.3,0,PARQUE ZONAL SERVITA,1411.82,0,0.36,,0.5,1.0,0.0,,0.04,1558.24,0.0
9947-M4555757,APARTAMENTO,VENTA,20.67,128.0,3.0,2.0,3921395.93,2.0,COUNTRY,6,ENTRE 10 Y 20 ANOS,4.71,-74.05,USADO,,0,0,0,0,0,0,0,0,0,0,False,USAQUEN,SABANALARGA,Calle 127,964.15,0,PARQUE METROPOLITANO EL COUNTRY,809.31,0,0.16,,0.67,1.5,0.0,,0.02,537.29,0.0
11813-M4676206,APARTAMENTO,VENTA,20.72,135.0,3.0,3.0,865000.0,2.0,,6,MAS DE 20 ANOS,4.69,-74.05,USADO,,0,0,1,0,0,0,0,0,0,0,False,USAQUEN,SANTA BIBIANA,Calle 100 - Marketmedios,492.52,1,PARQUE VECINAL URBANIZACIÓN NORMANDIA I II II Y IV SECTOR,1149.66,0,0.15,,0.67,1.0,0.0,,0.02,509.06,0.0
11813-M4675544,APARTAMENTO,VENTA,19.67,75.0,3.0,2.0,330000.0,1.0,COLINA Y ALREDEDORES,3,MAS DE 20 ANOS,4.72,-74.06,USADO,,0,0,0,0,0,0,0,0,0,0,False,SUBA,SAN JOSE DEL PRADO,Alcalá,725.43,0,PARQUE VECINAL PRADO PINZÓN,677.08,0,0.26,,0.33,1.5,0.0,,0.04,493.03,1.0
384-4034,APARTAMENTO,VENTA,19.53,33.0,1.0,1.0,148500.0,0.0,SALITRE MODELIA,4,REMODELADO,4.67,-74.11,USADO,,0,0,0,0,0,0,0,0,0,0,False,ENGATIVA,NORMANDIA,AV. Rojas,410.11,1,PARQUE ZONAL CANAL BOYACA,912.6,0,0.59,,0.0,1.0,0.0,,0.03,701.18,0.0
384-3677,APARTAMENTO,VENTA,20.66,111.0,3.0,3.0,499500.0,0.0,SALITRE MODELIA,4,ENTRE 0 Y 5 ANOS,4.66,-74.11,USADO,,0,0,0,0,0,0,0,0,0,0,False,FONTIBON,LA ESPERANZA NORTE,Normandía,493.38,1,PARQUE ZONAL CANAL BOYACA,634.97,0,0.19,,0.0,1.0,0.0,,0.03,778.07,0.0
384-4035,APARTAMENTO,VENTA,20.14,64.0,2.0,2.0,288000.0,0.0,SALITRE MODELIA,4,ENTRE 0 Y 5 ANOS,4.66,-74.11,USADO,,0,0,0,0,0,0,0,0,0,0,False,FONTIBON,LA ESPERANZA NORTE,AV. Rojas,363.71,1,PARQUE VECINAL CARLOS LLERAS (EL FUEGO),737.66,0,0.31,,0.0,1.0,0.0,,0.03,601.93,0.0
183-M3624343,APARTAMENTO,VENTA,19.92,91.62,3.0,2.0,320000.0,2.0,COUNTRY,5,MAS DE 20 ANOS,4.71,-74.03,USADO,,0,1,0,0,0,0,0,0,0,0,False,USAQUEN,LISBOA_,Prado,2097.5,0,PARQUE VECINAL NUEVA URBANIZACIÓN EL CEDRITO,986.79,0,0.22,,0.67,1.5,0.0,,0.03,219.69,3.0
11813-M4693997,APARTAMENTO,VENTA,19.61,50.0,3.0,2.0,210000.0,0.0,,3,ENTRE 0 Y 5 ANOS,4.62,-74.07,USADO,,0,0,1,0,0,0,0,0,0,0,False,SANTA FE,SAMPER,Calle 34,159.59,1,PARQUE METROPOLITANO PARQUE NACIONAL (PM2A) ENRIQUE OLAYA HERRERA (SECTOR HISTORICO),503.92,0,0.39,,0.0,1.5,0.0,,0.06,508.17,0.0
11813-M4675279,APARTAMENTO,VENTA,20.45,140.0,3.0,3.0,850000.0,2.0,,5,ENTRE 10 Y 20 ANOS,4.72,-74.04,USADO,,0,0,1,1,0,0,0,0,0,0,False,USAQUEN,EL CONTADOR,Alcalá,816.02,0,PARQUE VECINAL NUEVA URBANIZACIÓN EL CEDRITO,1208.14,0,0.15,,0.67,1.0,0.0,,0.02,307.09,1.0
11813-M4675999,APARTAMENTO,VENTA,20.09,65.0,1.0,2.0,520000.0,1.0,,6,ENTRE 5 Y 10 ANOS,4.68,-74.06,USADO,,0,0,1,1,0,0,0,0,0,0,False,CHAPINERO,S.C. CHICO NORTE III SECTOR,Calle 100 - Marketmedios,244.02,1,PARQUE VECINAL URBANIZACIÓN NORMANDIA I II II Y IV SECTOR,577.19,0,0.31,,1.0,0.5,0.0,,0.02,311.81,1.0
11813-M4676053,APARTAMENTO,VENTA,19.47,30.0,1.0,1.0,250000.0,0.0,,5,ENTRE 0 Y 5 ANOS,4.68,-74.06,USADO,,0,0,1,0,0,0,0,0,0,0,False,CHAPINERO,S.C. CHICO NORTE III SECTOR,Calle 100 - Marketmedios,71.4,1,PARQUE VECINAL URBANIZACIÓN NORMANDIA I II II Y IV SECTOR,802.09,0,0.65,,0.0,1.0,0.0,,0.03,518.44,0.0
11813-M4676422,APARTAMENTO,VENTA,19.83,90.0,3.0,2.0,3921395.93,1.0,,4,ENTRE 0 Y 5 ANOS,4.67,-74.12,USADO,,0,0,1,0,0,0,0,0,0,0,False,FONTIBON,MODELIA OCCIDENTAL,Modelia,1285.99,0,PARQUE VECINAL MODELIA SECTOR A,612.68,0,0.22,,0.33,1.5,0.0,,0.03,496.19,1.0
11813-M4676426,APARTAMENTO,VENTA,21.19,202.0,3.0,3.0,1150000.0,2.0,,6,MAS DE 20 ANOS,4.65,-74.05,USADO,,0,0,1,0,0,0,0,0,0,0,False,CHAPINERO,S.C. LAS ACACIAS,Flores – Areandina,1643.73,0,PARQUE ZONAL GUSTAVO URIBE BOTERO,359.06,1,0.1,,0.67,1.0,0.0,,0.01,803.09,0.0
11813-M4676630,APARTAMENTO,VENTA,20.17,109.0,3.0,3.0,300000.0,2.0,,4,MAS DE 20 ANOS,4.7,-74.06,USADO,,0,0,1,0,0,0,0,0,0,0,False,SUBA,EL BATAN,Calle 127,644.16,0,PARQUE ZONAL ATABANZA,606.1,0,0.19,,0.67,1.0,0.0,,0.03,812.77,0.0
164-M3312093,APARTAMENTO,VENTA,21.18,224.96,3.0,4.0,1330300.0,4.0,CHICO,6,MAS DE 20 ANOS,4.68,-74.04,USADO,,0,0,0,0,1,0,0,0,0,0,False,CHAPINERO,CHICO RESERVADO,Calle 100 - Marketmedios,1759.04,0,PARQUE VECINAL URBANIZACIÓN LA CABRERA,1223.74,0,0.09,,1.33,0.75,0.0,,0.01,391.02,2.0
164-M3708706,APARTAMENTO,VENTA,20.46,69.8,2.0,2.0,3921395.93,1.0,CENTRO NARINO,4,ENTRE 0 Y 5 ANOS,4.63,-74.09,USADO,,0,0,0,0,0,0,0,0,0,0,False,TEUSAQUILLO,GRAN AMERICA,CAD,314.31,1,PARQUE METROPOLITANO EL RENACIMIENTO - PARQUE CEMENTERIO CENTRAL,1234.98,0,0.29,,0.5,1.0,0.0,,0.03,1191.78,0.0
34-M3289237,APARTAMENTO,VENTA,21.13,193.0,3.0,3.0,1200000.0,2.0,CHICO,6,ENTRE 10 Y 20 ANOS,4.66,-74.05,USADO,,0,1,0,0,0,0,0,0,0,1,False,CHAPINERO,S.C. BELLAVISTA,Calle 72,1211.25,0,PARQUE ZONAL GUSTAVO URIBE BOTERO,804.48,0,0.11,,0.67,1.0,0.0,,0.02,478.4,1.0
10202-M4011379,APARTAMENTO,VENTA,19.76,80.0,3.0,2.0,3921395.93,1.0,KENNEDY,3,ENTRE 0 Y 5 ANOS,4.65,-74.15,USADO,,0,0,0,0,0,0,0,0,0,0,False,KENNEDY,S.C. TINTALA - CIUDADELA NUEVA CASTILLA,Biblioteca Tintal,1603.48,0,PARQUE METROPOLITANO BIBLIOTECA EL TINTAL,780.02,0,0.25,,0.33,1.5,0.0,,0.04,2452.04,0.0
10151-M4742524,APARTAMENTO,VENTA,20.14,111.13,3.0,2.0,745000.0,2.0,COUNTRY,5,ENTRE 10 Y 20 ANOS,4.72,-74.05,USADO,,0,0,0,0,0,0,0,0,0,1,False,USAQUEN,EL CONTADOR,Alcalá,728.15,0,PARQUE VECINAL PRADO PINZÓN,1300.86,0,0.18,,0.67,1.5,0.0,,0.03,334.56,1.0
11813-M4703451,APARTAMENTO,VENTA,19.86,78.0,2.0,3.0,520000.0,2.0,,5,ENTRE 0 Y 5 ANOS,4.72,-74.05,USADO,,0,0,1,0,0,0,0,0,0,0,False,USAQUEN,EL CONTADOR,Alcalá,675.11,0,PARQUE VECINAL PRADO PINZÓN,1251.09,0,0.25,,1.0,0.67,0.0,,0.03,299.95,1.0
4566-M3499225,APARTAMENTO,VENTA,21.31,231.0,3.0,3.0,1132800.0,1.0,,6,MAS DE 20 ANOS,4.65,-74.05,USADO,,0,0,0,0,0,0,0,0,0,0,False,CHAPINERO,S.C. BELLAVISTA,Flores – Areandina,1691.5,0,PARQUE ZONAL GUSTAVO URIBE BOTERO,408.75,1,0.09,,0.33,1.0,0.0,,0.01,851.55,0.0
11813-M4741840,APARTAMENTO,VENTA,20.16,85.0,2.0,3.0,544000.0,2.0,SANTA BARBARA,6,ENTRE 10 Y 20 ANOS,4.69,-74.06,USADO,,0,0,1,0,0,0,0,0,0,0,False,USAQUEN,SANTA BIBIANA,Calle 106,348.2,1,PARQUE VECINAL URBANIZACIÓN NORMANDIA I II II Y IV SECTOR,1458.25,0,0.24,,1.0,0.67,0.0,,0.02,864.14,0.0
3229-M4453680,APARTAMENTO,VENTA,19.77,69.0,2.0,3.0,385000.0,1.0,NIZA ALHAMBRA,5,ENTRE 10 Y 20 ANOS,4.71,-74.06,USADO,,0,0,0,0,1,0,0,0,0,0,False,SUBA,EL BATAN,Calle 127,281.43,1,PARQUE ZONAL ATABANZA,478.39,1,0.29,,0.5,0.67,0.0,,0.03,440.2,3.0
3229-M4060707,APARTAMENTO,VENTA,19.96,94.0,3.0,2.0,864300.0,1.0,SANTA BARBARA,6,MAS DE 20 ANOS,4.69,-74.05,USADO,,0,0,0,0,1,0,0,0,0,0,False,USAQUEN,SAN PATRICIO,Pepe Sierra,543.09,0,PARQUE ZONAL CANAL CORDOBA,1676.95,0,0.21,,0.33,1.5,0.0,,0.03,179.38,2.0
2363-M4692509,APARTAMENTO,VENTA,19.67,94.0,3.0,2.0,50000.0,1.0,CHAPINERO,3,REMODELADO,4.65,-74.07,USADO,,0,0,0,0,0,0,0,0,0,0,False,TEUSAQUILLO,CHAPINERO OCCIDENTAL,Calle 63,237.1,1,PARQUE ZONAL GIMNASIO DEL NORTE,1203.69,0,0.21,,0.33,1.5,0.0,,0.03,819.6,0.0
11813-M4676566,APARTAMENTO,VENTA,21.64,350.0,4.0,5.0,3921395.93,3.0,,6,ENTRE 0 Y 5 ANOS,4.65,-74.05,USADO,,0,0,1,0,0,0,0,0,0,0,False,CHAPINERO,S.C. LAS ACACIAS,Flores – Areandina,1508.12,0,PARQUE ZONAL GUSTAVO URIBE BOTERO,249.97,1,0.06,,0.75,0.8,0.0,,0.01,671.85,0.0
11813-M4675349,APARTAMENTO,VENTA,20.47,200.0,3.0,2.0,219000.0,1.0,,4,ENTRE 0 Y 5 ANOS,4.65,-74.08,USADO,,0,0,1,0,0,0,0,0,0,0,False,TEUSAQUILLO,CAMPIN OCCIDENTAL,Campín - UAN,64.7,1,PARQUE ESCENARIO DEPORTIVO EL CAMPINCITO - CEAD,135.27,1,0.1,,0.33,1.5,0.0,,0.02,400.99,1.0
11813-M4675281,APARTAMENTO,VENTA,20.55,126.0,3.0,4.0,466000.0,2.0,,4,ENTRE 10 Y 20 ANOS,4.74,-74.06,USADO,,0,0,1,1,0,0,0,0,0,0,False,SUBA,URB. VERSALLES,Mazurén,1297.5,0,PARQUE VECINAL DESARROLLO CANTALEJO URBANIZACIÓN CANTALEJO MANZANA B,523.85,0,0.16,,0.67,0.75,0.0,,0.02,978.85,0.0
11813-M4675203,APARTAMENTO,VENTA,19.95,77.0,2.0,3.0,462500.0,2.0,,5,ENTRE 10 Y 20 ANOS,4.72,-74.03,USADO,,0,0,1,1,0,0,0,0,0,0,False,USAQUEN,CEDRITOS,Alcalá,2026.08,0,PARQUE VECINAL NUEVA URBANIZACIÓN EL CEDRITO,655.82,0,0.26,,1.0,0.67,0.0,,0.03,500.24,0.0
11813-M4676159,APARTAMENTO,VENTA,19.16,59.0,3.0,2.0,164000.0,0.0,,3,ENTRE 5 Y 10 ANOS,4.59,-74.16,USADO,,0,0,1,0,0,0,0,0,0,0,False,CIUDAD BOLIVAR,EL PENON DEL CORTIJO,Perdomo,938.87,0,PARQUE ZONAL EL TALLER EL ENSUEÑO,273.95,1,0.32,,0.0,1.5,0.0,,0.05,1523.97,0.0
11813-M4675468,APARTAMENTO,VENTA,20.01,156.0,4.0,3.0,530000.0,1.0,,4,MAS DE 20 ANOS,4.73,-74.04,USADO,,0,0,1,0,0,0,0,0,0,0,False,USAQUEN,CAOBOS SALAZAR,Calle 146,1434.94,0,PARQUE VECINAL NUEVA URBANIZACIÓN EL CEDRITO,600.53,0,0.13,,0.25,1.33,0.0,,0.03,632.55,0.0
11813-M4676444,APARTAMENTO,VENTA,19.76,55.0,2.0,2.0,257200.0,1.0,,4,ENTRE 0 Y 5 ANOS,4.74,-74.03,USADO,,0,0,1,0,0,0,0,0,0,0,False,USAQUEN,SANTA TERESA,Toberin - Foundever,2299.18,0,PARQUE ZONAL SERVITA,374.26,1,0.36,,0.5,1.0,0.0,,0.04,1134.25,0.0
11813-M4703432,APARTAMENTO,VENTA,19.38,62.0,2.0,2.0,138000.0,1.0,,3,ENTRE 10 Y 20 ANOS,4.65,-74.14,USADO,,0,0,1,0,0,0,0,0,0,0,False,KENNEDY,CASTILLA REAL,Mandalay,1820.82,0,PARQUE VECINAL VILLA ALSACIA,490.17,1,0.31,,0.5,1.0,0.0,,0.03,1258.54,0.0
11813-M4676007,APARTAMENTO,VENTA,20.45,110.0,2.0,2.0,440000.0,2.0,,6,ENTRE 5 Y 10 ANOS,4.67,-74.04,USADO,,0,0,1,1,0,0,0,0,0,0,False,CHAPINERO,EL REFUGIO,Héroes - Gel´Hada,1729.89,0,PARQUE VECINAL URBANIZACIÓN LA CABRERA,728.12,0,0.19,,1.0,1.0,0.0,,0.02,713.94,0.0
11813-M4675413,APARTAMENTO,VENTA,20.39,82.0,2.0,2.0,385000.0,1.0,,4,ENTRE 0 Y 5 ANOS,4.67,-74.11,USADO,,0,0,1,1,0,0,0,0,0,0,False,ENGATIVA,S.C. SAN IGNACIO,Modelia,337.49,1,PARQUE VECINAL MODELIA SECTOR A,742.6,0,0.25,,0.5,1.0,0.0,,0.02,1111.5,0.0
11813-M4703431,APARTAMENTO,VENTA,19.72,40.0,1.0,1.0,383000.0,1.0,,5,ENTRE 0 Y 5 ANOS,4.68,-74.04,USADO,,0,0,1,0,0,0,0,0,0,0,False,CHAPINERO,CHICO RESERVADO,Calle 100 - Marketmedios,1706.72,0,PARQUE VECINAL URBANIZACIÓN LA CABRERA,1189.86,0,0.49,,1.0,1.0,0.0,,0.02,374.02,2.0
11813-M4703848,APARTAMENTO,VENTA,19.4,66.0,3.0,2.0,216000.0,1.0,,3,MAS DE 20 ANOS,4.73,-74.1,USADO,,0,0,1,1,0,0,0,0,0,0,False,SUBA,NUEVO CORINTO,La Campiña,1989.87,0,PARQUE VECINAL URBANIZACIÓN NUEVA TIBABUYES 1,1045.35,0,0.29,,0.33,1.5,0.0,,0.05,2250.69,0.0
11813-M4675962,APARTAMENTO,VENTA,19.77,78.0,3.0,2.0,352000.0,1.0,,2,ENTRE 0 Y 5 ANOS,4.72,-74.06,USADO,,0,0,1,0,0,0,0,0,0,0,False,SUBA,SAN JOSE DEL PRADO,Alcalá,430.64,1,PARQUE VECINAL PRADO PINZÓN,604.16,0,0.25,,0.33,1.5,0.0,,0.04,796.86,0.0
16057-M4381366,APARTAMENTO,VENTA,19.44,63.9,2.0,2.0,275000.0,1.0,COLINA Y ALREDEDORES,4,ENTRE 10 Y 20 ANOS,4.74,-74.06,USADO,,0,0,0,0,0,0,0,0,0,0,False,SUBA,MAZUREN,Mazurén,806.2,0,PARQUE VECINAL URBANIZACIÓN LA LAGUNA,307.0,1,0.3,,0.5,1.0,0.0,,0.03,1194.23,0.0
11813-M4675025,APARTAMENTO,VENTA,20.25,122.0,3.0,2.0,450000.0,2.0,,5,ENTRE 5 Y 10 ANOS,4.72,-74.07,USADO,,0,0,1,0,0,0,0,0,0,0,False,SUBA,S.C. CIUDAD JARDIN NORTE,Suba - AV. Boyacá,246.06,1,PARQUE VECINAL AGRUPACIÓN DE VIVIENDA EN BALCON DE LINDARAJA,1163.67,0,0.17,,0.67,1.5,0.0,,0.02,1042.65,0.0
11813-M4693962,APARTAMENTO,VENTA,20.37,120.0,3.0,3.0,100000.0,1.0,,6,ENTRE 0 Y 5 ANOS,4.68,-74.04,USADO,,0,0,0,0,0,0,0,0,0,0,False,CHAPINERO,CHICO NORTE - URB. LA GRAN VIA,Calle 100 - Marketmedios,1964.82,0,PARQUE VECINAL URBANIZACIÓN LA CABRERA,1594.49,0,0.17,,0.33,1.0,0.0,,0.02,85.77,2.0
11813-M4675300,APARTAMENTO,VENTA,19.38,64.0,2.0,2.0,280000.0,1.0,,3,ENTRE 5 Y 10 ANOS,4.74,-74.04,USADO,,0,0,1,0,0,0,0,0,0,0,False,USAQUEN,LAS ORQUIDEAS,Calle 161,628.12,0,PARQUE VECINAL URBANIZACIÓN TOBERIN,337.74,1,0.3,,0.5,1.0,0.0,,0.03,931.51,0.0
34-M3462938,APARTAMENTO,VENTA,20.65,172.0,3.0,3.0,1126000.0,2.0,CERROS DE SUBA,6,MAS DE 20 ANOS,4.71,-74.08,USADO,,0,1,0,0,0,0,0,0,0,0,False,SUBA,NIZA SUBA - EL BALCON DE LINDARAJA,Suba - AV. Boyacá,1116.77,0,PARQUE VECINAL AGRUPACIÓN DE VIVIENDA EN BALCON DE LINDARAJA,289.98,1,0.12,,0.67,1.0,0.0,,0.02,1219.32,0.0
11813-M4675371,APARTAMENTO,VENTA,19.14,63.0,3.0,1.0,100000.0,0.0,ALTOS DE SUBA Y CERROS DE SAN JORGE,3,MAS DE 20 ANOS,4.75,-74.11,USADO,,0,0,1,0,0,0,0,0,0,0,False,SUBA,SAN ANDRES AFIDRO,Portal Suba,1544.82,0,PARQUE ZONAL TIBABUYES,481.95,1,0.3,,0.0,3.0,0.0,,0.05,1405.98,0.0
661-M4437814,APARTAMENTO,VENTA,20.35,114.21,3.0,3.0,605000.0,1.0,CEDRITOS,4,MAS DE 20 ANOS,4.72,-74.03,USADO,,0,1,0,0,0,0,0,0,0,0,False,USAQUEN,LAS_ACACIAS,Calle 142,2147.19,0,PARQUE VECINAL NUEVA URBANIZACIÓN EL CEDRITO,248.55,1,0.18,,0.33,1.0,0.0,,0.03,694.61,0.0
11233-2910268,APARTAMENTO,VENTA,19.64,72.0,2.0,3.0,460000.0,1.0,COUNTRY,4,MAS DE 20 ANOS,4.72,-74.03,USADO,,0,1,0,0,0,0,0,0,0,0,False,USAQUEN,LISBOA_,Alcalá,1992.86,0,PARQUE VECINAL NUEVA URBANIZACIÓN EL CEDRITO,858.47,0,0.27,,0.5,0.67,0.0,,0.03,339.3,1.0
11813-M4675216,APARTAMENTO,VENTA,19.36,64.0,3.0,2.0,264000.0,1.0,,3,ENTRE 5 Y 10 ANOS,4.58,-74.13,USADO,,0,0,1,0,0,0,0,0,0,0,False,RAFAEL URIBE URIBE,S.C. CLARET,Calle 40 Sur,1071.92,0,PARQUE ZONAL VILLA MAYOR CEMENTERIO,1350.48,0,0.3,,0.33,1.5,0.0,,0.05,518.01,0.0
11813-M4676011,APARTAMENTO,VENTA,20.58,120.0,3.0,3.0,420000.0,2.0,,5,ENTRE 0 Y 5 ANOS,4.64,-74.06,USADO,,0,0,1,0,0,0,0,0,0,0,False,CHAPINERO,S.C INGEMAR,Calle 57,958.77,0,PARQUE ZONAL GUSTAVO URIBE BOTERO,1110.06,0,0.17,,0.67,1.0,0.0,,0.02,1140.17,0.0
698-M3117354,APARTAMENTO,VENTA,21.27,220.0,3.0,3.0,3921395.93,1.0,CHICO,5,MAS DE 20 ANOS,4.66,-74.05,USADO,,0,1,0,0,0,0,0,0,0,0,False,CHAPINERO,LOS ROSALES,Calle 76 - San Felipe,1297.9,0,PARQUE ZONAL SAN ANDRÉS,497.64,1,0.1,,0.33,1.0,0.0,,0.01,688.11,0.0
11813-M4676242,APARTAMENTO,VENTA,20.21,110.0,3.0,3.0,668000.0,1.0,,5,MAS DE 20 ANOS,4.71,-74.05,USADO,,0,0,1,1,0,0,0,0,0,0,False,USAQUEN,COUNTRY CLUB,Prado,645.48,0,PARQUE ZONAL ATABANZA,1215.51,0,0.18,,0.33,1.0,0.0,,0.03,747.81,0.0
11813-M4676415,APARTAMENTO,VENTA,20.39,140.0,3.0,3.0,778000.0,2.0,,5,ENTRE 0 Y 5 ANOS,4.7,-74.05,USADO,,0,0,1,0,0,0,0,0,0,0,False,USAQUEN,SANTA BARBARA OCCIDENTAL,Calle 127,917.84,0,PARQUE METROPOLITANO EL COUNTRY,963.76,0,0.15,,0.67,1.0,0.0,,0.02,412.24,1.0
11813-M4675069,APARTAMENTO,VENTA,20.91,197.0,3.0,4.0,1124200.0,3.0,,6,MAS DE 20 ANOS,4.71,-74.08,USADO,,0,0,1,0,0,0,0,0,0,0,False,SUBA,NIZA SUBA - MONTENIZA,Niza - Calle 127,1150.15,0,PARQUE METROPOLITANO CEFE COMETAS,95.55,1,0.11,,1.0,0.75,0.0,,0.02,1177.62,0.0
183-M4215639,APARTAMENTO,VENTA,20.31,123.0,3.0,2.0,3921395.93,2.0,COLINA Y ALREDEDORES,5,ENTRE 10 Y 20 ANOS,4.73,-74.06,USADO,,0,1,0,0,0,0,0,0,0,1,False,SUBA,EL PINAR,Calle 146,1278.93,0,PARQUE VECINAL URBANIZACIÓN LA LAGUNA,720.55,0,0.17,,0.67,1.5,0.0,,0.02,681.08,0.0
11813-M4675028,APARTAMENTO,VENTA,20.23,104.0,3.0,3.0,309000.0,1.0,NICOLAS DE FEDERMAN,4,MAS DE 20 ANOS,4.64,-74.09,USADO,,0,0,1,0,0,0,0,0,0,0,False,TEUSAQUILLO,RAFAEL NUNEZ,Quinta Paredes,632.74,0,PARQUE ZONAL NICOLAS DE FEDERMAN 3,1113.06,0,0.19,,0.33,1.0,0.0,,0.03,422.73,1.0
11813-M4676389,APARTAMENTO,VENTA,20.51,130.0,3.0,3.0,707000.0,2.0,CHICO,6,MAS DE 20 ANOS,4.66,-74.05,USADO,,0,0,1,0,0,0,0,0,0,0,False,CHAPINERO,LOS ROSALES,Calle 72,1582.05,0,PARQUE ZONAL SAN ANDRÉS,936.24,0,0.16,,0.67,1.0,0.0,,0.02,847.46,0.0
11813-M4676314,APARTAMENTO,VENTA,19.57,69.0,3.0,2.0,311000.0,1.0,,4,MAS DE 20 ANOS,4.72,-74.04,USADO,,0,0,1,0,0,0,0,0,0,0,False,USAQUEN,CEDRO NARVAEZ,Calle 142,1307.28,0,PARQUE VECINAL NUEVA URBANIZACIÓN EL CEDRITO,614.04,0,0.28,,0.33,1.5,0.0,,0.04,532.09,0.0
11813-M4676574,APARTAMENTO,VENTA,19.43,58.0,2.0,2.0,340000.0,1.0,,4,ENTRE 0 Y 5 ANOS,4.74,-74.05,USADO,,0,0,1,0,0,0,0,0,0,0,False,USAQUEN,ESTRELLA DEL NORTE,Calle 161,245.14,1,PARQUE VECINAL DESARROLLO ESTRELLA DEL NORTE,167.39,1,0.34,,0.5,1.0,0.0,,0.03,1384.0,0.0
11813-M4676409,APARTAMENTO,VENTA,19.52,60.0,3.0,2.0,250000.0,1.0,,4,ENTRE 10 Y 20 ANOS,4.67,-74.11,USADO,,0,0,1,0,0,0,0,0,0,0,False,ENGATIVA,NORMANDIA OCCIDENTAL,Normandía,609.11,0,PARQUE ESCENARIO DEPORTIVO UNIDAD DEPORTIVA EL SALITRE SIMON BOLIVAR,1320.59,0,0.33,,0.33,1.5,0.0,,0.05,323.19,1.0
11813-M4676253,APARTAMENTO,VENTA,19.7,88.0,3.0,3.0,357000.0,1.0,,4,MAS DE 20 ANOS,4.72,-74.03,USADO,,0,0,1,0,0,0,0,0,0,0,False,USAQUEN,CEDRITOS,Alcalá,1969.33,0,PARQUE VECINAL NUEVA URBANIZACIÓN EL CEDRITO,354.41,1,0.22,,0.33,1.0,0.0,,0.03,428.33,1.0
11813-M4676275,APARTAMENTO,VENTA,19.41,72.0,3.0,2.0,230000.0,0.0,CENTRO Y ZONA COLONIAL,3,MAS DE 20 ANOS,4.61,-74.07,USADO,,0,0,1,0,0,0,0,0,0,0,False,SANTA FE,LA ALAMEDA,Calle 22,181.96,1,PARQUE METROPOLITANO INDEPENDENCIA BICENTENARIO,552.77,0,0.27,,0.0,1.5,0.0,,0.04,307.61,5.0
11813-M4695879,APARTAMENTO,VENTA,19.38,67.0,3.0,2.0,260000.0,1.0,,3,MAS DE 20 ANOS,4.7,-74.09,USADO,,0,0,1,0,0,0,0,0,0,0,False,ENGATIVA,LA GRANJA,Minuto de Dios,274.41,1,PARQUE ZONAL BONANZA,999.83,0,0.29,,0.33,1.5,0.0,,0.04,881.19,0.0
11813-M4676271,APARTAMENTO,VENTA,21.49,317.0,4.0,5.0,1170000.0,4.0,,6,ENTRE 0 Y 5 ANOS,4.69,-74.05,USADO,,0,0,1,0,0,0,0,0,0,0,False,USAQUEN,SANTA BIBIANA,Calle 106,846.12,0,PARQUE VECINAL URBANIZACIÓN NORMANDIA I II II Y IV SECTOR,1694.89,0,0.07,,1.0,0.8,0.0,,0.01,517.61,0.0
11813-M4676037,APARTAMENTO,VENTA,20.03,124.0,4.0,3.0,420000.0,2.0,,5,MAS DE 20 ANOS,4.7,-74.07,USADO,,0,0,1,0,0,0,0,0,0,0,False,SUBA,LAGOS DE CORDOBA,Humedal Córdoba,244.8,1,PARQUE ZONAL CANAL CORDOBA,612.62,0,0.16,,0.5,1.33,0.0,,0.03,719.74,0.0
11813-M4740337,APARTAMENTO,VENTA,19.48,73.0,3.0,2.0,153000.0,0.0,,3,MAS DE 20 ANOS,4.73,-74.12,USADO,,0,0,1,0,0,0,0,0,0,0,False,ENGATIVA,CIUDADELA COLSUBSIDIO 4 SECTOR,Portal 80,2558.16,0,PARQUE VECINAL URBANIZACIÓN NUEVA TIBABUYES 1,1063.07,0,0.27,,0.0,1.5,0.0,,0.04,2408.83,0.0
330-51781,APARTAMENTO,VENTA,21.31,220.0,3.0,5.0,1136000.0,0.0,CHICO,6,ENTRE 10 Y 20 ANOS,4.65,-74.05,USADO,,0,0,0,0,0,0,0,0,0,0,False,CHAPINERO,EMAUS,Flores – Areandina,1111.27,0,PARQUE ZONAL GUSTAVO URIBE BOTERO,219.16,1,0.1,,0.0,0.6,0.0,,0.01,281.65,1.0
384-4152,APARTAMENTO,VENTA,20.72,118.0,3.0,3.0,531000.0,0.0,SALITRE MODELIA,5,ENTRE 0 Y 5 ANOS,4.67,-74.11,USADO,,0,0,0,0,0,0,0,0,0,0,False,ENGATIVA,NORMANDIA,AV. Rojas,364.64,1,PARQUE ZONAL CANAL BOYACA,973.5,0,0.18,,0.0,1.0,0.0,,0.03,661.1,0.0
11813-M4675224,APARTAMENTO,VENTA,19.78,83.0,3.0,3.0,370000.0,1.0,,3,MAS DE 20 ANOS,4.74,-74.03,USADO,,0,0,0,0,0,0,0,0,0,0,False,USAQUEN,SANTA TERESA,Toberin - Foundever,1944.96,0,PARQUE ZONAL SERVITA,621.62,0,0.24,,0.33,1.0,0.0,,0.04,810.36,0.0
11813-M4675166,APARTAMENTO,VENTA,19.66,77.0,3.0,2.0,205000.0,1.0,,4,ENTRE 10 Y 20 ANOS,4.76,-74.02,USADO,,0,0,1,0,0,0,0,0,0,0,False,USAQUEN,LOS NARANJOS,Calle 187,2449.72,0,PARQUE ZONAL SERVITA,1552.49,0,0.26,,0.33,1.5,0.0,,0.04,1647.02,0.0
11813-M4675593,APARTAMENTO,VENTA,20.05,138.0,3.0,3.0,554000.0,2.0,,5,MAS DE 20 ANOS,4.71,-74.06,USADO,,0,0,1,0,0,0,0,0,0,0,False,SUBA,EL BATAN,Calle 127,276.53,1,PARQUE ZONAL ATABANZA,390.52,1,0.15,,0.67,1.0,0.0,,0.02,392.62,5.0
11813-M4732473,APARTAMENTO,VENTA,19.92,91.0,3.0,2.0,396000.0,1.0,,4,MAS DE 20 ANOS,4.68,-74.08,USADO,,0,0,1,0,0,0,0,0,0,0,False,BARRIOS UNIDOS,METROPOLIS,Carrera 53,280.73,1,PARQUE VECINAL URBANIZACIÓN METROPOLIS,569.75,0,0.22,,0.33,1.5,0.0,,0.03,353.12,1.0
11813-M4694001,APARTAMENTO,VENTA,20.62,167.0,3.0,4.0,1000000.0,2.0,,6,ENTRE 0 Y 5 ANOS,4.7,-74.05,USADO,,0,0,1,0,0,0,0,0,0,0,False,USAQUEN,SAN PATRICIO,Pepe Sierra,289.52,1,PARQUE ZONAL CANAL CORDOBA,1328.73,0,0.12,,0.67,0.75,0.0,,0.02,508.6,0.0
11813-M4675496,APARTAMENTO,VENTA,19.28,55.0,3.0,2.0,140000.0,1.0,,3,MAS DE 20 ANOS,4.67,-74.14,USADO,,0,0,1,0,0,0,0,0,0,0,False,FONTIBON,VILLEMAR,Portal El Dorado,2563.75,0,PARQUE VECINAL VILLA HELENA VILLEMAR,427.5,1,0.35,,0.33,1.5,0.0,,0.05,1096.75,0.0
11813-M4676103,APARTAMENTO,VENTA,20.34,123.0,3.0,3.0,3921395.93,2.0,,4,ENTRE 10 Y 20 ANOS,4.72,-74.04,USADO,,0,0,1,1,0,0,0,0,0,0,False,USAQUEN,EL CONTADOR,Alcalá,817.48,0,PARQUE VECINAL PRADO PINZÓN,1354.88,0,0.17,,0.67,1.0,0.0,,0.02,350.43,1.0
11813-M4675490,APARTAMENTO,VENTA,20.07,120.0,3.0,2.0,500000.0,2.0,,5,ENTRE 0 Y 5 ANOS,4.73,-74.07,USADO,,0,0,1,0,0,0,0,0,0,0,False,SUBA,COLINA CAMPESTRE III SECTOR,Gratamira,870.33,0,PARQUE ZONAL EL TOMILLAR,1444.3,0,0.17,,0.67,1.5,0.0,,0.02,247.63,2.0
11813-M4676405,APARTAMENTO,VENTA,20.47,108.0,2.0,2.0,780000.0,2.0,,6,ENTRE 10 Y 20 ANOS,4.68,-74.05,USADO,,0,0,1,1,0,0,0,0,0,0,False,CHAPINERO,S.C. CHICO NORTE III SECTOR,Calle 100 - Marketmedios,482.37,1,PARQUE VECINAL URBANIZACIÓN NORMANDIA I II II Y IV SECTOR,985.29,0,0.19,,1.0,1.0,0.0,,0.02,335.94,2.0
11813-M4674917,APARTAMENTO,VENTA,20.13,104.0,3.0,3.0,440000.0,2.0,,4,ENTRE 10 Y 20 ANOS,4.73,-74.04,USADO,,0,0,1,0,0,0,0,0,0,0,False,USAQUEN,PARQUES DE LORENA,Calle 146,1438.78,0,PARQUE ZONAL LA VIDA,848.41,0,0.19,,0.67,1.0,0.0,,0.03,479.56,1.0
11813-M4675460,APARTAMENTO,VENTA,20.91,150.0,2.0,3.0,1000000.0,1.0,CHICO,6,MAS DE 20 ANOS,4.67,-74.05,USADO,,0,0,1,0,0,0,0,0,0,0,False,CHAPINERO,S.C. EL RETIRO,Héroes - Gel´Hada,1255.28,0,PARQUE ZONAL SAN ANDRÉS,331.89,1,0.14,,0.5,0.67,0.0,,0.01,385.21,3.0
11813-M4675194,APARTAMENTO,VENTA,19.56,80.0,3.0,2.0,282000.0,1.0,,4,ENTRE 0 Y 5 ANOS,4.77,-74.05,USADO,,0,0,1,0,0,0,0,0,0,0,False,SUBA,VILLANOVA II,Calle 187,887.43,0,PARQUE VECINAL URBANIZACIÓN VILANOVA,446.95,1,0.24,,0.33,1.5,0.0,,0.04,822.72,0.0
11813-M4676236,APARTAMENTO,VENTA,19.57,70.0,3.0,2.0,235000.0,1.0,,4,ENTRE 0 Y 5 ANOS,4.73,-74.06,USADO,,0,0,1,0,0,0,0,0,0,0,False,SUBA,COLPATRIA SANTA HELENA,Calle 146,746.65,0,PARQUE VECINAL URBANIZACIÓN LA LAGUNA,504.39,0,0.28,,0.33,1.5,0.0,,0.04,983.16,0.0
11813-M4675542,APARTAMENTO,VENTA,20.99,235.0,4.0,4.0,900000.0,3.0,,5,MAS DE 20 ANOS,4.7,-74.05,USADO,,0,0,1,0,0,0,0,0,0,0,False,USAQUEN,SANTA BARBARA OCCIDENTAL,Calle 127,112.81,1,PARQUE ZONAL ATABANZA,709.94,0,0.09,,0.75,1.0,0.0,,0.02,58.17,5.0
11813-M4675074,APARTAMENTO,VENTA,19.45,72.0,2.0,2.0,182000.0,1.0,,3,ENTRE 5 Y 10 ANOS,4.58,-74.12,USADO,,0,0,0,0,0,0,0,0,0,0,False,RAFAEL URIBE URIBE,S.C. MURILLO TORO,Quiroga,836.46,0,PARQUE ZONAL QUIROGA,455.77,1,0.27,,0.5,1.0,0.0,,0.03,1253.55,0.0
11813-M4675889,APARTAMENTO,VENTA,19.95,80.0,4.0,3.0,415000.0,1.0,,4,MAS DE 20 ANOS,4.73,-74.04,USADO,,0,0,1,0,0,0,0,0,0,0,False,USAQUEN,LOS CEDRITOS,Calle 146,756.2,0,PARQUE VECINAL PRADO PINZÓN,1181.8,0,0.25,,0.25,1.33,0.0,,0.05,967.38,0.0
11813-M4675509,APARTAMENTO,VENTA,20.26,140.0,2.0,2.0,827000.0,1.0,,5,MAS DE 20 ANOS,4.69,-74.05,USADO,,0,0,1,0,0,0,0,0,0,0,False,USAQUEN,RINCON DEL CHICO,Calle 106,1308.44,0,PARQUE METROPOLITANO EL COUNTRY,1854.38,0,0.14,,0.5,1.0,0.0,,0.01,598.86,0.0
11813-M4675884,APARTAMENTO,VENTA,19.67,75.0,3.0,2.0,165000.0,1.0,,3,MAS DE 20 ANOS,4.72,-74.06,USADO,,0,0,1,0,0,0,0,0,0,0,False,SUBA,SAN JOSE DEL PRADO,Alcalá,455.02,1,PARQUE VECINAL PRADO PINZÓN,383.76,1,0.26,,0.33,1.5,0.0,,0.04,790.07,0.0
11813-M4676424,APARTAMENTO,VENTA,19.81,85.0,3.0,2.0,333000.0,2.0,COLINA Y ALREDEDORES,4,ENTRE 0 Y 5 ANOS,4.75,-74.06,USADO,,0,0,1,1,0,0,0,0,0,0,False,SUBA,,Portal Norte,1371.11,0,PARQUE ZONAL SAN JOSÉ DE BAVARIA,612.15,0,0.23,,0.67,1.5,0.0,,0.04,1789.74,0.0
11813-M4675480,APARTAMENTO,VENTA,19.7,68.0,2.0,2.0,687000.0,1.0,SANTA BARBARA,6,MAS DE 20 ANOS,4.69,-74.05,USADO,,0,0,1,0,0,0,0,0,0,0,False,USAQUEN,SANTA BIBIANA,Calle 106,488.73,1,PARQUE VECINAL URBANIZACIÓN NORMANDIA I II II Y IV SECTOR,1728.54,0,0.29,,0.5,1.0,0.0,,0.03,538.58,0.0
11813-M4675960,APARTAMENTO,VENTA,19.86,75.0,3.0,2.0,339900.0,1.0,CEDRITOS,4,ENTRE 0 Y 5 ANOS,4.73,-74.03,USADO,,0,0,1,0,0,0,0,0,0,0,False,USAQUEN,BARRANCAS NORTE,Mazurén,2492.0,0,PARQUE ZONAL ALTA BLANCA,228.3,1,0.26,,0.33,1.5,0.0,,0.04,809.07,0.0
9947-M4555753,APARTAMENTO,VENTA,21.51,157.0,2.0,3.0,3921395.93,2.0,CHAPINERO ALTO,6,ENTRE 5 Y 10 ANOS,4.65,-74.05,USADO,,0,0,0,0,1,0,0,0,0,0,False,CHAPINERO,S.C. LAS ACACIAS,Flores – Areandina,1669.16,0,PARQUE ZONAL GUSTAVO URIBE BOTERO,400.93,1,0.14,,1.0,0.67,0.0,,0.01,832.92,0.0
164-M3709110,APARTAMENTO,VENTA,20.13,51.22,2.0,2.0,3921395.93,0.0,CENTRO NARINO,4,ENTRE 0 Y 5 ANOS,4.63,-74.09,USADO,,0,0,0,0,0,0,0,0,0,1,False,TEUSAQUILLO,GRAN AMERICA,CAD,314.31,1,PARQUE METROPOLITANO EL RENACIMIENTO - PARQUE CEMENTERIO CENTRAL,1234.98,0,0.39,,0.0,1.0,0.0,,0.04,1191.78,0.0
2412-M4709944,APARTAMENTO,VENTA,20.13,72.0,2.0,2.0,466000.0,2.0,COUNTRY,4,ENTRE 5 Y 10 ANOS,4.72,-74.04,USADO,,0,0,0,1,1,0,0,0,0,0,False,USAQUEN,CEDRITOS,Alcalá,1262.2,0,PARQUE VECINAL NUEVA URBANIZACIÓN EL CEDRITO,844.66,0,0.28,,1.0,1.0,0.0,,0.03,293.25,1.0
10366-6623,APARTAMENTO,VENTA,19.58,95.0,3.0,2.0,3921395.93,0.0,CHAPINERO ALTO,3,MAS DE 20 ANOS,4.64,-74.06,USADO,,0,0,0,0,0,0,0,0,0,0,False,CHAPINERO,S.C. CHAPINERO CENTRAL,Calle 57,99.14,1,PARQUE ESCENARIO DEPORTIVO EL CAMPINCITO - CEAD,1489.5,0,0.21,,0.0,1.5,0.0,,0.03,1071.24,0.0
11813-M4730360,APARTAMENTO,VENTA,19.81,85.0,3.0,2.0,400000.0,1.0,,4,ENTRE 5 Y 10 ANOS,4.72,-74.13,USADO,,0,0,1,0,0,0,0,0,0,0,False,ENGATIVA,S.C. ENGATIVA EL DORADO,Portal 80,2695.18,0,PARQUE METROPOLITANO PLANTA DE TRATAMIENTO SALITRE,762.8,0,0.23,,0.33,1.5,0.0,,0.04,2481.66,0.0
183-M4183125,APARTAMENTO,VENTA,20.36,152.64,3.0,2.0,97000.0,2.0,NIZA ALHAMBRA,4,MAS DE 20 ANOS,4.71,-74.08,USADO,,0,1,0,0,0,0,0,0,0,0,True,SUBA,NIZA SUR,Humedal Córdoba,677.22,0,PARQUE ZONAL LOS LACHES LA MINA,837.05,0,0.13,,0.67,1.5,0.0,,0.02,834.93,0.0
11813-M4688110,APARTAMENTO,VENTA,19.3,65.0,3.0,2.0,206000.0,1.0,,3,ENTRE 10 Y 20 ANOS,4.72,-74.09,USADO,,0,0,1,0,0,0,0,0,0,0,False,SUBA,S.C. CLUB DE LOS LAGARTOS,AV. Cali,1667.61,0,PARQUE ZONAL LA SERENA,602.07,0,0.3,,0.33,1.5,0.0,,0.05,2188.87,0.0
11813-M4675499,APARTAMENTO,VENTA,19.64,85.0,3.0,2.0,320000.0,1.0,,4,ENTRE 5 Y 10 ANOS,4.75,-74.09,USADO,,0,0,1,1,0,0,0,0,0,0,False,SUBA,URB. VALLE PATRICIA Y VALLE REFOUS,La Campiña,555.99,0,PARQUE VECINAL URBANIZACIÓN VALLE DE REFOUS,187.14,1,0.23,,0.33,1.5,0.0,,0.04,705.85,0.0
11813-M4676172,APARTAMENTO,VENTA,19.01,48.0,3.0,2.0,124000.0,0.0,,2,ENTRE 10 Y 20 ANOS,4.71,-74.14,USADO,,0,0,1,0,0,0,0,0,0,0,False,ENGATIVA,S.C. VILLA GLADYS,Portal 80,3028.66,0,PARQUE ZONAL VILLAS DE GRANADA,1876.6,0,0.4,,0.0,1.5,0.0,,0.06,1269.44,0.0
11813-M4676267,APARTAMENTO,VENTA,19.54,74.0,3.0,2.0,216000.0,1.0,,3,ENTRE 0 Y 5 ANOS,4.72,-74.14,USADO,,0,0,1,0,0,0,0,0,0,0,False,ENGATIVA,EL GACO - EL PORVENIR (PREDIO),Portal 80,3107.5,0,PARQUE METROPOLITANO PLANTA DE TRATAMIENTO SALITRE,1184.97,0,0.26,,0.33,1.5,0.0,,0.04,2742.74,0.0
11813-M4675266,APARTAMENTO,VENTA,19.04,50.0,3.0,1.0,100000.0,0.0,,3,ENTRE 10 Y 20 ANOS,4.72,-74.09,USADO,,0,0,1,0,0,0,0,0,0,0,False,SUBA,URB. BALCON DE SUBA,Suba - AV. Boyacá,1163.68,0,PARQUE VECINAL AGRUPACIÓN DE VIVIENDA EN BALCON DE LINDARAJA,1012.19,0,0.38,,0.0,3.0,0.0,,0.06,1874.95,0.0
11813-M4676036,APARTAMENTO,VENTA,20.13,119.0,3.0,3.0,470000.0,1.0,NIZA ALHAMBRA,4,MAS DE 20 ANOS,4.7,-74.08,USADO,,0,0,0,0,0,0,0,0,0,0,True,SUBA,NIZA SUR,Humedal Córdoba,674.92,0,PARQUE ZONAL MORATO,869.38,0,0.17,,0.33,1.0,0.0,,0.03,912.44,0.0
11813-M4675540,APARTAMENTO,VENTA,19.61,69.0,3.0,2.0,300000.0,1.0,,4,ENTRE 5 Y 10 ANOS,4.72,-74.13,USADO,,0,0,0,0,0,0,0,0,0,0,False,ENGATIVA,S.C. ENGATIVA EL DORADO,Portal 80,2674.8,0,PARQUE METROPOLITANO PLANTA DE TRATAMIENTO SALITRE,1038.99,0,0.28,,0.33,1.5,0.0,,0.04,2461.9,0.0
11813-M4676142,APARTAMENTO,VENTA,20.25,106.0,1.0,2.0,740000.0,2.0,,5,ENTRE 10 Y 20 ANOS,4.72,-74.02,USADO,,0,0,1,0,0,0,0,0,0,0,False,USAQUEN,BOSQUE DE PINOS III,Calle 146,3067.77,0,PARQUE VECINAL NUEVA URBANIZACIÓN EL CEDRITO,1182.57,0,0.19,,2.0,0.5,0.0,,0.01,1221.91,0.0
11813-M4675932,APARTAMENTO,VENTA,20.28,138.0,4.0,3.0,720000.0,2.0,,6,MAS DE 20 ANOS,4.7,-74.05,USADO,,0,0,1,0,0,0,0,0,0,0,False,USAQUEN,SAN PATRICIO,Pepe Sierra,1120.34,0,PARQUE METROPOLITANO EL COUNTRY,1140.74,0,0.15,,0.5,1.33,0.0,,0.03,294.5,2.0
11813-M4676058,APARTAMENTO,VENTA,20.86,192.0,5.0,3.0,1300000.0,2.0,,6,ENTRE 5 Y 10 ANOS,4.66,-74.05,USADO,,0,0,1,0,0,0,0,0,0,0,False,CHAPINERO,S.C. EL NOGAL,Héroes - Gel´Hada,973.82,0,PARQUE ZONAL SAN ANDRÉS,104.23,1,0.11,,0.4,1.67,0.0,,0.03,277.75,4.0
9947-M4512838,APARTAMENTO,VENTA,20.21,87.0,3.0,3.0,3921395.93,1.0,SALITRE MODELIA,4,MAS DE 20 ANOS,4.65,-74.11,USADO,,0,1,0,0,0,0,0,0,0,0,False,FONTIBON,CIUDAD_SALITRE,El Tiempo - Maloka,814.99,0,PARQUE ZONAL SAUZALITO,80.41,1,0.23,,0.33,1.0,0.0,,0.03,387.28,2.0
11813-M4676539,APARTAMENTO,VENTA,19.92,270.0,4.0,3.0,100000.0,2.0,,4,MAS DE 20 ANOS,4.73,-74.03,USADO,,0,0,1,0,0,0,0,0,0,0,False,USAQUEN,CAOBOS SALAZAR URB. CAPRI I Y II SECTOR,Calle 146,1833.81,0,PARQUE VECINAL NUEVA URBANIZACIÓN EL CEDRITO,491.61,1,0.07,,0.5,1.33,0.0,,0.01,276.75,1.0
11813-M4676083,APARTAMENTO,VENTA,20.77,267.0,5.0,3.0,100000.0,0.0,CHICO,3,MAS DE 20 ANOS,4.67,-74.05,USADO,,0,0,1,0,0,0,0,0,0,0,True,CHAPINERO,S.C. CHICO NORTE,Virrey,1407.88,0,PARQUE VECINAL URBANIZACIÓN LA CABRERA,639.75,0,0.08,,0.0,1.67,0.0,,0.02,336.83,1.0
11813-M4675517,APARTAMENTO,VENTA,19.04,40.0,2.0,1.0,120000.0,0.0,TIMIZA LA ALQUERIA,3,ENTRE 0 Y 5 ANOS,4.6,-74.16,USADO,,0,0,1,0,0,0,0,0,0,0,False,BOSA,VILLA DEL RIO II SECTOR,CC Paseo Villa del Río - Madelena,457.18,1,PARQUE VECINAL URBANIZACIÓN BALMORAL CESIÓN GUADALUPE,379.8,1,0.48,,0.0,2.0,0.0,,0.05,865.69,0.0
11813-M4676061,APARTAMENTO,VENTA,21.64,360.0,4.0,4.0,1700000.0,3.0,,6,MAS DE 20 ANOS,4.67,-74.04,USADO,,0,0,1,1,0,0,0,0,0,0,False,CHAPINERO,CHICO ORIENTAL,Calle 85,2087.91,0,PARQUE VECINAL URBANIZACIÓN LA CABRERA,1033.68,0,0.06,,0.75,1.0,0.0,,0.01,980.0,0.0
9947-M4709227,APARTAMENTO,VENTA,19.01,34.0,2.0,1.0,186000.0,0.0,ALTOS DE SUBA Y CERROS DE SAN JORGE,3,ENTRE 5 Y 10 ANOS,4.73,-74.09,USADO,,0,0,0,0,0,0,0,0,0,0,False,SUBA,SAN PEDRO III,21 Ángeles,480.86,1,PARQUE ZONAL BELLAVISTA DINDALITO,642.57,0,0.56,,0.0,2.0,0.0,,0.06,1980.6,0.0
34-M4414303,APARTAMENTO,VENTA,19.38,59.0,3.0,1.0,156382.0,1.0,CORTIJO AUTOPISTA MEDELLIN,4,ENTRE 0 Y 5 ANOS,4.72,-74.12,USADO,,0,0,0,0,0,0,0,0,0,1,False,ENGATIVA,CIUDADELA COLSUBSIDIO,Portal 80,1311.59,0,PARQUE ZONAL VILLAS DE GRANADA,766.04,0,0.33,,0.33,3.0,0.0,,0.05,1128.31,0.0
11813-M4676231,APARTAMENTO,VENTA,20.67,190.0,3.0,4.0,1200000.0,2.0,SANTA BARBARA,6,ENTRE 0 Y 5 ANOS,4.69,-74.04,USADO,,0,0,1,0,0,0,0,0,0,0,False,USAQUEN,SANTA BARBARA CENTRAL I Y II,Calle 106,1415.56,0,PARQUE METROPOLITANO EL COUNTRY,1654.86,0,0.11,,0.67,0.75,0.0,,0.02,575.78,0.0
16039-M4354807,APARTAMENTO,VENTA,20.85,128.0,2.0,2.0,3921395.93,2.0,CHICO,6,ENTRE 5 Y 10 ANOS,4.68,-74.05,USADO,,0,0,0,0,0,0,0,0,0,0,True,CHAPINERO,S.C. CHICO NORTE,Calle 100 - Marketmedios,579.03,0,PARQUE VECINAL URBANIZACIÓN NORMANDIA I II II Y IV SECTOR,593.79,0,0.16,,1.0,1.0,0.0,,0.02,61.5,2.0
11813-M4676533,APARTAMENTO,VENTA,19.95,103.0,3.0,2.0,250000.0,1.0,,3,MAS DE 20 ANOS,4.67,-74.08,USADO,,0,0,1,1,0,0,0,0,0,0,False,BARRIOS UNIDOS,J.J. VARGAS - JOSE JOAQUIN VARGAS,AV. Chile,1125.27,0,PARQUE VECINAL URBANIZACIÓN METROPOLIS,638.32,0,0.19,,0.33,1.5,0.0,,0.03,689.78,0.0
11813-M4676418,APARTAMENTO,VENTA,19.91,94.0,3.0,2.0,300000.0,2.0,,3,ENTRE 5 Y 10 ANOS,4.74,-74.07,USADO,,0,0,1,1,0,0,0,0,0,0,False,SUBA,CASABLANCA (HACIENDA),21 Ángeles,1565.34,0,PARQUE ZONAL EL TOMILLAR,644.09,0,0.21,,0.67,1.5,0.0,,0.03,700.56,0.0
11813-M4676421,APARTAMENTO,VENTA,19.67,66.0,3.0,2.0,220000.0,1.0,,3,ENTRE 10 Y 20 ANOS,4.6,-74.09,USADO,,0,0,1,1,0,0,0,0,0,0,False,LOS MARTIRES,EL VERGEL_,Tygua - San José,526.81,0,PARQUE ZONAL EDUARDO SANTOS,312.83,1,0.3,,0.33,1.5,0.0,,0.05,1688.78,0.0
699-M4687612,APARTAMENTO,VENTA,21.13,298.0,4.0,5.0,3921395.93,3.0,SANTA BARBARA,6,ENTRE 10 Y 20 ANOS,4.7,-74.04,USADO,,0,0,0,0,1,0,0,0,0,1,False,USAQUEN,SANTA BARBARA CENTRAL I SECTOR,Calle 127,2115.96,0,PARQUE METROPOLITANO EL COUNTRY,575.05,0,0.07,,0.75,0.8,0.0,,0.01,561.77,0.0
11813-M4675407,APARTAMENTO,VENTA,19.85,68.0,2.0,2.0,220000.0,1.0,,5,ENTRE 0 Y 5 ANOS,4.71,-74.06,USADO,,0,0,1,0,0,0,0,0,0,0,False,SUBA,EL BATAN,Calle 127,379.22,1,PARQUE ZONAL ATABANZA,383.12,1,0.29,,0.5,1.0,0.0,,0.03,526.27,0.0
11813-M4676361,APARTAMENTO,VENTA,19.06,39.0,2.0,1.0,100000.0,0.0,CHICO,2,ENTRE 0 Y 5 ANOS,4.68,-74.05,USADO,,0,0,1,0,0,0,0,0,0,0,True,CHAPINERO,S.C. CHICO NORTE,Virrey,1359.46,0,PARQUE VECINAL URBANIZACIÓN LA CABRERA,765.82,0,0.49,,0.0,2.0,0.0,,0.05,189.34,1.0
5340-M3165633,APARTAMENTO,VENTA,20.57,148.35,3.0,3.0,840000.0,2.0,CHICO,6,MAS DE 20 ANOS,4.68,-74.04,USADO,,0,1,0,0,1,0,0,0,0,0,False,CHAPINERO,CHICO NORTE - URB. CONJUNTO DE LA CIEN,Calle 100 - Marketmedios,1754.94,0,PARQUE VECINAL URBANIZACIÓN LA CABRERA,1437.25,0,0.14,,0.67,1.0,0.0,,0.02,192.57,2.0
847-M4698957,APARTAMENTO,VENTA,20.76,112.0,2.0,2.0,1150000.0,2.0,CHICO,6,ENTRE 10 Y 20 ANOS,4.67,-74.04,USADO,,0,1,0,1,0,0,0,0,0,1,False,CHAPINERO,EL REFUGIO,Héroes - Gel´Hada,1781.99,0,PARQUE VECINAL URBANIZACIÓN LA CABRERA,737.73,0,0.19,,1.0,1.0,0.0,,0.02,711.11,0.0
11813-M4676243,APARTAMENTO,VENTA,19.5,58.0,3.0,2.0,111000.0,1.0,,3,ENTRE 10 Y 20 ANOS,4.59,-74.1,USADO,,0,0,1,0,0,0,0,0,0,0,False,ANTONIO NARINO,LA FRAGUITA,Santa Isabel,948.89,0,PARQUE ZONAL LA FRAGUA,548.24,0,0.34,,0.33,1.5,0.0,,0.05,2499.31,0.0
771-M4399939,APARTAMENTO,VENTA,20.37,123.0,3.0,2.0,620000.0,1.0,CHICO,6,MAS DE 20 ANOS,4.68,-74.04,USADO,,0,0,0,0,0,0,0,0,0,1,False,CHAPINERO,CHICO NORTE - URB. LA GRAN VIA,Calle 100 - Marketmedios,2009.63,0,PARQUE VECINAL URBANIZACIÓN LA CABRERA,1589.94,0,0.17,,0.33,1.5,0.0,,0.02,141.95,1.0
15061-M4543248,APARTAMENTO,VENTA,20.28,205.03,3.0,3.0,985000.0,0.0,CEDRITOS,4,MAS DE 20 ANOS,4.72,-74.03,USADO,,0,1,0,0,1,0,0,0,0,0,False,USAQUEN,LAS_ACACIAS,Calle 142,2409.6,0,PARQUE VECINAL NUEVA URBANIZACIÓN EL CEDRITO,507.87,0,0.1,,0.0,1.0,0.0,,0.01,644.21,0.0
2363-M4337273,APARTAMENTO,VENTA,19.45,64.0,2.0,1.0,3921395.93,0.0,CENTRO Y ZONA COLONIAL,2,MAS DE 20 ANOS,4.61,-74.08,USADO,,0,0,0,0,0,0,0,0,0,0,False,LOS MARTIRES,SANTA FE,Calle 22,346.56,1,PARQUE METROPOLITANO EL RENACIMIENTO - PARQUE CEMENTERIO CENTRAL,933.13,0,0.3,,0.0,2.0,0.0,,0.03,682.33,0.0
3229-M4544253,APARTAMENTO,VENTA,19.96,97.0,3.0,2.0,150000.0,2.0,SANTA BARBARA,6,MAS DE 20 ANOS,4.7,-74.04,USADO,,0,1,0,0,1,0,0,0,0,0,False,USAQUEN,SANTA BARBARA CENTRAL I SECTOR,Pepe Sierra,1443.61,0,PARQUE METROPOLITANO EL COUNTRY,979.39,0,0.21,,0.67,1.5,0.0,,0.03,609.26,0.0
3229-M4127992,APARTAMENTO,VENTA,19.11,20.0,1.0,1.0,3921395.93,0.0,CHAPINERO ALTO,5,ENTRE 0 Y 5 ANOS,4.64,-74.06,USADO,,0,0,0,0,1,0,0,0,0,1,False,CHAPINERO,S.C. CHAPINERO CENTRAL,Calle 57,365.8,1,PARQUE ZONAL GUSTAVO URIBE BOTERO,1384.66,0,0.96,,0.0,1.0,0.0,,0.05,1048.99,0.0
376-M3775618,APARTAMENTO,VENTA,20.03,97.75,3.0,3.0,253000.0,1.0,COLINA Y ALREDEDORES,4,ENTRE 10 Y 20 ANOS,4.74,-74.06,USADO,,0,0,0,0,0,0,0,0,0,0,False,SUBA,URB. CARIMAGUA I,Calle 161,1208.81,0,PARQUE VECINAL DESARROLLO CANTALEJO URBANIZACIÓN CANTALEJO MANZANA B,237.81,1,0.2,,0.33,1.0,0.0,,0.03,1252.45,0.0
16425-M4624850,APARTAMENTO,VENTA,20.7,242.0,4.0,3.0,1500000.0,2.0,,5,MAS DE 20 ANOS,4.65,-74.08,USADO,,0,0,0,0,0,0,0,0,0,1,False,TEUSAQUILLO,NICOLAS DE FEDERMAN,Movistar Arena,449.54,1,PARQUE ZONAL NICOLAS DE FEDERMAN 3,218.45,1,0.09,,0.5,1.33,0.0,,0.02,529.93,0.0
734-M3528794,APARTAMENTO,VENTA,20.09,110.0,3.0,3.0,330000.0,1.0,CHAPINERO ALTO,4,ENTRE 0 Y 5 ANOS,4.63,-74.07,USADO,,0,0,0,0,0,0,0,0,0,1,False,CHAPINERO,S.C. MARLY,Calle 45 - American School Way,379.09,1,PARQUE METROPOLITANO PARQUE NACIONAL (PM2A) ENRIQUE OLAYA HERRERA (SECTOR HISTORICO),1014.88,0,0.18,,0.33,1.0,0.0,,0.03,150.69,1.0
11813-M4676322,APARTAMENTO,VENTA,19.11,17.0,1.0,1.0,3921395.93,0.0,CHICO,4,ENTRE 0 Y 5 ANOS,4.68,-74.05,USADO,,0,0,0,1,0,0,0,0,0,0,True,CHAPINERO,S.C. CHICO NORTE,Calle 100 - Marketmedios,1084.2,0,PARQUE ZONAL CANAL EL VIRREY EL CHICO,882.79,0,1.12,,0.0,1.0,0.0,,0.06,322.48,3.0
11813-M4676166,APARTAMENTO,VENTA,20.49,103.0,3.0,3.0,3921395.93,2.0,,5,ENTRE 10 Y 20 ANOS,4.69,-74.05,USADO,,0,0,1,0,0,0,0,0,0,0,False,USAQUEN,SAN PATRICIO,Calle 106,962.17,0,PARQUE METROPOLITANO EL COUNTRY,1532.41,0,0.2,,0.67,1.0,0.0,,0.03,16.97,3.0
11813-M4675062,APARTAMENTO,VENTA,20.02,116.0,3.0,2.0,302000.0,1.0,,5,MAS DE 20 ANOS,4.65,-74.08,USADO,,0,0,1,0,0,0,0,0,0,0,False,TEUSAQUILLO,NICOLAS DE FEDERMAN,Campín - UAN,377.13,1,PARQUE ESCENARIO DEPORTIVO EL CAMPINCITO - CEAD,460.73,1,0.17,,0.33,1.5,0.0,,0.03,629.06,0.0
11813-M4675359,APARTAMENTO,VENTA,19.52,80.0,3.0,2.0,280000.0,1.0,,3,ENTRE 10 Y 20 ANOS,4.72,-74.14,USADO,,0,0,1,0,0,0,0,0,0,0,False,ENGATIVA,S.C. EL GACO,Portal 80,3189.31,0,PARQUE METROPOLITANO PLANTA DE TRATAMIENTO SALITRE,1228.61,0,0.24,,0.33,1.5,0.0,,0.04,2756.89,0.0
11813-M4675240,APARTAMENTO,VENTA,19.41,72.0,3.0,2.0,3921395.93,1.0,,3,ENTRE 0 Y 5 ANOS,4.76,-74.04,USADO,,0,0,1,0,0,0,0,0,0,0,False,USAQUEN,SAN ANTONIO NOROCCIDENTAL,Calle 187,540.22,0,PARQUE VECINAL URBANIZACIÓN CALLE 170 / ALAMEDA,609.28,0,0.27,,0.33,1.5,0.0,,0.04,561.88,0.0
4566-M3499405,APARTAMENTO,VENTA,21.37,153.0,3.0,2.0,1450000.0,2.0,,6,MAS DE 20 ANOS,4.66,-74.05,USADO,,0,1,0,0,0,0,0,0,0,0,False,CHAPINERO,LOS ROSALES,Calle 76 - San Felipe,1410.33,0,PARQUE ZONAL SAN ANDRÉS,572.44,0,0.14,,0.67,1.5,0.0,,0.02,756.44,0.0
16425-M4624902,APARTAMENTO,VENTA,20.16,141.0,4.0,3.0,240000.0,2.0,,4,MAS DE 20 ANOS,4.65,-74.09,USADO,,0,0,0,0,0,0,0,0,0,1,False,TEUSAQUILLO,PABLO VI ETAPA I,Movistar Arena,929.04,0,PARQUE ZONAL NICOLAS DE FEDERMAN 3,439.02,1,0.14,,0.5,1.33,0.0,,0.03,961.97,0.0
11813-M4676282,APARTAMENTO,VENTA,19.32,28.0,1.0,1.0,300000.0,0.0,CHAPINERO ALTO,4,ENTRE 0 Y 5 ANOS,4.64,-74.06,USADO,,0,0,1,1,0,0,0,0,0,0,False,CHAPINERO,BOSQUE CALDERON TEJADA 2,Calle 57,1015.46,0,PARQUE ZONAL GUSTAVO URIBE BOTERO,987.37,0,0.69,,0.0,1.0,0.0,,0.04,1029.53,0.0
684-M4476506,APARTAMENTO,VENTA,20.99,160.0,3.0,4.0,1000000.0,2.0,CHICO,6,ENTRE 5 Y 10 ANOS,4.68,-74.05,USADO,,0,1,0,0,0,0,0,0,0,1,False,CHAPINERO,S.C. CHICO NORTE III SECTOR,Calle 100 - Marketmedios,393.65,1,PARQUE VECINAL URBANIZACIÓN NORMANDIA I II II Y IV SECTOR,828.19,0,0.13,,0.67,0.75,0.0,,0.02,281.77,2.0
183-M3043781,APARTAMENTO,VENTA,20.31,105.54,3.0,3.0,419000.0,2.0,,6,ENTRE 0 Y 5 ANOS,4.71,-74.09,USADO,,0,0,0,0,1,0,0,0,0,0,False,SUBA,OASIS DE SAN JORGE,Suba - AV. Boyacá,1672.32,0,PARQUE METROPOLITANO CEFE COMETAS,502.35,0,0.19,,0.67,1.0,0.0,,0.03,1757.03,0.0
10139-M3930369,APARTAMENTO,VENTA,21.79,256.0,3.0,4.0,1584000.0,3.0,CHAPINERO ALTO,6,MAS DE 20 ANOS,4.65,-74.05,USADO,,0,1,0,0,1,0,0,0,0,1,False,CHAPINERO,S.C. LAS ACACIAS,Flores – Areandina,1406.95,0,PARQUE ZONAL GUSTAVO URIBE BOTERO,144.78,1,0.09,,1.0,0.75,0.0,,0.01,567.67,0.0
11813-M4676073,APARTAMENTO,VENTA,20.18,123.0,4.0,3.0,732000.0,1.0,CHICO,4,MAS DE 20 ANOS,4.66,-74.06,USADO,,0,0,1,0,0,0,0,0,0,0,False,CHAPINERO,S.C. PORCIUNCULA,Calle 76 - San Felipe,370.71,1,PARQUE ZONAL SAN ANDRÉS,874.84,0,0.16,,0.25,1.33,0.0,,0.03,406.6,3.0
4566-M4213902,APARTAMENTO,VENTA,20.13,65.0,1.0,1.0,365000.0,2.0,CHICO,6,ENTRE 10 Y 20 ANOS,4.68,-74.06,USADO,,0,0,0,1,0,0,0,0,0,0,False,CHAPINERO,S.C. CHICO NORTE,Virrey,474.31,1,PARQUE VECINAL URBANIZACIÓN NORMANDIA I II II Y IV SECTOR,357.62,1,0.31,,2.0,1.0,0.0,,0.02,305.54,2.0
11813-M4676672,APARTAMENTO,VENTA,19.58,80.0,3.0,2.0,205000.0,1.0,,4,ENTRE 5 Y 10 ANOS,4.72,-74.14,USADO,,0,0,1,1,0,0,0,0,0,0,False,ENGATIVA,S.C. EL GACO,Portal 80,3195.57,0,PARQUE METROPOLITANO PLANTA DE TRATAMIENTO SALITRE,1212.18,0,0.24,,0.33,1.5,0.0,,0.04,2784.21,0.0
11813-M4675908,APARTAMENTO,VENTA,20.56,128.0,3.0,4.0,550000.0,2.0,NIZA ALHAMBRA,5,ENTRE 10 Y 20 ANOS,4.7,-74.07,USADO,,0,0,1,0,0,0,0,0,0,0,False,SUBA,LAGOS DE CORDOBA,Humedal Córdoba,199.05,1,PARQUE ZONAL CANAL CORDOBA,700.44,0,0.16,,0.67,0.75,0.0,,0.02,700.82,0.0
11813-M4676363,APARTAMENTO,VENTA,20.58,145.0,3.0,3.0,273000.0,2.0,SALITRE MODELIA,4,MAS DE 20 ANOS,4.65,-74.11,USADO,,0,0,1,0,0,0,0,0,0,0,False,FONTIBON,CIUDAD SALITRE 3 A. ETAPA,El Tiempo - Maloka,877.11,0,PARQUE ZONAL SAUZALITO,366.77,1,0.14,,0.67,1.0,0.0,,0.02,276.42,2.0
11813-M4676077,APARTAMENTO,VENTA,19.73,74.0,3.0,2.0,310000.0,1.0,,3,ENTRE 10 Y 20 ANOS,4.75,-74.06,USADO,,0,0,1,1,0,0,0,0,0,0,False,SUBA,S.C. PORTALES DEL NORTE,Toberin - Foundever,1635.59,0,PARQUE ZONAL SAN JOSÉ DE BAVARIA,646.74,0,0.27,,0.33,1.5,0.0,,0.04,1913.52,0.0
11813-M4676323,APARTAMENTO,VENTA,19.5,43.0,1.0,1.0,356000.0,1.0,CENTRO Y ZONA COLONIAL,3,ENTRE 10 Y 20 ANOS,4.61,-74.07,USADO,,0,0,0,0,0,0,0,0,0,0,False,SANTA FE,LAS NIEVES,San Diego,369.66,1,PARQUE METROPOLITANO INDEPENDENCIA BICENTENARIO,453.55,1,0.45,,1.0,1.0,0.0,,0.02,445.83,3.0
11813-M4676329,APARTAMENTO,VENTA,19.52,40.0,1.0,1.0,250000.0,1.0,,3,ENTRE 0 Y 5 ANOS,4.61,-74.07,USADO,,0,0,1,0,0,0,0,0,0,0,False,SANTA FE,LAS NIEVES,San Diego,379.82,1,PARQUE METROPOLITANO INDEPENDENCIA BICENTENARIO,451.1,1,0.49,,1.0,1.0,0.0,,0.02,451.56,3.0
681-M3000652,APARTAMENTO,VENTA,21.24,165.0,2.0,3.0,980000.0,2.0,SANTA BARBARA,6,ENTRE 5 Y 10 ANOS,4.69,-74.04,USADO,,0,1,0,0,0,0,0,0,0,0,False,USAQUEN,SANTA BARBARA CENTRAL II SECTOR,Pepe Sierra,1783.6,0,PARQUE METROPOLITANO EL COUNTRY,1089.31,0,0.13,,1.0,0.67,0.0,,0.01,534.82,0.0
703-M3426679,APARTAMENTO,VENTA,21.39,197.0,3.0,4.0,1016000.0,3.0,CHICO,6,MAS DE 20 ANOS,4.66,-74.05,USADO,,0,0,0,0,0,0,0,0,0,1,False,CHAPINERO,S.C. EL RETIRO,Héroes - Gel´Hada,1335.42,0,PARQUE ZONAL SAN ANDRÉS,354.85,1,0.11,,1.0,0.75,0.0,,0.02,502.68,0.0
771-M4371641,APARTAMENTO,VENTA,19.88,85.0,2.0,2.0,410000.0,2.0,NIZA ALHAMBRA,5,MAS DE 20 ANOS,4.7,-74.07,USADO,,0,0,0,0,0,0,0,0,0,1,False,SUBA,SANTA ROSA,Suba - Calle 116,188.6,1,PARQUE ZONAL MORATO,240.31,1,0.23,,1.0,1.0,0.0,,0.02,424.56,1.0
771-M4371235,APARTAMENTO,VENTA,21.13,205.0,4.0,3.0,523000.0,2.0,SANTA BARBARA,6,MAS DE 20 ANOS,4.7,-74.05,USADO,,0,0,0,0,0,0,0,0,0,1,True,USAQUEN,SANTA BARBARA OCCIDENTAL,Calle 127,1050.62,0,PARQUE METROPOLITANO EL COUNTRY,916.8,0,0.1,,0.5,1.33,0.0,,0.02,364.8,1.0
771-M4371640,APARTAMENTO,VENTA,20.56,170.0,3.0,3.0,1640000.0,3.0,SANTA BARBARA,6,ENTRE 10 Y 20 ANOS,4.69,-74.06,USADO,,0,0,0,0,0,0,0,0,0,1,False,USAQUEN,SANTA BIBIANA,Calle 100 - Marketmedios,540.74,0,PARQUE VECINAL URBANIZACIÓN NORMANDIA I II II Y IV SECTOR,1260.09,0,0.12,,1.0,1.0,0.0,,0.02,679.81,0.0
11813-M4675913,APARTAMENTO,VENTA,19.95,79.0,3.0,2.0,402000.0,2.0,,3,ENTRE 0 Y 5 ANOS,4.72,-74.04,USADO,,0,0,1,1,0,0,0,0,0,0,False,USAQUEN,CEDRO NARVAEZ,Calle 142,1645.07,0,PARQUE VECINAL NUEVA URBANIZACIÓN EL CEDRITO,333.21,1,0.25,,0.67,1.5,0.0,,0.04,329.81,1.0
771-M4371642,APARTAMENTO,VENTA,20.6,215.0,4.0,5.0,709000.0,3.0,NIZA ALHAMBRA,5,MAS DE 20 ANOS,4.7,-74.07,USADO,,0,0,0,0,0,0,0,0,0,1,False,SUBA,SANTA ROSA,Suba - Calle 116,188.6,1,PARQUE ZONAL MORATO,240.31,1,0.1,,0.75,0.8,0.0,,0.02,424.56,1.0
11813-M4675147,APARTAMENTO,VENTA,20.7,135.0,1.0,1.0,770000.0,2.0,,5,ENTRE 10 Y 20 ANOS,4.65,-74.06,USADO,,0,0,1,0,0,0,0,0,0,0,False,CHAPINERO,S.C. QUINTA CAMACHO,Flores – Areandina,631.73,0,PARQUE ZONAL GUSTAVO URIBE BOTERO,690.98,0,0.15,,2.0,1.0,0.0,,0.01,271.04,2.0
11813-M4675113,APARTAMENTO,VENTA,19.77,77.0,3.0,2.0,280000.0,1.0,,4,ENTRE 5 Y 10 ANOS,4.62,-74.13,USADO,,0,0,1,1,0,0,0,0,0,0,False,KENNEDY,LA IGUALDAD LA RIVERA REAL,Marsella,987.96,0,PARQUE METROPOLITANO PISTA DE BMX PRD,440.39,1,0.26,,0.33,1.5,0.0,,0.04,1315.91,0.0
11813-M4676125,APARTAMENTO,VENTA,19.38,60.0,2.0,2.0,240000.0,1.0,,3,ENTRE 5 Y 10 ANOS,4.67,-74.15,USADO,,0,0,1,0,0,0,0,0,0,0,False,FONTIBON,EL CUCO LA ESTANCIA,Portal El Dorado,3198.88,0,PARQUE ZONAL CARMEN DE LA LAGUNA,607.09,0,0.32,,0.5,1.0,0.0,,0.03,1914.72,0.0
9947-M4517298,APARTAMENTO,VENTA,20.21,51.0,1.0,1.0,3921395.93,1.0,CHICO,6,ENTRE 0 Y 5 ANOS,4.68,-74.05,USADO,,0,1,0,0,0,0,0,0,0,0,False,CHAPINERO,S.C. CHICO NORTE,Virrey,595.18,0,PARQUE VECINAL URBANIZACIÓN NORMANDIA I II II Y IV SECTOR,495.91,1,0.4,,1.0,1.0,0.0,,0.02,289.46,2.0
3229-M4545013,APARTAMENTO,VENTA,20.03,88.0,4.0,2.0,457000.0,2.0,SANTA BARBARA,6,MAS DE 20 ANOS,4.7,-74.04,USADO,,0,0,0,0,1,0,0,0,0,0,False,USAQUEN,SANTA BARBARA CENTRAL I SECTOR,Calle 127,2004.53,0,PARQUE METROPOLITANO EL COUNTRY,601.81,0,0.23,,0.5,2.0,0.0,,0.05,616.92,0.0
4566-M3499410,APARTAMENTO,VENTA,21.09,240.0,3.0,4.0,1700000.0,2.0,,6,MAS DE 20 ANOS,4.65,-74.05,USADO,,0,0,0,1,0,0,0,0,0,0,False,CHAPINERO,S.C. BELLAVISTA,Calle 72,1483.21,0,PARQUE ZONAL GUSTAVO URIBE BOTERO,384.69,1,0.09,,0.67,0.75,0.0,,0.01,692.38,0.0
133-M3033575,APARTAMENTO,VENTA,20.11,120.0,3.0,2.0,525000.0,2.0,COUNTRY,5,ENTRE 10 Y 20 ANOS,4.72,-74.05,USADO,,0,1,0,0,0,0,0,0,0,1,False,USAQUEN,LOS CEDROS,Alcalá,371.98,1,PARQUE VECINAL PRADO PINZÓN,948.85,0,0.17,,0.67,1.5,0.0,,0.02,207.45,1.0
2363-M4059451,APARTAMENTO,VENTA,19.73,41.4,1.0,1.0,360000.0,1.0,CHAPINERO,4,ENTRE 5 Y 10 ANOS,4.64,-74.07,USADO,,0,0,0,0,0,0,0,0,0,0,False,TEUSAQUILLO,BANCO CENTRAL,Calle 57,591.29,0,PARQUE ESCENARIO DEPORTIVO EL CAMPINCITO - CEAD,942.03,0,0.48,,1.0,1.0,0.0,,0.02,423.53,1.0
4566-M4337378,APARTAMENTO,VENTA,20.9,170.0,4.0,3.0,1737900.0,3.0,CHICO,6,ENTRE 10 Y 20 ANOS,4.68,-74.04,USADO,,0,0,0,0,0,0,0,0,0,1,True,CHAPINERO,S.C. CHICO NORTE,Virrey,1647.31,0,PARQUE VECINAL URBANIZACIÓN LA CABRERA,924.95,0,0.12,,0.75,1.33,0.0,,0.02,472.43,1.0
4566-M3257567,APARTAMENTO,VENTA,20.67,250.51,4.0,5.0,1200000.0,4.0,SANTA BARBARA,6,MAS DE 20 ANOS,4.7,-74.04,USADO,,0,0,0,0,0,0,0,0,0,1,False,USAQUEN,SANTA BARBARA CENTRAL II SECTOR,Pepe Sierra,1983.52,0,PARQUE METROPOLITANO EL COUNTRY,998.84,0,0.08,,1.0,0.8,0.0,,0.02,563.96,0.0
989-M3170510,APARTAMENTO,VENTA,20.13,97.0,2.0,3.0,677000.0,2.0,SANTA BARBARA,6,ENTRE 10 Y 20 ANOS,4.7,-74.05,USADO,,0,1,0,0,0,0,0,0,0,0,False,USAQUEN,SANTA BARBARA OCCIDENTAL,Calle 127,919.01,0,PARQUE METROPOLITANO EL COUNTRY,1005.21,0,0.21,,1.0,0.67,0.0,,0.02,355.54,1.0
11813-M4705376,APARTAMENTO,VENTA,19.72,76.0,3.0,2.0,240000.0,1.0,,3,ENTRE 5 Y 10 ANOS,4.65,-74.14,USADO,,0,0,1,1,0,0,0,0,0,0,False,KENNEDY,ANDALUCIA,Transversal 86,2539.72,0,PARQUE VECINAL VILLA ALSACIA,1105.08,0,0.26,,0.33,1.5,0.0,,0.04,1476.34,0.0
771-M4541419,APARTAMENTO,VENTA,20.67,148.0,3.0,3.0,1100000.0,2.0,CHICO,5,MAS DE 20 ANOS,4.68,-74.04,USADO,,0,0,0,0,0,0,0,0,0,1,False,CHAPINERO,CHICO NORTE - URB. CONJUNTO DE LA CIEN,Calle 100 - Marketmedios,1793.99,0,PARQUE VECINAL URBANIZACIÓN LA CABRERA,1438.44,0,0.14,,0.67,1.0,0.0,,0.02,178.51,2.0
11813-M4705377,APARTAMENTO,VENTA,20.45,130.0,3.0,3.0,800000.0,3.0,CERROS DE SUBA,6,MAS DE 20 ANOS,4.73,-74.08,USADO,,0,0,0,1,0,0,0,0,0,0,False,SUBA,LAS PALMERAS,Gratamira,61.63,1,PARQUE VECINAL AGRUPACIÓN DE VIVIENDA EN BALCON DE LINDARAJA,1466.52,0,0.16,,1.0,1.0,0.0,,0.02,1131.61,0.0
5044-M4465946,APARTAMENTO,VENTA,20.63,172.0,3.0,3.0,3921395.93,4.0,SANTA BARBARA,6,MAS DE 20 ANOS,4.7,-74.05,USADO,,0,0,0,0,0,0,0,0,0,0,True,USAQUEN,SANTA BARBARA OCCIDENTAL,Pepe Sierra,843.6,0,PARQUE METROPOLITANO EL COUNTRY,1175.3,0,0.12,,1.33,1.0,0.0,,0.02,161.95,2.0
9947-M4709340,APARTAMENTO,VENTA,19.58,68.0,3.0,2.0,301000.0,1.0,COLINA Y ALREDEDORES,4,ENTRE 5 Y 10 ANOS,4.75,-74.06,USADO,,0,0,0,1,0,0,0,0,0,0,False,SUBA,PORTALES DEL NORTE URB. SAN PEDRO,Toberin - Foundever,1925.88,0,PARQUE ZONAL SAN JOSÉ DE BAVARIA,275.82,1,0.29,,0.33,1.5,0.0,,0.04,2196.86,0.0
771-M4529414,APARTAMENTO,VENTA,20.72,190.0,3.0,4.0,1005000.0,2.0,SANTA BARBARA,6,MAS DE 20 ANOS,4.7,-74.04,USADO,,0,0,0,0,0,0,0,0,0,1,False,USAQUEN,SANTA BARBARA OCCIDENTAL,Calle 127,1038.93,0,PARQUE METROPOLITANO EL COUNTRY,735.78,0,0.11,,0.67,0.75,0.0,,0.02,345.45,1.0
11813-M4703460,APARTAMENTO,VENTA,20.14,95.0,3.0,3.0,800400.0,2.0,,4,ENTRE 0 Y 5 ANOS,4.69,-74.04,USADO,,0,0,1,0,0,0,0,0,0,0,False,USAQUEN,RINCON DEL CHICO,Calle 106,1576.66,0,PARQUE ZONAL CANAL EL VIRREY EL CHICO,1909.82,0,0.21,,0.67,1.0,0.0,,0.03,602.77,0.0
2363-M4291940,APARTAMENTO,VENTA,19.3,47.01,3.0,1.0,3921395.93,1.0,RAFAEL URIBE URIBE TUNJUELITO,3,MAS DE 20 ANOS,4.58,-74.11,USADO,,0,0,0,0,0,0,0,0,0,1,False,RAFAEL URIBE URIBE,S.C. QUIROGA,Olaya,369.33,1,PARQUE BOLSILLO URBANIZACIÓN GUSTAVO RESTREPO,372.35,1,0.41,,0.33,3.0,0.0,,0.06,2031.06,0.0
13076-M3722472,APARTAMENTO,VENTA,21.09,198.0,4.0,4.0,1200000.0,4.0,SANTA BARBARA,6,ENTRE 10 Y 20 ANOS,4.69,-74.05,USADO,,0,1,0,0,0,0,0,0,0,0,False,USAQUEN,SAN PATRICIO,Calle 106,777.37,0,PARQUE METROPOLITANO EL COUNTRY,1685.06,0,0.11,,1.0,1.0,0.0,,0.02,177.62,3.0
11813-M4708897,APARTAMENTO,VENTA,19.81,80.0,3.0,2.0,270000.0,1.0,,4,ENTRE 10 Y 20 ANOS,4.74,-74.03,USADO,,0,0,1,1,0,0,0,0,0,0,False,USAQUEN,VILLAS DE ARANJUEZ,Toberin - Foundever,1684.17,0,PARQUE ZONAL LA VIDA,811.15,0,0.25,,0.33,1.5,0.0,,0.04,643.46,0.0
11813-M4741876,APARTAMENTO,VENTA,20.09,94.0,3.0,2.0,526000.0,1.0,,4,ENTRE 10 Y 20 ANOS,4.69,-74.07,USADO,,0,0,1,0,0,0,0,0,0,0,False,SUBA,S.C. ANDES NORTE,Suba - Calle 100,221.88,1,PARQUE ZONAL CANAL RIO NEGRO,780.07,0,0.21,,0.33,1.5,0.0,,0.03,414.88,1.0
11813-M4741841,APARTAMENTO,VENTA,19.3,48.0,2.0,2.0,200000.0,0.0,,3,ENTRE 0 Y 5 ANOS,4.77,-74.04,USADO,,0,0,1,0,0,0,0,0,0,0,False,USAQUEN,EL VERBENAL I,Terminal,897.64,0,PARQUE VECINAL DESARROLLO VERBENAL I,460.15,1,0.4,,0.0,1.0,0.0,,0.04,892.71,0.0
9947-M4598310,APARTAMENTO,VENTA,19.3,34.0,1.0,1.0,3921395.93,1.0,CENTRO Y ZONA COLONIAL,2,ENTRE 5 Y 10 ANOS,4.6,-74.07,USADO,,0,0,0,0,0,0,0,0,0,0,False,CANDELARIA,LA CATEDRAL,Museo del Oro,371.2,1,PARQUE METROPOLITANO TERCER MILENIO,739.1,0,0.57,,1.0,1.0,0.0,,0.03,184.13,1.0
11813-M4741751,APARTAMENTO,VENTA,19.4,30.0,1.0,1.0,300000.0,0.0,,4,ENTRE 0 Y 5 ANOS,4.64,-74.07,USADO,,0,0,1,0,0,0,0,0,0,0,False,TEUSAQUILLO,SAN LUIS,Calle 57,717.07,0,PARQUE ESCENARIO DEPORTIVO EL CAMPINCITO - CEAD,681.41,0,0.65,,0.0,1.0,0.0,,0.03,354.33,1.0
661-M4673456,APARTAMENTO,VENTA,19.86,140.0,3.0,3.0,288000.0,2.0,NIZA ALHAMBRA,5,MAS DE 20 ANOS,4.71,-74.06,USADO,,0,0,0,0,0,0,0,0,0,0,False,SUBA,EL BATAN,Calle 127,860.88,0,PARQUE ZONAL ATABANZA,436.56,1,0.14,,0.67,1.0,0.0,,0.02,1003.57,0.0
34-58396,APARTAMENTO,VENTA,21.72,390.0,5.0,5.0,3921395.93,4.0,CHAPINERO,4,ENTRE 5 Y 10 ANOS,4.64,-74.07,USADO,,0,0,0,0,0,0,0,0,0,0,False,TEUSAQUILLO,CHAPINERO OCCIDENTAL,Calle 57,319.88,1,PARQUE ESCENARIO DEPORTIVO EL CAMPINCITO - CEAD,1094.33,0,0.06,,0.8,1.0,0.0,,0.01,724.15,0.0
661-M3856989,APARTAMENTO,VENTA,21.42,253.0,3.0,5.0,1226000.0,3.0,CHICO,6,MAS DE 20 ANOS,4.67,-74.04,USADO,,0,0,0,0,0,0,0,0,0,0,False,CHAPINERO,CHICO ALTO,Calle 85,1954.36,0,PARQUE VECINAL URBANIZACIÓN LA CABRERA,895.41,0,0.08,,1.0,0.6,0.0,,0.01,847.94,0.0
661-M3848498,APARTAMENTO,VENTA,20.91,177.8,4.0,5.0,929000.0,3.0,COLINA Y ALREDEDORES,5,ENTRE 10 Y 20 ANOS,4.73,-74.06,USADO,,0,0,0,0,0,0,0,0,0,0,False,SUBA,OIKOS LA COLINA,Alcalá,1298.3,0,PARQUE VECINAL PRADO PINZÓN,935.62,0,0.12,,0.75,0.8,0.0,,0.02,293.43,2.0
304-M4019261,APARTAMENTO,VENTA,19.77,88.0,3.0,2.0,233200.0,1.0,NIZA ALHAMBRA,3,MAS DE 20 ANOS,4.71,-74.07,USADO,,0,0,0,0,0,0,0,0,0,1,True,SUBA,NIZA SUR,Niza - Calle 127,114.28,1,PARQUE ZONAL LOS LACHES LA MINA,37.07,1,0.22,,0.33,1.5,0.0,,0.03,37.1,10.0
766-M4538753,APARTAMENTO,VENTA,19.21,49.86,3.0,2.0,178000.0,0.0,COLINA Y ALREDEDORES,3,ENTRE 10 Y 20 ANOS,4.76,-74.08,USADO,,0,0,0,0,0,0,0,0,0,1,False,SUBA,VILLA DE LOS COMUNEROS (PRADOS DEL SALITRE),Portal Suba,1956.42,0,PARQUE ZONAL CAMPO VERDE,431.19,1,0.39,,0.0,1.5,0.0,,0.06,1891.16,0.0
14-M4602962,APARTAMENTO,VENTA,19.89,75.0,3.0,2.0,289000.0,1.0,NORMANDIA,4,ENTRE 5 Y 10 ANOS,4.68,-74.11,USADO,,0,1,0,0,1,0,0,0,0,0,False,ENGATIVA,LOS MONJES,Modelia,893.67,0,PARQUE VECINAL MODELIA SECTOR A,1587.66,0,0.27,,0.33,1.5,0.0,,0.04,494.57,2.0
3229-M3707689,APARTAMENTO,VENTA,19.09,58.0,3.0,2.0,3921395.93,0.0,,3,MAS DE 20 ANOS,4.74,-74.1,USADO,1100000.0,0,0,0,0,0,0,0,0,0,0,False,SUBA,COSTA AZUL III ETAPA,La Campiña,1057.64,0,PARQUE VECINAL URBANIZACIÓN NUEVA TIBABUYES 1,1003.14,0,0.33,18965.52,0.0,1.5,0.0,0.28,0.05,1484.36,0.0
4566-M3499375,APARTAMENTO,VENTA,21.28,360.0,4.0,5.0,2450000.0,4.0,,6,MAS DE 20 ANOS,4.65,-74.05,USADO,,0,0,0,0,0,0,0,0,0,0,False,CHAPINERO,S.C. LAS ACACIAS,Flores – Areandina,1293.06,0,PARQUE ZONAL GUSTAVO URIBE BOTERO,31.08,1,0.06,,1.0,0.8,0.0,,0.01,452.19,1.0
12538-M4741688,APARTAMENTO,VENTA,19.06,55.0,3.0,2.0,130000.0,0.0,CIUDAD BOLIVAR,3,ENTRE 5 Y 10 ANOS,4.59,-74.16,USADO,,0,0,0,0,1,1,0,0,0,1,False,CIUDAD BOLIVAR,MADELENA,Perdomo,600.79,0,PARQUE VECINAL URBANIZACIÓN BALMORAL CESIÓN GUADALUPE,504.88,0,0.35,,0.0,1.5,0.0,,0.05,1086.98,0.0
2195-M3103323,APARTAMENTO,VENTA,19.94,54.0,1.0,1.0,431900.0,1.0,COUNTRY,6,ENTRE 0 Y 5 ANOS,4.71,-74.05,USADO,,0,0,0,0,0,0,0,0,0,1,False,USAQUEN,LA CALLEJA,Calle 127,549.32,0,PARQUE ZONAL ATABANZA,844.95,0,0.37,,1.0,1.0,0.0,,0.02,197.73,5.0
2456-M2469207,APARTAMENTO,VENTA,20.42,120.0,3.0,3.0,400000.0,2.0,COLINA Y ALREDEDORES,4,ENTRE 0 Y 5 ANOS,4.74,-74.07,USADO,,0,1,0,1,1,1,1,0,0,0,False,SUBA,EL CORTIJO (FINCA),21 Ángeles,1336.76,0,PARQUE ZONAL EL TOMILLAR,307.27,1,0.17,,0.67,1.0,0.0,,0.02,1010.7,0.0
800-M4598498,APARTAMENTO,VENTA,19.65,75.0,3.0,2.0,229000.0,1.0,COLINA Y ALREDEDORES,3,ENTRE 10 Y 20 ANOS,4.75,-74.06,USADO,,0,0,0,0,1,1,0,0,0,0,False,SUBA,,Portal Norte,1279.08,0,PARQUE ZONAL SAN JOSÉ DE BAVARIA,717.21,0,0.26,,0.33,1.5,0.0,,0.04,1734.83,0.0
800-M4598365,APARTAMENTO,VENTA,19.72,75.0,2.0,2.0,325000.0,0.0,CHAPINERO ALTO,4,MAS DE 20 ANOS,4.64,-74.06,USADO,,0,0,0,0,1,1,0,0,0,1,False,CHAPINERO,S.C. CHAPINERO CENTRAL,Calle 57,387.66,1,PARQUE ZONAL GUSTAVO URIBE BOTERO,1695.57,0,0.26,,0.0,1.0,0.0,,0.03,893.95,0.0
800-M4458716,APARTAMENTO,VENTA,20.03,101.0,3.0,4.0,495000.0,1.0,NIZA ALHAMBRA,5,MAS DE 20 ANOS,4.71,-74.06,USADO,,0,1,0,0,0,1,0,0,0,1,False,SUBA,EL BATAN,Calle 127,138.03,1,PARQUE ZONAL ATABANZA,525.76,0,0.2,,0.33,0.75,0.0,,0.03,266.24,5.0
12374-M4268862,APARTAMENTO,VENTA,19.34,26.72,1.0,1.0,3921395.93,0.0,CHAPINERO ALTO,3,ENTRE 0 Y 5 ANOS,4.65,-74.06,USADO,,0,0,0,1,1,1,0,0,0,1,True,CHAPINERO,S.C. CHAPINERO NORTE,Calle 63,664.13,0,PARQUE ZONAL GUSTAVO URIBE BOTERO,764.24,0,0.72,,0.0,1.0,0.0,,0.04,441.12,1.0
482-M4181873,APARTAMENTO,VENTA,19.99,88.0,3.0,2.0,378000.0,1.0,ORQUIDEAS,4,ENTRE 5 Y 10 ANOS,4.75,-74.02,USADO,,0,0,0,1,1,1,0,0,0,1,False,USAQUEN,SANTA TERESA,Toberin - Foundever,2565.26,0,PARQUE ZONAL SERVITA,445.12,1,0.23,,0.33,1.5,0.0,,0.03,1371.49,0.0
4933-M4704646,APARTAMENTO,VENTA,19.84,85.0,3.0,2.0,239000.0,1.0,COLINA Y ALREDEDORES,4,ENTRE 10 Y 20 ANOS,4.74,-74.07,USADO,,0,0,0,0,1,1,1,0,0,1,False,SUBA,CASABLANCA (HACIENDA),Gratamira,1760.95,0,PARQUE ZONAL EL TOMILLAR,827.07,0,0.23,,0.33,1.5,0.0,,0.04,814.88,0.0
374-M3239466,APARTAMENTO,VENTA,21.28,220.0,3.0,5.0,1310000.0,3.0,COUNTRY,6,ENTRE 10 Y 20 ANOS,4.71,-74.03,USADO,,0,1,0,1,1,1,0,0,0,1,False,USAQUEN,BOSQUES DE MEDINA,Prado,2704.45,0,PARQUE METROPOLITANO EL COUNTRY,1282.24,0,0.1,,1.0,0.6,0.0,,0.01,405.5,1.0
800-M4598609,APARTAMENTO,VENTA,19.11,57.0,3.0,2.0,113900.0,0.0,ALTOS DE SUBA Y CERROS DE SAN JORGE,3,REMODELADO,4.74,-74.08,USADO,,0,0,0,1,0,1,0,0,0,0,False,SUBA,VEREDA SUBA CERROS LA CABANA,21 Ángeles,293.23,1,PARQUE ZONAL BELLAVISTA DINDALITO,750.39,0,0.34,,0.0,1.5,0.0,,0.05,1630.55,0.0
2592-M4700209,APARTAMENTO,VENTA,19.95,96.0,3.0,3.0,455000.0,2.0,CEDRITOS,4,MAS DE 20 ANOS,4.73,-74.04,USADO,,0,1,0,1,0,1,0,0,0,1,False,USAQUEN,PARQUES DE LORENA,Mazurén,1227.51,0,PARQUE ZONAL LA VIDA,706.48,0,0.21,,0.67,1.0,0.0,,0.03,688.0,0.0
3666-M3155114,APARTAMENTO,VENTA,19.98,42.0,1.0,1.0,298000.0,1.0,CENTRO Y ZONA COLONIAL,3,ENTRE 0 Y 5 ANOS,4.6,-74.07,USADO,,0,0,0,1,1,1,0,0,0,1,False,SANTA FE,LAS NIEVES,Universidades,186.19,1,PARQUE ZONAL SENDERO A MONSERRATE,843.92,0,0.48,,1.0,1.0,0.0,,0.02,252.94,5.0
800-M3104872,APARTAMENTO,VENTA,21.02,255.0,3.0,4.0,1100000.0,3.0,COUNTRY,6,MAS DE 20 ANOS,4.71,-74.04,USADO,,0,0,0,0,0,1,0,0,0,0,False,USAQUEN,LA_CAROLINA,Calle 127,1678.52,0,PARQUE METROPOLITANO EL COUNTRY,201.48,1,0.08,,1.0,0.75,0.0,,0.01,465.43,1.0
384-M4152505,APARTAMENTO,VENTA,19.56,61.9,3.0,2.0,234000.0,1.0,ENGATIVA,3,ENTRE 10 Y 20 ANOS,4.69,-74.11,USADO,,0,0,0,0,0,0,0,0,0,0,False,ENGATIVA,LOS ALAMOS - URB. TORRECAMPO,Portal El Dorado,1437.74,0,PARQUE VECINAL URBANIZACIÓN FLORENCIA I SECTOR,1418.17,0,0.32,,0.33,1.5,0.0,,0.05,778.87,0.0
384-M4342091,APARTAMENTO,VENTA,19.54,66.64,3.0,2.0,3921395.93,1.0,FONTIBON TINTAL,3,ENTRE 0 Y 5 ANOS,4.68,-74.14,USADO,,0,0,0,1,1,0,0,0,0,1,False,FONTIBON,VERACRUZ_II SECTOR,Portal El Dorado,1858.89,0,PARQUE VECINAL VILLA HELENA VILLEMAR,644.86,0,0.29,,0.33,1.5,0.0,,0.05,1673.09,0.0
384-M4654430,APARTAMENTO,VENTA,19.58,51.9,2.0,2.0,185678.0,1.0,CASTILLA MARSELLA,3,ENTRE 0 Y 5 ANOS,4.65,-74.14,USADO,,1,0,0,1,1,1,0,0,0,1,False,KENNEDY,CASTILLA REAL,AV. Américas - AV. Boyacá,1966.1,0,PARQUE VECINAL VILLA ALSACIA,335.78,1,0.38,,0.5,1.0,0.0,,0.04,787.57,0.0
411-M4699671,APARTAMENTO,VENTA,20.18,62.45,1.0,1.0,513900.0,1.0,CENTRO INTERNACIONAL,3,ENTRE 0 Y 5 ANOS,4.62,-74.07,USADO,,0,0,0,1,1,0,0,0,0,1,False,SANTA FE,SAMPER,Calle 34,270.27,1,PARQUE METROPOLITANO PARQUE NACIONAL (PM2A) ENRIQUE OLAYA HERRERA (SECTOR HISTORICO),428.52,1,0.32,,1.0,1.0,0.0,,0.02,481.19,1.0
5537-M4654529,APARTAMENTO,VENTA,19.78,72.0,3.0,2.0,280000.0,1.0,ORQUIDEAS,3,ENTRE 5 Y 10 ANOS,4.74,-74.03,USADO,,0,0,0,1,1,1,0,0,0,1,False,USAQUEN,SANTA TERESA,Toberin - Foundever,2168.55,0,PARQUE ZONAL SERVITA,415.25,1,0.27,,0.33,1.5,0.0,,0.04,1028.13,0.0
3664-M2470345,APARTAMENTO,VENTA,21.19,249.0,4.0,4.0,1780000.0,3.0,CHICO,6,ENTRE 10 Y 20 ANOS,4.66,-74.05,USADO,,1,1,0,1,1,0,0,0,0,1,False,CHAPINERO,HORIZONTES (PREDIO),Calle 72,1709.34,0,PARQUE ZONAL SAN ANDRÉS,983.02,0,0.09,,0.75,1.0,0.0,,0.02,977.91,0.0
821-M4603685,APARTAMENTO,VENTA,19.67,72.0,3.0,2.0,450000.0,1.0,FONTIBON TINTAL,3,ENTRE 0 Y 5 ANOS,4.67,-74.14,USADO,,0,0,0,1,1,0,0,0,0,0,False,FONTIBON,VILLEMAR,Portal El Dorado,2372.42,0,PARQUE VECINAL VILLA HELENA VILLEMAR,277.79,1,0.27,,0.33,1.5,0.0,,0.04,1073.29,0.0
770-M3363332,APARTAMENTO,VENTA,21.19,153.0,3.0,2.0,1080000.0,2.0,CHICO,6,ENTRE 5 Y 10 ANOS,4.67,-74.05,USADO,,0,1,0,1,1,0,0,0,0,1,False,CHAPINERO,S.C. EL CHICO,Virrey,863.84,0,PARQUE ZONAL CANAL EL VIRREY EL CHICO,289.62,1,0.14,,0.67,1.5,0.0,,0.02,264.4,4.0
246-M3644378,APARTAMENTO,VENTA,20.56,134.0,3.0,4.0,685000.0,3.0,SANTA BARBARA,6,MAS DE 20 ANOS,4.69,-74.05,USADO,,0,1,0,0,1,0,0,0,0,1,False,USAQUEN,SANTA BIBIANA,Calle 106,669.46,0,PARQUE VECINAL URBANIZACIÓN NORMANDIA I II II Y IV SECTOR,1497.06,0,0.15,,1.0,0.75,0.0,,0.02,566.55,0.0
3553-M4709631,APARTAMENTO,VENTA,21.06,171.0,3.0,4.0,1465000.0,3.0,SANTA BARBARA,6,ENTRE 10 Y 20 ANOS,4.69,-74.05,USADO,,0,1,0,0,1,0,0,0,0,1,False,USAQUEN,SAN PATRICIO,Calle 106,447.24,1,PARQUE ZONAL CANAL CORDOBA,1586.43,0,0.12,,1.0,0.75,0.0,,0.02,284.86,1.0
2456-M2545856,APARTAMENTO,VENTA,20.14,107.0,3.0,2.0,390000.0,2.0,COLINA Y ALREDEDORES,5,ENTRE 5 Y 10 ANOS,4.73,-74.06,USADO,,0,0,0,1,1,1,0,0,0,1,False,SUBA,SANTA HELENA - PUERTA DE HIERRO LAS ACACIAS,Gratamira,1167.91,0,PARQUE VECINAL PRADO PINZÓN,1170.01,0,0.19,,0.67,1.5,0.0,,0.03,107.05,1.0
2238-M4421232,APARTAMENTO,VENTA,21.31,240.0,3.0,4.0,2172000.0,2.0,CHICO,6,REMODELADO,4.67,-74.05,USADO,,0,0,0,0,1,0,0,0,0,0,False,CHAPINERO,LA CABRERA,Calle 85,996.64,0,PARQUE VECINAL URBANIZACIÓN LA CABRERA,101.67,1,0.09,,0.67,0.75,0.0,,0.01,112.58,6.0
11104-M4662692,APARTAMENTO,VENTA,19.38,64.0,3.0,1.0,175000.0,0.0,CORTIJO AUTOPISTA MEDELLIN,3,MAS DE 20 ANOS,4.73,-74.12,USADO,,0,0,0,0,0,1,0,0,0,1,False,ENGATIVA,CIUDADELA COLSUBSIDIO 4 SECTOR,Portal 80,2676.63,0,PARQUE VECINAL URBANIZACIÓN NUEVA TIBABUYES 1,1093.56,0,0.3,,0.0,3.0,0.0,,0.05,2523.92,0.0
13873-M4734729,APARTAMENTO,VENTA,20.21,98.0,3.0,3.0,800000.0,2.0,SANTA BARBARA,6,MAS DE 20 ANOS,4.69,-74.05,USADO,,0,1,0,0,1,1,0,0,0,1,False,USAQUEN,RINCON DEL CHICO,Calle 100 - Marketmedios,1290.81,0,PARQUE ZONAL CANAL EL VIRREY EL CHICO,1564.25,0,0.21,,0.67,1.0,0.0,,0.03,286.85,3.0
754-M3367517,APARTAMENTO,VENTA,20.33,62.0,1.0,2.0,371000.0,2.0,CHICO,6,ENTRE 0 Y 5 ANOS,4.67,-74.05,USADO,,0,0,0,1,1,1,0,0,0,1,False,CHAPINERO,LA CABRERA,Héroes - Gel´Hada,1567.12,0,PARQUE VECINAL URBANIZACIÓN LA CABRERA,586.09,0,0.33,,2.0,0.5,0.0,,0.02,583.91,0.0
5161-M3061084,APARTAMENTO,VENTA,19.92,67.0,3.0,2.0,380000.0,2.0,,4,MAS DE 20 ANOS,4.65,-74.06,USADO,,0,0,0,0,1,1,0,0,0,1,False,CHAPINERO,S.C. GRANADA,Calle 63,1070.42,0,PARQUE ZONAL GUSTAVO URIBE BOTERO,547.41,0,0.3,,0.67,1.5,0.0,,0.04,599.63,0.0
2748-M4308319,APARTAMENTO,VENTA,20.67,183.0,4.0,5.0,680000.0,2.0,NIZA ALHAMBRA,5,ENTRE 10 Y 20 ANOS,4.71,-74.07,USADO,,0,1,0,1,1,1,0,0,0,1,False,SUBA,BATAN LOTE NIZA XII,Humedal Córdoba,282.16,1,PARQUE ZONAL CANAL CORDOBA,574.93,0,0.11,,0.5,0.8,0.0,,0.02,727.83,0.0
5483-M3360788,APARTAMENTO,VENTA,20.26,107.0,3.0,3.0,748150.0,2.0,NIZA ALHAMBRA,5,ENTRE 5 Y 10 ANOS,4.7,-74.06,USADO,,0,1,0,0,1,0,0,0,0,1,False,SUBA,EL BATAN,Calle 127,523.12,0,PARQUE ZONAL ATABANZA,486.34,1,0.19,,0.67,1.0,0.0,,0.03,686.58,0.0
3038-M4559756,APARTAMENTO,VENTA,19.81,69.0,1.0,1.0,420000.0,2.0,CHAPINERO ALTO,5,ENTRE 10 Y 20 ANOS,4.64,-74.06,USADO,,0,0,0,0,1,1,0,0,0,1,False,CHAPINERO,S.C INGEMAR,Calle 57,1000.5,0,PARQUE ZONAL GUSTAVO URIBE BOTERO,1088.5,0,0.29,,2.0,1.0,0.0,,0.01,1134.53,0.0
450-M3352397,APARTAMENTO,VENTA,20.03,78.15,2.0,2.0,500000.0,1.0,SANTA BARBARA,5,MAS DE 20 ANOS,4.7,-74.04,USADO,,0,0,0,0,1,1,0,0,0,1,False,USAQUEN,SANTA BARBARA OCCIDENTAL,Pepe Sierra,1269.6,0,PARQUE METROPOLITANO EL COUNTRY,813.94,0,0.26,,0.5,1.0,0.0,,0.03,443.28,2.0
10312-M4018859,APARTAMENTO,VENTA,20.64,198.0,3.0,3.0,762000.0,3.0,SANTA BARBARA,6,MAS DE 20 ANOS,4.69,-74.05,USADO,,0,1,0,0,1,1,0,0,0,1,False,USAQUEN,SANTA BIBIANA,Calle 106,507.49,0,PARQUE VECINAL URBANIZACIÓN NORMANDIA I II II Y IV SECTOR,1399.59,0,0.1,,1.0,1.0,0.0,,0.02,684.11,0.0
2456-M4704476,APARTAMENTO,VENTA,20.78,182.0,3.0,5.0,550000.0,2.0,COLINA Y ALREDEDORES,5,ENTRE 10 Y 20 ANOS,4.74,-74.06,USADO,,0,1,0,1,1,1,1,0,0,1,False,SUBA,URB. LA SIRENA,Gratamira,1608.28,0,PARQUE VECINAL DESARROLLO CANTALEJO URBANIZACIÓN CANTALEJO MANZANA B,955.02,0,0.11,,0.67,0.6,0.0,,0.02,561.66,0.0
2428-M4513415,APARTAMENTO,VENTA,19.99,90.0,3.0,2.0,383000.0,2.0,COLINA Y ALREDEDORES,5,MAS DE 20 ANOS,4.73,-74.06,USADO,,0,0,0,0,1,1,0,0,0,1,False,SUBA,SANTA HELENA BOSQUE DE CASIGUA,Gratamira,1328.32,0,PARQUE VECINAL PRADO PINZÓN,997.61,0,0.22,,0.67,1.5,0.0,,0.03,259.47,1.0
16449-M4661986,APARTAMENTO,VENTA,21.59,268.0,4.0,5.0,1800000.0,2.0,CHICO,6,MAS DE 20 ANOS,4.67,-74.05,USADO,,0,0,0,0,1,0,0,0,0,1,False,CHAPINERO,LA CABRERA,Calle 85,795.26,0,PARQUE VECINAL URBANIZACIÓN LA CABRERA,265.21,1,0.08,,0.5,0.8,0.0,,0.01,279.38,6.0
11633-M4661049,APARTAMENTO,VENTA,20.72,178.0,3.0,4.0,1000000.0,2.0,CHICO,6,MAS DE 20 ANOS,4.66,-74.05,USADO,,0,1,0,0,1,0,0,0,0,1,False,CHAPINERO,LOS ROSALES,Calle 76 - San Felipe,1267.27,0,PARQUE ZONAL SAN ANDRÉS,635.71,0,0.12,,0.67,0.75,0.0,,0.02,632.84,0.0
2456-M3697701,APARTAMENTO,VENTA,20.47,153.0,3.0,4.0,400000.0,2.0,COLINA Y ALREDEDORES,5,ENTRE 5 Y 10 ANOS,4.74,-74.06,USADO,,1,1,0,1,1,1,1,0,0,1,False,SUBA,URB. LA SIRENA,Mazurén,1579.64,0,PARQUE VECINAL DESARROLLO CANTALEJO URBANIZACIÓN CANTALEJO MANZANA B,772.03,0,0.13,,0.67,0.75,0.0,,0.02,730.46,0.0
717-M4558809,APARTAMENTO,VENTA,20.21,115.0,3.0,2.0,660000.0,1.0,SANTA BARBARA,6,MAS DE 20 ANOS,4.69,-74.04,USADO,,0,1,0,0,1,1,0,0,0,1,False,USAQUEN,RINCON DEL CHICO,Calle 100 - Marketmedios,1481.27,0,PARQUE ZONAL CANAL EL VIRREY EL CHICO,1737.54,0,0.18,,0.33,1.5,0.0,,0.03,473.87,2.0
515-M3360666,APARTAMENTO,VENTA,20.65,131.0,3.0,4.0,1100000.0,2.0,SANTA BARBARA,6,ENTRE 5 Y 10 ANOS,4.7,-74.05,USADO,,0,0,0,0,1,0,0,0,0,1,False,USAQUEN,SANTA BARBARA OCCIDENTAL,Pepe Sierra,953.98,0,PARQUE METROPOLITANO EL COUNTRY,1082.9,0,0.16,,0.67,0.75,0.0,,0.02,187.38,1.0
2456-M2716022,APARTAMENTO,VENTA,20.32,120.0,3.0,3.0,500000.0,1.0,COLINA Y ALREDEDORES,5,ENTRE 5 Y 10 ANOS,4.73,-74.06,USADO,,0,1,0,1,1,1,0,0,0,1,False,SUBA,EL PINAR,Mazurén,1368.06,0,PARQUE VECINAL URBANIZACIÓN LA LAGUNA,808.04,0,0.17,,0.33,1.0,0.0,,0.02,615.14,0.0
2571-M3846868,APARTAMENTO,VENTA,19.21,58.0,3.0,2.0,210000.0,0.0,CEDRITOS,3,MAS DE 20 ANOS,4.73,-74.03,USADO,,0,0,0,0,0,1,0,0,0,1,False,USAQUEN,BARRANCAS PERLAS DEL NORTE,Mazurén,2678.28,0,PARQUE ZONAL ALTA BLANCA,617.91,0,0.33,,0.0,1.5,0.0,,0.05,780.43,0.0
5586-M2620606,APARTAMENTO,VENTA,21.56,250.0,3.0,4.0,1140000.0,3.0,CHICO,6,MAS DE 20 ANOS,4.67,-74.05,USADO,,0,1,0,0,1,0,0,0,0,1,False,CHAPINERO,S.C. EL CHICO,Calle 85,1205.97,0,PARQUE VECINAL URBANIZACIÓN LA CABRERA,177.75,1,0.09,,1.0,0.75,0.0,,0.01,99.79,1.0
11104-M4742969,APARTAMENTO,VENTA,19.17,57.0,3.0,2.0,180000.0,0.0,ALTOS DE SUBA Y CERROS DE SAN JORGE,3,ENTRE 10 Y 20 ANOS,4.75,-74.08,USADO,,0,0,0,0,1,1,0,0,0,1,False,SUBA,S C. TUNA ALTA,La Campiña,1857.57,0,PARQUE ZONAL CAMPO VERDE,53.19,1,0.34,,0.0,1.5,0.0,,0.05,1857.84,0.0
11104-M4742942,APARTAMENTO,VENTA,19.94,101.0,4.0,3.0,430900.0,1.0,CEDRITOS,4,MAS DE 20 ANOS,4.72,-74.04,USADO,,0,0,0,0,0,1,0,0,0,1,False,USAQUEN,CEDRITOS,Calle 142,1578.82,0,PARQUE VECINAL NUEVA URBANIZACIÓN EL CEDRITO,435.2,1,0.2,,0.25,1.33,0.0,,0.04,253.8,1.0
990-M2663294,APARTAMENTO,VENTA,21.13,146.0,3.0,4.0,950000.0,3.0,CHICO,6,ENTRE 5 Y 10 ANOS,4.68,-74.05,USADO,,0,0,0,0,1,0,0,0,0,0,False,CHAPINERO,S.C. CHICO NORTE,Virrey,692.39,0,PARQUE ZONAL CANAL EL VIRREY EL CHICO,332.13,1,0.14,,1.0,0.75,0.0,,0.02,167.06,2.0
3487-M4421443,APARTAMENTO,VENTA,19.63,74.0,3.0,2.0,266000.0,1.0,170 Y ALREDORES,4,MAS DE 20 ANOS,4.77,-74.05,USADO,,0,0,0,0,0,1,0,0,0,1,False,SUBA,EL ESCORIAL,Calle 187,663.37,0,PARQUE VECINAL URBANIZACIÓN VILANOVA,286.02,1,0.27,,0.33,1.5,0.0,,0.04,606.78,0.0
883-M4465524,APARTAMENTO,VENTA,20.26,100.0,3.0,3.0,500000.0,2.0,COUNTRY,4,MAS DE 20 ANOS,4.72,-74.04,USADO,,0,1,0,0,1,1,0,0,0,1,False,USAQUEN,CEDRITOS,Alcalá,1615.94,0,PARQUE VECINAL NUEVA URBANIZACIÓN EL CEDRITO,575.63,0,0.2,,0.67,1.0,0.0,,0.03,63.27,1.0
12364-M2820434,APARTAMENTO,VENTA,21.64,387.0,5.0,5.0,2500000.0,4.0,COUNTRY,6,MAS DE 20 ANOS,4.71,-74.03,USADO,,0,1,0,1,0,0,0,0,0,1,False,USAQUEN,BOSQUES DE MEDINA,Prado,2768.61,0,PARQUE METROPOLITANO EL COUNTRY,1335.46,0,0.06,,0.8,1.0,0.0,,0.01,469.95,1.0
2359-M4550603,APARTAMENTO,VENTA,20.59,170.0,3.0,4.0,834000.0,3.0,SANTA BARBARA,6,MAS DE 20 ANOS,4.7,-74.04,USADO,,0,1,0,0,1,0,0,0,0,0,False,USAQUEN,SANTA BARBARA OCCIDENTAL,Calle 127,1190.18,0,PARQUE METROPOLITANO EL COUNTRY,822.77,0,0.12,,1.0,0.75,0.0,,0.02,428.5,2.0
12477-M4613401,APARTAMENTO,VENTA,20.99,100.0,2.0,2.0,800000.0,2.0,SALITRE MODELIA,5,ENTRE 0 Y 5 ANOS,4.65,-74.11,USADO,,0,0,0,1,0,0,1,0,0,1,False,FONTIBON,CIUDAD SALITRE OCCIDENTAL,Salitre - El Greco,573.75,0,PARQUE ZONAL SAUZALITO,642.33,0,0.21,,1.0,1.0,0.0,,0.02,67.18,3.0
14653-M4696697,APARTAMENTO,VENTA,21.13,206.0,3.0,5.0,1430000.0,4.0,SANTA BARBARA,5,ENTRE 10 Y 20 ANOS,4.7,-74.05,USADO,,0,1,0,0,1,0,0,0,0,0,False,USAQUEN,SANTA BARBARA OCCIDENTAL,Calle 127,515.46,0,PARQUE ZONAL ATABANZA,1105.51,0,0.1,,1.33,0.6,0.0,,0.01,369.24,5.0
873-M4188220,APARTAMENTO,VENTA,20.82,104.0,2.0,3.0,817000.0,2.0,CHICO,6,ENTRE 5 Y 10 ANOS,4.68,-74.05,USADO,,0,1,0,1,1,1,0,0,0,1,False,CHAPINERO,S.C. CHICO NORTE III SECTOR,Calle 100 - Marketmedios,310.96,1,PARQUE VECINAL URBANIZACIÓN NORMANDIA I II II Y IV SECTOR,847.71,0,0.2,,1.0,0.67,0.0,,0.02,361.84,2.0
2469-M3437990,APARTAMENTO,VENTA,20.82,148.0,3.0,4.0,560000.0,2.0,SANTA BARBARA,5,ENTRE 10 Y 20 ANOS,4.69,-74.04,USADO,,0,0,0,1,1,1,0,0,0,1,False,USAQUEN,SANTA ANA OCCIDENTAL,Calle 106,2032.49,0,PARQUE METROPOLITANO EL COUNTRY,1892.11,0,0.14,,0.67,0.75,0.0,,0.02,362.32,1.0
754-M2590783,APARTAMENTO,VENTA,20.99,160.0,3.0,4.0,1200000.0,2.0,CHICO,6,ENTRE 5 Y 10 ANOS,4.67,-74.05,USADO,,0,1,0,1,0,1,1,0,0,1,False,CHAPINERO,LA CABRERA,Héroes - Gel´Hada,1476.62,0,PARQUE ZONAL SAN ANDRÉS,525.78,0,0.13,,0.67,0.75,0.0,,0.02,607.59,0.0
754-M3471125,APARTAMENTO,VENTA,20.99,230.0,4.0,5.0,1715000.0,2.0,SANTA BARBARA,6,ENTRE 10 Y 20 ANOS,4.69,-74.05,USADO,,0,1,0,0,1,1,0,0,0,1,False,USAQUEN,RINCON DEL CHICO,Calle 100 - Marketmedios,1345.55,0,PARQUE ZONAL CANAL EL VIRREY EL CHICO,1600.36,0,0.09,,0.5,0.8,0.0,,0.02,338.06,2.0
246-M4661033,APARTAMENTO,VENTA,20.99,134.0,3.0,3.0,930000.0,2.0,SANTA BARBARA,6,ENTRE 0 Y 5 ANOS,4.7,-74.05,USADO,,0,1,0,1,1,1,0,0,0,1,False,USAQUEN,SAN PATRICIO,Pepe Sierra,1043.85,0,PARQUE METROPOLITANO EL COUNTRY,1215.91,0,0.16,,0.67,1.0,0.0,,0.02,237.88,3.0
717-M3360001,APARTAMENTO,VENTA,20.44,115.0,3.0,3.0,550000.0,2.0,COUNTRY,5,ENTRE 10 Y 20 ANOS,4.72,-74.05,USADO,,0,1,0,0,1,1,0,0,0,1,False,USAQUEN,LA CALLEJA SANTACOLOMA,Prado,442.42,1,PARQUE ZONAL ATABANZA,1232.97,0,0.18,,0.67,1.0,0.0,,0.03,622.84,0.0
4428-M4610845,APARTAMENTO,VENTA,20.82,187.0,3.0,3.0,1400000.0,2.0,SANTA BARBARA,6,MAS DE 20 ANOS,4.7,-74.04,USADO,,0,1,0,0,1,1,0,0,0,1,False,USAQUEN,SANTA BARBARA CENTRAL I SECTOR,Pepe Sierra,1505.92,0,PARQUE METROPOLITANO EL COUNTRY,726.59,0,0.11,,0.67,1.0,0.0,,0.02,464.79,1.0
482-M4539180,APARTAMENTO,VENTA,20.48,108.0,2.0,3.0,1150000.0,2.0,SANTA BARBARA,6,ENTRE 10 Y 20 ANOS,4.69,-74.05,USADO,,0,0,0,0,1,1,0,0,0,1,False,USAQUEN,SANTA BIBIANA,Calle 106,430.21,1,PARQUE ZONAL CANAL CORDOBA,1758.13,0,0.19,,1.0,0.67,0.0,,0.02,457.16,1.0
754-M3983995,APARTAMENTO,VENTA,21.31,377.0,4.0,5.0,1850000.0,2.0,CERROS DE SUBA,6,MAS DE 20 ANOS,4.73,-74.08,USADO,,1,1,0,0,1,1,0,0,0,1,False,SUBA,VILLA CECILIA,Gratamira,243.29,1,PARQUE ZONAL EL TOMILLAR,1404.41,0,0.06,,0.5,0.8,0.0,,0.01,1211.42,0.0
3507-M4149687,APARTAMENTO,VENTA,19.92,72.0,3.0,2.0,800000.0,1.0,NIZA ALHAMBRA,5,ENTRE 5 Y 10 ANOS,4.7,-74.06,USADO,,0,1,0,0,1,1,0,0,0,1,False,SUBA,EL ESTORIL,Calle 106,341.03,1,PARQUE ZONAL CANAL CORDOBA,1071.16,0,0.28,,0.33,1.5,0.0,,0.04,811.47,0.0
717-M3810519,APARTAMENTO,VENTA,21.28,220.0,3.0,4.0,3921395.93,4.0,COUNTRY,5,ENTRE 10 Y 20 ANOS,4.71,-74.03,USADO,,0,0,0,0,1,1,0,0,0,1,False,USAQUEN,CIUDADELA REAL,Prado,2612.95,0,PARQUE VECINAL NUEVA URBANIZACIÓN EL CEDRITO,1173.75,0,0.1,,1.33,0.75,0.0,,0.01,169.18,1.0
2748-M4405863,APARTAMENTO,VENTA,20.2,96.0,3.0,3.0,745000.0,2.0,CERROS DE SUBA,6,ENTRE 5 Y 10 ANOS,4.72,-74.07,USADO,,0,1,0,1,1,1,0,0,0,1,False,SUBA,S.C. NIZA SUBA,Suba - AV. Boyacá,23.72,1,PARQUE VECINAL AGRUPACIÓN DE VIVIENDA EN BALCON DE LINDARAJA,901.9,0,0.21,,0.67,1.0,0.0,,0.03,1106.02,0.0
2238-M3629185,APARTAMENTO,VENTA,20.62,172.0,3.0,5.0,800000.0,2.0,COUNTRY,6,MAS DE 20 ANOS,4.71,-74.04,USADO,,0,1,0,0,1,0,0,0,0,1,False,USAQUEN,LA_CAROLINA,Calle 127,1474.91,0,PARQUE METROPOLITANO EL COUNTRY,300.31,1,0.12,,0.67,0.6,0.0,,0.02,311.67,1.0
3115-M4025897,APARTAMENTO,VENTA,20.16,80.0,2.0,2.0,650000.0,2.0,COUNTRY,5,MAS DE 20 ANOS,4.71,-74.03,USADO,,0,1,0,1,1,1,0,0,0,1,False,USAQUEN,BELLA SUIZA,Prado,2388.65,0,PARQUE METROPOLITANO EL COUNTRY,691.65,0,0.25,,1.0,1.0,0.0,,0.02,431.89,1.0
11203-M2903704,APARTAMENTO,VENTA,20.44,138.5,3.0,3.0,670000.0,2.0,SANTA BARBARA,6,MAS DE 20 ANOS,4.69,-74.04,USADO,,0,1,0,0,1,0,0,0,0,1,False,USAQUEN,SANTA BARBARA CENTRAL III SECTOR,Calle 106,2121.65,0,PARQUE METROPOLITANO EL COUNTRY,1386.16,0,0.15,,0.67,1.0,0.0,,0.02,185.82,1.0
754-M4658488,APARTAMENTO,VENTA,21.02,196.0,3.0,3.0,1700000.0,2.0,CHICO,6,MAS DE 20 ANOS,4.66,-74.05,USADO,,0,1,0,0,1,1,0,0,0,1,False,CHAPINERO,S.C. EL NOGAL,Héroes - Gel´Hada,1100.62,0,PARQUE ZONAL SAN ANDRÉS,121.89,1,0.11,,0.67,1.0,0.0,,0.02,298.79,3.0
4957-M4661193,APARTAMENTO,VENTA,19.78,71.0,2.0,2.0,470000.0,0.0,CHAPINERO ALTO,4,MAS DE 20 ANOS,4.64,-74.06,USADO,,0,0,0,0,1,1,0,0,0,1,False,CHAPINERO,S.C. BOSQUE CALDERON,Marly,568.79,0,PARQUE ZONAL GUSTAVO URIBE BOTERO,1656.0,0,0.28,,0.0,1.0,0.0,,0.03,867.06,0.0
271-M3203783,APARTAMENTO,VENTA,19.61,61.0,2.0,1.0,300000.0,1.0,LA SOLEDAD,3,MAS DE 20 ANOS,4.62,-74.08,USADO,,0,0,0,0,1,0,0,0,0,1,False,TEUSAQUILLO,ESTRELLA,Centro Memoria,271.74,1,PARQUE METROPOLITANO EL RENACIMIENTO - PARQUE CEMENTERIO CENTRAL,310.18,1,0.32,,0.5,2.0,0.0,,0.03,467.35,1.0
38-M4655514,APARTAMENTO,VENTA,20.25,99.0,2.0,3.0,500000.0,2.0,SANTA BARBARA,5,MAS DE 20 ANOS,4.69,-74.04,USADO,,0,1,0,1,1,0,0,0,0,1,False,USAQUEN,RINCON DEL CHICO,Calle 106,1536.38,0,PARQUE METROPOLITANO EL COUNTRY,1801.89,0,0.2,,1.0,0.67,0.0,,0.02,643.78,0.0
384-M4638941,APARTAMENTO,VENTA,20.02,87.21,3.0,2.0,770000.0,2.0,CHAPINERO ALTO,4,MAS DE 20 ANOS,4.64,-74.06,USADO,,0,0,0,0,0,0,0,0,0,1,False,CHAPINERO,S.C. BOSQUE CALDERON,Marly,558.81,0,PARQUE ZONAL GUSTAVO URIBE BOTERO,1661.72,0,0.23,,0.67,1.5,0.0,,0.03,863.05,0.0
164-M4291495,APARTAMENTO,VENTA,19.86,105.0,3.0,2.0,3921395.93,0.0,METROPOLIS,3,MAS DE 20 ANOS,4.66,-74.06,USADO,,0,0,0,0,0,0,0,0,0,1,False,BARRIOS UNIDOS,SAN_FELIPE,Calle 76 - San Felipe,120.06,1,PARQUE ZONAL LA ESTACIÓN,482.47,1,0.19,,0.0,1.5,0.0,,0.03,801.7,0.0
3325-M4078884,APARTAMENTO,VENTA,20.18,78.0,2.0,2.0,500000.0,1.0,SANTA BARBARA,6,ENTRE 10 Y 20 ANOS,4.69,-74.05,USADO,,0,1,0,0,0,0,0,0,0,1,False,USAQUEN,SANTA BIBIANA,Calle 106,904.68,0,PARQUE VECINAL URBANIZACIÓN NORMANDIA I II II Y IV SECTOR,1509.79,0,0.26,,0.5,1.0,0.0,,0.03,426.0,2.0
2469-M3776135,APARTAMENTO,VENTA,20.82,148.0,3.0,4.0,560000.0,2.0,SANTA BARBARA,5,ENTRE 10 Y 20 ANOS,4.69,-74.04,USADO,,0,0,0,1,1,1,0,0,0,1,False,USAQUEN,SANTA ANA OCCIDENTAL,Calle 106,2200.48,0,PARQUE METROPOLITANO EL COUNTRY,1981.53,0,0.14,,0.67,0.75,0.0,,0.02,415.0,1.0
3204-M2663860,APARTAMENTO,VENTA Y ARRIENDO,21.56,196.0,3.0,5.0,1178000.0,3.0,CHICO,6,ENTRE 0 Y 5 ANOS,4.68,-74.04,USADO,11000000.0,0,0,1,1,1,0,0,0,0,1,False,CHAPINERO,S.C. CHICO NORTE,Virrey,1890.11,0,PARQUE VECINAL URBANIZACIÓN LA CABRERA,1156.36,0,0.11,56122.45,1.0,0.6,0.0,9.34,0.02,541.47,0.0
2195-M4301851,APARTAMENTO,VENTA,19.09,42.0,2.0,1.0,109100.0,0.0,CASTILLA MARSELLA,3,ENTRE 5 Y 10 ANOS,4.64,-74.15,USADO,,0,0,0,0,1,1,0,0,0,1,False,KENNEDY,URBANIZACION VILLAS DE CASTILLA,Transversal 86,870.21,0,PARQUE ZONAL CASTILLA,914.33,0,0.45,,0.0,2.0,0.0,,0.05,2208.58,0.0
3390-M4521745,APARTAMENTO,VENTA,20.26,80.46,2.0,3.0,580000.0,1.0,SANTA BARBARA,6,ENTRE 10 Y 20 ANOS,4.7,-74.05,USADO,,0,0,0,0,1,1,0,0,0,1,False,USAQUEN,SANTA BARBARA OCCIDENTAL,Calle 127,1019.75,0,PARQUE METROPOLITANO EL COUNTRY,748.89,0,0.25,,0.5,0.67,0.0,,0.02,363.09,1.0
800-M3150787,APARTAMENTO,VENTA,19.58,72.0,2.0,2.0,3921395.93,1.0,CEDRITOS,4,ENTRE 10 Y 20 ANOS,4.72,-74.04,USADO,,0,0,0,0,0,1,0,0,0,0,False,USAQUEN,ACACIAS USAQUEN,Calle 142,1660.3,0,PARQUE VECINAL NUEVA URBANIZACIÓN EL CEDRITO,266.85,1,0.27,,0.5,1.0,0.0,,0.03,448.19,1.0
771-M4371148,APARTAMENTO,VENTA,21.34,275.0,3.0,5.0,1363000.0,3.0,COUNTRY,6,ENTRE 10 Y 20 ANOS,4.73,-74.02,USADO,,0,0,0,0,0,0,0,0,0,0,False,USAQUEN,CERROS NORTE,Mazurén,3471.32,0,PARQUE ZONAL ALTA BLANCA,1222.5,0,0.08,,1.0,0.6,0.0,,0.01,1629.25,0.0
771-M4371169,APARTAMENTO,VENTA,21.09,238.0,3.0,3.0,1500000.0,3.0,COUNTRY,6,MAS DE 20 ANOS,4.72,-74.05,USADO,,0,0,0,0,0,0,0,0,0,0,False,USAQUEN,LOS CEDROS,Alcalá,510.07,0,PARQUE VECINAL PRADO PINZÓN,1027.14,0,0.09,,1.0,1.0,0.0,,0.01,50.9,1.0
771-M4541051,APARTAMENTO,VENTA,20.99,293.0,3.0,5.0,869000.0,3.0,SANTA BARBARA,6,ENTRE 10 Y 20 ANOS,4.69,-74.04,USADO,,0,0,0,0,0,0,0,0,0,0,False,USAQUEN,SANTA BARBARA CENTRAL III SECTOR,Pepe Sierra,1999.87,0,PARQUE METROPOLITANO EL COUNTRY,1265.12,0,0.07,,1.0,0.6,0.0,,0.01,302.86,1.0
771-M4371174,APARTAMENTO,VENTA,21.31,240.0,3.0,3.0,1200000.0,4.0,COUNTRY,6,ENTRE 5 Y 10 ANOS,4.71,-74.04,USADO,,0,0,0,0,0,0,0,0,0,0,False,USAQUEN,S.C. LA CAROLINA,Calle 127,2025.81,0,PARQUE METROPOLITANO EL COUNTRY,331.63,1,0.09,,1.33,1.0,0.0,,0.01,636.31,0.0
771-M4371586,APARTAMENTO,VENTA,21.69,289.0,3.0,4.0,1900000.0,4.0,CHICO,6,ENTRE 10 Y 20 ANOS,4.66,-74.05,USADO,,0,0,0,0,0,0,0,0,0,0,False,CHAPINERO,LOS ROSALES,Calle 76 - San Felipe,1615.94,0,PARQUE ZONAL SAN ANDRÉS,794.52,0,0.08,,1.33,0.75,0.0,,0.01,973.07,0.0
RV-M4158989,APARTAMENTO,VENTA,19.63,54.69,2.0,2.0,3921395.93,1.0,ENGATIVA,3,ENTRE 0 Y 5 ANOS,4.59,-74.17,USADO,,0,0,0,0,0,0,0,0,0,0,False,CIUDAD BOLIVAR,URB. CALABRIA,Perdomo,973.12,0,PARQUE ZONAL LA ESTANCIA,752.1,0,0.36,,0.5,1.0,0.0,,0.04,2094.18,0.0
747-M4512803,APARTAMENTO,VENTA,19.69,75.61,3.0,2.0,272000.0,1.0,ORQUIDEAS,4,ENTRE 10 Y 20 ANOS,4.75,-74.03,USADO,,0,0,0,1,1,1,0,0,0,1,False,USAQUEN,SANTA TERESA,Toberin - Foundever,2266.66,0,PARQUE ZONAL SERVITA,427.96,1,0.26,,0.33,1.5,0.0,,0.04,1092.52,0.0
10139-M4513574,APARTAMENTO,VENTA,20.67,98.0,2.0,3.0,733500.0,3.0,CHICO,6,ENTRE 5 Y 10 ANOS,4.68,-74.05,USADO,,0,0,0,1,1,0,0,0,0,1,False,CHAPINERO,S.C. CHICO NORTE,Virrey,593.54,0,PARQUE VECINAL URBANIZACIÓN NORMANDIA I II II Y IV SECTOR,477.37,1,0.21,,1.5,0.67,0.0,,0.02,215.74,2.0
14413-M4514837,APARTAMENTO,VENTA,19.74,68.0,3.0,2.0,250000.0,1.0,COLINA Y ALREDEDORES,4,ENTRE 10 Y 20 ANOS,4.75,-74.07,USADO,,0,0,0,1,1,1,0,0,0,1,False,SUBA,URB. PIEDEMONTE,21 Ángeles,2296.26,0,PARQUE ZONAL SAN JOSÉ DE BAVARIA,622.54,0,0.29,,0.33,1.5,0.0,,0.04,2034.59,0.0
990-M3502793,APARTAMENTO,VENTA,20.78,120.0,3.0,3.0,610000.0,2.0,SANTA BARBARA,6,ENTRE 0 Y 5 ANOS,4.69,-74.04,USADO,,0,0,0,0,1,0,0,0,0,0,False,USAQUEN,SANTA BARBARA CENTRAL I Y II,Pepe Sierra,1550.03,0,PARQUE METROPOLITANO EL COUNTRY,1205.81,0,0.17,,0.67,1.0,0.0,,0.02,631.7,0.0
515-M3360704,APARTAMENTO,VENTA,20.44,132.0,3.0,3.0,1450000.0,2.0,SANTA BARBARA,5,MAS DE 20 ANOS,4.7,-74.05,USADO,,0,1,0,0,1,0,0,0,0,1,False,USAQUEN,SANTA BARBARA OCCIDENTAL,Calle 127,969.06,0,PARQUE METROPOLITANO EL COUNTRY,1000.67,0,0.15,,0.67,1.0,0.0,,0.02,316.11,1.0
754-M3367762,APARTAMENTO,VENTA,20.36,62.0,1.0,2.0,371800.0,3.0,CHICO,6,ENTRE 0 Y 5 ANOS,4.67,-74.04,USADO,,0,1,0,1,1,1,0,0,0,1,False,CHAPINERO,EL REFUGIO,Héroes - Gel´Hada,1725.37,0,PARQUE ZONAL SAN ANDRÉS,779.18,0,0.33,,3.0,0.5,0.0,,0.02,783.27,0.0
2123-M2872263,APARTAMENTO,VENTA,21.28,221.0,3.0,5.0,750000.0,4.0,COUNTRY,6,ENTRE 10 Y 20 ANOS,4.71,-74.03,USADO,,0,0,0,1,0,1,0,0,0,1,False,USAQUEN,BOSQUES DE MEDINA,Prado,2774.07,0,PARQUE METROPOLITANO EL COUNTRY,1304.73,0,0.1,,1.33,0.6,0.0,,0.01,469.77,1.0
3390-M3361813,APARTAMENTO,VENTA,20.55,104.0,2.0,2.0,658000.0,2.0,CENTRO Y ZONA COLONIAL,3,ENTRE 5 Y 10 ANOS,4.6,-74.07,USADO,,0,0,0,0,1,1,0,0,0,1,False,CANDELARIA,LA CATEDRAL,Museo del Oro,256.7,1,PARQUE ZONAL SENDERO A MONSERRATE,1103.01,0,0.2,,1.0,1.0,0.0,,0.02,137.43,5.0
5395-M4591738,APARTAMENTO,VENTA,21.31,210.0,3.0,5.0,1390000.0,4.0,SANTA BARBARA,6,ENTRE 5 Y 10 ANOS,4.7,-74.05,USADO,,0,1,0,0,1,1,0,0,0,1,False,USAQUEN,SAN PATRICIO,Pepe Sierra,311.18,1,PARQUE ZONAL ATABANZA,1442.5,0,0.1,,1.33,0.6,0.0,,0.01,308.95,1.0
3390-M4430879,APARTAMENTO,VENTA,20.59,143.42,2.0,4.0,900000.0,2.0,SANTA BARBARA,6,MAS DE 20 ANOS,4.7,-74.04,USADO,,0,1,0,0,0,1,0,0,0,1,False,USAQUEN,SANTA BARBARA CENTRAL I SECTOR,Pepe Sierra,1610.27,0,PARQUE METROPOLITANO EL COUNTRY,875.97,0,0.14,,1.0,0.5,0.0,,0.01,677.83,0.0
3390-M3856069,APARTAMENTO,VENTA,21.31,178.0,3.0,4.0,822000.0,2.0,CHAPINERO ALTO,6,ENTRE 10 Y 20 ANOS,4.65,-74.05,USADO,,0,1,0,0,0,1,0,0,0,1,False,CHAPINERO,S.C. LAS ACACIAS,Flores – Areandina,1672.93,0,PARQUE ZONAL GUSTAVO URIBE BOTERO,387.72,1,0.12,,0.67,0.75,0.0,,0.02,832.28,0.0
5483-M4081449,APARTAMENTO,VENTA,20.25,85.4,3.0,2.0,380000.0,1.0,NIZA ALHAMBRA,4,ENTRE 0 Y 5 ANOS,4.69,-74.08,USADO,,0,0,0,1,1,1,0,0,0,1,False,SUBA,LA ALBORADA,AV. 68,630.93,0,PARQUE ZONAL CANAL RIO NEGRO,894.03,0,0.24,,0.33,1.5,0.0,,0.04,561.53,0.0
10162-M2644373,APARTAMENTO,VENTA,20.67,125.0,3.0,4.0,970000.0,2.0,SANTA BARBARA,6,ENTRE 0 Y 5 ANOS,4.69,-74.05,USADO,,0,0,0,1,0,1,0,0,0,0,False,USAQUEN,SANTA BIBIANA,Calle 100 - Marketmedios,906.32,0,PARQUE VECINAL URBANIZACIÓN NORMANDIA I II II Y IV SECTOR,1383.67,0,0.17,,0.67,0.75,0.0,,0.02,255.97,2.0
753-M4740576,APARTAMENTO,VENTA,20.01,85.0,3.0,2.0,470000.0,1.0,CEDRITOS,4,ENTRE 5 Y 10 ANOS,4.73,-74.05,USADO,,0,0,0,1,1,1,0,0,0,1,False,USAQUEN,CEDRO BOLIVAR,Mazurén,438.17,1,PARQUE VECINAL DESARROLLO ESTRELLA DEL NORTE,688.6,0,0.24,,0.33,1.5,0.0,,0.04,1447.91,0.0
14384-M4701164,APARTAMENTO,VENTA,19.61,42.0,1.0,1.0,237500.0,1.0,CHAPINERO ALTO,3,ENTRE 0 Y 5 ANOS,4.65,-74.06,USADO,,0,0,0,0,1,1,0,0,0,1,True,CHAPINERO,S.C. CHAPINERO NORTE,Flores – Areandina,204.29,1,PARQUE ZONAL LA ESTACIÓN,1145.73,0,0.47,,1.0,1.0,0.0,,0.02,121.93,1.0
450-M4705718,APARTAMENTO,VENTA,19.23,17.36,1.0,1.0,210000.0,0.0,CHAPINERO ALTO,3,ENTRE 0 Y 5 ANOS,4.65,-74.06,USADO,,0,0,0,1,1,1,0,0,0,1,False,CHAPINERO,S.C. CHAPINERO NORTE,Calle 63,408.88,1,PARQUE ZONAL GUSTAVO URIBE BOTERO,1021.43,0,1.11,,0.0,1.0,0.0,,0.06,521.65,0.0
16406-M4613251,APARTAMENTO,VENTA,19.78,72.0,3.0,2.0,244000.0,1.0,CENTRO NARINO,4,MAS DE 20 ANOS,4.63,-74.1,USADO,,0,0,0,0,0,1,0,0,0,0,False,TEUSAQUILLO,SANTA CLARA,Quinta Paredes,492.32,1,PARQUE VECINAL SANTA CLARA,169.29,1,0.27,,0.33,1.5,0.0,,0.04,528.79,0.0
3664-M3579348,APARTAMENTO,VENTA,21.17,132.0,2.0,3.0,856000.0,2.0,CHICO,6,ENTRE 0 Y 5 ANOS,4.68,-74.04,USADO,,0,0,0,1,1,0,1,0,0,1,False,CHAPINERO,S.C. CHICO NORTE,Virrey,1672.59,0,PARQUE VECINAL URBANIZACIÓN LA CABRERA,1009.24,0,0.16,,1.0,0.67,0.0,,0.02,482.95,1.0
14077-M3869360,APARTAMENTO,VENTA,21.42,266.0,4.0,5.0,1580000.0,3.0,COUNTRY,6,ENTRE 10 Y 20 ANOS,4.71,-74.03,USADO,,0,1,0,1,1,1,0,0,0,0,False,USAQUEN,BOSQUES DE MEDINA,Prado,3073.7,0,PARQUE VECINAL NUEVA URBANIZACIÓN EL CEDRITO,1644.1,0,0.08,,0.75,0.8,0.0,,0.02,650.16,0.0
2238-M4337828,APARTAMENTO,VENTA,20.58,128.0,3.0,3.0,922000.0,2.0,COUNTRY,6,ENTRE 10 Y 20 ANOS,4.71,-74.03,USADO,,0,0,0,0,0,0,0,0,0,0,False,USAQUEN,RECODO DEL COUNTRY,Prado,2201.46,0,PARQUE METROPOLITANO EL COUNTRY,587.24,0,0.16,,0.67,1.0,0.0,,0.02,394.52,1.0
171-M2584883,APARTAMENTO,VENTA,21.39,295.0,3.0,4.0,2800000.0,3.0,CHICO,6,ENTRE 10 Y 20 ANOS,4.68,-74.06,USADO,,0,0,0,0,1,1,0,0,0,0,False,CHAPINERO,S.C. EL CHICO,Virrey,294.89,1,PARQUE VECINAL URBANIZACIÓN NORMANDIA I II II Y IV SECTOR,156.95,1,0.07,,1.0,0.75,0.0,,0.01,470.01,1.0
512-M4576956,APARTAMENTO,VENTA,19.77,82.0,3.0,2.0,291000.0,1.0,COLINA Y ALREDEDORES,4,MAS DE 20 ANOS,4.74,-74.05,USADO,,0,0,0,0,0,1,0,0,0,1,False,SUBA,MAZUREN,Mazurén,354.02,1,PARQUE VECINAL URBANIZACIÓN VICTORIA NORTE,263.91,1,0.24,,0.33,1.5,0.0,,0.04,1808.91,0.0
754-M2912151,APARTAMENTO,VENTA,20.9,208.0,3.0,3.0,1511000.0,3.0,CHAPINERO ALTO,6,MAS DE 20 ANOS,4.65,-74.05,USADO,,0,1,0,0,1,1,0,0,0,1,False,CHAPINERO,S.C. LAS ACACIAS,Flores – Areandina,1583.19,0,PARQUE ZONAL GUSTAVO URIBE BOTERO,294.31,1,0.1,,1.0,1.0,0.0,,0.01,741.47,0.0
410-M2466316,APARTAMENTO,VENTA,21.47,288.0,3.0,5.0,1200000.0,3.0,CERROS DE SUBA,6,ENTRE 0 Y 5 ANOS,4.72,-74.08,USADO,,1,1,0,1,1,1,1,0,0,1,False,SUBA,VISTA HERMOSA II Y ARBORETO,Suba - AV. Boyacá,547.12,0,PARQUE VECINAL AGRUPACIÓN DE VIVIENDA EN BALCON DE LINDARAJA,810.85,0,0.07,,1.0,0.6,0.0,,0.01,1429.23,0.0
11203-M4625018,APARTAMENTO,VENTA,19.66,55.0,2.0,2.0,473000.0,1.0,NIZA ALHAMBRA,5,MAS DE 20 ANOS,4.7,-74.06,USADO,,0,1,0,0,1,0,0,0,0,1,False,SUBA,S.C. PASADENA,Calle 106,637.77,0,PARQUE ZONAL CANAL CORDOBA,807.92,0,0.36,,0.5,1.0,0.0,,0.04,882.39,0.0
16297-M4677106,APARTAMENTO,VENTA,19.99,89.0,3.0,3.0,625000.0,2.0,COUNTRY,5,MAS DE 20 ANOS,4.71,-74.03,USADO,,0,1,0,0,1,1,0,0,0,1,False,USAQUEN,BELLA SUIZA,Prado,2538.36,0,PARQUE METROPOLITANO EL COUNTRY,971.59,0,0.22,,0.67,1.0,0.0,,0.03,300.91,1.0
11293-M4711554,APARTAMENTO,VENTA,20.35,99.0,3.0,3.0,650000.0,2.0,NIZA ALHAMBRA,5,ENTRE 0 Y 5 ANOS,4.7,-74.07,USADO,,0,0,0,0,1,1,0,0,0,1,True,SUBA,NIZA SUR,Humedal Córdoba,406.38,1,PARQUE ZONAL MORATO,646.13,0,0.21,,0.67,1.0,0.0,,0.03,876.72,0.0
754-M3734763,APARTAMENTO,VENTA,21.19,220.0,4.0,5.0,2600000.0,4.0,SANTA BARBARA,6,MAS DE 20 ANOS,4.7,-74.05,USADO,,1,1,0,0,1,1,0,0,0,1,False,USAQUEN,SAN PATRICIO,Pepe Sierra,903.89,0,PARQUE METROPOLITANO EL COUNTRY,1456.24,0,0.1,,1.0,0.8,0.0,,0.02,139.81,3.0
754-M3980875,APARTAMENTO,VENTA,20.49,91.0,1.0,3.0,510000.0,2.0,CHICO,6,MAS DE 20 ANOS,4.66,-74.05,USADO,,0,0,0,0,1,1,0,0,0,1,False,CHAPINERO,LOS ROSALES,Calle 72,1589.6,0,PARQUE ZONAL GUSTAVO URIBE BOTERO,807.71,0,0.23,,2.0,0.33,0.0,,0.01,840.48,0.0
754-M4476017,APARTAMENTO,VENTA,20.28,123.5,3.0,3.0,420000.0,2.0,CEDRITOS,5,ENTRE 10 Y 20 ANOS,4.73,-74.03,USADO,,0,0,0,1,1,1,1,0,0,1,False,USAQUEN,EL MORAL,Mazurén,2104.22,0,PARQUE ZONAL ALTA BLANCA,372.69,1,0.16,,0.67,1.0,0.0,,0.02,273.78,1.0
754-M3999666,APARTAMENTO,VENTA,20.53,139.0,2.0,3.0,720000.0,2.0,CHICO,6,MAS DE 20 ANOS,4.65,-74.05,USADO,,0,1,0,1,1,1,0,0,0,1,False,CHAPINERO,S.C. BELLAVISTA,Calle 72,1494.27,0,PARQUE ZONAL GUSTAVO URIBE BOTERO,428.12,1,0.15,,1.0,0.67,0.0,,0.01,723.76,0.0
51-M4507534,APARTAMENTO,VENTA,19.94,60.18,1.0,2.0,300000.0,1.0,CENTRO INTERNACIONAL,4,ENTRE 10 Y 20 ANOS,4.62,-74.07,USADO,,0,0,0,1,1,1,0,0,0,1,False,SANTA FE,SAMPER,Calle 34,242.98,1,PARQUE METROPOLITANO PARQUE NACIONAL (PM2A) ENRIQUE OLAYA HERRERA (SECTOR HISTORICO),685.07,0,0.33,,1.0,0.5,0.0,,0.02,443.05,4.0
368-M4144813,APARTAMENTO,VENTA,20.9,150.0,3.0,4.0,768000.0,2.0,CHAPINERO ALTO,5,ENTRE 5 Y 10 ANOS,4.64,-74.06,USADO,,0,1,0,1,1,1,1,0,0,1,False,CHAPINERO,VISTA HERMOSA - MARIA CRISTINA,Calle 57,1153.71,0,PARQUE ZONAL GUSTAVO URIBE BOTERO,844.28,0,0.14,,0.67,0.75,0.0,,0.02,937.91,0.0
754-M4167700,APARTAMENTO,VENTA,20.67,134.0,2.0,3.0,900000.0,2.0,CHICO,6,MAS DE 20 ANOS,4.66,-74.05,USADO,,0,1,0,0,1,1,0,0,0,1,False,CHAPINERO,S.C. BELLAVISTA,Calle 72,1446.12,0,PARQUE ZONAL GUSTAVO URIBE BOTERO,681.44,0,0.15,,1.0,0.67,0.0,,0.01,694.41,0.0
800-M3428712,APARTAMENTO,VENTA,19.72,42.31,1.0,2.0,274000.0,1.0,CHAPINERO ALTO,3,ENTRE 0 Y 5 ANOS,4.64,-74.07,USADO,,0,0,0,0,1,1,0,0,0,0,False,CHAPINERO,S.C. CHAPINERO CENTRAL,Calle 57,220.47,1,PARQUE ESCENARIO DEPORTIVO EL CAMPINCITO - CEAD,1430.7,0,0.47,,1.0,0.5,0.0,,0.02,981.81,0.0
370-M3233095,APARTAMENTO,VENTA,21.06,196.0,3.0,5.0,981000.0,4.0,COUNTRY,5,ENTRE 10 Y 20 ANOS,4.72,-74.03,USADO,,1,1,0,1,0,1,0,0,0,1,False,USAQUEN,CEDRITOS,Alcalá,2370.88,0,PARQUE VECINAL NUEVA URBANIZACIÓN EL CEDRITO,894.2,0,0.11,,1.33,0.6,0.0,,0.02,174.24,1.0
754-M4701611,APARTAMENTO,VENTA,21.71,320.0,3.0,4.0,2300000.0,3.0,CEDRITOS,6,ENTRE 10 Y 20 ANOS,4.72,-74.02,USADO,,1,1,0,0,1,1,0,0,0,1,False,USAQUEN,MONTEARROYO,Alcalá,3062.91,0,PARQUE VECINAL NUEVA URBANIZACIÓN EL CEDRITO,1259.87,0,0.07,,1.0,0.75,0.0,,0.01,596.89,0.0
2238-M4198203,APARTAMENTO,VENTA,21.13,183.0,2.0,3.0,1161000.0,3.0,CHICO,6,ENTRE 10 Y 20 ANOS,4.66,-74.05,USADO,,0,0,0,0,0,1,0,0,0,0,False,CHAPINERO,LOS ROSALES,Calle 76 - San Felipe,1388.14,0,PARQUE ZONAL SAN ANDRÉS,571.86,0,0.12,,1.5,0.67,0.0,,0.01,758.43,0.0
384-M4652958,APARTAMENTO,VENTA,19.4,48.6,2.0,2.0,177000.0,0.0,RAFAEL URIBE URIBE TUNJUELITO,3,ENTRE 0 Y 5 ANOS,4.59,-74.11,USADO,,1,0,0,1,1,0,0,0,0,1,False,ANTONIO NARINO,SANTANDER_,NQS - Calle 30 S,689.43,0,PARQUE ZONAL VILLA MAYOR CEMENTERIO,737.48,0,0.4,,0.0,1.0,0.0,,0.04,1149.28,0.0
16172-M4690198,APARTAMENTO,VENTA,19.81,80.0,3.0,2.0,300000.0,1.0,COLINA Y ALREDEDORES,4,ENTRE 10 Y 20 ANOS,4.75,-74.07,USADO,,0,1,0,0,1,1,0,0,0,1,False,SUBA,S.C. PORTALES DEL NORTE,Toberin - Foundever,2160.94,0,PARQUE ZONAL SAN JOSÉ DE BAVARIA,551.35,0,0.25,,0.33,1.5,0.0,,0.04,1984.11,0.0
3390-M3806511,APARTAMENTO,VENTA,20.95,112.0,2.0,3.0,786000.0,2.0,CHICO,6,ENTRE 5 Y 10 ANOS,4.67,-74.05,USADO,,0,1,0,1,0,1,1,0,0,1,False,CHAPINERO,S.C. EL CHICO,Virrey,844.47,0,PARQUE ZONAL CANAL EL VIRREY EL CHICO,219.65,1,0.19,,1.0,0.67,0.0,,0.02,251.1,3.0
10920-M4741309,APARTAMENTO,VENTA,20.13,123.88,3.0,2.0,3921395.93,1.0,ORQUIDEAS,4,ENTRE 0 Y 5 ANOS,4.75,-74.03,USADO,,0,0,0,1,1,1,1,0,0,1,False,USAQUEN,LA GRANJA NORTE,Portal Norte,2344.48,0,PARQUE ZONAL SERVITA,1047.13,0,0.16,,0.33,1.5,0.0,,0.02,1289.56,0.0
3390-M4411121,APARTAMENTO,VENTA,21.16,181.0,5.0,5.0,1204000.0,3.0,SANTA BARBARA,5,ENTRE 0 Y 5 ANOS,4.7,-74.05,USADO,,0,1,0,1,1,1,0,0,0,1,False,USAQUEN,SANTA BARBARA OCCIDENTAL,Pepe Sierra,745.93,0,PARQUE METROPOLITANO EL COUNTRY,1263.84,0,0.12,,0.6,1.0,0.0,,0.03,188.61,2.0
384-M4301112,APARTAMENTO,VENTA,19.84,72.38,3.0,2.0,297500.0,1.0,KENNEDY,4,ENTRE 0 Y 5 ANOS,4.63,-74.12,USADO,,0,0,0,1,1,0,1,0,0,1,False,KENNEDY,LA IGUALDAD,Pradera,635.8,0,PARQUE ZONAL LA IGUALDAD,453.42,1,0.27,,0.33,1.5,0.0,,0.04,1149.85,0.0
5586-M4588180,APARTAMENTO,VENTA,20.95,127.0,3.0,4.0,850000.0,2.0,NIZA ALHAMBRA,5,ENTRE 0 Y 5 ANOS,4.69,-74.06,USADO,,0,0,0,1,1,0,0,0,0,1,False,SUBA,S.C. PASADENA,Suba - Calle 100,397.77,1,PARQUE ZONAL CANAL RIO NEGRO,1277.35,0,0.16,,0.67,0.75,0.0,,0.02,347.83,1.0
15333-M4065809,APARTAMENTO,VENTA,21.09,240.0,4.0,4.0,1000000.0,4.0,NIZA ALHAMBRA,6,MAS DE 20 ANOS,4.7,-74.07,USADO,,1,1,0,0,1,0,0,0,0,1,True,SUBA,NIZA SUR,Humedal Córdoba,382.39,1,PARQUE ZONAL CANAL CORDOBA,651.39,0,0.09,,1.0,1.0,0.0,,0.02,882.6,0.0
11252-M4644055,APARTAMENTO,VENTA,20.54,160.0,3.0,3.0,690000.0,1.0,CHICO,6,MAS DE 20 ANOS,4.67,-74.04,USADO,,0,0,0,0,1,1,0,0,0,1,False,CHAPINERO,CHICO ORIENTAL,Virrey,1792.77,0,PARQUE VECINAL URBANIZACIÓN LA CABRERA,805.43,0,0.13,,0.33,1.0,0.0,,0.02,729.48,0.0
2412-M4709945,APARTAMENTO,VENTA,21.75,262.0,4.0,5.0,1940000.0,4.0,CHICO,6,ENTRE 10 Y 20 ANOS,4.66,-74.05,USADO,,0,0,0,0,0,0,0,0,0,0,False,CHAPINERO,S.C. BELLAVISTA,Calle 72,1129.7,0,PARQUE ZONAL GUSTAVO URIBE BOTERO,613.78,0,0.08,,1.0,0.8,0.0,,0.02,378.29,3.0
771-M4399986,APARTAMENTO,VENTA,20.67,95.0,2.0,2.0,820000.0,2.0,CHICO,6,ENTRE 5 Y 10 ANOS,4.66,-74.05,USADO,,0,0,0,0,0,0,0,0,0,0,False,CHAPINERO,LOS ROSALES,Calle 72,1454.89,0,PARQUE ZONAL GUSTAVO URIBE BOTERO,794.15,0,0.22,,1.0,1.0,0.0,,0.02,709.48,0.0
93-M3849511,APARTAMENTO,VENTA,20.82,144.0,2.0,2.0,1185000.0,2.0,CHICO,6,MAS DE 20 ANOS,4.68,-74.04,USADO,,0,0,0,0,0,0,0,0,0,0,False,CHAPINERO,CHICO RESERVADO,Calle 100 - Marketmedios,1930.33,0,PARQUE VECINAL URBANIZACIÓN LA CABRERA,1432.99,0,0.14,,1.0,1.0,0.0,,0.01,226.15,2.0
2412-M4709939,APARTAMENTO,VENTA,19.99,103.0,3.0,3.0,467777.0,2.0,NIZA ALHAMBRA,5,MAS DE 20 ANOS,4.71,-74.06,USADO,,0,0,0,0,0,0,0,0,0,0,False,SUBA,EL BATAN,Calle 127,669.55,0,PARQUE ZONAL ATABANZA,450.45,1,0.19,,0.67,1.0,0.0,,0.03,825.95,0.0
RV-M4700592,APARTAMENTO,VENTA,19.19,46.88,2.0,1.0,3921395.93,1.0,RAFAEL URIBE URIBE TUNJUELITO,3,ENTRE 5 Y 10 ANOS,4.57,-74.13,USADO,,0,0,0,0,0,0,0,0,0,0,False,TUNJUELITO,SAN CARLOS,Biblioteca,369.67,1,PARQUE METROPOLITANO CEFE EL TUNAL,1070.03,0,0.41,,0.5,2.0,0.0,,0.04,1205.71,0.0
RV-M4538896,APARTAMENTO,VENTA,20.56,103.7,2.0,3.0,3921395.93,2.0,CHICO,6,MAS DE 20 ANOS,4.66,-74.05,USADO,,0,0,0,0,0,0,0,0,0,0,False,CHAPINERO,S.C. EL NOGAL,Calle 76 - San Felipe,1253.18,0,PARQUE ZONAL SAN ANDRÉS,411.85,1,0.2,,1.0,0.67,0.0,,0.02,602.13,0.0
RV-M4512207,APARTAMENTO,VENTA,21.13,305.3,4.0,3.0,3921395.93,2.0,COUNTRY,5,MAS DE 20 ANOS,4.72,-74.05,USADO,,0,0,0,0,0,0,0,0,0,0,False,USAQUEN,EL CONTADOR,Alcalá,650.25,0,PARQUE VECINAL PRADO PINZÓN,1183.96,0,0.07,,0.5,1.33,0.0,,0.01,185.8,1.0
RV-M4509019,APARTAMENTO,VENTA,20.56,149.0,3.0,4.0,3921395.93,3.0,CERROS DE SUBA,6,MAS DE 20 ANOS,4.72,-74.08,USADO,,0,0,0,0,0,0,0,0,0,0,False,SUBA,S.C. NIZA SUBA,Suba - AV. Boyacá,363.95,1,PARQUE VECINAL AGRUPACIÓN DE VIVIENDA EN BALCON DE LINDARAJA,559.49,0,0.14,,1.0,0.75,0.0,,0.02,982.45,0.0
RV-M4656569,APARTAMENTO,VENTA,20.13,102.2,4.0,3.0,3921395.93,1.0,CASTILLA MARSELLA,3,ENTRE 10 Y 20 ANOS,4.64,-74.13,USADO,,0,0,0,0,0,0,0,0,0,0,False,KENNEDY,COOPERATIVA DE SUB-OFICIALES,Marsella,823.47,0,PARQUE ZONAL MARSELLA,683.62,0,0.2,,0.25,1.33,0.0,,0.04,960.24,0.0
211-M4465855,APARTAMENTO,VENTA,20.5,138.0,3.0,3.0,868000.0,1.0,SANTA BARBARA,6,MAS DE 20 ANOS,4.69,-74.04,USADO,,0,0,0,0,0,0,0,0,0,0,False,USAQUEN,SANTA BARBARA CENTRAL II SECTOR,Pepe Sierra,1968.79,0,PARQUE METROPOLITANO EL COUNTRY,1213.33,0,0.15,,0.33,1.0,0.0,,0.02,356.48,1.0
5031-M3569128,APARTAMENTO,VENTA,21.28,279.0,3.0,4.0,3921395.93,2.0,CHICO,6,MAS DE 20 ANOS,4.66,-74.05,USADO,,0,0,0,0,0,0,0,0,0,0,False,CHAPINERO,S.C. BELLAVISTA,Calle 72,1143.31,0,PARQUE ZONAL GUSTAVO URIBE BOTERO,601.02,0,0.08,,0.67,0.75,0.0,,0.01,392.46,1.0
10202-M4499710,APARTAMENTO,VENTA,19.58,77.0,3.0,2.0,3921395.93,1.0,KENNEDY,3,ENTRE 0 Y 5 ANOS,4.65,-74.16,USADO,,0,0,0,0,0,0,0,0,0,0,False,KENNEDY,S.C. TINTALA,Biblioteca Tintal,1685.8,0,PARQUE ZONAL SAN IGNACIO,544.54,0,0.25,,0.33,1.5,0.0,,0.04,2957.54,0.0
133-M3358062,APARTAMENTO,VENTA,19.41,45.0,2.0,2.0,230000.0,1.0,CEDRITOS,4,MAS DE 20 ANOS,4.72,-74.03,USADO,,0,0,0,0,0,0,0,0,0,0,False,USAQUEN,ACACIAS USAQUEN,Calle 142,1855.82,0,PARQUE VECINAL NUEVA URBANIZACIÓN EL CEDRITO,74.57,1,0.43,,0.5,1.0,0.0,,0.04,540.51,0.0
717-M3781329,APARTAMENTO,VENTA,20.89,140.0,3.0,3.0,3921395.93,2.0,CHICO,6,ENTRE 5 Y 10 ANOS,4.66,-74.05,USADO,,0,1,0,1,1,1,1,0,0,1,False,CHAPINERO,EL REFUGIO,Héroes - Gel´Hada,1669.14,0,PARQUE ZONAL SAN ANDRÉS,709.28,0,0.15,,0.67,1.0,0.0,,0.02,786.07,0.0
411-M4200305,APARTAMENTO,VENTA,19.78,55.0,1.0,2.0,377000.0,1.0,SANTA BARBARA,6,MAS DE 20 ANOS,4.69,-74.05,USADO,,0,0,0,1,1,0,0,0,0,1,False,USAQUEN,SAN PATRICIO,Calle 106,1110.37,0,PARQUE METROPOLITANO EL COUNTRY,1448.05,0,0.36,,1.0,0.5,0.0,,0.02,156.2,2.0
11052-M4613217,APARTAMENTO,VENTA,20.86,200.0,3.0,5.0,3921395.93,4.0,RAFAEL URIBE URIBE TUNJUELITO,3,ENTRE 10 Y 20 ANOS,4.57,-74.12,USADO,,0,0,0,0,1,1,0,0,0,0,False,RAFAEL URIBE URIBE,S.C. SAN JORGE SUR,Santa Lucía,444.14,1,PARQUE ZONAL QUIROGA,1373.52,0,0.1,,1.33,0.6,0.0,,0.02,1300.2,0.0
3390-M2672145,APARTAMENTO,VENTA,21.19,249.0,3.0,5.0,1754000.0,4.0,CHICO,6,ENTRE 10 Y 20 ANOS,4.66,-74.05,USADO,,0,0,0,1,1,0,0,0,0,1,False,CHAPINERO,HORIZONTES (PREDIO),Calle 72,1705.77,0,PARQUE ZONAL SAN ANDRÉS,991.39,0,0.09,,1.33,0.6,0.0,,0.01,972.64,0.0
3038-M4560660,APARTAMENTO,VENTA,20.44,122.0,3.0,2.0,820000.0,1.0,CHICO,6,ENTRE 5 Y 10 ANOS,4.66,-74.05,USADO,,0,0,0,0,1,1,0,0,0,1,False,CHAPINERO,BOSQUE EL RETIRO I SECTOR,Héroes - Gel´Hada,1547.06,0,PARQUE ZONAL SAN ANDRÉS,569.72,0,0.17,,0.33,1.5,0.0,,0.02,692.29,0.0
3390-M4401002,APARTAMENTO,VENTA,20.7,170.07,3.0,5.0,1166000.0,2.0,CEDRITOS,6,ENTRE 10 Y 20 ANOS,4.73,-74.02,USADO,,0,0,0,1,1,1,0,0,0,1,False,USAQUEN,BOSQUE DE PINOS III,Calle 146,2941.99,0,PARQUE ZONAL ALTA BLANCA,1012.99,0,0.12,,0.67,0.6,0.0,,0.02,1058.16,0.0
370-M2997627,APARTAMENTO,VENTA,19.83,72.0,2.0,3.0,420000.0,1.0,COLINA Y ALREDEDORES,4,ENTRE 10 Y 20 ANOS,4.71,-74.06,USADO,,0,0,0,0,1,1,0,0,0,1,False,SUBA,PRADO VERANIEGO SUR - CORDOBA NIZA IX,Prado,893.38,0,PARQUE ZONAL ATABANZA,282.02,1,0.28,,0.5,0.67,0.0,,0.03,964.43,0.0
3507-M4703795,APARTAMENTO,VENTA,19.19,58.0,3.0,2.0,160000.0,1.0,CIUDAD BOLIVAR,2,ENTRE 10 Y 20 ANOS,4.59,-74.16,USADO,,0,0,0,0,1,1,0,0,0,1,False,CIUDAD BOLIVAR,EL PENON DEL CORTIJO,Perdomo,846.87,0,PARQUE ZONAL EL TALLER EL ENSUEÑO,401.68,1,0.33,,0.33,1.5,0.0,,0.05,1566.29,0.0
3390-M2907208,APARTAMENTO,VENTA,20.41,148.9,3.0,4.0,467000.0,1.0,SANTA BARBARA,5,MAS DE 20 ANOS,4.71,-74.05,USADO,,0,1,0,0,0,1,0,0,0,1,False,USAQUEN,LA CALLEJA,Calle 127,630.75,0,PARQUE ZONAL ATABANZA,1086.86,0,0.14,,0.33,0.75,0.0,,0.02,369.36,5.0
16349-M4657316,APARTAMENTO,VENTA,19.72,76.0,3.0,2.0,350000.0,1.0,COLINA Y ALREDEDORES,4,ENTRE 10 Y 20 ANOS,4.74,-74.06,USADO,,0,0,0,0,1,1,0,0,0,1,False,SUBA,MAZUREN,Mazurén,678.91,0,PARQUE VECINAL URBANIZACIÓN LA LAGUNA,209.12,1,0.26,,0.33,1.5,0.0,,0.04,1310.45,0.0
3390-M3473334,APARTAMENTO,VENTA,20.24,156.0,3.0,3.0,520000.0,2.0,COLINA Y ALREDEDORES,5,ENTRE 10 Y 20 ANOS,4.73,-74.06,USADO,,0,1,0,1,1,1,0,0,0,1,False,SUBA,SANTA HELENA - PUERTA DE HIERRO LAS ACACIAS,Gratamira,1222.1,0,PARQUE VECINAL PRADO PINZÓN,1139.37,0,0.13,,0.67,1.0,0.0,,0.02,184.16,1.0
800-M3838895,APARTAMENTO,VENTA,19.41,60.0,2.0,2.0,339316.0,1.0,COUNTRY,4,MAS DE 20 ANOS,4.72,-74.04,USADO,,0,0,0,0,0,1,0,0,0,1,False,USAQUEN,CEDRITOS,Alcalá,1476.29,0,PARQUE VECINAL NUEVA URBANIZACIÓN EL CEDRITO,743.38,0,0.32,,0.5,1.0,0.0,,0.03,134.7,1.0
3065-M4701586,APARTAMENTO,VENTA,19.81,42.0,1.0,1.0,450000.0,1.0,CHICO,6,MAS DE 20 ANOS,4.65,-74.05,USADO,,0,0,0,0,1,0,0,0,0,1,False,CHAPINERO,S.C. BELLAVISTA,Flores – Areandina,1291.66,0,PARQUE ZONAL GUSTAVO URIBE BOTERO,273.15,1,0.47,,1.0,1.0,0.0,,0.02,494.13,1.0
3390-M3233520,APARTAMENTO,VENTA,21.51,301.0,3.0,4.0,1500000.0,4.0,CHICO,6,MAS DE 20 ANOS,4.65,-74.05,USADO,,0,1,0,1,1,1,0,0,0,1,False,CHAPINERO,S.C. INGEMAR ORIENTAL,Flores – Areandina,1809.59,0,PARQUE ZONAL GUSTAVO URIBE BOTERO,515.71,0,0.07,,1.33,0.75,0.0,,0.01,967.29,0.0
2993-M4466897,APARTAMENTO,VENTA,20.58,155.0,3.0,4.0,730000.0,2.0,SANTA BARBARA,6,ENTRE 10 Y 20 ANOS,4.69,-74.05,USADO,,0,1,0,1,1,0,0,0,0,1,False,USAQUEN,SANTA BIBIANA,Calle 106,470.8,1,PARQUE VECINAL URBANIZACIÓN NORMANDIA I II II Y IV SECTOR,1718.99,0,0.13,,0.67,0.75,0.0,,0.02,547.8,0.0
16466-M4656995,APARTAMENTO,VENTA,20.31,98.98,3.0,3.0,390000.0,2.0,COUNTRY,4,ENTRE 0 Y 5 ANOS,4.72,-74.03,USADO,,0,1,0,1,1,1,0,0,0,1,False,USAQUEN,CEDRITOS,Alcalá,2381.81,0,PARQUE VECINAL NUEVA URBANIZACIÓN EL CEDRITO,872.9,0,0.21,,0.67,1.0,0.0,,0.03,169.05,1.0
800-M3155696,APARTAMENTO,VENTA,20.29,70.0,2.0,2.0,3921395.93,2.0,CHICO,6,ENTRE 5 Y 10 ANOS,4.68,-74.05,USADO,,0,0,0,0,0,1,0,0,0,0,False,CHAPINERO,S.C. CHICO NORTE,Virrey,1052.78,0,PARQUE ZONAL CANAL EL VIRREY EL CHICO,662.66,0,0.29,,1.0,1.0,0.0,,0.03,175.9,2.0
2587-M2788260,APARTAMENTO,VENTA,20.47,115.0,3.0,3.0,554000.0,2.0,COUNTRY,6,ENTRE 10 Y 20 ANOS,4.72,-74.05,USADO,,0,1,0,0,1,1,0,0,0,1,False,USAQUEN,LA CALLEJA SANTACOLOMA,Prado,525.76,0,PARQUE VECINAL PRADO PINZÓN,1204.71,0,0.18,,0.67,1.0,0.0,,0.03,433.6,1.0
44-M3364579,APARTAMENTO,VENTA,21.51,264.0,3.0,3.0,1500000.0,3.0,CHICO,6,MAS DE 20 ANOS,4.66,-74.05,USADO,,0,1,0,0,1,1,0,0,0,0,False,CHAPINERO,LOS ROSALES,Calle 76 - San Felipe,1400.81,0,PARQUE ZONAL SAN ANDRÉS,716.48,0,0.08,,1.0,1.0,0.0,,0.01,735.9,0.0
5545-M4420187,APARTAMENTO,VENTA,21.12,283.0,4.0,5.0,1700000.0,2.0,CHICO,6,MAS DE 20 ANOS,4.68,-74.05,USADO,,0,1,0,0,0,0,0,0,0,1,False,CHAPINERO,S.C. CHICO NORTE,Virrey,1419.79,0,PARQUE VECINAL URBANIZACIÓN LA CABRERA,917.07,0,0.07,,0.5,0.8,0.0,,0.01,231.38,1.0
754-M2559216,APARTAMENTO,VENTA,20.03,62.0,1.0,2.0,3921395.93,2.0,NIZA ALHAMBRA,5,ENTRE 0 Y 5 ANOS,4.7,-74.06,USADO,,0,0,0,1,0,1,0,0,0,1,False,SUBA,PUENTE LARGO SECTOR I Y II,Puentelargo,540.68,0,PARQUE ZONAL CANAL CORDOBA,734.24,0,0.32,,2.0,0.5,0.0,,0.02,831.0,0.0
2456-M3105760,APARTAMENTO,VENTA,20.34,124.0,3.0,3.0,480000.0,2.0,COLINA Y ALREDEDORES,5,ENTRE 10 Y 20 ANOS,4.74,-74.06,USADO,,0,1,0,1,1,1,0,0,0,1,False,SUBA,MAZUREN,Mazurén,1178.26,0,PARQUE VECINAL URBANIZACIÓN LA LAGUNA,629.33,0,0.16,,0.67,1.0,0.0,,0.02,816.75,0.0
754-M3152864,APARTAMENTO,VENTA,21.47,300.0,3.0,4.0,1560000.0,2.0,CHICO,6,MAS DE 20 ANOS,4.67,-74.05,USADO,,0,1,0,0,1,1,0,0,0,1,False,CHAPINERO,LA CABRERA,Héroes - Gel´Hada,1546.5,0,PARQUE VECINAL URBANIZACIÓN LA CABRERA,533.47,0,0.07,,0.67,0.75,0.0,,0.01,525.22,0.0
368-M3344771,APARTAMENTO,VENTA,20.9,167.0,3.0,3.0,3921395.93,2.0,CHAPINERO ALTO,5,ENTRE 5 Y 10 ANOS,4.64,-74.06,USADO,,0,1,0,1,1,1,1,0,0,0,False,CHAPINERO,VISTA HERMOSA - MARIA CRISTINA,Calle 57,1153.71,0,PARQUE ZONAL GUSTAVO URIBE BOTERO,844.28,0,0.13,,0.67,1.0,0.0,,0.02,937.91,0.0
720-M4139018,APARTAMENTO,VENTA,19.21,68.02,3.0,2.0,3921395.93,1.0,COLINA Y ALREDEDORES,3,MAS DE 20 ANOS,4.75,-74.05,USADO,,0,0,0,0,0,1,0,0,0,1,False,SUBA,S.C BRITALIA,Toberin - Foundever,268.98,1,PARQUE VECINAL DESARROLLO ESTRELLA DEL NORTE,1013.23,0,0.28,,0.33,1.5,0.0,,0.04,1415.12,0.0
11203-M3351032,APARTAMENTO,VENTA,20.82,160.0,4.0,4.0,717000.0,2.0,NIZA ALHAMBRA,5,MAS DE 20 ANOS,4.71,-74.06,USADO,,0,1,0,0,1,1,0,0,0,1,False,SUBA,EL BATAN,Calle 127,478.28,1,PARQUE ZONAL ATABANZA,249.94,1,0.13,,0.5,1.0,0.0,,0.02,603.66,0.0
2564-M4738472,APARTAMENTO,VENTA,19.36,33.45,1.0,1.0,250000.0,1.0,CEDRITOS,4,ENTRE 0 Y 5 ANOS,4.73,-74.04,USADO,,0,0,0,0,1,0,0,0,0,0,False,USAQUEN,ACACIAS USAQUEN,Calle 142,1448.95,0,PARQUE VECINAL NUEVA URBANIZACIÓN EL CEDRITO,506.09,0,0.58,,1.0,1.0,0.0,,0.03,669.47,0.0
800-M4600286,APARTAMENTO,VENTA,19.64,70.0,2.0,2.0,653000.0,1.0,SANTA BARBARA,6,MAS DE 20 ANOS,4.7,-74.04,USADO,,0,0,0,0,0,1,0,0,0,0,False,USAQUEN,SANTA BARBARA CENTRAL I SECTOR,Pepe Sierra,1454.49,0,PARQUE METROPOLITANO EL COUNTRY,887.43,0,0.28,,0.5,1.0,0.0,,0.03,614.17,0.0
5537-M4139527,APARTAMENTO,VENTA,20.63,138.0,3.0,3.0,1006000.0,2.0,CHICO,6,MAS DE 20 ANOS,4.68,-74.05,USADO,,0,1,0,0,1,0,0,0,0,1,False,CHAPINERO,S.C. CHICO NORTE III SECTOR,Calle 100 - Marketmedios,867.84,0,PARQUE VECINAL URBANIZACIÓN NORMANDIA I II II Y IV SECTOR,1121.19,0,0.15,,0.67,1.0,0.0,,0.02,148.52,2.0
12364-M2814467,APARTAMENTO,VENTA,20.55,191.0,2.0,2.0,750000.0,3.0,CHICO,6,MAS DE 20 ANOS,4.69,-74.06,USADO,,0,1,0,0,1,0,0,0,0,1,False,CHAPINERO,S.C. CHICO NORTE III SECTOR,Calle 100 - Marketmedios,299.79,1,PARQUE VECINAL URBANIZACIÓN NORMANDIA I II II Y IV SECTOR,1009.22,0,0.11,,1.5,1.0,0.0,,0.01,598.05,0.0
2238-M3492822,APARTAMENTO,VENTA,19.77,87.0,4.0,3.0,300000.0,2.0,COLINA Y ALREDEDORES,4,MAS DE 20 ANOS,4.75,-74.07,USADO,,0,1,0,1,0,1,0,0,0,0,False,SUBA,URB. PIEDEMONTE,Portal Norte,2271.39,0,PARQUE ZONAL SAN JOSÉ DE BAVARIA,353.55,1,0.23,,0.5,1.33,0.0,,0.05,2357.23,0.0
2748-M3352761,APARTAMENTO,VENTA,21.31,330.0,4.0,4.0,1086000.0,3.0,CERROS DE SUBA,6,ENTRE 5 Y 10 ANOS,4.71,-74.08,USADO,,1,1,0,1,1,1,1,0,0,1,False,SUBA,URB. MONTE VERDE Y COLINA LINDA,Niza - Calle 127,1318.91,0,PARQUE METROPOLITANO CEFE COMETAS,523.48,0,0.06,,0.75,1.0,0.0,,0.01,1301.54,0.0
13674-M3491113,APARTAMENTO,VENTA,19.72,66.0,2.0,2.0,207000.0,1.0,NIZA ALHAMBRA,4,ENTRE 10 Y 20 ANOS,4.69,-74.08,USADO,,0,0,0,0,1,1,0,0,0,1,False,SUBA,S.C. POTOSI,Ferias,482.8,1,PARQUE ZONAL BONANZA,992.61,0,0.3,,0.5,1.0,0.0,,0.03,357.68,3.0
4957-M4638674,APARTAMENTO,VENTA,20.57,94.0,2.0,3.0,1390000.0,2.0,SANTA BARBARA,6,ENTRE 5 Y 10 ANOS,4.69,-74.04,USADO,,0,1,0,0,1,0,0,0,0,1,False,USAQUEN,SANTA BARBARA CENTRAL I Y II,Calle 106,1396.87,0,PARQUE METROPOLITANO EL COUNTRY,1690.9,0,0.22,,1.0,0.67,0.0,,0.02,576.51,0.0
368-M4287558,APARTAMENTO,VENTA,20.62,188.0,3.0,4.0,914000.0,2.0,CEDRITOS,6,MAS DE 20 ANOS,4.72,-74.02,USADO,,0,1,0,0,0,1,0,0,0,1,False,USAQUEN,BOSQUE DE PINOS III,Calle 142,3045.42,0,PARQUE VECINAL NUEVA URBANIZACIÓN EL CEDRITO,1137.47,0,0.11,,0.67,0.75,0.0,,0.02,1088.45,0.0
16288-M4563905,APARTAMENTO,VENTA,21.31,220.0,3.0,3.0,1300000.0,2.0,CEDRITOS,6,MAS DE 20 ANOS,4.72,-74.03,USADO,,0,1,0,1,1,1,0,0,0,1,False,USAQUEN,SIERRAS DEL MORAL,Calle 142,2749.15,0,PARQUE VECINAL NUEVA URBANIZACIÓN EL CEDRITO,842.64,0,0.1,,0.67,1.0,0.0,,0.01,622.28,0.0
3568-M4370162,APARTAMENTO,VENTA,19.64,68.0,2.0,2.0,380000.0,1.0,,4,MAS DE 20 ANOS,4.71,-74.02,USADO,,0,1,0,0,1,1,0,0,0,1,False,USAQUEN,SAN,Prado,3251.37,0,PARQUE METROPOLITANO EL COUNTRY,1525.48,0,0.29,,0.5,1.0,0.0,,0.03,999.29,0.0
10278-M3789351,APARTAMENTO,VENTA,20.68,197.0,4.0,5.0,1230000.0,2.0,CHICO,6,MAS DE 20 ANOS,4.66,-74.02,USADO,,0,1,0,0,0,1,0,0,0,1,False,CHAPINERO,LA ESPERANZA NORORIENTAL,Héroes - Gel´Hada,4050.57,0,PARQUE VECINAL URBANIZACIÓN LA CABRERA,2996.5,0,0.1,,0.5,0.8,0.0,,0.02,2646.83,0.0
2266-M4684772,APARTAMENTO,VENTA,20.82,169.0,3.0,4.0,700000.0,3.0,ALTOS DE SUBA Y CERROS DE SAN JORGE,6,ENTRE 5 Y 10 ANOS,4.76,-74.07,USADO,,0,0,0,1,1,1,1,0,0,1,False,SUBA,URB. DEL MONTE,Portal Norte,2500.62,0,PARQUE ZONAL SAN JOSÉ DE BAVARIA,619.62,0,0.12,,1.0,0.75,0.0,,0.02,2613.55,0.0
356-M3718478,APARTAMENTO,VENTA,20.7,156.0,3.0,3.0,650000.0,2.0,COUNTRY,6,MAS DE 20 ANOS,4.71,-74.04,USADO,,0,1,0,1,1,1,0,0,0,1,False,USAQUEN,COUNTRY CLUB,Prado,1804.76,0,PARQUE METROPOLITANO EL COUNTRY,527.32,0,0.13,,0.67,1.0,0.0,,0.02,523.68,0.0
4957-M4617145,APARTAMENTO,VENTA,20.28,80.0,2.0,3.0,770000.0,2.0,SANTA BARBARA,6,ENTRE 0 Y 5 ANOS,4.69,-74.05,USADO,,0,1,0,0,1,0,0,0,0,1,False,USAQUEN,SAN PATRICIO,Calle 106,1026.65,0,PARQUE METROPOLITANO EL COUNTRY,1741.39,0,0.25,,1.0,0.67,0.0,,0.02,288.52,1.0
4698-M4638438,APARTAMENTO,VENTA,20.82,158.0,3.0,3.0,1300000.0,2.0,SANTA BARBARA,6,ENTRE 5 Y 10 ANOS,4.7,-74.04,USADO,,0,0,0,0,1,0,0,0,0,1,False,USAQUEN,SANTA BARBARA CENTRAL I Y II,Pepe Sierra,1376.81,0,PARQUE METROPOLITANO EL COUNTRY,1133.83,0,0.13,,0.67,1.0,0.0,,0.02,516.2,0.0
11633-M4684783,APARTAMENTO,VENTA,20.16,106.0,3.0,3.0,560000.0,1.0,SANTA BARBARA,6,MAS DE 20 ANOS,4.69,-74.04,USADO,,0,1,0,0,1,0,0,0,0,1,False,USAQUEN,SANTA ANA OCCIDENTAL,Calle 106,1961.43,0,PARQUE METROPOLITANO EL COUNTRY,1851.11,0,0.19,,0.33,1.0,0.0,,0.03,356.43,1.0
171-M4687516,APARTAMENTO,VENTA,20.41,83.0,2.0,3.0,450000.0,2.0,COUNTRY,5,ENTRE 5 Y 10 ANOS,4.71,-74.03,USADO,,0,0,0,0,1,0,0,0,0,1,False,USAQUEN,GINEBRA NORTE,Prado,2700.01,0,PARQUE METROPOLITANO EL COUNTRY,1106.82,0,0.25,,1.0,0.67,0.0,,0.02,434.39,1.0
5483-M4690064,APARTAMENTO,VENTA,19.92,79.0,2.0,3.0,390000.0,2.0,COUNTRY,5,ENTRE 5 Y 10 ANOS,4.72,-74.03,USADO,,0,0,0,0,1,0,0,0,0,1,False,USAQUEN,CEDRITOS,Alcalá,1983.54,0,PARQUE VECINAL NUEVA URBANIZACIÓN EL CEDRITO,661.41,0,0.25,,1.0,0.67,0.0,,0.03,463.65,1.0
384-M4452004,APARTAMENTO,VENTA,19.64,66.1,3.0,2.0,257000.0,1.0,COLINA Y ALREDEDORES,4,ENTRE 10 Y 20 ANOS,4.74,-74.05,USADO,,0,0,0,1,1,0,0,0,0,1,False,SUBA,CAMPOS DE SILENCIO,Calle 161,716.34,0,PARQUE VECINAL DESARROLLO CANTALEJO URBANIZACIÓN CANTALEJO MANZANA B,356.72,1,0.3,,0.33,1.5,0.0,,0.05,1767.27,0.0
246-M3744222,APARTAMENTO,VENTA,19.67,62.0,1.0,1.0,413000.0,1.0,SANTA BARBARA,6,MAS DE 20 ANOS,4.7,-74.04,USADO,,0,0,0,0,1,1,0,0,0,1,False,USAQUEN,SANTA BARBARA CENTRAL IV SECTOR,Calle 127,2165.46,0,PARQUE METROPOLITANO EL COUNTRY,735.81,0,0.32,,1.0,1.0,0.0,,0.02,450.86,1.0
416-110527,APARTAMENTO,VENTA,20.44,108.0,3.0,3.0,595000.0,2.0,SANTA BARBARA,6,3.0,4.7,-74.04,USADO,,0,0,0,0,0,0,0,0,0,0,False,USAQUEN,SANTA BARBARA NORTE,Calle 127,1400.52,0,PARQUE METROPOLITANO EL COUNTRY,520.47,0,0.19,,0.67,1.0,0.0,,0.03,175.48,1.0
RV-M4648082,APARTAMENTO,VENTA,19.21,62.02,3.0,2.0,3921395.93,0.0,KENNEDY,2,ENTRE 10 Y 20 ANOS,4.65,-74.16,USADO,,0,0,0,0,0,0,0,0,0,0,False,KENNEDY,S.C. TINTALA,Biblioteca Tintal,1324.93,0,PARQUE METROPOLITANO BIBLIOTECA EL TINTAL,512.52,0,0.31,,0.0,1.5,0.0,,0.05,2957.34,0.0
RV-M4648032,APARTAMENTO,VENTA,19.58,72.19,3.0,2.0,3921395.93,1.0,ALTOS DE SUBA Y CERROS DE SAN JORGE,3,ENTRE 5 Y 10 ANOS,4.75,-74.1,USADO,,0,0,0,0,0,0,0,0,0,0,False,SUBA,URB. LAS FLORES,Portal Suba,750.93,0,PARQUE VECINAL URBANIZACIÓN LOMBARDIA II ETAPA,686.44,0,0.27,,0.33,1.5,0.0,,0.04,454.92,1.0
RV-M4674776,APARTAMENTO,VENTA,19.7,79.92,3.0,2.0,3921395.93,1.0,KENNEDY,3,ENTRE 10 Y 20 ANOS,4.62,-74.13,USADO,,0,0,0,0,0,0,0,0,0,0,False,KENNEDY,CENTRO AMERICAS,Marsella,749.17,0,PARQUE ZONAL LA IGUALDAD,440.54,1,0.25,,0.33,1.5,0.0,,0.04,772.92,0.0
RV-M4584509,APARTAMENTO,VENTA,19.52,58.61,3.0,2.0,3921395.93,1.0,ORQUIDEAS,4,ENTRE 10 Y 20 ANOS,4.74,-74.03,USADO,,0,0,0,0,0,0,0,0,0,0,False,USAQUEN,BALCONES DE ORIENTE,Calle 161,1583.34,0,PARQUE ZONAL LA VIDA,356.58,1,0.33,,0.33,1.5,0.0,,0.05,1000.01,0.0
12364-M2807267,APARTAMENTO,VENTA,20.86,176.0,3.0,2.0,520000.0,2.0,CHAPINERO ALTO,6,ENTRE 10 Y 20 ANOS,4.65,-74.05,USADO,,0,0,0,0,1,0,0,0,0,1,False,CHAPINERO,S.C. BELLAVISTA,Flores – Areandina,1542.03,0,PARQUE ZONAL GUSTAVO URIBE BOTERO,314.27,1,0.12,,0.67,1.5,0.0,,0.02,713.86,0.0
RV-M4668634,APARTAMENTO,VENTA,19.04,38.97,1.0,1.0,3921395.93,0.0,,3,ENTRE 0 Y 5 ANOS,4.75,-74.09,USADO,,0,0,0,0,0,0,0,0,0,0,False,SUBA,SANTA BEATRIZ (PREDIO),Portal Suba,811.4,0,PARQUE VECINAL URBANIZACIÓN VALLE DE REFOUS,707.42,0,0.49,,0.0,1.0,0.0,,0.03,578.08,0.0
16288-M4567686,APARTAMENTO,VENTA,21.13,280.0,4.0,4.0,900000.0,3.0,COLINA Y ALREDEDORES,5,ENTRE 10 Y 20 ANOS,4.74,-74.06,USADO,,0,0,0,0,0,0,0,0,0,0,False,SUBA,MAZUREN,Mazurén,1374.46,0,PARQUE VECINAL DESARROLLO CANTALEJO URBANIZACIÓN CANTALEJO MANZANA B,741.27,0,0.08,,0.75,1.0,0.0,,0.01,766.96,0.0
RV-M4613971,APARTAMENTO,VENTA,19.92,63.9,2.0,2.0,3921395.93,1.0,COLINA Y ALREDEDORES,4,ENTRE 0 Y 5 ANOS,4.74,-74.06,USADO,,0,0,0,0,0,0,0,0,0,0,False,SUBA,MAZUREN,Mazurén,694.77,0,PARQUE VECINAL URBANIZACIÓN VICTORIA NORTE,268.98,1,0.31,,0.5,1.0,0.0,,0.03,1380.56,0.0
10093-M4706726,APARTAMENTO,VENTA,20.36,127.4,3.0,3.0,857000.0,2.0,CHICO,6,MAS DE 20 ANOS,4.68,-74.06,USADO,,0,0,0,0,0,0,0,0,0,0,False,CHAPINERO,S.C. EL CHICO,Virrey,222.15,1,PARQUE VECINAL URBANIZACIÓN NORMANDIA I II II Y IV SECTOR,105.81,1,0.16,,0.67,1.0,0.0,,0.02,539.12,0.0
13436-M4708123,APARTAMENTO,VENTA,19.7,77.0,3.0,2.0,262000.0,1.0,ALTOS DE SUBA Y CERROS DE SAN JORGE,4,ENTRE 10 Y 20 ANOS,4.75,-74.09,USADO,,0,0,0,1,0,0,0,0,0,0,False,SUBA,PARQUE RESIDENCIAL NUEVA SUBA,Portal Suba,690.63,0,PARQUE VECINAL URBANIZACIÓN VALLE DE REFOUS,353.47,1,0.26,,0.33,1.5,0.0,,0.04,637.77,0.0
771-M4462235,APARTAMENTO,VENTA,21.31,174.0,2.0,3.0,1317000.0,3.0,CHICO,6,ENTRE 10 Y 20 ANOS,4.66,-74.05,USADO,,0,0,0,0,0,0,0,0,0,0,False,CHAPINERO,BOSQUE EL RETIRO I SECTOR,Héroes - Gel´Hada,1685.89,0,PARQUE ZONAL SAN ANDRÉS,705.31,0,0.12,,1.5,0.67,0.0,,0.01,841.45,0.0
133-M3900205,APARTAMENTO,VENTA,19.55,74.0,3.0,2.0,220000.0,1.0,CEDRITOS,4,MAS DE 20 ANOS,4.74,-74.05,USADO,,0,0,0,0,0,0,0,0,0,0,False,USAQUEN,ESTRELLA DEL NORTE,Calle 161,329.61,1,PARQUE VECINAL DESARROLLO ESTRELLA DEL NORTE,126.07,1,0.26,,0.33,1.5,0.0,,0.04,1437.05,0.0
RV-M4521972,APARTAMENTO,VENTA,19.87,85.35,3.0,2.0,3921395.93,1.0,COLINA Y ALREDEDORES,4,ENTRE 0 Y 5 ANOS,4.72,-74.08,USADO,,0,0,0,0,0,0,0,0,0,0,False,SUBA,SOTILEZA,Suba - AV. Boyacá,157.94,1,PARQUE VECINAL AGRUPACIÓN DE VIVIENDA EN BALCON DE LINDARAJA,903.67,0,0.23,,0.33,1.5,0.0,,0.04,1218.25,0.0
RV-M4265298,APARTAMENTO,VENTA,19.97,108.0,3.0,2.0,3921395.93,2.0,ORQUIDEAS,4,ENTRE 10 Y 20 ANOS,4.74,-74.03,USADO,,0,0,0,0,0,0,0,0,0,0,False,USAQUEN,VILLAS DE ARANJUEZ,Toberin - Foundever,1490.42,0,PARQUE VECINAL URBANIZACIÓN TOBERIN,628.56,0,0.18,,0.67,1.5,0.0,,0.03,504.23,0.0
512-M4613471,APARTAMENTO,VENTA,19.3,55.0,2.0,2.0,220000.0,1.0,ORQUIDEAS,4,ENTRE 10 Y 20 ANOS,4.75,-74.02,USADO,,0,0,0,0,1,1,0,0,0,1,False,USAQUEN,S.C. HORIZONTES NORTE,Portal Norte,2538.25,0,PARQUE ZONAL SERVITA,1412.93,0,0.35,,0.5,1.0,0.0,,0.04,1626.87,0.0
2630-M2481761,APARTAMENTO,VENTA,21.06,185.0,3.0,3.0,1490000.0,0.0,CHAPINERO ALTO,6,ENTRE 0 Y 5 ANOS,4.65,-74.05,USADO,,0,0,0,0,0,0,0,0,0,0,False,CHAPINERO,S.C. LAS ACACIAS,Flores – Areandina,1407.97,0,PARQUE ZONAL GUSTAVO URIBE BOTERO,195.26,1,0.11,,0.0,1.0,0.0,,0.02,576.94,0.0
16403-M4741538,APARTAMENTO,VENTA,20.65,120.0,2.0,2.0,1300000.0,2.0,CHICO,6,ENTRE 10 Y 20 ANOS,4.67,-74.05,USADO,,0,0,0,0,1,1,0,0,0,1,False,CHAPINERO,S.C. CHICO NORTE,Virrey,1099.77,0,PARQUE VECINAL URBANIZACIÓN LA CABRERA,494.46,1,0.17,,1.0,1.0,0.0,,0.02,278.03,3.0
2456-M4149851,APARTAMENTO,VENTA,20.49,153.0,3.0,4.0,430000.0,2.0,COLINA Y ALREDEDORES,5,ENTRE 5 Y 10 ANOS,4.74,-74.06,USADO,,1,1,0,1,1,1,1,0,0,1,False,SUBA,URB. LA SIRENA,Mazurén,1704.02,0,PARQUE VECINAL DESARROLLO CANTALEJO URBANIZACIÓN CANTALEJO MANZANA B,800.56,0,0.13,,0.67,0.75,0.0,,0.02,763.3,0.0
3390-M2796471,APARTAMENTO,VENTA,20.39,84.0,1.0,2.0,850000.0,2.0,CHICO,6,ENTRE 10 Y 20 ANOS,4.68,-74.04,USADO,,0,1,0,0,1,1,0,0,0,1,False,CHAPINERO,CHICO RESERVADO,Virrey,1826.84,0,PARQUE VECINAL URBANIZACIÓN LA CABRERA,1166.16,0,0.24,,2.0,0.5,0.0,,0.01,472.71,1.0
4141-M4270380,APARTAMENTO,VENTA,20.61,138.0,3.0,3.0,845000.0,2.0,SANTA BARBARA,6,ENTRE 10 Y 20 ANOS,4.7,-74.04,USADO,,0,1,0,0,1,0,0,0,0,1,False,USAQUEN,SANTA BARBARA OCCIDENTAL,Calle 127,1200.06,0,PARQUE METROPOLITANO EL COUNTRY,601.71,0,0.15,,0.67,1.0,0.0,,0.02,194.71,1.0
3390-M4567567,APARTAMENTO,VENTA,21.28,256.0,5.0,5.0,1000000.0,2.0,COLINA Y ALREDEDORES,4,MAS DE 20 ANOS,4.72,-74.06,USADO,,0,0,0,1,1,1,1,0,0,1,False,SUBA,SAN RAFAEL NORTE,Alcalá,1002.06,0,PARQUE VECINAL PRADO PINZÓN,717.92,0,0.08,,0.4,1.0,0.0,,0.02,280.97,1.0
11079-M4145990,APARTAMENTO,VENTA,20.77,125.0,2.0,4.0,1075000.0,2.0,CHAPINERO ALTO,6,MAS DE 20 ANOS,4.65,-74.05,USADO,,0,0,0,0,1,0,0,0,0,1,False,CHAPINERO,S.C. LAS ACACIAS,Flores – Areandina,1436.14,0,PARQUE ZONAL GUSTAVO URIBE BOTERO,146.41,1,0.17,,1.0,0.5,0.0,,0.02,593.92,0.0
12477-M4701518,APARTAMENTO,VENTA,20.56,140.0,4.0,3.0,630000.0,2.0,COUNTRY,5,ENTRE 10 Y 20 ANOS,4.71,-74.03,USADO,,0,0,0,0,0,1,0,0,0,1,False,USAQUEN,RECODO DEL COUNTRY,Prado,2149.02,0,PARQUE METROPOLITANO EL COUNTRY,667.06,0,0.15,,0.5,1.33,0.0,,0.03,293.98,2.0
16400-M4694278,APARTAMENTO,VENTA,20.23,110.0,3.0,3.0,535000.0,2.0,CEDRITOS,4,ENTRE 10 Y 20 ANOS,4.73,-74.04,USADO,,0,1,0,0,1,1,0,0,0,1,False,USAQUEN,LOS CEDRITOS,Calle 142,969.34,0,PARQUE VECINAL NUEVA URBANIZACIÓN EL CEDRITO,975.74,0,0.18,,0.67,1.0,0.0,,0.03,875.68,0.0
3204-M2380535,APARTAMENTO,VENTA,21.64,197.0,3.0,5.0,1100000.0,3.0,CHICO,6,ENTRE 0 Y 5 ANOS,4.68,-74.04,USADO,,0,0,0,0,0,1,0,0,0,0,False,CHAPINERO,CHICO RESERVADO,Virrey,2038.49,0,PARQUE VECINAL URBANIZACIÓN LA CABRERA,1274.79,0,0.11,,1.0,0.6,0.0,,0.02,532.36,0.0
10307-M4617076,APARTAMENTO,VENTA,20.58,131.24,3.0,4.0,870000.0,2.0,GUAYMARAL,6,ENTRE 5 Y 10 ANOS,4.8,-74.07,USADO,,0,1,0,1,1,1,1,0,0,1,False,SUBA,URB. LOS ARRAYANES,Terminal,4805.16,0,PARQUE VECINAL URBANIZACIÓN VILANOVA,4876.81,0,0.16,,0.67,0.75,0.0,,0.02,4742.02,0.0
2456-M2827408,APARTAMENTO,VENTA,20.58,142.0,3.0,4.0,600000.0,2.0,COLINA Y ALREDEDORES,4,ENTRE 5 Y 10 ANOS,4.72,-74.06,USADO,,1,1,0,1,1,1,1,0,0,1,False,SUBA,SAN JOSE DEL PRADO,Alcalá,863.74,0,PARQUE VECINAL PRADO PINZÓN,629.59,0,0.14,,0.67,0.75,0.0,,0.02,379.5,1.0
15923-M4468055,APARTAMENTO,VENTA,21.06,203.0,3.0,4.0,950000.0,2.0,NICOLAS DE FEDERMAN,5,ENTRE 0 Y 5 ANOS,4.64,-74.09,USADO,,0,0,0,0,1,1,0,0,0,0,False,TEUSAQUILLO,CENTRO ADMINISTRATIVO OCCIDENTAL - CAN,Quinta Paredes,436.86,1,PARQUE VECINAL SANTA CLARA,1090.52,0,0.1,,0.67,0.75,0.0,,0.01,513.54,0.0
3496-M4662688,APARTAMENTO,VENTA,19.04,45.0,3.0,2.0,10000.0,0.0,CASTILLA MARSELLA,3,ENTRE 5 Y 10 ANOS,4.64,-74.15,USADO,,0,0,0,0,0,1,0,0,0,0,False,KENNEDY,EL_CASTILLO,Transversal 86,993.35,0,PARQUE METROPOLITANO BIBLIOTECA EL TINTAL,627.63,0,0.42,,0.0,1.5,0.0,,0.07,2405.21,0.0
4957-M2746706,APARTAMENTO,VENTA,19.99,82.33,3.0,2.0,200000.0,1.0,ENGATIVA,3,ENTRE 0 Y 5 ANOS,4.69,-74.09,USADO,,0,0,0,0,1,1,0,0,0,1,False,ENGATIVA,SANTA MARIA DEL LAGO,Minuto de Dios,335.87,1,PARQUE ZONAL BONANZA,596.82,0,0.24,,0.33,1.5,0.0,,0.04,720.81,0.0
11312-M4518436,APARTAMENTO,VENTA,21.47,204.0,3.0,5.0,1700000.0,3.0,CHICO,6,ENTRE 0 Y 5 ANOS,4.68,-74.05,USADO,,0,1,0,0,0,1,0,0,0,0,False,CHAPINERO,S.C. CHICO NORTE,Virrey,1478.77,0,PARQUE VECINAL URBANIZACIÓN LA CABRERA,849.47,0,0.11,,1.0,0.6,0.0,,0.01,296.38,1.0
12364-M4592182,APARTAMENTO,VENTA,20.29,110.0,3.0,3.0,1246000.0,2.0,SANTA BARBARA,6,MAS DE 20 ANOS,4.7,-74.03,USADO,,0,1,0,0,1,0,0,0,0,1,False,USAQUEN,SANTA BARBARA CENTRAL III SECTOR,Pepe Sierra,2294.39,0,PARQUE METROPOLITANO EL COUNTRY,916.06,0,0.18,,0.67,1.0,0.0,,0.03,281.36,2.0
754-M4289464,APARTAMENTO,VENTA,21.25,253.0,4.0,5.0,1018000.0,4.0,SANTA BARBARA,6,MAS DE 20 ANOS,4.69,-74.06,USADO,,0,1,0,0,1,1,0,0,0,1,False,USAQUEN,SANTA BIBIANA,Calle 106,237.06,1,PARQUE VECINAL URBANIZACIÓN NORMANDIA I II II Y IV SECTOR,1585.08,0,0.08,,1.0,0.8,0.0,,0.02,764.41,0.0
754-M3809447,APARTAMENTO,VENTA,21.77,288.0,3.0,4.0,2100000.0,4.0,CHICO,6,ENTRE 10 Y 20 ANOS,4.65,-74.05,USADO,,0,1,0,1,1,1,0,0,0,1,False,CHAPINERO,ALTOS DE BELLAVISTA,Calle 72,1510.2,0,PARQUE ZONAL GUSTAVO URIBE BOTERO,567.81,0,0.08,,1.33,0.75,0.0,,0.01,763.98,0.0
2123-M2872432,APARTAMENTO,VENTA,20.89,160.0,3.0,4.0,850000.0,2.0,COUNTRY,6,ENTRE 5 Y 10 ANOS,4.71,-74.03,USADO,,0,0,0,1,0,1,0,0,0,1,False,USAQUEN,GINEBRA,Prado,3010.93,0,PARQUE METROPOLITANO EL COUNTRY,1444.81,0,0.13,,0.67,0.75,0.0,,0.02,708.52,0.0
754-M4057825,APARTAMENTO,VENTA,21.32,300.0,3.0,4.0,2000000.0,4.0,SANTA BARBARA,6,ENTRE 10 Y 20 ANOS,4.7,-74.05,USADO,,1,1,0,0,1,1,0,0,0,1,False,USAQUEN,SANTA BARBARA OCCIDENTAL,Pepe Sierra,947.55,0,PARQUE METROPOLITANO EL COUNTRY,1161.65,0,0.07,,1.33,0.75,0.0,,0.01,108.75,3.0
2412-M4596820,APARTAMENTO,VENTA,20.91,150.0,4.0,4.0,760000.0,2.0,COUNTRY,6,ENTRE 10 Y 20 ANOS,4.71,-74.04,USADO,,0,0,0,0,0,0,0,0,0,0,False,USAQUEN,SABANALARGA,Calle 127,1037.29,0,PARQUE METROPOLITANO EL COUNTRY,714.73,0,0.14,,0.5,1.0,0.0,,0.03,425.21,1.0
2412-M4709936,APARTAMENTO,VENTA,20.61,122.0,3.0,3.0,866000.0,2.0,SANTA BARBARA,5,ENTRE 10 Y 20 ANOS,4.69,-74.05,USADO,,0,0,0,0,0,0,0,0,0,0,False,USAQUEN,SANTA BIBIANA,Calle 106,791.64,0,PARQUE VECINAL URBANIZACIÓN NORMANDIA I II II Y IV SECTOR,1623.0,0,0.17,,0.67,1.0,0.0,,0.02,580.32,0.0
5537-M4355079,APARTAMENTO,VENTA,21.68,280.0,3.0,5.0,2174000.0,4.0,SANTA BARBARA,6,ENTRE 10 Y 20 ANOS,4.7,-74.04,USADO,,0,1,0,1,0,0,0,0,0,1,False,USAQUEN,SAN PATRICIO,Pepe Sierra,1260.29,0,PARQUE METROPOLITANO EL COUNTRY,1137.04,0,0.08,,1.33,0.6,0.0,,0.01,443.4,2.0
11633-M4638187,APARTAMENTO,VENTA,21.51,195.0,3.0,5.0,1160000.0,4.0,CHICO,6,ENTRE 5 Y 10 ANOS,4.66,-74.05,USADO,,0,1,0,1,1,0,0,0,0,1,False,CHAPINERO,LOS ROSALES,Calle 76 - San Felipe,1552.39,0,PARQUE ZONAL SAN ANDRÉS,814.38,0,0.11,,1.33,0.6,0.0,,0.02,871.88,0.0
14-M3511048,APARTAMENTO,VENTA,20.7,180.0,3.0,3.0,650000.0,2.0,SANTA BARBARA,6,MAS DE 20 ANOS,4.7,-74.03,USADO,,0,0,0,0,0,0,0,0,0,0,False,USAQUEN,SANTA BARBARA CENTRAL II,Calle 127,2158.58,0,PARQUE METROPOLITANO EL COUNTRY,497.69,1,0.12,,0.67,1.0,0.0,,0.02,655.5,0.0
2412-M4709937,APARTAMENTO,VENTA,20.61,122.0,3.0,3.0,870000.0,2.0,SANTA BARBARA,6,MAS DE 20 ANOS,4.69,-74.05,USADO,,0,0,0,0,0,0,0,0,0,0,False,USAQUEN,SANTA BIBIANA,Calle 106,779.01,0,PARQUE VECINAL URBANIZACIÓN NORMANDIA I II II Y IV SECTOR,1717.42,0,0.17,,0.67,1.0,0.0,,0.02,484.78,1.0
RV-M4656542,APARTAMENTO,VENTA,19.2,61.05,3.0,2.0,3921395.93,1.0,RAFAEL URIBE URIBE TUNJUELITO,3,MAS DE 20 ANOS,4.57,-74.1,USADO,,0,0,0,0,0,0,0,0,0,0,False,RAFAEL URIBE URIBE,S.C. SAN LUIS,Country Sur,532.49,0,PARQUE ESCENARIO DEPORTIVO PIJAOS JORGE E.CABALIER,149.42,1,0.31,,0.33,1.5,0.0,,0.05,3318.99,0.0
10139-M4043562,APARTAMENTO,VENTA,21.64,238.0,4.0,5.0,1400000.0,3.0,CHICO,6,ENTRE 10 Y 20 ANOS,4.67,-74.05,USADO,,0,0,0,0,0,1,0,0,0,0,False,CHAPINERO,S.C. EL CHICO,Calle 85,1523.83,0,PARQUE VECINAL URBANIZACIÓN LA CABRERA,465.67,1,0.09,,0.75,0.8,0.0,,0.02,417.88,1.0
717-M4440330,APARTAMENTO,VENTA,20.7,187.0,3.0,4.0,1200000.0,2.0,SANTA BARBARA,6,MAS DE 20 ANOS,4.7,-74.03,USADO,,0,1,0,0,1,1,0,0,0,0,False,USAQUEN,SANTA BARBARA CENTRAL II,Calle 127,2185.85,0,PARQUE METROPOLITANO EL COUNTRY,552.96,0,0.11,,0.67,0.75,0.0,,0.02,590.44,0.0
RV-M4642959,APARTAMENTO,VENTA,19.04,49.4,3.0,2.0,3921395.93,1.0,ENGATIVA,3,ENTRE 5 Y 10 ANOS,4.72,-74.12,USADO,,0,0,0,0,0,0,0,0,0,0,False,ENGATIVA,VILLAS DE GRANADA,Portal 80,1746.59,0,PARQUE ZONAL VILLAS DE GRANADA,287.46,1,0.39,,0.33,1.5,0.0,,0.06,1535.45,0.0
4969-M4581651,APARTAMENTO,VENTA,19.34,40.0,1.0,1.0,320000.0,1.0,SANTA BARBARA,5,MAS DE 20 ANOS,4.7,-74.05,USADO,,0,0,0,0,1,1,0,0,0,1,False,USAQUEN,SANTA BARBARA OCCIDENTAL,Pepe Sierra,809.78,0,PARQUE METROPOLITANO EL COUNTRY,1217.18,0,0.48,,1.0,1.0,0.0,,0.02,134.69,2.0
11203-M4460751,APARTAMENTO,VENTA,20.57,162.0,3.0,3.0,800000.0,2.0,SANTA BARBARA,6,MAS DE 20 ANOS,4.7,-74.03,USADO,,0,0,0,0,0,0,0,0,0,0,False,USAQUEN,SANTA BARBARA CENTRAL II,Calle 127,2210.03,0,PARQUE METROPOLITANO EL COUNTRY,511.71,0,0.13,,0.67,1.0,0.0,,0.02,691.02,0.0
RV-M4578762,APARTAMENTO,VENTA,20.49,134.9,3.0,3.0,3921395.93,2.0,COLINA Y ALREDEDORES,5,ENTRE 10 Y 20 ANOS,4.73,-74.06,USADO,,0,0,0,0,0,0,0,0,0,0,False,SUBA,COLPATRIA SANTA HELENA II SECTOR,Gratamira,1345.15,0,PARQUE VECINAL URBANIZACIÓN LA LAGUNA,1077.62,0,0.15,,0.67,1.0,0.0,,0.02,308.57,1.0
RV-M4596566,APARTAMENTO,VENTA,19.38,71.0,2.0,1.0,3921395.93,0.0,CENTRO Y ZONA COLONIAL,3,MAS DE 20 ANOS,4.61,-74.07,USADO,,0,0,0,0,0,0,0,0,0,0,False,SANTA FE,LAS NIEVES,San Diego,326.84,1,PARQUE METROPOLITANO INDEPENDENCIA BICENTENARIO,558.05,0,0.27,,0.0,2.0,0.0,,0.03,458.62,3.0
2671-M4081253,APARTAMENTO,VENTA,20.7,134.0,3.0,3.0,815000.0,2.0,SANTA BARBARA,6,ENTRE 10 Y 20 ANOS,4.69,-74.05,USADO,,0,0,0,0,0,0,0,0,0,0,False,USAQUEN,RINCON DEL CHICO,Calle 106,1215.35,0,PARQUE VECINAL URBANIZACIÓN NORMANDIA I II II Y IV SECTOR,1673.85,0,0.15,,0.67,1.0,0.0,,0.02,390.9,1.0
2671-11166,APARTAMENTO,VENTA,21.37,159.0,3.0,4.0,1200000.0,3.0,CHICO,6,ENTRE 5 Y 10 ANOS,4.68,-74.05,USADO,,0,0,0,0,0,0,0,0,0,0,False,CHAPINERO,S.C. CHICO NORTE III SECTOR,Calle 100 - Marketmedios,409.64,1,PARQUE VECINAL URBANIZACIÓN NORMANDIA I II II Y IV SECTOR,903.25,0,0.13,,1.0,0.75,0.0,,0.02,356.79,2.0
919-M4512226,APARTAMENTO,VENTA,20.07,95.0,3.0,2.0,320000.0,1.0,SANTA BARBARA,5,MAS DE 20 ANOS,4.69,-74.04,USADO,,0,0,0,0,0,0,0,0,0,0,False,USAQUEN,SANTA ANA OCCIDENTAL,Calle 106,2407.37,0,PARQUE METROPOLITANO EL COUNTRY,2100.93,0,0.21,,0.33,1.5,0.0,,0.03,546.53,0.0
183-M4517461,APARTAMENTO,VENTA,20.18,131.0,4.0,4.0,472000.0,1.0,NIZA ALHAMBRA,5,MAS DE 20 ANOS,4.71,-74.06,USADO,,0,1,0,0,0,0,0,0,0,0,False,SUBA,EL BATAN,Calle 127,632.87,0,PARQUE ZONAL ATABANZA,451.05,1,0.15,,0.25,1.0,0.0,,0.03,790.63,0.0
2996-M3504989,APARTAMENTO,VENTA,20.09,86.0,3.0,3.0,450000.0,2.0,NIZA ALHAMBRA,5,ENTRE 5 Y 10 ANOS,4.69,-74.06,USADO,,0,0,0,0,1,0,0,0,0,0,False,SUBA,S.C. PASADENA,Calle 106,592.03,0,PARQUE ZONAL CANAL CORDOBA,921.14,0,0.23,,0.67,1.0,0.0,,0.03,763.95,0.0
990-M4602600,APARTAMENTO,VENTA,21.56,319.0,4.0,5.0,1800000.0,4.0,SANTA BARBARA,6,ENTRE 10 Y 20 ANOS,4.69,-74.05,USADO,,1,1,0,0,1,0,0,0,0,0,False,USAQUEN,SANTA BIBIANA,Calle 106,813.7,0,PARQUE VECINAL URBANIZACIÓN NORMANDIA I II II Y IV SECTOR,1851.64,0,0.07,,1.0,0.8,0.0,,0.01,351.71,1.0
5545-M4703675,APARTAMENTO,VENTA,20.25,93.0,3.0,2.0,450000.0,1.0,NIZA ALHAMBRA,5,ENTRE 10 Y 20 ANOS,4.7,-74.07,USADO,,0,0,0,1,1,1,0,0,0,1,False,SUBA,LAGOS DE CORDOBA,Humedal Córdoba,300.54,1,PARQUE ZONAL CANAL CORDOBA,573.05,0,0.22,,0.33,1.5,0.0,,0.03,786.62,0.0
5161-M4693003,APARTAMENTO,VENTA,20.25,136.0,3.0,4.0,490000.0,2.0,CEDRITOS,4,MAS DE 20 ANOS,4.73,-74.05,USADO,,0,0,0,0,1,1,0,0,0,1,False,USAQUEN,LOS CEDRITOS,Calle 142,236.46,1,PARQUE VECINAL PRADO PINZÓN,606.85,0,0.15,,0.67,0.75,0.0,,0.02,846.72,0.0
2355-M3913559,APARTAMENTO,VENTA,20.13,70.2,2.0,2.0,479073.0,1.0,CHAPINERO ALTO,5,ENTRE 5 Y 10 ANOS,4.64,-74.06,USADO,,0,0,0,1,1,1,0,0,0,1,False,CHAPINERO,S.C. BOSQUE CALDERON,Calle 57,736.32,0,PARQUE ZONAL GUSTAVO URIBE BOTERO,1446.05,0,0.29,,0.5,1.0,0.0,,0.03,1072.51,0.0
12617-M4206344,APARTAMENTO,VENTA,20.64,145.0,3.0,3.0,1100000.0,2.0,COUNTRY,5,ENTRE 10 Y 20 ANOS,4.7,-74.03,USADO,,0,1,0,1,0,1,0,0,0,1,False,USAQUEN,BELLA SUIZA,Calle 127,2741.89,0,PARQUE METROPOLITANO EL COUNTRY,998.94,0,0.14,,0.67,1.0,0.0,,0.02,731.02,0.0
14836-M4166621,APARTAMENTO,VENTA,19.73,68.0,3.0,2.0,290000.0,1.0,COLINA Y ALREDEDORES,4,ENTRE 10 Y 20 ANOS,4.75,-74.07,USADO,,0,0,0,1,1,1,0,0,0,1,False,SUBA,URB. PIEDEMONTE,Toberin - Foundever,2350.18,0,PARQUE ZONAL SAN JOSÉ DE BAVARIA,471.43,1,0.29,,0.33,1.5,0.0,,0.04,2238.7,0.0
3204-M2514936,APARTAMENTO,VENTA,21.6,203.0,3.0,4.0,1100000.0,3.0,CHICO,6,ENTRE 5 Y 10 ANOS,4.67,-74.05,USADO,,0,0,0,1,0,1,0,0,0,1,False,CHAPINERO,S.C. EL CHICO,Virrey,1315.64,0,PARQUE VECINAL URBANIZACIÓN LA CABRERA,376.14,1,0.11,,1.0,0.75,0.0,,0.01,285.82,2.0
754-M3999645,APARTAMENTO,VENTA,20.2,102.0,3.0,3.0,430000.0,2.0,CORTIJO AUTOPISTA MEDELLIN,6,ENTRE 5 Y 10 ANOS,4.71,-74.09,USADO,,0,0,0,0,1,1,0,0,0,1,False,SUBA,OASIS DE SAN JORGE,Suba - AV. Boyacá,1650.4,0,PARQUE METROPOLITANO CEFE COMETAS,487.85,1,0.2,,0.67,1.0,0.0,,0.03,1738.97,0.0
368-M4550611,APARTAMENTO,VENTA,20.7,110.0,2.0,3.0,760000.0,1.0,CHICO,5,ENTRE 5 Y 10 ANOS,4.67,-74.06,USADO,,0,0,0,0,1,0,0,0,0,1,False,CHAPINERO,S.C. ANTIGUO COUNTRY,Calle 85,282.91,1,PARQUE METROPOLITANO RECONCILIACIÓN,224.1,1,0.19,,0.5,0.67,0.0,,0.02,283.15,3.0
RV-M4702170,APARTAMENTO,VENTA,20.07,79.98,2.0,2.0,3921395.93,1.0,CHAPINERO ALTO,4,MAS DE 20 ANOS,4.65,-74.06,USADO,,0,0,0,0,0,0,0,0,0,0,False,CHAPINERO,S.C. GRANADA,Calle 63,873.83,0,PARQUE ZONAL GUSTAVO URIBE BOTERO,563.41,0,0.25,,0.5,1.0,0.0,,0.03,374.23,1.0
754-M3349731,APARTAMENTO,VENTA,21.22,310.0,4.0,5.0,825000.0,4.0,CERROS DE SUBA,6,MAS DE 20 ANOS,4.71,-74.08,USADO,,0,1,0,0,1,1,0,0,0,1,False,SUBA,S.C. NIZA SUBA,Niza - Calle 127,842.58,0,PARQUE VECINAL AGRUPACIÓN DE VIVIENDA EN BALCON DE LINDARAJA,250.89,1,0.07,,1.0,0.8,0.0,,0.01,878.76,0.0
RV-M4679346,APARTAMENTO,VENTA,19.52,52.65,1.0,2.0,3921395.93,0.0,CENTRO Y ZONA COLONIAL,3,ENTRE 0 Y 5 ANOS,4.61,-74.08,USADO,,0,0,0,0,0,0,0,0,0,0,False,LOS MARTIRES,SAN VICTORINO,De La Sabana,285.91,1,PARQUE METROPOLITANO TERCER MILENIO,1016.78,0,0.37,,0.0,0.5,0.0,,0.02,1266.61,0.0
RV-M4437952,APARTAMENTO,VENTA,19.67,74.72,3.0,3.0,3921395.93,1.0,ORQUIDEAS,4,ENTRE 10 Y 20 ANOS,4.74,-74.03,USADO,,0,0,0,0,0,0,0,0,0,0,False,USAQUEN,VILLAS DE ARANJUEZ,Toberin - Foundever,1586.75,0,PARQUE VECINAL URBANIZACIÓN TOBERIN,754.95,0,0.26,,0.33,1.0,0.0,,0.04,488.89,1.0
13757-M4672857,APARTAMENTO,VENTA,19.36,57.0,3.0,2.0,180000.0,1.0,170 Y ALREDORES,3,ENTRE 10 Y 20 ANOS,4.77,-74.05,USADO,,0,0,0,1,0,1,0,0,0,0,False,SUBA,URB. SAN PEDRO,Terminal,717.5,0,PARQUE VECINAL URBANIZACIÓN VILANOVA,493.4,1,0.34,,0.33,1.5,0.0,,0.05,775.24,0.0
RV-M4680290,APARTAMENTO,VENTA,20.21,113.2,3.0,3.0,3921395.93,2.0,CEDRITOS,5,ENTRE 10 Y 20 ANOS,4.73,-74.03,USADO,,0,0,0,0,0,0,0,0,0,0,False,USAQUEN,EL MORAL,Mazurén,2057.78,0,PARQUE ZONAL ALTA BLANCA,442.92,1,0.18,,0.67,1.0,0.0,,0.03,201.09,1.0
12037-M4292437,APARTAMENTO,VENTA,21.06,126.0,4.0,4.0,550000.0,2.0,SALITRE MODELIA,4,ENTRE 10 Y 20 ANOS,4.65,-74.11,USADO,,1,1,0,1,1,1,1,0,0,1,False,FONTIBON,CIUDAD SALITRE 3 A. ETAPA,El Tiempo - Maloka,1009.85,0,PARQUE ZONAL SAUZALITO,492.21,1,0.17,,0.5,1.0,0.0,,0.03,411.75,2.0
RV-M4437834,APARTAMENTO,VENTA,19.01,45.0,2.0,1.0,3921395.93,0.0,CENTRO Y ZONA COLONIAL,3,ENTRE 0 Y 5 ANOS,4.57,-74.08,USADO,,0,0,0,0,0,0,0,0,0,0,False,SAN CRISTOBAL,S.C. SAN CRISTOBAL SUR,Ciudad Jardín - UAN,1560.96,0,PARQUE METROPOLITANO CEFE SAN CRISTOBAL,637.31,0,0.42,,0.0,2.0,0.0,,0.04,2512.22,0.0
59-M4701507,APARTAMENTO,VENTA,20.51,99.0,2.0,3.0,690000.0,2.0,SANTA BARBARA,6,ENTRE 10 Y 20 ANOS,4.69,-74.05,USADO,,0,0,0,0,0,0,0,0,0,0,False,USAQUEN,SANTA BIBIANA,Calle 100 - Marketmedios,1021.77,0,PARQUE VECINAL URBANIZACIÓN NORMANDIA I II II Y IV SECTOR,1512.37,0,0.21,,1.0,0.67,0.0,,0.02,369.45,2.0
11293-M4341223,APARTAMENTO,VENTA,20.07,90.0,3.0,2.0,690000.0,2.0,COLINA Y ALREDEDORES,4,ENTRE 5 Y 10 ANOS,4.72,-74.07,USADO,,0,0,0,0,1,1,0,0,0,1,False,SUBA,LAS VILLAS SECTOR II,Niza - Calle 127,602.24,0,PARQUE ZONAL LOS LACHES LA MINA,693.9,0,0.22,,0.67,1.5,0.0,,0.03,590.03,0.0
93-M4022557,APARTAMENTO,VENTA,19.61,38.5,1.0,1.0,270800.0,0.0,CHAPINERO ALTO,4,ENTRE 0 Y 5 ANOS,4.64,-74.06,USADO,,0,0,0,0,0,0,0,0,0,0,False,CHAPINERO,S.C. CHAPINERO CENTRAL,Calle 57,479.38,1,PARQUE ZONAL GUSTAVO URIBE BOTERO,1254.18,0,0.51,,0.0,1.0,0.0,,0.03,910.92,0.0
2748-M4416737,APARTAMENTO,VENTA,20.62,152.0,3.0,3.0,630000.0,2.0,COLINA Y ALREDEDORES,5,REMODELADO,4.72,-74.07,USADO,,0,1,0,1,1,1,1,0,0,1,False,SUBA,NIZA NORTE - URB. TUMANACO,Suba - AV. Boyacá,370.52,1,PARQUE VECINAL AGRUPACIÓN DE VIVIENDA EN BALCON DE LINDARAJA,699.61,0,0.14,,0.67,1.0,0.0,,0.02,745.41,0.0
9947-M4601532,APARTAMENTO,VENTA,20.26,110.0,3.0,3.0,3921395.93,2.0,CEDRITOS,5,ENTRE 10 Y 20 ANOS,4.73,-74.03,USADO,,0,0,0,0,0,0,0,0,0,0,False,USAQUEN,EL MORAL,Mazurén,2104.22,0,PARQUE ZONAL ALTA BLANCA,372.69,1,0.18,,0.67,1.0,0.0,,0.03,273.78,1.0
411-M3783377,APARTAMENTO,VENTA,20.09,138.0,3.0,4.0,170000.0,2.0,COUNTRY,5,MAS DE 20 ANOS,4.72,-74.05,USADO,,0,0,0,0,0,0,0,0,0,0,False,USAQUEN,LOS CEDRITOS,Calle 142,352.62,1,PARQUE VECINAL PRADO PINZÓN,599.22,0,0.15,,0.67,0.75,0.0,,0.02,465.2,1.0
2162-M4540983,APARTAMENTO,VENTA,21.4,239.0,3.0,5.0,1186000.0,2.0,CHICO,6,REMODELADO,4.66,-74.05,USADO,,0,1,0,0,1,0,0,0,0,1,False,CHAPINERO,S.C. EL NOGAL,Calle 76 - San Felipe,817.16,0,PARQUE ZONAL SAN ANDRÉS,528.19,0,0.09,,0.67,0.6,0.0,,0.01,452.56,3.0
9947-M4298383,APARTAMENTO,VENTA,21.0,203.0,4.0,4.0,3921395.93,3.0,ALTOS DE SUBA Y CERROS DE SAN JORGE,6,ENTRE 10 Y 20 ANOS,4.75,-74.07,USADO,,0,0,0,0,0,0,0,0,0,0,False,SUBA,CASABLANCA SECTOR EL PINAR,21 Ángeles,1449.24,0,PARQUE ZONAL EL TOMILLAR,590.65,0,0.1,,0.75,1.0,0.0,,0.02,1562.32,0.0
5483-M4556552,APARTAMENTO,VENTA,21.25,257.0,3.0,4.0,1549000.0,3.0,SANTA BARBARA,6,ENTRE 10 Y 20 ANOS,4.69,-74.04,USADO,,0,1,0,0,1,0,0,0,0,1,False,USAQUEN,SANTA BARBARA CENTRAL I Y II,Pepe Sierra,1608.24,0,PARQUE METROPOLITANO EL COUNTRY,1292.05,0,0.08,,1.0,0.75,0.0,,0.01,570.06,0.0
3340-M4466566,APARTAMENTO,VENTA,19.79,38.0,1.0,2.0,387000.0,1.0,COUNTRY,5,ENTRE 0 Y 5 ANOS,4.7,-74.03,USADO,,0,0,0,1,1,0,0,0,0,1,False,USAQUEN,BELLA SUIZA,Calle 127,2483.48,0,PARQUE METROPOLITANO EL COUNTRY,743.21,0,0.52,,1.0,0.5,0.0,,0.03,746.75,0.0
11104-M4742896,APARTAMENTO,VENTA,19.41,67.0,3.0,2.0,215000.0,1.0,ORQUIDEAS,4,ENTRE 10 Y 20 ANOS,4.77,-74.03,USADO,,0,0,0,0,1,1,0,0,0,1,False,USAQUEN,ANDALUCIA,Terminal,1227.01,0,PARQUE VECINAL DESARROLLO VERBENAL I,936.67,0,0.29,,0.33,1.5,0.0,,0.04,1061.74,0.0
3390-M3371837,APARTAMENTO,VENTA,21.09,144.0,2.0,3.0,1300000.0,2.0,CHICO,6,ENTRE 5 Y 10 ANOS,4.66,-74.05,USADO,,0,0,0,1,1,1,0,0,0,1,False,CHAPINERO,LOS ROSALES,Calle 72,1389.7,0,PARQUE ZONAL GUSTAVO URIBE BOTERO,748.35,0,0.15,,1.0,0.67,0.0,,0.01,642.09,0.0
3774-M4307758,APARTAMENTO,VENTA,20.67,150.0,3.0,3.0,936000.0,2.0,CHICO,6,REMODELADO,4.68,-74.04,USADO,,0,1,0,0,1,1,0,0,0,1,False,CHAPINERO,CHICO NORTE - URB. CONJUNTO DE LA CIEN,Calle 100 - Marketmedios,1760.72,0,PARQUE VECINAL URBANIZACIÓN LA CABRERA,1441.51,0,0.14,,0.67,1.0,0.0,,0.02,186.88,2.0
3390-M4084911,APARTAMENTO,VENTA,20.2,71.95,2.0,2.0,836400.0,1.0,CHICO,5,MAS DE 20 ANOS,4.67,-74.06,USADO,,0,0,0,0,0,1,0,0,0,1,False,CHAPINERO,S.C. ANTIGUO COUNTRY,Calle 85,174.35,1,PARQUE METROPOLITANO RECONCILIACIÓN,98.24,1,0.28,,0.5,1.0,0.0,,0.03,421.88,3.0
3390-M4060450,APARTAMENTO,VENTA,20.54,98.0,2.0,3.0,450000.0,2.0,SANTA BARBARA,6,MAS DE 20 ANOS,4.7,-74.05,USADO,,0,0,0,1,0,1,0,0,0,1,False,USAQUEN,SANTA BARBARA OCCIDENTAL,Calle 127,349.86,1,PARQUE ZONAL ATABANZA,1006.28,0,0.21,,1.0,0.67,0.0,,0.02,279.92,5.0
754-M4556175,APARTAMENTO,VENTA,20.37,60.0,1.0,2.0,540000.0,2.0,SANTA BARBARA,6,ENTRE 0 Y 5 ANOS,4.69,-74.04,USADO,,0,0,0,0,1,1,0,0,0,1,False,USAQUEN,SANTA BARBARA CENTRAL I Y II,Calle 106,1401.11,0,PARQUE METROPOLITANO EL COUNTRY,1647.36,0,0.34,,2.0,0.5,0.0,,0.02,558.38,0.0
754-M3104954,APARTAMENTO,VENTA,21.68,261.16,3.0,5.0,3200000.0,3.0,CHICO,6,ENTRE 10 Y 20 ANOS,4.66,-74.04,USADO,,0,1,0,1,1,1,0,0,0,1,False,CHAPINERO,LOS ROSALES,Héroes - Gel´Hada,1789.57,0,PARQUE ZONAL SAN ANDRÉS,811.05,0,0.08,,1.0,0.6,0.0,,0.01,933.82,0.0
RV-M4683708,APARTAMENTO,VENTA,19.86,84.18,3.0,2.0,3921395.93,1.0,ORQUIDEAS,4,ENTRE 10 Y 20 ANOS,4.76,-74.04,USADO,,0,0,0,0,0,0,0,0,0,0,False,USAQUEN,SAN ANTONIO NOROCCIDENTAL,Portal Norte,903.47,0,PARQUE VECINAL URBANIZACIÓN CALLE 170 / ALAMEDA,93.21,1,0.24,,0.33,1.5,0.0,,0.04,911.58,0.0
5395-M4549404,APARTAMENTO,VENTA,20.78,138.0,4.0,4.0,995000.0,2.0,SANTA BARBARA,6,ENTRE 5 Y 10 ANOS,4.7,-74.03,USADO,,0,1,0,1,1,1,1,0,0,1,False,USAQUEN,USAQUEN,Pepe Sierra,2929.64,0,PARQUE METROPOLITANO EL COUNTRY,1384.42,0,0.15,,0.5,1.0,0.0,,0.03,303.59,2.0
RV-M4563029,APARTAMENTO,VENTA,19.01,44.9,3.0,2.0,3921395.93,0.0,,2,MAS DE 20 ANOS,4.58,-74.16,USADO,,0,0,0,0,0,0,0,0,0,0,False,CIUDAD BOLIVAR,EL ENSUENO,Perdomo,1808.56,0,PARQUE ZONAL EL TALLER EL ENSUEÑO,657.26,0,0.42,,0.0,1.5,0.0,,0.07,2210.76,0.0
RV-M4506121,APARTAMENTO,VENTA,19.25,51.3,3.0,1.0,3921395.93,1.0,ORQUIDEAS,3,MAS DE 20 ANOS,4.75,-74.04,USADO,,0,0,0,0,0,0,0,0,0,0,False,USAQUEN,TOBERIN,Toberin - Foundever,1027.38,0,PARQUE VECINAL URBANIZACIÓN TOBERIN,329.23,1,0.38,,0.33,3.0,0.0,,0.06,285.7,1.0
2821-M4170630,APARTAMENTO,VENTA,20.67,178.0,4.0,4.0,900000.0,2.0,SANTA BARBARA,6,MAS DE 20 ANOS,4.7,-74.05,USADO,,0,1,0,0,1,0,0,0,0,1,False,USAQUEN,SANTA BARBARA OCCIDENTAL,Pepe Sierra,288.16,1,PARQUE ZONAL ATABANZA,1226.96,0,0.12,,0.5,1.0,0.0,,0.02,493.47,1.0
754-M3823886,APARTAMENTO,VENTA,21.42,167.0,3.0,3.0,1000000.0,2.0,CHICO,5,ENTRE 0 Y 5 ANOS,4.67,-74.06,USADO,,0,0,0,1,1,1,0,0,0,1,False,CHAPINERO,S.C. ANTIGUO COUNTRY,Calle 85,287.43,1,PARQUE METROPOLITANO RECONCILIACIÓN,215.27,1,0.13,,0.67,1.0,0.0,,0.02,311.01,3.0
708-M3160506,APARTAMENTO,VENTA,20.95,138.0,3.0,3.0,870000.0,3.0,CHICO,6,ENTRE 10 Y 20 ANOS,4.67,-74.05,USADO,,0,0,0,1,1,1,0,0,0,0,False,CHAPINERO,EL REFUGIO,Héroes - Gel´Hada,1690.28,0,PARQUE VECINAL URBANIZACIÓN LA CABRERA,707.8,0,0.15,,1.0,1.0,0.0,,0.02,699.32,0.0
14896-M4671807,APARTAMENTO,VENTA,19.58,37.0,1.0,2.0,400000.0,1.0,SANTA BARBARA,6,ENTRE 5 Y 10 ANOS,4.7,-74.04,USADO,,0,0,0,0,1,1,0,0,0,1,False,USAQUEN,SANTA BARBARA OCCIDENTAL,Pepe Sierra,1269.75,0,PARQUE METROPOLITANO EL COUNTRY,911.46,0,0.53,,1.0,0.5,0.0,,0.03,432.08,1.0
RV-M4509015,APARTAMENTO,VENTA,20.34,97.95,3.0,2.0,3921395.93,2.0,ORQUIDEAS,4,ENTRE 0 Y 5 ANOS,4.7,-74.04,USADO,,0,0,0,0,0,0,0,0,0,0,False,USAQUEN,SANTA BARBARA OCCIDENTAL,Calle 127,1135.84,0,PARQUE METROPOLITANO EL COUNTRY,610.46,0,0.21,,0.67,1.5,0.0,,0.03,265.35,1.0
93-M3776541,APARTAMENTO,VENTA,21.19,213.0,3.0,4.0,1400000.0,2.0,CHICO,6,MAS DE 20 ANOS,4.66,-74.05,USADO,,0,0,0,0,0,0,0,0,0,0,False,CHAPINERO,BOSQUE EL RETIRO I SECTOR,Calle 76 - San Felipe,1584.56,0,PARQUE ZONAL SAN ANDRÉS,653.69,0,0.1,,0.67,0.75,0.0,,0.01,814.55,0.0
93-M4380346,APARTAMENTO,VENTA,20.9,170.0,4.0,4.0,3921395.93,3.0,CHICO,6,ENTRE 10 Y 20 ANOS,4.68,-74.05,USADO,,0,0,0,0,0,0,0,0,0,0,False,CHAPINERO,S.C. CHICO NORTE III SECTOR,Calle 100 - Marketmedios,422.9,1,PARQUE VECINAL URBANIZACIÓN NORMANDIA I II II Y IV SECTOR,812.59,0,0.12,,0.75,1.0,0.0,,0.02,246.26,2.0
771-M4658581,APARTAMENTO,VENTA,21.75,360.0,4.0,4.0,2000000.0,2.0,CHICO,6,ENTRE 10 Y 20 ANOS,4.66,-74.05,USADO,,0,0,0,0,0,0,0,0,0,0,False,CHAPINERO,S.C. EL NOGAL,Calle 76 - San Felipe,872.33,0,PARQUE ZONAL SAN ANDRÉS,611.46,0,0.06,,0.5,1.0,0.0,,0.01,366.2,3.0
RV-M4437938,APARTAMENTO,VENTA,19.67,74.72,3.0,3.0,3921395.93,1.0,ORQUIDEAS,4,ENTRE 10 Y 20 ANOS,4.74,-74.03,USADO,,0,0,0,0,0,0,0,0,0,0,False,USAQUEN,VILLAS DE ARANJUEZ,Toberin - Foundever,1586.75,0,PARQUE VECINAL URBANIZACIÓN TOBERIN,754.95,0,0.26,,0.33,1.0,0.0,,0.04,488.89,1.0
RV-M4507144,APARTAMENTO,VENTA,20.09,114.5,3.0,2.0,3921395.93,2.0,ORQUIDEAS,4,ENTRE 10 Y 20 ANOS,4.75,-74.04,USADO,,0,0,0,0,0,0,0,0,0,0,False,USAQUEN,LA URIBE,Portal Norte,1042.75,0,PARQUE VECINAL URBANIZACIÓN CALLE 170 / ALAMEDA,371.35,1,0.18,,0.67,1.5,0.0,,0.03,456.17,1.0
2195-M3607953,APARTAMENTO,VENTA,21.19,221.0,3.0,5.0,1550000.0,3.0,CHICO,6,MAS DE 20 ANOS,4.66,-74.05,USADO,,0,0,0,0,0,0,0,0,0,0,False,CHAPINERO,LOS ROSALES,Calle 76 - San Felipe,1297.9,0,PARQUE ZONAL SAN ANDRÉS,497.64,1,0.1,,1.0,0.6,0.0,,0.01,688.11,0.0
2821-M4201623,APARTAMENTO,VENTA,20.8,140.0,3.0,3.0,928000.0,2.0,SANTA BARBARA,6,ENTRE 10 Y 20 ANOS,4.69,-74.05,USADO,,0,1,0,0,1,0,0,0,0,1,False,USAQUEN,SANTA BIBIANA,Calle 106,434.82,1,PARQUE ZONAL CANAL CORDOBA,1762.51,0,0.15,,0.67,1.0,0.0,,0.02,456.12,1.0
771-M4371667,APARTAMENTO,VENTA,20.67,98.0,2.0,2.0,900000.0,2.0,CHICO,6,ENTRE 5 Y 10 ANOS,4.66,-74.05,USADO,,0,0,0,0,0,0,0,0,0,0,False,CHAPINERO,LOS ROSALES,Calle 72,1454.89,0,PARQUE ZONAL GUSTAVO URIBE BOTERO,794.15,0,0.21,,1.0,1.0,0.0,,0.02,709.48,0.0
12937-M4511112,APARTAMENTO,VENTA,19.4,64.0,3.0,1.0,3921395.93,1.0,ORQUIDEAS,3,MAS DE 20 ANOS,4.75,-74.03,USADO,,0,0,0,0,0,0,0,0,0,1,False,USAQUEN,SANTA TERESA,Toberin - Foundever,1853.18,0,PARQUE ZONAL SERVITA,726.51,0,0.3,,0.33,3.0,0.0,,0.05,706.09,0.0
771-M4371140,APARTAMENTO,VENTA,21.56,387.0,4.0,5.0,1460000.0,4.0,COUNTRY,6,ENTRE 10 Y 20 ANOS,4.71,-74.03,USADO,,0,0,0,0,0,0,0,0,0,0,False,USAQUEN,GINEBRA NORTE,Prado,2660.45,0,PARQUE METROPOLITANO EL COUNTRY,1225.41,0,0.06,,1.0,0.8,0.0,,0.01,357.19,1.0
10309-M4739335,APARTAMENTO,VENTA,19.3,65.0,3.0,2.0,140000.0,0.0,ORQUIDEAS,3,ENTRE 10 Y 20 ANOS,4.76,-74.03,USADO,,0,0,0,0,1,1,0,0,0,1,False,USAQUEN,VILLAS DE ANDALUCIA,Portal Norte,1298.67,0,PARQUE VECINAL URBANIZACIÓN CALLE 170 / ALAMEDA,431.71,1,0.3,,0.0,1.5,0.0,,0.05,993.6,0.0
3147-M4657328,APARTAMENTO,VENTA,21.68,350.0,5.0,5.0,1800000.0,4.0,SANTA BARBARA,6,ENTRE 10 Y 20 ANOS,4.69,-74.06,USADO,,0,0,0,0,1,0,0,0,0,0,False,USAQUEN,SANTA BIBIANA,Calle 106,475.88,1,PARQUE VECINAL URBANIZACIÓN NORMANDIA I II II Y IV SECTOR,1315.05,0,0.06,,0.8,1.0,0.0,,0.01,795.91,0.0
450-M3312257,APARTAMENTO,VENTA,20.8,150.0,2.0,3.0,1500000.0,2.0,CHICO,6,MAS DE 20 ANOS,4.67,-74.04,USADO,,0,1,0,0,1,0,0,0,0,1,False,CHAPINERO,CHICO ORIENTAL,Virrey,1780.85,0,PARQUE VECINAL URBANIZACIÓN LA CABRERA,779.85,0,0.14,,1.0,0.67,0.0,,0.01,705.37,0.0
2238-M3312500,APARTAMENTO,VENTA,20.67,178.0,3.0,4.0,790000.0,2.0,SANTA BARBARA,6,REMODELADO,4.7,-74.04,USADO,,0,1,0,0,1,0,0,0,0,1,False,USAQUEN,SANTA BARBARA CENTRAL I Y II,Pepe Sierra,1588.81,0,PARQUE METROPOLITANO EL COUNTRY,1050.63,0,0.12,,0.67,0.75,0.0,,0.02,698.41,0.0
16550-M4692685,APARTAMENTO,VENTA,19.01,43.0,3.0,2.0,150000.0,1.0,FONTIBON TINTAL,3,ENTRE 0 Y 5 ANOS,4.7,-74.17,USADO,,0,0,0,1,1,1,1,0,0,1,False,FONTIBON,PUENTE GRANDE FLORENCIA,Portal El Dorado,5311.24,0,PARQUE ZONAL LA CONCORDIA,2325.19,0,0.44,,0.33,1.5,0.0,,0.07,2435.16,0.0
4137-M4693526,APARTAMENTO,VENTA,19.76,63.0,3.0,2.0,150000.0,1.0,SALITRE MODELIA,3,ENTRE 5 Y 10 ANOS,4.66,-74.12,USADO,,0,0,0,0,1,1,0,0,0,1,False,FONTIBON,CARLOS LLERAS RESTREPO,AV. Rojas,1282.56,0,PARQUE VECINAL CARLOS LLERAS (EL FUEGO),463.73,1,0.31,,0.33,1.5,0.0,,0.05,961.05,0.0
10173-M4590670,APARTAMENTO,VENTA,21.42,284.0,3.0,5.0,1700000.0,3.0,COUNTRY,6,MAS DE 20 ANOS,4.71,-74.04,USADO,,0,1,0,1,1,1,0,0,0,1,False,USAQUEN,PLENITUD LA CALLEJA,Calle 127,1326.86,0,PARQUE METROPOLITANO EL COUNTRY,581.64,0,0.08,,1.0,0.6,0.0,,0.01,529.15,0.0
16550-M4692867,APARTAMENTO,VENTA,19.49,57.0,3.0,2.0,150000.0,1.0,TIMIZA LA ALQUERIA,3,ENTRE 10 Y 20 ANOS,4.62,-74.14,USADO,,0,0,0,0,0,1,0,0,0,1,False,KENNEDY,CARVAJAL,Mandalay,1625.64,0,PARQUE VECINAL CARVAJAL,492.39,1,0.34,,0.33,1.5,0.0,,0.05,424.12,1.0
12494-M4449997,APARTAMENTO,VENTA,21.64,224.0,4.0,5.0,1600000.0,3.0,CHICO,6,ENTRE 10 Y 20 ANOS,4.68,-74.04,USADO,,0,1,0,0,1,1,0,0,0,1,False,CHAPINERO,CHICO RESERVADO,Calle 100 - Marketmedios,1824.12,0,PARQUE VECINAL URBANIZACIÓN LA CABRERA,1253.34,0,0.1,,0.75,0.8,0.0,,0.02,372.95,2.0
5483-M4198740,APARTAMENTO,VENTA,20.07,101.0,2.0,2.0,535000.0,2.0,SANTA BARBARA,6,MAS DE 20 ANOS,4.7,-74.03,USADO,,0,1,0,0,1,0,0,0,0,1,False,USAQUEN,SANTA BARBARA CENTRAL IV SECTOR,Calle 127,2334.32,0,PARQUE METROPOLITANO EL COUNTRY,810.73,0,0.2,,1.0,1.0,0.0,,0.02,321.31,1.0
800-M4599078,APARTAMENTO,VENTA,20.14,106.0,1.0,2.0,380000.0,1.0,CEDRITOS,4,ENTRE 5 Y 10 ANOS,4.72,-74.03,USADO,,0,0,0,0,1,1,0,0,0,0,False,USAQUEN,SIERRAS DEL MORAL,Calle 142,2736.24,0,PARQUE VECINAL NUEVA URBANIZACIÓN EL CEDRITO,829.1,0,0.19,,1.0,0.5,0.0,,0.01,624.56,0.0
3340-M4466620,APARTAMENTO,VENTA,20.36,68.0,2.0,3.0,666000.0,2.0,COUNTRY,5,ENTRE 0 Y 5 ANOS,4.7,-74.03,USADO,,0,0,0,1,1,0,0,0,0,1,False,USAQUEN,BELLA SUIZA,Calle 127,2483.48,0,PARQUE METROPOLITANO EL COUNTRY,743.21,0,0.3,,1.0,0.67,0.0,,0.03,746.75,0.0
3664-M4413009,APARTAMENTO,VENTA,21.47,234.0,3.0,5.0,2300000.0,3.0,CHICO,6,ENTRE 10 Y 20 ANOS,4.67,-74.05,USADO,,1,1,0,1,1,0,0,0,0,1,False,CHAPINERO,S.C. EL RETIRO,Héroes - Gel´Hada,1292.88,0,PARQUE ZONAL SAN ANDRÉS,328.39,1,0.09,,1.0,0.6,0.0,,0.01,432.1,2.0
3774-M3787698,APARTAMENTO,VENTA,21.37,273.0,3.0,4.0,2000000.0,4.0,CERROS DE SUBA,6,ENTRE 5 Y 10 ANOS,4.72,-74.08,USADO,,1,1,0,1,1,1,1,0,0,1,False,SUBA,BELLOMONTE SUBA,Gratamira,504.64,0,PARQUE VECINAL AGRUPACIÓN DE VIVIENDA EN BALCON DE LINDARAJA,1138.33,0,0.08,,1.33,0.75,0.0,,0.01,1532.64,0.0
16216-M4510875,APARTAMENTO,VENTA,19.61,57.5,3.0,2.0,270000.0,1.0,FONTIBON TINTAL,4,ENTRE 10 Y 20 ANOS,4.66,-74.13,USADO,,0,0,0,0,1,1,0,0,0,1,False,FONTIBON,EL TINTAL A.S.D.,Normandía,2198.6,0,PARQUE ZONAL CANAL BOYACA,1432.53,0,0.34,,0.33,1.5,0.0,,0.05,463.55,2.0
883-M3994124,APARTAMENTO,VENTA,20.13,115.0,3.0,2.0,434000.0,1.0,NICOLAS DE FEDERMAN,5,MAS DE 20 ANOS,4.65,-74.08,USADO,,0,1,0,0,0,0,0,0,0,0,False,TEUSAQUILLO,NICOLAS DE FEDERMAN,Campín - UAN,409.28,1,PARQUE ZONAL NICOLAS DE FEDERMAN 3,335.55,1,0.18,,0.33,1.5,0.0,,0.03,556.4,0.0
5105-M4705087,APARTAMENTO,VENTA,19.8,76.0,3.0,2.0,270000.0,1.0,COLINA Y ALREDEDORES,4,ENTRE 10 Y 20 ANOS,4.74,-74.05,USADO,,0,0,0,1,1,1,0,0,0,1,False,SUBA,MAZUREN,Mazurén,711.33,0,PARQUE VECINAL URBANIZACIÓN VICTORIA NORTE,317.94,1,0.26,,0.33,1.5,0.0,,0.04,1464.65,0.0
5483-M4150013,APARTAMENTO,VENTA,20.6,138.0,3.0,3.0,657000.0,2.0,SANTA BARBARA,6,MAS DE 20 ANOS,4.7,-74.04,USADO,,0,0,0,0,1,1,0,0,0,1,False,USAQUEN,SANTA BARBARA NORTE,Calle 127,1748.59,0,PARQUE METROPOLITANO EL COUNTRY,352.5,1,0.15,,0.67,1.0,0.0,,0.02,385.8,1.0
2238-M4117348,APARTAMENTO,VENTA,20.47,130.0,3.0,3.0,453000.0,2.0,ALTOS DE SUBA Y CERROS DE SAN JORGE,5,ENTRE 5 Y 10 ANOS,4.76,-74.07,USADO,,0,1,0,1,1,1,0,0,0,1,False,SUBA,IRAGUA,Portal Norte,2364.54,0,PARQUE ZONAL SAN JOSÉ DE BAVARIA,718.08,0,0.16,,0.67,1.0,0.0,,0.02,2346.42,0.0
11203-M3615549,APARTAMENTO,VENTA,20.67,176.0,3.0,3.0,1450000.0,3.0,SANTA BARBARA,6,MAS DE 20 ANOS,4.69,-74.05,USADO,,0,1,0,1,1,0,0,0,0,1,False,USAQUEN,SANTA BIBIANA,Calle 106,422.07,1,PARQUE VECINAL URBANIZACIÓN NORMANDIA I II II Y IV SECTOR,1530.4,0,0.12,,1.0,1.0,0.0,,0.02,743.96,0.0
4698-M3008558,APARTAMENTO,VENTA,20.77,187.0,3.0,4.0,1200000.0,2.0,COUNTRY,6,MAS DE 20 ANOS,4.71,-74.04,USADO,,0,1,0,1,1,1,0,0,0,1,False,USAQUEN,COUNTRY CLUB,Prado,1307.39,0,PARQUE METROPOLITANO EL COUNTRY,664.44,0,0.11,,0.67,0.75,0.0,,0.02,695.14,0.0
2456-M2697732,APARTAMENTO,VENTA,20.7,157.0,3.0,5.0,500000.0,2.0,ALTOS DE SUBA Y CERROS DE SAN JORGE,5,ENTRE 0 Y 5 ANOS,4.76,-74.07,USADO,,1,1,0,1,1,1,1,0,0,1,False,SUBA,URB. DEL MONTE,Portal Norte,2604.18,0,PARQUE ZONAL SAN JOSÉ DE BAVARIA,713.53,0,0.13,,0.67,0.6,0.0,,0.02,2716.43,0.0
3390-M4056166,APARTAMENTO,VENTA,20.67,134.15,2.0,4.0,800000.0,2.0,CHICO,6,ENTRE 10 Y 20 ANOS,4.67,-74.04,USADO,,0,0,0,1,0,1,0,0,0,1,False,CHAPINERO,EL REFUGIO,Héroes - Gel´Hada,1719.58,0,PARQUE VECINAL URBANIZACIÓN LA CABRERA,722.6,0,0.15,,1.0,0.5,0.0,,0.01,709.88,0.0
5537-M4639790,APARTAMENTO,VENTA,19.97,69.0,2.0,2.0,780000.0,1.0,SANTA BARBARA,6,ENTRE 10 Y 20 ANOS,4.69,-74.04,USADO,,0,1,0,0,1,0,0,0,0,1,False,USAQUEN,SANTA BARBARA CENTRAL I Y II,Calle 106,1569.09,0,PARQUE METROPOLITANO EL COUNTRY,1315.37,0,0.29,,0.5,1.0,0.0,,0.03,597.36,0.0
2821-M4129861,APARTAMENTO,VENTA,20.56,133.88,3.0,3.0,720000.0,2.0,SANTA BARBARA,6,ENTRE 10 Y 20 ANOS,4.69,-74.04,USADO,,0,0,0,0,1,0,0,0,0,1,False,USAQUEN,SAN PATRICIO,Calle 106,1244.63,0,PARQUE METROPOLITANO EL COUNTRY,1476.27,0,0.15,,0.67,1.0,0.0,,0.02,316.52,1.0
873-M4106027,APARTAMENTO,VENTA,21.31,180.0,4.0,3.0,3921395.93,3.0,CHICO,6,ENTRE 10 Y 20 ANOS,4.67,-74.05,USADO,,0,1,0,0,1,0,0,0,0,1,False,CHAPINERO,S.C. EL CHICO,Virrey,540.79,0,PARQUE ZONAL CANAL EL VIRREY EL CHICO,116.9,1,0.12,,0.75,1.33,0.0,,0.02,90.17,3.0
651-M4285655,APARTAMENTO,VENTA,19.99,82.0,3.0,3.0,580000.0,2.0,COUNTRY,5,REMODELADO,4.72,-74.05,USADO,,0,1,0,0,1,1,0,0,0,0,False,USAQUEN,LA CALLEJA SANTACOLOMA,Prado,312.69,1,PARQUE ZONAL ATABANZA,1148.31,0,0.24,,0.67,1.0,0.0,,0.04,627.31,0.0
5588-M4594085,APARTAMENTO,VENTA,19.67,65.0,2.0,2.0,353000.0,1.0,COUNTRY,4,MAS DE 20 ANOS,4.72,-74.05,USADO,,0,1,0,0,1,0,0,0,0,1,False,USAQUEN,EL CONTADOR,Alcalá,726.59,0,PARQUE VECINAL PRADO PINZÓN,1300.25,0,0.3,,0.5,1.0,0.0,,0.03,335.67,1.0
873-M4505560,APARTAMENTO,VENTA,21.55,204.0,3.0,4.0,1700000.0,3.0,CHICO,6,ENTRE 5 Y 10 ANOS,4.67,-74.05,USADO,,0,1,0,1,0,0,0,0,0,1,False,CHAPINERO,S.C. CHICO NORTE,Virrey,1386.22,0,PARQUE VECINAL URBANIZACIÓN LA CABRERA,585.42,0,0.11,,1.0,0.75,0.0,,0.01,359.88,2.0
10173-M4695581,APARTAMENTO,VENTA,20.64,106.0,3.0,3.0,580000.0,2.0,SANTA BARBARA,5,ENTRE 0 Y 5 ANOS,4.7,-74.03,USADO,,0,0,0,1,1,1,0,0,0,1,False,USAQUEN,SANTA BARBARA ORIENTAL,Calle 127,2600.27,0,PARQUE METROPOLITANO EL COUNTRY,953.49,0,0.19,,0.67,1.0,0.0,,0.03,380.8,1.0
13674-M4137822,APARTAMENTO,VENTA,19.54,73.0,3.0,1.0,30000.0,1.0,CASTILLA MARSELLA,3,MAS DE 20 ANOS,4.63,-74.15,USADO,,0,0,0,0,0,0,0,0,0,1,False,KENNEDY,PIO XII,Banderas,293.85,1,PARQUE ZONAL CASTILLA,980.35,0,0.27,,0.33,3.0,0.0,,0.04,1970.98,0.0
RV-M4576477,APARTAMENTO,VENTA,19.99,68.0,3.0,2.0,3921395.93,1.0,SALITRE MODELIA,4,ENTRE 10 Y 20 ANOS,4.65,-74.11,USADO,,0,0,0,0,0,0,0,0,0,0,False,FONTIBON,CIUDAD SALITRE 3 A. ETAPA,El Tiempo - Maloka,977.89,0,PARQUE ZONAL SAUZALITO,384.7,1,0.29,,0.33,1.5,0.0,,0.04,379.53,2.0
RV-M4648075,APARTAMENTO,VENTA,19.7,120.0,3.0,3.0,3921395.93,1.0,RAFAEL URIBE URIBE TUNJUELITO,2,ENTRE 5 Y 10 ANOS,4.57,-74.1,USADO,,0,0,0,0,0,0,0,0,0,0,False,SAN CRISTOBAL,URB. SERAFINA,Country Sur,239.66,1,PARQUE ESCENARIO DEPORTIVO PLAZA DE TOROS,271.35,1,0.16,,0.33,1.0,0.0,,0.02,3423.0,0.0
5410-M4410507,APARTAMENTO,VENTA,21.19,255.0,3.0,4.0,1503000.0,2.0,SANTA BARBARA,6,MAS DE 20 ANOS,4.69,-74.04,USADO,,0,0,0,0,0,0,0,0,0,0,False,USAQUEN,MOLINOS NORTE,Calle 106,1823.33,0,PARQUE METROPOLITANO EL COUNTRY,1606.05,0,0.08,,0.67,0.75,0.0,,0.01,293.39,1.0
2162-M3334166,APARTAMENTO,VENTA,20.06,55.0,1.0,2.0,503000.0,1.0,SANTA BARBARA,6,ENTRE 0 Y 5 ANOS,4.7,-74.04,USADO,,0,0,0,0,1,1,0,0,0,1,False,USAQUEN,SANTA BARBARA OCCIDENTAL,Pepe Sierra,1261.55,0,PARQUE METROPOLITANO EL COUNTRY,929.44,0,0.36,,1.0,0.5,0.0,,0.02,422.49,1.0
2238-M4099482,APARTAMENTO,VENTA,19.09,37.0,1.0,2.0,170000.0,1.0,ENGATIVA,3,ENTRE 0 Y 5 ANOS,4.69,-74.09,USADO,,0,0,0,0,1,0,0,0,0,0,False,ENGATIVA,SANTA MARIA I Y II SECTOR,Minuto de Dios,638.96,0,PARQUE ZONAL BONANZA,435.8,1,0.52,,1.0,0.5,0.0,,0.03,858.86,0.0
RV-M4539007,APARTAMENTO,VENTA,20.05,81.05,3.0,2.0,3921395.93,1.0,ORQUIDEAS,4,ENTRE 0 Y 5 ANOS,4.7,-74.04,USADO,,0,0,0,0,0,0,0,0,0,0,False,USAQUEN,SANTA BARBARA OCCIDENTAL,Calle 127,1135.84,0,PARQUE METROPOLITANO EL COUNTRY,610.46,0,0.25,,0.33,1.5,0.0,,0.04,265.35,1.0
RV-M4508291,APARTAMENTO,VENTA,19.21,30.2,1.0,1.0,3921395.93,0.0,CHAPINERO ALTO,4,ENTRE 0 Y 5 ANOS,4.64,-74.05,USADO,,0,0,0,0,0,0,0,0,0,0,False,CHAPINERO,VISTA HERMOSA - MARIA CRISTINA,Calle 63,1299.58,0,PARQUE ZONAL GUSTAVO URIBE BOTERO,760.98,0,0.64,,0.0,1.0,0.0,,0.03,931.98,0.0
RV-M4592891,APARTAMENTO,VENTA,19.06,42.0,1.0,1.0,3921395.93,0.0,CENTRO Y ZONA COLONIAL,3,MAS DE 20 ANOS,4.6,-74.09,USADO,,0,0,0,0,0,0,0,0,0,0,False,LOS MARTIRES,EL PROGRESO,Guatoque - Veraguas,475.89,1,PARQUE ZONAL EDUARDO SANTOS,463.13,1,0.45,,0.0,1.0,0.0,,0.02,1834.09,0.0
2671-M3726735,APARTAMENTO,VENTA,21.31,281.26,4.0,5.0,1100000.0,3.0,COUNTRY,6,MAS DE 20 ANOS,4.71,-74.03,USADO,,0,0,0,0,0,0,0,0,0,0,False,USAQUEN,BOSQUES DE MEDINA,Prado,2878.34,0,PARQUE METROPOLITANO EL COUNTRY,1420.43,0,0.08,,0.75,0.8,0.0,,0.01,578.44,0.0
2359-M3587381,APARTAMENTO,VENTA,21.02,130.0,2.0,3.0,1100000.0,3.0,CHICO,6,ENTRE 0 Y 5 ANOS,4.66,-74.05,USADO,,0,1,0,1,1,1,0,0,0,1,False,CHAPINERO,LOS ROSALES,Calle 76 - San Felipe,1454.59,0,PARQUE ZONAL SAN ANDRÉS,522.27,0,0.16,,1.5,0.67,0.0,,0.02,689.82,0.0
12285-M4669485,APARTAMENTO,VENTA,21.18,182.0,3.0,4.0,1100000.0,2.0,SANTA BARBARA,6,ENTRE 5 Y 10 ANOS,4.7,-74.03,USADO,,0,0,0,0,1,1,0,0,0,1,False,USAQUEN,RESERVAS DE LA SIERRA - LA ARBOLEDA,Calle 127,2883.84,0,PARQUE METROPOLITANO EL COUNTRY,1173.96,0,0.12,,0.67,0.75,0.0,,0.02,659.31,0.0
2821-M4708084,APARTAMENTO,VENTA,19.67,86.0,4.0,3.0,392000.0,2.0,CEDRITOS,4,MAS DE 20 ANOS,4.72,-74.03,USADO,,0,1,0,0,0,1,0,0,0,1,False,USAQUEN,CEDRO NARVAEZ,Alcalá,2092.96,0,PARQUE VECINAL NUEVA URBANIZACIÓN EL CEDRITO,339.15,1,0.23,,0.5,1.33,0.0,,0.05,557.2,0.0
164-M4564225,APARTAMENTO,VENTA,19.76,70.56,3.0,2.0,3921395.93,1.0,LA SOLEDAD,4,MAS DE 20 ANOS,4.62,-74.07,USADO,,0,0,0,0,0,0,0,0,0,0,False,TEUSAQUILLO,ARMENIA,Calle 26,127.23,1,PARQUE METROPOLITANO EL RENACIMIENTO - PARQUE CEMENTERIO CENTRAL,463.47,1,0.28,,0.33,1.5,0.0,,0.04,392.4,2.0
495-M4699530,APARTAMENTO,VENTA,20.21,100.0,3.0,3.0,640000.0,1.0,COUNTRY,6,MAS DE 20 ANOS,4.71,-74.04,USADO,,0,0,0,0,0,0,0,0,0,0,False,USAQUEN,PLENITUD LA CALLEJA,Calle 127,1271.78,0,PARQUE METROPOLITANO EL COUNTRY,577.96,0,0.2,,0.33,1.0,0.0,,0.03,472.83,1.0
93-M4139252,APARTAMENTO,VENTA,21.7,286.78,3.0,5.0,1623200.0,3.0,CHICO,6,ENTRE 10 Y 20 ANOS,4.68,-74.06,USADO,,0,0,0,0,0,0,0,0,0,0,False,CHAPINERO,S.C. EL CHICO,Virrey,112.2,1,PARQUE VECINAL URBANIZACIÓN NORMANDIA I II II Y IV SECTOR,144.29,1,0.08,,1.0,0.6,0.0,,0.01,532.89,0.0
771-M4371685,APARTAMENTO,VENTA,21.19,149.0,1.0,2.0,3921395.93,4.0,CHICO,5,MAS DE 20 ANOS,4.66,-74.05,USADO,,0,0,0,0,0,0,0,0,0,0,False,CHAPINERO,S.C. EL RETIRO,Héroes - Gel´Hada,1516.03,0,PARQUE ZONAL SAN ANDRÉS,553.95,0,0.14,,4.0,0.5,0.0,,0.01,649.49,0.0
93-M3684753,APARTAMENTO,VENTA,21.22,147.0,2.0,3.0,1500000.0,2.0,CHICO,6,ENTRE 0 Y 5 ANOS,4.66,-74.05,USADO,,0,0,0,0,0,0,0,0,0,0,False,CHAPINERO,LOS ROSALES,Calle 72,1578.93,0,PARQUE ZONAL GUSTAVO URIBE BOTERO,758.3,0,0.14,,1.0,0.67,0.0,,0.01,827.83,0.0
504-M4591300,APARTAMENTO,VENTA,20.91,210.0,3.0,4.0,450000.0,2.0,NICOLAS DE FEDERMAN,6,ENTRE 10 Y 20 ANOS,4.64,-74.06,USADO,,0,0,0,0,0,0,0,0,0,0,False,CHAPINERO,S.C. BOSQUE CALDERON,Marly,659.25,0,PARQUE ZONAL GUSTAVO URIBE BOTERO,1618.5,0,0.1,,0.67,0.75,0.0,,0.01,898.94,0.0
771-M4371163,APARTAMENTO,VENTA,21.25,277.0,3.0,5.0,1450000.0,3.0,COUNTRY,6,MAS DE 20 ANOS,4.71,-74.03,USADO,,0,0,0,0,0,0,0,0,0,0,False,USAQUEN,BOSQUES DE MEDINA,Prado,3096.76,0,PARQUE METROPOLITANO EL COUNTRY,1622.3,0,0.08,,1.0,0.6,0.0,,0.01,755.19,0.0
771-M4371170,APARTAMENTO,VENTA,21.31,200.62,3.0,3.0,1570000.0,3.0,COUNTRY,6,ENTRE 10 Y 20 ANOS,4.71,-74.03,USADO,,0,0,0,0,0,0,0,0,0,0,False,USAQUEN,BOSQUES DE MEDINA,Prado,3096.76,0,PARQUE METROPOLITANO EL COUNTRY,1622.3,0,0.11,,1.0,1.0,0.0,,0.01,755.19,0.0
603-M4639433,APARTAMENTO,VENTA,19.97,112.0,3.0,3.0,315000.0,2.0,NIZA ALHAMBRA,4,MAS DE 20 ANOS,4.7,-74.06,USADO,,0,0,0,0,0,0,0,0,0,0,False,SUBA,MALIBU,Suba - Calle 116,835.98,0,PARQUE ZONAL CANAL CORDOBA,266.28,1,0.18,,0.67,1.0,0.0,,0.03,1184.59,0.0
771-M4535867,APARTAMENTO,VENTA,19.45,59.0,1.0,2.0,3921395.93,1.0,COLINA Y ALREDEDORES,4,ENTRE 0 Y 5 ANOS,4.72,-74.06,USADO,,0,0,0,0,0,0,0,0,0,0,False,SUBA,PRADO PINZON,Calle 142,538.5,0,PARQUE VECINAL PRADO PINZÓN,185.02,1,0.33,,1.0,0.5,0.0,,0.02,834.25,0.0
9947-M4307373,APARTAMENTO,VENTA,19.86,52.0,1.0,1.0,3921395.93,1.0,CHAPINERO ALTO,6,MAS DE 20 ANOS,4.65,-74.05,USADO,,0,0,0,0,0,0,0,0,0,0,False,CHAPINERO,S.C. LAS ACACIAS,Flores – Areandina,1445.98,0,PARQUE ZONAL GUSTAVO URIBE BOTERO,153.06,1,0.38,,1.0,1.0,0.0,,0.02,603.57,0.0
9947-M4646348,APARTAMENTO,VENTA,20.18,89.0,3.0,2.0,636000.0,2.0,CEDRITOS,5,ENTRE 5 Y 10 ANOS,4.72,-74.04,USADO,,0,0,0,0,0,0,0,0,0,0,False,USAQUEN,CEDRO NARVAEZ,Calle 142,1360.03,0,PARQUE VECINAL NUEVA URBANIZACIÓN EL CEDRITO,572.85,0,0.23,,0.67,1.5,0.0,,0.03,449.78,1.0
2765-M3428826,APARTAMENTO,VENTA,20.55,134.0,3.0,3.0,3921395.93,2.0,SANTA BARBARA,6,MAS DE 20 ANOS,4.7,-74.05,USADO,,0,0,0,0,1,0,0,0,0,0,True,USAQUEN,SANTA BARBARA OCCIDENTAL,Pepe Sierra,720.44,0,PARQUE METROPOLITANO EL COUNTRY,1275.07,0,0.15,,0.67,1.0,0.0,,0.02,246.62,2.0
684-M4190148,APARTAMENTO,VENTA,20.03,108.0,3.0,3.0,3921395.93,0.0,CHAPINERO ALTO,3,MAS DE 20 ANOS,4.65,-74.06,USADO,,0,0,0,0,1,0,0,0,0,0,False,CHAPINERO,S.C. CHAPINERO CENTRAL,Calle 63,277.9,1,PARQUE ZONAL GUSTAVO URIBE BOTERO,1300.0,0,0.19,,0.0,1.0,0.0,,0.03,746.37,0.0
9947-M4709972,APARTAMENTO,VENTA,20.13,81.0,3.0,2.0,238000.0,1.0,COLINA Y ALREDEDORES,5,ENTRE 5 Y 10 ANOS,4.76,-74.07,USADO,,0,0,0,0,0,0,0,0,0,0,False,SUBA,SAN JOSE V SECTOR,Portal Norte,2228.18,0,PARQUE ZONAL SAN JOSÉ DE BAVARIA,585.03,0,0.25,,0.33,1.5,0.0,,0.04,2242.53,0.0
9947-M4056820,APARTAMENTO,VENTA,19.83,80.0,3.0,2.0,3921395.93,1.0,COUNTRY,4,MAS DE 20 ANOS,4.71,-74.03,USADO,,0,0,0,0,0,0,0,0,0,0,False,USAQUEN,SAN,Prado,3186.22,0,PARQUE METROPOLITANO EL COUNTRY,1462.26,0,0.25,,0.33,1.5,0.0,,0.04,939.02,0.0
171-M4588513,APARTAMENTO,VENTA,20.82,177.0,3.0,4.0,633000.0,3.0,SANTA BARBARA,6,MAS DE 20 ANOS,4.7,-74.04,USADO,,0,1,0,0,1,0,0,0,0,1,False,USAQUEN,SANTA BARBARA CENTRAL IV SECTOR,Calle 127,2182.4,0,PARQUE METROPOLITANO EL COUNTRY,659.16,0,0.12,,1.0,0.75,0.0,,0.02,478.33,1.0
651-M4410032,APARTAMENTO,VENTA,20.23,101.0,3.0,3.0,622000.0,2.0,COUNTRY,5,REMODELADO,4.71,-74.05,USADO,,1,1,0,1,1,1,0,0,0,1,False,USAQUEN,LA CALLEJA,Prado,604.81,0,PARQUE ZONAL ATABANZA,1056.32,0,0.2,,0.67,1.0,0.0,,0.03,566.3,0.0
411-M4507747,APARTAMENTO,VENTA,20.37,157.0,3.0,2.0,3921395.93,2.0,NORMANDIA,4,MAS DE 20 ANOS,4.67,-74.11,USADO,,0,0,0,0,0,0,0,0,0,0,False,ENGATIVA,NORMANDIA OCCIDENTAL,Normandía,168.34,1,PARQUE ZONAL CANAL BOYACA,952.78,0,0.13,,0.67,1.5,0.0,,0.02,732.7,0.0
717-M3055338,APARTAMENTO,VENTA,20.39,135.0,3.0,3.0,3921395.93,2.0,SANTA BARBARA,6,REMODELADO,4.69,-74.04,USADO,,0,1,0,0,1,1,0,0,0,1,False,USAQUEN,SAN BERNARDO,Calle 106,2083.69,0,PARQUE METROPOLITANO EL COUNTRY,1404.67,0,0.15,,0.67,1.0,0.0,,0.02,160.07,1.0
374-M4408929,APARTAMENTO,VENTA,20.49,100.0,3.0,4.0,1028000.0,2.0,CHICO,6,MAS DE 20 ANOS,4.66,-74.05,USADO,,1,1,0,1,1,1,0,0,0,1,False,CHAPINERO,S.C. BELLAVISTA,Calle 72,1099.55,0,PARQUE ZONAL GUSTAVO URIBE BOTERO,639.82,0,0.2,,0.67,0.75,0.0,,0.03,347.48,3.0
2359-M2580333,APARTAMENTO,VENTA,20.37,83.0,1.0,2.0,800000.0,2.0,CHICO,6,ENTRE 0 Y 5 ANOS,4.66,-74.05,USADO,,1,1,0,0,1,0,0,0,0,0,False,CHAPINERO,LOS ROSALES,Calle 72,1426.21,0,PARQUE ZONAL SAN ANDRÉS,832.46,0,0.25,,2.0,0.5,0.0,,0.01,699.5,0.0
374-M4409035,APARTAMENTO,VENTA,21.42,268.0,3.0,5.0,2648000.0,3.0,CEDRITOS,6,ENTRE 10 Y 20 ANOS,4.72,-74.03,USADO,,1,1,0,1,1,1,1,0,0,1,False,USAQUEN,AGUA DULCE,Alcalá,2665.06,0,PARQUE VECINAL NUEVA URBANIZACIÓN EL CEDRITO,831.4,0,0.08,,1.0,0.6,0.0,,0.01,440.27,1.0
16466-M4697479,APARTAMENTO,VENTA,20.9,200.0,3.0,4.0,1560000.0,2.0,SANTA BARBARA,6,ENTRE 10 Y 20 ANOS,4.7,-74.05,USADO,,0,1,0,1,1,1,0,0,0,1,False,USAQUEN,SANTA BARBARA OCCIDENTAL,Calle 127,838.28,0,PARQUE METROPOLITANO EL COUNTRY,907.99,0,0.1,,0.67,0.75,0.0,,0.02,547.75,0.0
515-M3360697,APARTAMENTO,VENTA,20.6,155.0,3.0,4.0,940000.0,3.0,SANTA BARBARA,5,MAS DE 20 ANOS,4.7,-74.05,USADO,,0,1,0,0,1,0,0,0,0,1,False,USAQUEN,SANTA BARBARA OCCIDENTAL,Calle 127,691.31,0,PARQUE METROPOLITANO EL COUNTRY,1120.35,0,0.13,,1.0,0.75,0.0,,0.02,518.25,0.0
171-M3693897,APARTAMENTO,VENTA,20.18,157.95,3.0,3.0,448000.0,0.0,LA SOLEDAD,4,MAS DE 20 ANOS,4.62,-74.07,USADO,,0,0,0,0,1,0,0,0,0,1,False,SANTA FE,SAMPER,Calle 26,80.6,1,PARQUE METROPOLITANO INDEPENDENCIA BICENTENARIO,574.48,0,0.13,,0.0,1.0,0.0,,0.02,220.98,6.0
482-M4080066,APARTAMENTO,VENTA,20.21,85.0,3.0,2.0,796000.0,2.0,NIZA ALHAMBRA,5,ENTRE 10 Y 20 ANOS,4.71,-74.06,USADO,,0,0,0,0,1,1,0,0,0,1,False,SUBA,EL BATAN,Calle 127,333.73,1,PARQUE ZONAL ATABANZA,396.7,1,0.24,,0.67,1.5,0.0,,0.04,478.44,3.0
14384-M4701046,APARTAMENTO,VENTA,20.05,95.0,3.0,3.0,300000.0,1.0,CEDRITOS,4,MAS DE 20 ANOS,4.72,-74.04,USADO,,0,0,0,0,0,1,0,0,0,1,False,USAQUEN,CEDRITOS,Alcalá,1827.16,0,PARQUE VECINAL NUEVA URBANIZACIÓN EL CEDRITO,499.49,1,0.21,,0.33,1.0,0.0,,0.03,274.95,1.0
2456-M2358710,APARTAMENTO,VENTA,20.2,104.0,3.0,2.0,350000.0,2.0,COLINA Y ALREDEDORES,4,ENTRE 0 Y 5 ANOS,4.72,-74.06,USADO,,0,1,0,1,1,1,0,0,0,0,False,SUBA,SAN RAFAEL NORTE,Alcalá,970.21,0,PARQUE VECINAL PRADO PINZÓN,779.83,0,0.19,,0.67,1.5,0.0,,0.03,244.49,1.0
674-M4705618,APARTAMENTO,VENTA,19.72,50.0,1.0,2.0,390000.0,1.0,CEDRITOS,4,ENTRE 5 Y 10 ANOS,4.73,-74.03,USADO,,0,0,0,0,1,0,0,0,0,1,False,USAQUEN,CAOBOS SALAZAR,Calle 146,1790.56,0,PARQUE VECINAL NUEVA URBANIZACIÓN EL CEDRITO,349.94,1,0.39,,1.0,0.5,0.0,,0.02,447.85,1.0
2238-M2884610,APARTAMENTO,VENTA,20.58,185.59,4.0,3.0,935000.0,2.0,CHICO,6,MAS DE 20 ANOS,4.66,-74.05,USADO,,0,0,0,0,0,0,0,0,0,0,False,CHAPINERO,CONJUNTO HOTELERO LOS ROSALES,Calle 72,1626.94,0,PARQUE ZONAL GUSTAVO URIBE BOTERO,771.99,0,0.11,,0.5,1.33,0.0,,0.02,875.61,0.0
800-M4031386,APARTAMENTO,VENTA,20.05,114.0,3.0,3.0,793000.0,2.0,SANTA BARBARA,5,MAS DE 20 ANOS,4.7,-74.03,USADO,,0,1,0,0,1,1,0,0,0,0,False,USAQUEN,SANTA BARBARA ORIENTAL,Calle 127,2555.09,0,PARQUE METROPOLITANO EL COUNTRY,933.97,0,0.18,,0.67,1.0,0.0,,0.03,323.83,1.0
771-M2615197,APARTAMENTO,VENTA,20.44,127.0,3.0,4.0,957000.0,3.0,CHICO,6,ENTRE 5 Y 10 ANOS,4.66,-74.05,USADO,,0,1,0,1,1,0,0,0,0,1,False,CHAPINERO,LOS ROSALES,Calle 72,1637.24,0,PARQUE ZONAL GUSTAVO URIBE BOTERO,927.78,0,0.16,,1.0,0.75,0.0,,0.02,896.95,0.0
10139-M4054490,APARTAMENTO,VENTA,20.29,119.0,2.0,3.0,620000.0,2.0,COUNTRY,5,REMODELADO,4.71,-74.05,USADO,,0,1,0,0,1,1,0,0,0,1,False,USAQUEN,,Prado,362.78,1,PARQUE ZONAL ATABANZA,951.73,0,0.17,,1.0,0.67,0.0,,0.02,646.55,0.0
10139-M4054400,APARTAMENTO,VENTA,20.67,100.0,3.0,3.0,3921395.93,2.0,SANTA BARBARA,6,ENTRE 0 Y 5 ANOS,4.69,-74.05,USADO,,0,1,0,1,1,1,0,0,0,1,False,USAQUEN,SAN PATRICIO,Calle 106,987.26,0,PARQUE METROPOLITANO EL COUNTRY,1600.32,0,0.21,,0.67,1.0,0.0,,0.03,103.07,2.0
16449-M4634124,APARTAMENTO,VENTA,19.76,78.0,1.0,1.0,424000.0,2.0,SANTA BARBARA,6,MAS DE 20 ANOS,4.69,-74.04,USADO,,0,0,0,0,0,1,0,0,0,1,False,USAQUEN,SANTA BARBARA CENTRAL II SECTOR,Pepe Sierra,1896.11,0,PARQUE METROPOLITANO EL COUNTRY,1275.85,0,0.25,,2.0,1.0,0.0,,0.01,337.05,1.0
717-M2579420,APARTAMENTO,VENTA,21.13,200.0,3.0,3.0,3921395.93,2.0,CHICO,6,ENTRE 5 Y 10 ANOS,4.65,-74.05,USADO,,0,1,0,0,1,1,0,0,0,1,False,CHAPINERO,S.C. BELLAVISTA,Calle 72,1479.27,0,PARQUE ZONAL GUSTAVO URIBE BOTERO,583.62,0,0.11,,0.67,1.0,0.0,,0.02,730.89,0.0
2266-759,APARTAMENTO,VENTA,20.82,164.0,3.0,2.0,614000.0,2.0,SANTA BARBARA,6,ENTRE 10 Y 20 ANOS,4.69,-74.05,USADO,,0,0,0,0,1,0,0,0,0,0,False,USAQUEN,SANTA BIBIANA,Calle 106,892.22,0,PARQUE VECINAL URBANIZACIÓN NORMANDIA I II II Y IV SECTOR,1586.77,0,0.13,,0.67,1.5,0.0,,0.02,499.5,1.0
15593-M4703604,APARTAMENTO,VENTA,19.76,75.7,3.0,2.0,350000.0,1.0,ENGATIVA,4,ENTRE 5 Y 10 ANOS,4.72,-74.13,USADO,,0,0,0,0,0,0,0,0,0,0,False,ENGATIVA,S.C. ENGATIVA EL DORADO,Portal 80,2706.24,0,PARQUE METROPOLITANO PLANTA DE TRATAMIENTO SALITRE,837.31,0,0.26,,0.33,1.5,0.0,,0.04,2492.62,0.0
133-M3162984,APARTAMENTO,VENTA,20.03,72.0,2.0,2.0,320000.0,1.0,COUNTRY,5,ENTRE 0 Y 5 ANOS,4.72,-74.05,USADO,,0,0,0,0,0,0,0,0,0,0,False,USAQUEN,LOS CEDROS,Calle 142,347.08,1,PARQUE VECINAL PRADO PINZÓN,543.39,0,0.28,,0.5,1.0,0.0,,0.03,483.29,1.0
3487-M4517186,APARTAMENTO,VENTA,20.82,145.0,3.0,5.0,1010000.0,2.0,CHICO,6,ENTRE 5 Y 10 ANOS,4.68,-74.06,USADO,,0,0,0,1,1,0,0,0,0,1,False,CHAPINERO,S.C. CHICO NORTE III SECTOR,Calle 100 - Marketmedios,323.22,1,PARQUE VECINAL URBANIZACIÓN NORMANDIA I II II Y IV SECTOR,697.88,0,0.14,,0.67,0.6,0.0,,0.02,227.79,1.0
495-M4731791,APARTAMENTO,VENTA,20.05,90.5,2.0,2.0,578000.0,2.0,NIZA ALHAMBRA,5,ENTRE 10 Y 20 ANOS,4.7,-74.06,USADO,,0,0,0,0,0,0,0,0,0,0,False,SUBA,EL BATAN,Calle 127,111.21,1,PARQUE ZONAL ATABANZA,672.47,0,0.22,,1.0,1.0,0.0,,0.02,275.81,5.0
434-M3846890,APARTAMENTO,VENTA,19.83,82.0,3.0,2.0,350000.0,1.0,COLINA Y ALREDEDORES,4,ENTRE 10 Y 20 ANOS,4.75,-74.07,USADO,,0,1,0,1,0,1,0,0,0,1,False,SUBA,URB. DEL MONTE,Toberin - Foundever,2362.07,0,PARQUE ZONAL SAN JOSÉ DE BAVARIA,473.95,1,0.24,,0.33,1.5,0.0,,0.04,2250.97,0.0
93-M3685077,APARTAMENTO,VENTA,21.24,147.0,2.0,3.0,1500000.0,2.0,CHICO,6,ENTRE 0 Y 5 ANOS,4.66,-74.05,USADO,,0,0,0,0,0,0,0,0,0,0,False,CHAPINERO,LOS ROSALES,Calle 72,1578.93,0,PARQUE ZONAL GUSTAVO URIBE BOTERO,758.3,0,0.14,,1.0,0.67,0.0,,0.01,827.83,0.0
11013-M4676997,APARTAMENTO,VENTA,19.92,79.0,2.0,3.0,390000000.0,2.0,COUNTRY,5,ENTRE 5 Y 10 ANOS,4.72,-74.03,USADO,,0,0,0,0,0,0,0,0,0,0,False,USAQUEN,CEDRITOS,Alcalá,1965.81,0,PARQUE VECINAL NUEVA URBANIZACIÓN EL CEDRITO,598.59,0,0.25,,1.0,0.67,0.0,,0.03,429.33,1.0
703-M4720479,APARTAMENTO,VENTA,19.57,58.3,2.0,2.0,388962.0,1.0,ORQUIDEAS,3,ENTRE 0 Y 5 ANOS,4.77,-74.03,USADO,,0,0,0,0,0,0,0,0,0,0,False,USAQUEN,TIBABITA,Terminal,1503.77,0,PARQUE VECINAL DESARROLLO VERBENAL I,1224.46,0,0.34,,0.5,1.0,0.0,,0.03,1305.85,0.0
183-M3043895,APARTAMENTO,VENTA,19.88,107.0,4.0,3.0,525000.0,1.0,COUNTRY,5,ENTRE 10 Y 20 ANOS,4.72,-74.04,USADO,,0,0,0,0,0,0,0,0,0,0,False,USAQUEN,LISBOA_,Alcalá,1926.33,0,PARQUE VECINAL NUEVA URBANIZACIÓN EL CEDRITO,881.57,0,0.19,,0.25,1.33,0.0,,0.04,335.94,1.0
211-M4465467,APARTAMENTO,VENTA,20.69,138.0,3.0,2.0,965000.0,0.0,SANTA BARBARA,6,MAS DE 20 ANOS,4.7,-74.05,USADO,,0,0,0,0,0,0,0,0,0,0,False,USAQUEN,SANTA BARBARA OCCIDENTAL,Calle 127,507.59,0,PARQUE ZONAL ATABANZA,1056.55,0,0.15,,0.0,1.5,0.0,,0.02,346.15,5.0
684-M3639944,APARTAMENTO,VENTA,21.12,140.83,3.0,3.0,1000000.0,2.0,CHICO,6,ENTRE 10 Y 20 ANOS,4.66,-74.05,USADO,,0,0,0,0,0,0,0,0,0,0,False,CHAPINERO,BOSQUE EL RETIRO I SECTOR,Héroes - Gel´Hada,1575.64,0,PARQUE ZONAL SAN ANDRÉS,595.91,0,0.15,,0.67,1.0,0.0,,0.02,726.5,0.0
16425-M4624815,APARTAMENTO,VENTA,20.16,90.0,3.0,2.0,3921395.93,1.0,,4,MAS DE 20 ANOS,4.65,-74.11,USADO,,0,0,0,0,0,0,0,0,0,0,False,FONTIBON,CIUDAD SALITRE OCCIDENTAL,El Tiempo - Maloka,564.42,0,PARQUE ZONAL SAUZALITO,370.61,1,0.22,,0.33,1.5,0.0,,0.03,63.47,4.0
973-M4591331,APARTAMENTO,VENTA,19.85,72.0,2.0,2.0,360000.0,1.0,METROPOLIS,4,ENTRE 0 Y 5 ANOS,4.66,-74.08,USADO,,0,0,0,0,1,0,0,0,0,0,False,BARRIOS UNIDOS,SAN MIGUEL_,7 de Agosto,504.89,0,PARQUE METROPOLITANO PARQUE DE LOS NOVIOS,840.34,0,0.28,,0.5,1.0,0.0,,0.03,1405.05,0.0
4566-M3499088,APARTAMENTO,VENTA,21.51,348.0,3.0,4.0,1820000.0,4.0,,6,MAS DE 20 ANOS,4.68,-74.05,USADO,,0,0,0,0,1,0,0,0,0,0,False,CHAPINERO,S.C. CHICO NORTE,Calle 100 - Marketmedios,1175.29,0,PARQUE ZONAL CANAL EL VIRREY EL CHICO,839.81,0,0.06,,1.33,0.75,0.0,,0.01,216.36,2.0
10139-M3757770,APARTAMENTO,VENTA,20.34,107.8,3.0,3.0,317000.0,2.0,COUNTRY,4,ENTRE 10 Y 20 ANOS,4.72,-74.04,USADO,,0,0,0,0,1,1,0,0,0,0,True,USAQUEN,NUEVO COUNTRY,Alcalá,1216.38,0,PARQUE VECINAL NUEVA URBANIZACIÓN EL CEDRITO,1107.48,0,0.19,,0.67,1.0,0.0,,0.03,502.06,0.0
9947-M4555770,APARTAMENTO,VENTA,20.58,146.0,2.0,2.0,3921395.93,2.0,SANTA BARBARA,6,ENTRE 10 Y 20 ANOS,4.69,-74.05,USADO,,0,1,0,0,0,0,0,0,0,0,False,USAQUEN,SAN PATRICIO,Calle 106,523.48,0,PARQUE ZONAL CANAL CORDOBA,1769.75,0,0.14,,1.0,1.0,0.0,,0.01,305.2,2.0
16468-M4660465,APARTAMENTO,VENTA,19.16,30.0,1.0,1.0,219000.0,0.0,CEDRITOS,4,ENTRE 0 Y 5 ANOS,4.74,-74.02,USADO,,0,0,0,0,0,0,0,0,0,0,False,USAQUEN,LA PERLA ORIENTAL,Calle 161,2874.59,0,PARQUE ZONAL SERVITA,572.09,0,0.64,,0.0,1.0,0.0,,0.03,1376.9,0.0
384-M4041820,APARTAMENTO,VENTA,19.52,68.46,3.0,2.0,225000.0,1.0,ENGATIVA,4,ENTRE 5 Y 10 ANOS,4.72,-74.13,USADO,,0,0,0,0,1,0,0,0,0,1,False,ENGATIVA,EL GACO - EL PORVENIR (PREDIO),Portal 80,2932.4,0,PARQUE METROPOLITANO PLANTA DE TRATAMIENTO SALITRE,1020.93,0,0.29,,0.33,1.5,0.0,,0.04,2718.79,0.0
2238-M4202908,APARTAMENTO,VENTA,21.56,365.0,4.0,4.0,680000.0,4.0,SANTA BARBARA,6,MAS DE 20 ANOS,4.69,-74.05,USADO,,0,1,0,0,1,0,0,0,0,1,False,USAQUEN,SANTA BIBIANA,Calle 100 - Marketmedios,629.71,0,PARQUE VECINAL URBANIZACIÓN NORMANDIA I II II Y IV SECTOR,1261.15,0,0.06,,1.0,1.0,0.0,,0.01,459.9,1.0
10139-M2790462,APARTAMENTO,VENTA,20.34,184.0,3.0,4.0,477000.0,2.0,COUNTRY,4,ENTRE 10 Y 20 ANOS,4.72,-74.04,USADO,,0,1,0,1,1,1,0,0,0,1,False,USAQUEN,CEDRITOS,Alcalá,1451.16,0,PARQUE VECINAL NUEVA URBANIZACIÓN EL CEDRITO,780.1,0,0.11,,0.67,0.75,0.0,,0.02,171.21,1.0
754-M4209899,APARTAMENTO,VENTA,21.13,187.0,3.0,4.0,1020000.0,2.0,CHICO,6,MAS DE 20 ANOS,4.68,-74.04,USADO,,1,1,0,1,1,1,0,0,0,1,False,CHAPINERO,CHICO NORTE - URB. CONJUNTO DE LA CIEN,Calle 100 - Marketmedios,1823.31,0,PARQUE VECINAL URBANIZACIÓN LA CABRERA,1456.92,0,0.11,,0.67,0.75,0.0,,0.02,157.52,2.0
2359-M4515159,APARTAMENTO,VENTA,21.06,160.0,3.0,5.0,800000.0,2.0,SANTA BARBARA,5,ENTRE 0 Y 5 ANOS,4.7,-74.05,USADO,,0,1,0,0,1,0,0,0,0,1,False,USAQUEN,SANTA BARBARA OCCIDENTAL,Pepe Sierra,896.01,0,PARQUE METROPOLITANO EL COUNTRY,1113.11,0,0.13,,0.67,0.6,0.0,,0.02,212.22,1.0
4428-M4032017,APARTAMENTO,VENTA,20.91,166.0,3.0,3.0,1193000.0,2.0,CHICO,6,MAS DE 20 ANOS,4.67,-74.05,USADO,,0,0,0,0,1,1,0,0,0,1,False,CHAPINERO,S.C. EL CHICO,Virrey,1064.68,0,PARQUE VECINAL URBANIZACIÓN LA CABRERA,435.19,1,0.13,,0.67,1.0,0.0,,0.02,342.57,4.0
3491-M4030641,APARTAMENTO,VENTA,20.29,114.2,3.0,3.0,575000.0,2.0,SANTA BARBARA,6,ENTRE 10 Y 20 ANOS,4.7,-74.03,USADO,,0,1,0,0,1,1,0,0,0,1,False,USAQUEN,SANTA BARBARA CENTRAL III SECTOR,Pepe Sierra,2323.12,0,PARQUE METROPOLITANO EL COUNTRY,1014.26,0,0.18,,0.67,1.0,0.0,,0.03,247.98,4.0
434-M3872781,APARTAMENTO,VENTA,19.32,59.0,3.0,2.0,207000.0,1.0,ALTOS DE SUBA Y CERROS DE SAN JORGE,3,ENTRE 5 Y 10 ANOS,4.75,-74.09,USADO,,0,0,0,0,1,0,0,0,0,0,False,SUBA,TUNA BAJA III Y III_A,Portal Suba,906.33,0,PARQUE VECINAL URBANIZACIÓN VALLE DE REFOUS,713.22,0,0.33,,0.33,1.5,0.0,,0.05,712.23,0.0
3774-M4477964,APARTAMENTO,VENTA,20.52,120.0,3.0,4.0,650000.0,2.0,COUNTRY,5,ENTRE 10 Y 20 ANOS,4.72,-74.04,USADO,,0,1,0,1,1,1,1,0,0,1,False,USAQUEN,EL CONTADOR,Alcalá,1062.57,0,PARQUE VECINAL NUEVA URBANIZACIÓN EL CEDRITO,1132.14,0,0.17,,0.67,0.75,0.0,,0.02,556.29,0.0
2328-M4073315,APARTAMENTO,VENTA,20.03,73.0,2.0,2.0,3921395.93,2.0,SANTA BARBARA,6,ENTRE 10 Y 20 ANOS,4.69,-74.04,USADO,,0,0,0,0,1,1,0,0,0,1,False,USAQUEN,SANTA BARBARA CENTRAL I Y II,Pepe Sierra,1475.26,0,PARQUE METROPOLITANO EL COUNTRY,1288.42,0,0.27,,1.0,1.0,0.0,,0.03,534.96,0.0
2328-M4078312,APARTAMENTO,VENTA,21.82,364.0,3.0,3.0,1600000.0,0.0,CHICO,6,ENTRE 10 Y 20 ANOS,4.67,-74.05,USADO,,0,1,0,0,1,1,0,0,0,1,False,CHAPINERO,S.C. CHICO NORTE,Virrey,1338.15,0,PARQUE VECINAL URBANIZACIÓN LA CABRERA,566.56,0,0.06,,0.0,1.0,0.0,,0.01,325.24,2.0
12037-M2984775,APARTAMENTO,VENTA,21.6,211.0,4.0,5.0,1800000.0,4.0,CHICO,6,ENTRE 5 Y 10 ANOS,4.68,-74.04,USADO,,0,1,0,0,1,0,0,0,0,1,False,CHAPINERO,CHICO RESERVADO,Calle 100 - Marketmedios,1745.92,0,PARQUE VECINAL URBANIZACIÓN LA CABRERA,1200.51,0,0.1,,1.0,0.8,0.0,,0.02,400.39,2.0
717-M3011866,APARTAMENTO,VENTA,20.21,122.0,2.0,3.0,850000.0,2.0,NIZA ALHAMBRA,5,ENTRE 10 Y 20 ANOS,4.7,-74.06,USADO,,0,0,0,0,1,1,0,0,0,1,False,SUBA,EL BATAN,Calle 127,255.88,1,PARQUE ZONAL ATABANZA,742.66,0,0.17,,1.0,0.67,0.0,,0.02,410.48,3.0
4070-M4459760,APARTAMENTO,VENTA,21.02,172.0,3.0,5.0,530000.0,2.0,NIZA ALHAMBRA,5,ENTRE 5 Y 10 ANOS,4.7,-74.07,USADO,,0,1,0,1,1,1,1,0,0,1,False,SUBA,LAGOS DE CORDOBA,Humedal Córdoba,228.89,1,PARQUE ZONAL CANAL CORDOBA,634.88,0,0.12,,0.67,0.6,0.0,,0.02,714.66,0.0
3390-M2448385,APARTAMENTO,VENTA,21.39,176.0,3.0,4.0,900000.0,3.0,CHAPINERO ALTO,5,ENTRE 0 Y 5 ANOS,4.65,-74.05,USADO,,0,1,0,1,1,0,0,0,0,1,False,CHAPINERO,S.C. LAS ACACIAS,Flores – Areandina,1393.42,0,PARQUE ZONAL GUSTAVO URIBE BOTERO,171.71,1,0.12,,1.0,0.75,0.0,,0.02,564.96,0.0
4137-M4693557,APARTAMENTO,VENTA,19.76,63.0,3.0,2.0,150000.0,1.0,SALITRE MODELIA,3,ENTRE 5 Y 10 ANOS,4.66,-74.12,USADO,,0,0,0,0,1,1,0,0,0,1,False,FONTIBON,CARLOS LLERAS RESTREPO,AV. Rojas,1282.56,0,PARQUE VECINAL CARLOS LLERAS (EL FUEGO),463.73,1,0.31,,0.33,1.5,0.0,,0.05,961.05,0.0
2671-10972,APARTAMENTO,VENTA,21.16,307.0,4.0,5.0,1443000.0,4.0,SANTA BARBARA,6,MAS DE 20 ANOS,4.69,-74.05,USADO,,0,0,0,0,0,0,0,0,0,0,False,USAQUEN,SANTA BIBIANA,Calle 106,656.46,0,PARQUE VECINAL URBANIZACIÓN NORMANDIA I II II Y IV SECTOR,1344.45,0,0.07,,1.0,0.8,0.0,,0.01,533.38,0.0
2671-11075,APARTAMENTO,VENTA,20.42,137.0,3.0,3.0,1130000.0,2.0,SANTA BARBARA,6,MAS DE 20 ANOS,4.69,-74.03,USADO,,0,0,0,0,0,0,0,0,0,0,False,USAQUEN,CERROS DE SANTA BARBARA,Pepe Sierra,3169.36,0,PARQUE METROPOLITANO EL COUNTRY,1718.71,0,0.15,,0.67,1.0,0.0,,0.02,466.82,1.0
883-M4421448,APARTAMENTO,VENTA,20.62,160.0,3.0,3.0,531000.0,2.0,SANTA BARBARA,6,MAS DE 20 ANOS,4.7,-74.04,USADO,,0,1,0,1,1,0,0,0,0,1,False,USAQUEN,SANTA BARBARA CENTRAL II,Calle 127,2100.5,0,PARQUE METROPOLITANO EL COUNTRY,370.77,1,0.13,,0.67,1.0,0.0,,0.02,730.66,0.0
3553-M4032895,APARTAMENTO,VENTA,21.03,152.0,3.0,5.0,1094000.0,2.0,CHAPINERO ALTO,6,MAS DE 20 ANOS,4.65,-74.05,USADO,,0,0,0,1,1,1,0,0,0,1,False,CHAPINERO,S.C. EMAUS,Flores – Areandina,1056.93,0,PARQUE ZONAL GUSTAVO URIBE BOTERO,318.22,1,0.14,,0.67,0.6,0.0,,0.02,266.01,2.0
771-M4371188,APARTAMENTO,VENTA,20.61,149.0,3.0,3.0,811900.0,2.0,COUNTRY,5,ENTRE 10 Y 20 ANOS,4.71,-74.03,USADO,,0,0,0,0,0,0,0,0,0,0,False,USAQUEN,LISBOA_,Prado,2390.86,0,PARQUE VECINAL NUEVA URBANIZACIÓN EL CEDRITO,1078.66,0,0.14,,0.67,1.0,0.0,,0.02,244.48,3.0
93-M4729449,APARTAMENTO,VENTA,19.86,54.0,1.0,2.0,295062.0,1.0,CENTRO INTERNACIONAL,4,ENTRE 5 Y 10 ANOS,4.62,-74.07,USADO,,0,0,0,0,0,0,0,0,0,0,False,SANTA FE,SAMPER,Museo Nacional,119.83,1,PARQUE METROPOLITANO INDEPENDENCIA BICENTENARIO,419.45,1,0.37,,1.0,0.5,0.0,,0.02,78.57,9.0
11104-M4662797,APARTAMENTO,VENTA,19.43,62.0,3.0,2.0,188000.0,1.0,ENGATIVA,3,MAS DE 20 ANOS,4.69,-74.11,USADO,,0,0,0,0,0,1,1,0,0,1,False,ENGATIVA,LOS ALAMOS - URB. TORRECAMPO,Portal El Dorado,1396.56,0,PARQUE VECINAL URBANIZACIÓN FLORENCIA I SECTOR,1445.27,0,0.31,,0.33,1.5,0.0,,0.05,761.87,0.0
512-M4491500,APARTAMENTO,VENTA,20.87,119.06,3.0,3.0,634000.0,2.0,COUNTRY,5,ENTRE 0 Y 5 ANOS,4.71,-74.05,USADO,,0,0,0,0,0,0,0,0,0,0,False,USAQUEN,,Prado,535.02,0,PARQUE ZONAL ATABANZA,1190.68,0,0.18,,0.67,1.0,0.0,,0.03,806.84,0.0
9947-M4418559,APARTAMENTO,VENTA,20.49,156.0,3.0,2.0,3921395.93,2.0,COLINA Y ALREDEDORES,5,MAS DE 20 ANOS,4.72,-74.06,USADO,,0,0,0,0,0,0,0,0,0,0,False,SUBA,URB. COLINA NORTE II ETAPA,Suba - AV. Boyacá,1137.2,0,PARQUE VECINAL PRADO PINZÓN,1241.82,0,0.13,,0.67,1.5,0.0,,0.02,330.22,2.0
RV-M4524438,APARTAMENTO,VENTA,19.79,54.2,2.0,2.0,3921395.93,1.0,COLINA Y ALREDEDORES,4,ENTRE 0 Y 5 ANOS,4.74,-74.06,USADO,,0,0,0,0,0,0,0,0,0,0,False,SUBA,URB. VERSALLES,Mazurén,1090.03,0,PARQUE VECINAL DESARROLLO CANTALEJO URBANIZACIÓN CANTALEJO MANZANA B,420.79,1,0.37,,0.5,1.0,0.0,,0.04,1179.93,0.0
3057-M4539069,APARTAMENTO,VENTA,19.54,48.0,2.0,2.0,398000.0,1.0,CEDRITOS,4,MAS DE 20 ANOS,4.72,-74.04,USADO,,0,0,0,0,0,0,0,0,0,0,False,USAQUEN,ACACIAS USAQUEN,Calle 142,1388.73,0,PARQUE VECINAL NUEVA URBANIZACIÓN EL CEDRITO,533.8,0,0.41,,0.5,1.0,0.0,,0.04,571.84,0.0
488-M3190783,APARTAMENTO,VENTA,20.82,182.0,3.0,2.0,920000.0,0.0,CHICO,5,ENTRE 10 Y 20 ANOS,4.66,-74.05,USADO,,0,0,0,0,0,0,0,0,0,0,False,CHAPINERO,LOS ROSALES,Calle 76 - San Felipe,1244.01,0,PARQUE ZONAL SAN ANDRÉS,482.07,1,0.11,,0.0,1.5,0.0,,0.02,674.77,0.0
2765-M3236420,APARTAMENTO,VENTA,21.09,157.0,3.0,5.0,3921395.93,2.0,COUNTRY,6,ENTRE 0 Y 5 ANOS,4.71,-74.04,USADO,,0,0,0,0,0,0,0,0,0,0,False,USAQUEN,LA_CAROLINA,Calle 127,1618.6,0,PARQUE METROPOLITANO EL COUNTRY,254.71,1,0.13,,0.67,0.6,0.0,,0.02,449.94,1.0
2765-M4460950,APARTAMENTO,VENTA,20.62,168.0,3.0,5.0,400000.0,2.0,COLINA Y ALREDEDORES,5,ENTRE 10 Y 20 ANOS,4.74,-74.06,USADO,,0,0,0,0,0,0,0,0,0,0,False,SUBA,URB. LA SIRENA,Gratamira,1664.78,0,PARQUE VECINAL DESARROLLO CANTALEJO URBANIZACIÓN CANTALEJO MANZANA B,901.94,0,0.12,,0.67,0.6,0.0,,0.02,622.44,0.0
2765-M3236449,APARTAMENTO,VENTA,21.13,157.0,3.0,5.0,780000.0,2.0,COUNTRY,6,ENTRE 0 Y 5 ANOS,4.71,-74.04,USADO,,0,0,0,0,0,0,0,0,0,0,False,USAQUEN,LA_CAROLINA,Calle 127,1617.36,0,PARQUE METROPOLITANO EL COUNTRY,245.34,1,0.13,,0.67,0.6,0.0,,0.02,440.64,1.0
515-M3031798,APARTAMENTO,VENTA,20.56,145.0,2.0,3.0,1165000000.0,2.0,SANTA BARBARA,6,ENTRE 10 Y 20 ANOS,4.7,-74.04,USADO,,0,1,0,0,1,0,0,0,0,1,False,USAQUEN,SANTA BARBARA CENTRAL I SECTOR,Pepe Sierra,1580.41,0,PARQUE METROPOLITANO EL COUNTRY,812.53,0,0.14,,1.0,0.67,0.0,,0.01,599.76,0.0
2456-M4612516,APARTAMENTO,VENTA,19.86,76.0,3.0,2.0,300000.0,2.0,COLINA Y ALREDEDORES,4,ENTRE 10 Y 20 ANOS,4.74,-74.06,USADO,,0,0,0,1,1,1,0,0,0,1,False,SUBA,BURGOS BRITALIA,Calle 161,1846.33,0,PARQUE VECINAL DESARROLLO CANTALEJO URBANIZACIÓN CANTALEJO MANZANA B,782.51,0,0.26,,0.67,1.5,0.0,,0.04,1257.3,0.0
800-M4464227,APARTAMENTO,VENTA,19.9,80.0,2.0,3.0,459000.0,1.0,COUNTRY,4,ENTRE 10 Y 20 ANOS,4.72,-74.04,USADO,,0,0,1,0,0,1,0,0,0,1,False,USAQUEN,CEDRITOS,Alcalá,1643.21,0,PARQUE VECINAL NUEVA URBANIZACIÓN EL CEDRITO,650.16,0,0.25,,0.5,0.67,0.0,,0.02,138.27,1.0
11013-M4506291,APARTAMENTO,VENTA,20.24,83.0,3.0,2.0,746859.0,2.0,NICOLAS DE FEDERMAN,4,ENTRE 0 Y 5 ANOS,4.65,-74.08,USADO,,0,0,0,0,0,0,0,0,0,0,False,TEUSAQUILLO,NICOLAS DE FEDERMAN,Movistar Arena,366.19,1,PARQUE ESCENARIO DEPORTIVO COMPLEJO ACUATICO,320.27,1,0.24,,0.67,1.5,0.0,,0.04,466.71,1.0
3229-M4698704,APARTAMENTO,VENTA,20.97,141.02,3.0,4.0,860000.0,2.0,SANTA BARBARA,6,ENTRE 0 Y 5 ANOS,4.69,-74.04,USADO,,0,0,0,0,0,0,0,0,0,0,False,USAQUEN,SANTA BARBARA CENTRAL I Y II,Calle 106,1530.11,0,PARQUE METROPOLITANO EL COUNTRY,1508.96,0,0.15,,0.67,0.75,0.0,,0.02,576.36,0.0
771-M4458600,APARTAMENTO,VENTA,19.99,87.9,3.0,2.0,387000.0,1.0,CEDRITOS,4,ENTRE 10 Y 20 ANOS,4.73,-74.04,USADO,,0,0,0,0,0,0,0,0,0,0,False,USAQUEN,PARQUES DE LORENA,Mazurén,1411.37,0,PARQUE ZONAL LA VIDA,811.88,0,0.23,,0.33,1.5,0.0,,0.03,503.2,0.0
3390-M4337071,APARTAMENTO,VENTA,21.47,210.35,4.0,5.0,1800000.0,2.0,CHICO,6,ENTRE 10 Y 20 ANOS,4.67,-74.06,USADO,,0,0,0,1,1,1,0,0,0,1,False,CHAPINERO,S.C. EL CHICO,Virrey,307.1,1,PARQUE VECINAL URBANIZACIÓN NORMANDIA I II II Y IV SECTOR,339.16,1,0.1,,0.5,0.8,0.0,,0.02,324.06,1.0
3390-M3466549,APARTAMENTO,VENTA,20.78,174.0,3.0,4.0,884000.0,2.0,CHICO,6,MAS DE 20 ANOS,4.68,-74.05,USADO,,0,1,0,0,0,1,0,0,0,1,False,CHAPINERO,S.C. CHICO NORTE III SECTOR,Calle 100 - Marketmedios,511.35,0,PARQUE VECINAL URBANIZACIÓN NORMANDIA I II II Y IV SECTOR,716.25,0,0.12,,0.67,0.75,0.0,,0.02,98.09,2.0
3390-M3769181,APARTAMENTO,VENTA,21.31,263.59,3.0,5.0,1500000.0,2.0,CHICO,6,MAS DE 20 ANOS,4.67,-74.05,USADO,,0,1,0,0,0,1,0,0,0,1,False,CHAPINERO,S.C. EL CHICO,Calle 85,854.65,0,PARQUE ZONAL CANAL EL VIRREY EL CHICO,236.36,1,0.08,,0.67,0.6,0.0,,0.01,265.13,3.0
3774-M4662930,APARTAMENTO,VENTA,20.9,179.0,3.0,3.0,850000.0,2.0,CHICO,6,ENTRE 10 Y 20 ANOS,4.67,-74.05,USADO,,0,1,0,0,0,1,0,0,0,1,False,CHAPINERO,LA CABRERA,Héroes - Gel´Hada,1077.89,0,PARQUE VECINAL URBANIZACIÓN LA CABRERA,293.43,1,0.12,,0.67,1.0,0.0,,0.02,230.12,4.0
359-M4468620,APARTAMENTO,VENTA,21.01,102.29,2.0,2.0,984566.0,2.0,SALITRE MODELIA,5,ENTRE 0 Y 5 ANOS,4.65,-74.11,USADO,,0,0,0,1,1,1,1,0,0,0,False,FONTIBON,CIUDAD SALITRE OCCIDENTAL,Salitre - El Greco,573.75,0,PARQUE ZONAL SAUZALITO,642.33,0,0.21,,1.0,1.0,0.0,,0.02,67.18,3.0
5031-M3909947,APARTAMENTO,VENTA,20.13,78.0,3.0,2.0,3921395.93,1.0,COLINA Y ALREDEDORES,4,ENTRE 5 Y 10 ANOS,4.74,-74.06,USADO,,0,0,0,0,0,0,0,0,0,0,False,SUBA,URB. CARIMAGUA I,Calle 161,1129.89,0,PARQUE VECINAL DESARROLLO CANTALEJO URBANIZACIÓN CANTALEJO MANZANA B,310.56,1,0.26,,0.33,1.5,0.0,,0.04,1245.66,0.0
2412-M4709963,APARTAMENTO,VENTA,20.86,160.0,2.0,3.0,1130000.0,2.0,CHICO,6,MAS DE 20 ANOS,4.66,-74.05,USADO,,0,0,0,0,0,0,0,0,0,0,False,CHAPINERO,LOS ROSALES,Calle 72,1555.59,0,PARQUE ZONAL GUSTAVO URIBE BOTERO,811.94,0,0.13,,1.0,0.67,0.0,,0.01,807.89,0.0
10202-M4013342,APARTAMENTO,VENTA,19.34,67.0,3.0,2.0,136900.0,1.0,KENNEDY,3,ENTRE 5 Y 10 ANOS,4.65,-74.14,USADO,,0,0,0,0,0,0,0,0,0,0,False,KENNEDY,BARRIO EL TINTAL,Mandalay,2389.14,0,PARQUE VECINAL VILLA ALSACIA,926.68,0,0.29,,0.33,1.5,0.0,,0.04,1444.12,0.0
5324-M3502028,APARTAMENTO,VENTA,19.67,72.0,3.0,2.0,403000.0,1.0,CEDRITOS,4,MAS DE 20 ANOS,4.73,-74.03,USADO,,0,0,0,0,0,0,0,0,0,0,False,USAQUEN,CAOBOS SALAZAR,Calle 142,1748.14,0,PARQUE VECINAL NUEVA URBANIZACIÓN EL CEDRITO,318.66,1,0.27,,0.33,1.5,0.0,,0.04,516.22,0.0
34-M3335677,APARTAMENTO,VENTA,21.16,243.93,3.0,3.0,1255000.0,2.0,CHICO,6,MAS DE 20 ANOS,4.66,-74.05,USADO,,0,0,0,0,0,0,0,0,0,0,False,CHAPINERO,BOSQUE EL RETIRO I SECTOR,Héroes - Gel´Hada,1466.23,0,PARQUE ZONAL SAN ANDRÉS,485.66,1,0.09,,0.67,1.0,0.0,,0.01,628.35,0.0
346-M3719031,APARTAMENTO,VENTA,19.3,64.59,1.0,1.0,218600.0,0.0,CENTRO Y ZONA COLONIAL,3,REMODELADO,4.6,-74.07,USADO,,0,0,0,0,0,0,0,0,0,1,False,SANTA FE,VERACRUZ__,Las Aguas - Centro Colombo Americano,262.43,1,PARQUE METROPOLITANO INDEPENDENCIA BICENTENARIO,958.57,0,0.3,,0.0,1.0,0.0,,0.02,302.96,2.0
10151-M4709543,APARTAMENTO,VENTA,20.31,61.2,1.0,2.0,3921395.93,1.0,CHICO,6,ENTRE 10 Y 20 ANOS,4.66,-74.05,USADO,,0,0,0,0,0,0,0,0,0,0,False,CHAPINERO,LOS ROSALES,Calle 72,1559.09,0,PARQUE ZONAL GUSTAVO URIBE BOTERO,830.9,0,0.33,,1.0,0.5,0.0,,0.02,812.83,0.0
2266-M3677679,APARTAMENTO,VENTA,20.14,74.5,2.0,2.0,750000.0,2.0,CHICO,6,MAS DE 20 ANOS,4.68,-74.06,USADO,,0,0,0,0,0,0,0,0,0,0,False,CHAPINERO,S.C. EL CHICO,Virrey,194.6,1,PARQUE VECINAL URBANIZACIÓN NORMANDIA I II II Y IV SECTOR,199.42,1,0.27,,1.0,1.0,0.0,,0.03,459.61,1.0
3390-M3671634,APARTAMENTO,VENTA,21.6,300.0,4.0,5.0,1527000.0,3.0,CHAPINERO ALTO,6,MAS DE 20 ANOS,4.65,-74.05,USADO,,0,0,0,0,0,1,0,0,0,1,False,CHAPINERO,S.C. LAS ACACIAS,Flores – Areandina,1538.15,0,PARQUE ZONAL GUSTAVO URIBE BOTERO,247.47,1,0.07,,0.75,0.8,0.0,,0.01,697.2,0.0
3390-M3367450,APARTAMENTO,VENTA,21.24,206.0,3.0,3.0,1970000.0,3.0,CHICO,6,MAS DE 20 ANOS,4.67,-74.05,USADO,,0,1,0,0,1,1,0,0,0,1,False,CHAPINERO,LA CABRERA,Héroes - Gel´Hada,1543.84,0,PARQUE VECINAL URBANIZACIÓN LA CABRERA,545.87,0,0.1,,1.0,1.0,0.0,,0.01,541.39,0.0
3390-M4368301,APARTAMENTO,VENTA,21.61,173.39,3.0,4.0,1573800.0,3.0,CHICO,6,ENTRE 0 Y 5 ANOS,4.68,-74.04,USADO,,0,0,0,1,1,1,0,0,0,1,False,CHAPINERO,CHICO RESERVADO,Calle 100 - Marketmedios,1815.77,0,PARQUE VECINAL URBANIZACIÓN LA CABRERA,1288.42,0,0.12,,1.0,0.75,0.0,,0.02,332.74,2.0
5340-M4581220,APARTAMENTO,VENTA,20.44,101.0,1.0,3.0,820000.0,2.0,CEDRITOS,5,ENTRE 0 Y 5 ANOS,4.73,-74.02,USADO,,0,0,0,0,0,0,0,0,0,0,False,USAQUEN,BOSQUE DE PINOS III,Mazurén,2970.13,0,PARQUE ZONAL ALTA BLANCA,786.37,0,0.2,,2.0,0.33,0.0,,0.01,1095.25,0.0
2123-M4142782,APARTAMENTO,VENTA,20.56,128.0,3.0,3.0,720000.0,2.0,COUNTRY,5,ENTRE 10 Y 20 ANOS,4.7,-74.03,USADO,,0,0,0,0,0,0,0,0,0,0,False,USAQUEN,BELLA SUIZA,Calle 127,2714.17,0,PARQUE METROPOLITANO EL COUNTRY,971.22,0,0.16,,0.67,1.0,0.0,,0.02,719.02,0.0
3390-M4489290,APARTAMENTO,VENTA,21.79,287.0,5.0,5.0,1310000.0,4.0,CHICO,6,ENTRE 10 Y 20 ANOS,4.68,-74.04,USADO,,0,0,0,0,0,0,0,0,0,0,False,CHAPINERO,CHICO RESERVADO,Calle 100 - Marketmedios,1695.47,0,PARQUE VECINAL URBANIZACIÓN LA CABRERA,1287.64,0,0.08,,0.8,1.0,0.0,,0.02,284.53,2.0
93-M4139070,APARTAMENTO,VENTA,20.82,221.0,3.0,4.0,1200000.0,2.0,CHICO,6,MAS DE 20 ANOS,4.67,-74.04,USADO,,0,0,0,0,0,0,0,0,0,0,False,CHAPINERO,EL REFUGIO,Calle 85,1691.95,0,PARQUE VECINAL URBANIZACIÓN LA CABRERA,635.58,0,0.09,,0.67,0.75,0.0,,0.01,606.24,0.0
10064-M4033996,APARTAMENTO,VENTA,19.97,96.0,3.0,3.0,415000.0,1.0,METROPOLIS,4,MAS DE 20 ANOS,4.68,-74.08,USADO,,0,0,0,0,0,1,0,0,0,1,False,BARRIOS UNIDOS,METROPOLIS,Carrera 53,223.11,1,PARQUE VECINAL URBANIZACIÓN METROPOLIS,651.6,0,0.21,,0.33,1.0,0.0,,0.03,430.94,1.0
14836-M3721346,APARTAMENTO,VENTA,20.55,110.0,2.0,3.0,620000.0,2.0,SANTA BARBARA,6,ENTRE 10 Y 20 ANOS,4.7,-74.05,USADO,,0,1,0,1,1,1,0,0,0,1,False,USAQUEN,SAN PATRICIO,Pepe Sierra,197.6,1,PARQUE ZONAL CANAL CORDOBA,1342.69,0,0.19,,1.0,0.67,0.0,,0.02,425.97,1.0
3774-M4519038,APARTAMENTO,VENTA,20.32,81.0,2.0,3.0,580000.0,1.0,SANTA BARBARA,6,ENTRE 10 Y 20 ANOS,4.7,-74.05,USADO,,0,1,0,0,1,0,0,0,0,1,False,USAQUEN,SANTA BARBARA OCCIDENTAL,Calle 127,1019.75,0,PARQUE METROPOLITANO EL COUNTRY,748.89,0,0.25,,0.5,0.67,0.0,,0.02,363.09,1.0
883-M4309101,APARTAMENTO,VENTA,20.13,82.0,2.0,2.0,450000.0,1.0,COLINA Y ALREDEDORES,5,ENTRE 10 Y 20 ANOS,4.73,-74.07,USADO,,0,1,0,1,1,1,1,0,0,1,False,SUBA,IBERIA PORTOALEGRE,Gratamira,952.69,0,PARQUE VECINAL PRADO PINZÓN,1366.65,0,0.25,,0.5,1.0,0.0,,0.02,122.23,1.0
73-M4500519,APARTAMENTO,VENTA,19.92,80.0,2.0,2.0,3921395.93,2.0,SANTA BARBARA,6,ENTRE 10 Y 20 ANOS,4.7,-74.04,USADO,,0,0,0,0,0,0,0,0,0,0,False,USAQUEN,SANTA BARBARA CENTRAL II SECTOR,Pepe Sierra,1821.52,0,PARQUE METROPOLITANO EL COUNTRY,931.93,0,0.25,,1.0,1.0,0.0,,0.02,651.97,0.0
2412-M4709948,APARTAMENTO,VENTA,19.83,97.52,3.0,3.0,583000000.0,1.0,COLINA Y ALREDEDORES,5,MAS DE 20 ANOS,4.73,-74.06,USADO,,0,0,0,0,0,0,0,0,0,0,False,SUBA,COLPATRIA SANTA HELENA,Calle 146,785.18,0,PARQUE VECINAL URBANIZACIÓN LA LAGUNA,492.94,1,0.2,,0.33,1.0,0.0,,0.03,952.57,0.0
13076-M4679428,APARTAMENTO,VENTA,20.13,63.0,3.0,2.0,290000.0,1.0,COLINA Y ALREDEDORES,3,ENTRE 0 Y 5 ANOS,4.72,-74.06,USADO,,0,0,0,0,0,0,0,0,0,0,False,SUBA,PRADOS DE LA SULTANA,Prado,915.6,0,PARQUE VECINAL PRADO PINZÓN,1031.31,0,0.32,,0.33,1.5,0.0,,0.05,537.24,0.0
10366-6890,APARTAMENTO,VENTA,19.86,110.0,3.0,2.0,650000.0,1.0,SANTA BARBARA,6,MAS DE 20 ANOS,4.7,-74.04,USADO,,0,0,0,0,0,0,0,0,0,0,False,USAQUEN,SANTA BARBARA CENTRAL I Y II,Pepe Sierra,1524.54,0,PARQUE METROPOLITANO EL COUNTRY,1004.56,0,0.18,,0.33,1.5,0.0,,0.03,693.58,0.0
478-M3828348,APARTAMENTO,VENTA,20.34,115.0,2.0,2.0,3921395.93,2.0,CHICO,6,ENTRE 10 Y 20 ANOS,4.68,-74.06,USADO,,0,0,0,0,0,0,0,0,0,0,False,CHAPINERO,S.C. EL CHICO,Virrey,400.16,1,PARQUE ZONAL CANAL EL VIRREY EL CHICO,287.78,1,0.18,,1.0,1.0,0.0,,0.02,265.19,2.0
164-M4522673,APARTAMENTO,VENTA,21.16,280.0,3.0,4.0,1570000.0,3.0,CERROS DE SUBA,5,REMODELADO,4.71,-74.09,USADO,,0,0,0,0,1,0,0,0,0,0,False,SUBA,S.C. CLUB DE LOS LAGARTOS,Granja - Kr 77,1609.95,0,PARQUE METROPOLITANO CEFE COMETAS,545.15,0,0.08,,1.0,0.75,0.0,,0.01,1812.37,0.0
RV-M4680283,APARTAMENTO,VENTA,19.06,50.0,2.0,1.0,3921395.93,0.0,CASTILLA MARSELLA,3,ENTRE 10 Y 20 ANOS,4.64,-74.14,USADO,,0,0,0,0,0,0,0,0,0,0,False,KENNEDY,CASTILLA REAL,Mandalay,1580.28,0,PARQUE VECINAL VILLA ALSACIA,438.67,1,0.38,,0.0,2.0,0.0,,0.04,1272.19,0.0
RV-M4563047,APARTAMENTO,VENTA,19.11,41.19,2.0,1.0,3921395.93,0.0,170 Y ALREDORES,4,ENTRE 0 Y 5 ANOS,4.76,-74.05,USADO,,0,0,0,0,0,0,0,0,0,0,False,SUBA,URB. PLAZA BAVIERA,Portal Norte,858.4,0,PARQUE VECINAL URBANIZACIÓN VILANOVA,765.24,0,0.46,,0.0,2.0,0.0,,0.05,991.01,0.0
883-M4204080,APARTAMENTO,VENTA,20.71,135.74,3.0,3.0,560000.0,2.0,SANTA BARBARA,5,ENTRE 10 Y 20 ANOS,4.69,-74.04,USADO,,0,0,0,1,1,1,0,0,0,1,False,USAQUEN,SANTA ANA OCCIDENTAL,Calle 106,2076.1,0,PARQUE METROPOLITANO EL COUNTRY,1882.61,0,0.15,,0.67,1.0,0.0,,0.02,335.96,1.0
2630-M4582343,APARTAMENTO,VENTA,19.7,78.71,3.0,2.0,304000.0,1.0,CEDRITOS,4,MAS DE 20 ANOS,4.72,-74.03,USADO,,0,1,0,0,0,0,0,0,0,1,False,USAQUEN,CEDRO NARVAEZ,Calle 142,1856.52,0,PARQUE VECINAL NUEVA URBANIZACIÓN EL CEDRITO,223.07,1,0.25,,0.33,1.5,0.0,,0.04,397.11,1.0
684-M4555836,APARTAMENTO,VENTA,20.44,59.23,2.0,2.0,454176.0,1.0,CHICO,5,ENTRE 0 Y 5 ANOS,4.68,-74.06,USADO,,0,0,0,0,0,0,0,0,0,1,False,CHAPINERO,S.C. CHICO NORTE III SECTOR,Calle 100 - Marketmedios,206.62,1,PARQUE VECINAL URBANIZACIÓN NORMANDIA I II II Y IV SECTOR,723.2,0,0.35,,0.5,1.0,0.0,,0.03,342.66,1.0
RV-M4547889,APARTAMENTO,VENTA,19.04,49.2,3.0,1.0,3921395.93,0.0,CORTIJO AUTOPISTA MEDELLIN,3,MAS DE 20 ANOS,4.72,-74.11,USADO,,0,0,0,0,0,0,0,0,0,0,False,ENGATIVA,CIUDADELA COLSUBSIDIO,Portal 80,1599.74,0,PARQUE ZONAL VILLAS DE GRANADA,1378.3,0,0.39,,0.0,3.0,0.0,,0.06,1470.56,0.0
698-M4647103,APARTAMENTO,VENTA,19.6,55.0,2.0,1.0,3921395.93,1.0,CENTRO INTERNACIONAL,4,MAS DE 20 ANOS,4.62,-74.06,USADO,,0,0,0,0,0,0,0,0,0,0,False,SANTA FE,LA MACARENA,Museo Nacional,597.21,0,PARQUE METROPOLITANO INDEPENDENCIA BICENTENARIO,647.29,0,0.36,,0.5,2.0,0.0,,0.04,495.5,3.0
3325-M3615878,APARTAMENTO,VENTA,20.64,141.0,4.0,4.0,360000.0,0.0,CENTRO Y ZONA COLONIAL,3,ENTRE 5 Y 10 ANOS,4.6,-74.07,USADO,,0,0,0,0,0,0,0,0,0,0,False,SANTA FE,VERACRUZ__,Las Aguas - Centro Colombo Americano,283.3,1,PARQUE METROPOLITANO INDEPENDENCIA BICENTENARIO,951.14,0,0.15,,0.0,1.0,0.0,,0.03,315.31,2.0
3325-M3615851,APARTAMENTO,VENTA,20.64,141.0,4.0,4.0,360000.0,0.0,CENTRO Y ZONA COLONIAL,3,ENTRE 5 Y 10 ANOS,4.6,-74.07,USADO,,0,0,0,0,0,0,0,0,0,0,False,SANTA FE,VERACRUZ__,Las Aguas - Centro Colombo Americano,283.3,1,PARQUE METROPOLITANO INDEPENDENCIA BICENTENARIO,951.14,0,0.15,,0.0,1.0,0.0,,0.03,315.31,2.0
4566-M3499230,APARTAMENTO,VENTA,20.91,200.0,3.0,3.0,1400000.0,2.0,,6,MAS DE 20 ANOS,4.65,-74.05,USADO,,0,0,0,0,0,0,0,0,0,0,False,CHAPINERO,S.C. BELLAVISTA,Flores – Areandina,1499.36,0,PARQUE ZONAL GUSTAVO URIBE BOTERO,365.12,1,0.1,,0.67,1.0,0.0,,0.02,695.67,0.0
9947-M4561189,APARTAMENTO,VENTA,20.2,97.0,3.0,2.0,3921395.93,2.0,NIZA ALHAMBRA,5,ENTRE 10 Y 20 ANOS,4.7,-74.07,USADO,,0,0,0,0,0,0,0,0,0,0,False,SUBA,PUENTE LARGO III SECTOR,Puentelargo,403.16,1,PARQUE ZONAL CANAL CORDOBA,575.54,0,0.21,,0.67,1.5,0.0,,0.03,755.89,0.0
34-M4210577,APARTAMENTO,VENTA,19.61,72.0,4.0,2.0,187000.0,1.0,CORTIJO AUTOPISTA MEDELLIN,3,MAS DE 20 ANOS,4.72,-74.11,USADO,,0,0,0,0,0,0,0,0,0,0,False,ENGATIVA,BOLIVIA ORIENTAL III ETAPA,Portal 80,1257.98,0,PARQUE VECINAL URBANIZACIÓN BACHUE PRIMERA ETAPA,1113.67,0,0.27,,0.25,2.0,0.0,,0.06,1185.01,0.0
2765-M4463950,APARTAMENTO,VENTA,20.47,168.0,3.0,3.0,600000.0,2.0,COLINA Y ALREDEDORES,5,ENTRE 10 Y 20 ANOS,4.74,-74.06,USADO,,0,0,0,0,1,0,0,0,0,0,False,SUBA,URB. LA SIRENA,Mazurén,1476.14,0,PARQUE VECINAL DESARROLLO CANTALEJO URBANIZACIÓN CANTALEJO MANZANA B,853.36,0,0.12,,0.67,1.0,0.0,,0.02,643.72,0.0
2671-M4566835,APARTAMENTO,VENTA,20.47,118.0,2.0,2.0,520000.0,2.0,COUNTRY,5,MAS DE 20 ANOS,4.71,-74.03,USADO,,0,0,0,1,1,1,0,0,0,1,False,USAQUEN,LISBOA_,Prado,2501.64,0,PARQUE VECINAL NUEVA URBANIZACIÓN EL CEDRITO,1112.75,0,0.17,,1.0,1.0,0.0,,0.02,169.98,2.0
11013-M4414439,APARTAMENTO,VENTA,21.51,330.0,3.0,4.0,2300000.0,3.0,CHICO,6,MAS DE 20 ANOS,4.67,-74.04,USADO,,1,1,0,1,1,0,0,0,0,1,False,CHAPINERO,CHICO ALTO,Calle 85,2098.42,0,PARQUE VECINAL URBANIZACIÓN LA CABRERA,1042.04,0,0.07,,1.0,0.75,0.0,,0.01,990.57,0.0
10323-M3918083,APARTAMENTO,VENTA,19.97,79.0,3.0,2.0,225000.0,1.0,CASTILLA MARSELLA,4,ENTRE 5 Y 10 ANOS,4.64,-74.12,USADO,,0,0,0,1,1,1,1,0,0,1,False,KENNEDY,NUESTRA_SENORA DE LA PAZ,Marsella,1183.27,0,PARQUE ZONAL MARSELLA,917.21,0,0.25,,0.33,1.5,0.0,,0.04,836.57,0.0
920-M4041125,APARTAMENTO,VENTA,19.86,60.0,2.0,1.0,430000.0,1.0,CHICO,6,MAS DE 20 ANOS,4.68,-74.05,USADO,,0,1,0,0,1,0,0,0,0,1,False,CHAPINERO,S.C. CHICO NORTE,Calle 100 - Marketmedios,524.52,0,PARQUE VECINAL URBANIZACIÓN NORMANDIA I II II Y IV SECTOR,650.66,0,0.33,,0.5,2.0,0.0,,0.03,26.58,1.0
2671-M3713649,APARTAMENTO,VENTA,20.72,164.0,3.0,3.0,1081000.0,2.0,CHAPINERO ALTO,6,MAS DE 20 ANOS,4.65,-74.05,USADO,,0,1,0,1,1,0,0,0,0,1,False,CHAPINERO,S.C. LAS ACACIAS,Flores – Areandina,1130.69,0,PARQUE ZONAL GUSTAVO URIBE BOTERO,282.31,1,0.13,,0.67,1.0,0.0,,0.02,335.48,1.0
2671-M3794555,APARTAMENTO,VENTA,21.58,276.0,3.0,4.0,1712000.0,3.0,SANTA BARBARA,6,MAS DE 20 ANOS,4.69,-74.03,USADO,,0,1,0,1,1,0,0,0,0,1,False,USAQUEN,CERROS DE SANTA BARBARA,Calle 106,3154.03,0,PARQUE METROPOLITANO EL COUNTRY,2067.49,0,0.08,,1.0,0.75,0.0,,0.01,588.14,0.0
4796-M3891269,APARTAMENTO,VENTA,20.25,123.0,3.0,3.0,450000.0,2.0,CEDRITOS,5,ENTRE 10 Y 20 ANOS,4.73,-74.03,USADO,,0,0,0,1,1,1,1,0,0,1,False,USAQUEN,EL MORAL,Mazurén,2057.78,0,PARQUE ZONAL ALTA BLANCA,442.92,1,0.16,,0.67,1.0,0.0,,0.02,201.09,1.0
2671-M4334178,APARTAMENTO,VENTA,21.25,244.0,3.0,4.0,1350000.0,3.0,COUNTRY,6,MAS DE 20 ANOS,4.71,-74.03,USADO,,0,1,0,1,1,0,0,0,0,1,False,USAQUEN,BOSQUES DE MEDINA,Prado,2987.49,0,PARQUE METROPOLITANO EL COUNTRY,1520.68,0,0.09,,1.0,0.75,0.0,,0.01,689.22,0.0
2671-10814,APARTAMENTO,VENTA,21.72,340.0,4.0,5.0,2810000.0,3.0,COUNTRY,6,MAS DE 20 ANOS,4.72,-74.03,USADO,,0,1,0,0,1,1,0,0,0,1,False,USAQUEN,MONTEARROYO,Alcalá,2749.07,0,PARQUE VECINAL NUEVA URBANIZACIÓN EL CEDRITO,1013.09,0,0.06,,0.75,0.8,0.0,,0.01,309.61,1.0
4278-M4534140,APARTAMENTO,VENTA,19.01,45.0,3.0,1.0,112150.0,0.0,ALTOS DE SUBA Y CERROS DE SAN JORGE,3,ENTRE 5 Y 10 ANOS,4.76,-74.09,USADO,,0,0,0,1,1,1,0,0,0,1,False,SUBA,VILLA HERMOSA,Portal Suba,1274.67,0,PARQUE VECINAL URBANIZACIÓN VALLE DE REFOUS,1009.43,0,0.42,,0.0,3.0,0.0,,0.07,1099.22,0.0
11013-M4736032,APARTAMENTO,VENTA,21.34,200.0,3.0,2.0,2100000.0,2.0,CHICO,6,ENTRE 10 Y 20 ANOS,4.67,-74.04,USADO,,0,1,0,0,1,1,0,0,0,1,False,CHAPINERO,EL REFUGIO,Héroes - Gel´Hada,1812.26,0,PARQUE VECINAL URBANIZACIÓN LA CABRERA,781.9,0,0.11,,0.67,1.5,0.0,,0.02,758.2,0.0
2671-M4730713,APARTAMENTO,VENTA,20.57,128.0,3.0,3.0,586600.0,2.0,CORTIJO AUTOPISTA MEDELLIN,6,ENTRE 5 Y 10 ANOS,4.71,-74.09,USADO,,0,1,0,1,0,1,0,0,0,1,False,SUBA,BOSQUES DE SAN JORGE,Suba - AV. Boyacá,1683.39,0,PARQUE METROPOLITANO CEFE COMETAS,547.14,0,0.16,,0.67,1.0,0.0,,0.02,1796.06,0.0
399-M4645276,APARTAMENTO,VENTA,19.95,63.0,3.0,2.0,306500.0,1.0,SALITRE MODELIA,4,MAS DE 20 ANOS,4.65,-74.1,USADO,,0,0,0,1,1,1,0,0,0,1,False,TEUSAQUILLO,CIUDAD SALITRE SURORIENTAL,Salitre - El Greco,656.82,0,PARQUE VECINAL URBANIZACIÓN SALITRE (GRECO),905.29,0,0.32,,0.33,1.5,0.0,,0.05,407.18,4.0
2671-11371,APARTAMENTO,VENTA,21.25,230.9,3.0,4.0,1630000.0,2.0,CHICO,6,MAS DE 20 ANOS,4.66,-74.05,USADO,,0,1,0,0,1,0,0,0,0,1,False,CHAPINERO,S.C. EL NOGAL,Calle 76 - San Felipe,1026.28,0,PARQUE ZONAL SAN ANDRÉS,236.14,1,0.09,,0.67,0.75,0.0,,0.01,424.31,2.0
2671-M3774012,APARTAMENTO,VENTA,21.35,265.0,3.0,4.0,1520000.0,4.0,COUNTRY,6,MAS DE 20 ANOS,4.71,-74.03,USADO,,0,1,0,0,1,1,0,0,0,1,False,USAQUEN,BOSQUES DE MEDINA,Prado,3096.76,0,PARQUE METROPOLITANO EL COUNTRY,1622.3,0,0.08,,1.33,0.75,0.0,,0.01,755.19,0.0
603-M4728287,APARTAMENTO,VENTA,20.99,110.0,2.0,2.0,900000.0,2.0,SALITRE MODELIA,4,ENTRE 0 Y 5 ANOS,4.66,-74.11,USADO,,0,1,0,1,1,0,1,0,0,1,False,FONTIBON,LA ESPERANZA NORTE,AV. Rojas,699.63,0,PARQUE VECINAL CARLOS LLERAS (EL FUEGO),352.43,1,0.19,,1.0,1.0,0.0,,0.02,767.05,0.0
11307-M4032950,APARTAMENTO,VENTA,20.99,163.0,3.0,5.0,926000.0,2.0,CEDRITOS,6,ENTRE 5 Y 10 ANOS,4.73,-74.02,USADO,,0,1,0,1,1,1,0,0,0,1,False,USAQUEN,BOSQUE DE PINOS III,Calle 146,3021.67,0,PARQUE ZONAL ALTA BLANCA,1125.08,0,0.13,,0.67,0.6,0.0,,0.02,1152.23,0.0
614-M4525849,APARTAMENTO,VENTA,19.58,65.0,3.0,2.0,323000.0,1.0,COLINA Y ALREDEDORES,4,ENTRE 10 Y 20 ANOS,4.74,-74.06,USADO,,0,0,0,1,1,1,0,0,0,1,False,SUBA,BURGOS BRITALIA,Calle 161,1807.47,0,PARQUE VECINAL DESARROLLO CANTALEJO URBANIZACIÓN CANTALEJO MANZANA B,754.7,0,0.3,,0.33,1.5,0.0,,0.05,1364.52,0.0
815-M3569156,APARTAMENTO,VENTA,21.25,278.0,3.0,4.0,1500000.0,2.0,CHICO,6,MAS DE 20 ANOS,4.66,-74.05,USADO,,0,1,0,1,1,1,0,0,0,1,False,CHAPINERO,LOS ROSALES,Calle 72,1448.6,0,PARQUE ZONAL SAN ANDRÉS,858.93,0,0.08,,0.67,0.75,0.0,,0.01,718.07,0.0
2671-10907,APARTAMENTO,VENTA,21.62,380.0,4.0,5.0,2200000.0,4.0,COUNTRY,6,MAS DE 20 ANOS,4.71,-74.04,USADO,,0,1,0,1,1,1,0,0,0,1,False,USAQUEN,LA_CAROLINA,Calle 127,1915.32,0,PARQUE METROPOLITANO EL COUNTRY,246.51,1,0.06,,1.0,0.8,0.0,,0.01,643.32,0.0
11013-M4288153,APARTAMENTO,VENTA,20.13,80.0,2.0,3.0,914000.0,2.0,CHICO,6,MAS DE 20 ANOS,4.68,-74.05,USADO,,0,1,0,1,1,1,0,0,0,1,False,CHAPINERO,S.C. CHICO NORTE III SECTOR,Calle 100 - Marketmedios,409.64,1,PARQUE VECINAL URBANIZACIÓN NORMANDIA I II II Y IV SECTOR,903.25,0,0.25,,1.0,0.67,0.0,,0.02,356.79,2.0
2671-M3775467,APARTAMENTO,VENTA,21.66,318.24,4.0,5.0,2128000.0,3.0,CEDRITOS,6,ENTRE 10 Y 20 ANOS,4.72,-74.03,USADO,,0,1,0,1,1,1,0,0,0,1,False,USAQUEN,MONTEARROYO,Alcalá,2639.9,0,PARQUE VECINAL NUEVA URBANIZACIÓN EL CEDRITO,936.99,0,0.07,,0.75,0.8,0.0,,0.01,229.96,1.0
11307-M4058356,APARTAMENTO,VENTA,20.0,110.0,3.0,2.0,486000.0,2.0,COLINA Y ALREDEDORES,5,MAS DE 20 ANOS,4.72,-74.07,USADO,,0,1,0,0,1,1,0,0,0,1,False,SUBA,IBERIA EL POBLAR,Gratamira,894.79,0,PARQUE VECINAL PRADO PINZÓN,1462.59,0,0.18,,0.67,1.5,0.0,,0.03,372.7,1.0
399-M4289489,APARTAMENTO,VENTA,19.97,60.0,1.0,2.0,395000.0,1.0,CHICO,6,ENTRE 5 Y 10 ANOS,4.68,-74.06,USADO,,0,0,0,1,1,1,0,0,0,1,False,CHAPINERO,S.C. CHICO NORTE III SECTOR,Calle 100 - Marketmedios,316.77,1,PARQUE VECINAL URBANIZACIÓN NORMANDIA I II II Y IV SECTOR,750.14,0,0.33,,1.0,0.5,0.0,,0.02,266.29,1.0
614-M4145309,APARTAMENTO,VENTA,19.92,97.0,3.0,3.0,529000.0,1.0,COLINA Y ALREDEDORES,5,ENTRE 10 Y 20 ANOS,4.73,-74.06,USADO,,0,1,0,0,1,1,0,0,0,1,False,SUBA,URB. BOSQUE DE LA COLINA,Gratamira,1332.79,0,PARQUE VECINAL URBANIZACIÓN LA LAGUNA,1057.55,0,0.21,,0.33,1.0,0.0,,0.03,338.08,1.0
614-M4519245,APARTAMENTO,VENTA,19.64,77.0,3.0,2.0,361000.0,1.0,ALTOS DE SUBA Y CERROS DE SAN JORGE,4,ENTRE 5 Y 10 ANOS,4.74,-74.09,USADO,,0,0,0,1,1,1,0,0,0,1,False,SUBA,URB. LAS NAVETAS DE SUBA,La Campiña,199.88,1,PARQUE VECINAL URBANIZACIÓN VALLE DE REFOUS,459.33,1,0.26,,0.33,1.5,0.0,,0.04,824.44,0.0
2671-M3975517,APARTAMENTO,VENTA,21.19,250.0,3.0,4.0,1800000.0,3.0,COUNTRY,6,MAS DE 20 ANOS,4.72,-74.03,USADO,,0,1,0,1,1,1,0,0,0,1,False,USAQUEN,MONTEARROYO,Alcalá,2749.07,0,PARQUE VECINAL NUEVA URBANIZACIÓN EL CEDRITO,1013.09,0,0.08,,1.0,0.75,0.0,,0.01,309.61,1.0
2671-M4730931,APARTAMENTO,VENTA,21.06,211.26,3.0,4.0,751000.0,2.0,,4,ENTRE 10 Y 20 ANOS,4.66,-74.06,USADO,,1,0,0,0,1,1,0,0,0,1,False,CHAPINERO,S.C. PORCIUNCULA,Calle 72,145.56,1,PARQUE ZONAL LA ESTACIÓN,760.18,0,0.1,,0.67,0.75,0.0,,0.01,382.34,1.0
2671-M4727930,APARTAMENTO,VENTA,20.52,135.98,2.0,3.0,589400.0,2.0,COLINA Y ALREDEDORES,5,MAS DE 20 ANOS,4.71,-74.07,USADO,,0,1,0,1,1,1,0,0,0,1,False,SUBA,LAS VILLAS SECTOR III,Niza - Calle 127,341.91,1,PARQUE ZONAL LOS LACHES LA MINA,407.27,1,0.15,,1.0,0.67,0.0,,0.01,308.85,10.0
2671-M3975887,APARTAMENTO,VENTA,21.09,212.0,3.0,5.0,1107000.0,3.0,COUNTRY,6,ENTRE 10 Y 20 ANOS,4.71,-74.03,USADO,,1,1,0,1,1,1,1,0,0,1,False,USAQUEN,GINEBRA NORTE,Prado,2683.87,0,PARQUE METROPOLITANO EL COUNTRY,1172.47,0,0.1,,1.0,0.6,0.0,,0.01,384.04,1.0
5031-8293,APARTAMENTO,VENTA,20.28,120.0,3.0,3.0,430000.0,2.0,COUNTRY,5,ENTRE 10 Y 20 ANOS,4.71,-74.05,USADO,2300000.0,0,0,0,0,0,1,0,0,0,1,False,USAQUEN,,Prado,456.56,1,PARQUE ZONAL ATABANZA,895.17,0,0.17,19166.67,0.67,1.0,0.0,5.35,0.02,513.01,0.0
384-M3242393,APARTAMENTO,VENTA,20.88,119.0,3.0,3.0,476000.0,2.0,SALITRE MODELIA,5,REMODELADO,4.67,-74.11,USADO,,0,0,0,0,1,0,0,0,0,0,False,ENGATIVA,NORMANDIA,AV. Rojas,458.41,1,PARQUE ZONAL CANAL BOYACA,877.41,0,0.18,,0.67,1.0,0.0,,0.03,746.32,0.0
384-M3905441,APARTAMENTO,VENTA,19.94,73.99,3.0,2.0,295960.0,1.0,CASTILLA MARSELLA,3,REMODELADO,4.64,-74.12,USADO,,0,0,0,0,0,0,0,0,0,0,False,KENNEDY,ALSACIA,Pradera,1211.68,0,PARQUE ZONAL MARSELLA,975.93,0,0.27,,0.33,1.5,0.0,,0.04,1007.21,0.0
815-M3461176,APARTAMENTO,VENTA,21.34,220.0,4.0,5.0,1300000.0,4.0,CERROS DE SUBA,6,ENTRE 5 Y 10 ANOS,4.72,-74.08,USADO,,1,0,0,1,0,1,0,0,0,1,False,SUBA,S.C. NIZA SUBA,Gratamira,361.95,1,PARQUE VECINAL AGRUPACIÓN DE VIVIENDA EN BALCON DE LINDARAJA,1175.56,0,0.1,,1.0,0.8,0.0,,0.02,1357.35,0.0
614-M4559502,APARTAMENTO,VENTA,20.13,109.0,3.0,2.0,330000.0,2.0,CEDRITOS,5,ENTRE 5 Y 10 ANOS,4.73,-74.03,USADO,,0,1,0,1,1,1,1,0,0,1,False,USAQUEN,EL MORAL,Mazurén,2166.6,0,PARQUE ZONAL ALTA BLANCA,392.49,1,0.18,,0.67,1.5,0.0,,0.03,301.88,1.0
384-4096,APARTAMENTO,VENTA,20.33,62.13,1.0,2.0,3921395.93,2.0,CHICO,6,ENTRE 0 Y 5 ANOS,4.67,-74.04,USADO,,0,0,0,0,0,0,0,0,0,0,False,CHAPINERO,EL REFUGIO,Héroes - Gel´Hada,1713.19,0,PARQUE VECINAL URBANIZACIÓN LA CABRERA,727.56,0,0.33,,2.0,0.5,0.0,,0.02,717.52,0.0
384-4097,APARTAMENTO,VENTA,20.36,62.13,1.0,2.0,3921395.93,2.0,CHICO,6,ENTRE 0 Y 5 ANOS,4.67,-74.04,USADO,,0,0,0,0,0,0,0,0,0,0,False,CHAPINERO,EL REFUGIO,Héroes - Gel´Hada,1713.19,0,PARQUE VECINAL URBANIZACIÓN LA CABRERA,727.56,0,0.33,,2.0,0.5,0.0,,0.02,717.52,0.0
384-3639,APARTAMENTO,VENTA,19.94,67.87,2.0,2.0,373285.0,1.0,COLINA Y ALREDEDORES,4,ENTRE 0 Y 5 ANOS,4.72,-74.05,USADO,,0,0,0,0,0,0,0,0,0,0,False,SUBA,PRADO VERANIEGO,Prado,202.39,1,PARQUE ZONAL ATABANZA,964.78,0,0.29,,0.5,1.0,0.0,,0.03,822.96,0.0
384-M4710090,APARTAMENTO,VENTA,19.93,79.0,3.0,2.0,660000.0,2.0,COUNTRY,5,ENTRE 10 Y 20 ANOS,4.72,-74.04,USADO,,0,0,0,0,0,0,0,0,0,0,False,USAQUEN,LISBOA_,Alcalá,1916.01,0,PARQUE VECINAL NUEVA URBANIZACIÓN EL CEDRITO,900.89,0,0.25,,0.67,1.5,0.0,,0.04,324.51,1.0
384-M4199722,APARTAMENTO,VENTA,20.0,96.0,3.0,2.0,400000.0,2.0,CEDRITOS,4,MAS DE 20 ANOS,4.73,-74.04,USADO,,0,0,0,0,0,0,0,0,0,0,False,USAQUEN,PARQUES DE LORENA,Mazurén,1226.17,0,PARQUE ZONAL LA VIDA,715.21,0,0.21,,0.67,1.5,0.0,,0.03,688.57,0.0
384-M4201077,APARTAMENTO,VENTA,19.97,84.0,2.0,2.0,629100.0,2.0,COUNTRY,5,ENTRE 10 Y 20 ANOS,4.72,-74.05,USADO,,0,0,0,0,0,0,0,0,0,0,False,USAQUEN,LOS CEDROS,Alcalá,159.87,1,PARQUE VECINAL PRADO PINZÓN,722.96,0,0.24,,1.0,1.0,0.0,,0.02,355.39,1.0
384-M4710154,APARTAMENTO,VENTA,19.92,68.0,3.0,2.0,350000.0,1.0,ORQUIDEAS,4,ENTRE 0 Y 5 ANOS,4.75,-74.03,USADO,,0,0,0,0,0,0,0,0,0,0,False,USAQUEN,LA GRANJA NORTE,Portal Norte,2326.8,0,PARQUE ZONAL SERVITA,1124.34,0,0.29,,0.33,1.5,0.0,,0.04,1307.13,0.0
384-M4106727,APARTAMENTO,VENTA,19.83,89.0,3.0,2.0,3921395.93,1.0,COUNTRY,5,MAS DE 20 ANOS,4.72,-74.04,USADO,,0,0,0,0,0,0,0,0,0,0,False,USAQUEN,EL CONTADOR,Alcalá,726.83,0,PARQUE VECINAL PRADO PINZÓN,1095.05,0,0.22,,0.33,1.5,0.0,,0.03,271.4,1.0
384-M4688499,APARTAMENTO,VENTA,19.77,54.0,1.0,2.0,453000.0,1.0,COUNTRY,5,ENTRE 5 Y 10 ANOS,4.72,-74.05,USADO,,0,0,0,0,0,0,0,0,0,0,False,USAQUEN,LOS CEDROS,Alcalá,159.25,1,PARQUE VECINAL PRADO PINZÓN,779.83,0,0.37,,1.0,0.5,0.0,,0.02,422.07,1.0
384-M4621450,APARTAMENTO,VENTA,19.91,83.0,2.0,2.0,793000.0,1.0,SANTA BARBARA,6,ENTRE 10 Y 20 ANOS,4.7,-74.04,USADO,,0,0,0,0,0,0,0,0,0,0,False,USAQUEN,SANTA BARBARA CENTRAL I SECTOR,Pepe Sierra,1452.55,0,PARQUE METROPOLITANO EL COUNTRY,875.51,0,0.24,,0.5,1.0,0.0,,0.02,604.72,0.0
2671-M4557992,APARTAMENTO,VENTA,20.9,174.0,3.0,3.0,514000.0,2.0,SANTA BARBARA,6,MAS DE 20 ANOS,4.7,-74.05,USADO,,0,1,0,0,1,0,0,0,0,1,False,USAQUEN,SAN PATRICIO,Pepe Sierra,818.36,0,PARQUE METROPOLITANO EL COUNTRY,1333.59,0,0.12,,0.67,1.0,0.0,,0.02,88.89,3.0
2671-M3590855,APARTAMENTO,VENTA,21.39,187.0,2.0,3.0,1200000.0,4.0,CHICO,6,ENTRE 10 Y 20 ANOS,4.67,-74.04,USADO,,0,1,0,0,1,0,0,0,0,1,False,CHAPINERO,EL REFUGIO,Héroes - Gel´Hada,1812.26,0,PARQUE VECINAL URBANIZACIÓN LA CABRERA,781.9,0,0.11,,2.0,0.67,0.0,,0.01,758.2,0.0
2671-9133,APARTAMENTO,VENTA,21.13,300.0,4.0,4.0,1500000.0,4.0,CEDRITOS,6,MAS DE 20 ANOS,4.73,-74.05,USADO,,1,1,0,0,1,1,0,0,0,1,False,USAQUEN,LAS MARGARITAS II SECTOR,Calle 146,312.91,1,PARQUE VECINAL URBANIZACIÓN MAZUREN I SECTOR,842.08,0,0.07,,1.0,1.0,0.0,,0.01,1167.9,0.0
2671-M4370487,APARTAMENTO,VENTA,21.37,200.0,3.0,3.0,1376000.0,2.0,CHICO,6,ENTRE 10 Y 20 ANOS,4.68,-74.04,USADO,,0,0,0,0,1,0,0,0,0,1,False,CHAPINERO,CHICO RESERVADO,Calle 100 - Marketmedios,1930.33,0,PARQUE VECINAL URBANIZACIÓN LA CABRERA,1432.99,0,0.11,,0.67,1.0,0.0,,0.02,226.15,2.0
771-M4653518,APARTAMENTO,VENTA,20.72,140.0,3.0,3.0,973000.0,2.0,CHICO,6,ENTRE 10 Y 20 ANOS,4.68,-74.06,USADO,,0,0,0,0,1,0,0,0,0,1,False,CHAPINERO,S.C. CHICO NORTE III SECTOR,Calle 100 - Marketmedios,298.83,1,PARQUE VECINAL URBANIZACIÓN NORMANDIA I II II Y IV SECTOR,847.51,0,0.15,,0.67,1.0,0.0,,0.02,370.89,1.0
59-M4210287,APARTAMENTO,VENTA,20.26,137.9,3.0,4.0,512000.0,1.0,NICOLAS DE FEDERMAN,5,MAS DE 20 ANOS,4.65,-74.1,USADO,,0,1,0,0,1,1,0,0,0,1,False,TEUSAQUILLO,EL_SALITRE,Salitre - El Greco,144.64,1,PARQUE VECINAL URBANIZACIÓN SALITRE (GRECO),112.49,1,0.15,,0.33,0.75,0.0,,0.02,459.78,4.0
11301-M4523619,APARTAMENTO,VENTA,21.53,134.8,3.0,3.0,1070000.0,3.0,SANTA BARBARA,6,ENTRE 5 Y 10 ANOS,4.7,-74.05,USADO,,1,1,0,1,1,0,0,0,0,1,False,USAQUEN,SAN PATRICIO,Calle 106,329.6,1,PARQUE ZONAL CANAL CORDOBA,1439.91,0,0.16,,1.0,1.0,0.0,,0.02,426.96,1.0
10278-M4707999,APARTAMENTO,VENTA,19.76,75.0,3.0,2.0,230000.0,1.0,CASTILLA MARSELLA,3,ENTRE 5 Y 10 ANOS,4.64,-74.14,USADO,,0,0,0,0,1,1,1,0,0,1,False,KENNEDY,CASTILLA,Banderas,1315.61,0,PARQUE ZONAL CASTILLA,624.51,0,0.26,,0.33,1.5,0.0,,0.04,1739.13,0.0
73-M3305730,APARTAMENTO,VENTA,21.09,179.0,3.0,4.0,1200000.0,2.0,CHICO,6,MAS DE 20 ANOS,4.66,-74.05,USADO,,0,0,0,0,1,0,0,0,0,1,False,CHAPINERO,LOS ROSALES,Calle 76 - San Felipe,1399.92,0,PARQUE ZONAL SAN ANDRÉS,659.47,0,0.12,,0.67,0.75,0.0,,0.02,783.28,0.0
771-M4371565,APARTAMENTO,VENTA,21.64,283.95,3.0,5.0,1750000.0,3.0,CHICO,6,MAS DE 20 ANOS,4.67,-74.04,USADO,,0,0,0,0,1,0,1,0,0,1,False,CHAPINERO,CHICO ALTO,Calle 85,1989.42,0,PARQUE VECINAL URBANIZACIÓN LA CABRERA,932.05,0,0.08,,1.0,0.6,0.0,,0.01,881.81,0.0
2671-M4427198,APARTAMENTO,VENTA,20.95,185.0,4.0,4.0,1500000.0,2.0,CHICO,6,MAS DE 20 ANOS,4.66,-74.05,USADO,,0,1,0,0,1,0,0,0,0,1,False,CHAPINERO,S.C. EL NOGAL,Calle 76 - San Felipe,835.7,0,PARQUE ZONAL SAN ANDRÉS,509.45,0,0.11,,0.5,1.0,0.0,,0.02,468.77,1.0
34-M3640351,APARTAMENTO,VENTA,21.31,240.0,3.0,3.0,2034000.0,1.0,,6,ENTRE 10 Y 20 ANOS,4.67,-74.06,USADO,,0,1,0,0,1,0,0,0,0,1,False,CHAPINERO,S.C. LAGO GAITAN,Héroes - Gel´Hada,480.72,1,PARQUE ZONAL SAN ANDRÉS,507.51,0,0.09,,0.33,1.0,0.0,,0.01,129.19,6.0
11813-M4676224,APARTAMENTO,VENTA,20.13,61.0,1.0,2.0,385000.0,1.0,,3,ENTRE 0 Y 5 ANOS,4.67,-74.04,USADO,,0,0,1,0,0,0,0,0,0,0,False,CHAPINERO,EL REFUGIO,Héroes - Gel´Hada,1721.74,0,PARQUE VECINAL URBANIZACIÓN LA CABRERA,733.58,0,0.33,,1.0,0.5,0.0,,0.02,722.69,0.0
34-M4274673,APARTAMENTO,VENTA,19.62,70.0,3.0,2.0,387600.0,1.0,COLINA Y ALREDEDORES,3,ENTRE 10 Y 20 ANOS,4.75,-74.05,USADO,,0,0,0,0,0,0,0,0,0,1,False,SUBA,S.C. GRANADA NORTE,Toberin - Foundever,902.03,0,PARQUE VECINAL DESARROLLO CANTALEJO URBANIZACIÓN CANTALEJO MANZANA B,1020.93,0,0.28,,0.33,1.5,0.0,,0.04,1582.55,0.0
11813-M4676531,APARTAMENTO,VENTA,19.43,39.0,1.0,1.0,150000.0,1.0,,4,ENTRE 0 Y 5 ANOS,4.72,-74.06,USADO,,0,0,1,1,0,0,0,0,0,0,False,SUBA,S.C. PRADO VERANIEGO NORTE,Prado,1009.37,0,PARQUE ZONAL ATABANZA,981.84,0,0.5,,1.0,1.0,0.0,,0.03,617.41,0.0
11813-M4676308,APARTAMENTO,VENTA,19.34,90.0,3.0,1.0,3921395.93,0.0,,3,ENTRE 0 Y 5 ANOS,4.76,-74.03,USADO,,0,0,1,0,0,0,0,0,0,0,False,USAQUEN,SANTA FELISA,Calle 187,1972.38,0,PARQUE VECINAL URBANIZACIÓN CALLE 170 / ALAMEDA,1224.21,0,0.21,,0.0,3.0,0.0,,0.03,1491.13,0.0
11813-M4676101,APARTAMENTO,VENTA,19.21,40.0,1.0,1.0,125000.0,0.0,,4,ENTRE 0 Y 5 ANOS,4.76,-74.05,USADO,,0,0,1,1,0,0,0,0,0,0,False,SUBA,URB. PLAZA BAVIERA,Portal Norte,829.6,0,PARQUE VECINAL URBANIZACIÓN VILANOVA,680.56,0,0.48,,0.0,1.0,0.0,,0.02,905.2,0.0
11813-M4674868,APARTAMENTO,VENTA,20.31,104.0,3.0,3.0,690000.0,2.0,,5,ENTRE 0 Y 5 ANOS,4.72,-74.05,USADO,,0,0,1,1,0,0,0,0,0,0,False,USAQUEN,LOS CEDROS,Alcalá,438.71,1,PARQUE VECINAL PRADO PINZÓN,1029.96,0,0.2,,0.67,1.0,0.0,,0.03,238.14,1.0
12375-M4349916,APARTAMENTO,VENTA,20.82,150.54,3.0,3.0,809700.0,3.0,SANTA BARBARA,6,MAS DE 20 ANOS,4.7,-74.04,USADO,,0,1,0,0,1,1,0,0,0,1,False,USAQUEN,SANTA BARBARA CENTRAL I SECTOR,Calle 127,1904.76,0,PARQUE METROPOLITANO EL COUNTRY,599.32,0,0.14,,1.0,1.0,0.0,,0.02,607.87,0.0
4957-M4695099,APARTAMENTO,VENTA,20.59,85.0,2.0,3.0,770000.0,2.0,SANTA BARBARA,5,ENTRE 0 Y 5 ANOS,4.7,-74.05,USADO,,0,0,0,0,1,0,0,0,0,1,False,USAQUEN,SANTA BARBARA OCCIDENTAL,Pepe Sierra,931.41,0,PARQUE METROPOLITANO EL COUNTRY,1079.78,0,0.24,,1.0,0.67,0.0,,0.02,226.53,1.0
3390-M3666945,APARTAMENTO,VENTA,20.91,150.0,3.0,4.0,1401000.0,2.0,SANTA BARBARA,6,ENTRE 10 Y 20 ANOS,4.69,-74.05,USADO,,0,0,0,0,0,1,0,0,0,1,False,USAQUEN,SAN PATRICIO,Calle 106,660.31,0,PARQUE METROPOLITANO EL COUNTRY,1750.28,0,0.14,,0.67,0.75,0.0,,0.02,222.76,2.0
3072-M4433812,APARTAMENTO,VENTA,19.36,30.0,1.0,1.0,165000.0,0.0,CHAPINERO ALTO,3,ENTRE 0 Y 5 ANOS,4.64,-74.05,USADO,,0,0,0,0,1,1,0,0,0,1,False,CHAPINERO,LOS OLIVOS,Calle 63,1183.45,0,PARQUE ZONAL GUSTAVO URIBE BOTERO,744.14,0,0.65,,0.0,1.0,0.0,,0.03,859.69,0.0
16185-M4491484,APARTAMENTO,VENTA,20.03,47.0,1.0,1.0,234000.0,1.0,SALITRE MODELIA,5,ENTRE 0 Y 5 ANOS,4.66,-74.11,USADO,,0,0,0,1,1,1,1,0,0,1,False,FONTIBON,LA ESPERANZA NORTE,Normandía,521.14,0,PARQUE ZONAL CANAL BOYACA,608.9,0,0.43,,1.0,1.0,0.0,,0.02,773.28,0.0
651-M4125004,APARTAMENTO,VENTA,20.47,128.0,3.0,4.0,510000.0,2.0,COUNTRY,5,REMODELADO,4.71,-74.05,USADO,,0,1,0,1,1,1,0,0,0,1,False,USAQUEN,LA CALLEJA SANTACOLOMA,Prado,536.56,0,PARQUE ZONAL ATABANZA,1310.25,0,0.16,,0.67,0.75,0.0,,0.02,610.06,0.0
10139-M4085009,APARTAMENTO,VENTA,20.52,159.0,3.0,4.0,915000.0,2.0,GUAYMARAL,5,ENTRE 5 Y 10 ANOS,4.79,-74.06,USADO,,0,1,0,1,1,1,0,0,0,1,False,SUBA,TORREMOLINOS_,Terminal,3048.45,0,PARQUE VECINAL URBANIZACIÓN VILANOVA,3303.51,0,0.13,,0.67,0.75,0.0,,0.02,2925.14,0.0
717-M2724928,APARTAMENTO,VENTA,21.47,237.0,3.0,4.0,3921395.93,2.0,CHICO,6,ENTRE 10 Y 20 ANOS,4.68,-74.04,USADO,,0,1,0,1,1,1,0,0,0,1,False,CHAPINERO,S.C. CHICO NORTE,Virrey,1804.76,0,PARQUE VECINAL URBANIZACIÓN LA CABRERA,1139.87,0,0.09,,0.67,0.75,0.0,,0.01,496.16,1.0
4698-M3587540,APARTAMENTO,VENTA,19.14,48.0,2.0,1.0,126000.0,0.0,COLINA Y ALREDEDORES,3,REMODELADO,4.72,-74.06,USADO,,0,0,0,0,0,1,0,0,0,1,False,SUBA,S.C. PRADO VERANIEGO SUR,Niza - Calle 127,1111.22,0,PARQUE ZONAL ATABANZA,835.99,0,0.4,,0.0,2.0,0.0,,0.04,872.56,0.0
754-M3680598,APARTAMENTO,VENTA,21.3,210.0,3.0,5.0,1500000.0,3.0,SANTA BARBARA,6,ENTRE 5 Y 10 ANOS,4.7,-74.05,USADO,,0,1,0,1,1,1,0,0,0,1,False,USAQUEN,SAN PATRICIO,Pepe Sierra,286.31,1,PARQUE ZONAL CANAL CORDOBA,1441.39,0,0.1,,1.0,0.6,0.0,,0.01,326.46,1.0
2123-M2797646,APARTAMENTO,VENTA,20.72,160.0,3.0,4.0,823000.0,2.0,COUNTRY,6,ENTRE 10 Y 20 ANOS,4.71,-74.03,USADO,,0,1,0,1,1,1,0,0,0,1,False,USAQUEN,BOSQUES DE MEDINA,Prado,3048.03,0,PARQUE METROPOLITANO EL COUNTRY,1556.28,0,0.13,,0.67,0.75,0.0,,0.02,746.73,0.0
59-M4456332,APARTAMENTO,VENTA,20.61,119.71,3.0,3.0,600000.0,2.0,CEDRITOS,5,ENTRE 0 Y 5 ANOS,4.72,-74.03,USADO,,0,0,0,0,0,0,0,0,0,0,False,USAQUEN,LOS CEDROS ORIENTAL,Calle 142,2312.82,0,PARQUE VECINAL NUEVA URBANIZACIÓN EL CEDRITO,394.62,1,0.17,,0.67,1.0,0.0,,0.03,832.1,0.0
2123-M3155630,APARTAMENTO,VENTA,21.06,209.0,3.0,5.0,1260000.0,2.0,CEDRITOS,4,ENTRE 10 Y 20 ANOS,4.72,-74.03,USADO,,0,1,0,1,1,1,0,0,0,1,False,USAQUEN,LOS CEDROS ORIENTAL,Calle 142,2636.97,0,PARQUE VECINAL NUEVA URBANIZACIÓN EL CEDRITO,717.59,0,0.1,,0.67,0.6,0.0,,0.01,807.67,0.0
754-M4044731,APARTAMENTO,VENTA,21.05,180.0,3.0,3.0,1102500.0,2.0,CEDRITOS,6,MAS DE 20 ANOS,4.72,-74.02,USADO,,0,1,0,1,1,1,0,0,0,1,False,USAQUEN,SIERRAS DEL MORAL,Alcalá,3059.89,0,PARQUE VECINAL NUEVA URBANIZACIÓN EL CEDRITO,1156.97,0,0.12,,0.67,1.0,0.0,,0.02,742.26,0.0
754-M3074963,APARTAMENTO,VENTA,20.48,107.78,2.0,3.0,1150000.0,2.0,SANTA BARBARA,6,ENTRE 10 Y 20 ANOS,4.69,-74.05,USADO,,0,1,0,1,1,1,0,0,0,1,False,USAQUEN,SAN PATRICIO,Calle 106,487.46,1,PARQUE ZONAL CANAL CORDOBA,1749.16,0,0.19,,1.0,0.67,0.0,,0.02,336.09,2.0
754-M4463869,APARTAMENTO,VENTA,21.51,220.0,3.0,3.0,1208000.0,3.0,CHICO,6,MAS DE 20 ANOS,4.67,-74.05,USADO,,0,1,0,1,1,1,0,0,0,1,False,CHAPINERO,S.C. EL CHICO,Calle 85,1598.02,0,PARQUE VECINAL URBANIZACIÓN LA CABRERA,555.66,0,0.1,,1.0,1.0,0.0,,0.01,492.13,1.0
2671-10890,APARTAMENTO,VENTA,21.05,241.0,3.0,3.0,1330740.0,3.0,,6,MAS DE 20 ANOS,4.67,-74.05,USADO,,0,0,0,0,0,0,0,0,0,0,False,CHAPINERO,S.C. EL CHICO,Virrey,808.16,0,PARQUE ZONAL CANAL EL VIRREY EL CHICO,214.19,1,0.09,,1.0,1.0,0.0,,0.01,242.95,3.0
34-M4453917,APARTAMENTO,VENTA,21.22,182.0,3.0,5.0,1040000.0,2.0,SANTA BARBARA,6,ENTRE 5 Y 10 ANOS,4.7,-74.03,USADO,,0,1,0,0,1,0,0,0,0,1,False,USAQUEN,RESERVAS DE LA SIERRA - LA ARBOLEDA,Calle 127,2923.66,0,PARQUE METROPOLITANO EL COUNTRY,1211.85,0,0.12,,0.67,0.6,0.0,,0.02,686.69,0.0
11203-M4138800,APARTAMENTO,VENTA,21.05,221.0,3.0,4.0,1447000.0,3.0,CHICO,6,MAS DE 20 ANOS,4.66,-74.05,USADO,,0,1,0,0,1,0,0,0,0,1,False,CHAPINERO,LOS ROSALES,Calle 72,1604.32,0,PARQUE ZONAL GUSTAVO URIBE BOTERO,821.43,0,0.1,,1.0,0.75,0.0,,0.01,855.6,0.0
10173-M4591478,APARTAMENTO,VENTA,21.64,265.0,3.0,5.0,1900000.0,2.0,COUNTRY,6,MAS DE 20 ANOS,4.71,-74.03,USADO,,0,0,0,1,0,1,1,0,0,1,False,USAQUEN,CIUDADELA REAL,Alcalá,2741.67,0,PARQUE VECINAL NUEVA URBANIZACIÓN EL CEDRITO,1169.17,0,0.08,,0.67,0.6,0.0,,0.01,198.23,1.0
771-M4371186,APARTAMENTO,VENTA,21.19,180.0,3.0,5.0,1100000.0,3.0,COUNTRY,6,ENTRE 5 Y 10 ANOS,4.7,-74.04,USADO,,0,0,0,0,0,0,0,0,0,0,False,USAQUEN,LA_CAROLINA,Calle 127,1909.77,0,PARQUE METROPOLITANO EL COUNTRY,180.92,1,0.12,,1.0,0.6,0.0,,0.02,591.26,0.0
RV-M4573597,APARTAMENTO,VENTA,19.69,68.37,2.0,2.0,3921395.93,1.0,CHAPINERO ALTO,4,MAS DE 20 ANOS,4.64,-74.06,USADO,,0,0,0,0,0,0,0,0,0,0,False,CHAPINERO,S.C. BOSQUE CALDERON,Calle 57,545.47,0,PARQUE ZONAL GUSTAVO URIBE BOTERO,1367.64,0,0.29,,0.5,1.0,0.0,,0.03,1174.28,0.0
3390-M4420635,APARTAMENTO,VENTA,20.82,163.4,3.0,3.0,1325000.0,3.0,SANTA BARBARA,5,ENTRE 10 Y 20 ANOS,4.7,-74.05,USADO,,0,0,0,0,0,1,0,0,0,1,False,USAQUEN,SANTA BARBARA OCCIDENTAL,Calle 127,286.43,1,PARQUE ZONAL ATABANZA,905.26,0,0.13,,1.0,1.0,0.0,,0.02,157.6,5.0
11203-M3298465,APARTAMENTO,VENTA,20.65,161.0,3.0,3.0,589000.0,2.0,SANTA BARBARA,6,MAS DE 20 ANOS,4.7,-74.04,USADO,,0,1,0,1,1,0,0,0,0,1,False,USAQUEN,SANTA BARBARA CENTRAL II,Calle 127,2069.98,0,PARQUE METROPOLITANO EL COUNTRY,395.66,1,0.13,,0.67,1.0,0.0,,0.02,689.22,0.0
3390-M2744774,APARTAMENTO,VENTA,21.5,202.0,3.0,4.0,1201900.0,3.0,CHICO,6,ENTRE 0 Y 5 ANOS,4.67,-74.05,USADO,,0,0,0,1,1,0,0,0,0,1,False,CHAPINERO,LA CABRERA,Héroes - Gel´Hada,1584.61,0,PARQUE VECINAL URBANIZACIÓN LA CABRERA,559.31,0,0.11,,1.0,0.75,0.0,,0.01,545.69,0.0
10139-M4206232,APARTAMENTO,VENTA,21.34,280.0,3.0,4.0,1716000.0,3.0,CHAPINERO ALTO,6,MAS DE 20 ANOS,4.65,-74.05,USADO,,0,0,0,1,1,0,1,0,0,1,False,CHAPINERO,S.C. LAS ACACIAS,Flores – Areandina,1447.62,0,PARQUE ZONAL GUSTAVO URIBE BOTERO,268.21,1,0.08,,1.0,0.75,0.0,,0.01,626.82,0.0
34-63462,APARTAMENTO,VENTA,20.72,140.21,2.0,3.0,938500.0,2.0,CHICO,6,REMODELADO,4.68,-74.05,USADO,,0,0,0,0,1,0,0,0,0,1,False,CHAPINERO,S.C. CHICO NORTE III SECTOR,Calle 100 - Marketmedios,831.52,0,PARQUE ZONAL CANAL EL VIRREY EL CHICO,1011.21,0,0.15,,1.0,0.67,0.0,,0.01,245.76,3.0
2671-M4727688,APARTAMENTO,VENTA,21.37,273.0,3.0,4.0,2000000.0,4.0,CERROS DE SUBA,6,ENTRE 10 Y 20 ANOS,4.72,-74.08,USADO,,0,0,0,0,0,1,0,0,0,1,False,SUBA,BELLOMONTE SUBA,Suba - AV. Boyacá,557.05,0,PARQUE VECINAL AGRUPACIÓN DE VIVIENDA EN BALCON DE LINDARAJA,1027.06,0,0.08,,1.33,0.75,0.0,,0.01,1566.52,0.0
416-117463,APARTAMENTO,VENTA,19.72,52.3,2.0,2.0,270000.0,1.0,FONTIBON TINTAL,4,ENTRE 0 Y 5 ANOS,4.66,-74.13,USADO,,1,0,0,1,1,0,0,0,0,0,False,FONTIBON,EL TINTAL A.S.D.,Normandía,2036.56,0,PARQUE ZONAL CANAL BOYACA,1243.29,0,0.38,,0.5,1.0,0.0,,0.04,675.85,0.0
3390-M4527736,APARTAMENTO,VENTA,21.19,175.0,2.0,4.0,1200000.0,2.0,SANTA BARBARA,6,MAS DE 20 ANOS,4.69,-74.03,USADO,,0,0,0,1,1,1,0,0,0,1,False,USAQUEN,SANTA BARBARA ALTA,Calle 106,3063.02,0,PARQUE METROPOLITANO EL COUNTRY,1970.33,0,0.12,,1.0,0.5,0.0,,0.01,484.91,2.0
504-M4127666,APARTAMENTO,VENTA,20.13,34.6,1.0,2.0,500000.0,1.0,CENTRO Y ZONA COLONIAL,3,ENTRE 0 Y 5 ANOS,4.6,-74.07,USADO,,0,0,0,1,0,0,0,0,0,1,False,CANDELARIA,LAS AGUAS_,Las Aguas - Centro Colombo Americano,273.86,1,PARQUE ZONAL SENDERO A MONSERRATE,533.94,0,0.58,,1.0,0.5,0.0,,0.03,98.31,5.0
518-M4732152,APARTAMENTO,VENTA,21.2,148.0,2.0,3.0,1000000.0,2.0,CHICO,6,ENTRE 0 Y 5 ANOS,4.68,-74.06,USADO,,0,0,0,0,1,0,0,0,0,1,False,CHAPINERO,S.C. CHICO NORTE,Virrey,424.22,1,PARQUE VECINAL URBANIZACIÓN NORMANDIA I II II Y IV SECTOR,323.42,1,0.14,,1.0,0.67,0.0,,0.01,377.14,2.0
3390-M2747866,APARTAMENTO,VENTA,20.56,104.0,3.0,3.0,3921395.93,2.0,CHAPINERO ALTO,4,ENTRE 0 Y 5 ANOS,4.64,-74.05,USADO,,0,0,0,1,1,0,1,0,0,1,False,CHAPINERO,S.C. MARIA CRISTINA,Calle 63,1329.55,0,PARQUE ZONAL GUSTAVO URIBE BOTERO,646.98,0,0.2,,0.67,1.0,0.0,,0.03,854.46,0.0
3390-M3216741,APARTAMENTO,VENTA,20.86,186.0,3.0,3.0,988000.0,2.0,CHICO,6,MAS DE 20 ANOS,4.68,-74.05,USADO,,0,1,0,0,0,1,0,0,0,1,False,CHAPINERO,S.C. CHICO NORTE,Virrey,1392.16,0,PARQUE ZONAL CANAL EL VIRREY EL CHICO,953.5,0,0.11,,0.67,1.0,0.0,,0.02,231.73,2.0
2238-M4361080,APARTAMENTO,VENTA,20.77,160.0,3.0,3.0,760000.0,1.0,CHICO,5,MAS DE 20 ANOS,4.66,-74.06,USADO,,0,0,0,0,0,0,0,0,0,0,False,CHAPINERO,S.C. ESPARTILLAL,Calle 76 - San Felipe,651.07,0,PARQUE ZONAL SAN ANDRÉS,410.02,1,0.13,,0.33,1.0,0.0,,0.02,260.01,4.0
RV-M4342368,APARTAMENTO,VENTA,20.27,58.71,2.0,2.0,3921395.93,1.0,SANTA BARBARA,5,ENTRE 0 Y 5 ANOS,4.7,-74.05,USADO,,0,0,0,0,0,0,0,0,0,0,False,USAQUEN,SANTA BARBARA OCCIDENTAL,Pepe Sierra,814.57,0,PARQUE METROPOLITANO EL COUNTRY,1209.79,0,0.35,,0.5,1.0,0.0,,0.03,141.58,2.0
RV-M4580819,APARTAMENTO,VENTA,19.09,55.03,3.0,2.0,3921395.93,0.0,,3,ENTRE 10 Y 20 ANOS,4.6,-74.15,USADO,,0,0,0,0,0,0,0,0,0,0,False,KENNEDY,BOITA I SECTOR,CC Paseo Villa del Río - Madelena,962.38,0,PARQUE VECINAL LA ALEJANDRA,591.24,0,0.35,,0.0,1.5,0.0,,0.05,618.55,0.0
717-M2858766,APARTAMENTO,VENTA,20.49,118.0,2.0,3.0,3921395.93,2.0,CHICO,6,MAS DE 20 ANOS,4.68,-74.05,USADO,,0,0,0,0,1,1,0,0,0,1,True,CHAPINERO,S.C. CHICO NORTE,Virrey,1313.42,0,PARQUE ZONAL CANAL EL VIRREY EL CHICO,868.75,0,0.17,,1.0,0.67,0.0,,0.02,147.78,2.0
2671-11011,APARTAMENTO,VENTA,21.5,202.0,3.0,4.0,1221000.0,3.0,CHICO,6,ENTRE 0 Y 5 ANOS,4.68,-74.05,USADO,,0,0,0,0,0,0,0,0,0,0,True,CHAPINERO,S.C. CHICO NORTE,Virrey,728.47,0,PARQUE ZONAL CANAL EL VIRREY EL CHICO,549.1,0,0.11,,1.0,0.75,0.0,,0.01,212.43,2.0
RV-M4441200,APARTAMENTO,VENTA,20.13,91.75,3.0,2.0,3921395.93,1.0,COLINA Y ALREDEDORES,4,ENTRE 10 Y 20 ANOS,4.72,-74.06,USADO,,0,0,0,0,0,0,0,0,0,0,False,SUBA,SAN RAFAEL NORTE,Alcalá,1038.99,0,PARQUE VECINAL PRADO PINZÓN,693.88,0,0.22,,0.33,1.5,0.0,,0.03,335.23,1.0
RV-M4369576,APARTAMENTO,VENTA,19.25,40.82,2.0,1.0,3921395.93,0.0,170 Y ALREDORES,4,ENTRE 0 Y 5 ANOS,4.76,-74.05,USADO,,0,0,0,0,0,0,0,0,0,0,False,SUBA,NUEVA ZELANDA,Portal Norte,587.39,0,PARQUE VECINAL URBANIZACIÓN VILANOVA,520.05,0,0.47,,0.0,2.0,0.0,,0.05,573.14,0.0
771-M4371679,APARTAMENTO,VENTA,20.56,122.0,3.0,3.0,3921395.93,2.0,SANTA BARBARA,5,ENTRE 5 Y 10 ANOS,4.7,-74.05,USADO,,0,0,0,0,0,0,0,0,0,0,False,USAQUEN,SANTA BARBARA OCCIDENTAL,Pepe Sierra,329.1,1,PARQUE ZONAL ATABANZA,1168.81,0,0.17,,0.67,1.0,0.0,,0.02,545.7,0.0
2671-M4081288,APARTAMENTO,VENTA,21.42,177.0,2.0,3.0,1526400.0,3.0,CHICO,6,ENTRE 5 Y 10 ANOS,4.66,-74.02,USADO,,0,0,0,0,0,0,0,0,0,0,False,CHAPINERO,LA ESPERANZA NORORIENTAL,Calle 85,4141.33,0,PARQUE VECINAL URBANIZACIÓN LA CABRERA,3082.22,0,0.12,,1.5,0.67,0.0,,0.01,2650.74,0.0
16606-M4735612,APARTAMENTO,VENTA,19.1,39.0,2.0,1.0,150000.0,1.0,,3,MAS DE 20 ANOS,4.63,-74.14,USADO,,0,0,0,1,0,1,1,0,0,1,False,KENNEDY,MANDALAY,Banderas,454.56,1,PARQUE VECINAL URBANIZACIÓN BURGOS BRITALIA 1,510.74,0,0.49,,0.5,2.0,0.0,,0.05,1261.98,0.0
470-M3114094,APARTAMENTO,VENTA,20.08,61.63,1.0,2.0,447700.0,1.0,CHICO,6,ENTRE 0 Y 5 ANOS,4.67,-74.05,USADO,,0,1,0,0,1,0,0,0,0,1,False,CHAPINERO,EL REFUGIO,Héroes - Gel´Hada,1696.5,0,PARQUE VECINAL URBANIZACIÓN LA CABRERA,713.09,0,0.33,,1.0,0.5,0.0,,0.02,704.18,0.0
5175-M4735718,APARTAMENTO,VENTA,21.42,270.0,4.0,3.0,1000000.0,2.0,CHICO,6,MAS DE 20 ANOS,4.67,-74.05,USADO,,0,1,0,0,0,0,0,0,0,1,False,CHAPINERO,S.C. EL CHICO,Virrey,1372.27,0,PARQUE VECINAL URBANIZACIÓN LA CABRERA,491.79,1,0.08,,0.5,1.33,0.0,,0.01,400.99,2.0
11813-M4676659,APARTAMENTO,VENTA,19.85,72.0,2.0,2.0,360000.0,1.0,,4,ENTRE 5 Y 10 ANOS,4.66,-74.08,USADO,,0,0,1,0,0,0,0,0,0,0,False,BARRIOS UNIDOS,SAN MIGUEL_,7 de Agosto,542.46,0,PARQUE METROPOLITANO PARQUE DE LOS NOVIOS,847.1,0,0.28,,0.5,1.0,0.0,,0.03,1439.29,0.0
34-M4419930,APARTAMENTO,VENTA,21.29,262.5,3.0,4.0,1459000.0,2.0,CHICO,6,MAS DE 20 ANOS,4.68,-74.05,USADO,,0,1,0,0,1,0,0,0,0,1,True,CHAPINERO,S.C. CHICO NORTE,Virrey,1371.94,0,PARQUE VECINAL URBANIZACIÓN LA CABRERA,712.49,0,0.08,,0.67,0.75,0.0,,0.01,236.94,1.0
15061-M3870961,APARTAMENTO,VENTA,19.97,80.0,2.0,3.0,775000.0,1.0,SANTA BARBARA,6,MAS DE 20 ANOS,4.69,-74.05,USADO,,0,1,0,0,1,0,0,0,0,1,False,USAQUEN,SANTA BIBIANA,Calle 106,533.64,0,PARQUE VECINAL URBANIZACIÓN NORMANDIA I II II Y IV SECTOR,1449.47,0,0.25,,0.5,0.67,0.0,,0.02,658.79,0.0
5175-4039,APARTAMENTO,VENTA,20.86,150.0,3.0,3.0,1500000.0,2.0,CHICO,6,ENTRE 10 Y 20 ANOS,4.68,-74.05,USADO,,0,0,0,1,1,0,0,0,0,1,True,CHAPINERO,S.C. CHICO NORTE,Calle 100 - Marketmedios,824.49,0,PARQUE ZONAL CANAL EL VIRREY EL CHICO,701.07,0,0.14,,0.67,1.0,0.0,,0.02,287.25,3.0
9947-M4461056,APARTAMENTO,VENTA,21.34,205.0,3.0,3.0,3921395.93,1.0,CHICO,6,MAS DE 20 ANOS,4.66,-74.05,USADO,,0,0,0,0,0,0,0,0,0,0,False,CHAPINERO,LOS ROSALES,Héroes - Gel´Hada,1767.73,0,PARQUE ZONAL SAN ANDRÉS,790.08,0,0.1,,0.33,1.0,0.0,,0.01,910.46,0.0
5175-M4696040,APARTAMENTO,VENTA,21.02,147.0,2.0,3.0,1015000.0,2.0,CHICO,6,ENTRE 10 Y 20 ANOS,4.67,-74.04,USADO,,0,1,0,1,0,0,0,0,0,1,False,CHAPINERO,EL REFUGIO,Héroes - Gel´Hada,1812.26,0,PARQUE VECINAL URBANIZACIÓN LA CABRERA,781.9,0,0.14,,1.0,0.67,0.0,,0.01,758.2,0.0
34-64337,APARTAMENTO,VENTA,21.59,244.46,2.0,4.0,1400000.0,3.0,CHICO,6,ENTRE 10 Y 20 ANOS,4.67,-74.05,USADO,,0,1,0,0,1,0,0,0,0,1,False,CHAPINERO,LA CABRERA,Héroes - Gel´Hada,1085.55,0,PARQUE VECINAL URBANIZACIÓN LA CABRERA,272.92,1,0.09,,1.5,0.5,0.0,,0.01,245.35,4.0
488-M3233671,APARTAMENTO,VENTA,19.21,61.0,3.0,2.0,140000.0,1.0,ALTOS DE SUBA Y CERROS DE SAN JORGE,2,ENTRE 0 Y 5 ANOS,4.76,-74.08,USADO,,0,0,0,0,0,0,0,0,0,0,False,SUBA,SALITRE II SECTOR,Portal Suba,1713.37,0,PARQUE ZONAL CAMPO VERDE,493.73,1,0.31,,0.33,1.5,0.0,,0.05,1637.6,0.0
3220-M3821195,APARTAMENTO,VENTA,21.81,290.0,3.0,5.0,2026000.0,3.0,SANTA BARBARA,6,MAS DE 20 ANOS,4.7,-74.04,USADO,,0,1,0,0,0,0,0,0,0,0,True,USAQUEN,SANTA BARBARA OCCIDENTAL,Pepe Sierra,1305.61,0,PARQUE METROPOLITANO EL COUNTRY,897.72,0,0.08,,1.0,0.6,0.0,,0.01,466.88,1.0
183-M4201600,APARTAMENTO,VENTA,20.07,89.92,3.0,3.0,494000.0,2.0,COLINA Y ALREDEDORES,4,ENTRE 10 Y 20 ANOS,4.74,-74.07,USADO,,0,0,0,0,1,0,0,0,0,1,False,SUBA,CASABLANCA (HACIENDA),21 Ángeles,1693.14,0,PARQUE ZONAL EL TOMILLAR,727.08,0,0.22,,0.67,1.0,0.0,,0.03,821.53,0.0
5340-M4503441,APARTAMENTO,VENTA,20.41,107.0,2.0,2.0,864000.0,2.0,CHICO,5,MAS DE 20 ANOS,4.67,-74.06,USADO,,0,1,0,0,1,0,0,0,0,1,False,CHAPINERO,S.C. ANTIGUO COUNTRY,Calle 85,94.87,1,PARQUE METROPOLITANO RECONCILIACIÓN,26.54,1,0.19,,1.0,1.0,0.0,,0.02,481.05,2.0
504-M4335627,APARTAMENTO,VENTA,19.76,29.85,1.0,1.0,340000.0,0.0,CENTRO Y ZONA COLONIAL,3,ENTRE 0 Y 5 ANOS,4.59,-74.07,USADO,,0,0,0,1,0,0,0,0,0,1,False,CANDELARIA,EGIPTO 2,Museo del Oro,931.49,0,PARQUE VECINAL DESARROLLO LOURDES,653.5,0,0.66,,0.0,1.0,0.0,,0.03,490.26,1.0
350-M3640468,APARTAMENTO,VENTA,19.92,125.0,3.0,4.0,371200.0,1.0,NIZA ALHAMBRA,4,MAS DE 20 ANOS,4.71,-74.07,USADO,,0,0,0,0,0,1,0,0,0,1,True,SUBA,NIZA SUR,Niza - Calle 127,354.29,1,PARQUE ZONAL LOS LACHES LA MINA,303.34,1,0.16,,0.33,0.75,0.0,,0.02,303.14,10.0
4796-M4120275,APARTAMENTO,VENTA,20.06,82.9,3.0,2.0,417000.0,2.0,COUNTRY,5,ENTRE 10 Y 20 ANOS,4.72,-74.04,USADO,,0,0,0,1,1,1,0,0,0,1,False,USAQUEN,LISBOA_,Alcalá,1701.31,0,PARQUE VECINAL NUEVA URBANIZACIÓN EL CEDRITO,904.05,0,0.24,,0.67,1.5,0.0,,0.04,402.14,2.0
416-M4123065,APARTAMENTO,VENTA,19.95,85.0,2.0,3.0,858500.0,2.0,,6,MAS DE 20 ANOS,4.68,-74.05,USADO,,0,1,0,0,1,0,0,0,0,0,False,CHAPINERO,S.C. CHICO NORTE,Virrey,1274.06,0,PARQUE ZONAL CANAL EL VIRREY EL CHICO,843.46,0,0.23,,1.0,0.67,0.0,,0.02,132.15,2.0
920-42152361,APARTAMENTO,VENTA,20.29,98.0,2.0,3.0,800000.0,1.0,CHICO,6,MAS DE 20 ANOS,4.68,-74.05,USADO,,0,0,0,0,1,0,0,0,0,1,False,CHAPINERO,S.C. CHICO NORTE III SECTOR,Calle 100 - Marketmedios,879.93,0,PARQUE ZONAL CANAL EL VIRREY EL CHICO,1061.06,0,0.21,,0.5,0.67,0.0,,0.02,219.77,3.0
4796-M3976082,APARTAMENTO,VENTA,20.07,106.26,3.0,2.0,590000.0,1.0,NIZA ALHAMBRA,5,MAS DE 20 ANOS,4.71,-74.06,USADO,,0,0,0,0,1,0,0,0,0,1,False,SUBA,EL BATAN,Humedal Córdoba,904.1,0,PARQUE ZONAL CANAL CORDOBA,514.73,0,0.19,,0.33,1.5,0.0,,0.03,1141.56,0.0
10930-M4516783,APARTAMENTO,VENTA,20.26,91.0,2.0,2.0,3921395.93,1.0,,4,MAS DE 20 ANOS,4.63,-74.1,USADO,,0,0,0,0,1,0,0,0,0,0,False,TEUSAQUILLO,ORTEZAL CADIZ,Quinta Paredes,610.8,0,PARQUE VECINAL SANTA CLARA,205.08,1,0.22,,0.5,1.0,0.0,,0.02,744.62,0.0
2412-M4709926,APARTAMENTO,VENTA,20.91,195.0,3.0,4.0,490000.0,0.0,COLINA Y ALREDEDORES,5,ENTRE 10 Y 20 ANOS,4.74,-74.06,USADO,,0,0,0,0,0,0,0,0,0,0,False,SUBA,URB. LA SIRENA,Gratamira,1645.05,0,PARQUE VECINAL DESARROLLO CANTALEJO URBANIZACIÓN CANTALEJO MANZANA B,920.89,0,0.11,,0.0,0.75,0.0,,0.02,602.45,0.0
RV-M4622367,APARTAMENTO,VENTA,19.67,81.34,3.0,2.0,3921395.93,1.0,,4,ENTRE 10 Y 20 ANOS,4.77,-74.04,USADO,,0,0,0,0,0,0,0,0,0,0,False,USAQUEN,MARANTA I Y II Y III SECTOR,Terminal,358.4,1,PARQUE VECINAL DESARROLLO VERBENAL I,232.58,1,0.24,,0.33,1.5,0.0,,0.04,523.55,0.0
RV-M4656581,APARTAMENTO,VENTA,19.81,71.0,3.0,2.0,3921395.93,1.0,PUENTE ARANDA,3,ENTRE 5 Y 10 ANOS,4.63,-74.11,USADO,,0,0,0,0,0,0,0,0,0,0,False,PUENTE ARANDA,PUENTE ARANDA,Puente Aranda,719.94,0,PARQUE METROPOLITANO PARQUE CENTRAL SIMÓN BOLÍVAR,555.1,0,0.28,,0.33,1.5,0.0,,0.04,1027.07,0.0
2671-M3287124,APARTAMENTO,VENTA,21.28,207.0,4.0,4.0,1140000.0,2.0,CHICO,6,MAS DE 20 ANOS,4.66,-74.05,USADO,,0,0,0,0,0,0,0,0,0,0,False,CHAPINERO,S.C. BELLAVISTA,Calle 72,1116.19,0,PARQUE ZONAL SAN ANDRÉS,792.12,0,0.1,,0.5,1.0,0.0,,0.02,392.56,1.0
RV-M4372098,APARTAMENTO,VENTA,19.41,52.66,2.0,1.0,3921395.93,1.0,CEDRITOS,4,MAS DE 20 ANOS,4.73,-74.05,USADO,,0,0,0,0,0,0,0,0,0,0,False,USAQUEN,LOS CAOBOS,Calle 146,376.95,1,PARQUE VECINAL PRADO PINZÓN,820.71,0,0.37,,0.5,2.0,0.0,,0.04,946.76,0.0
RV-M4554158,APARTAMENTO,VENTA,20.13,125.2,3.0,4.0,3921395.93,2.0,NORMANDIA,4,MAS DE 20 ANOS,4.67,-74.11,USADO,,0,0,0,0,0,0,0,0,0,0,False,ENGATIVA,NORMANDIA OCCIDENTAL,Normandía,423.0,1,PARQUE VECINAL MODELIA SECTOR A,1169.17,0,0.16,,0.67,0.75,0.0,,0.02,556.35,0.0
59-M4701432,APARTAMENTO,VENTA,20.62,129.13,4.0,4.0,679000.0,2.0,SANTA BARBARA,6,ENTRE 10 Y 20 ANOS,4.7,-74.04,USADO,,0,0,0,0,0,0,0,0,0,0,False,USAQUEN,SANTA BARBARA CENTRAL I SECTOR,Pepe Sierra,1589.42,0,PARQUE METROPOLITANO EL COUNTRY,864.56,0,0.16,,0.5,1.0,0.0,,0.03,656.78,0.0
3568-M3677266,APARTAMENTO,VENTA,20.15,48.0,1.0,2.0,3921395.93,1.0,CHICO,6,ENTRE 0 Y 5 ANOS,4.67,-74.04,USADO,,0,0,0,0,1,0,0,0,0,1,False,CHAPINERO,EL REFUGIO,Héroes - Gel´Hada,1732.95,0,PARQUE VECINAL URBANIZACIÓN LA CABRERA,690.33,0,0.42,,1.0,0.5,0.0,,0.02,665.67,0.0
989-M3027567,APARTAMENTO,VENTA,19.92,90.0,2.0,3.0,398000.0,1.0,COUNTRY,5,MAS DE 20 ANOS,4.7,-74.03,USADO,,0,1,0,0,0,0,0,0,0,1,False,USAQUEN,BELLA SUIZA,Calle 127,2499.47,0,PARQUE METROPOLITANO EL COUNTRY,757.54,0,0.22,,0.5,0.67,0.0,,0.02,720.35,0.0
16425-M4623778,APARTAMENTO,VENTA,19.01,55.0,3.0,1.0,250000.0,0.0,,3,MAS DE 20 ANOS,4.74,-74.04,USADO,,0,0,0,0,0,0,0,0,0,1,False,USAQUEN,LAS ORQUIDEAS,Toberin - Foundever,649.15,0,PARQUE VECINAL URBANIZACIÓN TOBERIN,249.96,1,0.35,,0.0,3.0,0.0,,0.05,763.64,0.0
350-M4475723,APARTAMENTO,VENTA,19.61,65.0,3.0,2.0,3921395.93,1.0,ENGATIVA,3,ENTRE 0 Y 5 ANOS,4.7,-74.1,USADO,,0,0,0,0,0,0,0,0,0,1,False,ENGATIVA,AGUAS CLARAS,Granja - Kr 77,653.95,0,PARQUE VECINAL URBANIZACIÓN FLORENCIA I SECTOR,626.04,0,0.3,,0.33,1.5,0.0,,0.05,1629.67,0.0
34-M3661855,APARTAMENTO,VENTA,20.91,124.0,3.0,3.0,823000.0,2.0,CHICO,6,ENTRE 10 Y 20 ANOS,4.67,-74.04,USADO,,0,1,0,0,1,0,0,0,0,1,False,CHAPINERO,EL REFUGIO,Calle 85,1698.3,0,PARQUE VECINAL URBANIZACIÓN LA CABRERA,638.8,0,0.17,,0.67,1.0,0.0,,0.02,602.68,0.0
34-M4742502,APARTAMENTO,VENTA,20.96,139.0,3.0,3.0,660000.0,1.0,CHICO,6,MAS DE 20 ANOS,4.67,-74.05,USADO,,0,1,0,0,1,0,0,0,0,1,False,CHAPINERO,S.C. EL NOGAL,Héroes - Gel´Hada,1007.53,0,PARQUE ZONAL SAN ANDRÉS,107.69,1,0.15,,0.33,1.0,0.0,,0.02,152.22,4.0
9947-M4555736,APARTAMENTO,VENTA,20.95,202.0,3.0,3.0,3921395.93,3.0,SANTA BARBARA,5,ENTRE 10 Y 20 ANOS,4.69,-74.04,USADO,,0,1,0,0,0,0,0,0,0,0,False,USAQUEN,RINCON DEL CHICO,Calle 106,1446.35,0,PARQUE ZONAL CANAL EL VIRREY EL CHICO,1927.28,0,0.1,,1.0,1.0,0.0,,0.01,633.75,0.0
4566-M4602547,APARTAMENTO,VENTA,19.97,78.0,3.0,2.0,731000.0,2.0,SANTA BARBARA,6,MAS DE 20 ANOS,4.7,-74.05,USADO,,0,1,0,0,0,0,0,0,0,0,False,USAQUEN,SAN PATRICIO,Pepe Sierra,906.65,0,PARQUE METROPOLITANO EL COUNTRY,1241.08,0,0.26,,0.67,1.5,0.0,,0.04,80.45,3.0
5044-M4616725,APARTAMENTO,VENTA,20.0,85.0,3.0,2.0,430000.0,2.0,SANTA BARBARA,6,MAS DE 20 ANOS,4.7,-74.05,USADO,,0,0,0,0,1,0,0,0,0,1,True,USAQUEN,SANTA BARBARA OCCIDENTAL,Calle 127,286.41,1,PARQUE ZONAL ATABANZA,849.61,0,0.24,,0.67,1.5,0.0,,0.04,120.44,5.0
34-M3289265,APARTAMENTO,VENTA,20.18,132.0,3.0,3.0,300000.0,1.0,CHAPINERO ALTO,3,ENTRE 10 Y 20 ANOS,4.65,-74.06,USADO,,0,1,0,0,0,0,0,0,0,1,False,CHAPINERO,S.C. CHAPINERO NORTE,Flores – Areandina,199.89,1,PARQUE ZONAL LA ESTACIÓN,1152.86,0,0.15,,0.33,1.0,0.0,,0.02,95.93,1.0
183-M4701936,APARTAMENTO,VENTA,20.05,87.0,3.0,2.0,410000.0,2.0,COLINA Y ALREDEDORES,5,ENTRE 5 Y 10 ANOS,4.73,-74.06,USADO,,0,1,0,0,1,0,0,0,0,1,False,SUBA,SAN JOSE DEL PRADO - URB. ECHEVERRIA,Alcalá,1134.78,0,PARQUE VECINAL PRADO PINZÓN,779.85,0,0.23,,0.67,1.5,0.0,,0.03,298.03,1.0
2671-M3290510,APARTAMENTO,VENTA,21.68,316.0,3.0,4.0,2045000.0,3.0,CEDRITOS,6,MAS DE 20 ANOS,4.72,-74.04,USADO,,0,0,0,0,0,1,0,0,0,1,True,USAQUEN,CEDRITOS,Alcalá,1526.62,0,PARQUE VECINAL NUEVA URBANIZACIÓN EL CEDRITO,649.2,0,0.07,,1.0,0.75,0.0,,0.01,40.58,1.0
12937-M4592252,APARTAMENTO,VENTA,20.89,207.0,3.0,4.0,3921395.93,3.0,SANTA BARBARA,6,ENTRE 10 Y 20 ANOS,4.7,-74.05,USADO,,0,0,0,0,0,0,0,0,0,0,False,USAQUEN,SANTA BARBARA OCCIDENTAL,Pepe Sierra,915.17,0,PARQUE METROPOLITANO EL COUNTRY,1092.46,0,0.1,,1.0,0.75,0.0,,0.01,227.15,1.0
5521-M3663930,APARTAMENTO,VENTA,21.33,299.0,3.0,4.0,1700000.0,3.0,CHICO,6,MAS DE 20 ANOS,4.68,-74.04,USADO,,0,1,0,1,1,0,0,0,0,1,True,CHAPINERO,S.C. CHICO NORTE,Virrey,1674.97,0,PARQUE VECINAL URBANIZACIÓN LA CABRERA,953.92,0,0.07,,1.0,0.75,0.0,,0.01,496.83,1.0
34-M4447921,APARTAMENTO,VENTA,20.05,95.0,3.0,3.0,300000.0,1.0,CEDRITOS,4,MAS DE 20 ANOS,4.72,-74.04,USADO,,0,0,0,0,1,0,0,0,0,1,False,USAQUEN,CEDRITOS,Alcalá,1587.88,0,PARQUE VECINAL NUEVA URBANIZACIÓN EL CEDRITO,446.84,1,0.21,,0.33,1.0,0.0,,0.03,218.13,1.0
34-M2874086,APARTAMENTO,VENTA,20.08,61.63,1.0,2.0,416400.0,1.0,CHICO,6,ENTRE 5 Y 10 ANOS,4.67,-74.05,USADO,,0,1,0,0,1,0,0,0,0,1,False,CHAPINERO,EL REFUGIO,Héroes - Gel´Hada,1696.5,0,PARQUE VECINAL URBANIZACIÓN LA CABRERA,713.09,0,0.33,,1.0,0.5,0.0,,0.02,704.18,0.0
164-M3604956,APARTAMENTO,VENTA,20.52,91.24,4.0,3.0,600000.0,2.0,NIZA ALHAMBRA,5,REMODELADO,4.7,-74.06,USADO,,0,1,0,0,1,0,0,0,0,1,False,SUBA,URB. ALHAMBRA SUR ORIENTAL,Pepe Sierra,169.14,1,PARQUE ZONAL CANAL CORDOBA,1067.65,0,0.22,,0.5,1.33,0.0,,0.04,715.31,0.0
5545-M4689211,APARTAMENTO,VENTA,19.41,57.0,2.0,1.0,283000.0,1.0,CEDRITOS,4,ENTRE 10 Y 20 ANOS,4.73,-74.03,USADO,,0,0,0,0,0,0,0,0,0,0,False,USAQUEN,CEDRO SALAZAR,Calle 146,2182.01,0,PARQUE ZONAL ALTA BLANCA,608.53,0,0.34,,0.5,2.0,0.0,,0.04,283.88,1.0
847-M4687145,APARTAMENTO,VENTA,19.21,37.0,2.0,1.0,120000.0,0.0,SALITRE MODELIA,3,ENTRE 0 Y 5 ANOS,4.66,-74.12,USADO,,0,0,0,1,0,1,0,0,0,1,False,FONTIBON,LA ESPERANZA_,Normandía,1432.19,0,PARQUE ZONAL CANAL BOYACA,643.05,0,0.52,,0.0,2.0,0.0,,0.05,531.83,0.0
11139-M4459869,APARTAMENTO,VENTA,19.23,78.0,3.0,2.0,148000.0,0.0,ALTOS DE SUBA Y CERROS DE SAN JORGE,3,ENTRE 10 Y 20 ANOS,4.76,-74.1,USADO,,0,0,0,0,0,0,0,0,0,0,False,SUBA,LOS ALMENDROS DEL NORTE,Portal Suba,1246.8,0,PARQUE VECINAL URBANIZACIÓN LOMBARDIA II ETAPA,1025.27,0,0.25,,0.0,1.5,0.0,,0.04,951.46,0.0
34-M4558433,APARTAMENTO,VENTA,19.86,70.7,2.0,2.0,290000.0,1.0,CEDRITOS,4,MAS DE 20 ANOS,4.72,-74.03,USADO,,0,0,0,0,1,0,0,0,0,1,False,USAQUEN,ACACIAS USAQUEN,Calle 142,1867.01,0,PARQUE VECINAL NUEVA URBANIZACIÓN EL CEDRITO,100.61,1,0.28,,0.5,1.0,0.0,,0.03,507.01,0.0
34-63461,APARTAMENTO,VENTA,19.76,60.0,2.0,2.0,692500.0,1.0,SANTA BARBARA,6,ENTRE 10 Y 20 ANOS,4.7,-74.04,USADO,,0,0,0,0,1,0,0,0,0,1,False,USAQUEN,SANTA BARBARA CENTRAL I SECTOR,Pepe Sierra,1464.81,0,PARQUE METROPOLITANO EL COUNTRY,803.55,0,0.33,,0.5,1.0,0.0,,0.03,530.33,0.0
2671-M4333768,APARTAMENTO,VENTA,20.91,175.0,3.0,5.0,1580000.0,4.0,SANTA BARBARA,5,ENTRE 10 Y 20 ANOS,4.7,-74.05,USADO,,0,1,0,0,0,0,0,0,0,1,False,USAQUEN,SANTA BARBARA OCCIDENTAL,Calle 127,821.65,0,PARQUE METROPOLITANO EL COUNTRY,953.74,0,0.12,,1.33,0.6,0.0,,0.02,567.23,0.0
3422-M4701092,APARTAMENTO,VENTA,20.21,96.0,3.0,3.0,745000.0,2.0,CERROS DE SUBA,6,ENTRE 5 Y 10 ANOS,4.71,-74.08,USADO,,0,1,0,1,1,0,0,0,0,1,False,SUBA,URB. KYRA,Niza - Calle 127,1076.36,0,PARQUE METROPOLITANO CEFE COMETAS,396.0,1,0.21,,0.67,1.0,0.0,,0.03,1070.57,0.0
2123-M3354714,APARTAMENTO,VENTA,21.24,227.0,4.0,5.0,1450000.0,3.0,COUNTRY,6,ENTRE 10 Y 20 ANOS,4.71,-74.03,USADO,,0,0,0,1,1,1,0,0,0,1,False,USAQUEN,BOSQUES DE MEDINA,Prado,2891.79,0,PARQUE METROPOLITANO EL COUNTRY,1420.61,0,0.09,,0.75,0.8,0.0,,0.02,589.94,0.0
2266-M4645701,APARTAMENTO,VENTA,20.07,106.0,4.0,3.0,320000.0,1.0,NICOLAS DE FEDERMAN,4,MAS DE 20 ANOS,4.65,-74.09,USADO,,0,1,0,0,0,0,0,0,0,1,False,TEUSAQUILLO,LA ESMERALDA,Gobernación,870.3,0,PARQUE ZONAL NICOLAS DE FEDERMAN 3,811.77,0,0.19,,0.25,1.33,0.0,,0.04,285.88,1.0
603-M4417949,APARTAMENTO,VENTA,20.03,135.0,3.0,3.0,587000.0,2.0,NIZA ALHAMBRA,5,MAS DE 20 ANOS,4.7,-74.06,USADO,,0,0,0,0,0,1,0,0,0,1,False,SUBA,EL BATAN,Calle 127,640.77,0,PARQUE ZONAL ATABANZA,516.95,0,0.15,,0.67,1.0,0.0,,0.02,804.08,0.0
3606-M4476669,APARTAMENTO,VENTA,20.39,56.0,2.0,2.0,410000.0,1.0,NICOLAS DE FEDERMAN,4,MAS DE 20 ANOS,4.65,-74.08,USADO,,1,0,0,0,1,1,0,0,0,1,False,TEUSAQUILLO,CAMPIN OCCIDENTAL,Movistar Arena,291.53,1,PARQUE ESCENARIO DEPORTIVO EL CAMPINCITO - CEAD,299.93,1,0.36,,0.5,1.0,0.0,,0.04,262.11,1.0
2195-M4699203,APARTAMENTO,VENTA,19.79,68.56,2.0,2.0,611600.0,1.0,,5,MAS DE 20 ANOS,4.72,-74.05,USADO,,0,1,0,0,1,0,0,0,0,1,False,USAQUEN,LOS CEDRITOS,Calle 142,280.07,1,PARQUE VECINAL PRADO PINZÓN,506.24,0,0.29,,0.5,1.0,0.0,,0.03,542.97,0.0
11307-M4204247,APARTAMENTO,VENTA,19.77,58.57,1.0,2.0,317000.0,1.0,CEDRITOS,4,ENTRE 5 Y 10 ANOS,4.72,-74.03,USADO,,0,0,0,0,0,0,0,0,0,1,False,USAQUEN,BELMIRA,Calle 142,2151.91,0,PARQUE VECINAL NUEVA URBANIZACIÓN EL CEDRITO,313.53,1,0.34,,1.0,0.5,0.0,,0.02,632.46,0.0
416-M4464726,APARTAMENTO,VENTA,19.21,26.0,1.0,1.0,160000.0,0.0,,3,ENTRE 0 Y 5 ANOS,4.65,-74.07,USADO,,0,0,0,1,1,0,0,0,0,0,False,CHAPINERO,S.C. CHAPINERO CENTRAL,Calle 57,245.37,1,PARQUE ESCENARIO DEPORTIVO EL CAMPINCITO - CEAD,1419.29,0,0.74,,0.0,1.0,0.0,,0.04,958.13,0.0
603-M4421093,APARTAMENTO,VENTA,20.55,140.0,3.0,3.0,680000.0,2.0,NIZA ALHAMBRA,6,ENTRE 10 Y 20 ANOS,4.69,-74.06,USADO,,0,0,0,0,1,0,0,0,0,1,False,SUBA,PASADENA - CONJUNTO EL RINCON DE LA 100,Suba - Calle 100,169.89,1,PARQUE ZONAL CANAL RIO NEGRO,919.45,0,0.15,,0.67,1.0,0.0,,0.02,105.08,1.0
10159-M4563419,APARTAMENTO,VENTA,20.25,94.5,3.0,2.0,417600.0,1.0,SALITRE MODELIA,4,ENTRE 5 Y 10 ANOS,4.67,-74.12,USADO,,0,0,0,1,1,0,1,0,0,1,False,FONTIBON,SANTA_CECILIA,Modelia,176.61,1,PARQUE VECINAL MODELIA SECTOR A,532.15,0,0.21,,0.33,1.5,0.0,,0.03,994.32,0.0
416-M4563168,APARTAMENTO,VENTA,21.6,238.0,3.0,4.0,1642000.0,3.0,,6,ENTRE 10 Y 20 ANOS,4.67,-74.04,USADO,,0,1,0,1,1,0,0,0,0,0,False,CHAPINERO,EL REFUGIO,Héroes - Gel´Hada,1833.5,0,PARQUE VECINAL URBANIZACIÓN LA CABRERA,866.27,0,0.09,,1.0,0.75,0.0,,0.01,855.86,0.0
416-M4640357,APARTAMENTO,VENTA,20.05,70.0,2.0,2.0,632000.0,2.0,,6,ENTRE 10 Y 20 ANOS,4.7,-74.05,USADO,,0,0,0,0,1,0,0,0,0,0,False,USAQUEN,SANTA BARBARA OCCIDENTAL,Calle 127,914.73,0,PARQUE METROPOLITANO EL COUNTRY,1009.01,0,0.29,,1.0,1.0,0.0,,0.03,355.1,1.0
11312-M4527512,APARTAMENTO,VENTA,20.84,102.06,2.0,2.0,3921395.93,2.0,SANTA BARBARA,6,ENTRE 0 Y 5 ANOS,4.7,-74.05,USADO,,0,0,0,1,1,1,0,0,0,0,False,USAQUEN,SANTA BARBARA OCCIDENTAL,Pepe Sierra,746.64,0,PARQUE METROPOLITANO EL COUNTRY,1240.77,0,0.2,,1.0,1.0,0.0,,0.02,300.39,2.0
416-M4583207,APARTAMENTO,VENTA,20.1,93.0,3.0,2.0,1800000.0,2.0,,3,ENTRE 0 Y 5 ANOS,4.74,-74.08,USADO,,0,1,0,1,1,0,0,0,0,0,False,SUBA,CASA BLANCA I,21 Ángeles,757.7,0,PARQUE ZONAL EL TOMILLAR,309.42,1,0.22,,0.67,1.5,0.0,,0.03,1254.95,0.0
11013-M4684643,APARTAMENTO,VENTA,20.72,158.0,3.0,4.0,500000.0,2.0,COLINA Y ALREDEDORES,5,ENTRE 0 Y 5 ANOS,4.72,-74.06,USADO,,0,0,0,0,1,0,0,0,0,1,False,SUBA,SAN JOSE DEL PRADO - URB. ECHEVERRIA,Alcalá,1140.91,0,PARQUE VECINAL PRADO PINZÓN,802.87,0,0.13,,0.67,0.75,0.0,,0.02,263.66,1.0
16297-M4575003,APARTAMENTO,VENTA,19.76,80.0,3.0,2.0,285000.0,1.0,COLINA Y ALREDEDORES,4,ENTRE 10 Y 20 ANOS,4.74,-74.06,USADO,,0,1,0,0,0,1,0,0,0,1,False,SUBA,MAZUREN,Mazurén,976.97,0,PARQUE VECINAL URBANIZACIÓN LA LAGUNA,492.65,1,0.25,,0.33,1.5,0.0,,0.04,1085.85,0.0
2469-M3186693,APARTAMENTO,VENTA,19.97,70.0,1.0,2.0,10000.0,2.0,SANTA BARBARA,6,ENTRE 5 Y 10 ANOS,4.69,-74.05,USADO,,0,1,1,0,1,1,0,0,0,1,False,USAQUEN,SANTA BIBIANA,Calle 106,535.38,0,PARQUE VECINAL URBANIZACIÓN NORMANDIA I II II Y IV SECTOR,1401.3,0,0.29,,2.0,0.5,0.0,,0.01,654.33,0.0
3390-M2880490,APARTAMENTO,VENTA,20.86,191.0,2.0,3.0,1031000.0,2.0,CHICO,6,MAS DE 20 ANOS,4.67,-74.04,USADO,,0,0,0,0,1,1,0,0,0,1,False,CHAPINERO,EL REFUGIO,Calle 85,1840.66,0,PARQUE VECINAL URBANIZACIÓN LA CABRERA,780.58,0,0.11,,1.0,0.67,0.0,,0.01,740.35,0.0
771-M4371161,APARTAMENTO,VENTA,21.31,200.0,3.0,3.0,1500000.0,3.0,COUNTRY,6,ENTRE 10 Y 20 ANOS,4.71,-74.03,USADO,,0,0,0,0,0,0,0,0,0,0,False,USAQUEN,BOSQUES DE MEDINA,Prado,3096.76,0,PARQUE METROPOLITANO EL COUNTRY,1622.3,0,0.11,,1.0,1.0,0.0,,0.02,755.19,0.0
133-M4554351,APARTAMENTO,VENTA,20.26,115.0,2.0,2.0,650000.0,2.0,COLINA Y ALREDEDORES,4,ENTRE 10 Y 20 ANOS,4.73,-74.06,USADO,,0,0,0,0,0,0,0,0,0,0,False,SUBA,URB. EUCALIPTOS DE LA COLINA,Gratamira,1221.13,0,PARQUE VECINAL URBANIZACIÓN LA LAGUNA,1156.82,0,0.18,,1.0,1.0,0.0,,0.02,335.79,2.0
3519-M2908324,APARTAMENTO,VENTA,20.18,134.2,3.0,2.0,660000.0,1.0,SANTA BARBARA,6,MAS DE 20 ANOS,4.7,-74.04,USADO,,0,1,1,0,1,0,0,0,0,1,False,USAQUEN,SAN PATRICIO,Pepe Sierra,1243.22,0,PARQUE METROPOLITANO EL COUNTRY,1234.51,0,0.15,,0.33,1.5,0.0,,0.02,367.85,2.0
851-M2621643,APARTAMENTO,VENTA,20.72,114.0,3.0,4.0,861000.0,2.0,CHICO,6,ENTRE 10 Y 20 ANOS,4.68,-74.05,USADO,,0,1,0,1,1,0,0,0,0,1,False,CHAPINERO,S.C. CHICO NORTE,Virrey,574.91,0,PARQUE ZONAL CANAL EL VIRREY EL CHICO,477.46,1,0.18,,0.67,0.75,0.0,,0.03,305.66,3.0
9947-M4307432,APARTAMENTO,VENTA,20.91,145.0,3.0,3.0,3921395.93,2.0,COUNTRY,6,ENTRE 5 Y 10 ANOS,4.71,-74.04,USADO,,0,0,0,0,0,0,0,0,0,0,False,USAQUEN,LA_CAROLINA,Calle 127,1375.58,0,PARQUE METROPOLITANO EL COUNTRY,376.18,1,0.14,,0.67,1.0,0.0,,0.02,243.17,1.0
34-M3398539,APARTAMENTO,VENTA,20.77,130.0,2.0,3.0,1018500.0,2.0,CHICO,6,MAS DE 20 ANOS,4.68,-74.05,USADO,,0,1,0,0,0,0,0,0,0,0,False,CHAPINERO,S.C. CHICO NORTE,Virrey,1313.45,0,PARQUE ZONAL CANAL EL VIRREY EL CHICO,891.16,0,0.16,,1.0,0.67,0.0,,0.02,179.15,2.0
2765-M4460852,APARTAMENTO,VENTA,20.49,142.0,3.0,3.0,450000.0,2.0,COLINA Y ALREDEDORES,5,ENTRE 10 Y 20 ANOS,4.74,-74.06,USADO,,0,0,0,0,0,0,0,0,0,0,False,SUBA,URB. LA SIRENA,Mazurén,1696.05,0,PARQUE VECINAL DESARROLLO CANTALEJO URBANIZACIÓN CANTALEJO MANZANA B,805.68,0,0.14,,0.67,1.0,0.0,,0.02,750.31,0.0
4337-M4337948,APARTAMENTO,VENTA,19.92,70.0,1.0,2.0,3921395.93,1.0,SANTA BARBARA,5,ENTRE 10 Y 20 ANOS,4.69,-74.05,USADO,,0,0,0,0,0,0,0,0,0,0,False,USAQUEN,SAN PATRICIO,Pepe Sierra,1097.91,0,PARQUE METROPOLITANO EL COUNTRY,1403.69,0,0.28,,1.0,0.5,0.0,,0.01,169.78,3.0
2671-M3348926,APARTAMENTO,VENTA,20.19,90.0,3.0,2.0,328000.0,2.0,CEDRITOS,4,ENTRE 0 Y 5 ANOS,4.73,-74.03,USADO,,0,0,0,0,1,1,0,0,0,1,False,USAQUEN,CAOBOS SALAZAR,Calle 146,1941.9,0,PARQUE VECINAL NUEVA URBANIZACIÓN EL CEDRITO,299.22,1,0.22,,0.67,1.5,0.0,,0.03,453.06,1.0
3057-M4550735,APARTAMENTO,VENTA,19.56,67.0,2.0,2.0,405000.0,1.0,COLINA Y ALREDEDORES,4,REMODELADO,4.73,-74.06,USADO,,0,1,0,0,1,0,0,0,0,1,False,SUBA,LA VICTORIA NORTE,Calle 146,665.93,0,PARQUE VECINAL URBANIZACIÓN LA LAGUNA,120.88,1,0.29,,0.5,1.0,0.0,,0.03,1255.18,0.0
15333-M4292699,APARTAMENTO,VENTA,19.83,50.0,1.0,2.0,609000.0,1.0,SANTA BARBARA,6,ENTRE 0 Y 5 ANOS,4.7,-74.05,USADO,,0,1,0,0,1,0,0,0,0,1,False,USAQUEN,SANTA BARBARA OCCIDENTAL,Calle 127,854.13,0,PARQUE METROPOLITANO EL COUNTRY,1011.76,0,0.4,,1.0,0.5,0.0,,0.02,422.54,1.0
12503-M3398217,APARTAMENTO,VENTA,20.29,122.0,3.0,3.0,980000.0,2.0,CHICO,6,MAS DE 20 ANOS,4.66,-74.05,USADO,,0,0,0,1,1,0,0,0,0,0,False,CHAPINERO,LOS ROSALES,Calle 72,1513.66,0,PARQUE ZONAL GUSTAVO URIBE BOTERO,819.22,0,0.17,,0.67,1.0,0.0,,0.02,768.29,0.0
164-M4598340,APARTAMENTO,VENTA,19.67,57.95,3.0,2.0,3921395.93,1.0,FONTIBON TINTAL,4,REMODELADO,4.66,-74.13,USADO,,0,0,0,0,1,0,0,0,0,1,False,FONTIBON,EL TINTAL A.S.D.,Normandía,2198.8,0,PARQUE ZONAL CANAL BOYACA,1425.94,0,0.34,,0.33,1.5,0.0,,0.05,519.37,0.0
2671-M3338083,APARTAMENTO,VENTA,20.8,149.0,3.0,3.0,770000.0,2.0,COUNTRY,6,MAS DE 20 ANOS,4.71,-74.04,USADO,,0,0,0,0,1,0,0,0,0,1,False,USAQUEN,S.C. LA CAROLINA,Calle 127,2025.81,0,PARQUE METROPOLITANO EL COUNTRY,331.63,1,0.14,,0.67,1.0,0.0,,0.02,636.31,0.0
771-M4399956,APARTAMENTO,VENTA,20.39,98.0,2.0,2.0,720000.0,1.0,CHICO,6,MAS DE 20 ANOS,4.67,-74.05,USADO,,0,0,0,0,0,0,0,0,0,1,False,CHAPINERO,LA CABRERA,Héroes - Gel´Hada,1494.37,0,PARQUE ZONAL SAN ANDRÉS,562.28,0,0.21,,0.5,1.0,0.0,,0.02,601.2,0.0
10159-M4662301,APARTAMENTO,VENTA,19.43,71.87,3.0,2.0,3921395.93,0.0,COLINA Y ALREDEDORES,3,MAS DE 20 ANOS,4.73,-74.05,USADO,,0,0,0,0,0,0,0,0,0,0,False,SUBA,PRADO PINZON,Calle 142,68.86,1,PARQUE VECINAL PRADO PINZÓN,310.92,1,0.27,,0.0,1.5,0.0,,0.04,826.87,0.0
34-M3398692,APARTAMENTO,VENTA,20.55,117.2,3.0,3.0,3921395.93,2.0,CHICO,6,ENTRE 10 Y 20 ANOS,4.69,-74.05,USADO,,0,1,0,0,0,0,0,0,0,0,False,CHAPINERO,S.C. CHICO NORTE III SECTOR,Calle 100 - Marketmedios,340.56,1,PARQUE VECINAL URBANIZACIÓN NORMANDIA I II II Y IV SECTOR,969.04,0,0.18,,0.67,1.0,0.0,,0.03,491.65,1.0
815-M4505287,APARTAMENTO,VENTA,20.72,180.0,3.0,3.0,922000.0,1.0,CHICO,6,MAS DE 20 ANOS,4.67,-74.05,USADO,,0,0,0,0,0,0,0,0,0,1,False,CHAPINERO,S.C. CHICO NORTE,Virrey,1349.61,0,PARQUE VECINAL URBANIZACIÓN LA CABRERA,571.18,0,0.12,,0.33,1.0,0.0,,0.02,332.76,2.0
661-M4431291,APARTAMENTO,VENTA,19.45,62.0,3.0,2.0,230000.0,1.0,CASTILLA MARSELLA,3,ENTRE 5 Y 10 ANOS,4.64,-74.14,USADO,,0,0,0,0,1,0,0,0,0,1,False,KENNEDY,SAN JUAN DE CASTILLA,Banderas,1558.44,0,PARQUE ZONAL CASTILLA,716.98,0,0.31,,0.33,1.5,0.0,,0.05,1582.44,0.0
164-M3643859,APARTAMENTO,VENTA,20.09,121.19,3.0,3.0,3921395.93,1.0,LA SOLEDAD,4,REMODELADO,4.64,-74.08,USADO,,0,0,0,0,0,0,0,0,0,0,False,TEUSAQUILLO,BELALCAZAR,Universidad Nacional,247.16,1,PARQUE ESCENARIO DEPORTIVO EL CAMPINCITO - CEAD,783.04,0,0.17,,0.33,1.0,0.0,,0.02,569.49,0.0
4566-M3947826,APARTAMENTO,VENTA,21.39,260.0,3.0,3.0,1151000.0,3.0,,6,ENTRE 10 Y 20 ANOS,4.71,-74.07,USADO,,0,0,0,0,0,0,0,0,0,1,False,SUBA,NIZA SUR,Niza - Calle 127,106.82,1,PARQUE ZONAL LOS LACHES LA MINA,0.22,1,0.08,,1.0,1.0,0.0,,0.01,0.22,10.0
3284-M4414932,APARTAMENTO,VENTA,19.62,61.0,2.0,2.0,314000.0,1.0,CEDRITOS,4,MAS DE 20 ANOS,4.72,-74.03,USADO,,0,0,0,0,1,0,0,0,0,1,False,USAQUEN,LAS_ACACIAS,Calle 142,2523.65,0,PARQUE VECINAL NUEVA URBANIZACIÓN EL CEDRITO,627.03,0,0.32,,0.5,1.0,0.0,,0.03,583.1,0.0
603-M4421014,APARTAMENTO,VENTA,20.86,209.0,3.0,4.0,1483000.0,2.0,SANTA BARBARA,5,ENTRE 5 Y 10 ANOS,4.7,-74.04,USADO,,0,0,0,0,0,0,0,0,0,1,True,USAQUEN,SANTA BARBARA OCCIDENTAL,Pepe Sierra,1288.9,0,PARQUE METROPOLITANO EL COUNTRY,815.8,0,0.1,,0.67,0.75,0.0,,0.01,455.27,2.0
2123-M3272056,APARTAMENTO,VENTA,20.99,206.0,3.0,5.0,1207000000.0,2.0,COUNTRY,6,MAS DE 20 ANOS,4.71,-74.03,USADO,,0,0,0,0,1,1,0,0,0,1,False,USAQUEN,BOSQUES DE MEDINA,Prado,2835.85,0,PARQUE METROPOLITANO EL COUNTRY,1356.59,0,0.1,,0.67,0.6,0.0,,0.01,531.77,0.0
34-62358,APARTAMENTO,VENTA,20.99,229.03,3.0,3.0,1150000.0,2.0,CHICO,6,MAS DE 20 ANOS,4.65,-74.05,USADO,,0,1,0,0,1,0,0,0,0,1,False,CHAPINERO,S.C. BELLAVISTA,Calle 72,1259.29,0,PARQUE ZONAL GUSTAVO URIBE BOTERO,382.64,1,0.09,,0.67,1.0,0.0,,0.01,523.91,0.0
11013-M4288244,APARTAMENTO,VENTA,19.52,112.0,3.0,4.0,280000.0,1.0,COLINA Y ALREDEDORES,4,ENTRE 10 Y 20 ANOS,4.73,-74.06,USADO,,0,0,0,0,0,0,0,0,0,1,False,SUBA,EL PINAR,Mazurén,754.41,0,PARQUE VECINAL URBANIZACIÓN LA LAGUNA,185.85,1,0.17,,0.33,0.75,0.0,,0.03,1201.41,0.0
4-M4323790,APARTAMENTO,VENTA,20.37,109.0,2.0,2.0,920000.0,1.0,CHAPINERO ALTO,4,MAS DE 20 ANOS,4.65,-74.06,USADO,,0,0,0,0,1,0,0,0,0,1,False,CHAPINERO,S.C. GRANADA,Flores – Areandina,950.33,0,PARQUE ZONAL GUSTAVO URIBE BOTERO,429.02,1,0.19,,0.5,1.0,0.0,,0.02,244.04,1.0
34-M4410588,APARTAMENTO,VENTA,19.53,51.0,1.0,1.0,50000.0,1.0,ORQUIDEAS,4,ENTRE 5 Y 10 ANOS,4.75,-74.02,USADO,,0,0,0,0,1,0,0,0,0,1,False,USAQUEN,SANTA TERESA,Toberin - Foundever,2531.33,0,PARQUE ZONAL SERVITA,372.11,1,0.38,,1.0,1.0,0.0,,0.02,1349.69,0.0
164-M4645929,APARTAMENTO,VENTA,19.06,19.0,1.0,1.0,3921395.93,0.0,CHAPINERO ALTO,3,ENTRE 0 Y 5 ANOS,4.64,-74.06,USADO,,0,0,0,0,1,0,0,0,0,1,False,CHAPINERO,S.C. CHAPINERO CENTRAL,Calle 57,288.37,1,PARQUE ZONAL GUSTAVO URIBE BOTERO,1447.48,0,1.0,,0.0,1.0,0.0,,0.05,978.5,0.0
34-M4643711,APARTAMENTO,VENTA,19.25,66.0,3.0,2.0,215800.0,1.0,ALTOS DE SUBA Y CERROS DE SAN JORGE,3,ENTRE 5 Y 10 ANOS,4.73,-74.1,USADO,,0,0,0,0,1,0,0,0,0,1,False,SUBA,NUEVO CORINTO,La Campiña,2068.64,0,PARQUE VECINAL URBANIZACIÓN NUEVA TIBABUYES 1,1055.37,0,0.29,,0.33,1.5,0.0,,0.05,2174.69,0.0
10366-M4584488,APARTAMENTO,VENTA,20.25,122.0,3.0,2.0,500000.0,2.0,CEDRITOS,4,ENTRE 10 Y 20 ANOS,4.73,-74.04,USADO,,0,0,0,0,0,0,0,0,0,0,False,USAQUEN,LOS CEDRITOS,Calle 142,953.43,0,PARQUE VECINAL NUEVA URBANIZACIÓN EL CEDRITO,994.26,0,0.17,,0.67,1.5,0.0,,0.02,874.43,0.0
603-M4418306,APARTAMENTO,VENTA,20.29,111.0,3.0,3.0,418000.0,2.0,NIZA ALHAMBRA,4,ENTRE 5 Y 10 ANOS,4.71,-74.08,USADO,,0,0,0,0,1,1,0,0,0,1,True,SUBA,NIZA SUR,Niza - Calle 127,657.94,0,PARQUE ZONAL LOS LACHES LA MINA,622.13,0,0.18,,0.67,1.0,0.0,,0.03,622.03,0.0
2363-M4634819,APARTAMENTO,VENTA,19.09,36.0,1.0,1.0,140000.0,0.0,ORQUIDEAS,3,ENTRE 0 Y 5 ANOS,4.75,-74.02,USADO,,0,0,0,0,1,0,0,0,0,1,False,USAQUEN,LA GRANJA NORTE,Portal Norte,2544.52,0,PARQUE ZONAL SERVITA,604.78,0,0.53,,0.0,1.0,0.0,,0.03,1332.92,0.0
416-M4696435,APARTAMENTO,VENTA,19.01,53.0,3.0,2.0,3921395.93,0.0,,2,ENTRE 10 Y 20 ANOS,4.67,-74.15,USADO,,0,0,0,1,0,0,0,0,0,0,False,FONTIBON,URB. PARQUE EMPRESARIAL SANTA HELENA,Biblioteca Tintal,3129.38,0,PARQUE ZONAL CARMEN DE LA LAGUNA,969.05,0,0.36,,0.0,1.5,0.0,,0.06,2453.56,0.0
3422-M4655721,APARTAMENTO,VENTA,20.21,96.0,3.0,3.0,745000.0,2.0,CERROS DE SUBA,6,ENTRE 5 Y 10 ANOS,4.71,-74.08,USADO,,0,1,0,1,1,0,0,0,0,1,False,SUBA,URB. KYRA,Niza - Calle 127,1076.36,0,PARQUE METROPOLITANO CEFE COMETAS,396.0,1,0.21,,0.67,1.0,0.0,,0.03,1070.57,0.0
4796-M3856482,APARTAMENTO,VENTA,19.57,73.0,3.0,2.0,272000.0,1.0,ORQUIDEAS,3,ENTRE 5 Y 10 ANOS,4.57,-74.09,USADO,,0,0,0,0,0,0,0,0,0,1,False,SAN CRISTOBAL,EL SOSIEGO,AV. 1 Mayo,377.41,1,PARQUE METROPOLITANO DEPORTIVO PRIMERO DE MAYO,412.93,1,0.27,,0.33,1.5,0.0,,0.04,2740.81,0.0
34-M4306215,APARTAMENTO,VENTA,20.37,108.0,3.0,3.0,664000.0,2.0,SANTA BARBARA,6,MAS DE 20 ANOS,4.7,-74.03,USADO,,0,1,0,0,1,0,0,0,0,1,False,USAQUEN,SANTA BARBARA CENTRAL II,Calle 127,2138.18,0,PARQUE METROPOLITANO EL COUNTRY,407.15,1,0.19,,0.67,1.0,0.0,,0.03,768.21,0.0
710-M4078983,APARTAMENTO,VENTA,19.52,59.0,3.0,2.0,180000.0,1.0,KENNEDY,3,ENTRE 5 Y 10 ANOS,4.64,-74.15,USADO,,0,0,0,0,0,0,1,0,0,1,False,KENNEDY,CIUDAD TECHO II,Biblioteca Tintal,736.47,0,PARQUE METROPOLITANO BIBLIOTECA EL TINTAL,476.01,1,0.33,,0.33,1.5,0.0,,0.05,2803.57,0.0
4796-M4521926,APARTAMENTO,VENTA,19.38,60.9,3.0,2.0,203000.0,1.0,COLINA Y ALREDEDORES,3,MAS DE 20 ANOS,4.75,-74.05,USADO,,0,0,0,0,0,1,0,0,0,1,False,SUBA,GRANJAS DE NAMUR,Toberin - Foundever,518.33,0,PARQUE VECINAL DESARROLLO CANTALEJO URBANIZACIÓN CANTALEJO MANZANA B,1005.82,0,0.32,,0.33,1.5,0.0,,0.05,1635.64,0.0
183-M4515064,APARTAMENTO,VENTA,20.16,90.0,3.0,3.0,900000.0,2.0,NICOLAS DE FEDERMAN,5,ENTRE 10 Y 20 ANOS,4.65,-74.08,USADO,,0,0,0,0,1,0,0,0,0,1,False,TEUSAQUILLO,NICOLAS DE FEDERMAN,Campín - UAN,247.35,1,PARQUE ESCENARIO DEPORTIVO EL CAMPINCITO - CEAD,318.54,1,0.22,,0.67,1.0,0.0,,0.03,492.04,1.0
34-M3147492,APARTAMENTO,VENTA,19.92,79.0,2.0,2.0,457000.0,1.0,COUNTRY,5,MAS DE 20 ANOS,4.72,-74.05,USADO,,0,1,0,0,1,0,0,0,0,1,False,USAQUEN,LA CALLEJA SANTACOLOMA,Prado,465.9,1,PARQUE VECINAL PRADO PINZÓN,1254.13,0,0.25,,0.5,1.0,0.0,,0.03,512.75,0.0
4660-M4635241,APARTAMENTO,VENTA,20.29,100.0,3.0,3.0,400000.0,1.0,NICOLAS DE FEDERMAN,4,MAS DE 20 ANOS,4.65,-74.08,USADO,,0,0,0,0,0,0,0,0,0,1,False,TEUSAQUILLO,NICOLAS DE FEDERMAN,Campín - UAN,654.97,0,PARQUE ZONAL NICOLAS DE FEDERMAN 3,184.96,1,0.2,,0.33,1.0,0.0,,0.03,685.91,0.0
2396-M3402081,APARTAMENTO,VENTA,21.7,250.0,3.0,4.0,1450000.0,4.0,CHICO,6,ENTRE 5 Y 10 ANOS,4.67,-74.05,USADO,,0,1,0,0,1,0,0,0,0,0,False,CHAPINERO,EL REFUGIO,Héroes - Gel´Hada,1616.91,0,PARQUE ZONAL SAN ANDRÉS,673.68,0,0.09,,1.33,0.75,0.0,,0.01,700.48,0.0
73-M4723817,APARTAMENTO,VENTA,19.16,28.0,1.0,1.0,320000.0,0.0,COUNTRY,4,ENTRE 0 Y 5 ANOS,4.72,-74.04,USADO,,0,0,0,0,1,0,0,0,0,1,False,USAQUEN,NUEVO COUNTRY,Alcalá,1247.3,0,PARQUE VECINAL NUEVA URBANIZACIÓN EL CEDRITO,1088.01,0,0.68,,0.0,1.0,0.0,,0.04,480.64,1.0
4796-M4521266,APARTAMENTO,VENTA,20.67,169.44,3.0,3.0,921000.0,3.0,SANTA BARBARA,6,MAS DE 20 ANOS,4.69,-74.05,USADO,,0,0,0,1,1,0,0,0,0,1,False,USAQUEN,SANTA BIBIANA,Calle 106,640.68,0,PARQUE VECINAL URBANIZACIÓN NORMANDIA I II II Y IV SECTOR,1494.47,0,0.12,,1.0,1.0,0.0,,0.02,586.44,0.0
920-42153516,APARTAMENTO,VENTA,21.72,255.0,3.0,4.0,1837000.0,4.0,CHICO,6,ENTRE 10 Y 20 ANOS,4.66,-74.05,USADO,,0,0,0,1,1,0,0,0,0,1,False,CHAPINERO,LOS ROSALES,Calle 72,1469.6,0,PARQUE ZONAL GUSTAVO URIBE BOTERO,696.22,0,0.09,,1.33,0.75,0.0,,0.01,718.02,0.0
10930-M4516781,APARTAMENTO,VENTA,20.28,89.0,2.0,2.0,3921395.93,1.0,,4,MAS DE 20 ANOS,4.63,-74.1,USADO,,0,0,0,0,1,0,0,0,0,0,False,TEUSAQUILLO,ORTEZAL CADIZ,Quinta Paredes,610.8,0,PARQUE VECINAL SANTA CLARA,205.08,1,0.23,,0.5,1.0,0.0,,0.02,744.62,0.0
416-M4183386,APARTAMENTO,VENTA,19.84,80.0,3.0,2.0,3921395.93,1.0,,3,MAS DE 20 ANOS,4.64,-74.07,USADO,,0,0,0,0,1,0,0,0,0,0,False,TEUSAQUILLO,ALFONSO LOPEZ,Marly,454.97,1,PARQUE ESCENARIO DEPORTIVO EL CAMPINCITO - CEAD,1188.22,0,0.25,,0.33,1.5,0.0,,0.04,639.9,0.0
247-M4697918,APARTAMENTO,VENTA,19.28,48.0,3.0,2.0,206600.0,1.0,ORQUIDEAS,4,MAS DE 20 ANOS,4.74,-74.04,USADO,,0,0,0,0,1,1,0,0,0,1,False,USAQUEN,BALCONES DE ORIENTE,Calle 161,1345.15,0,PARQUE ZONAL LA VIDA,227.36,1,0.4,,0.33,1.5,0.0,,0.06,878.19,0.0
416-M4731238,APARTAMENTO,VENTA,20.06,98.0,3.0,2.0,562000.0,2.0,,4,ENTRE 10 Y 20 ANOS,4.72,-74.03,USADO,,0,1,0,1,1,0,0,0,0,0,False,USAQUEN,LOS CEDROS ORIENTAL,Calle 142,2413.41,0,PARQUE VECINAL NUEVA URBANIZACIÓN EL CEDRITO,506.15,0,0.2,,0.67,1.5,0.0,,0.03,820.42,0.0
416-M4147732,APARTAMENTO,VENTA,20.06,80.0,3.0,2.0,3921395.93,1.0,,4,ENTRE 5 Y 10 ANOS,4.65,-74.14,USADO,,1,1,0,1,1,0,0,0,0,0,False,KENNEDY,CASTILLA REAL,AV. Américas - AV. Boyacá,1965.41,0,PARQUE VECINAL VILLA ALSACIA,334.78,1,0.25,,0.33,1.5,0.0,,0.04,788.41,0.0
10323-M4499534,APARTAMENTO,VENTA,19.06,33.52,2.0,1.0,110000.0,0.0,CASTILLA MARSELLA,3,ENTRE 0 Y 5 ANOS,4.65,-74.14,USADO,,0,0,0,0,1,1,0,0,0,1,False,KENNEDY,VALLADOLID,Transversal 86,1624.39,0,PARQUE VECINAL VILLA ALSACIA,1021.47,0,0.57,,0.0,2.0,0.0,,0.06,1830.69,0.0
4660-M4635047,APARTAMENTO,VENTA,21.64,219.0,3.0,3.0,1100000.0,2.0,CHICO,5,ENTRE 5 Y 10 ANOS,4.67,-74.06,USADO,,0,0,0,1,1,0,0,0,0,1,False,CHAPINERO,S.C. ANTIGUO COUNTRY,Calle 85,327.09,1,PARQUE METROPOLITANO RECONCILIACIÓN,272.11,1,0.1,,0.67,1.0,0.0,,0.01,237.63,3.0
4660-M4635178,APARTAMENTO,VENTA,19.3,30.0,1.0,1.0,217000.0,0.0,CHAPINERO ALTO,4,MAS DE 20 ANOS,4.63,-74.06,USADO,,0,0,0,0,1,0,0,0,0,1,False,CHAPINERO,S.C. MARLY,Calle 45 - American School Way,425.9,1,PARQUE METROPOLITANO PARQUE NACIONAL (PM2A) ENRIQUE OLAYA HERRERA (SECTOR HISTORICO),1027.2,0,0.64,,0.0,1.0,0.0,,0.03,190.16,1.0
73-M4434654,APARTAMENTO,VENTA,20.21,114.76,4.0,3.0,580000.0,2.0,SANTA BARBARA,5,MAS DE 20 ANOS,4.7,-74.05,USADO,,0,1,0,0,1,0,0,0,0,1,False,USAQUEN,SAN PATRICIO,Pepe Sierra,682.22,0,PARQUE METROPOLITANO EL COUNTRY,1645.56,0,0.18,,0.5,1.33,0.0,,0.03,103.88,3.0
11013-M4295677,APARTAMENTO,VENTA,20.91,229.0,3.0,4.0,1570000.0,4.0,SANTA BARBARA,6,MAS DE 20 ANOS,4.7,-74.05,USADO,,0,1,0,0,1,0,0,0,0,1,False,USAQUEN,SAN PATRICIO,Pepe Sierra,283.7,1,PARQUE ZONAL CANAL CORDOBA,1438.01,0,0.09,,1.33,0.75,0.0,,0.01,327.48,1.0
12364-M4457267,APARTAMENTO,VENTA,19.73,44.0,1.0,1.0,315900.0,2.0,COUNTRY,5,ENTRE 5 Y 10 ANOS,4.71,-74.03,USADO,,0,0,0,1,1,0,1,0,0,1,False,USAQUEN,SAN,Prado,2988.94,0,PARQUE METROPOLITANO EL COUNTRY,1287.72,0,0.45,,2.0,1.0,0.0,,0.02,748.95,0.0
3204-M2433840,APARTAMENTO,VENTA Y ARRIENDO,21.75,361.0,2.0,5.0,1700000.0,3.0,CHICO,6,MAS DE 20 ANOS,4.67,-74.04,USADO,14000000.0,0,0,0,0,1,1,0,0,0,0,False,CHAPINERO,CHICO ALTO,Calle 85,1971.93,0,PARQUE VECINAL URBANIZACIÓN LA CABRERA,912.03,0,0.06,38781.16,1.5,0.4,0.0,8.24,0.01,867.44,0.0
4957-M4617249,APARTAMENTO,VENTA,21.12,260.0,3.0,4.0,1000000.0,4.0,,6,ENTRE 5 Y 10 ANOS,4.68,-74.05,USADO,,0,1,0,0,1,0,0,0,0,1,False,CHAPINERO,S.C. CHICO NORTE,Calle 100 - Marketmedios,993.5,0,PARQUE ZONAL CANAL EL VIRREY EL CHICO,813.17,0,0.08,,1.33,0.75,0.0,,0.01,345.53,4.0
15061-M3873220,APARTAMENTO,VENTA,19.63,64.0,3.0,2.0,470000.0,1.0,NIZA ALHAMBRA,5,MAS DE 20 ANOS,4.7,-74.06,USADO,,0,0,0,0,1,0,0,0,0,1,False,SUBA,EL BATAN,Calle 127,429.52,1,PARQUE ZONAL ATABANZA,507.32,0,0.31,,0.33,1.5,0.0,,0.05,595.47,0.0
518-M3227705,APARTAMENTO,VENTA,21.6,233.0,3.0,5.0,1500000.0,3.0,CHICO,6,ENTRE 5 Y 10 ANOS,4.67,-74.05,USADO,,0,1,0,1,1,0,0,0,0,1,False,CHAPINERO,S.C. EL CHICO,Virrey,486.33,1,PARQUE ZONAL CANAL EL VIRREY EL CHICO,179.81,1,0.09,,1.0,0.6,0.0,,0.01,156.18,3.0
4957-M4617151,APARTAMENTO,VENTA,21.24,214.0,3.0,4.0,1427000.0,3.0,CHICO,6,ENTRE 10 Y 20 ANOS,4.67,-74.05,USADO,,0,1,0,0,1,0,0,0,0,1,False,CHAPINERO,EL REFUGIO,Héroes - Gel´Hada,1661.63,0,PARQUE VECINAL URBANIZACIÓN LA CABRERA,666.12,0,0.1,,1.0,0.75,0.0,,0.01,656.06,0.0
4957-M4638672,APARTAMENTO,VENTA,20.94,183.0,3.0,3.0,1189000.0,3.0,COUNTRY,6,MAS DE 20 ANOS,4.71,-74.03,USADO,,0,1,0,1,1,0,0,0,0,1,False,USAQUEN,RECODO DEL COUNTRY,Prado,2172.39,0,PARQUE METROPOLITANO EL COUNTRY,631.17,0,0.11,,1.0,1.0,0.0,,0.02,333.77,1.0
11813-M4741825,APARTAMENTO,VENTA,19.15,38.0,2.0,1.0,200000.0,0.0,,3,ENTRE 0 Y 5 ANOS,4.77,-74.04,USADO,,0,0,1,0,0,0,0,0,0,0,False,USAQUEN,EL VERBENAL I,Terminal,897.64,0,PARQUE VECINAL DESARROLLO VERBENAL I,460.15,1,0.5,,0.0,2.0,0.0,,0.05,892.71,0.0
11813-M4699967,APARTAMENTO,VENTA,19.76,64.0,2.0,2.0,650000.0,1.0,,5,MAS DE 20 ANOS,4.71,-74.03,USADO,,0,0,1,0,0,0,0,0,0,0,False,USAQUEN,BELLA SUIZA,Calle 127,2740.23,0,PARQUE METROPOLITANO EL COUNTRY,1001.52,0,0.31,,0.5,1.0,0.0,,0.03,634.68,0.0
2123-1670157,APARTAMENTO,VENTA,21.31,300.0,3.0,5.0,1000000.0,3.0,COUNTRY,6,ENTRE 5 Y 10 ANOS,4.71,-74.03,USADO,,0,0,0,0,0,0,0,0,0,0,False,USAQUEN,GINEBRA NORTE,Prado,2683.08,0,PARQUE METROPOLITANO EL COUNTRY,1124.11,0,0.07,,1.0,0.6,0.0,,0.01,400.96,1.0
3422-M4701099,APARTAMENTO,VENTA,19.78,65.0,2.0,2.0,385000.0,1.0,METROPOLIS,4,ENTRE 0 Y 5 ANOS,4.66,-74.08,USADO,,0,0,0,0,1,0,0,0,0,1,False,BARRIOS UNIDOS,SAN MIGUEL_,AV. Chile,494.85,1,PARQUE ZONAL TABORA,884.55,0,0.3,,0.5,1.0,0.0,,0.03,1525.91,0.0
11813-M4689047,APARTAMENTO,VENTA,19.82,84.0,3.0,2.0,150000.0,1.0,,4,MAS DE 20 ANOS,4.67,-74.1,USADO,,0,0,0,0,0,0,0,0,0,0,False,ENGATIVA,NORMANDIA,AV. Rojas,1186.7,0,PARQUE ESCENARIO DEPORTIVO UNIDAD DEPORTIVA EL SALITRE SIMON BOLIVAR,741.93,0,0.24,,0.33,1.5,0.0,,0.04,330.41,1.0
34-63835,APARTAMENTO,VENTA,20.56,121.44,1.0,2.0,753000.0,2.0,CHICO,6,REMODELADO,4.65,-74.05,USADO,,0,0,0,0,1,0,0,0,0,1,False,CHAPINERO,S.C. BELLAVISTA,Calle 72,1482.88,0,PARQUE ZONAL GUSTAVO URIBE BOTERO,568.19,0,0.17,,2.0,0.5,0.0,,0.01,735.8,0.0
11813-M4676674,APARTAMENTO,VENTA,19.49,63.0,3.0,2.0,180000.0,0.0,CASTILLA MARSELLA,3,MAS DE 20 ANOS,4.64,-74.14,USADO,,0,0,0,0,0,0,0,0,0,0,False,KENNEDY,CASTILLA REAL,Mandalay,1399.88,0,PARQUE ZONAL CASTILLA,469.7,1,0.31,,0.0,1.5,0.0,,0.05,1373.7,0.0
2266-M4694126,APARTAMENTO,VENTA,20.49,127.0,3.0,3.0,696800.0,2.0,COUNTRY,5,ENTRE 10 Y 20 ANOS,4.72,-74.03,USADO,,0,0,0,1,1,1,1,0,0,1,False,USAQUEN,LISBOA_,Alcalá,2340.16,0,PARQUE VECINAL NUEVA URBANIZACIÓN EL CEDRITO,945.32,0,0.16,,0.67,1.0,0.0,,0.02,217.9,2.0
815-M4493129,APARTAMENTO,VENTA,20.58,116.48,3.0,2.0,351322.0,2.0,CENTRO NARINO,4,ENTRE 0 Y 5 ANOS,4.64,-74.09,USADO,,0,0,0,1,1,1,0,0,0,1,False,TEUSAQUILLO,QUINTA PAREDES,Quinta Paredes,297.51,1,PARQUE VECINAL SANTA CLARA,423.1,1,0.18,,0.67,1.5,0.0,,0.03,653.41,0.0
495-M4614237,APARTAMENTO,VENTA,20.39,131.0,3.0,3.0,602900.0,2.0,CORTIJO AUTOPISTA MEDELLIN,6,ENTRE 5 Y 10 ANOS,4.71,-74.09,USADO,,0,0,0,1,0,0,1,0,0,1,False,SUBA,BOSQUES DE SAN JORGE,Suba - AV. Boyacá,1683.39,0,PARQUE METROPOLITANO CEFE COMETAS,547.14,0,0.16,,0.67,1.0,0.0,,0.02,1796.06,0.0
989-M3770628,APARTAMENTO,VENTA,19.92,96.0,3.0,2.0,300000.0,1.0,ORQUIDEAS,4,REMODELADO,4.76,-74.04,USADO,,0,0,0,0,1,0,0,0,0,1,False,USAQUEN,SAN ANTONIO NOROCCIDENTAL,Portal Norte,868.17,0,PARQUE VECINAL URBANIZACIÓN CALLE 170 / ALAMEDA,112.79,1,0.21,,0.33,1.5,0.0,,0.03,935.43,0.0
3422-M4700963,APARTAMENTO,VENTA,21.06,185.0,3.0,4.0,700000.0,2.0,SANTA BARBARA,6,ENTRE 10 Y 20 ANOS,4.7,-74.03,USADO,,0,1,0,1,1,0,1,0,0,1,False,USAQUEN,LOS ALPES II SECTOR,Calle 127,2922.45,0,PARQUE METROPOLITANO EL COUNTRY,1237.28,0,0.11,,0.67,0.75,0.0,,0.02,579.83,0.0
34-64041,APARTAMENTO,VENTA,20.28,112.0,2.0,2.0,808000.0,2.0,COUNTRY,6,MAS DE 20 ANOS,4.71,-74.04,USADO,,0,1,0,0,1,0,0,0,0,1,False,USAQUEN,LA_CAROLINA,Calle 127,1307.44,0,PARQUE METROPOLITANO EL COUNTRY,443.58,1,0.18,,1.0,1.0,0.0,,0.02,252.77,1.0
411-M4518481,APARTAMENTO,VENTA,20.1,105.31,3.0,2.0,357400.0,2.0,CEDRITOS,4,ENTRE 5 Y 10 ANOS,4.72,-74.03,USADO,,0,0,0,1,0,0,0,0,0,0,False,USAQUEN,CEDRITOS,Alcalá,1973.82,0,PARQUE VECINAL NUEVA URBANIZACIÓN EL CEDRITO,373.8,1,0.19,,0.67,1.5,0.0,,0.03,429.15,1.0
989-M4674757,APARTAMENTO,VENTA,19.49,78.0,3.0,1.0,3921395.93,0.0,CENTRO Y ZONA COLONIAL,3,MAS DE 20 ANOS,4.6,-74.1,USADO,,0,0,0,0,0,0,0,0,0,0,False,LOS MARTIRES,SANTA ISABEL SUR,Santa Isabel,467.21,1,PARQUE ZONAL SANTA ISABEL,345.03,1,0.25,,0.0,3.0,0.0,,0.04,2371.24,0.0
183-M4287880,APARTAMENTO,VENTA,19.45,55.0,2.0,2.0,430000.0,1.0,NIZA ALHAMBRA,5,REMODELADO,4.7,-74.06,USADO,,0,0,0,0,0,0,0,0,0,0,False,SUBA,EL BATAN,Calle 127,484.98,1,PARQUE ZONAL ATABANZA,565.15,0,0.35,,0.5,1.0,0.0,,0.04,654.06,0.0
10366-7271,APARTAMENTO,VENTA,20.03,198.73,3.0,3.0,3921395.93,0.0,CENTRO Y ZONA COLONIAL,2,MAS DE 20 ANOS,4.6,-74.07,USADO,,0,0,0,0,0,0,0,0,0,0,False,SANTA FE,VERACRUZ__,Museo del Oro,314.13,1,PARQUE METROPOLITANO TERCER MILENIO,800.83,0,0.1,,0.0,1.0,0.0,,0.02,566.01,0.0
11307-M4522087,APARTAMENTO,VENTA,19.77,47.0,1.0,2.0,390000.0,1.0,SANTA BARBARA,6,ENTRE 5 Y 10 ANOS,4.7,-74.04,USADO,,0,0,0,0,1,0,0,0,0,1,False,USAQUEN,SAN PATRICIO,Pepe Sierra,1299.35,0,PARQUE METROPOLITANO EL COUNTRY,1206.53,0,0.42,,1.0,0.5,0.0,,0.02,421.24,1.0
34-M4693318,APARTAMENTO,VENTA,19.77,54.0,1.0,2.0,453000.0,1.0,COUNTRY,5,ENTRE 5 Y 10 ANOS,4.72,-74.03,USADO,,0,0,0,0,0,0,0,0,0,1,False,USAQUEN,CEDRITOS,Alcalá,1973.86,0,PARQUE VECINAL NUEVA URBANIZACIÓN EL CEDRITO,374.36,1,0.37,,1.0,0.5,0.0,,0.02,429.09,1.0
14392-M3445743,APARTAMENTO,VENTA,21.16,129.35,2.0,3.0,1376000.0,2.0,,6,ENTRE 5 Y 10 ANOS,4.68,-74.05,USADO,,0,0,0,1,1,1,0,0,0,0,False,CHAPINERO,S.C. CHICO NORTE,Virrey,1523.76,0,PARQUE VECINAL URBANIZACIÓN LA CABRERA,922.26,0,0.16,,1.0,0.67,0.0,,0.02,332.77,1.0
34-61294,APARTAMENTO,VENTA,21.42,261.6,2.0,3.0,1980000.0,2.0,CHICO,6,MAS DE 20 ANOS,4.67,-74.04,USADO,,0,1,0,0,1,0,0,0,0,1,False,CHAPINERO,EL REFUGIO,Héroes - Gel´Hada,1744.95,0,PARQUE VECINAL URBANIZACIÓN LA CABRERA,781.13,0,0.08,,1.0,0.67,0.0,,0.01,774.25,0.0
9947-M4659269,APARTAMENTO,VENTA,20.5,136.0,2.0,3.0,3921395.93,2.0,CHICO,6,ENTRE 5 Y 10 ANOS,4.65,-74.05,USADO,,0,0,0,0,0,0,0,0,0,0,False,CHAPINERO,S.C. BELLAVISTA,Calle 72,1492.17,0,PARQUE ZONAL GUSTAVO URIBE BOTERO,391.15,1,0.15,,1.0,0.67,0.0,,0.01,701.78,0.0
3229-M3917826,APARTAMENTO,VENTA,20.99,135.0,3.0,3.0,800000.0,2.0,CHICO,6,ENTRE 10 Y 20 ANOS,4.68,-74.04,USADO,,0,1,0,1,1,0,0,0,0,1,False,CHAPINERO,CHICO RESERVADO,Calle 100 - Marketmedios,1888.31,0,PARQUE VECINAL URBANIZACIÓN LA CABRERA,1355.24,0,0.16,,0.67,1.0,0.0,,0.02,287.51,2.0
617-M4681623,APARTAMENTO,VENTA,20.56,94.0,2.0,2.0,984000.0,2.0,CHAPINERO ALTO,6,ENTRE 10 Y 20 ANOS,4.65,-74.05,USADO,,0,1,0,0,0,0,0,0,0,0,False,CHAPINERO,S.C. LAS ACACIAS,Flores – Areandina,1527.26,0,PARQUE ZONAL GUSTAVO URIBE BOTERO,234.14,1,0.22,,1.0,1.0,0.0,,0.02,684.88,0.0
5031-M4660513,APARTAMENTO,VENTA,19.98,79.0,3.0,2.0,660000.0,2.0,COUNTRY,5,ENTRE 10 Y 20 ANOS,4.72,-74.04,USADO,,0,0,0,0,1,0,0,0,0,1,False,USAQUEN,LISBOA_,Prado,1947.38,0,PARQUE VECINAL NUEVA URBANIZACIÓN EL CEDRITO,943.95,0,0.25,,0.67,1.5,0.0,,0.04,275.03,1.0
12503-M4592466,APARTAMENTO,VENTA,19.74,63.25,3.0,2.0,287000.0,1.0,ENGATIVA,4,ENTRE 0 Y 5 ANOS,4.68,-74.11,USADO,,0,0,0,1,1,1,0,0,0,1,False,ENGATIVA,LOS AZAFRANES,Modelia,1010.0,0,PARQUE VECINAL URBANIZACIÓN LA EUROPA,1612.99,0,0.31,,0.33,1.5,0.0,,0.05,458.56,2.0
34-M4504390,APARTAMENTO,VENTA,20.16,105.0,3.0,2.0,250000.0,1.0,NIZA ALHAMBRA,5,MAS DE 20 ANOS,4.7,-74.06,USADO,,0,1,0,0,0,0,0,0,0,1,False,SUBA,MALIBU,Calle 127,762.03,0,PARQUE ZONAL CANAL CORDOBA,476.06,1,0.19,,0.33,1.5,0.0,,0.03,932.95,0.0
12503-M4678514,APARTAMENTO,VENTA,19.49,39.0,1.0,1.0,320000.0,1.0,NIZA ALHAMBRA,5,MAS DE 20 ANOS,4.71,-74.06,USADO,,0,0,0,0,1,1,0,0,0,1,False,SUBA,EL BATAN,Calle 127,676.37,0,PARQUE ZONAL ATABANZA,488.14,1,0.5,,1.0,1.0,0.0,,0.03,836.11,0.0
34-M4178916,APARTAMENTO,VENTA,19.72,63.0,2.0,2.0,380000.0,1.0,NIZA ALHAMBRA,5,MAS DE 20 ANOS,4.7,-74.06,USADO,,0,1,0,0,0,0,0,0,0,1,False,SUBA,EL ESTORIL,Calle 106,537.29,0,PARQUE ZONAL CANAL CORDOBA,882.06,0,0.31,,0.5,1.0,0.0,,0.03,909.54,0.0
34-M4596209,APARTAMENTO,VENTA,20.7,148.0,3.0,2.0,798000.0,2.0,SANTA BARBARA,6,ENTRE 10 Y 20 ANOS,4.7,-74.04,USADO,,0,0,0,0,0,0,0,0,0,1,False,USAQUEN,SANTA BARBARA CENTRAL I SECTOR,Pepe Sierra,1561.45,0,PARQUE METROPOLITANO EL COUNTRY,952.16,0,0.14,,0.67,1.5,0.0,,0.02,726.99,0.0
2363-M4652143,APARTAMENTO,VENTA,19.3,52.0,3.0,2.0,3921395.93,1.0,ORQUIDEAS,4,MAS DE 20 ANOS,4.74,-74.04,USADO,,0,0,0,0,1,0,0,0,0,1,False,USAQUEN,BALCONES DE ORIENTE,Calle 161,1431.02,0,PARQUE ZONAL LA VIDA,248.32,1,0.37,,0.33,1.5,0.0,,0.06,932.92,0.0
73-M4521799,APARTAMENTO,VENTA,20.82,95.0,2.0,2.0,753000.0,1.0,CHICO,5,ENTRE 0 Y 5 ANOS,4.67,-74.06,USADO,,0,0,0,0,1,0,0,0,0,1,False,CHAPINERO,S.C. ANTIGUO COUNTRY,Calle 85,294.67,1,PARQUE METROPOLITANO RECONCILIACIÓN,223.07,1,0.22,,0.5,1.0,0.0,,0.02,302.29,3.0
4660-M4635087,APARTAMENTO,VENTA,21.05,214.75,3.0,3.0,2233200.0,2.0,CHICO,6,MAS DE 20 ANOS,4.68,-74.05,USADO,,0,1,0,0,1,0,0,0,0,1,True,CHAPINERO,S.C. CHICO NORTE,Virrey,1491.1,0,PARQUE VECINAL URBANIZACIÓN LA CABRERA,968.73,0,0.1,,0.67,1.0,0.0,,0.01,303.58,2.0
603-M4417992,APARTAMENTO,VENTA,20.34,113.0,3.0,3.0,3921395.93,2.0,SANTA BARBARA,6,MAS DE 20 ANOS,4.7,-74.03,USADO,,0,0,0,0,1,0,0,0,0,1,False,USAQUEN,SANTA BARBARA CENTRAL IV SECTOR,Calle 127,2300.43,0,PARQUE METROPOLITANO EL COUNTRY,696.3,0,0.18,,0.67,1.0,0.0,,0.03,450.35,1.0
183-M4194985,APARTAMENTO,VENTA,19.88,103.68,3.0,2.0,450000.0,1.0,COLINA Y ALREDEDORES,5,REMODELADO,4.73,-74.07,USADO,,0,1,0,0,0,0,0,0,0,1,False,SUBA,URB. ATICOS DEL NORTE,Gratamira,977.67,0,PARQUE VECINAL PRADO PINZÓN,1363.24,0,0.19,,0.33,1.5,0.0,,0.03,290.4,1.0
2671-M3859394,APARTAMENTO,VENTA,21.68,193.0,3.0,4.0,1200000.0,4.0,SANTA BARBARA,6,ENTRE 5 Y 10 ANOS,4.69,-74.04,USADO,,0,1,0,1,1,0,0,0,0,1,False,USAQUEN,SAN PATRICIO,Pepe Sierra,1229.93,0,PARQUE METROPOLITANO EL COUNTRY,1359.04,0,0.11,,1.33,0.75,0.0,,0.02,289.68,1.0
14914-M3971433,APARTAMENTO,VENTA,21.42,180.0,2.0,3.0,1800000.0,3.0,CHICO,6,ENTRE 10 Y 20 ANOS,4.66,-74.05,USADO,,0,1,0,1,0,0,1,0,0,1,False,CHAPINERO,BOSQUE EL RETIRO I SECTOR,Calle 76 - San Felipe,1695.11,0,PARQUE ZONAL SAN ANDRÉS,749.9,0,0.12,,1.5,0.67,0.0,,0.01,901.69,0.0
12500-M4732889,APARTAMENTO,VENTA,19.06,52.0,2.0,2.0,124200.0,1.0,ALTOS DE SUBA Y CERROS DE SAN JORGE,3,MAS DE 20 ANOS,4.74,-74.09,USADO,,0,0,0,0,0,1,0,0,0,1,False,SUBA,URB. EL BOSQUE DE SUBA,Suba - TV. 91,311.56,1,PARQUE ZONAL BELLAVISTA DINDALITO,394.18,1,0.37,,0.5,1.0,0.0,,0.04,1524.66,0.0
2266-M3487917,APARTAMENTO,VENTA,20.42,164.0,3.0,2.0,776000.0,2.0,SANTA BARBARA,6,MAS DE 20 ANOS,4.69,-74.05,USADO,,0,0,0,0,1,0,0,0,0,1,False,USAQUEN,SANTA BIBIANA,Calle 106,1013.66,0,PARQUE VECINAL URBANIZACIÓN NORMANDIA I II II Y IV SECTOR,1522.42,0,0.12,,0.67,1.5,0.0,,0.02,388.8,2.0
661-M4499891,APARTAMENTO,VENTA,19.47,77.0,3.0,2.0,267000.0,1.0,170 Y ALREDORES,5,ENTRE 10 Y 20 ANOS,4.77,-74.05,USADO,,0,0,0,0,0,0,0,0,0,1,False,SUBA,MIRANDELA,Calle 187,305.71,1,PARQUE VECINAL URBANIZACIÓN VILANOVA,462.55,1,0.25,,0.33,1.5,0.0,,0.04,344.25,1.0
410-M3677466,APARTAMENTO,VENTA,19.87,65.0,2.0,2.0,666500.0,1.0,CHAPINERO ALTO,5,ENTRE 10 Y 20 ANOS,4.64,-74.06,USADO,,0,0,0,0,1,0,0,0,0,1,False,CHAPINERO,S.C. LA SALLE,Calle 63,949.96,0,PARQUE ZONAL GUSTAVO URIBE BOTERO,820.55,0,0.31,,0.5,1.0,0.0,,0.03,805.77,0.0
34-M2976247,APARTAMENTO,VENTA,20.28,114.86,3.0,3.0,470000.0,2.0,SANTA BARBARA,6,MAS DE 20 ANOS,4.69,-74.05,USADO,,0,1,0,0,0,0,0,0,0,1,False,USAQUEN,SANTA BIBIANA,Calle 106,382.11,1,PARQUE VECINAL URBANIZACIÓN NORMANDIA I II II Y IV SECTOR,1512.42,0,0.18,,0.67,1.0,0.0,,0.03,775.41,0.0
5340-M3394300,APARTAMENTO,VENTA,21.12,139.55,3.0,3.0,1326000.0,2.0,CHAPINERO ALTO,6,ENTRE 5 Y 10 ANOS,4.65,-74.05,USADO,,0,1,0,1,1,0,0,0,0,0,False,CHAPINERO,S.C. LAS ACACIAS,Flores – Areandina,1448.45,0,PARQUE ZONAL GUSTAVO URIBE BOTERO,163.6,1,0.15,,0.67,1.0,0.0,,0.02,606.8,0.0
771-M4371706,APARTAMENTO,VENTA,21.16,173.0,3.0,4.0,1014000.0,2.0,CHICO,6,MAS DE 20 ANOS,4.67,-74.05,USADO,,0,1,0,0,0,0,0,0,0,1,False,CHAPINERO,LA CABRERA,Calle 85,1026.04,0,PARQUE VECINAL URBANIZACIÓN LA CABRERA,141.34,1,0.12,,0.67,0.75,0.0,,0.02,229.74,5.0
183-M3831640,APARTAMENTO,VENTA,20.41,113.5,3.0,3.0,3921395.93,2.0,SANTA BARBARA,5,MAS DE 20 ANOS,4.69,-74.03,USADO,,0,0,0,0,0,0,0,0,0,1,False,USAQUEN,SANTA ANA OCCIDENTAL,Calle 106,2373.16,0,PARQUE METROPOLITANO EL COUNTRY,1648.83,0,0.18,,0.67,1.0,0.0,,0.03,269.09,3.0
2671-M4729665,APARTAMENTO,VENTA,20.86,155.83,3.0,3.0,956000.0,2.0,NIZA ALHAMBRA,5,ENTRE 10 Y 20 ANOS,4.69,-74.06,USADO,,0,0,0,0,1,0,0,0,0,1,False,SUBA,S.C. PASADENA,Suba - Calle 100,403.38,1,PARQUE ZONAL CANAL RIO NEGRO,1264.95,0,0.13,,0.67,1.0,0.0,,0.02,330.0,1.0
15925-M4522941,APARTAMENTO,VENTA,19.97,92.0,3.0,2.0,470000.0,2.0,,4,MAS DE 20 ANOS,4.74,-74.03,USADO,,0,1,0,1,1,0,0,0,0,0,False,USAQUEN,VILLAS DE ARANJUEZ,Toberin - Foundever,1429.86,0,PARQUE VECINAL URBANIZACIÓN TOBERIN,562.71,0,0.22,,0.67,1.5,0.0,,0.03,491.66,1.0
247-M4044078,APARTAMENTO,VENTA,19.45,62.0,3.0,2.0,281000.0,1.0,ORQUIDEAS,4,ENTRE 10 Y 20 ANOS,4.77,-74.03,USADO,,0,0,0,0,1,0,0,0,0,1,False,USAQUEN,ANDALUCIA,Terminal,1174.73,0,PARQUE VECINAL DESARROLLO VERBENAL I,874.89,0,0.31,,0.33,1.5,0.0,,0.05,1022.35,0.0
73-M4575317,APARTAMENTO,VENTA,19.64,79.0,2.0,2.0,3921395.93,2.0,COUNTRY,6,MAS DE 20 ANOS,4.7,-74.03,USADO,,0,0,0,0,1,1,0,0,0,1,False,USAQUEN,SAN,Prado,3234.64,0,PARQUE METROPOLITANO EL COUNTRY,1498.14,0,0.25,,1.0,1.0,0.0,,0.03,992.04,0.0
2671-M4702724,APARTAMENTO,VENTA,20.97,221.6,3.0,4.0,1210000.0,2.0,COUNTRY,5,ENTRE 10 Y 20 ANOS,4.71,-74.05,USADO,,1,1,0,0,1,0,0,0,0,1,False,USAQUEN,LA CALLEJA,Calle 127,537.12,0,PARQUE ZONAL ATABANZA,926.29,0,0.09,,0.67,0.75,0.0,,0.01,220.99,5.0
3422-M4513703,APARTAMENTO,VENTA,21.19,270.0,3.0,5.0,1300000.0,3.0,COUNTRY,5,ENTRE 10 Y 20 ANOS,4.72,-74.03,USADO,,0,1,0,1,1,1,1,0,0,1,False,USAQUEN,LISBOA_,Alcalá,2366.01,0,PARQUE VECINAL NUEVA URBANIZACIÓN EL CEDRITO,965.8,0,0.08,,1.0,0.6,0.0,,0.01,197.11,2.0
10300-M4518795,APARTAMENTO,VENTA,19.63,57.0,2.0,2.0,220000.0,1.0,FONTIBON TINTAL,4,ENTRE 0 Y 5 ANOS,4.67,-74.14,USADO,,0,0,0,1,0,1,1,0,0,1,False,FONTIBON,GUADUAL FONTIBON,Portal El Dorado,2967.76,0,PARQUE VECINAL VILLA HELENA VILLEMAR,676.28,0,0.34,,0.5,1.0,0.0,,0.04,1655.0,0.0
2671-M4600280,APARTAMENTO,VENTA,21.37,251.98,4.0,4.0,3921395.93,4.0,CHICO,6,MAS DE 20 ANOS,4.66,-74.05,USADO,,1,1,0,0,1,0,0,0,0,1,False,CHAPINERO,S.C. BELLAVISTA,Calle 72,1234.41,0,PARQUE ZONAL GUSTAVO URIBE BOTERO,723.73,0,0.08,,1.0,1.0,0.0,,0.02,487.57,1.0
2671-M3487911,APARTAMENTO,VENTA,21.6,274.0,4.0,4.0,1500000.0,4.0,CHICO,6,MAS DE 20 ANOS,4.67,-74.04,USADO,,0,1,0,1,1,0,0,0,0,1,False,CHAPINERO,CHICO ORIENTAL,Virrey,1829.31,0,PARQUE VECINAL URBANIZACIÓN LA CABRERA,840.71,0,0.08,,1.0,1.0,0.0,,0.01,765.48,0.0
11013-M4451025,APARTAMENTO,VENTA,19.88,73.0,2.0,2.0,315000.0,2.0,CEDRITOS,4,ENTRE 5 Y 10 ANOS,4.72,-74.04,USADO,,0,0,0,1,1,1,0,0,0,1,False,USAQUEN,CEDRITOS,Alcalá,1269.41,0,PARQUE VECINAL NUEVA URBANIZACIÓN EL CEDRITO,762.38,0,0.27,,1.0,1.0,0.0,,0.03,315.16,1.0
11813-M4676655,APARTAMENTO,VENTA,19.76,78.0,3.0,2.0,420000.0,1.0,,4,MAS DE 20 ANOS,4.7,-74.08,USADO,,0,0,1,0,0,0,0,0,0,0,False,SUBA,POTOSI SECTOR I,AV. Boyacá,568.18,0,PARQUE ZONAL MORATO,1066.16,0,0.25,,0.33,1.5,0.0,,0.04,395.61,3.0
4498-M4696480,APARTAMENTO,VENTA,20.64,88.0,2.0,2.0,808000.0,2.0,CHICO,6,ENTRE 0 Y 5 ANOS,4.68,-74.05,USADO,,1,0,0,0,0,0,0,0,0,1,False,CHAPINERO,S.C. CHICO NORTE III SECTOR,Calle 100 - Marketmedios,463.27,1,PARQUE VECINAL URBANIZACIÓN NORMANDIA I II II Y IV SECTOR,727.64,0,0.23,,1.0,1.0,0.0,,0.02,135.82,2.0
771-M4370774,APARTAMENTO,VENTA,19.8,73.0,3.0,2.0,385000.0,2.0,CEDRITOS,4,ENTRE 10 Y 20 ANOS,4.72,-74.03,USADO,,0,0,0,1,1,1,0,0,0,1,False,USAQUEN,CEDRO NARVAEZ,Alcalá,2045.09,0,PARQUE VECINAL NUEVA URBANIZACIÓN EL CEDRITO,269.63,1,0.27,,0.67,1.5,0.0,,0.04,525.61,0.0
4957-M4617139,APARTAMENTO,VENTA,20.66,178.0,3.0,3.0,1200000.0,2.0,SANTA BARBARA,6,ENTRE 10 Y 20 ANOS,4.7,-74.05,USADO,,0,1,0,0,1,0,0,0,0,1,False,USAQUEN,SANTA BARBARA OCCIDENTAL,Calle 127,929.61,0,PARQUE METROPOLITANO EL COUNTRY,1061.17,0,0.12,,0.67,1.0,0.0,,0.02,279.02,1.0
11813-M4674944,APARTAMENTO,VENTA,20.21,111.0,4.0,2.0,800000.0,2.0,,6,MAS DE 20 ANOS,4.68,-74.04,USADO,,0,0,1,0,0,0,0,0,0,0,False,USAQUEN,ESCUELA DE INFANTERIA,Calle 100 - Marketmedios,1707.43,0,PARQUE ZONAL CANAL EL VIRREY EL CHICO,1682.3,0,0.18,,0.5,2.0,0.0,,0.04,280.67,2.0
847-M4735591,APARTAMENTO,VENTA,20.49,135.56,3.0,2.0,781000.0,2.0,CHICO,6,MAS DE 20 ANOS,4.66,-74.05,USADO,,0,1,0,0,0,1,0,0,0,1,False,CHAPINERO,LOS ROSALES,Calle 72,1571.15,0,PARQUE ZONAL GUSTAVO URIBE BOTERO,927.3,0,0.15,,0.67,1.5,0.0,,0.02,835.85,0.0
5031-M4315452,APARTAMENTO,VENTA,20.85,128.0,2.0,2.0,3921395.93,2.0,CHICO,6,ENTRE 5 Y 10 ANOS,4.68,-74.04,USADO,,0,0,0,0,0,0,0,0,0,1,False,CHAPINERO,CHICO RESERVADO,Calle 100 - Marketmedios,1655.62,0,PARQUE VECINAL URBANIZACIÓN LA CABRERA,1125.94,0,0.16,,1.0,1.0,0.0,,0.02,390.34,3.0
10278-M3393869,APARTAMENTO,VENTA,20.29,91.3,2.0,2.0,400000.0,2.0,CHAPINERO ALTO,4,MAS DE 20 ANOS,4.64,-74.06,USADO,,0,0,0,1,1,1,0,0,0,1,False,CHAPINERO,S.C. PARDO RUBIO,Marly,657.5,0,PARQUE METROPOLITANO PARQUE NACIONAL (PM2A) ENRIQUE OLAYA HERRERA (SECTOR HISTORICO),1632.19,0,0.22,,1.0,1.0,0.0,,0.02,870.39,0.0
34-M4705986,APARTAMENTO,VENTA,20.99,234.44,4.0,3.0,3921395.93,3.0,CHICO,6,MAS DE 20 ANOS,4.66,-74.05,USADO,,0,0,0,0,0,0,0,0,0,1,False,CHAPINERO,S.C. EL RETIRO,Héroes - Gel´Hada,1408.33,0,PARQUE ZONAL SAN ANDRÉS,427.88,1,0.09,,0.75,1.33,0.0,,0.02,574.88,0.0
4796-M4704330,APARTAMENTO,VENTA,19.34,68.5,3.0,2.0,253000.0,1.0,ALTOS DE SUBA Y CERROS DE SAN JORGE,3,MAS DE 20 ANOS,4.74,-74.09,USADO,,0,0,0,0,0,1,0,0,0,1,False,SUBA,SAUCES DE SUBA,Suba - TV. 91,329.57,1,PARQUE ZONAL BELLAVISTA DINDALITO,458.05,1,0.28,,0.33,1.5,0.0,,0.04,1791.4,0.0
16039-M4352883,APARTAMENTO,VENTA,20.93,165.0,3.0,4.0,800000.0,2.0,COLINA Y ALREDEDORES,5,ENTRE 10 Y 20 ANOS,4.73,-74.07,USADO,,0,1,0,1,1,0,1,0,0,1,False,SUBA,ATENAS - HIBERNIA,Gratamira,555.86,0,PARQUE ZONAL EL TOMILLAR,945.62,0,0.13,,0.67,0.75,0.0,,0.02,670.24,0.0
432-M4221252,APARTAMENTO,VENTA,20.56,92.0,2.0,2.0,695700.0,2.0,SANTA BARBARA,5,ENTRE 5 Y 10 ANOS,4.69,-74.04,USADO,,0,0,0,0,1,0,0,0,0,1,False,USAQUEN,RINCON DEL CHICO,Calle 106,1282.42,0,PARQUE METROPOLITANO EL COUNTRY,1752.2,0,0.22,,1.0,1.0,0.0,,0.02,509.88,0.0
470-M4669331,APARTAMENTO,VENTA,20.99,160.0,3.0,3.0,3921395.93,3.0,CHAPINERO ALTO,6,MAS DE 20 ANOS,4.66,-74.05,USADO,,0,1,0,0,1,0,0,0,0,1,False,CHAPINERO,LOS ROSALES,Calle 76 - San Felipe,1399.37,0,PARQUE ZONAL SAN ANDRÉS,549.29,0,0.13,,1.0,1.0,0.0,,0.02,732.6,0.0
3552-M4422593,APARTAMENTO,VENTA,19.01,42.0,3.0,1.0,3921395.93,0.0,CASTILLA MARSELLA,3,ENTRE 5 Y 10 ANOS,4.64,-74.15,USADO,,0,0,0,0,1,0,0,0,0,1,False,KENNEDY,URBANIZACION VILLAS DE CASTILLA,Transversal 86,870.21,0,PARQUE ZONAL CASTILLA,914.33,0,0.45,,0.0,3.0,0.0,,0.07,2208.58,0.0
10323-30841,APARTAMENTO,VENTA,20.26,94.0,2.0,3.0,551000.0,1.0,CHICO,6,MAS DE 20 ANOS,4.68,-74.05,USADO,,0,0,0,0,1,0,0,0,0,1,False,CHAPINERO,CHICO RESERVADO II SECTOR,Calle 100 - Marketmedios,1229.81,0,PARQUE ZONAL CANAL EL VIRREY EL CHICO,1144.45,0,0.22,,0.5,0.67,0.0,,0.02,310.46,4.0
183-M3706746,APARTAMENTO,VENTA,20.41,113.5,3.0,3.0,3921395.93,2.0,METROPOLIS,5,MAS DE 20 ANOS,4.69,-74.04,USADO,,0,0,0,0,0,0,0,0,0,1,False,USAQUEN,SANTA ANA OCCIDENTAL,Calle 106,2190.74,0,PARQUE METROPOLITANO EL COUNTRY,1597.82,0,0.18,,0.67,1.0,0.0,,0.03,87.2,1.0
603-M4438481,APARTAMENTO,VENTA,21.05,125.0,2.0,3.0,1000000.0,2.0,CHICO,6,ENTRE 5 Y 10 ANOS,4.68,-74.05,USADO,,0,1,0,1,1,1,0,0,0,1,False,CHAPINERO,S.C. CHICO NORTE III SECTOR,Calle 100 - Marketmedios,426.01,1,PARQUE VECINAL URBANIZACIÓN NORMANDIA I II II Y IV SECTOR,998.07,0,0.17,,1.0,0.67,0.0,,0.02,416.87,2.0
920-M3868488,APARTAMENTO,VENTA,21.06,191.0,3.0,3.0,1500000.0,3.0,CHICO,6,MAS DE 20 ANOS,4.65,-74.05,USADO,,0,1,0,1,1,0,0,0,0,1,False,CHAPINERO,S.C. LAS ACACIAS,Flores – Areandina,1401.31,0,PARQUE ZONAL GUSTAVO URIBE BOTERO,137.77,1,0.11,,1.0,1.0,0.0,,0.02,561.72,0.0
771-M4514576,APARTAMENTO,VENTA,19.81,77.0,3.0,2.0,320000.0,1.0,COLINA Y ALREDEDORES,4,ENTRE 10 Y 20 ANOS,4.74,-74.06,USADO,,0,0,0,1,0,1,0,0,0,1,False,SUBA,URB. VERSALLES,Mazurén,1044.68,0,PARQUE VECINAL DESARROLLO CANTALEJO URBANIZACIÓN CANTALEJO MANZANA B,531.42,0,0.26,,0.33,1.5,0.0,,0.04,1121.26,0.0
4796-M3866924,APARTAMENTO,VENTA,19.92,58.0,2.0,2.0,507000.0,2.0,SANTA BARBARA,6,ENTRE 10 Y 20 ANOS,4.69,-74.04,USADO,,0,0,0,0,0,0,0,0,0,1,False,USAQUEN,SANTA BARBARA CENTRAL I Y II,Calle 106,1367.51,0,PARQUE METROPOLITANO EL COUNTRY,1606.25,0,0.34,,1.0,1.0,0.0,,0.03,505.64,0.0
2671-M4655158,APARTAMENTO,VENTA,21.19,175.6,3.0,3.0,900000.0,4.0,CHICO,6,MAS DE 20 ANOS,4.68,-74.04,USADO,,0,1,0,0,1,0,0,0,0,1,False,CHAPINERO,S.C. CHICO NORTE,Calle 100 - Marketmedios,1554.64,0,PARQUE VECINAL URBANIZACIÓN LA CABRERA,1060.33,0,0.12,,1.33,1.0,0.0,,0.02,390.28,2.0
4796-M4419047,APARTAMENTO,VENTA,20.14,79.0,2.0,3.0,515000.0,2.0,CEDRITOS,4,ENTRE 5 Y 10 ANOS,4.73,-74.04,USADO,,0,0,0,1,1,1,1,0,0,1,False,USAQUEN,ACACIAS USAQUEN,Calle 142,1389.51,0,PARQUE VECINAL NUEVA URBANIZACIÓN EL CEDRITO,574.42,0,0.25,,1.0,0.67,0.0,,0.03,709.89,0.0
12375-M4350513,APARTAMENTO,VENTA,20.46,198.0,3.0,4.0,700000.0,1.0,NIZA ALHAMBRA,5,MAS DE 20 ANOS,4.7,-74.08,USADO,,0,0,0,0,1,1,0,0,0,1,False,SUBA,URB. PONTEVEDRA SECTOR I,Humedal Córdoba,1057.67,0,PARQUE ZONAL MORATO,996.99,0,0.1,,0.33,0.75,0.0,,0.02,1140.26,0.0
11813-M4675060,APARTAMENTO,VENTA,20.55,100.0,2.0,2.0,892700.0,1.0,,5,MAS DE 20 ANOS,4.66,-74.05,USADO,4000000.0,0,0,1,0,0,0,0,0,0,0,False,CHAPINERO,S.C. EL NOGAL,Calle 76 - San Felipe,938.74,0,PARQUE ZONAL SAN ANDRÉS,190.69,1,0.21,40000.0,0.5,1.0,0.0,4.48,0.02,352.75,4.0
11813-M4675556,APARTAMENTO,VENTA,19.49,75.0,2.0,2.0,100000.0,0.0,CASTILLA MARSELLA,3,MAS DE 20 ANOS,4.63,-74.13,USADO,,0,0,1,0,0,0,0,0,0,0,False,KENNEDY,MARSELLA,Marsella,240.0,1,PARQUE ZONAL MARSELLA,310.38,1,0.26,,0.0,1.0,0.0,,0.03,1538.27,0.0
10093-M4515896,APARTAMENTO,VENTA,19.83,74.0,2.0,2.0,436000.0,2.0,CEDRITOS,4,MAS DE 20 ANOS,4.72,-74.03,USADO,,0,1,0,1,0,1,0,0,0,1,False,USAQUEN,CEDRITOS,Alcalá,2293.77,0,PARQUE VECINAL NUEVA URBANIZACIÓN EL CEDRITO,635.23,0,0.27,,1.0,1.0,0.0,,0.03,375.29,1.0
34-M4692241,APARTAMENTO,VENTA,19.93,79.0,3.0,2.0,660000.0,2.0,COUNTRY,5,ENTRE 10 Y 20 ANOS,4.72,-74.04,USADO,,0,0,0,0,0,0,0,0,0,1,False,USAQUEN,LISBOA_,Alcalá,1844.08,0,PARQUE VECINAL NUEVA URBANIZACIÓN EL CEDRITO,886.31,0,0.25,,0.67,1.5,0.0,,0.04,376.87,2.0
304-M3652408,APARTAMENTO,VENTA,20.2,63.35,2.0,2.0,410000.0,2.0,SANTA BARBARA,6,ENTRE 5 Y 10 ANOS,4.69,-74.05,USADO,,0,1,0,0,1,0,0,0,0,1,False,USAQUEN,SAN PATRICIO,Calle 106,849.56,0,PARQUE METROPOLITANO EL COUNTRY,1631.66,0,0.32,,1.0,1.0,0.0,,0.03,105.61,3.0
2266-M3617452,APARTAMENTO,VENTA,20.82,162.0,4.0,3.0,772000.0,2.0,SANTA BARBARA,6,MAS DE 20 ANOS,4.7,-74.04,USADO,,0,1,0,0,1,0,0,0,0,1,False,USAQUEN,SAN PATRICIO,Pepe Sierra,1172.4,0,PARQUE METROPOLITANO EL COUNTRY,1148.31,0,0.13,,0.5,1.33,0.0,,0.02,355.65,2.0
34-M4182942,APARTAMENTO,VENTA,19.55,70.0,3.0,2.0,329900.0,1.0,ENGATIVA,4,ENTRE 5 Y 10 ANOS,4.72,-74.13,USADO,,0,0,0,0,1,0,0,0,0,1,False,ENGATIVA,S.C. ENGATIVA EL DORADO,Portal 80,2612.67,0,PARQUE METROPOLITANO PLANTA DE TRATAMIENTO SALITRE,698.38,0,0.28,,0.33,1.5,0.0,,0.04,2399.37,0.0
2214-M4706096,APARTAMENTO,VENTA,19.36,63.0,3.0,2.0,180000.0,1.0,CASTILLA MARSELLA,3,ENTRE 5 Y 10 ANOS,4.64,-74.15,USADO,,0,0,0,0,0,0,0,0,0,1,False,KENNEDY,VALLADOLID,Transversal 86,1259.08,0,PARQUE METROPOLITANO BIBLIOTECA EL TINTAL,796.52,0,0.31,,0.33,1.5,0.0,,0.05,2197.06,0.0
2751-M4682221,APARTAMENTO,VENTA,19.92,89.0,3.0,2.0,307800.0,1.0,ORQUIDEAS,4,ENTRE 0 Y 5 ANOS,4.76,-74.03,USADO,,0,0,0,0,0,1,0,0,0,1,False,USAQUEN,SAN JOSE DE USAQUEN,Portal Norte,1562.78,0,PARQUE VECINAL URBANIZACIÓN CALLE 170 / ALAMEDA,679.05,0,0.22,,0.33,1.5,0.0,,0.03,1011.04,0.0
2671-M4534311,APARTAMENTO,VENTA,21.79,328.0,4.0,5.0,2323000.0,3.0,COUNTRY,6,MAS DE 20 ANOS,4.72,-74.03,USADO,,0,0,0,1,0,1,1,0,0,1,False,USAQUEN,CIUDADELA REAL,Alcalá,2687.78,0,PARQUE VECINAL NUEVA URBANIZACIÓN EL CEDRITO,1114.52,0,0.07,,0.75,0.8,0.0,,0.01,143.17,1.0
34-M4722871,APARTAMENTO,VENTA,20.32,80.18,2.0,2.0,607000.0,2.0,CHICO,3,MAS DE 20 ANOS,4.68,-74.06,USADO,,0,1,0,0,0,0,0,0,0,1,False,CHAPINERO,S.C. CHICO NORTE III SECTOR,Calle 100 - Marketmedios,361.88,1,PARQUE VECINAL URBANIZACIÓN NORMANDIA I II II Y IV SECTOR,501.5,0,0.25,,1.0,1.0,0.0,,0.02,231.8,1.0
34-M3714976,APARTAMENTO,VENTA,19.6,53.0,1.0,2.0,265000.0,1.0,CHAPINERO ALTO,3,ENTRE 5 Y 10 ANOS,4.65,-74.06,USADO,,0,0,0,0,1,0,0,0,0,1,False,CHAPINERO,S.C. CHAPINERO CENTRAL,Calle 63,248.28,1,PARQUE ZONAL GUSTAVO URIBE BOTERO,1323.65,0,0.37,,1.0,0.5,0.0,,0.02,738.07,0.0
953-M4703210,APARTAMENTO,VENTA,19.99,70.0,2.0,2.0,650000.0,1.0,CHICO,6,ENTRE 10 Y 20 ANOS,4.67,-74.05,USADO,,0,1,0,0,1,0,0,0,0,1,False,CHAPINERO,S.C. CHICO NORTE,Virrey,1213.7,0,PARQUE VECINAL URBANIZACIÓN LA CABRERA,466.5,1,0.29,,0.5,1.0,0.0,,0.03,328.2,3.0
617-M4578573,APARTAMENTO,VENTA,20.47,104.0,3.0,2.0,790000.0,1.0,CHICO,6,MAS DE 20 ANOS,4.66,-74.05,USADO,,0,1,0,0,1,0,0,0,0,1,False,CHAPINERO,S.C. BELLAVISTA,Calle 72,1405.51,0,PARQUE ZONAL GUSTAVO URIBE BOTERO,595.36,0,0.2,,0.33,1.5,0.0,,0.03,655.15,0.0
2671-M3361454,APARTAMENTO,VENTA,21.06,229.0,3.0,3.0,1543000.0,2.0,CHAPINERO ALTO,6,MAS DE 20 ANOS,4.65,-74.05,USADO,,0,1,0,0,0,0,0,0,0,1,False,CHAPINERO,S.C. LAS ACACIAS,Flores – Areandina,1646.93,0,PARQUE ZONAL GUSTAVO URIBE BOTERO,358.18,1,0.09,,0.67,1.0,0.0,,0.01,805.4,0.0
603-M4582549,APARTAMENTO,VENTA,20.29,91.0,3.0,3.0,830000.0,2.0,SANTA BARBARA,5,ENTRE 5 Y 10 ANOS,4.7,-74.05,USADO,,0,0,0,1,1,0,0,0,0,1,False,USAQUEN,SANTA BARBARA OCCIDENTAL,Pepe Sierra,420.74,1,PARQUE ZONAL ATABANZA,1225.78,0,0.22,,0.67,1.0,0.0,,0.03,492.55,1.0
2671-M4210685,APARTAMENTO,VENTA,21.35,228.0,3.0,4.0,1830000.0,3.0,CHICO,6,MAS DE 20 ANOS,4.68,-74.04,USADO,,0,1,0,0,1,0,0,0,0,1,True,CHAPINERO,S.C. CHICO NORTE,Virrey,1687.35,0,PARQUE VECINAL URBANIZACIÓN LA CABRERA,995.34,0,0.09,,1.0,0.75,0.0,,0.01,501.39,0.0
603-M4424169,APARTAMENTO,VENTA,20.35,120.0,3.0,3.0,500000.0,2.0,COLINA Y ALREDEDORES,5,ENTRE 5 Y 10 ANOS,4.72,-74.06,USADO,,0,0,0,1,1,0,1,0,0,1,False,SUBA,SAN JOSE DEL PRADO - URB. ECHEVERRIA,Alcalá,1140.91,0,PARQUE VECINAL PRADO PINZÓN,802.87,0,0.17,,0.67,1.0,0.0,,0.02,263.66,1.0
2671-M4078551,APARTAMENTO,VENTA,21.58,192.0,3.0,4.0,1500000.0,2.0,CHICO,5,ENTRE 0 Y 5 ANOS,4.67,-74.06,USADO,,0,0,0,0,1,0,0,0,0,1,False,CHAPINERO,S.C. ANTIGUO COUNTRY,Virrey,400.77,1,PARQUE ZONAL CANAL EL VIRREY EL CHICO,261.47,1,0.11,,0.67,0.75,0.0,,0.02,231.02,2.0
2671-M3239519,APARTAMENTO,VENTA,20.65,103.0,2.0,3.0,593200.0,2.0,CHICO,6,ENTRE 0 Y 5 ANOS,4.68,-74.05,USADO,,0,0,0,1,1,0,0,0,0,1,False,CHAPINERO,S.C. CHICO NORTE III SECTOR,Calle 100 - Marketmedios,742.09,0,PARQUE VECINAL URBANIZACIÓN NORMANDIA I II II Y IV SECTOR,1120.71,0,0.2,,1.0,0.67,0.0,,0.02,67.7,3.0
815-M4602337,APARTAMENTO,VENTA,19.34,49.0,3.0,1.0,153000.0,1.0,CORTIJO AUTOPISTA MEDELLIN,3,MAS DE 20 ANOS,4.72,-74.11,USADO,,0,0,0,0,0,1,0,0,0,1,False,ENGATIVA,CIUDADELA COLSUBSIDIO,Portal 80,1576.69,0,PARQUE VECINAL URBANIZACIÓN BACHUE PRIMERA ETAPA,1326.81,0,0.39,,0.33,3.0,0.0,,0.06,1487.97,0.0
4957-M4576639,APARTAMENTO,VENTA,20.5,79.0,2.0,3.0,910000.0,1.0,SANTA BARBARA,6,ENTRE 0 Y 5 ANOS,4.69,-74.05,USADO,,0,0,0,1,1,0,0,0,0,1,False,USAQUEN,SANTA BIBIANA,Calle 100 - Marketmedios,933.72,0,PARQUE VECINAL URBANIZACIÓN NORMANDIA I II II Y IV SECTOR,1407.95,0,0.26,,0.5,0.67,0.0,,0.03,271.56,2.0
3606-M4068020,APARTAMENTO,VENTA,21.0,179.0,3.0,5.0,720000.0,2.0,SANTA BARBARA,6,ENTRE 10 Y 20 ANOS,4.7,-74.05,USADO,,0,0,0,0,0,0,0,0,0,0,False,USAQUEN,SANTA BARBARA OCCIDENTAL,Pepe Sierra,942.9,0,PARQUE METROPOLITANO EL COUNTRY,1059.38,0,0.12,,0.67,0.6,0.0,,0.02,261.01,1.0
120-M3246494,APARTAMENTO,VENTA,19.99,76.0,2.0,2.0,246000.0,1.0,COLINA Y ALREDEDORES,4,ENTRE 0 Y 5 ANOS,4.74,-74.06,USADO,,0,0,0,0,0,0,0,0,0,1,False,SUBA,CAMPOS DE SILENCIO,Calle 161,893.85,0,PARQUE VECINAL DESARROLLO CANTALEJO URBANIZACIÓN CANTALEJO MANZANA B,261.94,1,0.26,,0.5,1.0,0.0,,0.03,1489.01,0.0
RV-M4547120,APARTAMENTO,VENTA,19.3,39.09,1.0,1.0,3921395.93,1.0,COLINA Y ALREDEDORES,4,ENTRE 0 Y 5 ANOS,4.73,-74.06,USADO,,0,0,0,0,0,0,0,0,0,0,False,SUBA,LA VICTORIA NORTE,Mazurén,644.08,0,PARQUE VECINAL URBANIZACIÓN LA LAGUNA,75.11,1,0.49,,1.0,1.0,0.0,,0.03,1311.9,0.0
RV-M4333975,APARTAMENTO,VENTA,19.4,55.59,3.0,2.0,3921395.93,1.0,ORQUIDEAS,3,ENTRE 5 Y 10 ANOS,4.77,-74.03,USADO,,0,0,0,0,0,0,0,0,0,0,False,USAQUEN,TIBABITA,Terminal,1535.94,0,PARQUE VECINAL DESARROLLO VERBENAL I,1141.72,0,0.35,,0.33,1.5,0.0,,0.05,1417.14,0.0
RV-M4537680,APARTAMENTO,VENTA,19.76,73.8,3.0,2.0,338000.0,1.0,ENGATIVA,4,MAS DE 20 ANOS,4.68,-74.08,USADO,,0,0,0,0,0,0,0,0,0,0,False,ENGATIVA,METROPOLIS_,AV. 68,655.17,0,PARQUE VECINAL URBANIZACIÓN METROPOLIS,321.43,1,0.27,,0.33,1.5,0.0,,0.04,139.16,2.0
11813-M4675944,APARTAMENTO,VENTA,19.95,100.0,3.0,2.0,160000.0,0.0,,4,MAS DE 20 ANOS,4.65,-74.06,USADO,,0,0,1,0,0,0,0,0,0,0,False,CHAPINERO,S.C. CHAPINERO NORTE,Flores – Areandina,440.13,1,PARQUE ZONAL GUSTAVO URIBE BOTERO,1069.44,0,0.2,,0.0,1.5,0.0,,0.03,236.9,1.0
11813-M4675527,APARTAMENTO,VENTA,19.28,46.0,2.0,1.0,3921395.93,0.0,,3,MAS DE 20 ANOS,4.76,-74.08,USADO,,0,0,1,1,0,0,0,0,0,0,False,SUBA,S C. TUNA ALTA,La Campiña,2198.17,0,PARQUE ZONAL CAMPO VERDE,390.83,1,0.42,,0.0,2.0,0.0,,0.04,2244.74,0.0
10139-M4513890,APARTAMENTO,VENTA,20.67,98.0,2.0,3.0,733500.0,3.0,CHICO,6,ENTRE 5 Y 10 ANOS,4.68,-74.05,USADO,,0,0,0,0,0,0,0,0,0,0,False,CHAPINERO,S.C. CHICO NORTE,Virrey,593.54,0,PARQUE VECINAL URBANIZACIÓN NORMANDIA I II II Y IV SECTOR,477.37,1,0.21,,1.5,0.67,0.0,,0.02,215.74,2.0
11813-M4675434,APARTAMENTO,VENTA,20.62,155.0,3.0,3.0,600000.0,1.0,,6,MAS DE 20 ANOS,4.67,-74.04,USADO,,0,0,1,0,0,0,0,0,0,0,False,CHAPINERO,S.C. CHICO NORTE,Virrey,1770.22,0,PARQUE VECINAL URBANIZACIÓN LA CABRERA,787.35,0,0.13,,0.33,1.0,0.0,,0.02,710.52,0.0
11813-M4675493,APARTAMENTO,VENTA,19.92,86.0,3.0,2.0,460000.0,1.0,,5,MAS DE 20 ANOS,4.7,-74.06,USADO,,0,0,1,0,0,0,0,0,0,0,False,SUBA,LA ALHAMBRA SECTOR SUR,Pepe Sierra,644.38,0,PARQUE ZONAL CANAL CORDOBA,512.89,0,0.23,,0.33,1.5,0.0,,0.03,1062.26,0.0
11813-M4675149,APARTAMENTO,VENTA,19.76,62.0,2.0,1.0,632000.0,1.0,,5,MAS DE 20 ANOS,4.67,-74.05,USADO,,0,0,1,0,0,0,0,0,0,0,False,CHAPINERO,S.C. EL CHICO,Virrey,978.44,0,PARQUE ZONAL CANAL EL VIRREY EL CHICO,364.07,1,0.32,,0.5,2.0,0.0,,0.03,336.58,4.0
34-M2850546,APARTAMENTO,VENTA,20.18,150.0,4.0,2.0,80000.0,1.0,LA SOLEDAD,4,MAS DE 20 ANOS,4.62,-74.07,USADO,,0,0,0,0,1,0,0,0,0,1,False,TEUSAQUILLO,ARMENIA,Calle 26,219.98,1,PARQUE METROPOLITANO EL RENACIMIENTO - PARQUE CEMENTERIO CENTRAL,536.98,0,0.13,,0.25,2.0,0.0,,0.03,383.35,4.0
3422-M4513719,APARTAMENTO,VENTA,21.06,185.0,3.0,4.0,700000.0,2.0,SANTA BARBARA,6,ENTRE 10 Y 20 ANOS,4.7,-74.03,USADO,,0,1,0,1,1,0,1,0,0,1,False,USAQUEN,LOS ALPES II SECTOR,Calle 127,2922.45,0,PARQUE METROPOLITANO EL COUNTRY,1237.28,0,0.11,,0.67,0.75,0.0,,0.02,579.83,0.0
5175-M4498800,APARTAMENTO,VENTA,20.29,96.0,3.0,3.0,515500.0,2.0,COUNTRY,4,ENTRE 5 Y 10 ANOS,4.72,-74.04,USADO,,0,0,0,1,1,0,0,0,0,1,False,USAQUEN,CEDRITOS,Alcalá,1275.8,0,PARQUE VECINAL NUEVA URBANIZACIÓN EL CEDRITO,807.5,0,0.21,,0.67,1.0,0.0,,0.03,277.97,1.0
342-M4694947,APARTAMENTO,VENTA,19.02,41.0,2.0,1.0,110000.0,0.0,CASTILLA MARSELLA,3,ENTRE 5 Y 10 ANOS,4.64,-74.15,USADO,,0,0,0,0,1,0,0,0,0,1,False,KENNEDY,CIUDAD TECHO II,Transversal 86,880.09,0,PARQUE METROPOLITANO BIBLIOTECA EL TINTAL,915.13,0,0.46,,0.0,2.0,0.0,,0.05,2218.66,0.0
34-M2846963,APARTAMENTO,VENTA,20.37,150.0,4.0,2.0,80000.0,1.0,LA SOLEDAD,4,MAS DE 20 ANOS,4.62,-74.07,USADO,,0,0,0,0,1,0,0,0,0,1,False,TEUSAQUILLO,ARMENIA,Calle 26,219.98,1,PARQUE METROPOLITANO EL RENACIMIENTO - PARQUE CEMENTERIO CENTRAL,536.98,0,0.14,,0.25,2.0,0.0,,0.03,383.35,4.0
5031-M4720924,APARTAMENTO,VENTA,19.38,53.0,2.0,2.0,250000.0,1.0,ORQUIDEAS,3,ENTRE 5 Y 10 ANOS,4.74,-74.04,USADO,,0,0,0,0,0,1,0,0,0,1,False,USAQUEN,LAS ORQUIDEAS,Calle 161,663.41,0,PARQUE VECINAL URBANIZACIÓN TOBERIN,311.36,1,0.37,,0.5,1.0,0.0,,0.04,911.87,0.0
34-61314,APARTAMENTO,VENTA,21.31,169.41,3.0,5.0,800000.0,3.0,ALTOS DE SUBA Y CERROS DE SAN JORGE,6,ENTRE 0 Y 5 ANOS,4.73,-74.08,USADO,,0,1,0,0,0,0,0,0,0,1,False,SUBA,URB. EL TABOR,21 Ángeles,785.42,0,PARQUE ZONAL BELLAVISTA DINDALITO,1258.58,0,0.13,,1.0,0.6,0.0,,0.02,1954.88,0.0
34-M3555108,APARTAMENTO,VENTA,19.96,91.0,2.0,2.0,503500.0,0.0,NIZA ALHAMBRA,5,ENTRE 10 Y 20 ANOS,4.7,-74.06,USADO,,0,0,0,0,1,0,0,0,0,1,False,SUBA,EL BATAN,Calle 127,167.25,1,PARQUE ZONAL ATABANZA,648.02,0,0.22,,0.0,1.0,0.0,,0.02,336.06,4.0
304-M4421231,APARTAMENTO,VENTA,19.79,42.29,1.0,1.0,3921395.93,0.0,COUNTRY,4,ENTRE 0 Y 5 ANOS,4.7,-74.03,USADO,,0,0,0,0,1,0,0,0,0,1,False,USAQUEN,BELLA SUIZA,Calle 127,2499.47,0,PARQUE METROPOLITANO EL COUNTRY,757.54,0,0.47,,0.0,1.0,0.0,,0.02,720.35,0.0
661-M4480539,APARTAMENTO,VENTA,19.99,83.0,3.0,2.0,332000.0,1.0,NICOLAS DE FEDERMAN,4,REMODELADO,4.64,-74.09,USADO,,0,0,0,0,1,0,0,0,0,1,False,TEUSAQUILLO,RAFAEL NUNEZ,Campín - UAN,814.96,0,PARQUE ZONAL NICOLAS DE FEDERMAN 3,644.12,0,0.24,,0.33,1.5,0.0,,0.04,586.86,0.0
34-M4038165,APARTAMENTO,VENTA,19.25,59.0,3.0,2.0,167000.0,1.0,ALTOS DE SUBA Y CERROS DE SAN JORGE,3,MAS DE 20 ANOS,4.75,-74.08,USADO,,0,0,0,0,0,0,0,0,0,1,False,SUBA,EL PINAR DE SUBA,La Campiña,1010.47,0,PARQUE VECINAL URBANIZACIÓN VALLE DE REFOUS,683.75,0,0.33,,0.33,1.5,0.0,,0.05,1186.0,0.0
304-M4421161,APARTAMENTO,VENTA,20.36,74.41,2.0,2.0,3921395.93,0.0,COUNTRY,4,ENTRE 0 Y 5 ANOS,4.7,-74.03,USADO,,0,0,0,0,1,0,0,0,0,1,False,USAQUEN,BELLA SUIZA,Calle 127,2499.47,0,PARQUE METROPOLITANO EL COUNTRY,757.54,0,0.27,,0.0,1.0,0.0,,0.03,720.35,0.0
346-M3718996,APARTAMENTO,VENTA,19.66,78.0,3.0,2.0,236000.0,1.0,COLINA Y ALREDEDORES,5,ENTRE 0 Y 5 ANOS,4.73,-74.07,USADO,,0,0,0,0,0,0,0,0,0,1,False,SUBA,URB. PARQUES DE LA COLINA,Gratamira,790.42,0,PARQUE VECINAL PRADO PINZÓN,1547.61,0,0.25,,0.33,1.5,0.0,,0.04,386.11,1.0
34-M4596268,APARTAMENTO,VENTA,19.67,74.0,3.0,2.0,237500.0,1.0,SALITRE MODELIA,4,ENTRE 10 Y 20 ANOS,4.67,-74.13,USADO,,0,0,0,0,0,0,0,0,0,1,False,FONTIBON,CAPELLANIA,Modelia,1148.26,0,PARQUE VECINAL MODELIA SECTOR A,723.71,0,0.27,,0.33,1.5,0.0,,0.04,969.45,0.0
2363-M2871501,APARTAMENTO,VENTA,20.05,80.43,3.0,2.0,584000.0,1.0,CHICO,6,REMODELADO,4.66,-74.05,USADO,,0,0,0,0,1,0,0,0,0,0,False,CHAPINERO,LOS ROSALES,Calle 76 - San Felipe,1399.37,0,PARQUE ZONAL SAN ANDRÉS,549.29,0,0.25,,0.33,1.5,0.0,,0.04,732.6,0.0
4278-M4523118,APARTAMENTO,VENTA,19.91,84.0,2.0,3.0,517000.0,1.0,SANTA BARBARA,5,MAS DE 20 ANOS,4.7,-74.04,USADO,,0,1,0,0,1,0,0,0,0,1,False,USAQUEN,SANTA BARBARA OCCIDENTAL,Calle 127,1347.17,0,PARQUE METROPOLITANO EL COUNTRY,695.71,0,0.24,,0.5,0.67,0.0,,0.02,340.67,1.0
11369-M4673480,APARTAMENTO,VENTA,19.41,49.8,1.0,1.0,388000.0,1.0,CHAPINERO ALTO,4,MAS DE 20 ANOS,4.64,-74.07,USADO,,0,0,0,0,1,0,0,0,0,1,False,CHAPINERO,S.C. MARLY,Marly,252.47,1,PARQUE METROPOLITANO PARQUE NACIONAL (PM2A) ENRIQUE OLAYA HERRERA (SECTOR HISTORICO),1242.76,0,0.39,,1.0,1.0,0.0,,0.02,374.9,1.0
495-M4644532,APARTAMENTO,VENTA,20.01,71.0,1.0,2.0,516200.0,2.0,SANTA BARBARA,6,ENTRE 10 Y 20 ANOS,4.69,-74.06,USADO,,0,0,0,0,1,0,0,0,0,1,False,USAQUEN,SANTA BIBIANA,Calle 100 - Marketmedios,540.74,0,PARQUE VECINAL URBANIZACIÓN NORMANDIA I II II Y IV SECTOR,1260.09,0,0.28,,2.0,0.5,0.0,,0.01,679.81,0.0
10677-M3878511,APARTAMENTO,VENTA,20.2,88.0,3.0,2.0,369000.0,2.0,CASTILLA MARSELLA,5,MAS DE 20 ANOS,4.66,-74.06,USADO,,0,0,0,0,1,0,0,0,0,1,False,CHAPINERO,S.C. LAGO GAITAN,Calle 76 - San Felipe,369.2,1,PARQUE ZONAL SAN ANDRÉS,684.7,0,0.23,,0.67,1.5,0.0,,0.03,376.69,1.0
603-M4700492,APARTAMENTO,VENTA,19.3,50.0,2.0,2.0,300000.0,1.0,CHICO,4,MAS DE 20 ANOS,4.66,-74.06,USADO,,0,0,0,0,0,1,0,0,0,1,False,CHAPINERO,S.C. PORCIUNCULA,Calle 76 - San Felipe,139.7,1,PARQUE ZONAL LA ESTACIÓN,739.31,0,0.39,,0.5,1.0,0.0,,0.04,586.41,0.0
2671-M4587174,APARTAMENTO,VENTA,21.31,202.52,4.0,4.0,583000.0,3.0,CHICO,6,MAS DE 20 ANOS,4.67,-74.04,USADO,,0,1,0,0,0,0,0,0,0,1,False,CHAPINERO,EL REFUGIO,Héroes - Gel´Hada,1823.39,0,PARQUE VECINAL URBANIZACIÓN LA CABRERA,836.7,0,0.11,,0.75,1.0,0.0,,0.02,822.74,0.0
10677-M3741128,APARTAMENTO,VENTA,19.95,57.0,2.0,2.0,420000.0,1.0,SANTA BARBARA,6,ENTRE 5 Y 10 ANOS,4.7,-74.05,USADO,,0,1,0,0,1,0,0,0,0,1,False,USAQUEN,SANTA BARBARA OCCIDENTAL,Calle 127,959.3,0,PARQUE METROPOLITANO EL COUNTRY,860.01,0,0.35,,0.5,1.0,0.0,,0.04,456.39,1.0
15062-M3870653,APARTAMENTO,VENTA,19.73,81.0,3.0,2.0,220000.0,1.0,KENNEDY,3,ENTRE 5 Y 10 ANOS,4.64,-74.15,USADO,,0,0,0,1,1,1,0,0,0,1,False,KENNEDY,CIUDAD TECHO II,Transversal 86,810.33,0,PARQUE METROPOLITANO BIBLIOTECA EL TINTAL,491.75,1,0.24,,0.33,1.5,0.0,,0.04,2663.12,0.0
164-M3709771,APARTAMENTO,VENTA,19.09,53.5,2.0,1.0,130000.0,0.0,ORQUIDEAS,3,ENTRE 5 Y 10 ANOS,4.74,-74.04,USADO,,0,0,0,0,0,0,0,0,0,1,False,USAQUEN,LA RESERVA DEL PALMAR,Toberin - Foundever,912.51,0,PARQUE VECINAL URBANIZACIÓN TOBERIN,63.37,1,0.36,,0.0,2.0,0.0,,0.04,549.43,0.0
416-118328,APARTAMENTO,VENTA,19.76,65.0,2.0,2.0,3921395.93,1.0,FONTIBON TINTAL,4,ENTRE 5 Y 10 ANOS,4.65,-74.13,USADO,,0,0,0,1,1,0,0,0,0,0,False,FONTIBON,EL TINTAL A.S.D.,Normandía,2372.8,0,PARQUE VECINAL VILLA ALSACIA,1348.62,0,0.3,,0.5,1.0,0.0,,0.03,511.01,0.0
34-M3720906,APARTAMENTO,VENTA,20.29,83.9,2.0,2.0,458900.0,1.0,CENTRO INTERNACIONAL,4,MAS DE 20 ANOS,4.62,-74.07,USADO,,0,0,0,0,1,0,0,0,0,1,False,SANTA FE,SAMPER,Calle 34,295.68,1,PARQUE METROPOLITANO PARQUE NACIONAL (PM2A) ENRIQUE OLAYA HERRERA (SECTOR HISTORICO),717.65,0,0.24,,0.5,1.0,0.0,,0.02,391.68,4.0
3422-M4646614,APARTAMENTO,VENTA,20.07,90.0,3.0,3.0,584000.0,2.0,COUNTRY,5,ENTRE 5 Y 10 ANOS,4.72,-74.04,USADO,,0,0,0,0,1,0,0,0,0,1,False,USAQUEN,LISBOA_,Alcalá,1879.93,0,PARQUE VECINAL NUEVA URBANIZACIÓN EL CEDRITO,768.93,0,0.22,,0.67,1.0,0.0,,0.03,424.01,2.0
3057-M4603479,APARTAMENTO,VENTA,19.9,70.0,2.0,2.0,335000.0,1.0,CEDRITOS,4,ENTRE 10 Y 20 ANOS,4.72,-74.03,USADO,,0,1,0,0,1,0,0,0,0,1,False,USAQUEN,CEDRO SALAZAR,Calle 142,2483.8,0,PARQUE VECINAL NUEVA URBANIZACIÓN EL CEDRITO,585.31,0,0.28,,0.5,1.0,0.0,,0.03,829.05,0.0
14236-M4710129,APARTAMENTO,VENTA,19.72,62.35,3.0,2.0,287000.0,1.0,NORMANDIA,4,ENTRE 0 Y 5 ANOS,4.68,-74.11,USADO,,0,0,0,1,1,1,0,0,0,1,False,ENGATIVA,LOS MONJES,Modelia,876.98,0,PARQUE VECINAL MODELIA SECTOR A,1568.97,0,0.32,,0.33,1.5,0.0,,0.05,530.42,0.0
133-M2804936,APARTAMENTO,VENTA,20.64,149.0,4.0,4.0,600000.0,2.0,COUNTRY,6,MAS DE 20 ANOS,4.71,-74.04,USADO,,0,0,0,0,0,0,0,0,0,1,False,USAQUEN,LA_CAROLINA,Prado,1891.81,0,PARQUE METROPOLITANO EL COUNTRY,367.43,1,0.14,,0.5,1.0,0.0,,0.03,633.8,0.0
10366-6894,APARTAMENTO,VENTA,20.62,103.0,3.0,3.0,800000.0,2.0,SANTA BARBARA,6,ENTRE 5 Y 10 ANOS,4.69,-74.05,USADO,,0,1,0,0,1,0,0,0,0,1,False,USAQUEN,SAN PATRICIO,Calle 106,1115.08,0,PARQUE METROPOLITANO EL COUNTRY,1448.62,0,0.2,,0.67,1.0,0.0,,0.03,161.24,2.0
15061-M4352902,APARTAMENTO,VENTA,19.9,70.47,2.0,2.0,402100.0,1.0,COUNTRY,5,ENTRE 10 Y 20 ANOS,4.72,-74.03,USADO,,1,0,0,1,1,0,0,0,0,1,False,USAQUEN,CEDRITOS,Alcalá,1979.6,0,PARQUE VECINAL NUEVA URBANIZACIÓN EL CEDRITO,688.94,0,0.28,,0.5,1.0,0.0,,0.03,469.76,1.0
4660-M4635059,APARTAMENTO,VENTA,20.18,105.0,2.0,4.0,898000.0,2.0,CHICO,5,MAS DE 20 ANOS,4.68,-74.05,USADO,,0,0,0,0,1,0,0,0,0,1,False,CHAPINERO,S.C. CHICO NORTE,Virrey,1115.25,0,PARQUE ZONAL CANAL EL VIRREY EL CHICO,674.84,0,0.19,,1.0,0.5,0.0,,0.02,85.72,2.0
4278-M4685492,APARTAMENTO,VENTA,20.21,67.2,2.0,3.0,650000.0,1.0,CHICO,6,ENTRE 0 Y 5 ANOS,4.68,-74.05,USADO,,0,0,0,1,1,0,0,0,0,1,False,CHAPINERO,S.C. CHICO NORTE III SECTOR,Calle 100 - Marketmedios,463.27,1,PARQUE VECINAL URBANIZACIÓN NORMANDIA I II II Y IV SECTOR,727.64,0,0.3,,0.5,0.67,0.0,,0.03,135.82,2.0
350-M4206612,APARTAMENTO,VENTA,19.52,47.0,2.0,1.0,310000.0,2.0,NIZA ALHAMBRA,5,MAS DE 20 ANOS,4.69,-74.06,USADO,,0,1,0,0,0,0,0,0,0,1,False,SUBA,S.C. PASADENA,Suba - Calle 100,494.41,1,PARQUE ZONAL CANAL CORDOBA,1038.68,0,0.42,,1.0,2.0,0.0,,0.04,589.08,0.0
920-M4114282,APARTAMENTO,VENTA,20.05,108.0,3.0,3.0,457000.0,1.0,CEDRITOS,4,ENTRE 10 Y 20 ANOS,4.73,-74.04,USADO,,0,1,0,0,1,1,0,0,0,1,False,USAQUEN,ACACIAS USAQUEN,Calle 142,1168.49,0,PARQUE VECINAL NUEVA URBANIZACIÓN EL CEDRITO,773.34,0,0.19,,0.33,1.0,0.0,,0.03,759.26,0.0
164-M4468474,APARTAMENTO,VENTA,19.34,59.8,2.0,2.0,217000.0,0.0,,3,MAS DE 20 ANOS,4.74,-74.04,USADO,,0,0,0,0,0,0,0,0,0,1,False,USAQUEN,LAS ORQUIDEAS,Calle 161,836.67,0,PARQUE VECINAL URBANIZACIÓN TOBERIN,364.25,1,0.32,,0.0,1.0,0.0,,0.03,959.97,0.0
14914-M3969927,APARTAMENTO,VENTA,21.82,265.0,3.0,4.0,2200000.0,3.0,CHICO,6,ENTRE 10 Y 20 ANOS,4.66,-74.05,USADO,,0,0,0,1,0,0,0,0,0,1,False,CHAPINERO,S.C. BELLAVISTA,Calle 76 - San Felipe,1222.24,0,PARQUE ZONAL SAN ANDRÉS,689.83,0,0.08,,1.0,0.75,0.0,,0.01,535.46,0.0
15738-M4356713,APARTAMENTO,VENTA,19.97,96.0,3.0,2.0,350000.0,1.0,ORQUIDEAS,4,ENTRE 10 Y 20 ANOS,4.76,-74.04,USADO,,0,0,0,1,1,0,0,0,0,1,False,USAQUEN,SAN ANTONIO NOROCCIDENTAL,Portal Norte,933.55,0,PARQUE VECINAL URBANIZACIÓN CALLE 170 / ALAMEDA,137.86,1,0.21,,0.33,1.5,0.0,,0.03,947.84,0.0
34-64351,APARTAMENTO,VENTA,20.07,94.98,3.0,2.0,370000.0,2.0,ORQUIDEAS,4,ENTRE 0 Y 5 ANOS,4.76,-74.04,USADO,,0,0,0,0,1,0,0,0,0,1,False,USAQUEN,SAN ANTONIO NOROCCIDENTAL,Portal Norte,970.54,0,PARQUE VECINAL URBANIZACIÓN CALLE 170 / ALAMEDA,86.01,1,0.21,,0.67,1.5,0.0,,0.03,817.54,0.0
2123-3763013,APARTAMENTO,VENTA,20.95,185.0,3.0,5.0,950000.0,3.0,COUNTRY,6,ENTRE 10 Y 20 ANOS,4.73,-74.02,USADO,,0,1,0,0,1,1,0,0,0,1,False,USAQUEN,BOSQUE DE PINOS III,Calle 146,2841.9,0,PARQUE VECINAL NUEVA URBANIZACIÓN EL CEDRITO,999.93,0,0.11,,1.0,0.6,0.0,,0.02,1004.57,0.0
346-M3719024,APARTAMENTO,VENTA,21.51,317.0,3.0,3.0,2300000.0,3.0,CHICO,6,ENTRE 10 Y 20 ANOS,4.67,-74.04,USADO,,0,1,0,0,1,0,0,0,0,1,False,CHAPINERO,CHICO ALTO,Calle 85,1878.2,0,PARQUE VECINAL URBANIZACIÓN LA CABRERA,818.27,0,0.07,,1.0,1.0,0.0,,0.01,774.08,0.0
34-M4527323,APARTAMENTO,VENTA,20.18,102.0,3.0,2.0,450000.0,2.0,NIZA ALHAMBRA,4,MAS DE 20 ANOS,4.7,-74.07,USADO,,0,0,0,0,1,0,0,0,0,1,False,SUBA,LAGOS DE CORDOBA,Humedal Córdoba,326.65,1,PARQUE ZONAL CANAL CORDOBA,528.86,0,0.2,,0.67,1.5,0.0,,0.03,786.8,0.0
815-1164,APARTAMENTO,VENTA,20.71,168.0,2.0,4.0,580000.0,2.0,SANTA BARBARA,5,MAS DE 20 ANOS,4.7,-74.04,USADO,,0,0,0,0,1,1,0,0,0,1,False,USAQUEN,SANTA BARBARA OCCIDENTAL,Calle 127,1308.61,0,PARQUE METROPOLITANO EL COUNTRY,623.22,0,0.12,,1.0,0.5,0.0,,0.01,240.93,1.0
183-M3511157,APARTAMENTO,VENTA,19.41,57.0,3.0,2.0,150000.0,1.0,KENNEDY,3,ENTRE 5 Y 10 ANOS,4.64,-74.15,USADO,,0,0,0,0,1,0,0,0,0,1,False,KENNEDY,CIUDAD TECHO II,Biblioteca Tintal,737.11,0,PARQUE METROPOLITANO BIBLIOTECA EL TINTAL,370.16,1,0.34,,0.33,1.5,0.0,,0.05,2837.89,0.0
2751-M4714765,APARTAMENTO,VENTA,19.45,49.0,2.0,2.0,305000.0,1.0,COLINA Y ALREDEDORES,3,MAS DE 20 ANOS,4.73,-74.05,USADO,,0,0,0,0,0,0,0,0,0,1,False,SUBA,PRADO PINZON,Calle 142,291.75,1,PARQUE VECINAL PRADO PINZÓN,98.02,1,0.4,,0.5,1.0,0.0,,0.04,917.37,0.0
34-M3893033,APARTAMENTO,VENTA,19.74,55.07,1.0,2.0,307100.0,1.0,CENTRO INTERNACIONAL,4,ENTRE 5 Y 10 ANOS,4.61,-74.07,USADO,,0,0,0,0,1,0,0,0,0,1,False,SANTA FE,BOSQUE IZQUIERDO,San Diego,610.18,0,PARQUE METROPOLITANO INDEPENDENCIA BICENTENARIO,388.91,1,0.36,,1.0,0.5,0.0,,0.02,573.18,0.0
4796-M3600765,APARTAMENTO,VENTA,21.15,220.34,4.0,4.0,1000000.0,4.0,CHICO,6,MAS DE 20 ANOS,4.68,-74.05,USADO,,0,0,0,0,1,0,0,0,0,1,False,CHAPINERO,S.C. EL CHICO,Virrey,894.83,0,PARQUE ZONAL CANAL EL VIRREY EL CHICO,364.82,1,0.1,,1.0,1.0,0.0,,0.02,195.19,4.0
2671-M3980561,APARTAMENTO,VENTA,21.41,280.0,2.0,3.0,1600000.0,2.0,CHICO,6,MAS DE 20 ANOS,4.66,-74.05,USADO,,0,1,0,0,1,0,0,0,0,1,False,CHAPINERO,LOS ROSALES,Calle 76 - San Felipe,1399.92,0,PARQUE ZONAL SAN ANDRÉS,659.47,0,0.08,,1.0,0.67,0.0,,0.01,783.28,0.0
5031-M4738580,APARTAMENTO,VENTA,19.7,58.0,2.0,2.0,250000.0,1.0,ENGATIVA,3,ENTRE 0 Y 5 ANOS,4.7,-74.11,USADO,,0,0,0,0,1,0,0,0,0,1,False,ENGATIVA,FLORENCIA II SECTOR,Carrera 90,176.43,1,PARQUE VECINAL FLORENCIA LOS TRONQUITOS AGRUPACIÓN DE VIVIENDA FLORENCIA II SECTOR,149.66,1,0.34,,0.5,1.0,0.0,,0.03,1012.91,0.0
4796-M4313185,APARTAMENTO,VENTA,19.88,70.24,2.0,2.0,3921395.93,1.0,NIZA ALHAMBRA,5,MAS DE 20 ANOS,4.7,-74.06,USADO,,0,0,0,1,1,0,0,0,0,1,False,SUBA,MALIBU,Pepe Sierra,371.2,1,PARQUE ZONAL CANAL CORDOBA,895.17,0,0.28,,0.5,1.0,0.0,,0.03,651.36,0.0
12500-M4700735,APARTAMENTO,VENTA,20.29,79.0,2.0,3.0,553000.0,1.0,CHICO,5,ENTRE 10 Y 20 ANOS,4.68,-74.06,USADO,,0,1,0,1,1,1,0,0,0,1,False,CHAPINERO,S.C. CHICO NORTE III SECTOR,Calle 100 - Marketmedios,298.83,1,PARQUE VECINAL URBANIZACIÓN NORMANDIA I II II Y IV SECTOR,847.51,0,0.26,,0.5,0.67,0.0,,0.03,370.89,1.0
5031-M4033217,APARTAMENTO,VENTA,19.38,73.0,2.0,2.0,3921395.93,0.0,FONTIBON TINTAL,3,ENTRE 0 Y 5 ANOS,4.67,-74.14,USADO,,0,0,0,0,0,0,0,0,0,1,False,FONTIBON,URB. SALAMANCA,Portal El Dorado,2832.16,0,PARQUE VECINAL VILLA HELENA VILLEMAR,563.26,0,0.27,,0.0,1.0,0.0,,0.03,1408.11,0.0
4796-M4514556,APARTAMENTO,VENTA,21.13,183.0,3.0,5.0,885000.0,2.0,SANTA BARBARA,6,ENTRE 10 Y 20 ANOS,4.69,-74.04,USADO,,0,0,0,1,0,1,1,0,0,1,False,USAQUEN,SANTA ANA OCCIDENTAL,Calle 106,2089.35,0,PARQUE METROPOLITANO EL COUNTRY,1820.72,0,0.12,,0.67,0.6,0.0,,0.02,267.16,1.0
920-M4199818,APARTAMENTO,VENTA,20.95,191.0,3.0,4.0,826100.0,3.0,CHICO,6,MAS DE 20 ANOS,4.68,-74.06,USADO,,0,1,0,0,1,0,0,0,0,1,False,CHAPINERO,S.C. CHICO NORTE III SECTOR,Calle 100 - Marketmedios,320.91,1,PARQUE VECINAL URBANIZACIÓN NORMANDIA I II II Y IV SECTOR,947.93,0,0.11,,1.0,0.75,0.0,,0.02,478.2,1.0
603-M4418009,APARTAMENTO,VENTA,20.32,85.0,2.0,2.0,460000.0,1.0,NIZA ALHAMBRA,5,ENTRE 10 Y 20 ANOS,4.69,-74.06,USADO,,0,0,0,0,1,0,0,0,0,1,False,SUBA,EL ESTORIL,Calle 106,145.28,1,PARQUE ZONAL CANAL CORDOBA,1245.9,0,0.24,,0.5,1.0,0.0,,0.02,777.01,0.0
2671-M3588221,APARTAMENTO,VENTA,20.2,85.07,2.0,3.0,450000.0,2.0,,5,ENTRE 5 Y 10 ANOS,4.72,-74.03,USADO,,0,0,0,1,0,0,0,0,0,1,False,USAQUEN,CEDRITOS,Alcalá,1988.68,0,PARQUE VECINAL NUEVA URBANIZACIÓN EL CEDRITO,709.45,0,0.24,,1.0,0.67,0.0,,0.02,485.42,2.0
4-1409929,APARTAMENTO,VENTA,19.95,92.88,3.0,3.0,301000.0,1.0,CEDRITOS,4,ENTRE 10 Y 20 ANOS,4.73,-74.03,USADO,,0,1,0,0,1,0,0,0,0,1,False,USAQUEN,CEDRO SALAZAR,Calle 146,2096.34,0,PARQUE ZONAL ALTA BLANCA,640.0,0,0.21,,0.33,1.0,0.0,,0.03,209.79,1.0
2671-M3920967,APARTAMENTO,VENTA,21.0,159.0,3.0,4.0,1030000.0,2.0,CHICO,6,ENTRE 5 Y 10 ANOS,4.68,-74.05,USADO,,1,0,0,1,1,1,1,0,0,1,True,CHAPINERO,S.C. CHICO NORTE,Virrey,1368.06,0,PARQUE VECINAL URBANIZACIÓN LA CABRERA,839.05,0,0.13,,0.67,0.75,0.0,,0.02,176.49,1.0
2671-9919,APARTAMENTO,VENTA,21.55,245.0,4.0,4.0,1710000.0,4.0,CEDRITOS,6,MAS DE 20 ANOS,4.72,-74.03,USADO,,0,1,0,1,1,1,0,0,0,1,True,USAQUEN,CEDRITOS,Alcalá,1851.29,0,PARQUE VECINAL NUEVA URBANIZACIÓN EL CEDRITO,533.11,0,0.09,,1.0,1.0,0.0,,0.02,303.26,1.0
3229-M3931745,APARTAMENTO,VENTA,20.44,135.0,4.0,5.0,3921395.93,2.0,CEDRITOS,4,ENTRE 0 Y 5 ANOS,4.72,-74.04,USADO,,1,1,0,1,1,1,1,0,0,1,False,USAQUEN,CEDRITOS,Calle 142,1239.75,0,PARQUE VECINAL NUEVA URBANIZACIÓN EL CEDRITO,711.64,0,0.15,,0.5,0.8,0.0,,0.03,475.79,1.0
2529-M4517069,APARTAMENTO,VENTA,20.6,202.0,3.0,4.0,946000.0,2.0,SANTA BARBARA,6,MAS DE 20 ANOS,4.69,-74.04,USADO,,0,1,0,0,1,1,0,0,0,1,False,USAQUEN,SANTA BARBARA CENTRAL III SECTOR,Pepe Sierra,2079.01,0,PARQUE METROPOLITANO EL COUNTRY,1164.67,0,0.1,,0.67,0.75,0.0,,0.01,407.58,1.0
2444-M4117968,APARTAMENTO,VENTA,19.56,54.11,2.0,2.0,3921395.93,0.0,ALTOS DE SUBA Y CERROS DE SAN JORGE,3,ENTRE 0 Y 5 ANOS,4.74,-74.08,USADO,,0,0,0,0,0,0,0,0,0,1,False,SUBA,S.C. SUBA URBANO,Suba - TV. 91,756.06,0,PARQUE ZONAL BELLAVISTA DINDALITO,653.9,0,0.36,,0.0,1.0,0.0,,0.04,1334.31,0.0
12503-M4140242,APARTAMENTO,VENTA,20.08,109.0,3.0,2.0,457000.0,2.0,NIZA ALHAMBRA,5,MAS DE 20 ANOS,4.71,-74.06,USADO,,0,1,0,1,1,1,0,0,0,1,False,SUBA,EL BATAN,Calle 127,942.86,0,PARQUE ZONAL ATABANZA,513.44,0,0.18,,0.67,1.5,0.0,,0.03,1087.91,0.0
920-M4212008,APARTAMENTO,VENTA,20.47,145.0,3.0,2.0,1200000.0,1.0,CHICO,6,MAS DE 20 ANOS,4.66,-74.05,USADO,,0,0,0,0,1,0,0,0,0,1,False,CHAPINERO,S.C. EL NOGAL,Calle 76 - San Felipe,1247.93,0,PARQUE ZONAL SAN ANDRÉS,323.63,1,0.14,,0.33,1.5,0.0,,0.02,507.5,0.0
11013-M4734332,APARTAMENTO,VENTA,19.48,36.0,1.0,1.0,340000.0,1.0,SANTA BARBARA,6,ENTRE 5 Y 10 ANOS,4.7,-74.04,USADO,,0,0,0,0,1,0,0,0,0,1,False,USAQUEN,SANTA BARBARA CENTRAL I SECTOR,Pepe Sierra,1711.7,0,PARQUE METROPOLITANO EL COUNTRY,944.96,0,0.54,,1.0,1.0,0.0,,0.03,690.9,0.0
11013-M4659351,APARTAMENTO,VENTA,20.67,166.0,3.0,4.0,800000.0,2.0,SANTA BARBARA,6,MAS DE 20 ANOS,4.69,-74.04,USADO,,0,1,0,0,1,1,0,0,0,1,False,USAQUEN,SANTA BARBARA CENTRAL III SECTOR,Pepe Sierra,2187.23,0,PARQUE METROPOLITANO EL COUNTRY,1185.61,0,0.12,,0.67,0.75,0.0,,0.02,433.25,4.0
815-139,APARTAMENTO,VENTA,20.58,148.0,3.0,3.0,464000.0,2.0,CHICO,6,MAS DE 20 ANOS,4.68,-74.05,USADO,,0,1,0,0,1,0,0,0,0,1,False,CHAPINERO,S.C. CHICO NORTE III SECTOR,Calle 100 - Marketmedios,772.99,0,PARQUE VECINAL URBANIZACIÓN NORMANDIA I II II Y IV SECTOR,984.68,0,0.14,,0.67,1.0,0.0,,0.02,225.74,3.0
14493-M4695965,APARTAMENTO,VENTA,21.13,167.3,3.0,4.0,1250000.0,2.0,CHICO,6,MAS DE 20 ANOS,4.68,-74.04,USADO,,0,1,0,1,1,0,0,0,0,1,False,CHAPINERO,S.C. CHICO NORTE,Virrey,1667.42,0,PARQUE VECINAL URBANIZACIÓN LA CABRERA,889.93,0,0.13,,0.67,0.75,0.0,,0.02,511.5,0.0
2444-M4274421,APARTAMENTO,VENTA,19.65,58.84,2.0,2.0,3921395.93,0.0,ALTOS DE SUBA Y CERROS DE SAN JORGE,3,ENTRE 0 Y 5 ANOS,4.74,-74.08,USADO,,0,0,0,0,0,0,0,0,0,1,False,SUBA,S.C. SUBA URBANO,Suba - TV. 91,756.06,0,PARQUE ZONAL BELLAVISTA DINDALITO,653.9,0,0.33,,0.0,1.0,0.0,,0.03,1334.31,0.0
703-M4518634,APARTAMENTO,VENTA,21.6,200.0,3.0,4.0,1528000.0,2.0,CHICO,6,ENTRE 10 Y 20 ANOS,4.67,-74.05,USADO,,0,0,0,0,1,0,0,0,0,1,False,CHAPINERO,S.C. EL CHICO,Calle 85,1290.49,0,PARQUE VECINAL URBANIZACIÓN LA CABRERA,335.33,1,0.11,,0.67,0.75,0.0,,0.02,245.31,1.0
771-M4449504,APARTAMENTO,VENTA,19.66,44.0,1.0,1.0,370000.0,1.0,COUNTRY,6,MAS DE 20 ANOS,4.71,-74.04,USADO,,0,1,0,0,0,0,0,0,0,1,False,USAQUEN,LA_CAROLINA,Calle 127,1584.12,0,PARQUE METROPOLITANO EL COUNTRY,245.95,1,0.45,,1.0,1.0,0.0,,0.02,404.44,1.0
617-M4400156,APARTAMENTO,VENTA,20.62,170.0,3.0,4.0,838000.0,2.0,SANTA BARBARA,6,MAS DE 20 ANOS,4.7,-74.04,USADO,,0,0,0,0,1,0,0,0,0,0,False,USAQUEN,SANTA BARBARA OCCIDENTAL,Calle 127,1277.65,0,PARQUE METROPOLITANO EL COUNTRY,731.15,0,0.12,,0.67,0.75,0.0,,0.02,352.08,1.0
10139-M4532108,APARTAMENTO,VENTA,21.51,120.0,2.0,3.0,3921395.93,2.0,CHICO,6,ENTRE 0 Y 5 ANOS,4.67,-74.05,USADO,,0,0,0,1,0,0,1,0,0,0,False,CHAPINERO,S.C. EL CHICO,Virrey,1403.17,0,PARQUE VECINAL URBANIZACIÓN LA CABRERA,482.49,1,0.18,,1.0,0.67,0.0,,0.02,393.34,2.0
34-M3856003,APARTAMENTO,VENTA,19.86,65.0,1.0,2.0,479000.0,1.0,NIZA ALHAMBRA,5,ENTRE 0 Y 5 ANOS,4.7,-74.06,USADO,,0,0,0,0,1,0,0,0,0,1,False,SUBA,S.C. PASADENA,Puentelargo,640.46,0,PARQUE ZONAL CANAL CORDOBA,791.64,0,0.31,,1.0,0.5,0.0,,0.02,850.99,0.0
34-M3813146,APARTAMENTO,VENTA,20.84,113.31,2.0,4.0,850000.0,0.0,CHICO,6,ENTRE 10 Y 20 ANOS,4.67,-74.05,USADO,,0,1,0,0,1,0,0,0,0,1,False,CHAPINERO,S.C. EL CHICO,Virrey,1175.89,0,PARQUE VECINAL URBANIZACIÓN LA CABRERA,374.45,1,0.18,,0.0,0.5,0.0,,0.02,287.86,3.0
973-M4296927,APARTAMENTO,VENTA,19.99,70.0,2.0,2.0,650000.0,2.0,CHICO,6,ENTRE 10 Y 20 ANOS,4.67,-74.05,USADO,,0,1,0,0,0,0,0,0,0,1,False,CHAPINERO,S.C. CHICO NORTE,Virrey,1206.85,0,PARQUE VECINAL URBANIZACIÓN LA CABRERA,488.79,1,0.29,,1.0,1.0,0.0,,0.03,302.12,3.0
10366-M4349715,APARTAMENTO,VENTA,19.86,42.72,1.0,1.0,281000.0,1.0,CHAPINERO ALTO,4,ENTRE 10 Y 20 ANOS,4.65,-74.06,USADO,1800000.0,0,0,0,0,1,0,0,0,0,1,False,CHAPINERO,S.C. QUINTA CAMACHO,Flores – Areandina,759.58,0,PARQUE ZONAL GUSTAVO URIBE BOTERO,578.51,0,0.46,42134.83,1.0,1.0,0.0,6.41,0.02,185.57,5.0
495-M4672513,APARTAMENTO,VENTA,19.75,75.0,3.0,2.0,274700.0,1.0,ENGATIVA,3,ENTRE 5 Y 10 ANOS,4.68,-74.1,USADO,,0,1,0,1,0,1,0,0,0,1,False,ENGATIVA,EL LAUREL - LA EUROPA,Ferias,1849.92,0,PARQUE VECINAL URBANIZACIÓN LA EUROPA,93.68,1,0.26,,0.33,1.5,0.0,,0.04,1410.7,0.0
5175-M4702335,APARTAMENTO,VENTA,21.06,176.0,3.0,3.0,1270000.0,2.0,SANTA BARBARA,6,MAS DE 20 ANOS,4.69,-74.04,USADO,,0,1,0,1,1,0,0,0,0,1,False,USAQUEN,MOLINOS NORTE,Calle 106,1823.33,0,PARQUE METROPOLITANO EL COUNTRY,1606.05,0,0.12,,0.67,1.0,0.0,,0.02,293.39,1.0
920-M4073256,APARTAMENTO,VENTA,20.32,98.0,3.0,3.0,544000.0,1.0,CHAPINERO ALTO,4,MAS DE 20 ANOS,4.64,-74.06,USADO,,0,0,0,0,1,0,0,0,0,1,False,CHAPINERO,S.C. PARDO RUBIO,Marly,552.42,0,PARQUE METROPOLITANO PARQUE NACIONAL (PM2A) ENRIQUE OLAYA HERRERA (SECTOR HISTORICO),1638.1,0,0.21,,0.33,1.0,0.0,,0.03,832.91,0.0
34-M4419928,APARTAMENTO,VENTA,20.14,119.0,3.0,3.0,468400.0,1.0,CHAPINERO ALTO,4,MAS DE 20 ANOS,4.65,-74.06,USADO,,0,0,0,0,1,0,0,0,0,1,False,CHAPINERO,S.C. MARIA CRISTINA,Calle 63,809.57,0,PARQUE ZONAL GUSTAVO URIBE BOTERO,697.55,0,0.17,,0.33,1.0,0.0,,0.03,558.73,0.0
183-M4044361,APARTAMENTO,VENTA,19.67,59.64,2.0,2.0,232000.0,2.0,SANTA BARBARA,6,MAS DE 20 ANOS,4.7,-74.04,USADO,,0,0,0,0,0,0,0,0,0,1,False,USAQUEN,SANTA BARBARA CENTRAL I SECTOR,Calle 127,2094.01,0,PARQUE METROPOLITANO EL COUNTRY,640.16,0,0.33,,1.0,1.0,0.0,,0.03,535.62,0.0
470-1099,APARTAMENTO,VENTA,21.79,271.0,5.0,4.0,1456000.0,0.0,CHICO,6,ENTRE 5 Y 10 ANOS,4.68,-74.04,USADO,,1,1,0,0,0,0,0,0,0,1,False,CHAPINERO,CHICO RESERVADO,Calle 100 - Marketmedios,1775.68,0,PARQUE VECINAL URBANIZACIÓN LA CABRERA,1203.64,0,0.08,,0.0,1.25,0.0,,0.02,414.05,2.0
2765-325,APARTAMENTO,VENTA,21.79,363.0,4.0,5.0,3000000.0,3.0,CHICO,6,ENTRE 10 Y 20 ANOS,4.65,-74.05,USADO,,0,0,0,1,0,1,0,0,0,0,False,CHAPINERO,S.C. BELLAVISTA,Calle 72,1332.89,0,PARQUE ZONAL GUSTAVO URIBE BOTERO,499.92,1,0.06,,0.75,0.8,0.0,,0.01,590.31,0.0
10366-M3241594,APARTAMENTO,VENTA,19.11,41.0,3.0,1.0,100000.0,1.0,ANTONIO NARINO,3,ENTRE 0 Y 5 ANOS,4.58,-74.08,USADO,,0,0,0,0,1,0,0,0,0,0,False,SAN CRISTOBAL,EL ALTO DE LAS BRISAS,Policarpa,769.71,0,PARQUE VECINAL DESARROLLO LOURDES,1001.42,0,0.47,,0.33,3.0,0.0,,0.07,1361.06,0.0
34-M3810515,APARTAMENTO,VENTA,20.99,216.0,3.0,3.0,776000.0,2.0,COLINA Y ALREDEDORES,5,MAS DE 20 ANOS,4.73,-74.07,USADO,,0,1,0,0,1,0,0,0,0,0,False,SUBA,BOSQUE DE GRATAMIRA I Y II,Gratamira,407.15,1,PARQUE ZONAL EL TOMILLAR,1205.3,0,0.1,,0.67,1.0,0.0,,0.01,674.65,0.0
2214-M4562213,APARTAMENTO,VENTA,21.09,243.0,4.0,1.0,805000.0,1.0,COLINA Y ALREDEDORES,5,ENTRE 10 Y 20 ANOS,4.72,-74.06,USADO,,0,1,0,0,0,0,0,0,0,1,False,SUBA,SAN RAFAEL NORTE,Alcalá,1113.25,0,PARQUE VECINAL PRADO PINZÓN,796.36,0,0.09,,0.25,4.0,0.0,,0.02,240.05,1.0
34-M4208610,APARTAMENTO,VENTA,19.73,57.07,2.0,2.0,452000.0,1.0,NIZA ALHAMBRA,5,MAS DE 20 ANOS,4.7,-74.06,USADO,,0,0,0,0,1,0,0,0,0,1,False,SUBA,LA ALHAMBRA SECTOR SUR,Pepe Sierra,269.28,1,PARQUE ZONAL CANAL CORDOBA,899.47,0,0.35,,0.5,1.0,0.0,,0.04,784.83,0.0
3552-M4527342,APARTAMENTO,VENTA,19.45,62.0,2.0,2.0,3921395.93,1.0,COLINA Y ALREDEDORES,3,MAS DE 20 ANOS,4.75,-74.05,USADO,,0,0,0,0,0,0,0,0,0,1,False,SUBA,S.C BRITALIA,Toberin - Foundever,162.37,1,PARQUE VECINAL DESARROLLO ESTRELLA DEL NORTE,734.04,0,0.31,,0.5,1.0,0.0,,0.03,1378.34,0.0
15180-M4672003,APARTAMENTO,VENTA,19.34,32.0,3.0,2.0,250000.0,1.0,,3,MAS DE 20 ANOS,4.74,-74.08,USADO,,0,0,0,0,0,0,0,0,0,0,False,SUBA,S.C SUBA URBANO,21 Ángeles,195.28,1,PARQUE ZONAL EL TOMILLAR,901.23,0,0.6,,0.33,1.5,0.0,,0.09,1389.16,0.0
3057-M4704385,APARTAMENTO,VENTA,19.81,63.5,3.0,2.0,426000.0,1.0,CHAPINERO ALTO,4,MAS DE 20 ANOS,4.65,-74.06,USADO,,0,0,0,0,0,0,0,0,0,1,False,CHAPINERO,S.C. GRANADA,Calle 63,716.38,0,PARQUE ZONAL GUSTAVO URIBE BOTERO,712.05,0,0.31,,0.33,1.5,0.0,,0.05,433.48,1.0
603-M4418269,APARTAMENTO,VENTA,19.31,48.0,3.0,2.0,246000.0,2.0,ORQUIDEAS,4,MAS DE 20 ANOS,4.74,-74.03,USADO,,0,0,0,0,1,1,0,0,0,1,False,USAQUEN,BABILONIA,Toberin - Foundever,1512.55,0,PARQUE ZONAL LA VIDA,627.86,0,0.4,,0.67,1.5,0.0,,0.06,602.28,0.0
34-M4428527,APARTAMENTO,VENTA,20.25,64.63,2.0,2.0,371000.0,1.0,COLINA Y ALREDEDORES,5,ENTRE 5 Y 10 ANOS,4.73,-74.07,USADO,,0,0,0,0,1,0,0,0,0,1,False,SUBA,IBERIA PORTOALEGRE,Gratamira,993.54,0,PARQUE VECINAL PRADO PINZÓN,1330.9,0,0.31,,0.5,1.0,0.0,,0.03,76.6,1.0
164-M3711294,APARTAMENTO,VENTA,19.55,34.14,1.0,1.0,350000.0,1.0,CHAPINERO ALTO,4,ENTRE 0 Y 5 ANOS,4.64,-74.06,USADO,,0,0,0,0,1,0,0,0,0,1,False,CHAPINERO,S.C. PARDO RUBIO,Marly,465.36,1,PARQUE METROPOLITANO PARQUE NACIONAL (PM2A) ENRIQUE OLAYA HERRERA (SECTOR HISTORICO),1335.44,0,0.57,,1.0,1.0,0.0,,0.03,553.62,0.0
5545-M4505325,APARTAMENTO,VENTA,20.41,105.0,2.0,3.0,870000.0,2.0,CHICO,5,MAS DE 20 ANOS,4.67,-74.06,USADO,,0,1,0,0,1,0,0,0,0,1,False,CHAPINERO,S.C. ANTIGUO COUNTRY,Calle 85,88.35,1,PARQUE METROPOLITANO RECONCILIACIÓN,10.9,1,0.19,,1.0,0.67,0.0,,0.02,503.07,0.0
2671-M4333586,APARTAMENTO,VENTA,20.86,96.0,2.0,3.0,583300.0,2.0,CHICO,6,ENTRE 0 Y 5 ANOS,4.66,-74.05,USADO,,0,0,0,1,1,0,0,0,0,1,False,CHAPINERO,BOSQUE EL RETIRO I SECTOR,Calle 76 - San Felipe,1580.41,0,PARQUE ZONAL SAN ANDRÉS,602.03,0,0.22,,1.0,0.67,0.0,,0.02,747.32,0.0
350-M4554718,APARTAMENTO,VENTA,19.3,54.09,3.0,2.0,208000.0,1.0,KENNEDY,3,ENTRE 5 Y 10 ANOS,4.65,-74.15,USADO,,0,0,0,1,1,1,0,0,0,1,False,KENNEDY,S.C. TINTALA,Biblioteca Tintal,1923.45,0,PARQUE ZONAL SAN IGNACIO,836.15,0,0.36,,0.33,1.5,0.0,,0.06,2642.56,0.0
34-M4053382,APARTAMENTO,VENTA,19.7,65.0,3.0,2.0,380000.0,1.0,COLINA Y ALREDEDORES,5,MAS DE 20 ANOS,4.73,-74.07,USADO,,0,1,0,0,1,0,0,0,0,1,False,SUBA,URB. ATENAS,Gratamira,1071.78,0,PARQUE VECINAL URBANIZACIÓN LA LAGUNA,1311.72,0,0.3,,0.33,1.5,0.0,,0.05,206.93,2.0
34-M3597223,APARTAMENTO,VENTA,20.03,63.63,1.0,1.0,540000.0,1.0,CHICO,5,ENTRE 5 Y 10 ANOS,4.68,-74.06,USADO,,0,0,0,0,1,0,0,0,0,1,False,CHAPINERO,S.C. CHICO NORTE III SECTOR,Calle 100 - Marketmedios,243.93,1,PARQUE VECINAL URBANIZACIÓN NORMANDIA I II II Y IV SECTOR,577.29,0,0.31,,1.0,1.0,0.0,,0.02,311.86,1.0
34-M4527552,APARTAMENTO,VENTA,20.5,90.93,3.0,2.0,630000.0,1.0,CENTRO INTERNACIONAL,4,ENTRE 5 Y 10 ANOS,4.62,-74.07,USADO,,0,0,0,0,1,0,0,0,0,1,False,SANTA FE,SAMPER,Calle 26,236.53,1,PARQUE METROPOLITANO EL RENACIMIENTO - PARQUE CEMENTERIO CENTRAL,625.35,0,0.23,,0.33,1.5,0.0,,0.03,330.38,4.0
2671-M4613751,APARTAMENTO,VENTA,20.72,180.0,3.0,4.0,1628501.0,2.0,SANTA BARBARA,6,ENTRE 5 Y 10 ANOS,4.7,-74.04,USADO,,0,1,0,0,1,0,0,0,0,1,False,USAQUEN,SANTA BARBARA CENTRAL I SECTOR,Calle 127,1659.17,0,PARQUE METROPOLITANO EL COUNTRY,513.06,0,0.12,,0.67,0.75,0.0,,0.02,380.51,1.0
2751-M4555824,APARTAMENTO,VENTA,19.47,58.0,3.0,1.0,173000.0,1.0,CASTILLA MARSELLA,3,MAS DE 20 ANOS,4.64,-74.13,USADO,,0,0,0,1,0,0,1,0,0,1,False,KENNEDY,LOS PINOS DE MARSELLA,Marsella,687.09,0,PARQUE ZONAL MARSELLA,437.0,1,0.34,,0.33,3.0,0.0,,0.05,1192.65,0.0
2671-M4517330,APARTAMENTO,VENTA,20.81,153.0,3.0,3.0,725000.0,2.0,CHICO,5,MAS DE 20 ANOS,4.66,-74.06,USADO,,0,0,0,1,1,0,0,0,0,1,False,CHAPINERO,S.C. EL NOGAL,Calle 76 - San Felipe,625.16,0,PARQUE ZONAL SAN ANDRÉS,638.04,0,0.14,,0.67,1.0,0.0,,0.02,442.98,4.0
343-M4405460,APARTAMENTO,VENTA,19.83,80.0,3.0,2.0,190000.0,1.0,NIZA ALHAMBRA,5,MAS DE 20 ANOS,4.7,-74.06,USADO,,0,0,0,0,1,0,0,0,0,1,False,SUBA,PUENTE LARGO SECTOR I Y II,Puentelargo,383.49,1,PARQUE ZONAL CANAL CORDOBA,649.19,0,0.25,,0.33,1.5,0.0,,0.04,858.98,0.0
920-42153768,APARTAMENTO,VENTA,20.42,148.0,2.0,3.0,932000.0,2.0,CHICO,6,MAS DE 20 ANOS,4.68,-74.05,USADO,,0,1,0,0,1,0,0,0,0,1,False,CHAPINERO,S.C. CHICO NORTE,Virrey,1240.67,0,PARQUE ZONAL CANAL EL VIRREY EL CHICO,830.97,0,0.14,,1.0,0.67,0.0,,0.01,144.68,2.0
2123-M3989092,APARTAMENTO,VENTA,21.05,172.0,3.0,5.0,812000.0,2.0,,6,MAS DE 20 ANOS,4.7,-74.04,USADO,,0,1,0,1,1,1,0,0,0,1,False,USAQUEN,LA_CAROLINA,Calle 127,1653.12,0,PARQUE METROPOLITANO EL COUNTRY,106.26,1,0.12,,0.67,0.6,0.0,,0.02,361.66,1.0
504-M4724873,APARTAMENTO,VENTA,19.58,61.0,3.0,2.0,256000.0,1.0,FONTIBON TINTAL,3,ENTRE 0 Y 5 ANOS,4.67,-74.14,USADO,,0,0,0,1,1,0,0,0,0,1,False,FONTIBON,VILLEMAR,Portal El Dorado,2402.25,0,PARQUE VECINAL VILLA HELENA VILLEMAR,306.66,1,0.32,,0.33,1.5,0.0,,0.05,1064.98,0.0
603-M4417939,APARTAMENTO,VENTA,20.32,155.0,3.0,3.0,440000.0,2.0,SANTA BARBARA,6,MAS DE 20 ANOS,4.7,-74.04,USADO,,0,0,0,0,1,1,0,0,0,1,False,USAQUEN,SANTA BARBARA CENTRAL III SECTOR,Pepe Sierra,2151.61,0,PARQUE METROPOLITANO EL COUNTRY,970.8,0,0.13,,0.67,1.0,0.0,,0.02,424.07,1.0
2529-M4691523,APARTAMENTO,VENTA,20.07,69.21,2.0,2.0,250100.0,1.0,FONTIBON TINTAL,4,ENTRE 0 Y 5 ANOS,4.66,-74.06,USADO,,0,0,0,1,1,0,1,0,0,1,False,BARRIOS UNIDOS,SAN_FELIPE,Calle 76 - San Felipe,291.79,1,PARQUE ZONAL LA ESTACIÓN,471.79,1,0.29,,0.5,1.0,0.0,,0.03,752.55,0.0
3552-M4213489,APARTAMENTO,VENTA,20.03,77.0,3.0,2.0,3921395.93,1.0,CENTRO NARINO,4,MAS DE 20 ANOS,4.64,-74.1,USADO,,0,1,0,0,0,0,0,0,0,1,False,TEUSAQUILLO,PRADOS DE SALITRE II,Quinta Paredes,705.63,0,PARQUE VECINAL SANTA CLARA,351.67,1,0.26,,0.33,1.5,0.0,,0.04,258.66,2.0
2671-M4048462,APARTAMENTO,VENTA,21.19,248.0,4.0,4.0,1239000.0,3.0,CHICO,6,MAS DE 20 ANOS,4.65,-74.05,USADO,,1,1,0,1,1,0,1,0,0,1,False,CHAPINERO,S.C. BELLAVISTA,Flores – Areandina,1349.05,0,PARQUE ZONAL GUSTAVO URIBE BOTERO,297.21,1,0.09,,0.75,1.0,0.0,,0.02,552.71,0.0
34-M4197373,APARTAMENTO,VENTA,19.45,60.51,3.0,2.0,193800.0,1.0,ORQUIDEAS,4,MAS DE 20 ANOS,4.75,-74.04,USADO,,0,0,0,0,0,0,0,0,0,1,False,USAQUEN,URB. LA PRADERA,Toberin - Foundever,991.98,0,PARQUE VECINAL URBANIZACIÓN TOBERIN,499.8,1,0.32,,0.33,1.5,0.0,,0.05,242.52,1.0
3229-M3673359,APARTAMENTO,VENTA,20.44,93.5,3.0,3.0,350000.0,2.0,SALITRE MODELIA,5,ENTRE 5 Y 10 ANOS,4.66,-74.11,USADO,,0,0,0,1,1,0,0,0,0,0,False,FONTIBON,SAUZALITO,AV. Rojas,580.92,0,PARQUE VECINAL CARLOS LLERAS (EL FUEGO),242.83,1,0.22,,0.67,1.0,0.0,,0.03,554.3,0.0
34-M4013210,APARTAMENTO,VENTA,19.65,72.0,2.0,3.0,3921395.93,1.0,COLINA Y ALREDEDORES,5,MAS DE 20 ANOS,4.73,-74.07,USADO,,0,0,0,0,0,0,0,0,0,1,False,SUBA,ALMERIA DE SAN LUIS,Gratamira,706.39,0,PARQUE ZONAL EL TOMILLAR,1197.66,0,0.27,,0.5,0.67,0.0,,0.03,388.94,1.0
164-M4333567,APARTAMENTO,VENTA,19.38,87.5,2.0,2.0,3921395.93,1.0,ORQUIDEAS,3,ENTRE 10 Y 20 ANOS,4.74,-74.04,USADO,,0,1,0,0,0,0,0,0,0,0,False,USAQUEN,LAS ORQUIDEAS,Calle 161,366.43,1,PARQUE VECINAL DESARROLLO ESTRELLA DEL NORTE,264.02,1,0.22,,0.5,1.0,0.0,,0.02,1139.82,0.0
14914-M3971342,APARTAMENTO,VENTA,21.37,201.0,3.0,4.0,1800000.0,3.0,CHICO,6,ENTRE 10 Y 20 ANOS,4.66,-74.05,USADO,,0,1,0,1,1,0,0,0,0,1,False,CHAPINERO,LOS ROSALES,Calle 72,1469.6,0,PARQUE ZONAL GUSTAVO URIBE BOTERO,696.22,0,0.11,,1.0,0.75,0.0,,0.01,718.02,0.0
12414-M4701458,APARTAMENTO,VENTA,19.43,74.0,3.0,2.0,298000.0,1.0,ALTOS DE SUBA Y CERROS DE SAN JORGE,4,MAS DE 20 ANOS,4.75,-74.09,USADO,,0,0,0,0,0,1,0,0,0,1,False,SUBA,CAMPANELLA,Portal Suba,991.46,0,PARQUE VECINAL URBANIZACIÓN VALLE DE REFOUS,596.6,0,0.26,,0.33,1.5,0.0,,0.04,962.74,0.0
603-M4440017,APARTAMENTO,VENTA,19.79,82.0,3.0,2.0,3921395.93,1.0,170 Y ALREDORES,4,ENTRE 5 Y 10 ANOS,4.76,-74.05,USADO,,0,0,0,0,0,1,0,0,0,1,False,SUBA,NUEVA ZELANDA,Portal Norte,587.39,0,PARQUE VECINAL URBANIZACIÓN VILANOVA,520.05,0,0.24,,0.33,1.5,0.0,,0.04,573.14,0.0
2123-1977151,APARTAMENTO,VENTA,20.6,150.0,3.0,4.0,680000.0,2.0,SANTA BARBARA,6,ENTRE 10 Y 20 ANOS,4.71,-74.05,USADO,,0,1,0,1,1,0,0,0,0,1,False,USAQUEN,SANTA BARBARA OCCIDENTAL,Calle 127,154.49,1,PARQUE ZONAL ATABANZA,720.41,0,0.14,,0.67,0.75,0.0,,0.02,27.32,5.0
771-M4370868,APARTAMENTO,VENTA,21.06,206.79,2.0,2.0,1048000.0,0.0,CHICO,6,MAS DE 20 ANOS,4.68,-74.05,USADO,,0,0,0,1,0,0,0,0,0,1,False,CHAPINERO,S.C. CHICO NORTE,Virrey,1446.43,0,PARQUE VECINAL URBANIZACIÓN LA CABRERA,906.71,0,0.1,,0.0,1.0,0.0,,0.01,254.7,1.0
183-M3715144,APARTAMENTO,VENTA,19.6,53.0,1.0,2.0,265000.0,1.0,CHAPINERO ALTO,3,ENTRE 0 Y 5 ANOS,4.65,-74.06,USADO,,0,1,0,0,1,0,0,0,0,1,False,CHAPINERO,S.C. CHAPINERO CENTRAL,Calle 63,248.28,1,PARQUE ZONAL GUSTAVO URIBE BOTERO,1323.65,0,0.37,,1.0,0.5,0.0,,0.02,738.07,0.0
2671-11064,APARTAMENTO,VENTA,21.16,241.0,4.0,5.0,1200000.0,4.0,COUNTRY,6,MAS DE 20 ANOS,4.71,-74.04,USADO,,0,0,0,0,1,0,0,0,0,1,False,USAQUEN,LA_CAROLINA,Prado,1474.87,0,PARQUE METROPOLITANO EL COUNTRY,489.67,1,0.09,,1.0,0.8,0.0,,0.02,575.58,0.0
346-M4087494,APARTAMENTO,VENTA,20.03,83.0,2.0,3.0,461000.0,1.0,SANTA BARBARA,6,MAS DE 20 ANOS,4.7,-74.05,USADO,,0,0,0,0,0,0,0,0,0,1,True,USAQUEN,SANTA BARBARA OCCIDENTAL,Pepe Sierra,329.85,1,PARQUE ZONAL ATABANZA,1161.79,0,0.24,,0.5,0.67,0.0,,0.02,552.72,0.0
34-M3941425,APARTAMENTO,VENTA,19.79,72.61,3.0,3.0,655000.0,2.0,NIZA ALHAMBRA,5,MAS DE 20 ANOS,4.7,-74.06,USADO,,0,0,0,0,1,0,0,0,0,1,False,SUBA,LA ALHAMBRA SECTOR NORTE,Pepe Sierra,493.94,1,PARQUE ZONAL CANAL CORDOBA,701.78,0,0.27,,0.67,1.0,0.0,,0.04,810.52,0.0
3229-M4079350,APARTAMENTO,VENTA,19.52,61.0,3.0,2.0,250000.0,1.0,ALTOS DE SUBA Y CERROS DE SAN JORGE,3,ENTRE 0 Y 5 ANOS,4.75,-74.09,USADO,,0,0,0,1,0,0,0,0,0,0,False,SUBA,TUNA BAJA III Y III_A,Portal Suba,888.44,0,PARQUE VECINAL URBANIZACIÓN VALLE DE REFOUS,688.13,0,0.32,,0.33,1.5,0.0,,0.05,700.86,0.0
839-M4358491,APARTAMENTO,VENTA,19.6,60.0,3.0,2.0,175800.0,1.0,CASTILLA MARSELLA,3,ENTRE 0 Y 5 ANOS,4.65,-74.14,USADO,,0,0,0,0,1,0,0,0,0,1,False,KENNEDY,LAGOS DE CASTILLA,Transversal 86,1988.03,0,PARQUE VECINAL VILLA ALSACIA,806.93,0,0.33,,0.33,1.5,0.0,,0.05,1536.64,0.0
771-M4371337,APARTAMENTO,VENTA,20.67,199.0,3.0,3.0,989000.0,3.0,CHICO,4,MAS DE 20 ANOS,4.68,-74.06,USADO,,0,0,0,0,0,0,0,0,0,1,False,CHAPINERO,S.C. EL CHICO,Virrey,249.69,1,PARQUE VECINAL URBANIZACIÓN NORMANDIA I II II Y IV SECTOR,102.34,1,0.1,,1.0,1.0,0.0,,0.02,531.98,0.0
4796-M4121701,APARTAMENTO,VENTA,20.03,107.0,3.0,3.0,388500.0,2.0,COUNTRY,5,MAS DE 20 ANOS,4.72,-74.03,USADO,,0,0,0,0,0,0,0,0,0,1,False,USAQUEN,LISBOA_,Alcalá,2017.43,0,PARQUE VECINAL NUEVA URBANIZACIÓN EL CEDRITO,820.4,0,0.19,,0.67,1.0,0.0,,0.03,375.71,1.0
12500-M4703408,APARTAMENTO,VENTA,20.82,150.0,3.0,4.0,1004000.0,2.0,CHICO,5,ENTRE 5 Y 10 ANOS,4.68,-74.04,USADO,,0,0,0,0,1,0,0,0,0,1,False,CHAPINERO,CHICO RESERVADO,Calle 100 - Marketmedios,1510.7,0,PARQUE VECINAL URBANIZACIÓN LA CABRERA,1154.27,0,0.14,,0.67,0.75,0.0,,0.02,290.91,2.0
603-M4418267,APARTAMENTO,VENTA,20.1,76.5,3.0,2.0,314400.0,1.0,COLINA Y ALREDEDORES,5,ENTRE 5 Y 10 ANOS,4.74,-74.06,USADO,,0,0,0,0,1,1,0,0,0,1,False,SUBA,URB. VERSALLES,Mazurén,1337.99,0,PARQUE VECINAL DESARROLLO CANTALEJO URBANIZACIÓN CANTALEJO MANZANA B,408.21,1,0.26,,0.33,1.5,0.0,,0.04,1081.01,0.0
10159-M4564355,APARTAMENTO,VENTA,19.72,88.0,3.0,3.0,550000.0,1.0,CEDRITOS,5,MAS DE 20 ANOS,4.72,-74.04,USADO,,0,0,0,0,1,0,0,0,0,1,False,USAQUEN,EL CONTADOR,Alcalá,1077.45,0,PARQUE VECINAL NUEVA URBANIZACIÓN EL CEDRITO,925.68,0,0.22,,0.33,1.0,0.0,,0.03,531.17,0.0
293-M4684266,APARTAMENTO,VENTA,19.84,64.8,2.0,2.0,520000.0,2.0,COLINA Y ALREDEDORES,4,ENTRE 5 Y 10 ANOS,4.72,-74.07,USADO,,0,0,0,0,1,0,0,0,0,1,False,SUBA,LAS VILLAS SECTOR II,Suba - AV. Boyacá,643.52,0,PARQUE ZONAL LOS LACHES LA MINA,813.37,0,0.31,,1.0,1.0,0.0,,0.03,708.97,0.0
416-M4519614,APARTAMENTO,VENTA,20.01,62.0,2.0,2.0,350000.0,1.0,,4,ENTRE 0 Y 5 ANOS,4.65,-74.07,USADO,,0,0,0,0,0,0,0,0,0,0,False,TEUSAQUILLO,SAN LUIS,Campín - UAN,707.74,0,PARQUE ESCENARIO DEPORTIVO EL CAMPINCITO - CEAD,628.38,0,0.32,,0.5,1.0,0.0,,0.03,465.74,1.0
183-M4660996,APARTAMENTO,VENTA,19.99,79.57,3.0,3.0,338000.0,0.0,ENGATIVA,4,ENTRE 0 Y 5 ANOS,4.72,-74.13,USADO,,0,0,0,0,1,0,0,0,0,0,False,ENGATIVA,S.C. ENGATIVA EL DORADO,Portal 80,2910.86,0,PARQUE METROPOLITANO PLANTA DE TRATAMIENTO SALITRE,828.87,0,0.25,,0.0,1.0,0.0,,0.04,2697.19,0.0
603-M4563012,APARTAMENTO,VENTA,21.39,232.0,4.0,4.0,1550000.0,3.0,SANTA BARBARA,6,ENTRE 10 Y 20 ANOS,4.69,-74.05,USADO,,0,1,0,0,0,0,0,0,0,1,False,USAQUEN,SANTA BIBIANA,Calle 100 - Marketmedios,917.98,0,PARQUE VECINAL URBANIZACIÓN NORMANDIA I II II Y IV SECTOR,1437.66,0,0.09,,0.75,1.0,0.0,,0.02,340.28,2.0
3229-M4259139,APARTAMENTO,VENTA,19.69,66.0,2.0,2.0,390000.0,2.0,CEDRITOS,4,ENTRE 5 Y 10 ANOS,4.72,-74.04,USADO,,0,0,0,1,1,0,0,0,0,1,False,USAQUEN,LOS CEDRITOS,Calle 142,1025.24,0,PARQUE VECINAL NUEVA URBANIZACIÓN EL CEDRITO,911.95,0,0.3,,1.0,1.0,0.0,,0.03,665.59,0.0
815-M4590126,APARTAMENTO,VENTA,19.52,68.17,2.0,2.0,3921395.93,1.0,COLINA Y ALREDEDORES,4,MAS DE 20 ANOS,4.73,-74.05,USADO,,0,1,0,0,0,1,0,0,0,1,False,SUBA,RIVIERA NORTE,Mazurén,207.96,1,PARQUE VECINAL URBANIZACIÓN VICTORIA NORTE,288.71,1,0.29,,0.5,1.0,0.0,,0.03,1568.19,0.0
12414-M4684217,APARTAMENTO,VENTA,19.53,70.0,3.0,2.0,212000.0,1.0,CORTIJO AUTOPISTA MEDELLIN,3,MAS DE 20 ANOS,4.72,-74.11,USADO,,0,0,0,0,0,1,0,0,0,1,False,ENGATIVA,BOLIVIA SECTOR OCCIDENTAL,Portal 80,1235.7,0,PARQUE ZONAL VILLAS DE GRANADA,939.46,0,0.28,,0.33,1.5,0.0,,0.04,1071.63,0.0
34-M4160723,APARTAMENTO,VENTA,20.71,195.72,3.0,3.0,1060000.0,1.0,CHICO,6,MAS DE 20 ANOS,4.66,-74.05,USADO,,0,1,0,0,1,0,0,0,0,1,False,CHAPINERO,BOSQUE EL RETIRO I SECTOR,Héroes - Gel´Hada,1507.18,0,PARQUE ZONAL SAN ANDRÉS,531.02,0,0.11,,0.33,1.0,0.0,,0.02,651.23,0.0
2123-3610746,APARTAMENTO,VENTA,20.67,165.0,3.0,4.0,820000.0,2.0,COUNTRY,6,ENTRE 10 Y 20 ANOS,4.72,-74.02,USADO,,0,0,0,1,1,1,0,0,0,1,False,USAQUEN,BOSQUE DE PINOS III,Calle 142,2877.48,0,PARQUE VECINAL NUEVA URBANIZACIÓN EL CEDRITO,976.05,0,0.13,,0.67,0.75,0.0,,0.02,1048.73,0.0
295-M4558806,APARTAMENTO,VENTA,19.6,37.36,1.0,1.0,3921395.93,0.0,CENTRO INTERNACIONAL,3,ENTRE 0 Y 5 ANOS,4.61,-74.07,USADO,,0,0,0,0,1,0,0,0,0,1,False,SANTA FE,BOSQUE IZQUIERDO,San Diego,569.75,0,PARQUE METROPOLITANO INDEPENDENCIA BICENTENARIO,324.21,1,0.52,,0.0,1.0,0.0,,0.03,519.63,0.0
603-M4639799,APARTAMENTO,VENTA,20.44,138.0,3.0,2.0,656000.0,2.0,CEDRITOS,4,MAS DE 20 ANOS,4.72,-74.03,USADO,,0,0,0,0,1,0,0,0,0,1,False,USAQUEN,BELMIRA,Alcalá,2512.94,0,PARQUE VECINAL NUEVA URBANIZACIÓN EL CEDRITO,780.45,0,0.15,,0.67,1.5,0.0,,0.02,295.64,1.0
771-M4706658,APARTAMENTO,VENTA,20.19,89.0,2.0,2.0,710000.0,2.0,SANTA BARBARA,6,ENTRE 10 Y 20 ANOS,4.69,-74.04,USADO,,0,1,0,1,1,0,0,0,0,1,False,USAQUEN,SANTA BARBARA CENTRAL I Y II,Calle 106,1497.63,0,PARQUE METROPOLITANO EL COUNTRY,1673.38,0,0.23,,1.0,1.0,0.0,,0.02,625.0,0.0
2671-M4334166,APARTAMENTO,VENTA,21.22,196.0,3.0,3.0,1100000.0,2.0,CHICO,6,MAS DE 20 ANOS,4.67,-74.05,USADO,,0,1,0,0,1,0,0,0,0,1,False,CHAPINERO,S.C. EL CHICO,Virrey,808.16,0,PARQUE ZONAL CANAL EL VIRREY EL CHICO,214.19,1,0.11,,0.67,1.0,0.0,,0.02,242.95,3.0
2671-M3806010,APARTAMENTO,VENTA,21.16,279.0,4.0,4.0,1392000.0,2.0,COUNTRY,6,MAS DE 20 ANOS,4.71,-74.04,USADO,,0,0,0,0,0,1,0,0,0,1,False,USAQUEN,LA_CAROLINA,Calle 127,1915.32,0,PARQUE METROPOLITANO EL COUNTRY,246.51,1,0.08,,0.5,1.0,0.0,,0.01,643.32,0.0
603-M4710518,APARTAMENTO,VENTA,20.42,87.0,2.0,3.0,529200.0,1.0,SANTA BARBARA,6,ENTRE 5 Y 10 ANOS,4.69,-74.05,USADO,,0,0,0,1,0,0,0,0,0,1,False,USAQUEN,SANTA BIBIANA,Calle 106,241.42,1,PARQUE ZONAL CANAL CORDOBA,1568.75,0,0.23,,0.5,0.67,0.0,,0.02,524.76,0.0
2671-M4269509,APARTAMENTO,VENTA,21.02,276.0,4.0,5.0,1250000.0,4.0,COUNTRY,6,ENTRE 10 Y 20 ANOS,4.71,-74.03,USADO,,0,0,0,0,1,1,0,0,0,1,False,USAQUEN,S.C. LA CAROLINA,Prado,2222.69,0,PARQUE METROPOLITANO EL COUNTRY,578.67,0,0.08,,1.0,0.8,0.0,,0.01,417.09,1.0
4796-M3850872,APARTAMENTO,VENTA,19.65,87.0,3.0,2.0,3921395.93,1.0,CEDRITOS,4,MAS DE 20 ANOS,4.72,-74.04,USADO,,0,0,0,0,0,0,0,0,0,1,False,USAQUEN,ACACIAS USAQUEN,Calle 142,1291.97,0,PARQUE VECINAL NUEVA URBANIZACIÓN EL CEDRITO,631.59,0,0.23,,0.33,1.5,0.0,,0.03,619.32,0.0
2671-M4076180,APARTAMENTO,VENTA,21.37,259.0,3.0,4.0,1000000.0,2.0,SANTA BARBARA,6,MAS DE 20 ANOS,4.69,-74.04,USADO,,0,1,0,0,1,1,0,0,0,1,False,USAQUEN,MOLINOS NORTE,Pepe Sierra,1788.53,0,PARQUE METROPOLITANO EL COUNTRY,1274.72,0,0.08,,0.67,0.75,0.0,,0.01,414.32,1.0
2671-M4118247,APARTAMENTO,VENTA,21.54,308.0,3.0,3.0,1921000.0,2.0,CHICO,6,MAS DE 20 ANOS,4.67,-74.04,USADO,,0,1,0,0,1,0,0,0,0,1,False,CHAPINERO,EL REFUGIO,Héroes - Gel´Hada,1701.72,0,PARQUE VECINAL URBANIZACIÓN LA CABRERA,684.06,0,0.07,,0.67,1.0,0.0,,0.01,667.16,0.0
11301-M4548318,APARTAMENTO,VENTA,21.37,297.0,4.0,4.0,3921395.93,3.0,COUNTRY,6,MAS DE 20 ANOS,4.71,-74.05,USADO,,0,1,0,0,1,0,0,0,0,1,False,USAQUEN,LA CALLEJA,Calle 127,843.01,0,PARQUE METROPOLITANO EL COUNTRY,986.05,0,0.07,,0.75,1.0,0.0,,0.01,553.66,0.0
2671-M3986024,APARTAMENTO,VENTA,21.56,348.0,3.0,4.0,1820000.0,4.0,CHICO,6,MAS DE 20 ANOS,4.68,-74.05,USADO,,0,0,0,0,1,0,0,0,0,1,False,CHAPINERO,S.C. CHICO NORTE III SECTOR,Calle 100 - Marketmedios,614.97,0,PARQUE VECINAL URBANIZACIÓN NORMANDIA I II II Y IV SECTOR,738.58,0,0.06,,1.33,0.75,0.0,,0.01,122.73,2.0
2671-M3838898,APARTAMENTO,VENTA,21.62,214.0,3.0,4.0,1640000.0,3.0,CHAPINERO ALTO,6,ENTRE 5 Y 10 ANOS,4.65,-74.06,USADO,,0,1,0,1,1,0,1,0,0,1,False,CHAPINERO,S.C. EMAUS,Flores – Areandina,989.41,0,PARQUE ZONAL GUSTAVO URIBE BOTERO,316.19,1,0.1,,1.0,0.75,0.0,,0.01,167.75,1.0
164-M4527137,APARTAMENTO,VENTA,19.1,39.62,2.0,2.0,150000.0,0.0,FONTIBON TINTAL,3,ENTRE 5 Y 10 ANOS,4.68,-74.14,USADO,,0,0,0,0,0,0,0,0,0,1,False,FONTIBON,SANTANDER,Portal El Dorado,2274.61,0,PARQUE VECINAL VILLA HELENA VILLEMAR,749.72,0,0.48,,0.0,1.0,0.0,,0.05,1993.69,0.0
34-M4066079,APARTAMENTO,VENTA,20.7,180.0,4.0,2.0,1200000.0,1.0,CHICO,6,MAS DE 20 ANOS,4.67,-74.05,USADO,,0,1,0,0,1,0,0,0,0,1,False,CHAPINERO,EL REFUGIO,Héroes - Gel´Hada,1661.86,0,PARQUE VECINAL URBANIZACIÓN LA CABRERA,609.32,0,0.12,,0.25,2.0,0.0,,0.02,584.18,0.0
11013-M4539657,APARTAMENTO,VENTA,20.46,83.5,2.0,2.0,500000.0,2.0,SANTA BARBARA,6,ENTRE 0 Y 5 ANOS,4.7,-74.04,USADO,,0,0,0,1,1,0,0,0,0,1,False,USAQUEN,SANTA BARBARA CENTRAL I SECTOR,Pepe Sierra,1473.73,0,PARQUE METROPOLITANO EL COUNTRY,807.01,0,0.25,,1.0,1.0,0.0,,0.02,538.89,0.0
93-M4538631,APARTAMENTO,VENTA,20.64,158.0,3.0,5.0,650000.0,2.0,SANTA BARBARA,6,MAS DE 20 ANOS,4.7,-74.04,USADO,,0,1,0,1,1,0,0,0,0,1,False,USAQUEN,SANTA BARBARA CENTRAL II,Calle 127,2028.39,0,PARQUE METROPOLITANO EL COUNTRY,316.34,1,0.13,,0.67,0.6,0.0,,0.02,653.52,0.0
10139-M3568480,APARTAMENTO,VENTA,21.44,240.0,3.0,3.0,1256000.0,4.0,CHICO,6,ENTRE 10 Y 20 ANOS,4.68,-74.04,USADO,,0,1,0,0,1,0,0,0,0,1,False,CHAPINERO,CHICO RESERVADO,Calle 100 - Marketmedios,1548.18,0,PARQUE VECINAL URBANIZACIÓN LA CABRERA,1105.31,0,0.09,,1.33,1.0,0.0,,0.01,351.46,2.0
2363-2411,APARTAMENTO,VENTA,19.88,80.0,2.0,2.0,3921395.93,0.0,CHAPINERO ALTO,3,MAS DE 20 ANOS,4.64,-74.06,USADO,,0,0,0,0,1,0,0,0,0,1,False,CHAPINERO,S.C. CHAPINERO CENTRAL,Calle 57,392.98,1,PARQUE ZONAL GUSTAVO URIBE BOTERO,1414.93,0,0.25,,0.0,1.0,0.0,,0.02,1151.59,0.0
920-M4502620,APARTAMENTO,VENTA,19.62,61.0,2.0,2.0,314000.0,1.0,CEDRITOS,4,MAS DE 20 ANOS,4.72,-74.03,USADO,,0,0,0,0,1,1,0,0,0,1,False,USAQUEN,LAS_ACACIAS,Calle 142,2470.85,0,PARQUE VECINAL NUEVA URBANIZACIÓN EL CEDRITO,567.85,0,0.32,,0.5,1.0,0.0,,0.03,626.72,0.0
2123-1715182,APARTAMENTO,VENTA,21.02,217.0,3.0,5.0,900000.0,2.0,COUNTRY,6,MAS DE 20 ANOS,4.71,-74.03,USADO,,0,1,0,1,1,0,0,0,0,1,False,USAQUEN,GINEBRA,Prado,2757.35,0,PARQUE VECINAL NUEVA URBANIZACIÓN EL CEDRITO,1424.08,0,0.1,,0.67,0.6,0.0,,0.01,412.19,1.0
2123-M3171636,APARTAMENTO,VENTA,21.24,263.0,3.0,5.0,1200000.0,3.0,COUNTRY,6,MAS DE 20 ANOS,4.72,-74.03,USADO,,0,1,0,1,1,0,0,0,0,1,False,USAQUEN,CIUDADELA REAL,Alcalá,2630.04,0,PARQUE VECINAL NUEVA URBANIZACIÓN EL CEDRITO,1051.05,0,0.08,,1.0,0.6,0.0,,0.01,90.2,1.0
2671-M4324928,APARTAMENTO,VENTA,21.58,225.0,3.0,3.0,1500000.0,2.0,SANTA BARBARA,6,MAS DE 20 ANOS,4.7,-74.05,USADO,,0,1,0,0,0,1,0,0,0,1,True,USAQUEN,SANTA BARBARA OCCIDENTAL,Calle 127,600.64,0,PARQUE ZONAL ATABANZA,1130.68,0,0.1,,0.67,1.0,0.0,,0.01,415.11,5.0
10366-M4350530,APARTAMENTO,VENTA,19.67,76.95,3.0,2.0,280000.0,1.0,CEDRITOS,4,ENTRE 10 Y 20 ANOS,4.73,-74.03,USADO,,0,1,0,0,0,0,0,0,0,1,False,USAQUEN,CEDRO SALAZAR,Calle 146,2040.85,0,PARQUE ZONAL ALTA BLANCA,638.53,0,0.26,,0.33,1.5,0.0,,0.04,151.09,1.0
34-M3049230,APARTAMENTO,VENTA,19.92,91.48,3.0,3.0,3921395.93,1.0,NIZA ALHAMBRA,5,MAS DE 20 ANOS,4.7,-74.06,USADO,,0,0,0,0,1,0,0,0,0,1,False,SUBA,LA ALHAMBRA SECTOR SUR,Pepe Sierra,716.1,0,PARQUE ZONAL CANAL CORDOBA,439.34,1,0.22,,0.33,1.0,0.0,,0.03,1073.84,0.0
3606-M3442191,APARTAMENTO,VENTA,20.39,56.0,2.0,2.0,410000.0,1.0,NICOLAS DE FEDERMAN,4,MAS DE 20 ANOS,4.65,-74.08,USADO,,1,0,0,0,1,1,0,0,0,1,False,TEUSAQUILLO,CAMPIN OCCIDENTAL,Movistar Arena,291.53,1,PARQUE ESCENARIO DEPORTIVO EL CAMPINCITO - CEAD,299.93,1,0.36,,0.5,1.0,0.0,,0.04,262.11,1.0
4660-M4635234,APARTAMENTO,VENTA,19.88,68.0,2.0,2.0,500000.0,1.0,SANTA BARBARA,6,ENTRE 10 Y 20 ANOS,4.69,-74.05,USADO,,0,0,0,0,1,0,0,0,0,1,False,USAQUEN,SANTA BIBIANA,Calle 106,861.86,0,PARQUE VECINAL URBANIZACIÓN NORMANDIA I II II Y IV SECTOR,1767.74,0,0.29,,0.5,1.0,0.0,,0.03,447.84,1.0
470-826,APARTAMENTO,VENTA,21.19,230.0,3.0,4.0,1168000.0,2.0,CHAPINERO ALTO,6,ENTRE 10 Y 20 ANOS,4.65,-74.05,USADO,,0,1,0,0,0,0,0,0,0,0,False,CHAPINERO,S.C. BELLAVISTA,Flores – Areandina,1638.96,0,PARQUE ZONAL GUSTAVO URIBE BOTERO,397.42,1,0.09,,0.67,0.75,0.0,,0.01,809.75,0.0
12503-M4499847,APARTAMENTO,VENTA,20.44,154.0,4.0,3.0,948000.0,2.0,SANTA BARBARA,5,MAS DE 20 ANOS,4.7,-74.05,USADO,,0,0,0,0,1,0,0,0,0,1,False,USAQUEN,SAN PATRICIO,Pepe Sierra,810.59,0,PARQUE METROPOLITANO EL COUNTRY,1322.31,0,0.13,,0.5,1.33,0.0,,0.03,69.0,3.0
5031-M4641936,APARTAMENTO,VENTA,19.25,90.0,2.0,2.0,3921395.93,0.0,ALTOS DE SUBA Y CERROS DE SAN JORGE,2,ENTRE 0 Y 5 ANOS,4.74,-74.09,USADO,,0,0,0,0,0,0,0,0,0,1,False,SUBA,SAN_JORGE,La Campiña,394.0,1,PARQUE ZONAL BELLAVISTA DINDALITO,448.76,1,0.21,,0.0,1.0,0.0,,0.02,1230.67,0.0
34-M3346192,APARTAMENTO,VENTA,20.47,95.0,2.0,2.0,468000.0,1.0,COUNTRY,3,MAS DE 20 ANOS,4.71,-74.04,USADO,,0,1,0,0,1,0,0,0,0,1,False,USAQUEN,LA_CAROLINA,Calle 127,1429.85,0,PARQUE METROPOLITANO EL COUNTRY,429.21,1,0.22,,0.5,1.0,0.0,,0.02,436.4,1.0
3552-M4520908,APARTAMENTO,VENTA,21.02,220.0,4.0,4.0,3921395.93,3.0,SANTA BARBARA,6,ENTRE 10 Y 20 ANOS,4.7,-74.03,USADO,,0,1,0,0,1,0,0,0,0,1,False,USAQUEN,LOS ALPES II SECTOR,Calle 127,2985.01,0,PARQUE METROPOLITANO EL COUNTRY,1284.09,0,0.1,,0.75,1.0,0.0,,0.02,671.31,0.0
295-M4698149,APARTAMENTO,VENTA,19.45,81.39,3.0,2.0,370000.0,1.0,COLINA Y ALREDEDORES,4,MAS DE 20 ANOS,4.75,-74.06,USADO,,0,0,0,0,0,0,0,0,0,1,False,SUBA,URB. LA CHOCITA,Toberin - Foundever,1827.69,0,PARQUE ZONAL SAN JOSÉ DE BAVARIA,781.07,0,0.24,,0.33,1.5,0.0,,0.04,1698.8,0.0
34-M3822095,APARTAMENTO,VENTA,19.9,60.96,1.0,2.0,290000.0,1.0,GUAYMARAL,6,ENTRE 0 Y 5 ANOS,4.82,-74.04,USADO,,0,0,0,0,1,0,0,0,0,1,False,SUBA,S C. CASABLANCA SUBA,Terminal,5833.29,0,PARQUE VECINAL DESARROLLO VERBENAL I,6272.7,0,0.33,,1.0,0.5,0.0,,0.02,5487.22,0.0
815-M3759929,APARTAMENTO,VENTA,21.09,304.0,5.0,5.0,3921395.93,4.0,SANTA BARBARA,6,MAS DE 20 ANOS,4.68,-74.04,USADO,,0,1,0,0,1,0,0,0,0,1,False,USAQUEN,RINCON DEL CHICO,Calle 100 - Marketmedios,1411.87,0,PARQUE ZONAL CANAL EL VIRREY EL CHICO,1630.35,0,0.07,,0.8,1.0,0.0,,0.02,393.61,2.0
14493-M4297182,APARTAMENTO,VENTA,19.58,34.87,1.0,1.0,3921395.93,0.0,CENTRO INTERNACIONAL,3,ENTRE 0 Y 5 ANOS,4.62,-74.07,USADO,,0,0,0,1,1,0,1,0,0,1,False,SANTA FE,LA PERSEVERANCIA,Museo Nacional,407.27,1,PARQUE METROPOLITANO INDEPENDENCIA BICENTENARIO,586.37,0,0.56,,0.0,1.0,0.0,,0.03,302.43,4.0
2444-M4410641,APARTAMENTO,VENTA,19.88,78.0,2.0,3.0,391600.0,1.0,NIZA ALHAMBRA,5,MAS DE 20 ANOS,4.7,-74.06,USADO,,0,1,0,0,1,0,0,0,0,1,False,SUBA,EL BATAN,Calle 127,208.76,1,PARQUE ZONAL ATABANZA,624.07,0,0.25,,0.5,0.67,0.0,,0.03,379.08,3.0
2671-M3640143,APARTAMENTO,VENTA,21.05,220.0,3.0,4.0,1442075.0,3.0,CHICO,6,MAS DE 20 ANOS,4.66,-74.05,USADO,,0,1,0,0,1,0,0,0,0,1,False,CHAPINERO,LOS ROSALES,Calle 72,1578.93,0,PARQUE ZONAL GUSTAVO URIBE BOTERO,758.3,0,0.1,,1.0,0.75,0.0,,0.01,827.83,0.0
93-M4568884,APARTAMENTO,VENTA,20.26,99.0,3.0,3.0,454000.0,2.0,COLINA Y ALREDEDORES,5,ENTRE 0 Y 5 ANOS,4.74,-74.06,USADO,,0,1,0,1,1,1,1,0,0,1,False,SUBA,CAMPOS DE SILENCIO,Calle 161,1004.02,0,PARQUE VECINAL DESARROLLO CANTALEJO URBANIZACIÓN CANTALEJO MANZANA B,205.68,1,0.2,,0.67,1.0,0.0,,0.03,1401.45,0.0
2671-M4202468,APARTAMENTO,VENTA,20.97,147.0,3.0,3.0,1020000.0,2.0,CHICO,6,ENTRE 5 Y 10 ANOS,4.67,-74.04,USADO,,0,0,0,1,0,0,0,0,0,1,False,CHAPINERO,CHICO ORIENTAL,Calle 85,1849.93,0,PARQUE VECINAL URBANIZACIÓN LA CABRERA,819.66,0,0.14,,0.67,1.0,0.0,,0.02,752.13,0.0
2671-M4129346,APARTAMENTO,VENTA,20.88,179.0,3.0,4.0,776800.0,2.0,SANTA BARBARA,6,ENTRE 10 Y 20 ANOS,4.7,-74.05,USADO,,0,0,0,1,1,0,0,0,0,1,False,USAQUEN,SANTA BARBARA OCCIDENTAL,Pepe Sierra,942.9,0,PARQUE METROPOLITANO EL COUNTRY,1059.38,0,0.12,,0.67,0.75,0.0,,0.02,261.01,1.0
12500-M4630237,APARTAMENTO,VENTA,19.67,75.0,3.0,2.0,274700.0,1.0,ENGATIVA,3,ENTRE 5 Y 10 ANOS,4.68,-74.1,USADO,,0,0,0,1,1,1,0,0,0,1,False,ENGATIVA,S.C. BOYACA,Minuto de Dios,1787.87,0,PARQUE VECINAL URBANIZACIÓN LA EUROPA,353.37,1,0.26,,0.33,1.5,0.0,,0.04,1603.46,0.0
2671-11065,APARTAMENTO,VENTA,21.41,302.0,4.0,5.0,2200000.0,3.0,CHICO,6,MAS DE 20 ANOS,4.66,-74.05,USADO,,0,1,0,0,0,0,0,0,0,1,False,CHAPINERO,S.C. EL BAGAZAL,Calle 72,1675.68,0,PARQUE ZONAL GUSTAVO URIBE BOTERO,914.24,0,0.07,,0.75,0.8,0.0,,0.01,931.38,0.0
2671-M3782292,APARTAMENTO,VENTA,21.41,211.0,3.0,4.0,1500000.0,3.0,,6,ENTRE 10 Y 20 ANOS,4.66,-74.05,USADO,,0,0,0,1,1,1,0,0,0,1,False,CHAPINERO,LOS ROSALES,Calle 76 - San Felipe,1536.4,0,PARQUE ZONAL SAN ANDRÉS,812.32,0,0.1,,1.0,0.75,0.0,,0.01,849.76,0.0
635-M4697033,APARTAMENTO,VENTA,20.28,89.0,2.0,2.0,350000.0,2.0,COUNTRY,5,ENTRE 5 Y 10 ANOS,4.71,-74.03,USADO,,0,0,0,0,1,0,0,0,0,1,False,USAQUEN,LISBOA_,Prado,2169.3,0,PARQUE VECINAL NUEVA URBANIZACIÓN EL CEDRITO,1042.95,0,0.23,,1.0,1.0,0.0,,0.02,210.01,3.0
703-M4621002,APARTAMENTO,VENTA,20.21,93.24,3.0,3.0,518900.0,2.0,CEDRITOS,4,ENTRE 10 Y 20 ANOS,4.73,-74.04,USADO,,0,0,0,1,1,1,1,0,0,1,False,USAQUEN,PARQUES DE LORENA,Mazurén,1168.19,0,PARQUE ZONAL LA VIDA,730.23,0,0.22,,0.67,1.0,0.0,,0.03,745.63,0.0
11013-M4491804,APARTAMENTO,VENTA,20.47,148.69,3.0,3.0,550000.0,2.0,CERROS DE SUBA,6,MAS DE 20 ANOS,4.71,-74.08,USADO,,0,1,0,0,1,0,0,0,0,1,False,SUBA,URB. LAS PLEYADES,Niza - Calle 127,1308.22,0,PARQUE METROPOLITANO CEFE COMETAS,551.28,0,0.14,,0.67,1.0,0.0,,0.02,1288.07,0.0
2671-M4739172,APARTAMENTO,VENTA,21.06,230.0,3.0,3.0,1170000.0,3.0,SANTA BARBARA,6,MAS DE 20 ANOS,4.69,-74.04,USADO,,0,1,0,1,1,1,0,0,0,1,False,USAQUEN,SANTA BARBARA CENTRAL I Y II,Calle 106,1682.1,0,PARQUE METROPOLITANO EL COUNTRY,1293.81,0,0.09,,1.0,1.0,0.0,,0.01,498.55,1.0
4796-M4055667,APARTAMENTO,VENTA,20.88,190.0,3.0,4.0,852000.0,2.0,SANTA BARBARA,6,ENTRE 10 Y 20 ANOS,4.68,-74.04,USADO,,0,0,0,0,1,0,0,0,0,1,False,USAQUEN,RINCON DEL CHICO,Calle 100 - Marketmedios,1411.87,0,PARQUE ZONAL CANAL EL VIRREY EL CHICO,1630.35,0,0.11,,0.67,0.75,0.0,,0.02,393.61,2.0
5545-M4507977,APARTAMENTO,VENTA,20.62,146.0,4.0,4.0,730000000.0,2.0,CHICO,6,MAS DE 20 ANOS,4.68,-74.05,USADO,,0,0,0,0,1,0,0,0,0,0,False,CHAPINERO,S.C. CHICO NORTE III SECTOR,Calle 100 - Marketmedios,751.5,0,PARQUE VECINAL URBANIZACIÓN NORMANDIA I II II Y IV SECTOR,991.98,0,0.14,,0.5,1.0,0.0,,0.03,199.65,3.0
247-M4255413,APARTAMENTO,VENTA,20.85,196.33,3.0,4.0,1350000.0,3.0,SANTA BARBARA,6,MAS DE 20 ANOS,4.7,-74.04,USADO,,0,1,0,1,1,0,0,0,0,1,False,USAQUEN,SANTA BARBARA OCCIDENTAL,Pepe Sierra,1141.29,0,PARQUE METROPOLITANO EL COUNTRY,1009.67,0,0.11,,1.0,0.75,0.0,,0.02,302.61,1.0
2671-M4517438,APARTAMENTO,VENTA,20.67,132.0,3.0,3.0,1373300.0,2.0,CHICO,6,MAS DE 20 ANOS,4.66,-74.05,USADO,,0,1,0,0,1,0,0,0,0,1,False,CHAPINERO,S.C. BELLAVISTA,Calle 72,1124.34,0,PARQUE ZONAL GUSTAVO URIBE BOTERO,712.17,0,0.16,,0.67,1.0,0.0,,0.02,376.61,3.0
2671-M4313421,APARTAMENTO,VENTA,20.56,145.0,3.0,3.0,1200000.0,2.0,COUNTRY,6,ENTRE 10 Y 20 ANOS,4.7,-74.03,USADO,,0,0,0,0,1,0,0,0,0,1,False,USAQUEN,BELLA SUIZA,Calle 127,2796.82,0,PARQUE METROPOLITANO EL COUNTRY,1053.99,0,0.14,,0.67,1.0,0.0,,0.02,783.48,0.0
920-M4138135,APARTAMENTO,VENTA,21.56,257.0,4.0,4.0,1300000.0,3.0,CHICO,6,MAS DE 20 ANOS,4.67,-74.05,USADO,,0,1,0,1,1,0,0,0,0,1,False,CHAPINERO,LA CABRERA,Héroes - Gel´Hada,1480.77,0,PARQUE VECINAL URBANIZACIÓN LA CABRERA,504.74,0,0.08,,0.75,1.0,0.0,,0.02,509.32,0.0
3422-M4700959,APARTAMENTO,VENTA,21.19,270.0,3.0,5.0,1300000.0,3.0,COUNTRY,5,ENTRE 10 Y 20 ANOS,4.72,-74.03,USADO,,0,1,0,1,1,1,1,0,0,1,False,USAQUEN,LISBOA_,Alcalá,2366.01,0,PARQUE VECINAL NUEVA URBANIZACIÓN EL CEDRITO,965.8,0,0.08,,1.0,0.6,0.0,,0.01,197.11,2.0
4796-M3856090,APARTAMENTO,VENTA,20.0,97.0,2.0,2.0,3921395.93,1.0,CEDRITOS,4,ENTRE 10 Y 20 ANOS,4.73,-74.04,USADO,,0,0,0,1,1,1,0,0,0,1,False,USAQUEN,CAOBOS SALAZAR URB. CAPRI I Y II SECTOR,Calle 146,1424.31,0,PARQUE VECINAL NUEVA URBANIZACIÓN EL CEDRITO,831.46,0,0.21,,0.5,1.0,0.0,,0.02,492.72,1.0
3422-M4513700,APARTAMENTO,VENTA,21.19,270.0,3.0,5.0,1300000.0,3.0,COUNTRY,5,ENTRE 10 Y 20 ANOS,4.72,-74.03,USADO,,0,1,0,1,1,1,1,0,0,1,False,USAQUEN,LISBOA_,Alcalá,2366.01,0,PARQUE VECINAL NUEVA URBANIZACIÓN EL CEDRITO,965.8,0,0.08,,1.0,0.6,0.0,,0.01,197.11,2.0
2671-M4728076,APARTAMENTO,VENTA,20.95,207.7,4.0,4.0,1400000.0,3.0,ALTOS DE SUBA Y CERROS DE SAN JORGE,6,ENTRE 10 Y 20 ANOS,4.74,-74.07,USADO,,0,1,0,1,1,1,0,0,0,1,False,SUBA,EL CERRITO (LOTE),21 Ángeles,1447.07,0,PARQUE ZONAL EL TOMILLAR,520.11,0,0.1,,0.75,1.0,0.0,,0.02,1449.79,0.0
920-M4466529,APARTAMENTO,VENTA,21.01,160.0,3.0,4.0,1048200.0,2.0,CEDRITOS,6,ENTRE 10 Y 20 ANOS,4.72,-74.03,USADO,,0,0,0,1,1,1,0,0,0,1,False,USAQUEN,LA CANADA,Alcalá,2842.51,0,PARQUE VECINAL NUEVA URBANIZACIÓN EL CEDRITO,1026.8,0,0.13,,0.67,0.75,0.0,,0.02,465.11,1.0
2671-M4728029,APARTAMENTO,VENTA,20.82,167.56,3.0,3.0,1500000.0,2.0,CERROS DE SUBA,6,MAS DE 20 ANOS,4.72,-74.08,USADO,,0,1,0,0,1,0,0,0,0,1,False,SUBA,NIZA SUBA - URB. BALCON DEL LINDARAJA,Suba - AV. Boyacá,1002.59,0,PARQUE VECINAL AGRUPACIÓN DE VIVIENDA EN BALCON DE LINDARAJA,280.72,1,0.12,,0.67,1.0,0.0,,0.02,1225.67,0.0
2671-M4410784,APARTAMENTO,VENTA,21.13,262.0,4.0,4.0,2000000.0,3.0,CHAPINERO ALTO,6,MAS DE 20 ANOS,4.65,-74.05,USADO,,0,1,0,0,1,0,0,0,0,1,False,CHAPINERO,S.C. LAS ACACIAS,Flores – Areandina,1439.66,0,PARQUE ZONAL GUSTAVO URIBE BOTERO,146.27,1,0.08,,0.75,1.0,0.0,,0.02,597.69,0.0
920-M4514841,APARTAMENTO,VENTA,20.54,94.0,3.0,2.0,454000.0,1.0,SALITRE MODELIA,5,ENTRE 10 Y 20 ANOS,4.65,-74.11,USADO,,0,1,0,1,1,1,1,0,0,1,False,FONTIBON,SAUZALITO,El Tiempo - Maloka,687.12,0,PARQUE ZONAL SAUZALITO,102.67,1,0.22,,0.33,1.5,0.0,,0.03,208.25,2.0
44-M3363656,APARTAMENTO,VENTA,20.13,74.0,2.0,2.0,587000.0,1.0,CERROS DE SUBA,6,ENTRE 10 Y 20 ANOS,4.72,-74.07,USADO,,0,0,0,1,0,1,0,0,0,0,False,SUBA,S.C. CIUDAD JARDIN NORTE,Suba - AV. Boyacá,33.63,1,PARQUE VECINAL AGRUPACIÓN DE VIVIENDA EN BALCON DE LINDARAJA,952.58,0,0.27,,0.5,1.0,0.0,,0.03,1128.53,0.0
359-M3847373,APARTAMENTO,VENTA,19.5,50.0,3.0,1.0,3921395.93,1.0,NIZA ALHAMBRA,3,ENTRE 10 Y 20 ANOS,4.7,-74.07,USADO,,0,0,0,0,0,0,0,0,0,1,True,SUBA,NIZA SUR,Humedal Córdoba,557.55,0,PARQUE ZONAL MORATO,679.32,0,0.39,,0.33,3.0,0.0,,0.06,919.55,0.0
3774-M4662940,APARTAMENTO,VENTA,20.55,109.0,2.0,3.0,900000.0,2.0,CHICO,6,ENTRE 10 Y 20 ANOS,4.68,-74.05,USADO,,0,1,0,0,0,1,0,0,0,1,False,CHAPINERO,S.C. CHICO NORTE,Calle 100 - Marketmedios,599.77,0,PARQUE VECINAL URBANIZACIÓN NORMANDIA I II II Y IV SECTOR,527.02,0,0.19,,1.0,0.67,0.0,,0.02,127.84,2.0
2993-M4662907,APARTAMENTO,VENTA,20.02,62.0,2.0,2.0,387000.0,1.0,CHICO,6,REMODELADO,4.68,-74.05,USADO,,0,1,0,0,1,0,0,0,0,1,False,CHAPINERO,S.C. CHICO NORTE III SECTOR,Calle 100 - Marketmedios,788.99,0,PARQUE ZONAL CANAL EL VIRREY EL CHICO,807.98,0,0.32,,0.5,1.0,0.0,,0.03,276.66,3.0
800-M3846965,APARTAMENTO,VENTA,20.61,124.0,2.0,2.0,750000.0,1.0,CHICO,6,REMODELADO,4.68,-74.04,USADO,,0,0,0,1,1,1,0,0,0,1,False,CHAPINERO,CHICO RESERVADO II SECTOR,Calle 100 - Marketmedios,1522.45,0,PARQUE ZONAL CANAL EL VIRREY EL CHICO,1442.15,0,0.17,,0.5,1.0,0.0,,0.02,46.56,2.0
2996-M3323681,APARTAMENTO,VENTA,19.91,69.0,1.0,2.0,400000.0,2.0,SANTA BARBARA,6,ENTRE 5 Y 10 ANOS,4.69,-74.04,USADO,,0,0,0,0,1,0,0,0,0,0,False,USAQUEN,SANTA BARBARA CENTRAL I Y II,Calle 106,1419.76,0,PARQUE METROPOLITANO EL COUNTRY,1348.61,0,0.29,,2.0,0.5,0.0,,0.01,473.6,1.0
770-M4662832,APARTAMENTO,VENTA,19.99,139.0,3.0,2.0,521000.0,1.0,NIZA ALHAMBRA,4,MAS DE 20 ANOS,4.7,-74.07,USADO,,0,0,0,0,1,0,0,0,0,1,True,SUBA,NIZA SUR,Humedal Córdoba,416.02,1,PARQUE ZONAL MORATO,765.25,0,0.14,,0.33,1.5,0.0,,0.02,788.7,0.0
44-M3787966,APARTAMENTO,VENTA,20.71,144.0,3.0,4.0,8780000.0,2.0,CHICO,6,ENTRE 10 Y 20 ANOS,4.68,-74.06,USADO,,0,0,0,1,0,1,0,0,0,0,False,CHAPINERO,S.C. CHICO NORTE III SECTOR,Calle 100 - Marketmedios,273.41,1,PARQUE VECINAL URBANIZACIÓN NORMANDIA I II II Y IV SECTOR,714.63,0,0.14,,0.67,0.75,0.0,,0.02,280.19,1.0
883-M3994501,APARTAMENTO,VENTA,21.47,199.0,3.0,5.0,1700000.0,3.0,SANTA BARBARA,6,ENTRE 0 Y 5 ANOS,4.69,-74.04,USADO,,0,1,0,1,1,1,0,0,0,1,False,USAQUEN,SANTA BARBARA CENTRAL I Y II,Calle 106,1700.88,0,PARQUE METROPOLITANO EL COUNTRY,1473.78,0,0.11,,1.0,0.6,0.0,,0.02,408.38,1.0
359-M3644630,APARTAMENTO,VENTA,19.92,76.68,3.0,3.0,303000.0,2.0,FONTIBON TINTAL,4,ENTRE 0 Y 5 ANOS,4.67,-74.14,USADO,,0,0,0,1,1,1,1,0,0,1,False,FONTIBON,URB. PRADO GRANDE,Portal El Dorado,2332.05,0,PARQUE VECINAL VILLA HELENA VILLEMAR,563.28,0,0.26,,0.67,1.0,0.0,,0.04,769.49,0.0
252-M4466781,APARTAMENTO,VENTA,19.99,81.21,2.0,2.0,400000.0,1.0,CEDRITOS,4,ENTRE 0 Y 5 ANOS,4.73,-74.04,USADO,,0,0,0,0,1,0,0,0,0,1,False,USAQUEN,ACACIAS USAQUEN,Calle 142,1463.13,0,PARQUE VECINAL NUEVA URBANIZACIÓN EL CEDRITO,527.99,0,0.25,,0.5,1.0,0.0,,0.02,676.02,0.0
3271-M4463992,APARTAMENTO,VENTA,20.51,104.0,1.0,2.0,1300000.0,2.0,CHICO,6,MAS DE 20 ANOS,4.67,-74.04,USADO,,0,1,0,0,0,1,0,0,0,1,False,CHAPINERO,S.C. CHICO NORTE,Virrey,1607.13,0,PARQUE VECINAL URBANIZACIÓN LA CABRERA,796.21,0,0.2,,2.0,0.5,0.0,,0.01,482.53,1.0
754-M4514531,APARTAMENTO,VENTA,21.16,234.0,3.0,3.0,1327000.0,1.0,CHICO,6,MAS DE 20 ANOS,4.65,-74.06,USADO,,0,1,0,0,1,1,0,0,0,1,False,CHAPINERO,S.C. EMAUS,Calle 72,844.39,0,PARQUE ZONAL GUSTAVO URIBE BOTERO,591.51,0,0.09,,0.33,1.0,0.0,,0.01,222.87,5.0
2355-M2760870,APARTAMENTO,VENTA,21.75,325.24,3.0,4.0,2600000.0,4.0,CHICO,6,ENTRE 10 Y 20 ANOS,4.68,-74.04,USADO,,0,1,0,1,1,0,0,0,0,1,False,CHAPINERO,CHICO RESERVADO,Calle 100 - Marketmedios,1756.27,0,PARQUE VECINAL URBANIZACIÓN LA CABRERA,1268.07,0,0.07,,1.33,0.75,0.0,,0.01,345.8,2.0
800-M2844841,APARTAMENTO,VENTA,21.56,220.0,3.0,3.0,3921395.93,2.0,CHICO,6,ENTRE 5 Y 10 ANOS,4.66,-74.05,USADO,,0,0,0,0,0,1,0,0,0,0,False,CHAPINERO,LOS ROSALES,Calle 76 - San Felipe,1391.87,0,PARQUE ZONAL SAN ANDRÉS,539.58,0,0.1,,0.67,1.0,0.0,,0.01,723.0,0.0
2456-M2908293,APARTAMENTO,VENTA,20.67,174.0,3.0,5.0,500000.0,2.0,COLINA Y ALREDEDORES,5,ENTRE 5 Y 10 ANOS,4.74,-74.07,USADO,,1,1,0,1,1,1,1,0,0,1,False,SUBA,CASABLANCA (HACIENDA),21 Ángeles,1651.34,0,PARQUE ZONAL EL TOMILLAR,618.44,0,0.12,,0.67,0.6,0.0,,0.02,1219.15,0.0
482-M4270325,APARTAMENTO,VENTA,20.14,115.0,3.0,4.0,780000.0,2.0,NIZA ALHAMBRA,5,MAS DE 20 ANOS,4.69,-74.06,USADO,,0,1,0,0,1,1,0,0,0,1,False,SUBA,EL ESTORIL,Calle 106,312.11,1,PARQUE ZONAL CANAL CORDOBA,1078.19,0,0.18,,0.67,0.75,0.0,,0.03,886.33,0.0
370-M4460493,APARTAMENTO,VENTA,20.13,90.0,2.0,2.0,680000.0,1.0,SANTA BARBARA,6,ENTRE 10 Y 20 ANOS,4.69,-74.04,USADO,,0,0,0,1,1,1,0,0,0,1,False,USAQUEN,MOLINOS NORTE,Calle 106,1753.27,0,PARQUE METROPOLITANO EL COUNTRY,1562.0,0,0.22,,0.5,1.0,0.0,,0.02,353.51,1.0
2359-M3639168,APARTAMENTO,VENTA,21.09,216.0,3.0,5.0,850000.0,3.0,CEDRITOS,6,ENTRE 10 Y 20 ANOS,4.72,-74.03,USADO,,0,1,0,0,1,1,0,0,0,1,False,USAQUEN,LA CANADA,Alcalá,2687.88,0,PARQUE VECINAL NUEVA URBANIZACIÓN EL CEDRITO,896.46,0,0.1,,1.0,0.6,0.0,,0.01,371.01,1.0
4933-M4202497,APARTAMENTO,VENTA,19.49,67.0,3.0,2.0,217000.0,1.0,CORTIJO AUTOPISTA MEDELLIN,3,ENTRE 10 Y 20 ANOS,4.73,-74.12,USADO,,0,0,0,0,0,1,0,0,0,1,False,ENGATIVA,EL_CORTIJO,Portal 80,2384.6,0,PARQUE METROPOLITANO PLANTA DE TRATAMIENTO SALITRE,219.98,1,0.29,,0.33,1.5,0.0,,0.04,2186.5,0.0
5483-M4659724,APARTAMENTO,VENTA,20.03,114.0,3.0,3.0,570000.0,2.0,NIZA ALHAMBRA,5,MAS DE 20 ANOS,4.7,-74.06,USADO,,0,1,0,0,0,0,0,0,0,1,False,SUBA,EL BATAN,Calle 127,557.78,0,PARQUE ZONAL ATABANZA,543.67,0,0.18,,0.67,1.0,0.0,,0.03,724.79,0.0
5545-M3497489,APARTAMENTO,VENTA,20.39,132.0,3.0,4.0,505000.0,2.0,COLINA Y ALREDEDORES,5,ENTRE 5 Y 10 ANOS,4.73,-74.06,USADO,,1,1,0,1,1,1,1,0,0,1,False,SUBA,URB. EUCALIPTOS DE LA COLINA,Gratamira,1202.15,0,PARQUE VECINAL URBANIZACIÓN LA LAGUNA,1176.75,0,0.15,,0.67,0.75,0.0,,0.02,302.26,2.0
456-M4656326,APARTAMENTO,VENTA,20.49,96.0,1.0,2.0,650000.0,2.0,CHICO,6,ENTRE 10 Y 20 ANOS,4.68,-74.04,USADO,,0,0,0,0,1,0,0,0,0,0,False,CHAPINERO,S.C. CHICO NORTE,Virrey,1563.19,0,PARQUE VECINAL URBANIZACIÓN LA CABRERA,842.46,0,0.21,,2.0,0.5,0.0,,0.01,400.3,1.0
16409-M4616161,APARTAMENTO,VENTA,19.4,36.92,1.0,1.0,3921395.93,1.0,COLINA Y ALREDEDORES,3,ENTRE 0 Y 5 ANOS,4.71,-74.06,USADO,,0,0,0,0,1,0,0,0,0,1,False,SUBA,PRADO SUR,Niza - Calle 127,1053.32,0,PARQUE ZONAL ATABANZA,663.23,0,0.53,,1.0,1.0,0.0,,0.03,998.11,0.0
800-M4461999,APARTAMENTO,VENTA,19.5,66.0,3.0,2.0,390000.0,0.0,CEDRITOS,4,MAS DE 20 ANOS,4.73,-74.05,USADO,,0,1,0,0,0,1,0,0,0,1,False,USAQUEN,LOS CEDRITOS,Calle 142,295.47,1,PARQUE VECINAL PRADO PINZÓN,670.16,0,0.3,,0.0,1.5,0.0,,0.05,828.66,0.0
3604-M3911321,APARTAMENTO,VENTA,21.42,235.75,3.0,3.0,3921395.93,1.0,CHICO,6,ENTRE 10 Y 20 ANOS,4.66,-74.05,USADO,,0,0,0,0,0,1,0,0,0,1,False,CHAPINERO,S.C. EL NOGAL,Calle 76 - San Felipe,893.21,0,PARQUE ZONAL SAN ANDRÉS,471.84,1,0.09,,0.33,1.0,0.0,,0.01,506.0,0.0
800-M3642925,APARTAMENTO,VENTA,19.81,84.0,2.0,2.0,3921395.93,1.0,COUNTRY,5,ENTRE 10 Y 20 ANOS,4.72,-74.04,USADO,,0,0,0,0,0,1,0,0,0,0,False,USAQUEN,LISBOA_,Alcalá,1689.27,0,PARQUE VECINAL NUEVA URBANIZACIÓN EL CEDRITO,842.54,0,0.24,,0.5,1.0,0.0,,0.02,340.94,1.0
10139-M4601950,APARTAMENTO,VENTA,20.95,184.0,4.0,4.0,1200000.0,3.0,COUNTRY,5,ENTRE 10 Y 20 ANOS,4.71,-74.03,USADO,,0,1,0,0,1,0,0,0,0,1,False,USAQUEN,BELLA SUIZA,Prado,2520.45,0,PARQUE METROPOLITANO EL COUNTRY,902.71,0,0.11,,0.75,1.0,0.0,,0.02,344.64,1.0
800-M3839789,APARTAMENTO,VENTA,19.81,83.0,2.0,2.0,527200.0,0.0,LA SOLEDAD,4,MAS DE 20 ANOS,4.64,-74.08,USADO,,0,0,0,0,0,1,0,0,0,1,False,TEUSAQUILLO,BELALCAZAR,Universidad Nacional,283.72,1,PARQUE ESCENARIO DEPORTIVO EL CAMPINCITO - CEAD,1135.8,0,0.24,,0.0,1.0,0.0,,0.02,783.66,0.0
12633-M4554343,APARTAMENTO,VENTA,19.11,52.81,3.0,1.0,139000.0,0.0,CORTIJO AUTOPISTA MEDELLIN,3,ENTRE 10 Y 20 ANOS,4.72,-74.11,USADO,,0,0,0,0,0,1,0,0,0,1,False,ENGATIVA,BOCHICA COMPARTIR,Portal 80,938.68,0,PARQUE VECINAL URBANIZACIÓN BACHUE PRIMERA ETAPA,801.89,0,0.36,,0.0,3.0,0.0,,0.06,929.91,0.0
5483-M4460256,APARTAMENTO,VENTA,20.34,142.69,3.0,2.0,870000.0,2.0,SANTA BARBARA,5,MAS DE 20 ANOS,4.7,-74.05,USADO,,0,0,0,0,1,0,0,0,0,1,False,USAQUEN,SANTA BARBARA OCCIDENTAL,Pepe Sierra,367.49,1,PARQUE ZONAL ATABANZA,1136.3,0,0.14,,0.67,1.5,0.0,,0.02,516.55,0.0
15701-M4603410,APARTAMENTO,VENTA,20.28,90.0,2.0,2.0,350000.0,1.0,NORMANDIA,4,ENTRE 10 Y 20 ANOS,4.66,-74.11,USADO,,0,0,0,0,1,1,0,0,0,1,False,ENGATIVA,NORMANDIA,AV. Rojas,304.74,1,PARQUE VECINAL CARLOS LLERAS (EL FUEGO),927.66,0,0.23,,0.5,1.0,0.0,,0.02,599.99,0.0
800-M4603203,APARTAMENTO,VENTA,19.52,74.0,2.0,2.0,174908.0,1.0,CEDRITOS,4,MAS DE 20 ANOS,4.73,-74.03,USADO,,0,0,0,0,0,1,0,0,0,0,False,USAQUEN,CEDRO SALAZAR,Calle 146,2296.74,0,PARQUE ZONAL ALTA BLANCA,648.94,0,0.26,,0.5,1.0,0.0,,0.03,407.84,1.0
4933-M4604102,APARTAMENTO,VENTA,19.85,68.0,2.0,2.0,220000.0,1.0,NIZA ALHAMBRA,5,ENTRE 0 Y 5 ANOS,4.71,-74.06,USADO,,0,0,0,0,1,1,0,0,0,1,False,SUBA,EL BATAN,Calle 127,365.36,1,PARQUE ZONAL ATABANZA,386.03,1,0.29,,0.5,1.0,0.0,,0.03,511.61,0.0
3553-M2451143,APARTAMENTO,VENTA,19.88,79.63,2.0,3.0,548700.0,1.0,SANTA BARBARA,6,MAS DE 20 ANOS,4.7,-74.04,USADO,,0,1,0,0,1,0,0,0,0,1,False,USAQUEN,SANTA BARBARA CENTRAL IV SECTOR,Pepe Sierra,2135.72,0,PARQUE METROPOLITANO EL COUNTRY,751.63,0,0.25,,0.5,0.67,0.0,,0.03,465.81,1.0
3702-M4600132,APARTAMENTO,VENTA,19.52,52.91,1.0,1.0,336800.0,1.0,NIZA ALHAMBRA,5,MAS DE 20 ANOS,4.71,-74.08,USADO,,0,0,0,0,1,0,0,0,0,1,True,SUBA,NIZA SUR,Humedal Córdoba,745.5,0,PARQUE ZONAL LOS LACHES LA MINA,831.47,0,0.37,,1.0,1.0,0.0,,0.02,830.16,0.0
5586-M3683844,APARTAMENTO,VENTA,21.25,175.0,3.0,4.0,1500000.0,2.0,CHICO,5,ENTRE 0 Y 5 ANOS,4.67,-74.06,USADO,,0,1,0,0,1,0,0,0,0,1,False,CHAPINERO,S.C. ANTIGUO COUNTRY,Calle 85,372.38,1,PARQUE METROPOLITANO RECONCILIACIÓN,321.87,1,0.12,,0.67,0.75,0.0,,0.02,196.8,3.0
3155-M4548322,APARTAMENTO,VENTA,20.77,171.0,3.0,3.0,1000000.0,2.0,CHICO,6,ENTRE 10 Y 20 ANOS,4.68,-74.06,USADO,,0,1,0,0,1,1,0,0,0,1,False,CHAPINERO,S.C. CHICO NORTE III SECTOR,Calle 100 - Marketmedios,344.66,1,PARQUE VECINAL URBANIZACIÓN NORMANDIA I II II Y IV SECTOR,519.06,0,0.12,,0.67,1.0,0.0,,0.02,234.98,1.0
2123-M3154701,APARTAMENTO,VENTA,21.1,256.0,3.0,5.0,1500000.0,3.0,COUNTRY,6,ENTRE 10 Y 20 ANOS,4.71,-74.03,USADO,,0,0,0,1,0,1,0,0,0,1,False,USAQUEN,BOSQUES DE MEDINA,Prado,2800.88,0,PARQUE METROPOLITANO EL COUNTRY,1378.18,0,0.08,,1.0,0.6,0.0,,0.01,506.48,0.0
717-M3179514,APARTAMENTO,VENTA,21.09,275.0,3.0,5.0,1400000.0,3.0,COUNTRY,5,REMODELADO,4.71,-74.03,USADO,,0,1,0,0,1,1,0,0,0,1,False,USAQUEN,CIUDADELA REAL,Alcalá,2632.42,0,PARQUE VECINAL NUEVA URBANIZACIÓN EL CEDRITO,1159.15,0,0.08,,1.0,0.6,0.0,,0.01,148.22,1.0
3325-M3486670,APARTAMENTO,VENTA,19.73,53.0,2.0,2.0,223900.0,1.0,CEDRITOS,4,ENTRE 10 Y 20 ANOS,4.73,-74.04,USADO,,0,0,0,0,1,1,0,0,0,1,False,USAQUEN,CAOBOS SALAZAR,Calle 146,1168.4,0,PARQUE VECINAL NUEVA URBANIZACIÓN EL CEDRITO,850.56,0,0.37,,0.5,1.0,0.0,,0.04,828.37,0.0
2195-M3607637,APARTAMENTO,VENTA,21.31,287.0,3.0,4.0,1400000.0,3.0,CHICO,6,MAS DE 20 ANOS,4.65,-74.05,USADO,,0,0,0,0,0,0,0,0,0,1,False,CHAPINERO,S.C. BELLAVISTA,Flores – Areandina,1524.19,0,PARQUE ZONAL GUSTAVO URIBE BOTERO,324.14,1,0.07,,1.0,0.75,0.0,,0.01,702.65,0.0
368-M4290855,APARTAMENTO,VENTA,20.99,178.0,2.0,3.0,1372000.0,1.0,CHICO,6,ENTRE 10 Y 20 ANOS,4.65,-74.05,USADO,,0,1,0,0,1,1,0,0,0,1,False,CHAPINERO,S.C. BELLAVISTA,Calle 72,1328.38,0,PARQUE ZONAL GUSTAVO URIBE BOTERO,493.09,1,0.12,,0.5,0.67,0.0,,0.01,586.72,0.0
3340-M4206547,APARTAMENTO,VENTA,20.99,134.0,3.0,3.0,750000.0,2.0,SANTA BARBARA,6,ENTRE 5 Y 10 ANOS,4.7,-74.05,USADO,,0,1,0,1,1,0,0,0,0,1,False,USAQUEN,SANTA BARBARA OCCIDENTAL,Pepe Sierra,968.99,0,PARQUE METROPOLITANO EL COUNTRY,1109.03,0,0.16,,0.67,1.0,0.0,,0.02,149.7,2.0
15534-M4573786,APARTAMENTO,VENTA,20.03,57.0,1.0,1.0,355000.0,1.0,CHICO,6,ENTRE 5 Y 10 ANOS,4.67,-74.06,USADO,,0,0,0,1,0,0,0,0,0,0,False,CHAPINERO,S.C. EL CHICO,Virrey,286.89,1,PARQUE VECINAL URBANIZACIÓN NORMANDIA I II II Y IV SECTOR,332.35,1,0.35,,1.0,1.0,0.0,,0.02,341.33,1.0
12285-M4669552,APARTAMENTO,VENTA,20.34,120.0,3.0,3.0,480000.0,2.0,CEDRITOS,5,ENTRE 0 Y 5 ANOS,4.72,-74.03,USADO,,0,0,0,0,1,1,0,0,0,1,False,USAQUEN,BELMIRA,Alcalá,2407.8,0,PARQUE VECINAL NUEVA URBANIZACIÓN EL CEDRITO,647.56,0,0.17,,0.67,1.0,0.0,,0.02,394.12,1.0
12285-M4662895,APARTAMENTO,VENTA,20.72,129.0,3.0,3.0,558000.0,2.0,CEDRITOS,4,ENTRE 0 Y 5 ANOS,4.73,-74.04,USADO,,0,0,0,0,1,1,0,0,0,1,False,USAQUEN,LOS CEDRITOS,Calle 142,933.8,0,PARQUE VECINAL NUEVA URBANIZACIÓN EL CEDRITO,1009.93,0,0.16,,0.67,1.0,0.0,,0.02,855.4,0.0
770-M4418728,APARTAMENTO,VENTA,20.23,64.0,1.0,2.0,350000.0,1.0,SANTA BARBARA,6,ENTRE 0 Y 5 ANOS,4.69,-74.05,USADO,,0,0,0,0,1,0,0,0,0,1,False,USAQUEN,SAN PATRICIO,Calle 106,1134.58,0,PARQUE METROPOLITANO EL COUNTRY,1622.21,0,0.32,,1.0,0.5,0.0,,0.02,280.12,1.0
2456-M4705239,APARTAMENTO,VENTA,20.02,105.0,3.0,3.0,410000.0,2.0,COLINA Y ALREDEDORES,5,ENTRE 5 Y 10 ANOS,4.72,-74.07,USADO,,0,1,0,1,1,1,0,0,0,1,False,SUBA,IBERIA EL POBLAR,Gratamira,990.03,0,PARQUE VECINAL PRADO PINZÓN,1376.0,0,0.19,,0.67,1.0,0.0,,0.03,357.68,2.0
717-M4080614,APARTAMENTO,VENTA,20.52,97.0,2.0,3.0,801000.0,2.0,SANTA BARBARA,6,ENTRE 10 Y 20 ANOS,4.69,-74.05,USADO,,0,1,0,0,1,1,0,0,0,1,False,USAQUEN,SANTA BIBIANA,Calle 106,491.7,1,PARQUE ZONAL CANAL CORDOBA,1788.18,0,0.21,,1.0,0.67,0.0,,0.02,390.04,2.0
12285-M4702700,APARTAMENTO,VENTA,20.46,137.0,4.0,4.0,700000.0,2.0,CEDRITOS,4,ENTRE 5 Y 10 ANOS,4.72,-74.04,USADO,,0,1,0,1,1,1,0,0,0,1,False,USAQUEN,CEDRO NARVAEZ,Calle 142,1170.38,0,PARQUE VECINAL NUEVA URBANIZACIÓN EL CEDRITO,771.6,0,0.15,,0.5,1.0,0.0,,0.03,541.82,0.0
874-M3640511,APARTAMENTO,VENTA,20.54,106.0,3.0,2.0,621000.0,2.0,COUNTRY,5,ENTRE 10 Y 20 ANOS,4.71,-74.03,USADO,,0,1,0,1,1,1,1,0,0,1,False,USAQUEN,LISBOA_,Prado,2486.29,0,PARQUE VECINAL NUEVA URBANIZACIÓN EL CEDRITO,1095.83,0,0.19,,0.67,1.5,0.0,,0.03,167.73,3.0
4969-M4581637,APARTAMENTO,VENTA,19.67,54.0,1.0,2.0,320000.0,1.0,SANTA BARBARA,5,ENTRE 5 Y 10 ANOS,4.7,-74.03,USADO,,0,0,0,0,1,1,0,0,0,1,False,USAQUEN,SANTA BARBARA ORIENTAL,Calle 127,2439.68,0,PARQUE METROPOLITANO EL COUNTRY,718.4,0,0.36,,1.0,0.5,0.0,,0.02,668.44,0.0
515-M4201636,APARTAMENTO,VENTA,20.2,86.0,2.0,3.0,452000.0,2.0,CEDRITOS,4,ENTRE 5 Y 10 ANOS,4.72,-74.04,USADO,,0,0,0,1,1,0,0,0,0,1,False,USAQUEN,LOS CEDRITOS,Calle 142,1027.89,0,PARQUE VECINAL NUEVA URBANIZACIÓN EL CEDRITO,908.64,0,0.23,,1.0,0.67,0.0,,0.02,664.51,0.0
4698-M3472273,APARTAMENTO,VENTA,20.91,172.0,3.0,3.0,900000.0,3.0,CEDRITOS,6,ENTRE 5 Y 10 ANOS,4.72,-74.02,USADO,,0,0,0,0,1,0,0,0,0,1,False,USAQUEN,S.C. BARRANCAS ORIENTAL,Calle 142,2925.33,0,PARQUE VECINAL NUEVA URBANIZACIÓN EL CEDRITO,1006.26,0,0.12,,1.0,1.0,0.0,,0.02,898.44,0.0
2328-M4120455,APARTAMENTO,VENTA,21.03,170.0,3.0,3.0,1223000.0,2.0,CHICO,6,ENTRE 10 Y 20 ANOS,4.68,-74.06,USADO,,1,1,0,1,1,1,0,0,0,1,False,CHAPINERO,S.C. EL CHICO,Virrey,353.06,1,PARQUE ZONAL CANAL EL VIRREY EL CHICO,323.87,1,0.12,,0.67,1.0,0.0,,0.02,298.97,1.0
2238-M4721347,APARTAMENTO,VENTA,20.86,143.0,3.0,3.0,1418550.0,2.0,CHAPINERO ALTO,5,MAS DE 20 ANOS,4.65,-74.05,USADO,,0,0,0,0,0,0,0,0,0,0,False,CHAPINERO,S.C. EMAUS,Flores – Areandina,1057.52,0,PARQUE ZONAL GUSTAVO URIBE BOTERO,236.44,1,0.15,,0.67,1.0,0.0,,0.02,215.28,1.0
12494-M2849158,APARTAMENTO,VENTA,21.02,140.0,2.0,3.0,1064000.0,2.0,CHICO,6,ENTRE 0 Y 5 ANOS,4.68,-74.04,USADO,,0,1,0,0,1,1,0,0,0,0,False,CHAPINERO,S.C. CHICO NORTE,Virrey,1837.3,0,PARQUE VECINAL URBANIZACIÓN LA CABRERA,1106.9,0,0.15,,1.0,0.67,0.0,,0.01,568.41,0.0
3390-M2822790,APARTAMENTO,VENTA,20.67,108.3,3.0,3.0,920000.0,2.0,CHICO,6,ENTRE 10 Y 20 ANOS,4.65,-74.05,USADO,,0,0,0,0,1,1,0,0,0,1,False,CHAPINERO,S.C. BELLAVISTA,Calle 72,1367.86,0,PARQUE ZONAL GUSTAVO URIBE BOTERO,368.31,1,0.19,,0.67,1.0,0.0,,0.03,601.93,0.0
411-M3640355,APARTAMENTO,VENTA,20.29,85.97,2.0,3.0,458600.0,1.0,NIZA ALHAMBRA,5,ENTRE 0 Y 5 ANOS,4.69,-74.06,USADO,,0,0,0,1,1,0,0,0,0,1,False,SUBA,S.C. PASADENA,Suba - Calle 100,414.0,1,PARQUE ZONAL CANAL RIO NEGRO,1251.52,0,0.24,,0.5,0.67,0.0,,0.02,312.38,1.0
990-M2580990,APARTAMENTO,VENTA,21.13,135.0,2.0,3.0,800000.0,2.0,CHICO,6,ENTRE 0 Y 5 ANOS,4.68,-74.05,USADO,,0,1,0,1,1,0,0,0,0,1,False,CHAPINERO,S.C. CHICO NORTE,Virrey,949.24,0,PARQUE ZONAL CANAL EL VIRREY EL CHICO,421.28,1,0.16,,1.0,0.67,0.0,,0.01,202.05,3.0
990-M2791815,APARTAMENTO,VENTA,21.13,130.0,2.0,3.0,950000.0,2.0,CHICO,6,ENTRE 5 Y 10 ANOS,4.67,-74.06,USADO,,0,1,0,0,0,0,0,0,0,0,False,CHAPINERO,S.C. ANTIGUO COUNTRY,Virrey,263.43,1,PARQUE METROPOLITANO RECONCILIACIÓN,302.35,1,0.16,,1.0,0.67,0.0,,0.02,370.93,1.0
2731-M2385939,APARTAMENTO,VENTA,20.34,112.0,3.0,3.0,5000000.0,2.0,CHICO,6,ENTRE 10 Y 20 ANOS,4.68,-74.06,USADO,,0,0,0,0,1,0,0,0,0,1,False,CHAPINERO,S.C. CHICO NORTE III SECTOR,Calle 100 - Marketmedios,94.81,1,PARQUE VECINAL URBANIZACIÓN NORMANDIA I II II Y IV SECTOR,693.03,0,0.18,,0.67,1.0,0.0,,0.03,439.24,1.0
3460-M2299005,APARTAMENTO,VENTA,20.03,83.0,3.0,2.0,510000.0,2.0,NIZA ALHAMBRA,5,ENTRE 0 Y 5 ANOS,4.71,-74.06,USADO,,0,0,0,1,1,1,0,0,0,1,False,SUBA,CANODROMO,Calle 127,486.65,1,PARQUE ZONAL ATABANZA,181.33,1,0.24,,0.67,1.5,0.0,,0.04,528.7,0.0
814-M3146738,APARTAMENTO,VENTA,21.09,131.0,3.0,3.0,500000.0,2.0,SALITRE MODELIA,4,ENTRE 5 Y 10 ANOS,4.66,-74.12,USADO,,1,1,0,1,1,1,1,0,0,1,False,FONTIBON,CARLOS LLERAS RESTREPO,AV. Rojas,710.58,0,PARQUE VECINAL CARLOS LLERAS (EL FUEGO),297.49,1,0.16,,0.67,1.0,0.0,,0.02,755.83,0.0
3038-M3843874,APARTAMENTO,VENTA,19.86,94.0,3.0,2.0,270000.0,1.0,NIZA ALHAMBRA,4,ENTRE 10 Y 20 ANOS,4.7,-74.08,USADO,,0,1,0,0,1,1,0,0,0,1,True,SUBA,NIZA SUR,Humedal Córdoba,693.84,0,PARQUE ZONAL MORATO,623.62,0,0.21,,0.33,1.5,0.0,,0.03,911.71,0.0
14271-M4208960,APARTAMENTO,VENTA,19.78,63.0,2.0,2.0,390000000.0,1.0,CEDRITOS,3,ENTRE 0 Y 5 ANOS,4.73,-74.03,USADO,,0,0,0,1,0,1,0,0,0,1,False,USAQUEN,BARRANCAS NORTE,Mazurén,2551.01,0,PARQUE ZONAL ALTA BLANCA,286.55,1,0.31,,0.5,1.0,0.0,,0.03,842.04,0.0
16350-M4657185,APARTAMENTO,VENTA,19.41,66.0,3.0,2.0,237000.0,1.0,KENNEDY,3,ENTRE 5 Y 10 ANOS,4.65,-74.15,USADO,,0,0,0,1,1,1,1,0,0,1,False,KENNEDY,S.C. TINTALA,Biblioteca Tintal,1847.9,0,PARQUE ZONAL SAN IGNACIO,684.14,0,0.29,,0.33,1.5,0.0,,0.05,2791.04,0.0
482-M3685213,APARTAMENTO,VENTA,20.54,157.6,5.0,4.0,3921395.93,3.0,NIZA ALHAMBRA,4,MAS DE 20 ANOS,4.71,-74.08,USADO,,0,0,0,0,0,0,0,0,0,0,True,SUBA,NIZA SUR,Humedal Córdoba,451.97,1,PARQUE ZONAL LOS LACHES LA MINA,533.17,0,0.13,,0.6,1.25,0.0,,0.03,531.66,0.0
14219-M4135456,APARTAMENTO,VENTA,19.45,61.0,3.0,2.0,220000.0,1.0,CASTILLA MARSELLA,3,ENTRE 10 Y 20 ANOS,4.64,-74.13,USADO,,0,0,0,1,1,1,1,0,0,1,False,KENNEDY,EL CONDADO DE LA PAZ,Marsella,855.68,0,PARQUE ZONAL MARSELLA,547.09,0,0.32,,0.33,1.5,0.0,,0.05,1123.39,0.0
10139-M2966903,APARTAMENTO,VENTA,21.41,233.0,3.0,4.0,1980000.0,3.0,CHICO,6,ENTRE 10 Y 20 ANOS,4.68,-74.04,USADO,,0,1,0,1,1,0,0,0,0,1,False,CHAPINERO,S.C. CHICO NORTE,Virrey,1628.37,0,PARQUE VECINAL URBANIZACIÓN LA CABRERA,924.65,0,0.09,,1.0,0.75,0.0,,0.01,449.8,1.0
754-M2042196,APARTAMENTO,VENTA,21.57,230.0,3.0,4.0,3921395.93,4.0,CHICO,6,ENTRE 0 Y 5 ANOS,4.65,-74.05,USADO,,1,1,0,1,1,1,0,0,0,1,False,CHAPINERO,S.C. BELLAVISTA,Calle 72,1387.74,0,PARQUE ZONAL GUSTAVO URIBE BOTERO,477.81,1,0.09,,1.33,0.75,0.0,,0.01,648.65,0.0
2974-M3178824,APARTAMENTO,VENTA,20.95,235.52,3.0,4.0,1873000.0,2.0,CHICO,6,MAS DE 20 ANOS,4.66,-74.05,USADO,,0,1,0,0,1,1,0,0,0,1,False,CHAPINERO,LOS ROSALES,Calle 72,1433.55,0,PARQUE ZONAL GUSTAVO URIBE BOTERO,846.68,0,0.09,,0.67,0.75,0.0,,0.01,695.91,0.0
4757-M3568989,APARTAMENTO,VENTA,19.99,81.0,1.0,1.0,500000.0,1.0,CHICO,6,ENTRE 10 Y 20 ANOS,4.67,-74.05,USADO,,0,1,0,1,1,1,0,0,0,1,False,CHAPINERO,S.C. EL CHICO,Calle 85,1377.58,0,PARQUE VECINAL URBANIZACIÓN LA CABRERA,383.9,1,0.25,,1.0,1.0,0.0,,0.01,300.38,1.0
4969-M4457689,APARTAMENTO,VENTA,19.45,40.0,1.0,1.0,300000.0,1.0,SANTA BARBARA,5,ENTRE 10 Y 20 ANOS,4.7,-74.05,USADO,,0,1,0,0,1,0,0,0,0,1,False,USAQUEN,SANTA BARBARA OCCIDENTAL,Pepe Sierra,809.78,0,PARQUE METROPOLITANO EL COUNTRY,1217.18,0,0.49,,1.0,1.0,0.0,,0.02,134.69,2.0
2266-M2018200,APARTAMENTO,VENTA,21.02,214.0,3.0,4.0,900000.0,3.0,CHICO,6,MAS DE 20 ANOS,4.66,-74.05,USADO,,0,0,0,0,0,0,0,0,0,0,False,CHAPINERO,S.C. BELLAVISTA,Calle 72,1161.34,0,PARQUE ZONAL GUSTAVO URIBE BOTERO,603.64,0,0.1,,1.0,0.75,0.0,,0.01,410.14,1.0
2974-M2982017,APARTAMENTO,VENTA,19.92,97.0,3.0,2.0,250000.0,1.0,COLINA Y ALREDEDORES,4,ENTRE 10 Y 20 ANOS,4.75,-74.06,USADO,,0,0,0,1,1,1,0,0,0,1,False,SUBA,S.C. PORTALES DEL NORTE,Portal Norte,1926.5,0,PARQUE ZONAL SAN JOSÉ DE BAVARIA,56.55,1,0.21,,0.33,1.5,0.0,,0.03,2193.8,0.0
2559-I1846507,APARTAMENTO,VENTA,20.91,200.0,3.0,3.0,1400000.0,2.0,,6,MAS DE 20 ANOS,4.64,-74.03,USADO,,0,0,0,0,1,0,0,0,0,0,False,CHAPINERO,S.C. EL BAGAZAL,Calle 63,3411.96,0,PARQUE ZONAL GUSTAVO URIBE BOTERO,2139.24,0,0.1,,0.67,1.0,0.0,,0.02,2590.78,0.0
2559-M2208882,APARTAMENTO,VENTA,21.82,265.0,3.0,4.0,1300000.0,3.0,CHICO,6,ENTRE 5 Y 10 ANOS,4.67,-74.05,USADO,,0,1,0,0,1,0,0,0,0,1,False,CHAPINERO,S.C. EL CHICO,Calle 85,1570.35,0,PARQUE VECINAL URBANIZACIÓN LA CABRERA,544.76,0,0.08,,1.0,0.75,0.0,,0.01,473.23,1.0
2559-M4021883,APARTAMENTO,VENTA,21.05,218.0,3.0,3.0,956000.0,2.0,CHICO,6,MAS DE 20 ANOS,4.66,-74.05,USADO,,0,1,0,0,1,0,0,0,0,1,False,CHAPINERO,LOS ROSALES,Calle 72,1353.31,0,PARQUE ZONAL GUSTAVO URIBE BOTERO,839.4,0,0.1,,0.67,1.0,0.0,,0.01,619.56,0.0
3507-M3867417,APARTAMENTO,VENTA,20.55,145.0,4.0,5.0,604000.0,2.0,COLINA Y ALREDEDORES,5,ENTRE 10 Y 20 ANOS,4.73,-74.06,USADO,,1,1,0,0,1,1,0,0,0,1,False,SUBA,SAN JOSE DEL PRADO - URB. ECHEVERRIA,Alcalá,1260.25,0,PARQUE VECINAL PRADO PINZÓN,913.81,0,0.14,,0.5,0.8,0.0,,0.03,255.87,2.0
3038-M3837282,APARTAMENTO,VENTA,19.86,94.0,3.0,2.0,270000.0,1.0,NIZA ALHAMBRA,4,ENTRE 10 Y 20 ANOS,4.7,-74.08,USADO,,0,1,0,0,1,1,0,0,0,1,True,SUBA,NIZA SUR,Humedal Córdoba,978.7,0,PARQUE METROPOLITANO CEFE COMETAS,898.18,0,0.21,,0.33,1.5,0.0,,0.03,1097.21,0.0
2559-M1929831,APARTAMENTO,VENTA,21.82,372.0,4.0,4.0,2723000.0,4.0,CHICO,6,MAS DE 20 ANOS,4.67,-74.05,USADO,,0,0,0,0,1,0,0,0,0,1,False,CHAPINERO,LA CABRERA,Calle 85,1005.7,0,PARQUE VECINAL URBANIZACIÓN LA CABRERA,60.36,1,0.06,,1.0,1.0,0.0,,0.01,113.75,6.0
482-M3454543,APARTAMENTO,VENTA,19.61,68.0,3.0,2.0,130000.0,1.0,ALTOS DE SUBA Y CERROS DE SAN JORGE,5,ENTRE 0 Y 5 ANOS,4.75,-74.1,USADO,,0,0,0,0,1,1,0,0,0,1,False,SUBA,URB. LAS FLORES,Portal Suba,648.36,0,PARQUE VECINAL URBANIZACIÓN LOMBARDIA II ETAPA,337.84,1,0.29,,0.33,1.5,0.0,,0.04,423.7,1.0
12933-M3051154,APARTAMENTO,VENTA,20.49,132.0,4.0,2.0,563000.0,2.0,CHAPINERO ALTO,4,ENTRE 5 Y 10 ANOS,4.63,-74.06,USADO,,0,1,0,1,1,1,0,0,0,1,False,CHAPINERO,S.C. SUCRE,Calle 45 - American School Way,351.82,1,PARQUE METROPOLITANO PARQUE NACIONAL (PM2A) ENRIQUE OLAYA HERRERA (SECTOR HISTORICO),602.62,0,0.16,,0.5,2.0,0.0,,0.03,249.21,2.0
2559-M1927340,APARTAMENTO,VENTA,21.51,187.0,2.0,3.0,1350000.0,4.0,CHICO,6,ENTRE 10 Y 20 ANOS,4.67,-74.04,USADO,,0,1,0,0,1,0,0,0,0,1,False,CHAPINERO,EL REFUGIO,Héroes - Gel´Hada,1716.33,0,PARQUE VECINAL URBANIZACIÓN LA CABRERA,662.54,0,0.12,,2.0,0.67,0.0,,0.01,635.07,0.0
917-M2474270,APARTAMENTO,VENTA,20.95,140.0,3.0,5.0,700000.0,2.0,SANTA BARBARA,6,REMODELADO,4.69,-74.03,USADO,,0,1,0,0,1,0,0,0,0,1,False,USAQUEN,SANTA ANA ORIENTAL,Calle 106,2498.83,0,PARQUE METROPOLITANO EL COUNTRY,1694.25,0,0.15,,0.67,0.6,0.0,,0.02,333.33,3.0
411-M3756669,APARTAMENTO,VENTA,19.55,30.92,1.0,1.0,380000.0,1.0,SANTA BARBARA,5,ENTRE 0 Y 5 ANOS,4.69,-74.05,USADO,,0,0,0,0,1,0,0,0,0,1,False,USAQUEN,RINCON DEL CHICO,Calle 106,1297.8,0,PARQUE VECINAL URBANIZACIÓN NORMANDIA I II II Y IV SECTOR,1878.96,0,0.63,,1.0,1.0,0.0,,0.03,577.13,0.0
482-M3088471,APARTAMENTO,VENTA,20.21,164.5,5.0,4.0,3921395.93,1.0,CHAPINERO ALTO,4,ENTRE 10 Y 20 ANOS,4.64,-74.06,USADO,,0,0,0,0,1,1,0,0,0,1,False,CHAPINERO,S.C. MARLY,Marly,349.33,1,PARQUE METROPOLITANO PARQUE NACIONAL (PM2A) ENRIQUE OLAYA HERRERA (SECTOR HISTORICO),1252.67,0,0.12,,0.2,1.25,0.0,,0.03,421.41,1.0
411-M4500564,APARTAMENTO,VENTA,20.2,92.0,2.0,2.0,750000.0,2.0,CHICO,6,MAS DE 20 ANOS,4.68,-74.05,USADO,,0,0,0,0,1,0,0,0,0,1,False,CHAPINERO,S.C. CHICO NORTE III SECTOR,Calle 100 - Marketmedios,845.16,0,PARQUE ZONAL CANAL EL VIRREY EL CHICO,1002.07,0,0.22,,1.0,1.0,0.0,,0.02,258.94,3.0
3036-M2251551,APARTAMENTO,VENTA,19.23,50.0,2.0,1.0,158000.0,1.0,COLINA Y ALREDEDORES,3,ENTRE 10 Y 20 ANOS,4.75,-74.06,USADO,,0,0,0,0,0,1,0,0,0,1,False,SUBA,URB. NUEVA ALSACIA,Portal Norte,1343.55,0,PARQUE ZONAL SAN JOSÉ DE BAVARIA,687.4,0,0.38,,0.5,2.0,0.0,,0.04,1810.47,0.0
246-M3930470,APARTAMENTO,VENTA,21.28,160.0,3.0,3.0,1360000.0,4.0,SANTA BARBARA,6,ENTRE 10 Y 20 ANOS,4.7,-74.05,USADO,,0,1,0,0,1,1,0,0,0,1,False,USAQUEN,SAN PATRICIO,Pepe Sierra,1020.82,0,PARQUE METROPOLITANO EL COUNTRY,1283.61,0,0.13,,1.33,1.0,0.0,,0.02,254.95,3.0
11203-M3073902,APARTAMENTO,VENTA,20.89,133.3,3.0,4.0,750000.0,2.0,CHICO,6,ENTRE 10 Y 20 ANOS,4.67,-74.04,USADO,,0,1,0,1,1,0,0,0,0,1,True,CHAPINERO,S.C. CHICO NORTE,Virrey,1697.22,0,PARQUE VECINAL URBANIZACIÓN LA CABRERA,732.32,0,0.16,,0.67,0.75,0.0,,0.02,652.35,0.0
2238-M3251020,APARTAMENTO,VENTA,21.19,230.0,3.0,4.0,1208800.0,2.0,CHAPINERO ALTO,6,ENTRE 5 Y 10 ANOS,4.65,-74.05,USADO,,0,0,0,0,0,0,0,0,0,0,False,CHAPINERO,S.C. INGEMAR ORIENTAL,Flores – Areandina,1570.0,0,PARQUE ZONAL GUSTAVO URIBE BOTERO,301.93,1,0.09,,0.67,0.75,0.0,,0.01,735.94,0.0
815-M4688796,APARTAMENTO,VENTA,21.34,237.0,4.0,5.0,1250000.0,3.0,COUNTRY,6,ENTRE 10 Y 20 ANOS,4.71,-74.03,USADO,,0,1,0,1,1,0,1,0,0,1,False,USAQUEN,GINEBRA,Prado,2791.82,0,PARQUE METROPOLITANO EL COUNTRY,1272.95,0,0.09,,0.75,0.8,0.0,,0.02,488.55,1.0
3036-M4031214,APARTAMENTO,VENTA,19.76,67.0,3.0,2.0,270000.0,1.0,COUNTRY,4,ENTRE 10 Y 20 ANOS,4.71,-74.02,USADO,,1,1,0,1,1,1,0,0,0,1,False,USAQUEN,SAN,Prado,3253.58,0,PARQUE METROPOLITANO EL COUNTRY,1529.64,0,0.29,,0.33,1.5,0.0,,0.04,999.93,0.0
717-M2297100,APARTAMENTO,VENTA,20.62,145.0,3.0,3.0,3921395.93,2.0,SANTA BARBARA,6,ENTRE 5 Y 10 ANOS,4.7,-74.04,USADO,,0,0,0,0,0,0,0,0,0,1,False,USAQUEN,SANTA BARBARA CENTRAL I SECTOR,Pepe Sierra,1742.33,0,PARQUE METROPOLITANO EL COUNTRY,744.22,0,0.14,,0.67,1.0,0.0,,0.02,620.63,0.0
2564-M3060206,APARTAMENTO,VENTA,19.97,55.0,2.0,2.0,690000.0,1.0,CENTRO NARINO,4,ENTRE 5 Y 10 ANOS,4.63,-74.09,USADO,,0,1,0,0,1,0,0,0,0,1,False,TEUSAQUILLO,QUINTA PAREDES,Recinto Ferial,182.73,1,PARQUE VECINAL SANTA CLARA,721.41,0,0.36,,0.5,1.0,0.0,,0.04,1021.88,0.0
38-M2803898,APARTAMENTO,VENTA,21.12,130.0,2.0,3.0,750000.0,2.0,CHICO,5,ENTRE 0 Y 5 ANOS,4.68,-74.06,USADO,,0,1,0,1,1,1,1,0,0,1,False,CHAPINERO,S.C. EL CHICO,Virrey,178.88,1,PARQUE VECINAL URBANIZACIÓN NORMANDIA I II II Y IV SECTOR,225.1,1,0.16,,1.0,0.67,0.0,,0.02,451.92,1.0
2162-M2708357,APARTAMENTO,VENTA,20.62,127.0,3.0,3.0,722000.0,2.0,SANTA BARBARA,6,ENTRE 5 Y 10 ANOS,4.7,-74.04,USADO,,0,1,0,1,1,1,0,0,0,1,False,USAQUEN,SANTA BARBARA CENTRAL I SECTOR,Pepe Sierra,2006.15,0,PARQUE METROPOLITANO EL COUNTRY,754.49,0,0.16,,0.67,1.0,0.0,,0.02,575.23,0.0
5588-I1873555,APARTAMENTO,VENTA Y ARRIENDO,20.61,140.0,3.0,3.0,1187000.0,1.0,CHICO,6,MAS DE 20 ANOS,4.65,-74.05,USADO,7000000.0,0,1,0,0,1,0,0,0,0,1,False,CHAPINERO,S.C. BELLAVISTA,Calle 72,1172.65,0,PARQUE ZONAL GUSTAVO URIBE BOTERO,350.97,1,0.15,50000.0,0.33,1.0,0.0,5.9,0.02,415.37,2.0
2359-1039381,APARTAMENTO,VENTA,20.53,150.0,4.0,4.0,824000000.0,2.0,CHICO,6,MAS DE 20 ANOS,4.66,-74.05,USADO,,0,1,0,0,1,1,0,0,0,0,False,CHAPINERO,CONJUNTO HOTELERO LOS ROSALES,Calle 72,1626.01,0,PARQUE ZONAL GUSTAVO URIBE BOTERO,764.92,0,0.14,,0.5,1.0,0.0,,0.03,874.55,0.0
2671-6935,APARTAMENTO,VENTA,21.47,258.0,4.0,5.0,1340000.0,3.0,CHICO,6,ENTRE 10 Y 20 ANOS,4.68,-74.04,USADO,,0,1,0,1,1,1,0,0,0,1,False,CHAPINERO,S.C. CHICO NORTE,Virrey,1556.95,0,PARQUE VECINAL URBANIZACIÓN LA CABRERA,970.05,0,0.08,,0.75,0.8,0.0,,0.02,365.08,1.0
2529-M4485878,APARTAMENTO,VENTA,20.29,85.79,3.0,2.0,360000.0,1.0,COLINA Y ALREDEDORES,5,ENTRE 5 Y 10 ANOS,4.72,-74.06,USADO,,0,0,0,1,1,1,1,0,0,1,False,SUBA,SAN JOSE DEL PRADO - URB. ECHEVERRIA,Alcalá,1140.91,0,PARQUE VECINAL PRADO PINZÓN,802.87,0,0.24,,0.33,1.5,0.0,,0.03,263.66,1.0
11013-M4295622,APARTAMENTO,VENTA,21.56,263.0,3.0,4.0,1500000.0,3.0,CHICO,6,ENTRE 5 Y 10 ANOS,4.67,-74.05,USADO,,0,1,0,1,1,1,0,0,0,1,False,CHAPINERO,S.C. EL CHICO,Calle 85,1401.27,0,PARQUE VECINAL URBANIZACIÓN LA CABRERA,426.83,1,0.08,,1.0,0.75,0.0,,0.01,340.72,1.0
11203-M3952371,APARTAMENTO,VENTA,20.05,43.34,1.0,1.0,3921395.93,1.0,CEDRITOS,4,ENTRE 0 Y 5 ANOS,4.72,-74.03,USADO,,0,0,0,1,1,1,0,0,0,1,False,USAQUEN,LOS CEDROS ORIENTAL,Calle 142,2515.89,0,PARQUE VECINAL NUEVA URBANIZACIÓN EL CEDRITO,596.15,0,0.46,,1.0,1.0,0.0,,0.02,761.66,0.0
3115-M2565591,APARTAMENTO,VENTA,19.51,60.0,2.0,2.0,394000.0,1.0,CEDRITOS,4,MAS DE 20 ANOS,4.73,-74.05,USADO,,0,0,0,0,1,1,0,0,0,1,False,USAQUEN,LAS_MARGARITAS,Calle 146,170.81,1,PARQUE VECINAL PRADO PINZÓN,705.93,0,0.33,,0.5,1.0,0.0,,0.03,1063.2,0.0
14271-M4703531,APARTAMENTO,VENTA,19.34,26.0,1.0,1.0,300000.0,0.0,CHAPINERO ALTO,3,ENTRE 0 Y 5 ANOS,4.64,-74.06,USADO,,0,0,0,1,1,1,0,0,0,1,False,CHAPINERO,S.C. CHAPINERO CENTRAL,Calle 57,202.82,1,PARQUE ZONAL GUSTAVO URIBE BOTERO,1546.07,0,0.74,,0.0,1.0,0.0,,0.04,1122.81,0.0
3340-M2776675,APARTAMENTO,VENTA,20.01,67.51,1.0,2.0,371000.0,2.0,SANTA BARBARA,5,ENTRE 0 Y 5 ANOS,4.7,-74.05,USADO,,0,1,0,1,0,1,0,0,0,0,False,USAQUEN,SANTA BARBARA OCCIDENTAL,Calle 127,641.53,0,PARQUE METROPOLITANO EL COUNTRY,1230.37,0,0.3,,2.0,0.5,0.0,,0.01,465.75,1.0
898-M2473777,APARTAMENTO,VENTA,19.34,53.0,3.0,2.0,136000.0,1.0,CORTIJO AUTOPISTA MEDELLIN,2,ENTRE 10 Y 20 ANOS,4.72,-74.09,USADO,,0,0,0,0,0,1,0,0,0,1,False,SUBA,URB. ALTOS DE SAN JORGE,Suba - AV. Boyacá,1690.38,0,PARQUE METROPOLITANO CEFE COMETAS,920.5,0,0.36,,0.33,1.5,0.0,,0.06,2069.36,0.0
770-M3064895,APARTAMENTO,VENTA,20.71,180.0,3.0,4.0,750000.0,2.0,SANTA BARBARA,6,MAS DE 20 ANOS,4.7,-74.04,USADO,,0,1,0,1,1,1,0,0,0,1,False,USAQUEN,SANTA BARBARA CENTRAL I SECTOR,Calle 127,2078.91,0,PARQUE METROPOLITANO EL COUNTRY,537.37,0,0.12,,0.67,0.75,0.0,,0.02,601.59,0.0
839-M3667161,APARTAMENTO,VENTA,21.33,184.0,3.0,5.0,1050000.0,3.0,CHAPINERO ALTO,5,ENTRE 5 Y 10 ANOS,4.64,-74.06,USADO,,0,1,0,1,1,1,0,0,0,1,False,CHAPINERO,INGEMAR - ARBOS II,Marly,882.59,0,PARQUE ZONAL GUSTAVO URIBE BOTERO,1588.71,0,0.12,,1.0,0.6,0.0,,0.02,996.96,0.0
2709-M3361948,APARTAMENTO,VENTA,20.72,118.0,2.0,3.0,680000.0,2.0,CHICO,6,ENTRE 5 Y 10 ANOS,4.68,-74.06,USADO,,0,0,0,1,1,0,0,0,0,1,False,CHAPINERO,S.C. CHICO NORTE,Calle 100 - Marketmedios,448.66,1,PARQUE VECINAL URBANIZACIÓN NORMANDIA I II II Y IV SECTOR,546.75,0,0.18,,1.0,0.67,0.0,,0.02,116.29,1.0
2355-M2083031,APARTAMENTO,VENTA,21.1,244.0,3.0,3.0,1100000.0,3.0,CHICO,6,MAS DE 20 ANOS,4.65,-74.05,USADO,,0,1,0,0,0,0,0,0,0,1,False,CHAPINERO,S.C. LAS ACACIAS,Flores – Areandina,1523.81,0,PARQUE ZONAL GUSTAVO URIBE BOTERO,287.69,1,0.09,,1.0,1.0,0.0,,0.01,692.94,0.0
5588-M2706826,APARTAMENTO,VENTA,20.56,110.0,3.0,3.0,860000.0,2.0,CHAPINERO ALTO,5,ENTRE 5 Y 10 ANOS,4.64,-74.06,USADO,,0,1,0,0,1,0,0,0,0,1,False,CHAPINERO,S.C INGEMAR,Calle 57,1059.71,0,PARQUE ZONAL GUSTAVO URIBE BOTERO,1131.36,0,0.19,,0.67,1.0,0.0,,0.03,1203.04,0.0
10082-M3347799,APARTAMENTO,VENTA,21.16,200.0,3.0,3.0,1886000.0,4.0,CHICO,6,ENTRE 10 Y 20 ANOS,4.67,-74.04,USADO,,0,1,0,0,1,0,0,0,0,1,False,CHAPINERO,EL REFUGIO,Calle 85,1845.74,0,PARQUE VECINAL URBANIZACIÓN LA CABRERA,788.53,0,0.11,,1.33,1.0,0.0,,0.02,756.1,0.0
754-M4141908,APARTAMENTO,VENTA,20.7,208.97,4.0,5.0,1100000.0,4.0,NIZA ALHAMBRA,5,ENTRE 10 Y 20 ANOS,4.69,-74.06,USADO,,0,0,0,0,1,1,0,0,0,1,False,SUBA,S.C. PASADENA,Suba - Calle 100,572.94,0,PARQUE ZONAL CANAL CORDOBA,1006.86,0,0.1,,1.0,0.8,0.0,,0.02,664.58,0.0
770-M3663134,APARTAMENTO,VENTA,21.06,230.0,2.0,2.0,840000.0,2.0,COUNTRY,6,MAS DE 20 ANOS,4.72,-74.04,USADO,,0,1,0,0,1,0,0,0,0,1,True,USAQUEN,NUEVO COUNTRY,Prado,1280.17,0,PARQUE VECINAL NUEVA URBANIZACIÓN EL CEDRITO,1187.05,0,0.09,,1.0,1.0,0.0,,0.01,577.7,0.0
3519-M2915219,APARTAMENTO,VENTA,19.88,56.25,1.0,2.0,359361.0,1.0,SANTA BARBARA,6,ENTRE 5 Y 10 ANOS,4.69,-74.05,USADO,,0,0,0,0,1,0,0,0,0,1,False,USAQUEN,SANTA BIBIANA,Calle 106,801.77,0,PARQUE VECINAL URBANIZACIÓN NORMANDIA I II II Y IV SECTOR,1737.97,0,0.35,,1.0,0.5,0.0,,0.02,466.11,1.0
2359-M2072790,APARTAMENTO,VENTA,19.63,40.0,1.0,1.0,235000.0,1.0,CENTRO Y ZONA COLONIAL,3,ENTRE 0 Y 5 ANOS,4.61,-74.07,USADO,,0,0,0,1,1,0,0,0,0,1,False,SANTA FE,LAS NIEVES,Universidades,282.31,1,PARQUE METROPOLITANO INDEPENDENCIA BICENTENARIO,789.77,0,0.49,,1.0,1.0,0.0,,0.02,359.72,2.0
5588-M2636974,APARTAMENTO,VENTA,19.67,42.0,1.0,1.0,347000.0,1.0,CENTRO Y ZONA COLONIAL,4,ENTRE 0 Y 5 ANOS,4.61,-74.07,USADO,,0,0,0,1,1,0,0,0,0,1,False,SANTA FE,LAS NIEVES,San Diego,409.1,1,PARQUE METROPOLITANO INDEPENDENCIA BICENTENARIO,572.62,0,0.47,,1.0,1.0,0.0,,0.02,519.93,0.0
3666-M2015026,APARTAMENTO,VENTA,20.91,165.0,3.0,3.0,988000.0,2.0,CERROS DE SUBA,6,MAS DE 20 ANOS,4.71,-74.08,USADO,,0,1,0,0,0,1,0,0,0,1,False,SUBA,NIZA SUBA - EL BALCON DE LINDARAJA,Niza - Calle 127,994.63,0,PARQUE METROPOLITANO CEFE COMETAS,254.55,1,0.13,,0.67,1.0,0.0,,0.02,1025.97,0.0
16175-M4482310,APARTAMENTO,VENTA,19.61,60.0,2.0,2.0,370000.0,1.0,CHAPINERO ALTO,3,MAS DE 20 ANOS,4.64,-74.06,USADO,,0,0,0,0,1,0,0,0,0,1,False,CHAPINERO,S.C. CHAPINERO CENTRAL,Calle 57,347.24,1,PARQUE ZONAL GUSTAVO URIBE BOTERO,1435.35,0,0.33,,0.5,1.0,0.0,,0.03,1126.02,0.0
3074-M4039335,APARTAMENTO,VENTA,19.74,65.0,3.0,2.0,380000.0,1.0,COLINA Y ALREDEDORES,3,ENTRE 5 Y 10 ANOS,4.72,-74.06,USADO,,0,0,0,1,1,1,0,0,0,1,False,SUBA,S.C. PRADO VERANIEGO NORTE,Prado,998.59,0,PARQUE ZONAL ATABANZA,892.03,0,0.3,,0.33,1.5,0.0,,0.05,717.22,0.0
4660-M4635131,APARTAMENTO,VENTA,21.13,155.0,3.0,3.0,1347000.0,2.0,CHICO,6,ENTRE 5 Y 10 ANOS,4.68,-74.06,USADO,,0,1,0,0,1,0,0,0,0,1,False,CHAPINERO,S.C. EL CHICO,Virrey,112.2,1,PARQUE VECINAL URBANIZACIÓN NORMANDIA I II II Y IV SECTOR,144.29,1,0.14,,0.67,1.0,0.0,,0.02,532.89,0.0
14996-M4023848,APARTAMENTO,VENTA,19.97,80.0,3.0,2.0,354000000.0,1.0,SALITRE MODELIA,4,ENTRE 10 Y 20 ANOS,4.66,-74.11,USADO,,0,1,0,0,1,1,0,0,0,1,False,FONTIBON,MODELIA,Normandía,512.3,0,PARQUE ZONAL CANAL BOYACA,479.08,1,0.25,,0.33,1.5,0.0,,0.04,713.07,0.0
410-M3746599,APARTAMENTO,VENTA,19.98,94.16,3.0,2.0,150000.0,0.0,FONTIBON TINTAL,3,ENTRE 0 Y 5 ANOS,4.67,-74.14,USADO,,0,0,0,0,1,0,0,0,0,1,False,FONTIBON,VILLEMAR,Portal El Dorado,2557.26,0,PARQUE VECINAL VILLA HELENA VILLEMAR,415.28,1,0.21,,0.0,1.5,0.0,,0.03,1103.3,0.0
815-M4048147,APARTAMENTO,VENTA,20.47,108.0,3.0,3.0,501000.0,2.0,COLINA Y ALREDEDORES,4,ENTRE 5 Y 10 ANOS,4.72,-74.07,USADO,,0,0,0,1,1,1,0,0,0,1,False,SUBA,CIUDAD JARDIN NORTE,Suba - AV. Boyacá,195.52,1,PARQUE VECINAL AGRUPACIÓN DE VIVIENDA EN BALCON DE LINDARAJA,1019.52,0,0.19,,0.67,1.0,0.0,,0.03,1022.53,0.0
14271-M4703314,APARTAMENTO,VENTA,19.84,85.0,3.0,2.0,240000.0,1.0,COLINA Y ALREDEDORES,4,ENTRE 10 Y 20 ANOS,4.74,-74.07,USADO,,0,1,0,0,1,1,1,0,0,1,False,SUBA,CASABLANCA (HACIENDA),Gratamira,1760.95,0,PARQUE ZONAL EL TOMILLAR,827.07,0,0.23,,0.33,1.5,0.0,,0.04,814.88,0.0
2456-857262,APARTAMENTO,VENTA,20.44,150.0,3.0,4.0,380000.0,2.0,COLINA Y ALREDEDORES,4,ENTRE 0 Y 5 ANOS,4.74,-74.06,USADO,,1,1,0,1,1,1,1,0,0,1,False,SUBA,URB. LA SIRENA,Mazurén,1701.86,0,PARQUE VECINAL DESARROLLO CANTALEJO URBANIZACIÓN CANTALEJO MANZANA B,796.06,0,0.14,,0.67,0.75,0.0,,0.02,767.68,0.0
2731-1382353,APARTAMENTO,VENTA Y ARRIENDO,21.53,275.0,3.0,5.0,1090000.0,3.0,CEDRITOS,6,ENTRE 5 Y 10 ANOS,4.72,-74.03,USADO,12000000.0,0,0,0,1,1,1,0,0,0,1,False,USAQUEN,SIERRAS DEL MORAL,Calle 142,2739.68,0,PARQUE VECINAL NUEVA URBANIZACIÓN EL CEDRITO,831.89,0,0.08,43636.36,1.0,0.6,0.0,11.01,0.01,629.41,0.0
2456-1431678,APARTAMENTO,VENTA,20.47,140.0,3.0,4.0,400000.0,2.0,COLINA Y ALREDEDORES,4,ENTRE 5 Y 10 ANOS,4.74,-74.06,USADO,,1,1,0,1,1,1,1,0,0,1,False,SUBA,URB. LA SIRENA,Mazurén,1525.13,0,PARQUE VECINAL DESARROLLO CANTALEJO URBANIZACIÓN CANTALEJO MANZANA B,880.45,0,0.15,,0.67,0.75,0.0,,0.02,611.03,0.0
165-735738,APARTAMENTO,VENTA,21.37,204.0,3.0,4.0,1500000.0,4.0,CHICO,4,ENTRE 10 Y 20 ANOS,4.68,-74.04,USADO,,0,0,0,0,0,1,0,0,0,1,False,CHAPINERO,CHICO RESERVADO,Calle 100 - Marketmedios,1823.15,0,PARQUE VECINAL URBANIZACIÓN LA CABRERA,1307.0,0,0.1,,1.33,0.75,0.0,,0.01,314.69,2.0
754-M2756092,APARTAMENTO,VENTA,20.43,115.0,2.0,2.0,1214000.0,2.0,CHICO,6,ENTRE 10 Y 20 ANOS,4.66,-74.05,USADO,,0,1,0,0,0,1,0,0,0,1,False,CHAPINERO,S.C. BELLAVISTA,Calle 72,1184.98,0,PARQUE ZONAL GUSTAVO URIBE BOTERO,513.42,0,0.18,,1.0,1.0,0.0,,0.02,443.58,1.0
482-M2646963,APARTAMENTO,VENTA,20.86,108.0,3.0,3.0,975000.0,4.0,SANTA BARBARA,6,ENTRE 10 Y 20 ANOS,4.7,-74.04,USADO,,0,0,0,1,1,1,0,0,0,1,False,USAQUEN,SANTA BARBARA OCCIDENTAL,Calle 127,1207.74,0,PARQUE METROPOLITANO EL COUNTRY,826.5,0,0.19,,1.33,1.0,0.0,,0.03,432.25,2.0
770-M3194845,APARTAMENTO,VENTA,20.17,115.0,3.0,3.0,1050000.0,2.0,SANTA BARBARA,6,MAS DE 20 ANOS,4.69,-74.04,USADO,,0,1,0,0,1,0,0,0,0,1,False,USAQUEN,SANTA BARBARA CENTRAL II SECTOR,Pepe Sierra,1957.76,0,PARQUE METROPOLITANO EL COUNTRY,1156.44,0,0.18,,0.67,1.0,0.0,,0.03,411.04,1.0
2456-M2138031,APARTAMENTO,VENTA,20.65,145.0,3.0,3.0,420000.0,2.0,COLINA Y ALREDEDORES,5,ENTRE 0 Y 5 ANOS,4.74,-74.06,USADO,,1,1,0,1,1,1,1,0,0,0,False,SUBA,CAMPOS DE SILENCIO,Calle 161,872.11,0,PARQUE VECINAL DESARROLLO CANTALEJO URBANIZACIÓN CANTALEJO MANZANA B,206.31,1,0.14,,0.67,1.0,0.0,,0.02,1572.65,0.0
3282-M2307034,APARTAMENTO,VENTA,20.44,124.0,3.0,4.0,1260000.0,2.0,COUNTRY,5,ENTRE 0 Y 5 ANOS,4.72,-74.03,USADO,,0,0,0,0,1,0,0,0,0,1,False,USAQUEN,CEDRITOS,Alcalá,1959.22,0,PARQUE VECINAL NUEVA URBANIZACIÓN EL CEDRITO,658.1,0,0.16,,0.67,0.75,0.0,,0.02,440.63,1.0
2731-M1967671,APARTAMENTO,VENTA,21.31,220.0,3.0,3.0,1300000.0,2.0,CHICO,6,REMODELADO,4.67,-74.05,USADO,,0,1,0,0,0,1,0,0,0,1,False,CHAPINERO,S.C. CHICO NORTE,Virrey,1484.55,0,PARQUE VECINAL URBANIZACIÓN LA CABRERA,677.83,0,0.1,,0.67,1.0,0.0,,0.01,402.12,1.0
839-M2911309,APARTAMENTO,VENTA,20.66,97.0,2.0,3.0,1017000.0,2.0,CHICO,5,ENTRE 5 Y 10 ANOS,4.66,-74.05,USADO,,0,0,0,0,1,0,0,0,0,1,False,CHAPINERO,S.C. EL NOGAL,Calle 76 - San Felipe,935.22,0,PARQUE ZONAL SAN ANDRÉS,526.84,0,0.21,,1.0,0.67,0.0,,0.02,461.14,1.0
3390-M2822889,APARTAMENTO,VENTA,20.52,95.0,2.0,3.0,890000.0,2.0,CHICO,5,ENTRE 5 Y 10 ANOS,4.68,-74.05,USADO,,0,0,0,0,1,1,0,0,0,1,True,CHAPINERO,S.C. CHICO NORTE,Virrey,1272.91,0,PARQUE ZONAL CANAL EL VIRREY EL CHICO,867.53,0,0.22,,1.0,0.67,0.0,,0.02,174.6,2.0
3390-M4040440,APARTAMENTO,VENTA,21.31,250.0,3.0,4.0,1663000.0,3.0,SANTA BARBARA,5,MAS DE 20 ANOS,4.7,-74.05,USADO,,0,0,0,1,0,1,0,0,0,1,False,USAQUEN,SANTA BARBARA OCCIDENTAL,Calle 127,896.63,0,PARQUE METROPOLITANO EL COUNTRY,1041.53,0,0.09,,1.0,0.75,0.0,,0.01,333.82,1.0
3390-M4102714,APARTAMENTO,VENTA,21.47,312.0,4.0,5.0,2040000.0,4.0,CHICO,6,MAS DE 20 ANOS,4.68,-74.04,USADO,,0,0,0,1,0,1,0,0,0,1,False,CHAPINERO,CHICO RESERVADO,Calle 100 - Marketmedios,1740.96,0,PARQUE VECINAL URBANIZACIÓN LA CABRERA,1268.68,0,0.07,,1.0,0.8,0.0,,0.01,342.85,2.0
754-M1453578,APARTAMENTO,VENTA,21.82,400.0,5.0,5.0,960000.0,3.0,COUNTRY,6,ENTRE 10 Y 20 ANOS,4.71,-74.04,USADO,,0,0,0,0,0,0,0,0,0,1,False,USAQUEN,LA_CAROLINA,Prado,1403.7,0,PARQUE METROPOLITANO EL COUNTRY,545.67,0,0.05,,0.6,1.0,0.0,,0.01,581.35,0.0
917-M2360457,APARTAMENTO,VENTA Y ARRIENDO,21.31,287.0,3.0,5.0,1000000.0,4.0,SANTA BARBARA,6,MAS DE 20 ANOS,4.69,-74.03,USADO,7200000.0,0,1,0,0,1,1,0,0,0,1,False,USAQUEN,SANTA ANA ORIENTAL,Calle 106,2707.0,0,PARQUE METROPOLITANO EL COUNTRY,1787.66,0,0.07,25087.11,1.33,0.6,0.0,7.2,0.01,295.18,2.0
2559-M2783444,APARTAMENTO,VENTA,19.96,50.0,1.0,2.0,240000.0,1.0,CENTRO INTERNACIONAL,3,ENTRE 0 Y 5 ANOS,4.62,-74.07,USADO,,0,0,0,1,1,0,0,0,0,1,False,SANTA FE,SAN_MARTIN,Museo Nacional,461.11,1,PARQUE METROPOLITANO INDEPENDENCIA BICENTENARIO,681.92,0,0.4,,1.0,0.5,0.0,,0.02,364.45,3.0
3507-M3800044,APARTAMENTO,VENTA,19.01,60.0,3.0,3.0,3921395.93,0.0,RAFAEL URIBE URIBE TUNJUELITO,2,MAS DE 20 ANOS,4.52,-74.12,USADO,,0,0,0,0,0,0,0,0,0,0,False,USME,LA AURORA_,Portal Usme,1018.23,0,PARQUE ZONAL LA AURORA II,325.64,1,0.32,,0.0,1.0,0.0,,0.05,6147.04,0.0
2559-1428292,APARTAMENTO,VENTA,21.51,372.0,4.0,4.0,690000.0,4.0,SANTA BARBARA,6,MAS DE 20 ANOS,4.69,-74.05,USADO,,1,1,0,0,0,0,0,0,0,1,False,USAQUEN,SANTA BIBIANA,Calle 100 - Marketmedios,609.37,0,PARQUE VECINAL URBANIZACIÓN NORMANDIA I II II Y IV SECTOR,1252.31,0,0.06,,1.0,1.0,0.0,,0.01,482.64,1.0
2453-M2517777,APARTAMENTO,VENTA,21.28,182.0,3.0,5.0,1000000.0,2.0,SANTA BARBARA,6,ENTRE 0 Y 5 ANOS,4.7,-74.03,USADO,,0,1,1,1,1,1,1,0,0,1,False,USAQUEN,LOS ALPES II SECTOR,Calle 127,2974.68,0,PARQUE METROPOLITANO EL COUNTRY,1284.52,0,0.12,,0.67,0.6,0.0,,0.02,625.53,0.0
675-M2577970,APARTAMENTO,VENTA,19.99,107.0,3.0,3.0,513000.0,2.0,CEDRITOS,4,ENTRE 10 Y 20 ANOS,4.74,-74.04,USADO,,0,1,1,1,1,1,1,0,0,1,False,USAQUEN,LA LIBERIA,Mazurén,1280.19,0,PARQUE ZONAL LA VIDA,353.15,1,0.19,,0.67,1.0,0.0,,0.03,800.25,0.0
2456-1107938,APARTAMENTO,VENTA,20.31,132.0,3.0,4.0,400000.0,2.0,COLINA Y ALREDEDORES,5,ENTRE 5 Y 10 ANOS,4.73,-74.06,USADO,,1,1,0,1,1,1,0,0,0,0,False,SUBA,EL PINAR,Calle 146,1212.1,0,PARQUE VECINAL URBANIZACIÓN LA LAGUNA,701.93,0,0.15,,0.67,0.75,0.0,,0.02,689.14,0.0
450-M2490679,APARTAMENTO,VENTA,20.91,149.0,3.0,3.0,750000.0,2.0,SANTA BARBARA,6,ENTRE 10 Y 20 ANOS,4.7,-74.03,USADO,,0,0,0,1,1,1,0,0,0,1,False,USAQUEN,S.C. SAN NORTE,Calle 127,3120.36,0,PARQUE METROPOLITANO EL COUNTRY,1390.98,0,0.14,,0.67,1.0,0.0,,0.02,897.48,0.0
252-M2725720,APARTAMENTO,VENTA,20.34,82.0,3.0,2.0,540000.0,1.0,NIZA ALHAMBRA,4,ENTRE 0 Y 5 ANOS,4.7,-74.07,USADO,,0,0,0,1,1,1,0,0,0,1,True,SUBA,NIZA SUR,Humedal Córdoba,376.52,1,PARQUE ZONAL MORATO,742.16,0,0.25,,0.33,1.5,0.0,,0.04,788.62,0.0
717-M1327218,APARTAMENTO,VENTA,21.16,300.0,4.0,5.0,950000.0,3.0,SANTA BARBARA,6,ENTRE 10 Y 20 ANOS,4.7,-74.05,USADO,,0,0,0,0,0,0,0,0,0,1,False,USAQUEN,SANTA BARBARA OCCIDENTAL,Calle 127,399.98,1,PARQUE ZONAL ATABANZA,997.78,0,0.07,,0.75,0.8,0.0,,0.01,255.34,5.0
5395-M3159272,APARTAMENTO,VENTA,21.12,152.0,3.0,5.0,630000.0,2.0,CHICO,6,ENTRE 0 Y 5 ANOS,4.68,-74.05,USADO,,0,1,0,0,1,0,0,0,0,1,False,CHAPINERO,S.C. CHICO NORTE,Virrey,748.81,0,PARQUE ZONAL CANAL EL VIRREY EL CHICO,577.56,0,0.14,,0.67,0.6,0.0,,0.02,223.91,2.0
2731-M2508789,APARTAMENTO,VENTA,20.29,107.0,3.0,2.0,500000.0,2.0,NIZA ALHAMBRA,5,ENTRE 0 Y 5 ANOS,4.7,-74.05,USADO,,0,0,0,0,1,0,0,0,0,1,False,SUBA,EL BATAN,Calle 127,119.47,1,PARQUE ZONAL ATABANZA,733.58,0,0.19,,0.67,1.5,0.0,,0.03,256.96,5.0
2469-M2523947,APARTAMENTO,VENTA,20.56,171.0,2.0,4.0,1090000.0,1.0,CHICO,6,MAS DE 20 ANOS,4.67,-74.04,USADO,,0,0,0,0,1,1,0,0,0,1,False,CHAPINERO,EL REFUGIO,Héroes - Gel´Hada,1739.64,0,PARQUE VECINAL URBANIZACIÓN LA CABRERA,788.0,0,0.12,,0.5,0.5,0.0,,0.01,783.57,0.0
14271-M4208528,APARTAMENTO,VENTA,20.15,106.0,1.0,2.0,380000.0,1.0,CEDRITOS,6,ENTRE 10 Y 20 ANOS,4.72,-74.03,USADO,,0,0,0,0,1,1,0,0,0,1,False,USAQUEN,SIERRAS DEL MORAL,Calle 142,2736.24,0,PARQUE VECINAL NUEVA URBANIZACIÓN EL CEDRITO,829.1,0,0.19,,1.0,0.5,0.0,,0.01,624.56,0.0
14271-M4676865,APARTAMENTO,VENTA,20.48,149.0,3.0,2.0,585000.0,2.0,COLINA Y ALREDEDORES,4,ENTRE 10 Y 20 ANOS,4.72,-74.06,USADO,,0,0,0,1,1,1,0,0,0,1,False,SUBA,SAN RAFAEL NORTE,Alcalá,1064.87,0,PARQUE VECINAL PRADO PINZÓN,890.43,0,0.14,,0.67,1.5,0.0,,0.02,150.69,1.0
5031-10890,APARTAMENTO,VENTA,21.31,0.0,2.0,1.0,3921395.93,2.0,CHICO,6,ENTRE 0 Y 5 ANOS,4.66,-74.05,USADO,,0,0,0,1,0,0,0,0,0,1,False,CHAPINERO,S.C. EL NOGAL,Calle 76 - San Felipe,1142.68,0,PARQUE ZONAL SAN ANDRÉS,432.46,1,inf,,1.0,2.0,0.0,,inf,625.04,0.0
14271-M4477947,APARTAMENTO,VENTA,21.24,307.0,3.0,4.0,1970000.0,3.0,CHICO,6,MAS DE 20 ANOS,4.66,-74.05,USADO,,0,1,0,1,0,1,0,0,0,0,False,CHAPINERO,S.C. BELLAVISTA,Calle 72,1218.94,0,PARQUE ZONAL GUSTAVO URIBE BOTERO,778.51,0,0.07,,1.0,0.75,0.0,,0.01,480.55,1.0
14271-M4705429,APARTAMENTO,VENTA,19.34,26.0,1.0,1.0,300000.0,0.0,CHAPINERO ALTO,3,ENTRE 0 Y 5 ANOS,4.64,-74.06,USADO,,0,0,0,1,1,1,0,0,0,1,False,CHAPINERO,S.C. CHAPINERO CENTRAL,Calle 57,381.65,1,PARQUE ZONAL GUSTAVO URIBE BOTERO,1478.37,0,0.74,,0.0,1.0,0.0,,0.04,1119.74,0.0
3390-M4141280,APARTAMENTO,VENTA,20.96,165.0,3.0,2.0,1084000.0,2.0,CHICO,6,MAS DE 20 ANOS,4.66,-74.05,USADO,,0,0,0,1,0,1,0,0,0,1,False,CHAPINERO,S.C. EL NOGAL,Héroes - Gel´Hada,1196.7,0,PARQUE ZONAL SAN ANDRÉS,228.94,1,0.13,,0.67,1.5,0.0,,0.02,409.91,2.0
2536-M3364791,APARTAMENTO,VENTA,20.32,160.0,3.0,3.0,100000.0,2.0,METROPOLIS,4,REMODELADO,4.67,-74.09,USADO,,0,0,0,0,0,1,0,0,0,1,False,BARRIOS UNIDOS,J.J. VARGAS - JOSE JOAQUIN VARGAS,Carrera 53,1409.99,0,PARQUE VECINAL URBANIZACIÓN METROPOLIS,627.97,0,0.13,,0.67,1.0,0.0,,0.02,277.61,1.0
14271-M4270278,APARTAMENTO,VENTA,20.39,134.0,3.0,4.0,570000.0,2.0,COLINA Y ALREDEDORES,5,ENTRE 10 Y 20 ANOS,4.73,-74.06,USADO,,1,1,0,1,1,1,1,0,0,1,False,SUBA,COLPATRIA SANTA HELENA II SECTOR,Calle 146,1350.95,0,PARQUE VECINAL URBANIZACIÓN LA LAGUNA,895.51,0,0.15,,0.67,0.75,0.0,,0.02,531.28,0.0
717-M1599902,APARTAMENTO,VENTA,20.86,203.0,3.0,5.0,950000.0,2.0,SANTA BARBARA,6,ENTRE 5 Y 10 ANOS,4.69,-74.05,USADO,,0,0,0,1,0,0,0,0,0,1,False,USAQUEN,SANTA BIBIANA,Calle 106,435.27,1,PARQUE VECINAL URBANIZACIÓN NORMANDIA I II II Y IV SECTOR,1481.6,0,0.1,,0.67,0.6,0.0,,0.01,754.04,0.0
3390-M3191097,APARTAMENTO,VENTA,21.13,162.0,2.0,3.0,715000.0,2.0,CHICO,6,ENTRE 10 Y 20 ANOS,4.68,-74.05,USADO,,0,1,0,1,1,1,0,0,0,1,False,CHAPINERO,S.C. CHICO NORTE,Virrey,1430.36,0,PARQUE VECINAL URBANIZACIÓN LA CABRERA,980.94,0,0.13,,1.0,0.67,0.0,,0.01,260.69,2.0
2456-1453119,APARTAMENTO,VENTA,20.37,132.0,3.0,4.0,450000.0,2.0,COLINA Y ALREDEDORES,5,ENTRE 5 Y 10 ANOS,4.73,-74.06,USADO,,0,1,0,1,1,1,0,0,0,0,False,SUBA,EL PINAR,Calle 146,1233.46,0,PARQUE VECINAL URBANIZACIÓN LA LAGUNA,701.82,0,0.15,,0.67,0.75,0.0,,0.02,683.78,0.0
717-M1491557,APARTAMENTO,VENTA,20.64,128.0,3.0,3.0,518000.0,2.0,CHICO,6,ENTRE 0 Y 5 ANOS,4.68,-74.05,USADO,,0,0,0,1,0,1,0,0,0,1,False,CHAPINERO,S.C. CHICO NORTE III SECTOR,Calle 100 - Marketmedios,846.72,0,PARQUE ZONAL CANAL EL VIRREY EL CHICO,993.91,0,0.16,,0.67,1.0,0.0,,0.02,267.25,3.0
2456-931063,APARTAMENTO,VENTA,20.52,142.0,3.0,4.0,550000.0,2.0,COLINA Y ALREDEDORES,4,ENTRE 0 Y 5 ANOS,4.72,-74.06,USADO,,1,1,0,1,1,1,1,0,0,1,False,SUBA,SAN RAFAEL NORTE,Alcalá,1010.71,0,PARQUE VECINAL PRADO PINZÓN,762.27,0,0.14,,0.67,0.75,0.0,,0.02,234.93,1.0
800-M2644476,APARTAMENTO,VENTA,20.72,123.0,2.0,2.0,750000.0,2.0,CHICO,5,ENTRE 10 Y 20 ANOS,4.68,-74.05,USADO,,0,0,0,0,0,1,0,0,0,0,False,CHAPINERO,S.C. CHICO NORTE III SECTOR,Calle 100 - Marketmedios,912.74,0,PARQUE ZONAL CANAL EL VIRREY EL CHICO,1135.77,0,0.17,,1.0,1.0,0.0,,0.02,178.94,2.0
3036-1239137,APARTAMENTO,VENTA,20.68,143.0,3.0,3.0,562000.0,3.0,SANTA BARBARA,6,ENTRE 5 Y 10 ANOS,4.69,-74.05,USADO,,0,0,0,0,1,1,0,0,0,1,False,USAQUEN,SANTA BIBIANA,Calle 106,486.48,1,PARQUE ZONAL CANAL CORDOBA,1774.23,0,0.14,,1.0,1.0,0.0,,0.02,375.68,2.0
2456-1392354,APARTAMENTO,VENTA,20.21,112.0,3.0,4.0,350000.0,2.0,COLINA Y ALREDEDORES,4,ENTRE 5 Y 10 ANOS,4.74,-74.06,USADO,,1,1,0,1,1,1,1,0,0,1,False,SUBA,URB. LA SIRENA,Mazurén,1525.13,0,PARQUE VECINAL DESARROLLO CANTALEJO URBANIZACIÓN CANTALEJO MANZANA B,880.45,0,0.18,,0.67,0.75,0.0,,0.03,611.03,0.0
3507-M2421871,APARTAMENTO,VENTA,19.34,60.0,2.0,2.0,180000.0,1.0,FONTIBON TINTAL,4,ENTRE 5 Y 10 ANOS,4.66,-74.13,USADO,,0,0,0,0,1,1,0,0,0,1,False,FONTIBON,URB. PRADO GRANDE,Modelia,2169.24,0,PARQUE VECINAL VILLA HELENA VILLEMAR,984.87,0,0.32,,0.5,1.0,0.0,,0.03,339.05,2.0
754-M3224824,APARTAMENTO,VENTA,21.53,302.0,3.0,4.0,1500000.0,3.0,CHAPINERO ALTO,6,MAS DE 20 ANOS,4.65,-74.05,USADO,,0,1,0,0,1,1,0,0,0,1,False,CHAPINERO,S.C. LAS ACACIAS,Flores – Areandina,1615.64,0,PARQUE ZONAL GUSTAVO URIBE BOTERO,365.57,1,0.07,,1.0,0.75,0.0,,0.01,783.54,0.0
990-M3813545,APARTAMENTO,VENTA,19.55,60.0,2.0,2.0,350000.0,2.0,COLINA Y ALREDEDORES,5,MAS DE 20 ANOS,4.73,-74.07,USADO,,0,1,0,1,1,1,0,0,0,0,False,SUBA,IBERIA PORTOALEGRE,Gratamira,1039.32,0,PARQUE VECINAL PRADO PINZÓN,1277.58,0,0.33,,1.0,1.0,0.0,,0.03,76.17,1.0
2941-M2791513,APARTAMENTO,VENTA,20.29,106.0,3.0,3.0,1090000.0,2.0,CHICO,6,REMODELADO,4.69,-74.06,USADO,,0,1,0,0,1,1,0,0,0,1,False,CHAPINERO,S.C. CHICO NORTE III SECTOR,Calle 100 - Marketmedios,278.28,1,PARQUE VECINAL URBANIZACIÓN NORMANDIA I II II Y IV SECTOR,1026.24,0,0.19,,0.67,1.0,0.0,,0.03,680.66,0.0
450-M3874558,APARTAMENTO,VENTA,19.81,92.0,3.0,2.0,100000.0,1.0,NICOLAS DE FEDERMAN,4,MAS DE 20 ANOS,4.65,-74.08,USADO,,0,0,0,0,0,0,0,0,0,1,False,TEUSAQUILLO,CAMPIN OCCIDENTAL,Campín - UAN,253.41,1,PARQUE ESCENARIO DEPORTIVO EL CAMPINCITO - CEAD,243.19,1,0.22,,0.33,1.5,0.0,,0.03,290.55,1.0
14271-M4500876,APARTAMENTO,VENTA,19.75,59.0,1.0,1.0,419000.0,2.0,SANTA BARBARA,6,ENTRE 10 Y 20 ANOS,4.7,-74.04,USADO,,0,1,0,1,1,0,0,0,0,1,False,USAQUEN,SANTA BARBARA CENTRAL II SECTOR,Pepe Sierra,1804.98,0,PARQUE METROPOLITANO EL COUNTRY,874.7,0,0.33,,2.0,1.0,0.0,,0.02,710.22,0.0
3507-M2130499,APARTAMENTO,VENTA,19.67,143.0,5.0,3.0,3921395.93,2.0,ENGATIVA,3,MAS DE 20 ANOS,4.68,-74.1,USADO,,0,0,0,0,0,0,0,0,0,0,False,ENGATIVA,DORADO_NORTE,Ferias,1970.99,0,PARQUE VECINAL URBANIZACIÓN LA EUROPA,233.42,1,0.14,,0.4,1.67,0.0,,0.03,1348.71,0.0
14271-M3573033,APARTAMENTO,VENTA,20.2,100.0,3.0,4.0,682000.0,2.0,SANTA BARBARA,6,ENTRE 10 Y 20 ANOS,4.69,-74.04,USADO,,0,1,0,0,1,1,0,0,0,1,False,USAQUEN,RINCON DEL CHICO,Calle 100 - Marketmedios,1451.61,0,PARQUE ZONAL CANAL EL VIRREY EL CHICO,1763.62,0,0.2,,0.67,0.75,0.0,,0.03,485.2,1.0
5586-1813311,APARTAMENTO,VENTA,20.53,129.0,3.0,4.0,700000.0,2.0,COLINA Y ALREDEDORES,5,ENTRE 0 Y 5 ANOS,4.72,-74.06,USADO,,0,0,0,1,1,0,0,0,0,1,False,SUBA,URB. COLINA NORTE II ETAPA,Suba - AV. Boyacá,1230.44,0,PARQUE VECINAL PRADO PINZÓN,1144.48,0,0.16,,0.67,0.75,0.0,,0.02,200.34,2.0
14271-M4645253,APARTAMENTO,VENTA,20.26,69.0,2.0,2.0,304000.0,1.0,NORMANDIA,3,ENTRE 0 Y 5 ANOS,4.67,-74.11,USADO,,1,0,0,1,1,1,1,0,0,1,False,ENGATIVA,,Normandía,44.58,1,PARQUE VECINAL MODELIA SECTOR A,818.33,0,0.29,,0.5,1.0,0.0,,0.03,874.32,0.0
10307-M2765535,APARTAMENTO,VENTA,21.02,192.0,3.0,5.0,1200000.0,3.0,SANTA BARBARA,6,ENTRE 10 Y 20 ANOS,4.69,-74.06,USADO,,0,0,0,1,1,1,0,0,0,1,False,USAQUEN,SANTA BIBIANA,Calle 106,142.06,1,PARQUE ZONAL CANAL CORDOBA,1494.51,0,0.11,,1.0,0.6,0.0,,0.02,804.04,0.0
16269-M4538765,APARTAMENTO,VENTA,20.91,240.0,4.0,5.0,1450000.0,2.0,SANTA BARBARA,6,REMODELADO,4.69,-74.04,USADO,,0,1,0,0,1,0,0,0,0,1,False,USAQUEN,RINCON DEL CHICO,Calle 100 - Marketmedios,1560.13,0,PARQUE ZONAL CANAL EL VIRREY EL CHICO,1816.39,0,0.09,,0.5,0.8,0.0,,0.02,519.11,0.0
4757-M3022601,APARTAMENTO,VENTA,20.86,140.0,3.0,3.0,1164000.0,2.0,SANTA BARBARA,6,REMODELADO,4.69,-74.05,USADO,,0,1,0,0,1,1,0,0,0,1,False,USAQUEN,SANTA BIBIANA,Calle 106,434.34,1,PARQUE VECINAL URBANIZACIÓN NORMANDIA I II II Y IV SECTOR,1554.28,0,0.15,,0.67,1.0,0.0,,0.02,716.43,0.0
614-M4525296,APARTAMENTO,VENTA,19.67,65.0,3.0,2.0,250000.0,1.0,COLINA Y ALREDEDORES,4,ENTRE 10 Y 20 ANOS,4.73,-74.07,USADO,,0,0,0,1,1,1,0,0,0,1,False,SUBA,ALMERIA DE SAN LUIS,Gratamira,700.27,0,PARQUE ZONAL EL TOMILLAR,1239.8,0,0.3,,0.33,1.5,0.0,,0.05,411.33,1.0
2571-M3152378,APARTAMENTO,VENTA,19.61,68.0,3.0,2.0,180000.0,1.0,CASTILLA MARSELLA,3,ENTRE 5 Y 10 ANOS,4.64,-74.14,USADO,,0,0,1,0,1,1,0,0,0,1,False,KENNEDY,CASTILLA,Banderas,976.55,0,PARQUE ZONAL CASTILLA,571.13,0,0.29,,0.33,1.5,0.0,,0.04,1912.59,0.0
2456-M2136112,APARTAMENTO,VENTA,20.39,149.0,3.0,4.0,395000.0,2.0,COLINA Y ALREDEDORES,4,ENTRE 5 Y 10 ANOS,4.73,-74.06,USADO,,1,1,0,1,1,1,1,0,0,0,False,SUBA,COLPATRIA SANTA HELENA,Calle 146,738.82,0,PARQUE VECINAL URBANIZACIÓN LA LAGUNA,337.09,1,0.14,,0.67,0.75,0.0,,0.02,1057.05,0.0
2456-M2087808,APARTAMENTO,VENTA,20.16,112.0,3.0,3.0,380000.0,2.0,COLINA Y ALREDEDORES,5,ENTRE 5 Y 10 ANOS,4.73,-74.06,USADO,,0,1,0,1,1,1,1,0,0,1,False,SUBA,COLPATRIA SANTA HELENA II SECTOR,Calle 146,1140.94,0,PARQUE VECINAL URBANIZACIÓN LA LAGUNA,652.9,0,0.18,,0.67,1.0,0.0,,0.03,754.46,0.0
695-M2614209,APARTAMENTO,VENTA,19.52,76.0,3.0,2.0,265000.0,1.0,FONTIBON TINTAL,3,MAS DE 20 ANOS,4.67,-74.14,USADO,,0,0,0,0,0,1,0,0,0,1,False,FONTIBON,NUEVA VILLEMAR,Portal El Dorado,2048.06,0,PARQUE VECINAL VILLA HELENA VILLEMAR,294.74,1,0.26,,0.33,1.5,0.0,,0.04,1096.9,0.0
3507-M3748656,APARTAMENTO,VENTA,19.92,94.0,3.0,2.0,447000.0,1.0,LA SOLEDAD,3,MAS DE 20 ANOS,4.64,-74.07,USADO,,0,0,0,0,0,1,0,0,0,1,False,TEUSAQUILLO,ALFONSO LOPEZ,Marly,655.37,0,PARQUE ESCENARIO DEPORTIVO EL CAMPINCITO - CEAD,1011.73,0,0.21,,0.33,1.5,0.0,,0.03,472.13,1.0
14271-M4103471,APARTAMENTO,VENTA,19.73,86.0,3.0,2.0,380000.0,1.0,COLINA Y ALREDEDORES,4,MAS DE 20 ANOS,4.74,-74.05,USADO,,0,1,0,0,0,1,0,0,0,1,False,SUBA,MAZUREN,Mazurén,579.41,0,PARQUE VECINAL URBANIZACIÓN MAZUREN I SECTOR,125.97,1,0.23,,0.33,1.5,0.0,,0.03,1417.48,0.0
3220-M4208726,APARTAMENTO,VENTA,21.31,200.0,3.0,3.0,1600000.0,2.0,SANTA BARBARA,6,MAS DE 20 ANOS,4.69,-74.03,USADO,,0,0,0,1,0,1,0,0,0,1,False,USAQUEN,SANTA ANA ORIENTAL,Calle 106,2529.08,0,PARQUE METROPOLITANO EL COUNTRY,1955.69,0,0.11,,0.67,1.0,0.0,,0.02,493.95,1.0
14271-M4466038,APARTAMENTO,VENTA,19.1,52.0,3.0,2.0,86000.0,1.0,ORQUIDEAS,3,MAS DE 20 ANOS,4.76,-74.04,USADO,,0,0,0,0,0,1,0,0,0,1,False,USAQUEN,SAN JOSE DE USAQUEN - URB. ARGO,Calle 187,1138.29,0,PARQUE VECINAL URBANIZACIÓN CALLE 170 / ALAMEDA,354.52,1,0.37,,0.33,1.5,0.0,,0.06,1062.56,0.0
9816-M3399036,APARTAMENTO,VENTA,20.57,185.0,3.0,3.0,880000.0,2.0,COLINA Y ALREDEDORES,5,MAS DE 20 ANOS,4.73,-74.07,USADO,,0,1,0,0,1,1,0,0,0,1,False,SUBA,GRATAMIRA,Gratamira,83.0,1,PARQUE ZONAL EL TOMILLAR,1397.18,0,0.11,,0.67,1.0,0.0,,0.02,1000.92,0.0
14996-M4644116,APARTAMENTO,VENTA,19.66,78.0,3.0,2.0,400000.0,1.0,ENGATIVA,4,ENTRE 5 Y 10 ANOS,4.72,-74.13,USADO,,0,0,0,1,1,1,0,0,0,1,False,ENGATIVA,S.C. ENGATIVA EL DORADO,Portal 80,2612.48,0,PARQUE METROPOLITANO PLANTA DE TRATAMIENTO SALITRE,698.62,0,0.25,,0.33,1.5,0.0,,0.04,2399.18,0.0
462-M2137788,APARTAMENTO,VENTA,21.47,239.0,3.0,3.0,1200000.0,3.0,CHICO,6,ENTRE 10 Y 20 ANOS,4.66,-74.04,USADO,,0,0,0,1,1,0,0,0,0,1,False,CHAPINERO,EL REFUGIO,Héroes - Gel´Hada,1759.43,0,PARQUE ZONAL SAN ANDRÉS,794.91,0,0.09,,1.0,1.0,0.0,,0.01,868.5,0.0
3390-M4039887,APARTAMENTO,VENTA,21.42,199.0,3.0,5.0,1000000.0,3.0,SANTA BARBARA,6,ENTRE 0 Y 5 ANOS,4.69,-74.04,USADO,,0,1,0,1,1,1,0,0,0,1,False,USAQUEN,SANTA BARBARA CENTRAL I Y II,Calle 106,1700.88,0,PARQUE METROPOLITANO EL COUNTRY,1473.78,0,0.11,,1.0,0.6,0.0,,0.02,408.38,1.0
3036-M2384789,APARTAMENTO,VENTA,20.99,186.0,4.0,4.0,750000.0,2.0,CHICO,5,MAS DE 20 ANOS,4.66,-74.05,USADO,,0,0,0,0,1,0,0,0,0,0,False,CHAPINERO,LOS ROSALES,Calle 76 - San Felipe,1323.98,0,PARQUE ZONAL SAN ANDRÉS,564.16,0,0.11,,0.5,1.0,0.0,,0.02,755.27,0.0
3390-M3772215,APARTAMENTO,VENTA,21.64,283.95,3.0,4.0,1834000.0,3.0,CHICO,6,MAS DE 20 ANOS,4.67,-74.04,USADO,,0,1,0,1,1,1,1,0,0,1,False,CHAPINERO,S.C. EL BAGAZAL,Calle 85,2165.27,0,PARQUE VECINAL URBANIZACIÓN LA CABRERA,1105.22,0,0.08,,1.0,0.75,0.0,,0.01,1061.19,0.0
4685-M1979983,APARTAMENTO,VENTA,21.31,158.0,3.0,5.0,950000.0,3.0,SANTA BARBARA,6,ENTRE 0 Y 5 ANOS,4.7,-74.05,USADO,,0,1,0,1,1,1,0,0,0,1,False,USAQUEN,SANTA BARBARA OCCIDENTAL,Pepe Sierra,1025.6,0,PARQUE METROPOLITANO EL COUNTRY,1112.33,0,0.13,,1.0,0.6,0.0,,0.02,184.87,2.0
2571-M2867813,APARTAMENTO,VENTA,19.64,49.0,2.0,2.0,250000.0,1.0,NIZA ALHAMBRA,5,ENTRE 10 Y 20 ANOS,4.7,-74.06,USADO,,0,0,0,0,1,1,0,0,0,1,False,SUBA,EL BATAN,Calle 127,585.88,0,PARQUE ZONAL ATABANZA,508.27,0,0.4,,0.5,1.0,0.0,,0.04,749.93,0.0
2456-730518,APARTAMENTO,VENTA,20.25,112.0,3.0,2.0,370000.0,2.0,COLINA Y ALREDEDORES,4,ENTRE 0 Y 5 ANOS,4.74,-74.06,USADO,,0,1,0,1,1,1,1,0,0,1,False,SUBA,URB. LA SIRENA,Mazurén,1461.42,0,PARQUE VECINAL DESARROLLO CANTALEJO URBANIZACIÓN CANTALEJO MANZANA B,865.78,0,0.18,,0.67,1.5,0.0,,0.03,637.08,0.0
2456-1183296,APARTAMENTO,VENTA,20.56,160.0,3.0,4.0,420000.0,2.0,COLINA Y ALREDEDORES,5,ENTRE 0 Y 5 ANOS,4.74,-74.06,USADO,,1,1,0,1,1,1,1,0,0,0,False,SUBA,URB. LA SIRENA,Mazurén,1701.86,0,PARQUE VECINAL DESARROLLO CANTALEJO URBANIZACIÓN CANTALEJO MANZANA B,796.06,0,0.13,,0.67,0.75,0.0,,0.02,767.68,0.0
2456-722280,APARTAMENTO,VENTA,20.34,132.0,3.0,4.0,460000.0,2.0,COLINA Y ALREDEDORES,5,ENTRE 5 Y 10 ANOS,4.73,-74.06,USADO,,0,0,0,1,1,1,0,0,0,1,False,SUBA,EL PINAR,Calle 146,1235.88,0,PARQUE VECINAL URBANIZACIÓN LA LAGUNA,694.71,0,0.15,,0.67,0.75,0.0,,0.02,692.63,0.0
2456-730513,APARTAMENTO,VENTA,20.34,132.0,3.0,4.0,400000.0,2.0,COLINA Y ALREDEDORES,5,ENTRE 0 Y 5 ANOS,4.73,-74.06,USADO,,0,1,0,1,1,1,0,0,0,1,False,SUBA,EL PINAR,Calle 146,1235.88,0,PARQUE VECINAL URBANIZACIÓN LA LAGUNA,694.71,0,0.15,,0.67,0.75,0.0,,0.02,692.63,0.0
920-M4544689,APARTAMENTO,VENTA,20.13,107.0,3.0,2.0,536000.0,2.0,COLINA Y ALREDEDORES,5,ENTRE 5 Y 10 ANOS,4.74,-74.06,USADO,,0,0,0,1,1,0,0,0,0,1,False,SUBA,MAZUREN,Mazurén,1306.49,0,PARQUE VECINAL URBANIZACIÓN LA LAGUNA,748.85,0,0.19,,0.67,1.5,0.0,,0.03,679.17,0.0
646-3166,APARTAMENTO,VENTA,20.99,240.0,3.0,3.0,920000.0,1.0,SANTA BARBARA,6,ENTRE 10 Y 20 ANOS,4.7,-74.04,USADO,,0,1,0,0,1,0,0,0,0,1,False,USAQUEN,SANTA BARBARA CENTRAL II,Calle 127,2092.81,0,PARQUE METROPOLITANO EL COUNTRY,396.58,1,0.09,,0.33,1.0,0.0,,0.01,713.52,0.0
14271-M4703379,APARTAMENTO,VENTA,19.78,68.0,3.0,2.0,313300.0,0.0,COLINA Y ALREDEDORES,4,ENTRE 10 Y 20 ANOS,4.74,-74.07,USADO,,0,1,0,1,1,1,0,0,0,1,False,SUBA,CASABLANCA (HACIENDA),21 Ángeles,1619.65,0,PARQUE ZONAL EL TOMILLAR,655.93,0,0.29,,0.0,1.5,0.0,,0.04,802.97,0.0
2731-M2692474,APARTAMENTO,VENTA,20.36,154.0,2.0,3.0,550000.0,3.0,NIZA ALHAMBRA,5,ENTRE 5 Y 10 ANOS,4.7,-74.06,USADO,,0,1,0,0,1,0,0,0,0,1,False,SUBA,EL BATAN,Calle 127,292.87,1,PARQUE ZONAL ATABANZA,515.39,0,0.13,,1.5,0.67,0.0,,0.01,458.18,3.0
2941-381,APARTAMENTO,VENTA,20.41,94.38,2.0,3.0,545000.0,2.0,CHICO,6,ENTRE 5 Y 10 ANOS,4.68,-74.05,USADO,,0,1,0,1,1,1,0,0,0,1,False,CHAPINERO,S.C. CHICO NORTE,Calle 100 - Marketmedios,702.81,0,PARQUE VECINAL URBANIZACIÓN NORMANDIA I II II Y IV SECTOR,607.37,0,0.22,,1.0,0.67,0.0,,0.02,180.37,2.0
44-M4515772,APARTAMENTO,VENTA,20.82,130.0,3.0,3.0,570000.0,2.0,SALITRE MODELIA,5,ENTRE 10 Y 20 ANOS,4.64,-74.11,USADO,,0,0,0,1,1,1,0,0,0,1,False,TEUSAQUILLO,CIUDAD SALITRE SURORIENTAL,CAN,873.3,0,PARQUE METROPOLITANO PARQUE CENTRAL SIMÓN BOLÍVAR,1153.98,0,0.16,,0.67,1.0,0.0,,0.02,661.07,0.0
44-M3787958,APARTAMENTO,VENTA,21.16,255.0,4.0,5.0,3921395.93,4.0,NIZA ALHAMBRA,5,ENTRE 5 Y 10 ANOS,4.71,-74.06,USADO,,0,0,0,1,0,1,0,0,0,0,False,SUBA,EL BATAN,Calle 127,504.54,0,PARQUE ZONAL ATABANZA,318.02,1,0.08,,1.0,0.8,0.0,,0.02,646.63,0.0
883-M3497761,APARTAMENTO,VENTA,20.34,98.0,3.0,3.0,380000.0,2.0,COLINA Y ALREDEDORES,5,ENTRE 0 Y 5 ANOS,4.74,-74.06,USADO,,0,1,0,1,1,1,1,0,0,1,False,SUBA,CAMPOS DE SILENCIO,Calle 161,865.44,0,PARQUE VECINAL DESARROLLO CANTALEJO URBANIZACIÓN CANTALEJO MANZANA B,312.12,1,0.21,,0.67,1.0,0.0,,0.03,1495.05,0.0
990-M4089542,APARTAMENTO,VENTA,19.55,58.57,2.0,2.0,350000.0,2.0,COLINA Y ALREDEDORES,5,MAS DE 20 ANOS,4.73,-74.07,USADO,,0,1,0,1,1,1,0,0,0,0,False,SUBA,EL RINCON DE IBERIA,Gratamira,992.68,0,PARQUE VECINAL PRADO PINZÓN,1324.39,0,0.33,,1.0,1.0,0.0,,0.03,100.37,1.0
3553-M4152750,APARTAMENTO,VENTA,19.67,72.0,3.0,2.0,425000.0,1.0,NIZA ALHAMBRA,5,MAS DE 20 ANOS,4.71,-74.06,USADO,,0,0,0,0,1,1,0,0,0,0,False,SUBA,EL BATAN,Humedal Córdoba,891.63,0,PARQUE ZONAL CANAL CORDOBA,557.9,0,0.27,,0.33,1.5,0.0,,0.04,1116.33,0.0
990-M3360725,APARTAMENTO,VENTA,19.87,84.0,3.0,2.0,400000.0,2.0,NIZA ALHAMBRA,5,MAS DE 20 ANOS,4.71,-74.06,USADO,,0,1,0,0,1,1,0,0,0,0,False,SUBA,EL BATAN,Humedal Córdoba,759.76,0,PARQUE ZONAL CANAL CORDOBA,536.61,0,0.24,,0.67,1.5,0.0,,0.04,992.52,0.0
2456-M4416823,APARTAMENTO,VENTA,20.15,85.0,3.0,2.0,370000.0,2.0,COLINA Y ALREDEDORES,4,ENTRE 0 Y 5 ANOS,4.74,-74.07,USADO,,0,0,0,1,1,1,1,0,0,1,False,SUBA,CASABLANCA (HACIENDA),21 Ángeles,1549.8,0,PARQUE ZONAL EL TOMILLAR,573.05,0,0.24,,0.67,1.5,0.0,,0.04,832.25,0.0
800-M3838382,APARTAMENTO,VENTA,19.52,64.0,3.0,2.0,302000.0,1.0,CEDRITOS,4,MAS DE 20 ANOS,4.73,-74.04,USADO,,0,0,0,0,0,1,0,0,0,0,False,USAQUEN,CAOBOS SALAZAR,Calle 142,1416.56,0,PARQUE VECINAL NUEVA URBANIZACIÓN EL CEDRITO,584.95,0,0.31,,0.33,1.5,0.0,,0.05,692.42,0.0
3340-1633787,APARTAMENTO,VENTA,20.29,95.0,2.0,3.0,480000.0,1.0,CHICO,4,ENTRE 10 Y 20 ANOS,4.66,-74.06,USADO,,0,0,0,0,0,0,0,0,0,0,False,CHAPINERO,S.C. ESPARTILLAL,Calle 76 - San Felipe,670.9,0,PARQUE ZONAL SAN ANDRÉS,385.91,1,0.21,,0.5,0.67,0.0,,0.02,238.79,4.0
246-M3237639,APARTAMENTO,VENTA,19.4,59.0,3.0,2.0,215500.0,1.0,COLINA Y ALREDEDORES,3,ENTRE 10 Y 20 ANOS,4.75,-74.05,USADO,,0,0,0,0,0,1,0,0,0,0,False,SUBA,S.C BRITALIA,Toberin - Foundever,255.53,1,PARQUE VECINAL DESARROLLO ESTRELLA DEL NORTE,1010.09,0,0.33,,0.33,1.5,0.0,,0.05,1384.57,0.0
3491-M2782849,APARTAMENTO,VENTA,19.9,101.0,3.0,2.0,580000.0,1.0,COUNTRY,5,ENTRE 10 Y 20 ANOS,4.71,-74.03,USADO,,0,1,0,0,0,1,0,0,0,1,False,USAQUEN,LISBOA_,Prado,1974.64,0,PARQUE VECINAL NUEVA URBANIZACIÓN EL CEDRITO,1013.32,0,0.2,,0.33,1.5,0.0,,0.03,196.27,1.0
14271-M4645137,APARTAMENTO,VENTA,20.43,75.0,3.0,2.0,380000.0,2.0,NORMANDIA,3,ENTRE 0 Y 5 ANOS,4.67,-74.11,USADO,,0,0,0,1,1,1,1,0,0,1,False,ENGATIVA,,Normandía,44.58,1,PARQUE VECINAL MODELIA SECTOR A,818.33,0,0.27,,0.67,1.5,0.0,,0.04,874.32,0.0
14271-M3645147,APARTAMENTO,VENTA,20.58,115.82,3.0,4.0,777000.0,2.0,SANTA BARBARA,6,ENTRE 10 Y 20 ANOS,4.69,-74.05,USADO,,0,1,0,1,1,0,0,0,0,1,False,USAQUEN,SANTA BIBIANA,Calle 106,566.2,0,PARQUE VECINAL URBANIZACIÓN NORMANDIA I II II Y IV SECTOR,1624.77,0,0.18,,0.67,0.75,0.0,,0.03,614.32,0.0
4428-M2560901,APARTAMENTO,VENTA,21.47,240.0,3.0,5.0,1500000.0,4.0,SANTA BARBARA,6,MAS DE 20 ANOS,4.69,-74.03,USADO,,1,1,0,1,1,1,0,0,0,1,False,USAQUEN,SANTA BARBARA ALTA,Pepe Sierra,2801.77,0,PARQUE METROPOLITANO EL COUNTRY,1483.32,0,0.09,,1.33,0.6,0.0,,0.01,139.41,4.0
898-M2714671,APARTAMENTO,VENTA Y ARRIENDO,20.91,171.21,3.0,4.0,923000.0,2.0,CHICO,6,MAS DE 20 ANOS,4.68,-74.04,USADO,6200000.0,0,1,1,0,0,0,0,0,0,0,False,CHAPINERO,CHICO NORTE - URB. CONJUNTO DE LA CIEN,Calle 100 - Marketmedios,1887.67,0,PARQUE VECINAL URBANIZACIÓN LA CABRERA,1462.41,0,0.12,36212.84,0.67,0.75,0.0,6.72,0.02,166.28,2.0
482-M2465738,APARTAMENTO,VENTA Y ARRIENDO,20.7,167.7,3.0,4.0,775000.0,2.0,COUNTRY,6,MAS DE 20 ANOS,4.7,-74.04,USADO,4200000.0,0,0,0,0,1,1,0,0,0,0,False,USAQUEN,PLENITUD LA CALLEJA,Calle 127,1281.37,0,PARQUE METROPOLITANO EL COUNTRY,465.79,1,0.12,25044.72,0.67,0.75,0.0,5.42,0.02,242.41,1.0
2974-M3773766,APARTAMENTO,VENTA,19.72,70.0,3.0,2.0,3921395.93,2.0,NIZA ALHAMBRA,5,MAS DE 20 ANOS,4.7,-74.06,USADO,,0,0,0,0,0,1,0,0,0,0,False,SUBA,EL BATAN,Calle 127,420.81,1,PARQUE ZONAL ATABANZA,700.91,0,0.28,,0.67,1.5,0.0,,0.04,589.11,0.0
14271-M4010079,APARTAMENTO,VENTA,20.39,88.33,2.0,3.0,750000.0,2.0,CHICO,5,ENTRE 10 Y 20 ANOS,4.67,-74.06,USADO,,0,1,0,0,1,1,0,0,0,1,False,CHAPINERO,S.C. ANTIGUO COUNTRY,Calle 85,355.52,1,PARQUE METROPOLITANO RECONCILIACIÓN,288.45,1,0.23,,1.0,0.67,0.0,,0.02,229.68,3.0
917-M2271318,APARTAMENTO,VENTA Y ARRIENDO,21.5,270.0,4.0,5.0,1000000.0,3.0,SANTA BARBARA,6,REMODELADO,4.69,-74.03,USADO,15000000.0,0,1,0,0,1,0,0,0,0,1,False,USAQUEN,SANTA ANA ORIENTAL,Calle 106,2850.4,0,PARQUE METROPOLITANO EL COUNTRY,1953.15,0,0.08,55555.56,0.75,0.8,0.0,15.0,0.01,441.98,2.0
14271-M4307265,APARTAMENTO,VENTA,19.58,60.0,2.0,1.0,3921395.93,1.0,CHAPINERO ALTO,4,MAS DE 20 ANOS,4.65,-74.06,USADO,,0,0,0,0,1,1,0,0,0,1,False,CHAPINERO,S.C. MARIA CRISTINA,Calle 63,640.73,0,PARQUE ZONAL GUSTAVO URIBE BOTERO,789.93,0,0.33,,0.5,2.0,0.0,,0.03,505.87,0.0
14271-M4160977,APARTAMENTO,VENTA,19.79,102.0,3.0,3.0,320000.0,1.0,CEDRITOS,4,MAS DE 20 ANOS,4.73,-74.04,USADO,,0,1,0,0,0,1,0,0,0,1,False,USAQUEN,CAOBOS SALAZAR URB. CAPRI I Y II SECTOR,Calle 146,1436.39,0,PARQUE VECINAL NUEVA URBANIZACIÓN EL CEDRITO,826.96,0,0.19,,0.33,1.0,0.0,,0.03,480.5,1.0
14271-M4073821,APARTAMENTO,VENTA,20.23,77.0,3.0,2.0,240000.0,1.0,CHAPINERO,3,ENTRE 0 Y 5 ANOS,4.66,-74.07,USADO,,0,0,0,1,1,1,0,0,0,1,False,BARRIOS UNIDOS,BENJAMIN HERRERA,7 de Agosto,417.93,1,PARQUE ZONAL GIMNASIO DEL NORTE,114.3,1,0.26,,0.33,1.5,0.0,,0.04,767.88,0.0
14271-M4290922,APARTAMENTO,VENTA,19.78,102.0,3.0,3.0,320000.0,1.0,CEDRITOS,4,MAS DE 20 ANOS,4.72,-74.04,USADO,,0,1,0,0,0,1,0,0,0,1,False,USAQUEN,CEDRITOS,Alcalá,1310.89,0,PARQUE VECINAL NUEVA URBANIZACIÓN EL CEDRITO,705.33,0,0.19,,0.33,1.0,0.0,,0.03,315.1,1.0
679-M2927106,APARTAMENTO,VENTA,21.64,380.0,4.0,5.0,2100000.0,3.0,COUNTRY,6,MAS DE 20 ANOS,4.7,-74.03,USADO,,1,1,0,1,1,1,0,0,0,1,False,USAQUEN,SANTA BARBARA CENTRAL II,Calle 127,2166.64,0,PARQUE METROPOLITANO EL COUNTRY,427.56,1,0.06,,0.75,0.8,0.0,,0.01,779.69,0.0
14271-M4329967,APARTAMENTO,VENTA,20.23,77.0,3.0,2.0,240000.0,1.0,CHAPINERO,3,ENTRE 0 Y 5 ANOS,4.66,-74.08,USADO,,0,0,0,1,1,1,1,0,0,1,False,BARRIOS UNIDOS,BENJAMIN HERRERA,7 de Agosto,211.86,1,PARQUE ZONAL GIMNASIO DEL NORTE,302.72,1,0.26,,0.33,1.5,0.0,,0.04,694.16,0.0
3340-M3151653,APARTAMENTO,VENTA,20.21,72.0,1.0,2.0,455000.0,1.0,CHICO,6,ENTRE 5 Y 10 ANOS,4.68,-74.05,USADO,,0,0,0,1,1,1,0,0,0,1,False,CHAPINERO,S.C. CHICO NORTE,Calle 100 - Marketmedios,746.0,0,PARQUE VECINAL URBANIZACIÓN NORMANDIA I II II Y IV SECTOR,680.67,0,0.28,,1.0,0.5,0.0,,0.01,212.35,2.0
12495-M3066884,APARTAMENTO,VENTA,21.64,227.0,4.0,4.0,1750000.0,4.0,CEDRITOS,6,ENTRE 10 Y 20 ANOS,4.72,-74.03,USADO,,0,1,0,1,1,1,0,0,0,1,False,USAQUEN,LA CANADA,Alcalá,2669.6,0,PARQUE VECINAL NUEVA URBANIZACIÓN EL CEDRITO,912.23,0,0.1,,1.0,1.0,0.0,,0.02,314.31,1.0
13034-M3033972,APARTAMENTO,VENTA,20.09,118.0,3.0,2.0,221000.0,1.0,CHAPINERO ALTO,4,MAS DE 20 ANOS,4.63,-74.07,USADO,,0,0,0,0,1,1,0,0,0,0,False,CHAPINERO,S.C. SUCRE,Calle 45 - American School Way,261.78,1,PARQUE METROPOLITANO PARQUE NACIONAL (PM2A) ENRIQUE OLAYA HERRERA (SECTOR HISTORICO),726.5,0,0.17,,0.33,1.5,0.0,,0.03,168.93,2.0
3072-1148466,APARTAMENTO,VENTA,21.51,164.0,3.0,4.0,1150000.0,3.0,CHICO,6,ENTRE 0 Y 5 ANOS,4.67,-74.05,USADO,,0,0,0,1,1,1,1,0,0,1,False,CHAPINERO,LA CABRERA,Calle 85,1555.54,0,PARQUE VECINAL URBANIZACIÓN LA CABRERA,498.22,1,0.13,,1.0,0.75,0.0,,0.02,469.79,1.0
2162-M2606938,APARTAMENTO,VENTA,20.95,176.0,3.0,4.0,910000.0,2.0,COUNTRY,6,MAS DE 20 ANOS,4.71,-74.04,USADO,,0,1,0,0,1,1,0,0,0,1,False,USAQUEN,LA_CAROLINA,Calle 127,1374.67,0,PARQUE METROPOLITANO EL COUNTRY,453.08,1,0.12,,0.67,0.75,0.0,,0.02,404.28,1.0
2709-M2229906,APARTAMENTO,VENTA,21.51,230.0,3.0,5.0,1300000.0,3.0,CHICO,6,ENTRE 0 Y 5 ANOS,4.67,-74.06,USADO,,0,1,0,1,1,1,0,0,0,1,False,CHAPINERO,S.C. ANTIGUO COUNTRY,Virrey,448.5,1,PARQUE ZONAL CANAL EL VIRREY EL CHICO,210.66,1,0.09,,1.0,0.6,0.0,,0.01,180.62,2.0
2162-M2612874,APARTAMENTO,VENTA,20.31,113.0,3.0,3.0,712000.0,2.0,COUNTRY,5,ENTRE 5 Y 10 ANOS,4.7,-74.03,USADO,,0,1,0,1,1,1,0,0,0,1,False,USAQUEN,BELLA SUIZA,Calle 127,2694.56,0,PARQUE METROPOLITANO EL COUNTRY,952.96,0,0.18,,0.67,1.0,0.0,,0.03,661.66,0.0
2456-1374531,APARTAMENTO,VENTA,20.82,195.0,3.0,5.0,550000.0,2.0,COLINA Y ALREDEDORES,5,ENTRE 0 Y 5 ANOS,4.74,-74.06,USADO,,1,1,0,1,1,1,1,0,0,0,False,SUBA,URB. LA SIRENA,Mazurén,1533.63,0,PARQUE VECINAL DESARROLLO CANTALEJO URBANIZACIÓN CANTALEJO MANZANA B,899.58,0,0.11,,0.67,0.6,0.0,,0.02,592.22,0.0
2456-886912,APARTAMENTO,VENTA,20.54,200.0,4.0,5.0,450000.0,3.0,COLINA Y ALREDEDORES,4,ENTRE 5 Y 10 ANOS,4.74,-74.06,USADO,,0,0,0,1,0,1,0,0,0,0,False,SUBA,URB. LA SIRENA,Mazurén,1535.98,0,PARQUE VECINAL DESARROLLO CANTALEJO URBANIZACIÓN CANTALEJO MANZANA B,900.22,0,0.1,,0.75,0.8,0.0,,0.02,591.35,0.0
2941-464,APARTAMENTO,VENTA,20.82,183.66,3.0,4.0,1130000.0,2.0,CORTIJO AUTOPISTA MEDELLIN,6,MAS DE 20 ANOS,4.71,-74.1,USADO,,0,1,0,0,1,1,0,0,0,1,False,ENGATIVA,QUIRIGUA CENTRAL,Carrera 90,575.37,0,PARQUE ZONAL JUAN AMARILLO,789.64,0,0.11,,0.67,0.75,0.0,,0.02,1199.73,0.0
814-M4184337,APARTAMENTO,VENTA,21.16,176.0,3.0,4.0,850000.0,2.0,SALITRE MODELIA,5,ENTRE 5 Y 10 ANOS,4.66,-74.11,USADO,,0,1,0,1,1,1,0,0,0,1,False,FONTIBON,LA ESPERANZA NORTE,AV. Rojas,597.14,0,PARQUE VECINAL CARLOS LLERAS (EL FUEGO),388.42,1,0.12,,0.67,0.75,0.0,,0.02,678.74,0.0
2123-M1945506,APARTAMENTO,VENTA,20.86,170.0,3.0,4.0,881000.0,3.0,SANTA BARBARA,6,ENTRE 5 Y 10 ANOS,4.69,-74.05,USADO,,0,0,0,0,0,1,0,0,0,0,False,USAQUEN,SANTA BIBIANA,Calle 100 - Marketmedios,840.45,0,PARQUE VECINAL URBANIZACIÓN NORMANDIA I II II Y IV SECTOR,1314.53,0,0.12,,1.0,0.75,0.0,,0.02,207.54,2.0
2456-1626013,APARTAMENTO,VENTA,20.52,156.0,3.0,4.0,430000.0,2.0,COLINA Y ALREDEDORES,4,ENTRE 5 Y 10 ANOS,4.73,-74.06,USADO,,1,1,0,1,0,1,1,0,0,1,False,SUBA,EL PINAR,Calle 146,782.77,0,PARQUE VECINAL URBANIZACIÓN LA LAGUNA,267.27,1,0.13,,0.67,0.75,0.0,,0.02,1111.44,0.0
14271-M4613068,APARTAMENTO,VENTA,19.86,117.0,3.0,2.0,100000.0,1.0,CEDRITOS,4,MAS DE 20 ANOS,4.73,-74.03,USADO,,0,0,0,0,0,0,0,0,0,1,False,USAQUEN,CAOBOS SALAZAR URB. CAPRI I Y II SECTOR,Calle 146,1841.99,0,PARQUE VECINAL NUEVA URBANIZACIÓN EL CEDRITO,538.44,0,0.17,,0.33,1.5,0.0,,0.03,227.61,1.0
14271-M4677742,APARTAMENTO,VENTA,20.43,141.0,3.0,3.0,440999.0,1.0,SANTA BARBARA,6,MAS DE 20 ANOS,4.69,-74.04,USADO,,0,0,0,0,1,1,0,0,0,1,False,USAQUEN,SANTA BARBARA CENTRAL III SECTOR,Pepe Sierra,2084.52,0,PARQUE METROPOLITANO EL COUNTRY,1231.28,0,0.14,,0.33,1.0,0.0,,0.02,338.49,1.0
3553-M4516538,APARTAMENTO,VENTA,19.94,71.0,3.0,2.0,357000.0,1.0,COLINA Y ALREDEDORES,4,ENTRE 0 Y 5 ANOS,4.74,-74.07,USADO,,0,0,0,1,1,1,0,0,0,1,False,SUBA,CASABLANCA (HACIENDA),21 Ángeles,1535.49,0,PARQUE ZONAL EL TOMILLAR,555.36,0,0.28,,0.33,1.5,0.0,,0.04,840.83,0.0
800-M4458641,APARTAMENTO,VENTA,19.81,101.0,3.0,3.0,333000.0,2.0,ORQUIDEAS,5,MAS DE 20 ANOS,4.76,-74.04,USADO,,0,0,0,0,0,1,0,0,0,1,False,USAQUEN,MARANTA I Y II Y III SECTOR,Calle 187,149.15,1,PARQUE VECINAL DESARROLLO VERBENAL I,375.23,1,0.2,,0.67,1.0,0.0,,0.03,259.88,1.0
14271-M4476965,APARTAMENTO,VENTA,19.11,52.0,3.0,2.0,86000.0,0.0,ORQUIDEAS,3,MAS DE 20 ANOS,4.76,-74.04,USADO,,0,0,0,0,0,1,0,0,0,1,False,USAQUEN,SAN JOSE DE USAQUEN - URB. ARGO,Calle 187,1067.17,0,PARQUE VECINAL URBANIZACIÓN CALLE 170 / ALAMEDA,431.82,1,0.37,,0.0,1.5,0.0,,0.06,1135.86,0.0
14271-M4717359,APARTAMENTO,VENTA,20.11,116.0,3.0,2.0,445900.0,2.0,ORQUIDEAS,4,ENTRE 10 Y 20 ANOS,4.76,-74.04,USADO,,0,1,0,1,1,1,0,0,0,1,False,USAQUEN,SAN ANTONIO NOROCCIDENTAL,Portal Norte,818.93,0,PARQUE VECINAL URBANIZACIÓN CALLE 170 / ALAMEDA,157.13,1,0.17,,0.67,1.5,0.0,,0.03,972.13,0.0
5545-M4703017,APARTAMENTO,VENTA,19.88,64.0,2.0,2.0,290000.0,1.0,COLINA Y ALREDEDORES,4,ENTRE 0 Y 5 ANOS,4.74,-74.06,USADO,,0,0,0,1,1,1,1,0,0,1,False,SUBA,URB. CARIMAGUA I,Calle 161,1040.53,0,PARQUE VECINAL DESARROLLO CANTALEJO URBANIZACIÓN CANTALEJO MANZANA B,173.09,1,0.31,,0.5,1.0,0.0,,0.03,1387.38,0.0
16466-M4641963,APARTAMENTO,VENTA,20.43,122.6,3.0,3.0,656000.0,2.0,COUNTRY,5,ENTRE 10 Y 20 ANOS,4.71,-74.03,USADO,,1,0,0,1,1,1,1,0,0,1,False,USAQUEN,LISBOA_,Prado,2340.93,0,PARQUE VECINAL NUEVA URBANIZACIÓN EL CEDRITO,1172.57,0,0.17,,0.67,1.0,0.0,,0.02,308.98,3.0
800-M3837001,APARTAMENTO,VENTA,19.81,81.0,2.0,3.0,594064.0,2.0,SANTA BARBARA,6,MAS DE 20 ANOS,4.7,-74.04,USADO,,0,1,0,0,1,1,0,0,0,1,False,USAQUEN,SANTA BARBARA CENTRAL I SECTOR,Pepe Sierra,1543.66,0,PARQUE METROPOLITANO EL COUNTRY,860.01,0,0.24,,1.0,0.67,0.0,,0.02,630.55,0.0
3036-M2125708,APARTAMENTO,VENTA Y ARRIENDO,19.4,38.0,1.0,1.0,1350000.0,1.0,LA SOLEDAD,3,ENTRE 10 Y 20 ANOS,4.64,-74.07,USADO,1350000.0,0,0,0,1,1,1,0,0,0,1,False,TEUSAQUILLO,QUESADA,Marly,267.71,1,PARQUE METROPOLITANO PARQUE NACIONAL (PM2A) ENRIQUE OLAYA HERRERA (SECTOR HISTORICO),1323.77,0,0.51,35526.32,1.0,1.0,0.0,1.0,0.03,504.23,0.0
11203-M2595569,APARTAMENTO,VENTA,19.83,70.0,2.0,2.0,535000.0,1.0,COUNTRY,5,REMODELADO,4.7,-74.03,USADO,,0,1,0,0,1,0,0,0,0,1,False,USAQUEN,BELLA SUIZA,Calle 127,2808.57,0,PARQUE METROPOLITANO EL COUNTRY,1069.56,0,0.28,,0.5,1.0,0.0,,0.03,834.23,0.0
2162-M2557180,APARTAMENTO,VENTA,19.76,54.0,1.0,2.0,597700.0,1.0,SANTA BARBARA,6,ENTRE 5 Y 10 ANOS,4.7,-74.04,USADO,,0,0,0,0,1,0,0,0,0,1,False,USAQUEN,SANTA BARBARA CENTRAL I SECTOR,Pepe Sierra,1674.93,0,PARQUE METROPOLITANO EL COUNTRY,922.96,0,0.37,,1.0,0.5,0.0,,0.02,731.36,0.0
2456-931152,APARTAMENTO,VENTA,20.28,103.0,3.0,2.0,400000.0,2.0,COLINA Y ALREDEDORES,4,ENTRE 0 Y 5 ANOS,4.73,-74.06,USADO,,0,0,0,1,1,1,0,0,0,0,False,SUBA,EL PINAR,Calle 146,739.8,0,PARQUE VECINAL URBANIZACIÓN LA LAGUNA,234.66,1,0.2,,0.67,1.5,0.0,,0.03,1141.49,0.0
14271-M4717123,APARTAMENTO,VENTA,19.86,95.0,2.0,2.0,317000.0,1.0,COUNTRY,4,MAS DE 20 ANOS,4.72,-74.03,USADO,,0,0,0,0,0,0,0,0,0,1,False,USAQUEN,CEDRITOS,Alcalá,2375.35,0,PARQUE VECINAL NUEVA URBANIZACIÓN EL CEDRITO,903.62,0,0.21,,0.5,1.0,0.0,,0.02,169.49,1.0
2456-766402,APARTAMENTO,VENTA,20.25,112.0,3.0,2.0,370000.0,2.0,COLINA Y ALREDEDORES,4,ENTRE 0 Y 5 ANOS,4.74,-74.06,USADO,,0,1,0,1,1,1,1,0,0,1,False,SUBA,URB. LA SIRENA,Mazurén,1461.42,0,PARQUE VECINAL DESARROLLO CANTALEJO URBANIZACIÓN CANTALEJO MANZANA B,865.78,0,0.18,,0.67,1.5,0.0,,0.03,637.08,0.0
14271-M4073944,APARTAMENTO,VENTA,20.86,155.0,3.0,3.0,615000.0,2.0,NICOLAS DE FEDERMAN,5,ENTRE 10 Y 20 ANOS,4.65,-74.08,USADO,,0,1,0,0,1,1,0,0,0,1,False,TEUSAQUILLO,NICOLAS DE FEDERMAN,Movistar Arena,500.48,0,PARQUE ESCENARIO DEPORTIVO COMPLEJO ACUATICO,236.93,1,0.13,,0.67,1.0,0.0,,0.02,587.79,0.0
2123-I1896337,APARTAMENTO,VENTA,20.54,150.0,3.0,5.0,598000.0,2.0,SANTA BARBARA,5,ENTRE 10 Y 20 ANOS,4.7,-74.04,USADO,,0,0,0,0,0,1,0,0,0,1,False,USAQUEN,SANTA BARBARA CENTRAL II,Calle 127,2047.06,0,PARQUE METROPOLITANO EL COUNTRY,346.51,1,0.14,,0.67,0.6,0.0,,0.02,669.16,0.0
2238-M2754752,APARTAMENTO,VENTA,21.16,187.0,3.0,4.0,1400000.0,3.0,CHICO,6,ENTRE 10 Y 20 ANOS,4.67,-74.04,USADO,,0,1,0,0,1,0,0,0,0,1,False,CHAPINERO,EL REFUGIO,Héroes - Gel´Hada,1739.29,0,PARQUE ZONAL SAN ANDRÉS,787.73,0,0.11,,1.0,0.75,0.0,,0.02,808.77,0.0
3340-1542152,APARTAMENTO,VENTA,20.56,160.0,3.0,4.0,670000.0,2.0,SANTA BARBARA,6,ENTRE 10 Y 20 ANOS,4.69,-74.05,USADO,,0,0,0,0,0,0,0,0,0,0,False,USAQUEN,SAN PATRICIO,Calle 106,462.83,1,PARQUE ZONAL CANAL CORDOBA,1615.03,0,0.13,,0.67,0.75,0.0,,0.02,270.21,1.0
14271-M4333433,APARTAMENTO,VENTA,20.85,165.0,3.0,4.0,1005000.0,2.0,CHICO,6,MAS DE 20 ANOS,4.68,-74.06,USADO,,0,1,0,1,1,1,0,0,0,1,False,CHAPINERO,S.C. CHICO NORTE III SECTOR,Calle 100 - Marketmedios,287.07,1,PARQUE VECINAL URBANIZACIÓN NORMANDIA I II II Y IV SECTOR,716.55,0,0.13,,0.67,0.75,0.0,,0.02,269.31,1.0
515-M3065574,APARTAMENTO,VENTA,20.29,138.0,4.0,3.0,610000.0,3.0,CEDRITOS,4,MAS DE 20 ANOS,4.73,-74.05,USADO,,0,1,0,0,1,0,0,0,0,1,False,USAQUEN,LOS CEDRITOS,Calle 142,307.7,1,PARQUE VECINAL PRADO PINZÓN,665.03,0,0.15,,0.75,1.33,0.0,,0.03,627.36,0.0
12364-M2809437,APARTAMENTO,VENTA,20.61,191.8,3.0,2.0,616000.0,2.0,SANTA BARBARA,6,MAS DE 20 ANOS,4.7,-74.05,USADO,,0,0,0,0,1,0,0,0,0,1,True,USAQUEN,SANTA BARBARA OCCIDENTAL,Calle 127,576.34,0,PARQUE ZONAL ATABANZA,1162.25,0,0.11,,0.67,1.5,0.0,,0.02,429.37,5.0
754-M4603445,APARTAMENTO,VENTA,21.31,230.0,3.0,4.0,2000000.0,3.0,CHICO,6,MAS DE 20 ANOS,4.67,-74.05,USADO,,0,1,0,0,1,1,0,0,0,1,False,CHAPINERO,S.C. EL RETIRO,Héroes - Gel´Hada,1146.59,0,PARQUE ZONAL SAN ANDRÉS,224.27,1,0.09,,1.0,0.75,0.0,,0.01,278.3,3.0
12364-M2807086,APARTAMENTO,VENTA,20.25,62.0,1.0,1.0,400000.0,2.0,CHICO,6,ENTRE 0 Y 5 ANOS,4.67,-74.05,USADO,,0,0,0,1,1,0,0,0,0,1,False,CHAPINERO,LA CABRERA,Héroes - Gel´Hada,1561.19,0,PARQUE VECINAL URBANIZACIÓN LA CABRERA,612.5,0,0.33,,2.0,1.0,0.0,,0.02,616.88,0.0
5537-M4639171,APARTAMENTO,VENTA,19.97,93.0,2.0,2.0,517000.0,2.0,NIZA ALHAMBRA,5,ENTRE 10 Y 20 ANOS,4.7,-74.06,USADO,,0,1,0,0,0,0,0,0,0,1,False,SUBA,EL BATAN,Calle 127,465.7,1,PARQUE ZONAL ATABANZA,596.32,0,0.21,,1.0,1.0,0.0,,0.02,635.98,0.0
717-M2726344,APARTAMENTO,VENTA,20.95,140.0,3.0,3.0,900000.0,2.0,CHICO,6,ENTRE 5 Y 10 ANOS,4.66,-74.05,USADO,,0,0,0,1,1,1,1,0,0,1,False,CHAPINERO,LOS ROSALES,Calle 76 - San Felipe,1377.91,0,PARQUE ZONAL SAN ANDRÉS,438.21,1,0.15,,0.67,1.0,0.0,,0.02,609.21,0.0
3072-M4290188,APARTAMENTO,VENTA,21.74,173.0,3.0,4.0,3921395.93,2.0,CHICO,6,ENTRE 0 Y 5 ANOS,4.67,-74.05,USADO,,0,0,0,1,1,1,0,0,0,1,False,CHAPINERO,LA CABRERA,Calle 85,1242.57,0,PARQUE VECINAL URBANIZACIÓN LA CABRERA,182.46,1,0.13,,0.67,0.75,0.0,,0.02,154.86,1.0
2456-M4738530,APARTAMENTO,VENTA,19.99,98.0,3.0,3.0,400000.0,2.0,COLINA Y ALREDEDORES,4,ENTRE 10 Y 20 ANOS,4.73,-74.06,USADO,,0,0,0,1,1,1,0,0,0,1,False,SUBA,URB. EL MORAL,Calle 142,812.38,0,PARQUE VECINAL PRADO PINZÓN,435.89,1,0.2,,0.67,1.0,0.0,,0.03,592.62,0.0
717-M4654956,APARTAMENTO,VENTA,20.01,70.0,1.0,2.0,425000.0,2.0,SANTA BARBARA,6,ENTRE 5 Y 10 ANOS,4.69,-74.06,USADO,,0,1,0,0,1,1,0,0,0,1,False,USAQUEN,SANTA BIBIANA,Calle 100 - Marketmedios,506.33,0,PARQUE VECINAL URBANIZACIÓN NORMANDIA I II II Y IV SECTOR,1225.82,0,0.29,,2.0,0.5,0.0,,0.01,671.99,0.0
411-M4700478,APARTAMENTO,VENTA,20.95,158.0,3.0,3.0,800000.0,2.0,COLINA Y ALREDEDORES,5,ENTRE 10 Y 20 ANOS,4.73,-74.07,USADO,,0,1,0,1,1,1,0,0,0,1,False,SUBA,IBERIA - VILLA LETICIA,Gratamira,381.8,1,PARQUE ZONAL EL TOMILLAR,1089.31,0,0.13,,0.67,1.0,0.0,,0.02,905.49,0.0
14271-M4500830,APARTAMENTO,VENTA,20.04,109.0,3.0,2.0,483000.0,2.0,CERROS DE SUBA,6,MAS DE 20 ANOS,4.71,-74.08,USADO,,0,1,0,0,1,0,0,0,0,1,False,SUBA,URB. LAS PLEYADES,Humedal Córdoba,1243.48,0,PARQUE METROPOLITANO CEFE COMETAS,631.05,0,0.18,,0.67,1.5,0.0,,0.03,1248.24,0.0
4566-M2210621,APARTAMENTO,VENTA,20.82,300.0,4.0,4.0,744000.0,2.0,SANTA BARBARA,6,MAS DE 20 ANOS,4.69,-74.05,USADO,,0,0,0,0,0,1,0,0,0,0,False,USAQUEN,SANTA BIBIANA,Calle 100 - Marketmedios,887.04,0,PARQUE VECINAL URBANIZACIÓN NORMANDIA I II II Y IV SECTOR,1396.99,0,0.07,,0.5,1.0,0.0,,0.01,301.19,2.0
14271-M4098459,APARTAMENTO,VENTA,19.5,118.0,2.0,2.0,150000.0,0.0,METROPOLIS,3,MAS DE 20 ANOS,4.66,-74.07,USADO,,0,0,0,0,0,1,0,0,0,1,False,BARRIOS UNIDOS,COLOMBIA,Calle 76 - San Felipe,489.7,1,PARQUE ZONAL LA ESTACIÓN,178.34,1,0.17,,0.0,1.0,0.0,,0.02,966.24,0.0
14271-M4131237,APARTAMENTO,VENTA,19.45,61.0,3.0,2.0,261000.0,1.0,ALTOS DE SUBA Y CERROS DE SAN JORGE,4,MAS DE 20 ANOS,4.74,-74.09,USADO,,0,0,0,0,0,1,0,0,0,1,False,SUBA,URB. LAS NAVETAS DE SUBA,La Campiña,169.33,1,PARQUE VECINAL URBANIZACIÓN VALLE DE REFOUS,484.34,1,0.32,,0.33,1.5,0.0,,0.05,834.05,0.0
2587-M4496758,APARTAMENTO,VENTA,20.25,104.0,2.0,2.0,700000.0,1.0,CHICO,6,MAS DE 20 ANOS,4.67,-74.05,USADO,,0,0,0,0,0,1,0,0,0,1,False,CHAPINERO,EL REFUGIO,Héroes - Gel´Hada,1550.67,0,PARQUE ZONAL SAN ANDRÉS,592.57,0,0.19,,0.5,1.0,0.0,,0.02,682.61,0.0
2359-M3318011,APARTAMENTO,VENTA,20.67,141.0,3.0,2.0,603000.0,2.0,CHAPINERO ALTO,4,MAS DE 20 ANOS,4.66,-74.06,USADO,,0,0,0,0,1,0,0,0,0,1,False,CHAPINERO,S.C. QUINTA CAMACHO,Calle 72,654.45,0,PARQUE ZONAL GUSTAVO URIBE BOTERO,741.1,0,0.15,,0.67,1.5,0.0,,0.02,209.86,5.0
2974-M2670409,APARTAMENTO,VENTA,20.29,117.0,3.0,3.0,650000.0,2.0,COLINA Y ALREDEDORES,5,ENTRE 10 Y 20 ANOS,4.73,-74.06,USADO,,0,1,0,0,1,1,0,0,0,1,False,SUBA,EL PINAR,Calle 146,1374.47,0,PARQUE VECINAL URBANIZACIÓN LA LAGUNA,836.41,0,0.17,,0.67,1.0,0.0,,0.03,552.9,0.0
3553-M3335288,APARTAMENTO,VENTA,21.47,350.0,5.0,5.0,2000000.0,4.0,SANTA BARBARA,6,ENTRE 5 Y 10 ANOS,4.69,-74.05,USADO,,0,0,0,1,1,0,0,0,0,1,False,USAQUEN,SANTA BIBIANA,Calle 106,423.74,1,PARQUE VECINAL URBANIZACIÓN NORMANDIA I II II Y IV SECTOR,1755.28,0,0.06,,0.8,1.0,0.0,,0.01,514.99,0.0
2238-M2384785,APARTAMENTO,VENTA Y ARRIENDO,21.37,200.0,3.0,3.0,1538000.0,3.0,SANTA BARBARA,6,MAS DE 20 ANOS,4.69,-74.03,USADO,8500000.0,0,0,0,0,0,0,0,0,0,0,False,USAQUEN,SANTA ANA ORIENTAL,Calle 106,2528.17,0,PARQUE METROPOLITANO EL COUNTRY,1896.49,0,0.11,42500.0,1.0,1.0,0.0,5.53,0.02,465.18,1.0
2456-824732,APARTAMENTO,VENTA,20.29,142.0,3.0,4.0,320000.0,2.0,COLINA Y ALREDEDORES,5,ENTRE 5 Y 10 ANOS,4.72,-74.07,USADO,,0,0,0,1,1,0,0,0,0,0,False,SUBA,CIUDAD JARDIN NORTE,Suba - AV. Boyacá,598.58,0,PARQUE ZONAL LOS LACHES LA MINA,1248.45,0,0.14,,0.67,0.75,0.0,,0.02,797.8,0.0
2803-M3751360,APARTAMENTO,VENTA,19.7,68.03,3.0,2.0,434800.0,1.0,CENTRO INTERNACIONAL,3,ENTRE 10 Y 20 ANOS,4.61,-74.07,USADO,,0,0,0,0,0,0,0,0,0,1,False,SANTA FE,BOSQUE IZQUIERDO,San Diego,519.53,0,PARQUE METROPOLITANO INDEPENDENCIA BICENTENARIO,265.73,1,0.29,,0.33,1.5,0.0,,0.04,461.38,4.0
13300-M4560540,APARTAMENTO,VENTA,19.75,70.0,3.0,2.0,240000.0,1.0,CASTILLA MARSELLA,4,ENTRE 5 Y 10 ANOS,4.64,-74.13,USADO,,0,0,0,1,1,1,0,0,0,1,False,KENNEDY,VILLA ALSACIA CIUDADELA,Marsella,1521.43,0,PARQUE VECINAL VILLA ALSACIA,1022.85,0,0.28,,0.33,1.5,0.0,,0.04,342.1,1.0
14271-M4480812,APARTAMENTO,VENTA,21.24,300.0,3.0,4.0,1970000.0,3.0,CHICO,6,MAS DE 20 ANOS,4.66,-74.05,USADO,,1,1,0,1,1,1,0,0,0,1,False,CHAPINERO,S.C. BELLAVISTA,Calle 72,1218.94,0,PARQUE ZONAL GUSTAVO URIBE BOTERO,778.51,0,0.07,,1.0,0.75,0.0,,0.01,480.55,1.0
14271-M4452463,APARTAMENTO,VENTA,19.45,64.84,3.0,2.0,227000.0,0.0,PUENTE ARANDA,3,MAS DE 20 ANOS,4.61,-74.11,USADO,,0,0,0,0,0,1,0,0,0,1,False,PUENTE ARANDA,PRIMAVERA OCCIDENTAL,Santa Isabel,1473.38,0,PARQUE VECINAL GORGONZOLA,387.34,1,0.3,,0.0,1.5,0.0,,0.05,2263.77,0.0
14271-M4677337,APARTAMENTO,VENTA,20.14,110.0,3.0,2.0,437100.0,1.0,CEDRITOS,4,ENTRE 10 Y 20 ANOS,4.73,-74.04,USADO,,0,0,0,1,1,1,0,0,0,1,False,USAQUEN,PARQUES DE LORENA,Calle 146,1434.53,0,PARQUE ZONAL LA VIDA,857.55,0,0.18,,0.33,1.5,0.0,,0.03,482.77,1.0
11369-M3161218,APARTAMENTO,VENTA,20.41,115.0,3.0,3.0,1050000.0,2.0,SANTA BARBARA,5,ENTRE 5 Y 10 ANOS,4.69,-74.04,USADO,,0,1,0,0,1,0,0,0,0,1,False,USAQUEN,RINCON DEL CHICO,Calle 106,1449.28,0,PARQUE ZONAL CANAL EL VIRREY EL CHICO,1926.64,0,0.18,,0.67,1.0,0.0,,0.03,633.8,0.0
920-M4133801,APARTAMENTO,VENTA,20.7,280.0,5.0,3.0,3921395.93,2.0,CENTRO NARINO,4,MAS DE 20 ANOS,4.64,-74.1,USADO,,0,0,0,0,0,0,0,0,0,1,False,TEUSAQUILLO,CIUDAD SALITRE SURORIENTAL,Quinta Paredes,656.05,0,PARQUE VECINAL SANTA CLARA,417.83,1,0.07,,0.4,1.67,0.0,,0.02,169.82,2.0
14271-M3478555,APARTAMENTO,VENTA,20.98,154.0,3.0,5.0,900700.0,4.0,ALTOS DE SUBA Y CERROS DE SAN JORGE,6,ENTRE 0 Y 5 ANOS,4.74,-74.08,USADO,,1,1,0,1,1,1,0,0,0,1,False,SUBA,ALTAMIRA,21 Ángeles,922.65,0,PARQUE ZONAL EL TOMILLAR,300.17,1,0.14,,1.33,0.6,0.0,,0.02,1353.87,0.0
14271-M4329727,APARTAMENTO,VENTA,20.82,151.34,3.0,5.0,480000.0,2.0,NICOLAS DE FEDERMAN,4,ENTRE 10 Y 20 ANOS,4.64,-74.08,USADO,,1,1,0,0,1,0,0,0,0,1,False,TEUSAQUILLO,BELALCAZAR,Campín - UAN,291.91,1,PARQUE ESCENARIO DEPORTIVO EL CAMPINCITO - CEAD,354.74,1,0.14,,0.67,0.6,0.0,,0.02,345.93,1.0
11633-M3016067,APARTAMENTO,VENTA,20.07,57.0,1.0,2.0,300000.0,1.0,CHICO,6,ENTRE 0 Y 5 ANOS,4.66,-74.05,USADO,,0,0,0,1,1,0,0,0,0,1,False,CHAPINERO,LOS ROSALES,Calle 76 - San Felipe,1351.71,0,PARQUE ZONAL SAN ANDRÉS,443.05,1,0.35,,1.0,0.5,0.0,,0.02,621.66,0.0
544-M2241741,APARTAMENTO,VENTA,20.5,149.0,3.0,3.0,620000.0,2.0,COUNTRY,5,ENTRE 10 Y 20 ANOS,4.71,-74.05,USADO,,0,1,0,0,1,0,0,0,0,1,False,USAQUEN,LA CALLEJA,Calle 127,764.85,0,PARQUE ZONAL ATABANZA,1058.43,0,0.14,,0.67,1.0,0.0,,0.02,423.58,2.0
14388-M3549265,APARTAMENTO,VENTA,19.86,100.0,3.0,2.0,215000.0,0.0,CHAPINERO ALTO,3,MAS DE 20 ANOS,4.64,-74.06,USADO,,0,0,0,0,0,0,0,0,0,1,False,CHAPINERO,S.C. CHAPINERO CENTRAL,Calle 57,290.29,1,PARQUE ESCENARIO DEPORTIVO EL CAMPINCITO - CEAD,1620.78,0,0.2,,0.0,1.5,0.0,,0.03,908.98,0.0
5506-M3421028,APARTAMENTO,VENTA,20.67,109.46,3.0,3.0,360000.0,2.0,SALITRE MODELIA,5,ENTRE 10 Y 20 ANOS,4.66,-74.11,USADO,,0,0,0,1,1,1,0,0,0,1,False,FONTIBON,LA ESPERANZA NORTE,AV. Rojas,525.42,0,PARQUE VECINAL CARLOS LLERAS (EL FUEGO),550.06,0,0.19,,0.67,1.0,0.0,,0.03,678.45,0.0
2564-M2266590,APARTAMENTO,VENTA,19.49,64.0,3.0,2.0,270000.0,1.0,ORQUIDEAS,3,MAS DE 20 ANOS,4.75,-74.04,USADO,,0,0,0,0,0,1,0,0,0,1,False,USAQUEN,SAN ANTONIO NOROCCIDENTAL,Portal Norte,218.55,1,PARQUE VECINAL URBANIZACIÓN CALLE 170 / ALAMEDA,671.91,0,0.3,,0.33,1.5,0.0,,0.05,937.03,0.0
384-M3922394,APARTAMENTO,VENTA,20.07,69.0,2.0,2.0,431000.0,2.0,COUNTRY,5,ENTRE 0 Y 5 ANOS,4.72,-74.05,USADO,,0,0,0,0,0,0,0,0,0,0,False,USAQUEN,LOS CEDROS,Alcalá,446.95,1,PARQUE VECINAL PRADO PINZÓN,1036.77,0,0.29,,1.0,1.0,0.0,,0.03,233.84,1.0
717-M1529005,APARTAMENTO,VENTA,20.5,190.0,4.0,4.0,3921395.93,2.0,SANTA BARBARA,5,REMODELADO,4.7,-74.04,USADO,,0,0,0,0,0,0,0,0,0,1,False,USAQUEN,SANTA BARBARA CENTRAL I SECTOR,Pepe Sierra,1547.25,0,PARQUE METROPOLITANO EL COUNTRY,846.13,0,0.11,,0.5,1.0,0.0,,0.02,617.9,0.0
410-I1840908,APARTAMENTO,VENTA,20.71,178.0,3.0,4.0,900000.0,3.0,CEDRITOS,6,ENTRE 0 Y 5 ANOS,4.73,-74.02,USADO,,0,1,0,1,0,1,0,0,0,1,False,USAQUEN,BOSQUE DE PINOS III,Calle 146,2941.99,0,PARQUE ZONAL ALTA BLANCA,1012.99,0,0.12,,1.0,0.75,0.0,,0.02,1058.16,0.0
384-M3985857,APARTAMENTO,VENTA,19.91,78.0,3.0,2.0,320000.0,1.0,SALITRE MODELIA,4,MAS DE 20 ANOS,4.66,-74.12,USADO,,0,0,0,0,0,0,0,0,0,0,False,FONTIBON,LA ESPERANZA_,Normandía,944.18,0,PARQUE ZONAL CANAL BOYACA,178.17,1,0.26,,0.33,1.5,0.0,,0.04,332.62,1.0
2428-M4513793,APARTAMENTO,VENTA,19.64,51.0,1.0,2.0,380000.0,1.0,CEDRITOS,4,ENTRE 0 Y 5 ANOS,4.72,-74.03,USADO,,0,0,0,0,1,0,0,0,0,1,False,USAQUEN,LAS_ACACIAS,Calle 142,2076.0,0,PARQUE VECINAL NUEVA URBANIZACIÓN EL CEDRITO,156.42,1,0.39,,1.0,0.5,0.0,,0.02,702.15,0.0
14271-M4075808,APARTAMENTO,VENTA,19.54,77.0,3.0,2.0,3921395.93,1.0,ORQUIDEAS,3,ENTRE 10 Y 20 ANOS,4.76,-74.04,USADO,,0,1,0,0,0,1,0,0,0,1,False,USAQUEN,LOS CIPRESES,Calle 187,340.8,1,PARQUE VECINAL DESARROLLO VERBENAL I,178.88,1,0.25,,0.33,1.5,0.0,,0.04,463.07,1.0
14271-M4500647,APARTAMENTO,VENTA,20.08,117.0,3.0,3.0,583000.0,2.0,COUNTRY,5,MAS DE 20 ANOS,4.71,-74.03,USADO,,0,1,0,0,1,0,0,0,0,1,False,USAQUEN,LISBOA_,Prado,1995.53,0,PARQUE VECINAL NUEVA URBANIZACIÓN EL CEDRITO,988.85,0,0.17,,0.67,1.0,0.0,,0.03,213.63,1.0
14271-M4589778,APARTAMENTO,VENTA,19.11,52.0,3.0,2.0,86000.0,1.0,ORQUIDEAS,3,MAS DE 20 ANOS,4.76,-74.04,USADO,,0,0,0,0,0,1,0,0,0,1,False,USAQUEN,SAN JOSE DE USAQUEN - URB. ARGO,Calle 187,1067.17,0,PARQUE VECINAL URBANIZACIÓN CALLE 170 / ALAMEDA,431.82,1,0.37,,0.33,1.5,0.0,,0.06,1135.86,0.0
14271-M4208578,APARTAMENTO,VENTA,20.04,88.0,3.0,2.0,327000.0,1.0,CORTIJO AUTOPISTA MEDELLIN,4,ENTRE 10 Y 20 ANOS,4.7,-74.09,USADO,,0,0,0,0,1,1,0,0,0,1,False,SUBA,URB. BOSQUE DE LOS LAGARTOS,Minuto de Dios,714.11,0,PARQUE METROPOLITANO CEFE COMETAS,1276.99,0,0.23,,0.33,1.5,0.0,,0.03,681.88,0.0
10292-M4461441,APARTAMENTO,VENTA,20.33,110.0,3.0,2.0,750000.0,2.0,NIZA ALHAMBRA,5,ENTRE 10 Y 20 ANOS,4.69,-74.07,USADO,,0,1,0,0,1,1,0,0,0,1,False,SUBA,PUENTE LARGO SECTOR I Y II,Puentelargo,136.67,1,PARQUE ZONAL MORATO,792.31,0,0.18,,0.67,1.5,0.0,,0.03,685.95,0.0
3858-M4612510,APARTAMENTO,VENTA,20.49,130.0,3.0,3.0,699000.0,1.0,SANTA BARBARA,6,MAS DE 20 ANOS,4.7,-74.05,USADO,,0,0,0,1,1,0,0,0,0,1,False,USAQUEN,SANTA BARBARA OCCIDENTAL,Pepe Sierra,1059.69,0,PARQUE METROPOLITANO EL COUNTRY,989.97,0,0.16,,0.33,1.0,0.0,,0.02,268.16,1.0
4428-M3167443,APARTAMENTO,VENTA,20.31,120.0,3.0,2.0,649999.0,2.0,CHICO,0,MAS DE 20 ANOS,4.68,-74.05,USADO,,0,1,0,0,1,1,0,0,0,1,False,CHAPINERO,S.C. CHICO NORTE III SECTOR,Calle 100 - Marketmedios,447.83,1,PARQUE VECINAL URBANIZACIÓN NORMANDIA I II II Y IV SECTOR,671.02,0,0.17,,0.67,1.5,0.0,,0.02,102.29,1.0
15534-M4186685,APARTAMENTO,VENTA,20.95,198.0,3.0,3.0,3921395.93,3.0,SANTA BARBARA,6,MAS DE 20 ANOS,4.7,-74.05,USADO,,0,0,0,0,0,0,0,0,0,0,False,USAQUEN,SANTA BARBARA OCCIDENTAL,Calle 127,1025.22,0,PARQUE METROPOLITANO EL COUNTRY,785.19,0,0.11,,1.0,1.0,0.0,,0.02,381.43,1.0
717-M3217222,APARTAMENTO,VENTA,20.13,91.0,3.0,2.0,3921395.93,1.0,SANTA BARBARA,6,MAS DE 20 ANOS,4.7,-74.05,USADO,,0,0,0,0,1,1,0,0,0,1,False,USAQUEN,SAN PATRICIO,Pepe Sierra,245.27,1,PARQUE ZONAL ATABANZA,1394.99,0,0.22,,0.33,1.5,0.0,,0.03,374.33,1.0
717-M2447657,APARTAMENTO,VENTA,20.99,218.0,3.0,4.0,679000.0,2.0,COUNTRY,5,MAS DE 20 ANOS,4.71,-74.03,USADO,,0,1,0,0,1,1,0,0,0,1,False,USAQUEN,SAN,Prado,2931.35,0,PARQUE METROPOLITANO EL COUNTRY,1225.0,0,0.1,,0.67,0.75,0.0,,0.01,705.31,0.0
717-M2550526,APARTAMENTO,VENTA,20.84,146.0,3.0,5.0,611000.0,2.0,COUNTRY,5,ENTRE 0 Y 5 ANOS,4.71,-74.05,USADO,,0,1,0,1,1,1,0,0,0,1,False,USAQUEN,LA CALLEJA,Calle 127,529.72,0,PARQUE ZONAL ATABANZA,854.65,0,0.14,,0.67,0.6,0.0,,0.02,183.08,5.0
2821-M4053375,APARTAMENTO,VENTA,20.58,134.0,3.0,3.0,830000.0,2.0,SANTA BARBARA,5,ENTRE 10 Y 20 ANOS,4.7,-74.05,USADO,,0,1,0,0,1,0,0,0,0,1,False,USAQUEN,SANTA BARBARA OCCIDENTAL,Calle 127,281.25,1,PARQUE ZONAL ATABANZA,896.35,0,0.15,,0.67,1.0,0.0,,0.02,148.49,5.0
10139-M4633233,APARTAMENTO,VENTA,20.36,117.0,3.0,2.0,472000.0,2.0,COLINA Y ALREDEDORES,4,ENTRE 10 Y 20 ANOS,4.73,-74.06,USADO,,0,1,0,1,1,1,1,0,0,1,False,SUBA,EL PINAR,Calle 146,782.77,0,PARQUE VECINAL URBANIZACIÓN LA LAGUNA,267.27,1,0.17,,0.67,1.5,0.0,,0.03,1111.44,0.0
754-M4336443,APARTAMENTO,VENTA,20.72,164.0,3.0,4.0,1081000.0,2.0,CHAPINERO ALTO,6,MAS DE 20 ANOS,4.65,-74.05,USADO,,0,1,0,1,1,1,0,0,0,1,False,CHAPINERO,S.C. LAS ACACIAS,Flores – Areandina,1455.55,0,PARQUE ZONAL GUSTAVO URIBE BOTERO,165.42,1,0.13,,0.67,0.75,0.0,,0.02,613.34,0.0
754-M3806648,APARTAMENTO,VENTA,20.29,105.0,3.0,3.0,800000.0,2.0,CEDRITOS,4,ENTRE 0 Y 5 ANOS,4.73,-74.05,USADO,,0,1,0,0,1,1,0,0,0,1,False,USAQUEN,LOS CEDRITOS,Calle 142,438.68,1,PARQUE VECINAL PRADO PINZÓN,777.27,0,0.19,,0.67,1.0,0.0,,0.03,525.17,0.0
754-M3111300,APARTAMENTO,VENTA,20.08,61.63,1.0,2.0,450000.0,1.0,CHICO,6,ENTRE 0 Y 5 ANOS,4.67,-74.04,USADO,,0,0,0,1,1,1,0,0,0,1,False,CHAPINERO,EL REFUGIO,Héroes - Gel´Hada,1753.81,0,PARQUE VECINAL URBANIZACIÓN LA CABRERA,807.67,0,0.33,,1.0,0.5,0.0,,0.02,803.71,0.0
754-M2804227,APARTAMENTO,VENTA,21.22,260.0,4.0,5.0,1300000.0,3.0,CHICO,6,MAS DE 20 ANOS,4.68,-74.05,USADO,,0,0,0,0,1,1,0,0,0,1,False,CHAPINERO,S.C. CHICO NORTE,Virrey,1171.63,0,PARQUE ZONAL CANAL EL VIRREY EL CHICO,733.83,0,0.08,,0.75,0.8,0.0,,0.02,63.28,2.0
754-M3046742,APARTAMENTO,VENTA,20.56,129.0,2.0,3.0,849000.0,2.0,CHICO,6,ENTRE 5 Y 10 ANOS,4.68,-74.06,USADO,,0,0,0,1,1,1,0,0,0,1,False,CHAPINERO,S.C. CHICO NORTE,Calle 100 - Marketmedios,480.96,1,PARQUE VECINAL URBANIZACIÓN NORMANDIA I II II Y IV SECTOR,395.1,1,0.16,,1.0,0.67,0.0,,0.02,248.67,1.0
754-M3894076,APARTAMENTO,VENTA,19.78,52.0,1.0,2.0,205000.0,1.0,CEDRITOS,4,ENTRE 0 Y 5 ANOS,4.73,-74.03,USADO,,0,0,0,0,1,1,0,0,0,1,False,USAQUEN,CEDRO SALAZAR,Calle 142,2104.44,0,PARQUE VECINAL NUEVA URBANIZACIÓN EL CEDRITO,303.02,1,0.38,,1.0,0.5,0.0,,0.02,542.22,0.0
754-M3795283,APARTAMENTO,VENTA,20.25,115.0,3.0,3.0,461000.0,2.0,COLINA Y ALREDEDORES,5,ENTRE 10 Y 20 ANOS,4.72,-74.06,USADO,,0,1,0,1,1,1,1,0,0,1,False,SUBA,PRADO VERANIEGO NORTE - LA HACIENDA,Suba - AV. Boyacá,1201.77,0,PARQUE VECINAL PRADO PINZÓN,1193.63,0,0.18,,0.67,1.0,0.0,,0.03,197.3,1.0
5395-M3792671,APARTAMENTO,VENTA,20.29,100.0,3.0,3.0,625000.0,1.0,CHICO,5,ENTRE 10 Y 20 ANOS,4.66,-74.06,USADO,,0,0,0,1,1,1,0,0,0,1,False,CHAPINERO,S.C. ESPARTILLAL,Calle 76 - San Felipe,600.1,0,PARQUE ZONAL SAN ANDRÉS,470.84,1,0.2,,0.33,1.0,0.0,,0.03,302.83,1.0
2559-M2641949,APARTAMENTO,VENTA,21.42,235.0,3.0,3.0,1030000.0,2.0,CHICO,6,REMODELADO,4.67,-74.04,USADO,,1,1,0,0,1,0,0,0,0,1,False,CHAPINERO,CHICO ALTO,Calle 85,2110.86,0,PARQUE VECINAL URBANIZACIÓN LA CABRERA,1051.76,0,0.09,,0.67,1.0,0.0,,0.01,1004.48,0.0
12037-M2838117,APARTAMENTO,VENTA,21.27,215.0,3.0,4.0,1162000.0,3.0,NIZA ALHAMBRA,5,ENTRE 5 Y 10 ANOS,4.7,-74.08,USADO,,0,1,0,1,1,1,0,0,0,1,False,SUBA,NIZA SUR,Humedal Córdoba,812.48,0,PARQUE ZONAL MORATO,966.49,0,0.1,,1.0,0.75,0.0,,0.01,993.48,0.0
2266-456,APARTAMENTO,VENTA,20.5,160.0,3.0,4.0,717000.0,2.0,SANTA BARBARA,5,ENTRE 10 Y 20 ANOS,4.69,-74.04,USADO,,0,1,0,0,1,0,0,0,0,1,False,USAQUEN,ESCUELA DE INFANTERIA,Calle 106,1707.21,0,PARQUE ZONAL CANAL EL VIRREY EL CHICO,1937.44,0,0.13,,0.67,0.75,0.0,,0.02,578.05,0.0
2266-M2766729,APARTAMENTO,VENTA,21.28,200.0,3.0,4.0,1100000.0,3.0,CEDRITOS,6,MAS DE 20 ANOS,4.72,-74.02,USADO,,0,0,0,0,0,1,0,0,0,0,False,USAQUEN,SIERRAS DEL MORAL,Alcalá,3090.84,0,PARQUE VECINAL NUEVA URBANIZACIÓN EL CEDRITO,1185.58,0,0.11,,1.0,0.75,0.0,,0.02,767.47,0.0
2559-M2857278,APARTAMENTO,VENTA,21.71,275.0,3.0,4.0,1457000.0,3.0,CHICO,6,MAS DE 20 ANOS,4.68,-74.04,USADO,,1,1,0,1,1,0,0,0,0,0,False,CHAPINERO,S.C. CHICO NORTE,Virrey,1589.0,0,PARQUE VECINAL URBANIZACIÓN LA CABRERA,855.39,0,0.08,,1.0,0.75,0.0,,0.01,426.94,1.0
3121-M4040664,APARTAMENTO,VENTA,19.61,50.0,2.0,1.0,275000.0,0.0,CENTRO INTERNACIONAL,4,ENTRE 10 Y 20 ANOS,4.61,-74.07,USADO,,0,0,0,1,1,1,0,0,0,1,False,SANTA FE,SAN DIEGO,Calle 26,222.7,1,PARQUE METROPOLITANO INDEPENDENCIA BICENTENARIO,396.31,1,0.39,,0.0,2.0,0.0,,0.04,148.77,9.0
482-M2341049,APARTAMENTO,VENTA,20.82,136.0,3.0,2.0,660000.0,3.0,CHICO,6,MAS DE 20 ANOS,4.66,-74.05,USADO,,0,1,0,1,1,1,0,0,0,1,False,CHAPINERO,LOS ROSALES,Calle 72,1422.52,0,PARQUE ZONAL GUSTAVO URIBE BOTERO,866.49,0,0.15,,1.0,1.5,0.0,,0.02,688.86,0.0
2731-M2188607,APARTAMENTO,VENTA,20.82,220.0,3.0,5.0,1372000.0,3.0,SANTA BARBARA,5,ENTRE 10 Y 20 ANOS,4.7,-74.05,USADO,,0,1,0,0,1,0,0,0,0,0,False,USAQUEN,SANTA BARBARA OCCIDENTAL,Calle 127,354.16,1,PARQUE ZONAL ATABANZA,980.45,0,0.09,,1.0,0.6,0.0,,0.01,232.69,5.0
2266-1259045,APARTAMENTO,VENTA,21.19,261.0,4.0,5.0,1400000.0,2.0,CHICO,6,MAS DE 20 ANOS,4.68,-74.04,USADO,,0,0,0,0,0,0,0,0,0,0,False,CHAPINERO,CHICO NORTE - URB. LA GRAN VIA,Calle 100 - Marketmedios,2136.46,0,PARQUE VECINAL URBANIZACIÓN LA CABRERA,1600.73,0,0.08,,0.5,0.8,0.0,,0.02,288.54,1.0
2266-1188809,APARTAMENTO,VENTA,20.25,103.0,2.0,3.0,560000.0,2.0,SANTA BARBARA,6,ENTRE 10 Y 20 ANOS,4.7,-74.04,USADO,,0,0,0,0,0,1,0,0,0,0,False,USAQUEN,SANTA BARBARA CENTRAL IV SECTOR,Calle 127,2198.14,0,PARQUE METROPOLITANO EL COUNTRY,692.55,0,0.2,,1.0,0.67,0.0,,0.02,449.39,1.0
11203-M3801676,APARTAMENTO,VENTA,20.46,143.0,3.0,2.0,679000.0,2.0,SANTA BARBARA,6,MAS DE 20 ANOS,4.69,-74.04,USADO,,0,0,0,0,1,0,0,0,0,1,False,USAQUEN,SANTA BARBARA CENTRAL I Y II,Pepe Sierra,1377.61,0,PARQUE METROPOLITANO EL COUNTRY,1182.58,0,0.14,,0.67,1.5,0.0,,0.02,491.41,1.0
544-M2091926,APARTAMENTO,VENTA Y ARRIENDO,21.13,190.0,3.0,4.0,1645000.0,4.0,CHICO,6,ENTRE 10 Y 20 ANOS,4.66,-74.05,USADO,7500000.0,0,1,0,0,1,0,0,0,0,1,False,CHAPINERO,S.C. EL NOGAL,Calle 76 - San Felipe,1263.99,0,PARQUE ZONAL SAN ANDRÉS,359.1,1,0.11,39473.68,1.33,0.75,0.0,4.56,0.02,544.06,0.0
14271-M3879325,APARTAMENTO,VENTA,20.18,93.2,3.0,3.0,257000.0,2.0,COLINA Y ALREDEDORES,4,ENTRE 5 Y 10 ANOS,4.72,-74.06,USADO,,0,1,0,1,1,1,0,0,0,1,False,SUBA,SAN RAFAEL NORTE,Alcalá,1034.24,0,PARQUE VECINAL PRADO PINZÓN,813.52,0,0.22,,0.67,1.0,0.0,,0.03,189.12,1.0
14271-M3450481,APARTAMENTO,VENTA,19.79,57.0,1.0,2.0,403000.0,2.0,CHAPINERO ALTO,4,ENTRE 10 Y 20 ANOS,4.65,-74.05,USADO,,1,0,0,1,1,1,0,0,0,1,False,CHAPINERO,NUEVA_GRANADA,Calle 63,1234.43,0,PARQUE ZONAL GUSTAVO URIBE BOTERO,555.36,0,0.35,,2.0,0.5,0.0,,0.02,724.14,0.0
14271-M4676926,APARTAMENTO,VENTA,20.11,104.0,3.0,2.0,900000.0,2.0,NIZA ALHAMBRA,5,ENTRE 10 Y 20 ANOS,4.7,-74.06,USADO,,0,1,0,0,1,1,0,0,0,0,False,SUBA,EL BATAN,Calle 127,628.58,0,PARQUE ZONAL ATABANZA,585.9,0,0.19,,0.67,1.5,0.0,,0.03,796.56,0.0
14271-M4500750,APARTAMENTO,VENTA,20.07,122.0,3.0,3.0,587000.0,1.0,CEDRITOS,4,MAS DE 20 ANOS,4.72,-74.03,USADO,,0,1,0,0,1,0,0,0,0,1,False,USAQUEN,LAS_ACACIAS,Calle 142,2518.63,0,PARQUE VECINAL NUEVA URBANIZACIÓN EL CEDRITO,627.72,0,0.16,,0.33,1.0,0.0,,0.02,562.09,0.0
14271-M4345541,APARTAMENTO,VENTA,19.61,66.83,3.0,2.0,186000.0,1.0,ENGATIVA,3,ENTRE 5 Y 10 ANOS,4.68,-74.1,USADO,,0,0,0,0,0,0,0,0,0,1,False,ENGATIVA,SAN JOAQUIN NORTE,Ferias,1963.92,0,PARQUE VECINAL URBANIZACIÓN LA EUROPA,336.86,1,0.29,,0.33,1.5,0.0,,0.04,1167.64,0.0
14271-M4452379,APARTAMENTO,VENTA,19.68,64.84,3.0,2.0,258000.0,1.0,PUENTE ARANDA,3,MAS DE 20 ANOS,4.61,-74.11,USADO,,0,0,0,0,0,1,0,0,0,1,False,PUENTE ARANDA,TIBANA,Santa Isabel,1371.2,0,PARQUE VECINAL GORGONZOLA,375.71,1,0.3,,0.33,1.5,0.0,,0.05,2342.21,0.0
14271-M4031985,APARTAMENTO,VENTA,19.9,60.0,1.0,2.0,368000.0,1.0,NICOLAS DE FEDERMAN,5,ENTRE 10 Y 20 ANOS,4.65,-74.08,USADO,,0,1,0,1,1,1,0,0,0,1,False,TEUSAQUILLO,NICOLAS DE FEDERMAN,Movistar Arena,674.88,0,PARQUE ZONAL NICOLAS DE FEDERMAN 3,160.04,1,0.33,,1.0,0.5,0.0,,0.02,728.96,0.0
14271-M4103383,APARTAMENTO,VENTA,20.24,118.0,3.0,4.0,850000.0,2.0,SANTA BARBARA,6,ENTRE 10 Y 20 ANOS,4.69,-74.04,USADO,,0,1,0,0,1,1,0,0,0,1,False,USAQUEN,SANTA BARBARA CENTRAL I Y II,Calle 106,1436.75,0,PARQUE METROPOLITANO EL COUNTRY,1575.73,0,0.17,,0.67,0.75,0.0,,0.03,560.58,0.0
2456-1109287,APARTAMENTO,VENTA,20.28,103.0,3.0,3.0,340000.0,2.0,COLINA Y ALREDEDORES,4,ENTRE 0 Y 5 ANOS,4.74,-74.06,USADO,,0,1,0,1,1,1,0,0,0,1,False,SUBA,URB. VERSALLES,Mazurén,1358.25,0,PARQUE VECINAL DESARROLLO CANTALEJO URBANIZACIÓN CANTALEJO MANZANA B,490.37,1,0.2,,0.67,1.0,0.0,,0.03,999.32,0.0
11633-2689351,APARTAMENTO,VENTA,21.6,243.0,3.0,5.0,1639000.0,3.0,CHICO,6,MAS DE 20 ANOS,4.65,-74.05,USADO,,0,1,0,0,1,0,0,0,0,1,False,CHAPINERO,S.C. LAS ACACIAS,Flores – Areandina,1642.12,0,PARQUE ZONAL GUSTAVO URIBE BOTERO,362.58,1,0.09,,1.0,0.6,0.0,,0.01,802.7,0.0
504-101879,APARTAMENTO,VENTA,20.28,146.0,5.0,3.0,3921395.93,1.0,KENNEDY,3,ENTRE 10 Y 20 ANOS,4.63,-74.13,USADO,,0,0,0,0,0,0,0,0,0,1,False,KENNEDY,NUEVA MARSELLA I SECTOR,Marsella,370.01,1,PARQUE ZONAL LA IGUALDAD,209.24,1,0.14,,0.2,1.67,0.0,,0.03,1354.73,0.0
717-M2047279,APARTAMENTO,VENTA,21.08,176.0,3.0,3.0,990000.0,2.0,CHICO,6,REMODELADO,4.68,-74.04,USADO,,0,1,0,0,0,0,0,0,0,1,False,CHAPINERO,S.C. CHICO NORTE,Virrey,1868.01,0,PARQUE VECINAL URBANIZACIÓN LA CABRERA,1098.84,0,0.12,,0.67,1.0,0.0,,0.02,612.47,0.0
14271-M4557288,APARTAMENTO,VENTA,20.18,99.32,3.0,3.0,3921395.93,2.0,COLINA Y ALREDEDORES,4,ENTRE 5 Y 10 ANOS,4.72,-74.06,USADO,,0,1,0,1,1,1,0,0,0,1,False,SUBA,SAN RAFAEL NORTE,Alcalá,1058.25,0,PARQUE VECINAL PRADO PINZÓN,869.62,0,0.2,,0.67,1.0,0.0,,0.03,154.17,1.0
2456-847436,APARTAMENTO,VENTA,20.34,142.0,3.0,4.0,350000.0,2.0,COLINA Y ALREDEDORES,4,ENTRE 0 Y 5 ANOS,4.72,-74.06,USADO,,1,1,0,1,1,1,1,0,0,0,False,SUBA,SAN RAFAEL NORTE,Alcalá,1010.71,0,PARQUE VECINAL PRADO PINZÓN,762.27,0,0.14,,0.67,0.75,0.0,,0.02,234.93,1.0
2731-1185570,APARTAMENTO,VENTA,20.62,143.0,3.0,4.0,660000.0,3.0,SANTA BARBARA,6,ENTRE 5 Y 10 ANOS,4.69,-74.05,USADO,,1,0,0,0,0,0,0,0,0,1,False,USAQUEN,SAN PATRICIO,Calle 106,242.12,1,PARQUE ZONAL CANAL CORDOBA,1509.75,0,0.14,,1.0,0.75,0.0,,0.02,492.21,1.0
4957-M2011660,APARTAMENTO,VENTA,21.02,215.0,4.0,5.0,1100000.0,3.0,COUNTRY,5,ENTRE 5 Y 10 ANOS,4.71,-74.05,USADO,,0,1,0,0,1,1,0,0,0,1,False,USAQUEN,LA CALLEJA,Calle 127,677.31,0,PARQUE ZONAL ATABANZA,997.07,0,0.1,,0.75,0.8,0.0,,0.02,339.28,2.0
2456-M2190595,APARTAMENTO,VENTA,20.91,197.0,3.0,5.0,550000.0,2.0,COLINA Y ALREDEDORES,5,ENTRE 0 Y 5 ANOS,4.74,-74.07,USADO,,1,1,0,1,1,1,1,0,0,1,False,SUBA,S.C. GILMAR - LA SIRENA (PREDIO),21 Ángeles,1628.77,0,PARQUE ZONAL EL TOMILLAR,608.12,0,0.11,,0.67,0.6,0.0,,0.02,1302.95,0.0
2996-M2910885,APARTAMENTO,VENTA,20.5,99.0,2.0,2.0,782000.0,2.0,CHICO,6,ENTRE 10 Y 20 ANOS,4.66,-74.05,USADO,,0,0,0,0,1,0,0,0,0,1,False,CHAPINERO,S.C. BELLAVISTA,Calle 72,1003.18,0,PARQUE ZONAL GUSTAVO URIBE BOTERO,669.37,0,0.21,,1.0,1.0,0.0,,0.02,251.0,3.0
384-M3210787,APARTAMENTO,VENTA,19.86,72.73,3.0,2.0,290920.0,1.0,FONTIBON TINTAL,4,ENTRE 0 Y 5 ANOS,4.67,-74.14,USADO,,0,0,0,1,1,0,1,0,0,0,False,FONTIBON,VILLEMAR,Portal El Dorado,2768.99,0,PARQUE VECINAL VILLA HELENA VILLEMAR,477.2,1,0.27,,0.33,1.5,0.0,,0.04,1522.57,0.0
384-M3983285,APARTAMENTO,VENTA,19.51,65.0,3.0,2.0,289000.0,1.0,ENGATIVA,4,ENTRE 5 Y 10 ANOS,4.72,-74.13,USADO,,0,0,0,0,0,0,0,0,0,0,False,ENGATIVA,VILLAS DE ALCALA - LOS CEREZOS,Portal 80,2339.47,0,PARQUE ZONAL VILLAS DE GRANADA,858.18,0,0.3,,0.33,1.5,0.0,,0.05,2126.71,0.0
384-M4516136,APARTAMENTO,VENTA,20.28,66.66,2.0,2.0,346632.0,1.0,CHAPINERO ALTO,4,ENTRE 0 Y 5 ANOS,4.66,-74.06,USADO,,0,0,0,0,0,0,0,0,0,0,False,CHAPINERO,S.C. QUINTA CAMACHO,Calle 72,34.39,1,PARQUE ZONAL LA ESTACIÓN,744.96,0,0.3,,0.5,1.0,0.0,,0.03,431.11,1.0
11633-M3016107,APARTAMENTO,VENTA,20.8,98.0,2.0,3.0,850000.0,2.0,CHAPINERO ALTO,6,ENTRE 0 Y 5 ANOS,4.65,-74.05,USADO,,1,1,0,1,1,0,1,0,0,1,False,CHAPINERO,ZAMUDIO,Flores – Areandina,1254.71,0,PARQUE ZONAL GUSTAVO URIBE BOTERO,83.6,1,0.21,,1.0,0.67,0.0,,0.02,418.49,1.0
5545-M2716740,APARTAMENTO,VENTA,21.73,227.0,3.0,4.0,1300000.0,3.0,CHICO,6,ENTRE 5 Y 10 ANOS,4.67,-74.05,USADO,,1,1,0,1,1,1,1,0,0,1,False,CHAPINERO,LA CABRERA,Héroes - Gel´Hada,1532.94,0,PARQUE VECINAL URBANIZACIÓN LA CABRERA,593.63,0,0.1,,1.0,0.75,0.0,,0.01,601.36,0.0
384-M4507155,APARTAMENTO,VENTA,20.46,88.12,3.0,3.0,660900.0,1.0,CHAPINERO ALTO,4,ENTRE 0 Y 5 ANOS,4.65,-74.06,USADO,,0,0,0,0,0,0,0,0,0,0,True,CHAPINERO,S.C. CHAPINERO NORTE,Flores – Areandina,305.9,1,PARQUE ZONAL LA ESTACIÓN,1199.82,0,0.23,,0.33,1.0,0.0,,0.03,225.93,1.0
384-M3210702,APARTAMENTO,VENTA,19.78,66.92,3.0,2.0,267680.0,1.0,FONTIBON TINTAL,4,ENTRE 0 Y 5 ANOS,4.67,-74.14,USADO,,0,0,0,0,1,0,1,0,0,0,False,FONTIBON,VILLEMAR,Portal El Dorado,2768.99,0,PARQUE VECINAL VILLA HELENA VILLEMAR,477.2,1,0.3,,0.33,1.5,0.0,,0.04,1522.57,0.0
384-M4506901,APARTAMENTO,VENTA,20.21,60.99,2.0,2.0,457425.0,1.0,CHAPINERO ALTO,4,ENTRE 0 Y 5 ANOS,4.65,-74.06,USADO,,0,0,0,0,0,0,0,0,0,0,True,CHAPINERO,S.C. CHAPINERO NORTE,Flores – Areandina,371.69,1,PARQUE ZONAL GUSTAVO URIBE BOTERO,1137.95,0,0.33,,0.5,1.0,0.0,,0.03,178.92,1.0
14271-M4500776,APARTAMENTO,VENTA,20.14,99.0,3.0,3.0,470000.0,2.0,COLINA Y ALREDEDORES,4,ENTRE 10 Y 20 ANOS,4.74,-74.07,USADO,,0,0,0,1,1,1,0,0,0,1,False,SUBA,CASABLANCA (HACIENDA),21 Ángeles,1660.78,0,PARQUE ZONAL EL TOMILLAR,689.43,0,0.2,,0.67,1.0,0.0,,0.03,830.01,0.0
384-M4079865,APARTAMENTO,VENTA,20.03,96.0,3.0,3.0,328000.0,1.0,COLINA Y ALREDEDORES,4,ENTRE 10 Y 20 ANOS,4.74,-74.07,USADO,,0,0,0,0,0,0,0,0,0,0,False,SUBA,CASABLANCA (HACIENDA),21 Ángeles,1707.75,0,PARQUE ZONAL EL TOMILLAR,725.44,0,0.21,,0.33,1.0,0.0,,0.03,873.18,0.0
14271-M4260214,APARTAMENTO,VENTA,19.76,95.0,3.0,2.0,180000.0,1.0,CORTIJO AUTOPISTA MEDELLIN,3,MAS DE 20 ANOS,4.72,-74.12,USADO,,0,0,0,0,0,0,0,0,0,0,False,ENGATIVA,CIUDADELA COLSUBSIDIO,Portal 80,1427.95,0,PARQUE ZONAL VILLAS DE GRANADA,745.14,0,0.21,,0.33,1.5,0.0,,0.03,1240.91,0.0
14271-M4038823,APARTAMENTO,VENTA,20.82,151.0,3.0,5.0,580000.0,2.0,NICOLAS DE FEDERMAN,4,ENTRE 10 Y 20 ANOS,4.64,-74.08,USADO,,1,1,0,0,1,1,0,0,0,1,False,TEUSAQUILLO,NICOLAS DE FEDERMAN,Campín - UAN,270.19,1,PARQUE ESCENARIO DEPORTIVO EL CAMPINCITO - CEAD,381.44,1,0.14,,0.67,0.6,0.0,,0.02,647.89,0.0
14271-M4138751,APARTAMENTO,VENTA,20.13,68.0,2.0,2.0,547000.0,1.0,CHICO,6,ENTRE 10 Y 20 ANOS,4.68,-74.06,USADO,,1,0,0,0,1,1,0,0,0,1,False,CHAPINERO,S.C. CHICO NORTE III SECTOR,Calle 100 - Marketmedios,151.69,1,PARQUE VECINAL URBANIZACIÓN NORMANDIA I II II Y IV SECTOR,718.16,0,0.3,,0.5,1.0,0.0,,0.03,388.52,1.0
14271-M4677667,APARTAMENTO,VENTA,20.1,105.0,3.0,2.0,405700.0,1.0,ORQUIDEAS,4,ENTRE 5 Y 10 ANOS,4.75,-74.02,USADO,,1,1,0,1,1,1,1,0,0,1,False,USAQUEN,SANTA TERESA,Toberin - Foundever,2565.26,0,PARQUE ZONAL SERVITA,445.12,1,0.19,,0.33,1.5,0.0,,0.03,1371.49,0.0
14271-M4676891,APARTAMENTO,VENTA,20.25,100.0,3.0,3.0,539000.0,1.0,COLINA Y ALREDEDORES,5,ENTRE 0 Y 5 ANOS,4.73,-74.06,USADO,,0,0,0,1,1,1,0,0,0,1,False,SUBA,SAN JOSE DEL PRADO - URB. ECHEVERRIA,Alcalá,1181.25,0,PARQUE VECINAL PRADO PINZÓN,843.89,0,0.2,,0.33,1.0,0.0,,0.03,247.3,1.0
512-M4557875,APARTAMENTO,VENTA,19.41,71.0,3.0,2.0,186000.0,1.0,ALTOS DE SUBA Y CERROS DE SAN JORGE,3,ENTRE 5 Y 10 ANOS,4.74,-74.08,USADO,,0,0,0,0,1,1,0,0,0,1,False,SUBA,TUNA ALTA,Suba - TV. 91,550.54,0,PARQUE ZONAL BELLAVISTA DINDALITO,487.88,1,0.27,,0.33,1.5,0.0,,0.04,1527.55,0.0
754-M4656237,APARTAMENTO,VENTA,20.68,124.0,2.0,3.0,1030000.0,2.0,CHICO,6,ENTRE 10 Y 20 ANOS,4.68,-74.04,USADO,,0,1,0,0,1,1,0,0,0,1,False,CHAPINERO,CHICO RESERVADO,Calle 100 - Marketmedios,1759.37,0,PARQUE VECINAL URBANIZACIÓN LA CABRERA,1298.58,0,0.17,,1.0,0.67,0.0,,0.02,315.35,2.0
800-M3694092,APARTAMENTO,VENTA,20.1,108.0,2.0,2.0,3921395.93,1.0,COUNTRY,5,ENTRE 5 Y 10 ANOS,4.71,-74.03,USADO,,0,1,0,0,0,1,0,0,0,0,False,USAQUEN,BELLA SUIZA,Prado,2610.35,0,PARQUE METROPOLITANO EL COUNTRY,933.15,0,0.19,,0.5,1.0,0.0,,0.02,453.88,1.0
39-M4601037,APARTAMENTO,VENTA,20.94,136.0,3.0,3.0,780000.0,2.0,COUNTRY,5,ENTRE 5 Y 10 ANOS,4.72,-74.05,USADO,,0,1,0,1,1,1,1,0,0,0,False,USAQUEN,LA CALLEJA SANTACOLOMA,Prado,581.51,0,PARQUE VECINAL PRADO PINZÓN,1246.06,0,0.15,,0.67,1.0,0.0,,0.02,419.46,1.0
717-M3663497,APARTAMENTO,VENTA,20.77,120.0,2.0,3.0,720000.0,2.0,COUNTRY,6,ENTRE 0 Y 5 ANOS,4.71,-74.05,USADO,,0,1,0,1,1,1,0,0,0,1,False,USAQUEN,,Prado,529.49,0,PARQUE ZONAL ATABANZA,1278.46,0,0.17,,1.0,0.67,0.0,,0.02,667.72,0.0
717-M2675596,APARTAMENTO,VENTA,20.58,160.0,3.0,3.0,3921395.93,1.0,SANTA BARBARA,6,REMODELADO,4.69,-74.03,USADO,,0,1,0,0,1,1,0,0,0,1,False,USAQUEN,SANTA ANA ORIENTAL,Calle 106,2479.33,0,PARQUE METROPOLITANO EL COUNTRY,1670.95,0,0.13,,0.33,1.0,0.0,,0.02,328.47,3.0
12037-M4575880,APARTAMENTO,VENTA,20.91,135.0,2.0,3.0,1384000.0,2.0,CHICO,6,MAS DE 20 ANOS,4.67,-74.04,USADO,,0,1,0,1,1,1,1,0,0,1,False,CHAPINERO,EL REFUGIO,Héroes - Gel´Hada,1778.15,0,PARQUE VECINAL URBANIZACIÓN LA CABRERA,752.24,0,0.15,,1.0,0.67,0.0,,0.01,730.67,0.0
2564-M4173847,APARTAMENTO,VENTA,19.3,65.0,3.0,2.0,210000.0,1.0,ORQUIDEAS,3,MAS DE 20 ANOS,4.76,-74.04,USADO,,0,0,0,0,0,1,0,0,0,1,False,USAQUEN,BALMORAL NORTE,Calle 187,879.41,0,PARQUE VECINAL DESARROLLO VERBENAL I,433.92,1,0.3,,0.33,1.5,0.0,,0.05,997.56,0.0
11293-M4621004,APARTAMENTO,VENTA,19.67,45.0,1.0,2.0,206000.0,1.0,COLINA Y ALREDEDORES,5,ENTRE 0 Y 5 ANOS,4.74,-74.06,USADO,,0,0,0,1,1,1,1,0,0,0,False,SUBA,CAMPOS DE SILENCIO,Calle 161,993.75,0,PARQUE VECINAL DESARROLLO CANTALEJO URBANIZACIÓN CANTALEJO MANZANA B,205.68,1,0.44,,1.0,0.5,0.0,,0.02,1411.39,0.0
11104-M4662674,APARTAMENTO,VENTA,19.53,70.0,3.0,2.0,212000.0,1.0,CORTIJO AUTOPISTA MEDELLIN,3,MAS DE 20 ANOS,4.72,-74.12,USADO,,0,0,0,0,0,1,0,0,0,1,False,ENGATIVA,BOLIVIA SECTOR OCCIDENTAL,Portal 80,1197.2,0,PARQUE ZONAL VILLAS DE GRANADA,915.3,0,0.28,,0.33,1.5,0.0,,0.04,1031.02,0.0
11104-M4662831,APARTAMENTO,VENTA,19.38,66.0,4.0,2.0,63000.0,1.0,ENGATIVA,3,MAS DE 20 ANOS,4.72,-74.12,USADO,,0,0,0,0,0,1,0,0,0,1,False,ENGATIVA,PORTAL DE GRANADA,Portal 80,1757.78,0,PARQUE ZONAL VILLAS DE GRANADA,395.81,1,0.29,,0.25,2.0,0.0,,0.06,1546.36,0.0
754-M3840413,APARTAMENTO,VENTA,20.47,140.0,3.0,3.0,942000.0,2.0,SANTA BARBARA,6,MAS DE 20 ANOS,4.69,-74.04,USADO,,0,1,0,0,1,1,0,0,0,1,False,USAQUEN,SANTA BARBARA CENTRAL I Y II,Calle 106,1604.55,0,PARQUE METROPOLITANO EL COUNTRY,1306.12,0,0.15,,0.67,1.0,0.0,,0.02,566.58,0.0
2123-M2632974,APARTAMENTO,VENTA,21.05,220.0,3.0,5.0,1200000.0,2.0,COUNTRY,6,ENTRE 5 Y 10 ANOS,4.71,-74.03,USADO,,0,1,0,1,0,1,0,0,0,1,False,USAQUEN,GINEBRA,Prado,3042.6,0,PARQUE METROPOLITANO EL COUNTRY,1495.71,0,0.1,,0.67,0.6,0.0,,0.01,738.03,0.0
3038-M3855798,APARTAMENTO,VENTA,19.86,94.0,3.0,2.0,270000.0,1.0,NIZA ALHAMBRA,4,ENTRE 10 Y 20 ANOS,4.7,-74.07,USADO,,0,1,0,0,1,1,0,0,0,1,True,SUBA,NIZA SUR,Humedal Córdoba,215.25,1,PARQUE ZONAL LOS LACHES LA MINA,716.77,0,0.21,,0.33,1.5,0.0,,0.03,712.9,0.0
717-M3759255,APARTAMENTO,VENTA,20.57,164.0,3.0,4.0,854000.0,2.0,SANTA BARBARA,6,MAS DE 20 ANOS,4.7,-74.04,USADO,,0,1,0,1,1,1,0,0,0,1,False,USAQUEN,SANTA BARBARA NORTE,Calle 127,2015.18,0,PARQUE METROPOLITANO EL COUNTRY,391.35,1,0.13,,0.67,0.75,0.0,,0.02,635.44,0.0
3390-M4647425,APARTAMENTO,VENTA,20.62,150.0,3.0,4.0,1008000.0,2.0,SANTA BARBARA,6,MAS DE 20 ANOS,4.7,-74.05,USADO,,0,0,0,1,0,1,0,0,0,1,False,USAQUEN,SANTA BARBARA OCCIDENTAL,Pepe Sierra,1131.26,0,PARQUE METROPOLITANO EL COUNTRY,1013.33,0,0.14,,0.67,0.75,0.0,,0.02,293.17,1.0
10278-111466,APARTAMENTO,VENTA,20.17,87.0,3.0,2.0,475000.0,2.0,CENTRO NARINO,4,ENTRE 10 Y 20 ANOS,4.63,-74.1,USADO,,0,0,0,0,1,0,0,0,0,1,False,TEUSAQUILLO,SANTA CLARA,Quinta Paredes,712.78,0,PARQUE VECINAL SANTA CLARA,99.49,1,0.23,,0.67,1.5,0.0,,0.03,682.74,0.0
2564-M3027104,APARTAMENTO,VENTA,20.25,118.0,3.0,3.0,512000.0,2.0,CEDRITOS,4,ENTRE 10 Y 20 ANOS,4.73,-74.03,USADO,,0,0,1,1,1,1,0,0,0,1,False,USAQUEN,CEDRO SALAZAR,Calle 146,2028.4,0,PARQUE ZONAL ALTA BLANCA,636.72,0,0.17,,0.67,1.0,0.0,,0.03,136.64,1.0
754-M2165010,APARTAMENTO,VENTA,21.56,300.0,3.0,4.0,2300000.0,3.0,SANTA BARBARA,6,ENTRE 10 Y 20 ANOS,4.69,-74.05,USADO,,0,1,0,1,1,1,0,0,0,1,False,USAQUEN,SANTA BIBIANA,Calle 106,257.67,1,PARQUE ZONAL CANAL CORDOBA,1625.62,0,0.07,,1.0,0.75,0.0,,0.01,579.39,0.0
2359-M2438540,APARTAMENTO,VENTA Y ARRIENDO,21.16,234.06,3.0,5.0,1290000.0,3.0,COUNTRY,6,ENTRE 5 Y 10 ANOS,4.71,-74.02,USADO,11000000.0,0,1,0,1,1,1,1,0,0,1,False,USAQUEN,S.C. PARAMO_,Prado,3131.74,0,PARQUE METROPOLITANO EL COUNTRY,1566.01,0,0.09,46996.5,1.0,0.6,0.0,8.53,0.01,827.55,0.0
2571-M3792575,APARTAMENTO,VENTA,20.29,110.0,3.0,3.0,530000.0,1.0,NICOLAS DE FEDERMAN,5,MAS DE 20 ANOS,4.65,-74.09,USADO,,0,0,0,0,1,1,0,0,0,1,False,TEUSAQUILLO,NICOLAS DE FEDERMAN,Campín - UAN,795.56,0,PARQUE ZONAL NICOLAS DE FEDERMAN 3,354.04,1,0.18,,0.33,1.0,0.0,,0.03,742.53,0.0
171-M1487213,APARTAMENTO,VENTA,21.75,287.0,3.0,4.0,1300000.0,3.0,CHICO,6,ENTRE 5 Y 10 ANOS,4.65,-74.05,USADO,,0,0,0,0,0,0,0,0,0,1,False,CHAPINERO,S.C. BELLAVISTA,Flores – Areandina,1250.76,0,PARQUE ZONAL GUSTAVO URIBE BOTERO,234.44,1,0.08,,1.0,0.75,0.0,,0.01,442.92,1.0
2731-M2714729,APARTAMENTO,VENTA,20.6,124.0,3.0,3.0,690000.0,2.0,SANTA BARBARA,6,ENTRE 5 Y 10 ANOS,4.7,-74.04,USADO,,1,1,0,1,1,0,0,0,0,1,False,USAQUEN,SANTA BARBARA CENTRAL I SECTOR,Pepe Sierra,1999.2,0,PARQUE METROPOLITANO EL COUNTRY,814.89,0,0.17,,0.67,1.0,0.0,,0.02,571.49,0.0
171-M3039519,APARTAMENTO,VENTA,21.53,211.0,3.0,4.0,2200000.0,3.0,CHAPINERO ALTO,6,ENTRE 10 Y 20 ANOS,4.65,-74.05,USADO,,0,0,0,0,1,0,0,0,0,1,False,CHAPINERO,S.C. INGEMAR ORIENTAL,Flores – Areandina,1646.95,0,PARQUE ZONAL GUSTAVO URIBE BOTERO,355.46,1,0.1,,1.0,0.75,0.0,,0.01,805.89,0.0
2731-M2376923,APARTAMENTO,VENTA,21.02,198.0,3.0,5.0,1200000.0,3.0,COUNTRY,6,ENTRE 5 Y 10 ANOS,4.7,-74.04,USADO,,0,1,0,1,1,0,0,0,0,1,False,USAQUEN,SANTA BARBARA NORTE,Calle 127,1586.92,0,PARQUE METROPOLITANO EL COUNTRY,211.59,1,0.11,,1.0,0.6,0.0,,0.02,213.64,1.0
2536-M3659859,APARTAMENTO,VENTA,19.99,80.0,3.0,3.0,260000.0,1.0,METROPOLIS,4,REMODELADO,4.67,-74.09,USADO,,0,0,0,0,1,1,0,0,0,1,False,BARRIOS UNIDOS,POPULAR MODELO,AV. Chile,1186.0,0,PARQUE METROPOLITANO PARQUE DE LOS NIÑOS,703.69,0,0.25,,0.33,1.0,0.0,,0.04,745.94,0.0
2731-M1941775,APARTAMENTO,VENTA,20.13,62.0,1.0,2.0,400000.0,2.0,SANTA BARBARA,6,ENTRE 5 Y 10 ANOS,4.69,-74.05,USADO,,0,1,1,1,1,0,0,0,0,1,False,USAQUEN,SANTA BIBIANA,Calle 100 - Marketmedios,634.6,0,PARQUE VECINAL URBANIZACIÓN NORMANDIA I II II Y IV SECTOR,1254.13,0,0.32,,2.0,0.5,0.0,,0.02,434.86,1.0
651-M2643776,APARTAMENTO,VENTA,21.32,265.0,4.0,5.0,1300000.0,2.0,CHICO,6,REMODELADO,4.66,-74.05,USADO,,0,1,0,0,1,0,0,0,0,1,False,CHAPINERO,S.C. EL NOGAL,Calle 76 - San Felipe,790.08,0,PARQUE ZONAL SAN ANDRÉS,598.98,0,0.08,,0.5,0.8,0.0,,0.02,387.7,3.0
2731-M2210516,APARTAMENTO,VENTA,20.86,172.0,3.0,4.0,830000.0,2.0,SANTA BARBARA,6,ENTRE 0 Y 5 ANOS,4.69,-74.04,USADO,,0,1,0,0,1,0,0,0,0,1,False,USAQUEN,MOLINOS NORTE,Calle 106,1624.49,0,PARQUE METROPOLITANO EL COUNTRY,1653.51,0,0.12,,0.67,0.75,0.0,,0.02,499.45,1.0
2359-M3529010,APARTAMENTO,VENTA,21.39,210.0,2.0,3.0,915000.0,2.0,CHICO,6,MAS DE 20 ANOS,4.65,-74.05,USADO,,0,1,0,0,1,0,0,0,0,1,False,CHAPINERO,S.C. BELLAVISTA,Calle 72,1368.21,0,PARQUE ZONAL GUSTAVO URIBE BOTERO,354.62,1,0.1,,1.0,0.67,0.0,,0.01,594.05,0.0
2731-1427100,APARTAMENTO,VENTA,20.61,210.0,3.0,4.0,772000.0,2.0,NIZA ALHAMBRA,5,ENTRE 10 Y 20 ANOS,4.7,-74.08,USADO,,1,0,0,0,1,0,0,0,0,1,False,SUBA,URB. PONTEVEDRA SECTOR I,Humedal Córdoba,1098.3,0,PARQUE ZONAL MORATO,865.79,0,0.1,,0.67,0.75,0.0,,0.01,1025.43,0.0
512-1494244,APARTAMENTO,VENTA,20.43,81.0,2.0,3.0,640000.0,2.0,COUNTRY,5,ENTRE 0 Y 5 ANOS,4.71,-74.03,USADO,,1,1,0,1,1,0,1,0,0,1,False,USAQUEN,SAN,Prado,2974.26,0,PARQUE METROPOLITANO EL COUNTRY,1252.04,0,0.25,,1.0,0.67,0.0,,0.02,754.67,0.0
2731-1585675,APARTAMENTO,VENTA,20.47,198.0,3.0,4.0,700000.0,2.0,NIZA ALHAMBRA,5,REMODELADO,4.7,-74.08,USADO,,0,0,0,0,1,1,0,0,0,1,False,SUBA,URB. PONTEVEDRA SECTOR I,Humedal Córdoba,1121.05,0,PARQUE ZONAL MORATO,1001.72,0,0.1,,0.67,0.75,0.0,,0.02,1070.86,0.0
2456-722232,APARTAMENTO,VENTA,20.2,123.0,3.0,3.0,400000.0,2.0,COLINA Y ALREDEDORES,5,ENTRE 5 Y 10 ANOS,4.74,-74.06,USADO,,0,0,0,1,1,1,0,0,0,1,False,SUBA,URB. LA SIRENA,Mazurén,1537.64,0,PARQUE VECINAL DESARROLLO CANTALEJO URBANIZACIÓN CANTALEJO MANZANA B,901.24,0,0.16,,0.67,1.0,0.0,,0.02,590.22,0.0
2456-1800037,APARTAMENTO,VENTA,20.18,112.0,3.0,3.0,360000.0,2.0,COLINA Y ALREDEDORES,5,ENTRE 5 Y 10 ANOS,4.73,-74.06,USADO,,0,1,0,1,1,1,0,0,0,1,False,SUBA,EL PINAR,Mazurén,1313.45,0,PARQUE VECINAL URBANIZACIÓN LA LAGUNA,751.56,0,0.18,,0.67,1.0,0.0,,0.03,660.0,0.0
839-M3333234,APARTAMENTO,VENTA,21.71,297.0,4.0,5.0,1600000.0,4.0,CERROS DE SUBA,6,ENTRE 5 Y 10 ANOS,4.72,-74.08,USADO,,0,1,0,1,1,1,1,0,0,1,False,SUBA,URB. MONTICELLO,Suba - AV. Boyacá,666.73,0,PARQUE VECINAL AGRUPACIÓN DE VIVIENDA EN BALCON DE LINDARAJA,919.41,0,0.07,,1.0,0.8,0.0,,0.01,1572.76,0.0
2456-1408336,APARTAMENTO,VENTA,20.29,123.0,3.0,4.0,400000.0,2.0,COLINA Y ALREDEDORES,4,ENTRE 5 Y 10 ANOS,4.74,-74.06,USADO,,0,1,0,1,1,1,0,0,0,0,False,SUBA,URB. LA SIRENA,Mazurén,1525.13,0,PARQUE VECINAL DESARROLLO CANTALEJO URBANIZACIÓN CANTALEJO MANZANA B,880.45,0,0.16,,0.67,0.75,0.0,,0.02,611.03,0.0
2456-1184927,APARTAMENTO,VENTA,20.2,127.0,3.0,3.0,340000.0,2.0,COLINA Y ALREDEDORES,5,ENTRE 5 Y 10 ANOS,4.73,-74.06,USADO,,0,0,0,1,1,1,0,0,0,1,False,SUBA,EL PINAR,Calle 146,1212.1,0,PARQUE VECINAL URBANIZACIÓN LA LAGUNA,701.93,0,0.16,,0.67,1.0,0.0,,0.02,689.14,0.0
4313-M2912323,APARTAMENTO,VENTA,19.73,68.0,2.0,2.0,675000.0,1.0,COUNTRY,5,MAS DE 20 ANOS,4.71,-74.03,USADO,,0,1,0,0,1,0,0,0,0,1,False,USAQUEN,BELLA SUIZA,Prado,2453.2,0,PARQUE METROPOLITANO EL COUNTRY,871.79,0,0.29,,0.5,1.0,0.0,,0.03,281.44,1.0
450-M3034658,APARTAMENTO,VENTA,20.23,93.0,3.0,3.0,330000.0,2.0,CEDRITOS,4,ENTRE 0 Y 5 ANOS,4.72,-74.04,USADO,,0,0,0,1,1,1,1,0,0,1,False,USAQUEN,CEDRO NARVAEZ,Calle 142,1708.16,0,PARQUE VECINAL NUEVA URBANIZACIÓN EL CEDRITO,248.33,1,0.22,,0.67,1.0,0.0,,0.03,397.82,1.0
2974-I1872938,APARTAMENTO,VENTA,20.44,94.0,2.0,3.0,650000.0,2.0,COUNTRY,5,ENTRE 5 Y 10 ANOS,4.72,-74.04,USADO,,1,1,0,0,1,1,0,0,0,1,True,USAQUEN,NUEVO COUNTRY,Alcalá,1131.67,0,PARQUE VECINAL NUEVA URBANIZACIÓN EL CEDRITO,1231.0,0,0.22,,1.0,0.67,0.0,,0.02,628.02,0.0
2559-M2206443,APARTAMENTO,VENTA,20.72,180.0,3.0,3.0,1050000.0,2.0,CHICO,6,MAS DE 20 ANOS,4.66,-74.05,USADO,,0,1,0,0,1,0,0,0,0,1,False,CHAPINERO,S.C. BELLAVISTA,Calle 72,1179.1,0,PARQUE ZONAL SAN ANDRÉS,715.72,0,0.12,,0.67,1.0,0.0,,0.02,477.87,1.0
384-M4668486,APARTAMENTO,VENTA,19.35,39.0,1.0,1.0,200000.0,0.0,COLINA Y ALREDEDORES,4,ENTRE 0 Y 5 ANOS,4.72,-74.06,USADO,,0,0,0,0,0,0,0,0,0,0,False,SUBA,S.C. PRADO VERANIEGO NORTE,Prado,1010.06,0,PARQUE ZONAL ATABANZA,983.81,0,0.5,,0.0,1.0,0.0,,0.03,615.35,0.0
384-M4710146,APARTAMENTO,VENTA,19.91,80.0,2.0,2.0,378000.0,1.0,CEDRITOS,5,ENTRE 10 Y 20 ANOS,4.72,-74.05,USADO,,0,0,0,0,0,0,0,0,0,0,False,USAQUEN,LOS CEDRITOS,Calle 142,313.82,1,PARQUE VECINAL PRADO PINZÓN,504.75,0,0.25,,0.5,1.0,0.0,,0.02,522.19,0.0
384-M4074227,APARTAMENTO,VENTA,19.7,59.0,1.0,1.0,419000.0,2.0,SANTA BARBARA,6,ENTRE 10 Y 20 ANOS,4.7,-74.04,USADO,,0,0,0,0,0,0,0,0,0,0,False,USAQUEN,SANTA BARBARA CENTRAL III SECTOR,Pepe Sierra,2130.05,0,PARQUE METROPOLITANO EL COUNTRY,1065.96,0,0.33,,2.0,1.0,0.0,,0.02,481.7,1.0
384-M3905440,APARTAMENTO,VENTA,20.23,64.54,2.0,2.0,484050.0,2.0,CHAPINERO ALTO,4,ENTRE 0 Y 5 ANOS,4.65,-74.06,USADO,,0,0,0,0,0,0,0,0,0,0,True,CHAPINERO,S.C. CHAPINERO NORTE,Flores – Areandina,204.4,1,PARQUE ZONAL LA ESTACIÓN,1118.46,0,0.31,,1.0,1.0,0.0,,0.03,167.47,1.0
14271-M4434147,APARTAMENTO,VENTA,19.88,82.0,3.0,2.0,287000.0,1.0,ORQUIDEAS,4,ENTRE 10 Y 20 ANOS,4.76,-74.04,USADO,,0,0,0,1,1,1,0,0,0,1,False,USAQUEN,SAN ANTONIO NOROCCIDENTAL,Portal Norte,926.24,0,PARQUE VECINAL URBANIZACIÓN CALLE 170 / ALAMEDA,42.08,1,0.24,,0.33,1.5,0.0,,0.04,823.52,0.0
384-M4065163,APARTAMENTO,VENTA,19.35,49.0,2.0,2.0,198000.0,1.0,ENGATIVA,4,ENTRE 5 Y 10 ANOS,4.72,-74.13,USADO,,0,0,0,0,0,0,0,0,0,0,False,ENGATIVA,EL GACO - EL PORVENIR (PREDIO),Portal 80,3024.61,0,PARQUE METROPOLITANO PLANTA DE TRATAMIENTO SALITRE,923.67,0,0.39,,0.5,1.0,0.0,,0.04,2810.77,0.0
384-M4656198,APARTAMENTO,VENTA,19.49,76.22,3.0,2.0,335000.0,1.0,ORQUIDEAS,3,MAS DE 20 ANOS,4.75,-74.03,USADO,,0,0,0,0,0,0,0,0,0,0,False,USAQUEN,ALICANTE I Y II,Toberin - Foundever,1780.37,0,PARQUE ZONAL SERVITA,936.6,0,0.26,,0.33,1.5,0.0,,0.04,562.65,0.0
14271-M3572957,APARTAMENTO,VENTA,19.72,81.64,3.0,2.0,265000.0,1.0,COLINA Y ALREDEDORES,4,MAS DE 20 ANOS,4.74,-74.05,USADO,,0,1,0,0,0,1,0,0,0,1,False,SUBA,MAZUREN,Mazurén,291.93,1,PARQUE VECINAL URBANIZACIÓN VICTORIA NORTE,139.79,1,0.24,,0.33,1.5,0.0,,0.04,1683.94,0.0
754-M3485590,APARTAMENTO,VENTA,21.59,268.0,3.0,5.0,1390000.0,2.0,CHICO,6,MAS DE 20 ANOS,4.67,-74.05,USADO,,0,0,0,0,1,1,0,0,0,1,False,CHAPINERO,S.C. EL RETIRO,Héroes - Gel´Hada,694.17,0,PARQUE VECINAL URBANIZACIÓN LA CABRERA,432.39,1,0.08,,0.67,0.6,0.0,,0.01,136.27,7.0
14271-M4717156,APARTAMENTO,VENTA,20.21,77.0,2.0,3.0,635000.0,1.0,SANTA BARBARA,6,ENTRE 0 Y 5 ANOS,4.7,-74.04,USADO,,0,0,0,0,1,0,0,0,0,1,False,USAQUEN,SANTA BARBARA CENTRAL II SECTOR,Pepe Sierra,1790.17,0,PARQUE METROPOLITANO EL COUNTRY,846.49,0,0.26,,0.5,0.67,0.0,,0.03,736.22,0.0
14271-M3859079,APARTAMENTO,VENTA,20.39,107.0,3.0,4.0,570000.0,2.0,COLINA Y ALREDEDORES,5,ENTRE 10 Y 20 ANOS,4.73,-74.06,USADO,,1,1,0,1,1,1,1,0,0,1,False,SUBA,COLPATRIA SANTA HELENA II SECTOR,Gratamira,1324.38,0,PARQUE VECINAL URBANIZACIÓN LA LAGUNA,1092.92,0,0.19,,0.67,0.75,0.0,,0.03,295.74,1.0
16526-M4696397,APARTAMENTO,VENTA,19.58,65.0,3.0,2.0,285000.0,1.0,ENGATIVA,4,ENTRE 0 Y 5 ANOS,4.72,-74.13,USADO,,0,0,0,1,1,1,0,0,0,1,False,ENGATIVA,S.C. ENGATIVA EL DORADO,Portal 80,2544.87,0,PARQUE METROPOLITANO PLANTA DE TRATAMIENTO SALITRE,719.31,0,0.3,,0.33,1.5,0.0,,0.05,2331.53,0.0
5545-M2842469,APARTAMENTO,VENTA,20.2,67.0,2.0,2.0,550000.0,2.0,CHICO,6,ENTRE 10 Y 20 ANOS,4.69,-74.05,USADO,,0,0,0,1,1,1,1,0,0,1,False,CHAPINERO,S.C. CHICO NORTE III SECTOR,Calle 100 - Marketmedios,474.14,1,PARQUE VECINAL URBANIZACIÓN NORMANDIA I II II Y IV SECTOR,1108.9,0,0.3,,1.0,1.0,0.0,,0.03,471.11,1.0
2731-M2433828,APARTAMENTO,VENTA,20.77,180.0,3.0,3.0,980000.0,3.0,SANTA BARBARA,6,REMODELADO,4.69,-74.05,USADO,,0,1,0,1,1,0,0,0,0,0,False,USAQUEN,SANTA BIBIANA,Calle 106,516.16,0,PARQUE VECINAL URBANIZACIÓN NORMANDIA I II II Y IV SECTOR,1336.69,0,0.12,,1.0,1.0,0.0,,0.02,697.26,0.0
800-M3451668,APARTAMENTO,VENTA,19.88,101.0,3.0,2.0,250000.0,1.0,ORQUIDEAS,3,ENTRE 5 Y 10 ANOS,4.76,-74.04,USADO,,0,1,0,0,0,1,0,0,0,0,False,USAQUEN,CANAPRO,Portal Norte,834.59,0,PARQUE VECINAL URBANIZACIÓN CALLE 170 / ALAMEDA,50.09,1,0.2,,0.33,1.5,0.0,,0.03,831.82,0.0
11312-M4518635,APARTAMENTO,VENTA,20.82,145.0,3.0,5.0,1100000.0,2.0,CHICO,6,ENTRE 10 Y 20 ANOS,4.68,-74.06,USADO,,0,1,0,1,0,1,0,0,0,0,False,CHAPINERO,S.C. CHICO NORTE III SECTOR,Calle 100 - Marketmedios,323.22,1,PARQUE VECINAL URBANIZACIÓN NORMANDIA I II II Y IV SECTOR,697.88,0,0.14,,0.67,0.6,0.0,,0.02,227.79,1.0
717-M2827856,APARTAMENTO,VENTA,20.52,138.0,3.0,3.0,3921395.93,2.0,SANTA BARBARA,6,ENTRE 5 Y 10 ANOS,4.69,-74.05,USADO,,0,0,0,0,1,1,0,0,0,1,False,USAQUEN,SANTA BIBIANA,Calle 106,400.89,1,PARQUE VECINAL URBANIZACIÓN NORMANDIA I II II Y IV SECTOR,1499.37,0,0.15,,0.67,1.0,0.0,,0.02,784.16,0.0
2238-M3629023,APARTAMENTO,VENTA,19.76,75.0,3.0,2.0,200000.0,1.0,COLINA Y ALREDEDORES,4,ENTRE 5 Y 10 ANOS,4.75,-74.07,USADO,,0,0,0,1,1,1,0,0,0,1,False,SUBA,NUEVA_ESCOCIA,Toberin - Foundever,2072.73,0,PARQUE ZONAL SAN JOSÉ DE BAVARIA,660.66,0,0.26,,0.33,1.5,0.0,,0.04,1834.81,0.0
754-M3644519,APARTAMENTO,VENTA,21.25,133.0,3.0,4.0,1100000.0,3.0,SANTA BARBARA,5,ENTRE 0 Y 5 ANOS,4.69,-74.04,USADO,,0,0,0,0,1,1,0,0,0,1,False,USAQUEN,SANTA ANA OCCIDENTAL,Calle 106,2287.08,0,PARQUE METROPOLITANO EL COUNTRY,1703.69,0,0.16,,1.0,0.75,0.0,,0.02,203.51,1.0
2123-M3086074,APARTAMENTO,VENTA,20.77,163.0,3.0,5.0,850000.0,2.0,COUNTRY,5,ENTRE 5 Y 10 ANOS,4.71,-74.05,USADO,,0,0,0,1,0,1,0,0,0,1,False,USAQUEN,LA CALLEJA,Calle 127,700.86,0,PARQUE ZONAL ATABANZA,1113.26,0,0.13,,0.67,0.6,0.0,,0.02,409.38,2.0
171-M4288379,APARTAMENTO,VENTA,20.39,80.0,2.0,2.0,870000.0,2.0,CHICO,6,ENTRE 10 Y 20 ANOS,4.68,-74.04,USADO,,0,0,0,0,1,0,0,0,0,1,False,CHAPINERO,S.C. CHICO NORTE,Virrey,1972.78,0,PARQUE VECINAL URBANIZACIÓN LA CABRERA,1173.35,0,0.25,,1.0,1.0,0.0,,0.02,619.43,0.0
754-M2864405,APARTAMENTO,VENTA,20.58,206.0,3.0,3.0,900000.0,2.0,CHICO,6,MAS DE 20 ANOS,4.66,-74.05,USADO,,0,1,0,0,1,1,0,0,0,1,False,CHAPINERO,LOS ROSALES,Calle 72,1613.08,0,PARQUE ZONAL GUSTAVO URIBE BOTERO,797.96,0,0.1,,0.67,1.0,0.0,,0.01,862.83,0.0
2748-M2699253,APARTAMENTO,VENTA,21.68,176.0,3.0,4.0,2000000.0,3.0,CHICO,6,ENTRE 0 Y 5 ANOS,4.67,-74.05,USADO,,0,0,0,1,0,1,1,0,0,1,False,CHAPINERO,S.C. EL CHICO,Calle 85,1633.99,0,PARQUE VECINAL URBANIZACIÓN LA CABRERA,578.5,0,0.12,,1.0,0.75,0.0,,0.02,525.92,0.0
11203-M3155412,APARTAMENTO,VENTA,20.77,153.0,3.0,3.0,1029000.0,2.0,CHAPINERO ALTO,6,REMODELADO,4.65,-74.05,USADO,,0,1,0,0,1,0,0,0,0,1,False,CHAPINERO,S.C. LAS ACACIAS,Flores – Areandina,1356.97,0,PARQUE ZONAL GUSTAVO URIBE BOTERO,157.91,1,0.14,,0.67,1.0,0.0,,0.02,530.41,0.0
836-M4742648,APARTAMENTO,VENTA,20.15,110.0,3.0,2.0,950000.0,2.0,SANTA BARBARA,6,MAS DE 20 ANOS,4.7,-74.04,USADO,,0,0,0,0,0,0,0,0,0,1,False,USAQUEN,SANTA BARBARA CENTRAL I SECTOR,Calle 127,1616.47,0,PARQUE METROPOLITANO EL COUNTRY,570.7,0,0.18,,0.67,1.5,0.0,,0.03,387.09,1.0
4070-M4488909,APARTAMENTO,VENTA,20.26,101.0,3.0,2.0,520000.0,2.0,NIZA ALHAMBRA,5,ENTRE 5 Y 10 ANOS,4.71,-74.07,USADO,,0,1,0,1,1,1,1,0,0,1,False,SUBA,BATAN LOTE NIZA XII,Humedal Córdoba,337.15,1,PARQUE ZONAL LOS LACHES LA MINA,590.44,0,0.2,,0.67,1.5,0.0,,0.03,589.27,0.0
11203-M3567732,APARTAMENTO,VENTA,20.21,115.0,3.0,3.0,675000.0,4.0,CEDRITOS,4,MAS DE 20 ANOS,4.72,-74.03,USADO,,0,1,0,0,1,0,0,0,0,1,False,USAQUEN,CEDRITOS,Alcalá,2500.54,0,PARQUE VECINAL NUEVA URBANIZACIÓN EL CEDRITO,876.47,0,0.18,,1.33,1.0,0.0,,0.03,149.46,1.0
4137-M4693486,APARTAMENTO,VENTA,19.76,63.0,3.0,2.0,150000.0,1.0,SALITRE MODELIA,3,ENTRE 5 Y 10 ANOS,4.66,-74.12,USADO,,0,0,0,0,1,1,0,0,0,1,False,FONTIBON,CARLOS LLERAS RESTREPO,AV. Rojas,1282.56,0,PARQUE VECINAL CARLOS LLERAS (EL FUEGO),463.73,1,0.31,,0.33,1.5,0.0,,0.05,961.05,0.0
3390-M3168061,APARTAMENTO,VENTA,20.82,165.0,3.0,5.0,1058000.0,3.0,COUNTRY,5,ENTRE 10 Y 20 ANOS,4.71,-74.05,USADO,,0,1,0,1,0,1,0,0,0,1,False,USAQUEN,LA CALLEJA,Calle 127,582.1,0,PARQUE ZONAL ATABANZA,818.24,0,0.13,,1.0,0.6,0.0,,0.02,229.15,5.0
11203-M3008047,APARTAMENTO,VENTA,21.19,240.0,3.0,3.0,3921395.93,3.0,CHICO,6,MAS DE 20 ANOS,4.67,-74.04,USADO,,0,1,0,0,1,1,0,0,0,1,False,CHAPINERO,CHICO ORIENTAL,Calle 85,1999.59,0,PARQUE VECINAL URBANIZACIÓN LA CABRERA,956.63,0,0.09,,1.0,1.0,0.0,,0.01,895.29,0.0
839-360117,APARTAMENTO,VENTA,20.26,90.0,2.0,2.0,3921395.93,2.0,SANTA BARBARA,5,ENTRE 5 Y 10 ANOS,4.7,-74.05,USADO,,0,0,0,1,1,1,0,0,0,1,False,USAQUEN,SANTA BARBARA OCCIDENTAL,Calle 127,705.01,0,PARQUE METROPOLITANO EL COUNTRY,1045.24,0,0.23,,1.0,1.0,0.0,,0.02,553.43,0.0
11203-M2737048,APARTAMENTO,VENTA,21.06,145.37,3.0,5.0,980000.0,3.0,CHICO,6,ENTRE 0 Y 5 ANOS,4.68,-74.06,USADO,,0,1,0,1,1,0,0,0,0,1,False,CHAPINERO,S.C. EL CHICO,Virrey,438.21,1,PARQUE VECINAL URBANIZACIÓN NORMANDIA I II II Y IV SECTOR,376.05,1,0.14,,1.0,0.6,0.0,,0.02,398.18,3.0
3204-M2181347,APARTAMENTO,VENTA,20.86,128.0,2.0,4.0,800000.0,2.0,CHAPINERO ALTO,5,ENTRE 10 Y 20 ANOS,4.65,-74.05,USADO,,0,1,0,1,1,0,0,0,0,1,False,CHAPINERO,ZAMUDIO,Flores – Areandina,1134.8,0,PARQUE ZONAL GUSTAVO URIBE BOTERO,212.89,1,0.16,,1.0,0.5,0.0,,0.02,318.42,1.0
11203-M3332717,APARTAMENTO,VENTA,19.98,83.0,2.0,3.0,550000.0,1.0,SANTA BARBARA,6,MAS DE 20 ANOS,4.7,-74.05,USADO,,1,1,0,0,1,0,0,0,0,1,False,USAQUEN,SAN PATRICIO,Pepe Sierra,986.91,0,PARQUE METROPOLITANO EL COUNTRY,1374.76,0,0.24,,0.5,0.67,0.0,,0.02,178.83,3.0
3436-886472,APARTAMENTO,VENTA,20.34,122.0,2.0,2.0,590000.0,2.0,COUNTRY,6,MAS DE 20 ANOS,4.71,-74.04,USADO,,0,1,0,0,1,0,0,0,0,1,False,USAQUEN,LA_CAROLINA,Calle 127,1497.68,0,PARQUE METROPOLITANO EL COUNTRY,266.82,1,0.17,,1.0,1.0,0.0,,0.02,295.7,1.0
2266-511,APARTAMENTO,VENTA,19.41,33.0,1.0,1.0,200000.0,0.0,CENTRO Y ZONA COLONIAL,3,ENTRE 0 Y 5 ANOS,4.6,-74.07,USADO,,0,0,0,1,1,0,0,0,0,1,False,SANTA FE,VERACRUZ__,Museo del Oro,191.29,1,PARQUE METROPOLITANO TERCER MILENIO,1086.37,0,0.59,,0.0,1.0,0.0,,0.03,185.83,2.0
2456-1652866,APARTAMENTO,VENTA,19.88,90.0,3.0,3.0,330000.0,1.0,COLINA Y ALREDEDORES,4,ENTRE 5 Y 10 ANOS,4.73,-74.06,USADO,,0,1,0,1,1,1,0,0,0,1,False,SUBA,MAZUREN,Mazurén,964.2,0,PARQUE VECINAL URBANIZACIÓN LA LAGUNA,409.65,1,0.22,,0.33,1.0,0.0,,0.03,1004.74,0.0
2456-840604,APARTAMENTO,VENTA,20.64,195.0,3.0,5.0,420000.0,2.0,COLINA Y ALREDEDORES,4,ENTRE 0 Y 5 ANOS,4.74,-74.06,USADO,,1,1,0,1,1,1,1,0,0,0,False,SUBA,URB. LA SIRENA,Mazurén,1525.13,0,PARQUE VECINAL DESARROLLO CANTALEJO URBANIZACIÓN CANTALEJO MANZANA B,880.45,0,0.11,,0.67,0.6,0.0,,0.02,611.03,0.0
2731-1382300,APARTAMENTO,VENTA Y ARRIENDO,21.53,375.0,3.0,5.0,1090000.0,3.0,CEDRITOS,6,ENTRE 5 Y 10 ANOS,4.72,-74.03,USADO,12000000.0,0,0,0,1,1,1,0,0,0,1,False,USAQUEN,SIERRAS DEL MORAL,Calle 142,2739.68,0,PARQUE VECINAL NUEVA URBANIZACIÓN EL CEDRITO,831.89,0,0.06,32000.0,1.0,0.6,0.0,11.01,0.01,629.41,0.0
2456-1014004,APARTAMENTO,VENTA,20.28,132.0,3.0,4.0,400000.0,2.0,COLINA Y ALREDEDORES,4,ENTRE 5 Y 10 ANOS,4.73,-74.06,USADO,,1,0,0,1,0,1,0,0,0,0,False,SUBA,EL PINAR,Calle 146,1212.1,0,PARQUE VECINAL URBANIZACIÓN LA LAGUNA,701.93,0,0.15,,0.67,0.75,0.0,,0.02,689.14,0.0
2559-M3345047,APARTAMENTO,VENTA,20.26,126.0,3.0,3.0,622000.0,2.0,COUNTRY,5,MAS DE 20 ANOS,4.71,-74.03,USADO,,0,1,0,0,1,1,0,0,0,1,False,USAQUEN,BALCONES Y PORTALES DEL COUNTRY,Prado,2122.43,0,PARQUE METROPOLITANO EL COUNTRY,739.82,0,0.16,,0.67,1.0,0.0,,0.02,236.67,2.0
2974-M3083204,APARTAMENTO,VENTA,21.31,300.0,3.0,3.0,2100000.0,3.0,CHICO,6,MAS DE 20 ANOS,4.66,-74.05,USADO,,0,1,0,0,0,1,0,0,0,1,False,CHAPINERO,PINAR ALTO - PINAR II,Calle 76 - San Felipe,1492.33,0,PARQUE ZONAL SAN ANDRÉS,588.63,0,0.07,,1.0,1.0,0.0,,0.01,760.07,0.0
874-M2004471,APARTAMENTO,VENTA,20.2,107.0,3.0,2.0,520000.0,2.0,COUNTRY,5,ENTRE 5 Y 10 ANOS,4.72,-74.04,USADO,,0,0,0,1,1,1,1,0,0,1,False,USAQUEN,LISBOA_,Alcalá,1510.52,0,PARQUE VECINAL NUEVA URBANIZACIÓN EL CEDRITO,867.38,0,0.19,,0.67,1.5,0.0,,0.03,277.39,1.0
2974-M3083219,APARTAMENTO,VENTA,21.82,359.0,4.0,5.0,2340000.0,3.0,CHICO,6,MAS DE 20 ANOS,4.66,-74.05,USADO,,0,1,0,0,1,1,0,0,0,1,False,CHAPINERO,LOS ROSALES,Calle 72,1517.16,0,PARQUE ZONAL SAN ANDRÉS,849.15,0,0.06,,0.75,0.8,0.0,,0.01,793.37,0.0
800-M3451441,APARTAMENTO,VENTA,19.97,79.0,2.0,2.0,490000.0,2.0,CEDRITOS,5,ENTRE 10 Y 20 ANOS,4.72,-74.04,USADO,,0,1,0,0,0,1,0,0,0,1,False,USAQUEN,CEDRITOS,Calle 142,1200.11,0,PARQUE VECINAL NUEVA URBANIZACIÓN EL CEDRITO,781.06,0,0.25,,1.0,1.0,0.0,,0.03,472.92,1.0
3038-M3846502,APARTAMENTO,VENTA,19.86,94.0,3.0,2.0,270000.0,1.0,NIZA ALHAMBRA,4,ENTRE 10 Y 20 ANOS,4.7,-74.08,USADO,,0,1,0,0,1,1,0,0,0,1,True,SUBA,NIZA SUR,Humedal Córdoba,633.02,0,PARQUE ZONAL LOS LACHES LA MINA,840.31,0,0.21,,0.33,1.5,0.0,,0.03,837.68,0.0
11104-M4662816,APARTAMENTO,VENTA,19.62,70.0,3.0,2.0,387600.0,1.0,COLINA Y ALREDEDORES,3,ENTRE 10 Y 20 ANOS,4.75,-74.05,USADO,,0,0,0,0,1,1,0,0,0,1,False,SUBA,S.C. GRANADA NORTE,Toberin - Foundever,919.99,0,PARQUE VECINAL DESARROLLO CANTALEJO URBANIZACIÓN CANTALEJO MANZANA B,1024.84,0,0.28,,0.33,1.5,0.0,,0.04,1582.42,0.0
5586-M4153355,APARTAMENTO,VENTA,20.64,97.0,2.0,3.0,780000.0,3.0,CHICO,6,ENTRE 0 Y 5 ANOS,4.68,-74.06,USADO,,0,0,0,1,1,0,0,0,0,1,False,CHAPINERO,S.C. CHICO NORTE,Virrey,396.67,1,PARQUE VECINAL URBANIZACIÓN NORMANDIA I II II Y IV SECTOR,284.62,1,0.21,,1.5,0.67,0.0,,0.02,379.79,1.0
3115-M2544147,APARTAMENTO,VENTA,20.13,126.0,3.0,3.0,599000.0,2.0,COLINA Y ALREDEDORES,5,MAS DE 20 ANOS,4.71,-74.06,USADO,,0,0,0,1,1,1,0,0,0,1,False,SUBA,CANODROMO - URB. ATABANZA,Calle 127,482.08,1,PARQUE ZONAL ATABANZA,181.62,1,0.16,,0.67,1.0,0.0,,0.02,539.01,0.0
839-M2871526,APARTAMENTO,VENTA,21.39,189.0,3.0,5.0,980000.0,3.0,CERROS DE SUBA,6,ENTRE 5 Y 10 ANOS,4.72,-74.08,USADO,,0,1,0,1,1,1,1,0,0,1,False,SUBA,URB. MONTICELLO,Suba - AV. Boyacá,662.48,0,PARQUE VECINAL AGRUPACIÓN DE VIVIENDA EN BALCON DE LINDARAJA,909.55,0,0.11,,1.0,0.6,0.0,,0.02,1564.1,0.0
2571-M4411045,APARTAMENTO,VENTA,19.66,80.0,2.0,2.0,3921395.93,1.0,METROPOLIS,4,ENTRE 10 Y 20 ANOS,4.67,-74.09,USADO,,0,0,0,0,0,0,0,0,0,0,False,BARRIOS UNIDOS,J.J. VARGAS - JOSE JOAQUIN VARGAS,Carrera 53,1316.79,0,PARQUE VECINAL URBANIZACIÓN METROPOLIS,575.43,0,0.25,,0.5,1.0,0.0,,0.02,381.84,1.0
3204-M2194023,APARTAMENTO,VENTA,21.39,252.0,4.0,5.0,1100000.0,3.0,CHICO,6,MAS DE 20 ANOS,4.66,-74.05,USADO,,0,1,0,0,1,0,0,0,0,1,False,CHAPINERO,LOS ROSALES,Calle 76 - San Felipe,1256.82,0,PARQUE ZONAL SAN ANDRÉS,556.06,0,0.08,,0.75,0.8,0.0,,0.02,689.23,0.0
3204-M2086566,APARTAMENTO,VENTA,21.06,221.0,3.0,4.0,900000.0,2.0,CHICO,6,REMODELADO,4.65,-74.05,USADO,,0,1,0,0,1,0,0,0,0,1,False,CHAPINERO,S.C. BELLAVISTA,Calle 72,1512.96,0,PARQUE ZONAL GUSTAVO URIBE BOTERO,432.27,1,0.1,,0.67,0.75,0.0,,0.01,737.88,0.0
11203-M3332671,APARTAMENTO,VENTA,20.69,155.0,2.0,3.0,630000.0,2.0,SANTA BARBARA,6,ENTRE 10 Y 20 ANOS,4.69,-74.05,USADO,,0,1,0,0,1,0,0,0,0,1,False,USAQUEN,SAN PATRICIO,Pepe Sierra,837.03,0,PARQUE METROPOLITANO EL COUNTRY,1539.55,0,0.13,,1.0,0.67,0.0,,0.01,149.62,3.0
2266-M3713058,APARTAMENTO,VENTA,20.82,139.0,3.0,4.0,360000.0,2.0,COLINA Y ALREDEDORES,5,ENTRE 5 Y 10 ANOS,4.74,-74.06,USADO,,0,0,0,0,1,1,0,0,0,0,False,SUBA,URB. LA SIRENA,Gratamira,1426.01,0,PARQUE ZONAL EL TOMILLAR,1026.59,0,0.15,,0.67,0.75,0.0,,0.02,362.77,1.0
3604-M3486192,APARTAMENTO,VENTA,21.06,220.0,3.0,3.0,800000.0,2.0,SANTA BARBARA,6,ENTRE 10 Y 20 ANOS,4.69,-74.06,USADO,,0,1,0,0,1,1,0,0,0,0,False,USAQUEN,SANTA BIBIANA,Calle 106,449.74,1,PARQUE VECINAL URBANIZACIÓN NORMANDIA I II II Y IV SECTOR,1376.42,0,0.1,,0.67,1.0,0.0,,0.01,767.91,0.0
38-M4071136,APARTAMENTO,VENTA,20.64,132.0,3.0,3.0,1148000.0,2.0,SANTA BARBARA,6,ENTRE 5 Y 10 ANOS,4.7,-74.05,USADO,,0,1,0,1,1,1,0,0,0,1,False,USAQUEN,SANTA BARBARA OCCIDENTAL,Calle 127,1049.2,0,PARQUE METROPOLITANO EL COUNTRY,906.73,0,0.16,,0.67,1.0,0.0,,0.02,377.63,2.0
12364-M2816756,APARTAMENTO,VENTA,21.16,148.0,4.0,3.0,800000.0,3.0,SANTA BARBARA,6,ENTRE 0 Y 5 ANOS,4.7,-74.04,USADO,,0,0,0,0,0,0,0,0,0,1,False,USAQUEN,SANTA BARBARA CENTRAL I SECTOR,Calle 127,1707.27,0,PARQUE METROPOLITANO EL COUNTRY,508.45,0,0.14,,0.75,1.33,0.0,,0.03,415.73,1.0
754-M4262668,APARTAMENTO,VENTA,19.05,19.18,1.0,1.0,200000.0,1.0,COUNTRY,6,ENTRE 0 Y 5 ANOS,4.71,-74.03,USADO,,0,0,0,1,1,1,0,0,0,1,False,USAQUEN,URB. EL CAMPITO,Prado,2318.61,0,PARQUE METROPOLITANO EL COUNTRY,1145.56,0,0.99,,1.0,1.0,0.0,,0.05,212.93,3.0
754-M3401440,APARTAMENTO,VENTA,20.26,92.0,3.0,3.0,592000.0,2.0,SANTA BARBARA,6,ENTRE 10 Y 20 ANOS,4.69,-74.05,USADO,,0,1,0,1,1,1,0,0,0,1,False,USAQUEN,RINCON DEL CHICO,Calle 106,1375.57,0,PARQUE ZONAL CANAL EL VIRREY EL CHICO,1798.47,0,0.22,,0.67,1.0,0.0,,0.03,496.05,1.0
2996-M3448304,APARTAMENTO,VENTA,19.87,81.0,3.0,3.0,435000.0,1.0,COUNTRY,5,ENTRE 10 Y 20 ANOS,4.71,-74.04,USADO,,0,0,0,0,1,0,0,0,0,0,False,USAQUEN,RECODO DEL COUNTRY,Prado,2049.83,0,PARQUE METROPOLITANO EL COUNTRY,533.7,0,0.25,,0.33,1.0,0.0,,0.04,431.6,1.0
754-M4265233,APARTAMENTO,VENTA,20.14,66.0,1.0,2.0,400000.0,1.0,CHICO,6,ENTRE 5 Y 10 ANOS,4.68,-74.05,USADO,,0,0,0,1,1,1,0,0,0,1,False,CHAPINERO,S.C. CHICO NORTE,Calle 100 - Marketmedios,684.09,0,PARQUE VECINAL URBANIZACIÓN NORMANDIA I II II Y IV SECTOR,622.88,0,0.31,,1.0,0.5,0.0,,0.02,156.07,2.0
754-M4207040,APARTAMENTO,VENTA,21.42,262.0,4.0,5.0,1300000.0,2.0,CHICO,6,MAS DE 20 ANOS,4.66,-74.05,USADO,,0,1,0,0,1,1,0,0,0,1,False,CHAPINERO,S.C. EL NOGAL,Calle 76 - San Felipe,732.57,0,PARQUE ZONAL SAN ANDRÉS,523.11,0,0.08,,0.5,0.8,0.0,,0.02,488.53,1.0
2996-M3448314,APARTAMENTO,VENTA,20.13,104.0,3.0,3.0,298000.0,2.0,ORQUIDEAS,3,ENTRE 10 Y 20 ANOS,4.74,-74.02,USADO,,0,0,0,0,1,0,0,0,0,0,False,USAQUEN,SANTA TERESA,Toberin - Foundever,2511.29,0,PARQUE ZONAL SERVITA,283.88,1,0.19,,0.67,1.0,0.0,,0.03,1347.27,0.0
675-M3698831,APARTAMENTO,VENTA,20.75,134.0,3.0,4.0,381000.0,2.0,SALITRE MODELIA,5,ENTRE 10 Y 20 ANOS,4.66,-74.12,USADO,,0,1,0,1,0,0,1,0,0,1,False,FONTIBON,CARLOS LLERAS RESTREPO,AV. Rojas,736.76,0,PARQUE VECINAL CARLOS LLERAS (EL FUEGO),346.37,1,0.15,,0.67,0.75,0.0,,0.02,754.06,0.0
10278-M4564465,APARTAMENTO,VENTA,20.29,128.0,3.0,4.0,550000.0,2.0,SANTA BARBARA,6,MAS DE 20 ANOS,4.69,-74.04,USADO,,0,1,0,0,1,1,0,0,0,1,False,USAQUEN,RINCON DEL CHICO,Calle 100 - Marketmedios,1529.67,0,PARQUE ZONAL CANAL EL VIRREY EL CHICO,1798.49,0,0.16,,0.67,0.75,0.0,,0.02,518.04,0.0
544-M4564261,APARTAMENTO,VENTA,19.58,72.0,3.0,2.0,195000.0,0.0,COLINA Y ALREDEDORES,4,MAS DE 20 ANOS,4.71,-74.06,USADO,,0,0,0,0,0,1,0,0,0,0,False,SUBA,PRADO VERANIEGO SUR - CORDOBA NIZA IX,Calle 127,1030.31,0,PARQUE ZONAL ATABANZA,425.85,1,0.27,,0.0,1.5,0.0,,0.04,1121.47,0.0
851-M2588405,APARTAMENTO,VENTA,20.03,99.0,3.0,3.0,340000.0,1.0,ALTOS DE SUBA Y CERROS DE SAN JORGE,6,ENTRE 0 Y 5 ANOS,4.76,-74.07,USADO,,0,0,0,1,1,1,0,0,0,1,False,SUBA,S.C. CASABLANCA SUBA,Portal Norte,2368.51,0,PARQUE ZONAL SAN JOSÉ DE BAVARIA,456.65,1,0.2,,0.33,1.0,0.0,,0.03,2533.4,0.0
3390-M3840798,APARTAMENTO,VENTA,20.54,125.0,3.0,3.0,853000.0,2.0,CHICO,6,MAS DE 20 ANOS,4.68,-74.05,USADO,,0,0,0,0,0,1,0,0,0,1,False,CHAPINERO,S.C. CHICO NORTE III SECTOR,Calle 100 - Marketmedios,362.53,1,PARQUE VECINAL URBANIZACIÓN NORMANDIA I II II Y IV SECTOR,760.75,0,0.16,,0.67,1.0,0.0,,0.02,238.44,2.0
800-M3643039,APARTAMENTO,VENTA,19.76,55.0,2.0,2.0,3921395.93,1.0,METROPOLIS,3,ENTRE 0 Y 5 ANOS,4.65,-74.08,USADO,,0,0,0,0,0,1,0,0,0,0,False,BARRIOS UNIDOS,EL ROSARIO,7 de Agosto,429.55,1,PARQUE METROPOLITANO PARQUE DE LOS NOVIOS,262.33,1,0.36,,0.5,1.0,0.0,,0.04,563.65,0.0
3390-M4259841,APARTAMENTO,VENTA,20.91,121.1,2.0,3.0,1610000.0,2.0,CHICO,6,ENTRE 10 Y 20 ANOS,4.68,-74.04,USADO,,0,0,0,0,0,1,0,0,0,1,False,CHAPINERO,CHICO RESERVADO,Calle 100 - Marketmedios,1827.68,0,PARQUE VECINAL URBANIZACIÓN LA CABRERA,1291.23,0,0.17,,1.0,0.67,0.0,,0.02,333.03,2.0
717-M2742843,APARTAMENTO,VENTA,20.62,144.0,3.0,3.0,869000.0,2.0,COUNTRY,6,REMODELADO,4.7,-74.04,USADO,,0,1,0,0,1,1,0,0,0,1,False,USAQUEN,LA_CAROLINA,Calle 127,1479.08,0,PARQUE METROPOLITANO EL COUNTRY,271.61,1,0.14,,0.67,1.0,0.0,,0.02,254.35,1.0
3390-M4580463,APARTAMENTO,VENTA,21.48,143.9,2.0,3.0,3921395.93,2.0,CHICO,6,ENTRE 0 Y 5 ANOS,4.67,-74.05,USADO,,0,0,0,1,1,1,0,0,0,1,False,CHAPINERO,S.C. EL CHICO,Calle 85,1594.18,0,PARQUE VECINAL URBANIZACIÓN LA CABRERA,576.15,0,0.15,,1.0,0.67,0.0,,0.01,502.34,0.0
3390-M3336693,APARTAMENTO,VENTA,21.25,187.0,2.0,4.0,1754350.0,4.0,CHICO,6,ENTRE 5 Y 10 ANOS,4.69,-74.05,USADO,,0,0,0,1,0,1,1,0,0,1,False,CHAPINERO,S.C. CHICO NORTE III SECTOR,Calle 100 - Marketmedios,401.86,1,PARQUE VECINAL URBANIZACIÓN NORMANDIA I II II Y IV SECTOR,1011.06,0,0.11,,2.0,0.5,0.0,,0.01,463.4,1.0
3390-M4159198,APARTAMENTO,VENTA,21.25,224.94,3.0,4.0,1800000.0,3.0,CHICO,6,MAS DE 20 ANOS,4.68,-74.04,USADO,,0,0,0,1,1,1,0,0,0,1,False,CHAPINERO,CHICO NORTE - URB. LA GRAN VIA,Calle 100 - Marketmedios,2112.89,0,PARQUE VECINAL URBANIZACIÓN LA CABRERA,1551.28,0,0.09,,1.0,0.75,0.0,,0.01,297.21,1.0
482-M3454244,APARTAMENTO,VENTA,19.45,43.0,1.0,1.0,320000.0,1.0,SANTA BARBARA,6,MAS DE 20 ANOS,4.69,-74.05,USADO,,0,0,0,0,1,1,0,0,0,1,False,USAQUEN,SANTA BIBIANA,Calle 106,972.03,0,PARQUE VECINAL URBANIZACIÓN NORMANDIA I II II Y IV SECTOR,1705.47,0,0.45,,1.0,1.0,0.0,,0.02,555.57,0.0
990-M3077297,APARTAMENTO,VENTA,19.55,60.0,2.0,2.0,350000.0,2.0,COLINA Y ALREDEDORES,5,ENTRE 10 Y 20 ANOS,4.73,-74.07,USADO,,0,1,0,1,1,1,0,0,0,0,False,SUBA,EL RINCON DE IBERIA,Gratamira,900.39,0,PARQUE VECINAL PRADO PINZÓN,1415.59,0,0.33,,1.0,1.0,0.0,,0.03,191.47,1.0
15519-M4277997,APARTAMENTO,VENTA,20.03,103.5,3.0,2.0,480000.0,2.0,CEDRITOS,4,MAS DE 20 ANOS,4.72,-74.03,USADO,,0,1,0,0,1,1,0,0,0,1,False,USAQUEN,LAS_ACACIAS,Calle 142,2707.29,0,PARQUE VECINAL NUEVA URBANIZACIÓN EL CEDRITO,789.68,0,0.19,,0.67,1.5,0.0,,0.03,717.65,0.0
482-M2450598,APARTAMENTO,VENTA,20.16,104.0,2.0,3.0,550000.0,1.0,CHICO,6,MAS DE 20 ANOS,4.68,-74.06,USADO,,0,0,0,0,1,1,0,0,0,0,False,CHAPINERO,S.C. CHICO NORTE III SECTOR,Virrey,445.27,1,PARQUE VECINAL URBANIZACIÓN NORMANDIA I II II Y IV SECTOR,298.08,1,0.19,,0.5,0.67,0.0,,0.02,412.27,1.0
3774-M3363842,APARTAMENTO,VENTA,20.65,173.0,3.0,4.0,880000.0,2.0,SANTA BARBARA,6,MAS DE 20 ANOS,4.7,-74.03,USADO,,0,1,0,1,1,0,0,0,0,1,False,USAQUEN,SANTA BARBARA CENTRAL IV SECTOR,Calle 127,2248.94,0,PARQUE METROPOLITANO EL COUNTRY,617.12,0,0.12,,0.67,0.75,0.0,,0.02,535.52,0.0
2456-M4092173,APARTAMENTO,VENTA,20.07,94.0,3.0,2.0,400000.0,2.0,COLINA Y ALREDEDORES,4,ENTRE 5 Y 10 ANOS,4.74,-74.06,USADO,,0,1,0,1,1,1,1,0,0,1,False,SUBA,CASABLANCA (HACIENDA),Calle 161,1874.68,0,PARQUE VECINAL DESARROLLO CANTALEJO URBANIZACIÓN CANTALEJO MANZANA B,822.72,0,0.21,,0.67,1.5,0.0,,0.03,973.36,0.0
2355-M2052229,APARTAMENTO,VENTA,21.31,246.27,4.0,4.0,1496000.0,2.0,CHICO,6,MAS DE 20 ANOS,4.68,-74.04,USADO,,0,1,0,1,0,1,0,0,0,1,False,CHAPINERO,SIERRAS DEL CHICO,Calle 100 - Marketmedios,2069.63,0,PARQUE VECINAL URBANIZACIÓN LA CABRERA,1416.48,0,0.09,,0.5,1.0,0.0,,0.02,374.37,1.0
5483-M4565897,APARTAMENTO,VENTA,20.32,95.0,2.0,3.0,571500.0,2.0,SANTA BARBARA,5,ENTRE 10 Y 20 ANOS,4.7,-74.04,USADO,,0,1,0,1,1,0,0,0,0,1,False,USAQUEN,SANTA BARBARA OCCIDENTAL,Calle 127,1079.08,0,PARQUE METROPOLITANO EL COUNTRY,677.14,0,0.21,,1.0,0.67,0.0,,0.02,304.71,1.0
2510-M4709287,APARTAMENTO,VENTA,19.7,66.0,3.0,2.0,352000.0,1.0,SANTA BARBARA,6,MAS DE 20 ANOS,4.69,-74.04,USADO,,0,0,0,0,1,0,0,0,0,1,False,USAQUEN,SANTA BARBARA CENTRAL III SECTOR,Pepe Sierra,2234.76,0,PARQUE METROPOLITANO EL COUNTRY,1121.06,0,0.3,,0.33,1.5,0.0,,0.05,398.24,4.0
12538-M4741686,APARTAMENTO,VENTA,19.28,37.0,2.0,1.0,131000.0,0.0,SALITRE MODELIA,4,ENTRE 0 Y 5 ANOS,4.66,-74.12,USADO,,0,0,0,0,1,1,0,0,0,1,False,FONTIBON,LA ESPERANZA_,Normandía,1179.9,0,PARQUE ZONAL CANAL BOYACA,386.46,1,0.52,,0.0,2.0,0.0,,0.05,384.97,1.0
12538-M4741675,APARTAMENTO,VENTA,19.58,63.0,2.0,2.0,150000.0,1.0,CIUDAD BOLIVAR,3,ENTRE 0 Y 5 ANOS,4.59,-74.16,USADO,,0,0,0,0,1,1,0,0,0,1,False,CIUDAD BOLIVAR,MADELENA,Perdomo,600.79,0,PARQUE VECINAL URBANIZACIÓN BALMORAL CESIÓN GUADALUPE,504.88,0,0.31,,0.5,1.0,0.0,,0.03,1086.98,0.0
2456-M1969736,APARTAMENTO,VENTA,20.47,158.0,3.0,4.0,470000.0,2.0,COLINA Y ALREDEDORES,4,ENTRE 0 Y 5 ANOS,4.74,-74.06,USADO,,0,1,0,1,1,1,0,0,0,1,False,SUBA,MAZUREN,Mazurén,1199.76,0,PARQUE VECINAL DESARROLLO CANTALEJO URBANIZACIÓN CANTALEJO MANZANA B,673.93,0,0.13,,0.67,0.75,0.0,,0.02,903.74,0.0
2266-428,APARTAMENTO,VENTA,20.82,174.0,3.0,5.0,674000.0,2.0,COUNTRY,6,ENTRE 10 Y 20 ANOS,4.71,-74.04,USADO,,0,1,0,0,1,0,0,0,0,1,False,USAQUEN,PLENITUD LA CALLEJA,Prado,1276.92,0,PARQUE METROPOLITANO EL COUNTRY,663.52,0,0.12,,0.67,0.6,0.0,,0.02,641.35,0.0
282-M2630644,APARTAMENTO,VENTA,21.19,290.0,3.0,5.0,2058000.0,3.0,CHICO,6,ENTRE 10 Y 20 ANOS,4.67,-74.04,USADO,,0,1,0,0,1,0,0,0,0,1,False,CHAPINERO,CHICO ORIENTAL,Calle 85,1851.54,0,PARQUE VECINAL URBANIZACIÓN LA CABRERA,817.51,0,0.07,,1.0,0.6,0.0,,0.01,751.45,0.0
2266-104,APARTAMENTO,VENTA,21.16,257.0,3.0,4.0,850000.0,2.0,SANTA BARBARA,6,ENTRE 10 Y 20 ANOS,4.7,-74.03,USADO,,1,1,0,1,1,1,0,0,0,1,False,USAQUEN,LOS ALPES II SECTOR,Calle 127,2883.92,0,PARQUE METROPOLITANO EL COUNTRY,1237.36,0,0.08,,0.67,0.75,0.0,,0.01,447.64,2.0
4428-M4040969,APARTAMENTO,VENTA,20.99,200.0,3.0,3.0,1300000.0,2.0,SANTA BARBARA,6,MAS DE 20 ANOS,4.69,-74.04,USADO,,0,1,0,0,1,1,0,0,0,1,False,USAQUEN,MOLINOS NORTE,Calle 106,1748.75,0,PARQUE METROPOLITANO EL COUNTRY,1638.88,0,0.1,,0.67,1.0,0.0,,0.02,376.36,1.0
2266-M3713197,APARTAMENTO,VENTA,21.47,220.0,3.0,5.0,1800000.0,3.0,SANTA BARBARA,5,ENTRE 0 Y 5 ANOS,4.69,-74.04,USADO,,0,0,0,0,0,1,0,0,0,0,False,USAQUEN,SANTA BARBARA CENTRAL I Y II,Calle 106,1586.53,0,PARQUE METROPOLITANO EL COUNTRY,1674.83,0,0.1,,1.0,0.6,0.0,,0.01,542.08,0.0
411-M4099601,APARTAMENTO,VENTA,19.83,54.0,2.0,2.0,560000.0,1.0,SANTA BARBARA,6,ENTRE 10 Y 20 ANOS,4.69,-74.04,USADO,,0,0,0,0,1,0,0,0,0,1,False,USAQUEN,SANTA BARBARA CENTRAL I Y II,Calle 106,1331.37,0,PARQUE METROPOLITANO EL COUNTRY,1584.84,0,0.37,,0.5,1.0,0.0,,0.04,458.98,1.0
11203-M3332795,APARTAMENTO,VENTA,20.35,128.0,2.0,3.0,630000.0,1.0,CHICO,6,MAS DE 20 ANOS,4.68,-74.04,USADO,,0,0,0,0,1,0,0,0,0,1,False,CHAPINERO,CHICO RESERVADO,Calle 100 - Marketmedios,1677.46,0,PARQUE VECINAL URBANIZACIÓN LA CABRERA,1264.86,0,0.16,,0.5,0.67,0.0,,0.02,286.04,2.0
412-M3528149,APARTAMENTO,VENTA,21.42,330.0,5.0,4.0,1000000.0,3.0,COUNTRY,6,REMODELADO,4.7,-74.04,USADO,,0,1,0,1,1,1,1,0,0,1,False,USAQUEN,SANTA BARBARA OCCIDENTAL,Calle 127,1119.02,0,PARQUE METROPOLITANO EL COUNTRY,644.24,0,0.06,,0.6,1.25,0.0,,0.02,263.16,1.0
754-M3054866,APARTAMENTO,VENTA,21.51,234.0,3.0,4.0,2100000.0,3.0,CHICO,6,ENTRE 10 Y 20 ANOS,4.67,-74.05,USADO,,0,1,0,1,1,1,0,0,0,1,False,CHAPINERO,S.C. EL RETIRO,Héroes - Gel´Hada,1191.23,0,PARQUE ZONAL SAN ANDRÉS,258.43,1,0.09,,1.0,0.75,0.0,,0.01,323.17,3.0
754-M4469649,APARTAMENTO,VENTA,20.32,97.0,3.0,3.0,432000.0,2.0,COUNTRY,6,ENTRE 10 Y 20 ANOS,4.71,-74.03,USADO,,0,0,0,1,1,1,0,0,0,1,False,USAQUEN,LISBOA_,Prado,2532.17,0,PARQUE VECINAL NUEVA URBANIZACIÓN EL CEDRITO,1143.57,0,0.21,,0.67,1.0,0.0,,0.03,177.61,2.0
3390-M2671320,APARTAMENTO,VENTA,21.72,302.0,3.0,4.0,1300000.0,3.0,CHICO,6,MAS DE 20 ANOS,4.67,-74.05,USADO,,0,0,0,1,1,0,0,0,0,1,False,CHAPINERO,S.C. EL RETIRO,Héroes - Gel´Hada,1150.83,0,PARQUE ZONAL SAN ANDRÉS,247.43,1,0.07,,1.0,0.75,0.0,,0.01,280.66,4.0
3390-M3554881,APARTAMENTO,VENTA,20.39,135.0,3.0,3.0,878000.0,2.0,SANTA BARBARA,5,MAS DE 20 ANOS,4.69,-74.04,USADO,,0,1,0,0,0,1,0,0,0,1,False,USAQUEN,SANTA ANA OCCIDENTAL,Calle 106,2243.48,0,PARQUE METROPOLITANO EL COUNTRY,1989.54,0,0.15,,0.67,1.0,0.0,,0.02,421.93,1.0
3390-M4095383,APARTAMENTO,VENTA,20.99,127.0,3.0,3.0,940000.0,2.0,CHICO,6,MAS DE 20 ANOS,4.66,-74.05,USADO,,0,0,0,1,1,1,0,0,0,1,False,CHAPINERO,PINAR ALTO - PINAR II,Calle 76 - San Felipe,1450.56,0,PARQUE ZONAL SAN ANDRÉS,528.74,0,0.17,,0.67,1.0,0.0,,0.02,698.86,0.0
717-M4028759,APARTAMENTO,VENTA,21.31,205.0,3.0,4.0,1645000.0,2.0,CHICO,6,MAS DE 20 ANOS,4.65,-74.05,USADO,,0,1,0,0,1,1,0,0,0,1,False,CHAPINERO,S.C. BELLAVISTA,Calle 72,1225.28,0,PARQUE ZONAL GUSTAVO URIBE BOTERO,389.25,1,0.1,,0.67,0.75,0.0,,0.01,498.77,1.0
10173-M4591512,APARTAMENTO,VENTA,21.47,234.0,3.0,5.0,1850000.0,3.0,COUNTRY,6,MAS DE 20 ANOS,4.71,-74.03,USADO,,0,1,0,1,1,1,1,0,0,1,False,USAQUEN,CIUDADELA REAL,Alcalá,2741.67,0,PARQUE VECINAL NUEVA URBANIZACIÓN EL CEDRITO,1169.17,0,0.09,,1.0,0.6,0.0,,0.01,198.23,1.0
450-M3487998,APARTAMENTO,VENTA,21.42,300.0,4.0,5.0,1000000.0,3.0,SALITRE MODELIA,5,ENTRE 10 Y 20 ANOS,4.66,-74.11,USADO,,0,1,0,1,1,1,1,0,0,1,False,FONTIBON,LA ESPERANZA NORTE,AV. Rojas,613.87,0,PARQUE ZONAL CANAL BOYACA,507.57,0,0.07,,0.75,0.8,0.0,,0.01,757.12,0.0
2456-M4704657,APARTAMENTO,VENTA,20.31,120.0,3.0,3.0,450000.0,2.0,COLINA Y ALREDEDORES,5,ENTRE 5 Y 10 ANOS,4.72,-74.06,USADO,,0,1,0,1,1,1,1,0,0,1,False,SUBA,SAN JOSE DEL PRADO - URB. ECHEVERRIA,Alcalá,1136.69,0,PARQUE VECINAL PRADO PINZÓN,806.48,0,0.17,,0.67,1.0,0.0,,0.02,251.09,1.0
3664-M3001050,APARTAMENTO,VENTA,20.67,170.0,2.0,3.0,1000000.0,3.0,CHICO,6,ENTRE 5 Y 10 ANOS,4.68,-74.04,USADO,,0,1,0,0,1,0,0,0,0,1,False,CHAPINERO,S.C. CHICO NORTE,Calle 100 - Marketmedios,1640.79,0,PARQUE VECINAL URBANIZACIÓN LA CABRERA,1093.85,0,0.12,,1.5,0.67,0.0,,0.01,409.98,2.0
11293-M4462279,APARTAMENTO,VENTA,20.14,77.0,2.0,2.0,351000.0,2.0,NIZA ALHAMBRA,5,ENTRE 0 Y 5 ANOS,4.7,-74.07,USADO,,0,0,0,1,1,1,0,0,0,1,False,SUBA,ILARCO - LOS MOLINOS DE ILARCO,Suba - Calle 116,219.74,1,PARQUE ZONAL MORATO,459.59,1,0.26,,1.0,1.0,0.0,,0.03,532.16,0.0
3325-M3101704,APARTAMENTO,VENTA,19.41,90.0,3.0,2.0,236000.0,1.0,ENGATIVA,3,MAS DE 20 ANOS,4.7,-74.12,USADO,,0,0,0,0,0,1,0,0,0,1,False,ENGATIVA,LOS ANGELES,Quirigua,1338.9,0,PARQUE ZONAL EL CARMELO,474.91,1,0.22,,0.33,1.5,0.0,,0.03,362.48,1.0
3390-M4141684,APARTAMENTO,VENTA,21.31,230.0,3.0,4.0,515000.0,2.0,CHICO,6,MAS DE 20 ANOS,4.67,-74.04,USADO,,0,0,0,0,0,1,0,0,0,1,False,CHAPINERO,EL REFUGIO,Héroes - Gel´Hada,1872.33,0,PARQUE VECINAL URBANIZACIÓN LA CABRERA,825.84,0,0.09,,0.67,0.75,0.0,,0.01,796.31,0.0
171-M4461302,APARTAMENTO,VENTA,19.92,82.16,3.0,3.0,419200.0,1.0,CEDRITOS,4,ENTRE 10 Y 20 ANOS,4.73,-74.04,USADO,,0,0,0,1,1,1,1,0,0,1,False,USAQUEN,PARQUES DE LORENA,Calle 146,1434.53,0,PARQUE ZONAL LA VIDA,857.55,0,0.24,,0.33,1.0,0.0,,0.04,482.77,1.0
10139-M3001532,APARTAMENTO,VENTA,20.56,155.0,3.0,3.0,950000.0,2.0,CHICO,6,MAS DE 20 ANOS,4.68,-74.05,USADO,,0,1,0,0,1,1,0,0,0,1,False,CHAPINERO,S.C. CHICO NORTE III SECTOR,Calle 100 - Marketmedios,470.02,1,PARQUE VECINAL URBANIZACIÓN NORMANDIA I II II Y IV SECTOR,710.89,0,0.13,,0.67,1.0,0.0,,0.02,115.86,2.0
717-M2499555,APARTAMENTO,VENTA,20.62,100.0,1.0,2.0,550000.0,2.0,CHICO,6,ENTRE 10 Y 20 ANOS,4.67,-74.05,USADO,,0,1,0,0,1,1,0,0,0,1,False,CHAPINERO,S.C. EL CHICO,Virrey,1242.23,0,PARQUE VECINAL URBANIZACIÓN LA CABRERA,432.94,1,0.21,,2.0,0.5,0.0,,0.01,342.79,2.0
16308-M4558172,APARTAMENTO,VENTA,20.13,100.0,2.0,2.0,350000.0,2.0,CHAPINERO,3,MAS DE 20 ANOS,4.65,-74.07,USADO,,0,1,0,0,1,0,0,0,0,1,False,TEUSAQUILLO,CHAPINERO OCCIDENTAL,Calle 63,214.38,1,PARQUE ZONAL GIMNASIO DEL NORTE,1286.65,0,0.2,,1.0,1.0,0.0,,0.02,818.88,0.0
11307-261,APARTAMENTO,VENTA,19.7,46.0,1.0,1.0,450000.0,1.0,OTROS,6,ENTRE 10 Y 20 ANOS,4.68,-74.05,USADO,,0,1,0,1,1,0,0,0,0,1,False,CHAPINERO,S.C. CHICO NORTE,Virrey,1367.69,0,PARQUE VECINAL URBANIZACIÓN LA CABRERA,875.36,0,0.43,,1.0,1.0,0.0,,0.02,177.54,1.0
717-M2404706,APARTAMENTO,VENTA,20.67,187.0,3.0,3.0,900000.0,2.0,SANTA BARBARA,6,MAS DE 20 ANOS,4.7,-74.04,USADO,,0,1,0,0,1,1,0,0,0,1,False,USAQUEN,SANTA BARBARA NORTE,Calle 127,1829.37,0,PARQUE METROPOLITANO EL COUNTRY,309.08,1,0.11,,0.67,1.0,0.0,,0.02,452.72,1.0
10139-M3684572,APARTAMENTO,VENTA,21.36,299.0,3.0,4.0,1940000.0,2.0,CHICO,6,ENTRE 5 Y 10 ANOS,4.66,-74.05,USADO,,0,0,0,0,1,1,0,0,0,0,False,CHAPINERO,BELLAVISTA - URB. EL CASTILLO,Calle 72,868.66,0,PARQUE ZONAL GUSTAVO URIBE BOTERO,645.86,0,0.07,,0.67,0.75,0.0,,0.01,152.0,5.0
811-M4208428,APARTAMENTO,VENTA,20.02,64.0,2.0,2.0,450000.0,1.0,CENTRO Y ZONA COLONIAL,3,ENTRE 0 Y 5 ANOS,4.6,-74.07,USADO,,0,0,0,1,1,1,0,0,0,1,False,SANTA FE,VERACRUZ__,Las Aguas - Centro Colombo Americano,271.81,1,PARQUE ZONAL SENDERO A MONSERRATE,1029.64,0,0.31,,0.5,1.0,0.0,,0.03,29.49,5.0
15453-M4568193,APARTAMENTO,VENTA,20.91,170.0,3.0,5.0,670000.0,2.0,SANTA BARBARA,6,ENTRE 10 Y 20 ANOS,4.7,-74.03,USADO,,0,0,0,0,1,1,0,0,0,1,False,USAQUEN,LOS ALPES II SECTOR,Calle 127,2917.68,0,PARQUE METROPOLITANO EL COUNTRY,1241.4,0,0.12,,0.67,0.6,0.0,,0.02,548.47,0.0
13674-M3859685,APARTAMENTO,VENTA,20.03,90.87,2.0,2.0,498000.0,2.0,NIZA ALHAMBRA,5,ENTRE 10 Y 20 ANOS,4.7,-74.06,USADO,,0,1,0,0,1,0,0,0,0,1,False,SUBA,EL BATAN,Calle 127,146.08,1,PARQUE ZONAL ATABANZA,642.64,0,0.22,,1.0,1.0,0.0,,0.02,315.5,5.0
11293-M4193277,APARTAMENTO,VENTA,19.97,80.0,2.0,2.0,350000.0,1.0,NIZA ALHAMBRA,5,ENTRE 0 Y 5 ANOS,4.7,-74.07,USADO,,0,1,0,0,1,1,0,0,0,1,True,SUBA,NIZA SUR,Humedal Córdoba,483.75,1,PARQUE ZONAL MORATO,733.79,0,0.25,,0.5,1.0,0.0,,0.02,843.92,0.0
2564-M3039163,APARTAMENTO,VENTA,19.61,63.0,3.0,2.0,400000.0,1.0,COLINA Y ALREDEDORES,4,MAS DE 20 ANOS,4.73,-74.05,USADO,,0,0,0,0,1,0,0,0,0,1,False,SUBA,LA VICTORIA NORTE,Calle 146,103.23,1,PARQUE VECINAL URBANIZACIÓN LA LAGUNA,510.87,0,0.31,,0.33,1.5,0.0,,0.05,1252.17,0.0
990-M3577336,APARTAMENTO,VENTA,20.44,104.0,3.0,3.0,900000.0,2.0,CHICO,6,ENTRE 10 Y 20 ANOS,4.68,-74.06,USADO,,0,0,0,0,1,0,0,0,0,0,False,CHAPINERO,S.C. EL CHICO,Virrey,357.58,1,PARQUE VECINAL URBANIZACIÓN NORMANDIA I II II Y IV SECTOR,284.81,1,0.2,,0.67,1.0,0.0,,0.03,454.78,2.0
4957-M4611597,APARTAMENTO,VENTA,19.38,65.0,3.0,2.0,209000.0,1.0,ALTOS DE SUBA Y CERROS DE SAN JORGE,4,ENTRE 5 Y 10 ANOS,4.75,-74.08,USADO,,0,0,0,1,1,1,0,0,0,1,False,SUBA,TUNA ALTA ALMEIRA,La Campiña,1383.08,0,PARQUE ZONAL CAMPO VERDE,468.76,1,0.3,,0.33,1.5,0.0,,0.05,1544.06,0.0
482-M4113568,APARTAMENTO,VENTA,19.86,97.0,3.0,3.0,30000.0,1.0,CEDRITOS,4,ENTRE 10 Y 20 ANOS,4.73,-74.04,USADO,,0,0,0,0,1,1,0,0,0,1,False,USAQUEN,ACACIAS USAQUEN,Calle 142,1167.47,0,PARQUE VECINAL NUEVA URBANIZACIÓN EL CEDRITO,767.35,0,0.2,,0.33,1.0,0.0,,0.03,737.43,0.0
2355-M4061951,APARTAMENTO,VENTA,20.64,208.0,3.0,3.0,907000.0,3.0,SANTA BARBARA,6,MAS DE 20 ANOS,4.69,-74.05,USADO,,0,0,0,0,1,1,0,0,0,0,False,USAQUEN,SANTA BIBIANA,Calle 106,507.49,0,PARQUE VECINAL URBANIZACIÓN NORMANDIA I II II Y IV SECTOR,1399.59,0,0.1,,1.0,1.0,0.0,,0.01,684.11,0.0
512-M4537207,APARTAMENTO,VENTA,20.0,76.0,3.0,2.0,400200.0,1.0,COLINA Y ALREDEDORES,4,ENTRE 10 Y 20 ANOS,4.74,-74.06,USADO,,0,0,0,1,1,1,0,0,0,1,False,SUBA,MAZUREN,Mazurén,758.68,0,PARQUE VECINAL URBANIZACIÓN VICTORIA NORTE,340.81,1,0.26,,0.33,1.5,0.0,,0.04,1371.73,0.0
3325-M3014546,APARTAMENTO,VENTA,19.99,96.0,3.0,2.0,75000.0,1.0,NORMANDIA,4,ENTRE 10 Y 20 ANOS,4.67,-74.11,USADO,,0,0,0,0,0,0,0,0,0,1,False,ENGATIVA,NORMANDIA OCCIDENTAL,Normandía,704.62,0,PARQUE ESCENARIO DEPORTIVO UNIDAD DEPORTIVA EL SALITRE SIMON BOLIVAR,1388.73,0,0.21,,0.33,1.5,0.0,,0.03,453.44,1.0
11013-M4676706,APARTAMENTO,VENTA,20.13,55.0,1.0,2.0,574000.0,2.0,CHICO,6,ENTRE 10 Y 20 ANOS,4.68,-74.05,USADO,,0,1,0,1,1,1,0,0,0,1,False,CHAPINERO,S.C. CHICO NORTE,Virrey,702.67,0,PARQUE ZONAL CANAL EL VIRREY EL CHICO,537.35,0,0.37,,2.0,0.5,0.0,,0.02,225.96,2.0
815-M4590127,APARTAMENTO,VENTA,20.01,63.0,2.0,2.0,417000.0,1.0,CENTRO NARINO,4,ENTRE 5 Y 10 ANOS,4.64,-74.09,USADO,,0,0,0,1,1,1,0,0,0,1,False,TEUSAQUILLO,QUINTA PAREDES,Quinta Paredes,169.64,1,PARQUE VECINAL SANTA CLARA,571.27,0,0.32,,0.5,1.0,0.0,,0.03,670.88,0.0
2671-M4042362,APARTAMENTO,VENTA,21.05,173.0,3.0,3.0,880000.0,2.0,COUNTRY,6,ENTRE 5 Y 10 ANOS,4.71,-74.05,USADO,,0,1,0,1,1,0,1,0,0,1,False,USAQUEN,,Prado,559.43,0,PARQUE ZONAL ATABANZA,1022.65,0,0.12,,0.67,1.0,0.0,,0.02,561.79,0.0
10323-M3998166,APARTAMENTO,VENTA,19.67,77.0,3.0,3.0,161100.0,1.0,COUNTRY,5,MAS DE 20 ANOS,4.71,-74.03,USADO,,0,0,0,0,1,1,0,0,0,1,False,USAQUEN,EL_VERGEL,Prado,2226.9,0,PARQUE METROPOLITANO EL COUNTRY,874.31,0,0.26,,0.33,1.0,0.0,,0.04,94.85,2.0
11013-M4660740,APARTAMENTO,VENTA,20.82,114.0,2.0,3.0,1000000.0,2.0,CHICO,6,ENTRE 10 Y 20 ANOS,4.68,-74.06,USADO,,0,0,0,1,1,1,0,0,0,1,False,CHAPINERO,S.C. EL CHICO,Virrey,352.09,1,PARQUE VECINAL URBANIZACIÓN NORMANDIA I II II Y IV SECTOR,275.0,1,0.18,,1.0,0.67,0.0,,0.02,467.56,2.0
603-M4421054,APARTAMENTO,VENTA,19.76,60.0,3.0,2.0,270400.0,1.0,COUNTRY,4,MAS DE 20 ANOS,4.7,-74.02,USADO,,0,0,0,1,1,1,0,0,0,1,False,USAQUEN,SAN NORTE,Prado,3339.5,0,PARQUE METROPOLITANO EL COUNTRY,1608.85,0,0.33,,0.33,1.5,0.0,,0.05,1083.42,0.0
16474-M4645071,APARTAMENTO,VENTA,20.07,81.0,3.0,2.0,340000.0,1.0,COLINA Y ALREDEDORES,3,ENTRE 0 Y 5 ANOS,4.75,-74.06,USADO,,0,0,0,0,1,1,0,0,0,1,False,SUBA,,Portal Norte,1262.04,0,PARQUE ZONAL SAN JOSÉ DE BAVARIA,688.45,0,0.25,,0.33,1.5,0.0,,0.04,1666.21,0.0
2671-M4440199,APARTAMENTO,VENTA,21.06,140.6,2.0,4.0,975700.0,2.0,CHICO,6,ENTRE 10 Y 20 ANOS,4.67,-74.05,USADO,,0,1,0,0,1,0,0,0,0,1,False,CHAPINERO,S.C. EL CHICO,Virrey,1158.49,0,PARQUE VECINAL URBANIZACIÓN LA CABRERA,356.29,1,0.15,,1.0,0.5,0.0,,0.01,271.27,3.0
13753-M4151718,APARTAMENTO,VENTA,20.31,106.0,3.0,4.0,552000.0,2.0,NIZA ALHAMBRA,4,ENTRE 10 Y 20 ANOS,4.69,-74.07,USADO,,0,0,0,1,1,0,0,0,0,1,False,SUBA,ANDES NORTE  - URB. PORTOBELLO,Puentelargo,220.4,1,PARQUE ZONAL MORATO,798.82,0,0.19,,0.67,0.75,0.0,,0.03,566.2,0.0
920-M4071097,APARTAMENTO,VENTA,19.92,98.0,3.0,3.0,200000.0,1.0,,3,ENTRE 0 Y 5 ANOS,4.65,-74.16,USADO,,0,0,0,1,1,1,0,0,0,1,False,KENNEDY,S.C. TINTALA,Biblioteca Tintal,1021.38,0,PARQUE METROPOLITANO BIBLIOTECA EL TINTAL,184.69,1,0.2,,0.33,1.0,0.0,,0.03,2934.58,0.0
4796-M4577483,APARTAMENTO,VENTA,20.34,85.5,2.0,2.0,373000.0,2.0,CHAPINERO ALTO,4,ENTRE 5 Y 10 ANOS,4.65,-74.06,USADO,,0,0,0,1,1,0,0,0,0,1,False,CHAPINERO,NUEVA_GRANADA,Calle 63,1125.18,0,PARQUE ZONAL GUSTAVO URIBE BOTERO,599.45,0,0.24,,1.0,1.0,0.0,,0.02,693.71,0.0
350-M4578342,APARTAMENTO,VENTA,20.07,107.2,2.0,3.0,715000.0,1.0,COUNTRY,5,MAS DE 20 ANOS,4.72,-74.04,USADO,,0,1,0,0,1,0,0,0,0,1,False,USAQUEN,LISBOA_,Prado,1615.05,0,PARQUE VECINAL NUEVA URBANIZACIÓN EL CEDRITO,1053.08,0,0.19,,0.5,0.67,0.0,,0.02,488.31,1.0
4796-M3864181,APARTAMENTO,VENTA,20.07,85.0,2.0,3.0,677000.0,2.0,SANTA BARBARA,6,ENTRE 10 Y 20 ANOS,4.69,-74.04,USADO,,0,0,0,0,1,0,0,0,0,1,False,USAQUEN,SAN PATRICIO,Pepe Sierra,1333.4,0,PARQUE METROPOLITANO EL COUNTRY,1303.73,0,0.24,,1.0,0.67,0.0,,0.02,400.39,1.0
2671-M4504268,APARTAMENTO,VENTA,20.82,130.0,3.0,3.0,1000000.0,2.0,SANTA BARBARA,6,ENTRE 5 Y 10 ANOS,4.69,-74.04,USADO,,0,0,0,1,1,0,0,0,0,1,False,USAQUEN,SANTA BARBARA CENTRAL I Y II,Calle 106,1497.63,0,PARQUE METROPOLITANO EL COUNTRY,1673.38,0,0.16,,0.67,1.0,0.0,,0.02,625.0,0.0
9947-M4546136,APARTAMENTO,VENTA,19.36,64.0,3.0,1.0,230000.0,1.0,CORTIJO AUTOPISTA MEDELLIN,3,ENTRE 5 Y 10 ANOS,4.72,-74.11,USADO,,0,0,0,0,0,0,0,0,0,0,False,ENGATIVA,BOLIVIA SECTOR OCCIDENTAL,Portal 80,1108.36,0,PARQUE ZONAL VILLAS DE GRANADA,1165.59,0,0.3,,0.33,3.0,0.0,,0.05,980.38,0.0
2123-M3358103,APARTAMENTO,VENTA,21.19,300.0,3.0,5.0,2020000.0,3.0,COUNTRY,6,ENTRE 0 Y 5 ANOS,4.71,-74.03,USADO,,0,1,0,1,1,1,0,0,0,1,False,USAQUEN,CIUDADELA REAL,Alcalá,2662.98,0,PARQUE VECINAL NUEVA URBANIZACIÓN EL CEDRITO,1131.57,0,0.07,,1.0,0.6,0.0,,0.01,128.94,1.0
11813-M4693534,APARTAMENTO,VENTA,19.52,71.0,3.0,2.0,190000.0,1.0,,4,ENTRE 0 Y 5 ANOS,4.72,-74.13,USADO,,0,0,1,0,0,0,0,0,0,0,False,ENGATIVA,EL GACO - EL PORVENIR (PREDIO),Portal 80,2929.02,0,PARQUE METROPOLITANO PLANTA DE TRATAMIENTO SALITRE,1022.35,0,0.27,,0.33,1.5,0.0,,0.04,2715.42,0.0
11813-M4676378,APARTAMENTO,VENTA,20.09,74.0,2.0,2.0,400000.0,1.0,NICOLAS DE FEDERMAN,5,ENTRE 10 Y 20 ANOS,4.65,-74.08,USADO,,0,0,1,0,0,0,0,0,0,0,False,TEUSAQUILLO,NICOLAS DE FEDERMAN,Movistar Arena,428.15,1,PARQUE ZONAL NICOLAS DE FEDERMAN 3,242.64,1,0.27,,0.5,1.0,0.0,,0.03,511.94,0.0
15713-M4478659,APARTAMENTO,VENTA,21.75,360.0,5.0,5.0,3921395.93,3.0,,6,ENTRE 10 Y 20 ANOS,4.7,-74.04,USADO,,1,0,0,1,1,0,1,0,0,1,False,USAQUEN,SAN PATRICIO,Pepe Sierra,1222.34,0,PARQUE METROPOLITANO EL COUNTRY,1210.08,0,0.06,,0.6,1.0,0.0,,0.01,372.56,2.0
495-M4263832,APARTAMENTO,VENTA,20.03,83.0,2.0,2.0,479000.0,1.0,COUNTRY,5,ENTRE 5 Y 10 ANOS,4.72,-74.04,USADO,,0,0,0,0,1,0,0,0,0,1,False,USAQUEN,EL CONTADOR,Alcalá,1055.53,0,PARQUE VECINAL NUEVA URBANIZACIÓN EL CEDRITO,1009.15,0,0.24,,0.5,1.0,0.0,,0.02,498.26,1.0
399-1340,APARTAMENTO,VENTA,20.21,154.0,3.0,3.0,975000.0,1.0,SANTA BARBARA,6,MAS DE 20 ANOS,4.7,-74.04,USADO,2690000.0,0,0,0,0,1,0,0,0,0,1,False,USAQUEN,SANTA BARBARA CENTRAL III SECTOR,Pepe Sierra,2151.61,0,PARQUE METROPOLITANO EL COUNTRY,970.8,0,0.13,17467.53,0.33,1.0,0.0,2.76,0.02,424.07,1.0
4796-2789,APARTAMENTO,VENTA,20.13,88.0,2.0,2.0,600000.0,1.0,CHICO,6,MAS DE 20 ANOS,4.68,-74.05,USADO,,0,0,0,0,1,0,0,0,0,1,False,CHAPINERO,S.C. CHICO NORTE III SECTOR,Calle 100 - Marketmedios,614.97,0,PARQUE VECINAL URBANIZACIÓN NORMANDIA I II II Y IV SECTOR,738.58,0,0.23,,0.5,1.0,0.0,,0.02,122.73,2.0
603-M4031577,APARTAMENTO,VENTA,20.01,87.0,3.0,2.0,354000.0,1.0,SALITRE MODELIA,4,ENTRE 10 Y 20 ANOS,4.66,-74.11,USADO,,0,0,0,0,0,1,0,0,0,1,False,FONTIBON,LA ESPERANZA NORTE,AV. Rojas,691.59,0,PARQUE VECINAL CARLOS LLERAS (EL FUEGO),463.57,1,0.23,,0.33,1.5,0.0,,0.03,718.62,0.0
9947-M4555748,APARTAMENTO,VENTA,20.21,66.0,2.0,2.0,3921395.93,1.0,SANTA BARBARA,5,ENTRE 0 Y 5 ANOS,4.69,-74.05,USADO,,0,0,0,0,0,0,0,0,0,0,False,USAQUEN,RINCON DEL CHICO,Calle 106,1236.76,0,PARQUE VECINAL URBANIZACIÓN NORMANDIA I II II Y IV SECTOR,1711.16,0,0.31,,0.5,1.0,0.0,,0.03,419.82,1.0
93-2805,APARTAMENTO,VENTA,20.31,161.61,3.0,3.0,716000.0,1.0,SANTA BARBARA,6,MAS DE 20 ANOS,4.7,-74.05,USADO,,0,0,0,0,1,0,0,0,0,1,False,USAQUEN,SAN PATRICIO,Pepe Sierra,435.19,1,PARQUE ZONAL CANAL CORDOBA,1583.59,0,0.13,,0.33,1.0,0.0,,0.02,193.53,1.0
410-M3685628,APARTAMENTO,VENTA,20.2,90.0,3.0,3.0,513000.0,1.0,SANTA BARBARA,6,ENTRE 5 Y 10 ANOS,4.69,-74.04,USADO,,0,1,0,0,1,0,0,0,0,1,False,USAQUEN,RINCON DEL CHICO,Calle 100 - Marketmedios,1534.9,0,PARQUE ZONAL CANAL EL VIRREY EL CHICO,1785.84,0,0.22,,0.33,1.0,0.0,,0.03,496.08,1.0
989-M3459035,APARTAMENTO,VENTA,19.86,101.0,3.0,2.0,250000.0,2.0,ORQUIDEAS,4,ENTRE 5 Y 10 ANOS,4.76,-74.04,USADO,,0,1,0,0,0,0,0,0,0,0,False,USAQUEN,SAN ANTONIO NOROCCIDENTAL,Portal Norte,825.24,0,PARQUE VECINAL URBANIZACIÓN CALLE 170 / ALAMEDA,166.27,1,0.2,,0.67,1.5,0.0,,0.03,983.35,0.0
920-42145568,APARTAMENTO,VENTA,21.72,334.0,3.0,4.0,1800000.0,3.0,CHICO,6,MAS DE 20 ANOS,4.67,-74.04,USADO,,0,1,0,0,1,0,0,0,0,1,False,CHAPINERO,S.C. EL BAGAZAL,Héroes - Gel´Hada,2484.19,0,PARQUE VECINAL URBANIZACIÓN LA CABRERA,1441.02,0,0.07,,1.0,0.75,0.0,,0.01,1404.5,0.0
920-42145320,APARTAMENTO,VENTA,20.39,116.0,3.0,3.0,633000.0,2.0,SANTA BARBARA,6,ENTRE 10 Y 20 ANOS,4.7,-74.05,USADO,,0,1,0,0,1,0,0,0,0,1,False,USAQUEN,SANTA BARBARA OCCIDENTAL,Calle 127,1047.83,0,PARQUE METROPOLITANO EL COUNTRY,962.22,0,0.18,,0.67,1.0,0.0,,0.03,313.16,1.0
11813-M4676042,APARTAMENTO,VENTA,19.55,54.0,1.0,2.0,382000.0,1.0,,3,ENTRE 0 Y 5 ANOS,4.71,-74.06,USADO,,0,0,1,0,0,0,0,0,0,0,False,SUBA,EL BATAN,Calle 127,505.87,0,PARQUE ZONAL ATABANZA,449.71,1,0.36,,1.0,0.5,0.0,,0.02,666.08,0.0
9947-M4555754,APARTAMENTO,VENTA,20.72,115.0,2.0,2.0,3921395.93,2.0,CHICO,6,ENTRE 10 Y 20 ANOS,4.67,-74.05,USADO,,1,0,0,0,0,0,0,0,0,0,False,CHAPINERO,S.C. EL CHICO,Virrey,892.87,0,PARQUE ZONAL CANAL EL VIRREY EL CHICO,344.2,1,0.18,,1.0,1.0,0.0,,0.02,222.89,4.0
11813-M4675419,APARTAMENTO,VENTA,19.34,71.0,4.0,2.0,122000.0,0.0,,3,ENTRE 10 Y 20 ANOS,4.72,-74.13,USADO,,0,0,1,0,0,0,0,0,0,0,False,ENGATIVA,EL DORADO INDUSTRIAL - SANTA ISABEL (HACIENDA),Portal 80,2429.16,0,PARQUE METROPOLITANO PLANTA DE TRATAMIENTO SALITRE,556.33,0,0.27,,0.0,2.0,0.0,,0.06,2217.0,0.0
12453-M4194885,APARTAMENTO,VENTA,21.02,226.0,3.0,4.0,1120000.0,3.0,COUNTRY,5,ENTRE 10 Y 20 ANOS,4.71,-74.05,USADO,,0,1,0,0,1,1,0,0,0,1,False,USAQUEN,LA CALLEJA,Calle 127,507.04,0,PARQUE ZONAL ATABANZA,870.53,0,0.09,,1.0,0.75,0.0,,0.01,173.46,5.0
11813-M4675344,APARTAMENTO,VENTA,19.11,56.0,3.0,2.0,130000.0,0.0,,2,ENTRE 0 Y 5 ANOS,4.63,-74.19,USADO,,0,0,1,1,0,0,0,0,0,0,False,BOSA,S.C. LAS_MARGARITAS,Portal Américas,2163.05,0,PARQUE VECINAL URBANIZACIÓN SANTIAGO DE ATALAYAS,1184.88,0,0.34,,0.0,1.5,0.0,,0.05,2651.99,0.0
11813-M4544232,APARTAMENTO,VENTA,19.81,62.0,2.0,2.0,570000.0,1.0,,4,ENTRE 10 Y 20 ANOS,4.72,-74.03,USADO,,0,0,1,0,0,0,0,0,0,0,False,USAQUEN,LISBOA_,Alcalá,2061.93,0,PARQUE VECINAL NUEVA URBANIZACIÓN EL CEDRITO,923.44,0,0.32,,0.5,1.0,0.0,,0.03,274.89,1.0
470-M4487815,APARTAMENTO,VENTA,21.3,250.0,3.0,3.0,1400000.0,2.0,CHAPINERO ALTO,5,ENTRE 10 Y 20 ANOS,4.65,-74.06,USADO,,0,1,0,0,1,0,0,0,0,0,True,CHAPINERO,S.C. CHAPINERO NORTE,Flores – Areandina,456.99,1,PARQUE ZONAL GUSTAVO URIBE BOTERO,962.82,0,0.09,,0.67,1.0,0.0,,0.01,254.38,1.0
73-M3368132,APARTAMENTO,VENTA,20.58,133.0,3.0,2.0,718000.0,2.0,CHICO,6,MAS DE 20 ANOS,4.66,-74.05,USADO,,0,0,0,0,1,0,0,0,0,1,False,CHAPINERO,LOS ROSALES,Calle 72,1559.41,0,PARQUE ZONAL SAN ANDRÉS,907.56,0,0.15,,0.67,1.5,0.0,,0.02,827.87,0.0
4796-2791,APARTAMENTO,VENTA,19.79,120.0,3.0,2.0,485000.0,1.0,COLINA Y ALREDEDORES,4,MAS DE 20 ANOS,4.71,-74.06,USADO,,0,0,0,0,0,1,0,0,0,1,False,SUBA,CANODROMO - URB. TIERRA LINDA,Prado,720.54,0,PARQUE ZONAL ATABANZA,197.41,1,0.16,,0.33,1.5,0.0,,0.02,790.48,0.0
183-M3780207,APARTAMENTO,VENTA,19.92,105.9,2.0,1.0,210900.0,0.0,CHAPINERO,3,MAS DE 20 ANOS,4.68,-74.05,USADO,,0,0,0,0,1,0,0,0,0,1,False,CHAPINERO,S.C. EL CHICO,Virrey,821.34,0,PARQUE ZONAL CANAL EL VIRREY EL CHICO,325.24,1,0.19,,0.0,2.0,0.0,,0.02,164.97,3.0
350-M3706195,APARTAMENTO,VENTA,20.44,114.4,2.0,2.0,1457000.0,2.0,CHICO,6,MAS DE 20 ANOS,4.68,-74.04,USADO,,0,1,0,0,1,0,0,0,0,1,False,CHAPINERO,CHICO RESERVADO,Calle 100 - Marketmedios,1860.93,0,PARQUE VECINAL URBANIZACIÓN LA CABRERA,1276.04,0,0.18,,1.0,1.0,0.0,,0.02,362.23,2.0
2123-M3451977,APARTAMENTO,VENTA,21.81,392.0,4.0,5.0,2530000.0,4.0,COUNTRY,6,MAS DE 20 ANOS,4.72,-74.03,USADO,,0,1,0,1,1,1,0,0,0,1,False,USAQUEN,MONTEARROYO,Alcalá,2657.42,0,PARQUE VECINAL NUEVA URBANIZACIÓN EL CEDRITO,986.6,0,0.06,,1.0,0.8,0.0,,0.01,191.32,1.0
4498-M3985649,APARTAMENTO,VENTA,20.52,87.42,2.0,3.0,760000.0,2.0,SANTA BARBARA,5,ENTRE 0 Y 5 ANOS,4.7,-74.05,USADO,,0,0,0,1,1,0,0,0,0,1,False,USAQUEN,SANTA BARBARA OCCIDENTAL,Pepe Sierra,420.74,1,PARQUE ZONAL ATABANZA,1225.78,0,0.23,,1.0,0.67,0.0,,0.02,492.55,1.0
4796-M3780574,APARTAMENTO,VENTA,19.8,85.0,3.0,2.0,282000.0,1.0,ORQUIDEAS,3,MAS DE 20 ANOS,4.74,-74.03,USADO,,0,0,0,1,0,1,0,0,0,1,False,USAQUEN,SANTA TERESA,Toberin - Foundever,2164.54,0,PARQUE ZONAL SERVITA,365.52,1,0.23,,0.33,1.5,0.0,,0.04,1069.92,0.0
10323-M3356316,APARTAMENTO,VENTA,20.09,113.0,3.0,3.0,602500.0,2.0,NIZA ALHAMBRA,5,ENTRE 10 Y 20 ANOS,4.71,-74.06,USADO,,0,1,0,1,1,0,0,0,0,1,False,SUBA,EL BATAN,Calle 127,874.33,0,PARQUE ZONAL ATABANZA,565.5,0,0.18,,0.67,1.0,0.0,,0.03,1031.11,0.0
10202-M4468838,APARTAMENTO,VENTA,19.38,62.0,3.0,2.0,3921395.93,1.0,KENNEDY,3,ENTRE 5 Y 10 ANOS,4.65,-74.15,USADO,,0,0,0,0,1,0,0,0,0,1,False,KENNEDY,S.C. TINTALA,Biblioteca Tintal,1790.93,0,PARQUE ZONAL SAN IGNACIO,774.2,0,0.31,,0.33,1.5,0.0,,0.05,2735.12,0.0
164-M3332265,APARTAMENTO,VENTA,20.09,67.91,2.0,2.0,250000.0,1.0,SALITRE MODELIA,4,ENTRE 0 Y 5 ANOS,4.64,-74.11,USADO,,0,0,0,0,1,0,0,0,0,1,False,PUENTE ARANDA,CENTRO INDUSTRIAL,Salitre - El Greco,1372.36,0,PARQUE METROPOLITANO PARQUE CENTRAL SIMÓN BOLÍVAR,930.21,0,0.3,,0.5,1.0,0.0,,0.03,1100.61,0.0
11813-M4741839,APARTAMENTO,VENTA,19.21,35.0,1.0,1.0,3921395.93,0.0,CHICO,3,ENTRE 0 Y 5 ANOS,4.68,-74.04,USADO,,0,0,0,0,0,0,0,0,0,0,True,CHAPINERO,S.C. CHICO NORTE,Virrey,1728.87,0,PARQUE VECINAL URBANIZACIÓN LA CABRERA,1117.27,0,0.55,,0.0,1.0,0.0,,0.03,457.98,2.0
2671-9643,APARTAMENTO,VENTA,21.75,267.0,3.0,4.0,1788000.0,0.0,CHICO,6,ENTRE 10 Y 20 ANOS,4.68,-74.05,USADO,,0,0,0,0,0,1,0,0,0,1,True,CHAPINERO,S.C. CHICO NORTE,Virrey,514.17,0,PARQUE VECINAL URBANIZACIÓN NORMANDIA I II II Y IV SECTOR,415.51,1,0.08,,0.0,0.75,0.0,,0.01,326.43,2.0
470-1128,APARTAMENTO,VENTA,21.13,214.0,3.0,4.0,1183000.0,3.0,COUNTRY,6,ENTRE 10 Y 20 ANOS,4.71,-74.04,USADO,,0,1,0,0,1,0,0,0,0,0,False,USAQUEN,LA_CAROLINA,Calle 127,1921.4,0,PARQUE METROPOLITANO EL COUNTRY,304.05,1,0.1,,1.0,0.75,0.0,,0.01,668.97,0.0
10366-M3976419,APARTAMENTO,VENTA,21.09,206.0,3.0,3.0,900000.0,1.0,SANTA BARBARA,5,MAS DE 20 ANOS,4.7,-74.03,USADO,,0,1,0,0,0,0,0,0,0,1,False,USAQUEN,SANTA BARBARA CENTRAL II,Calle 127,2213.14,0,PARQUE METROPOLITANO EL COUNTRY,588.89,0,0.1,,0.33,1.0,0.0,,0.01,554.5,0.0
93-2452,APARTAMENTO,VENTA,20.56,197.71,3.0,3.0,1244000.0,2.0,SANTA BARBARA,5,MAS DE 20 ANOS,4.7,-74.05,USADO,,0,0,0,1,1,0,0,0,0,1,False,USAQUEN,SANTA BARBARA OCCIDENTAL,Calle 127,540.31,0,PARQUE ZONAL ATABANZA,1203.23,0,0.1,,0.67,1.0,0.0,,0.02,489.95,3.0
973-M4547875,APARTAMENTO,VENTA,19.25,30.35,2.0,1.0,3921395.93,0.0,PUENTE ARANDA,3,ENTRE 0 Y 5 ANOS,4.61,-74.11,USADO,,0,0,0,0,1,0,0,0,0,1,False,PUENTE ARANDA,TIBANA,Santa Isabel,1015.84,0,PARQUE VECINAL GORGONZOLA,638.37,0,0.63,,0.0,2.0,0.0,,0.07,2598.31,0.0
3229-M4060365,APARTAMENTO,VENTA,19.83,89.0,3.0,2.0,3921395.93,1.0,COUNTRY,5,MAS DE 20 ANOS,4.72,-74.05,USADO,,0,1,0,0,0,0,0,0,0,0,False,USAQUEN,EL CONTADOR,Alcalá,710.59,0,PARQUE VECINAL PRADO PINZÓN,1057.37,0,0.22,,0.33,1.5,0.0,,0.03,282.33,1.0
603-M4418394,APARTAMENTO,VENTA,20.29,123.0,3.0,3.0,703000.0,2.0,SANTA BARBARA,6,MAS DE 20 ANOS,4.7,-74.05,USADO,,0,1,0,0,0,0,0,0,0,1,False,USAQUEN,SANTA BARBARA OCCIDENTAL,Calle 127,1047.83,0,PARQUE METROPOLITANO EL COUNTRY,962.22,0,0.16,,0.67,1.0,0.0,,0.02,313.16,1.0
495-M4118600,APARTAMENTO,VENTA,21.58,172.0,2.0,3.0,1882000.0,2.0,CHICO,6,ENTRE 0 Y 5 ANOS,4.66,-74.05,USADO,,0,0,0,1,0,0,0,0,0,1,False,CHAPINERO,S.C. EL RETIRO,Héroes - Gel´Hada,1516.03,0,PARQUE ZONAL SAN ANDRÉS,553.95,0,0.13,,1.0,0.67,0.0,,0.01,649.49,0.0
2671-2819,APARTAMENTO,VENTA,21.37,387.0,4.0,5.0,2300000.0,4.0,COUNTRY,6,ENTRE 10 Y 20 ANOS,4.71,-74.04,USADO,,0,1,0,1,1,0,0,0,0,1,False,USAQUEN,LA_CAROLINA,Calle 127,1584.12,0,PARQUE METROPOLITANO EL COUNTRY,245.95,1,0.06,,1.0,0.8,0.0,,0.01,404.44,1.0
4796-M3827400,APARTAMENTO,VENTA,21.54,240.06,3.0,4.0,1061000.0,1.0,CHICO,6,MAS DE 20 ANOS,4.66,-74.06,USADO,,0,0,0,0,1,1,0,0,0,1,False,CHAPINERO,S.C. PORCIUNCULA,Calle 72,822.0,0,PARQUE ZONAL GUSTAVO URIBE BOTERO,677.37,0,0.09,,0.33,0.75,0.0,,0.01,118.76,5.0
34-M4210093,APARTAMENTO,VENTA,20.56,107.8,3.0,3.0,600000.0,2.0,CEDRITOS,4,ENTRE 0 Y 5 ANOS,4.72,-74.03,USADO,,0,0,0,0,1,0,0,0,0,1,False,USAQUEN,LOS CEDROS ORIENTAL,Calle 142,2620.31,0,PARQUE VECINAL NUEVA URBANIZACIÓN EL CEDRITO,701.09,0,0.19,,0.67,1.0,0.0,,0.03,810.52,0.0
10300-M4600700,APARTAMENTO,VENTA,19.99,157.0,5.0,4.0,3921395.93,0.0,CHAPINERO ALTO,3,MAS DE 20 ANOS,4.64,-74.06,USADO,,0,0,0,0,0,0,0,0,0,1,False,CHAPINERO,S.C. CHAPINERO CENTRAL,Calle 57,242.21,1,PARQUE ESCENARIO DEPORTIVO EL CAMPINCITO - CEAD,1450.22,0,0.13,,0.0,1.25,0.0,,0.03,960.49,0.0
4796-3531,APARTAMENTO,VENTA,20.67,131.0,3.0,4.0,1000000.0,3.0,SANTA BARBARA,6,ENTRE 10 Y 20 ANOS,4.69,-74.05,USADO,,0,0,0,0,1,0,0,0,0,1,False,USAQUEN,SANTA BIBIANA,Calle 106,1062.23,0,PARQUE VECINAL URBANIZACIÓN NORMANDIA I II II Y IV SECTOR,1669.35,0,0.16,,1.0,0.75,0.0,,0.02,473.93,1.0
4796-1133,APARTAMENTO,VENTA,21.2,175.0,1.0,3.0,760000.0,2.0,CHAPINERO ALTO,6,ENTRE 10 Y 20 ANOS,4.65,-74.05,USADO,,0,0,0,0,1,1,0,0,0,1,False,CHAPINERO,S.C. LAS ACACIAS,Flores – Areandina,1192.55,0,PARQUE ZONAL GUSTAVO URIBE BOTERO,101.72,1,0.12,,2.0,0.33,0.0,,0.01,350.13,1.0
4796-2811,APARTAMENTO,VENTA,20.67,138.0,3.0,3.0,804000.0,2.0,SANTA BARBARA,6,MAS DE 20 ANOS,4.71,-74.05,USADO,,0,0,0,0,1,0,0,0,0,1,True,USAQUEN,SANTA BARBARA OCCIDENTAL,Calle 127,207.15,1,PARQUE ZONAL ATABANZA,570.09,0,0.15,,0.67,1.0,0.0,,0.02,174.0,5.0
679-3779900,APARTAMENTO,VENTA,21.22,209.0,3.0,4.0,1100000.0,3.0,COUNTRY,6,ENTRE 10 Y 20 ANOS,4.71,-74.03,USADO,,0,1,0,1,1,1,0,0,0,1,False,USAQUEN,BOSQUES DE MEDINA,Prado,2924.97,0,PARQUE METROPOLITANO EL COUNTRY,1456.76,0,0.1,,1.0,0.75,0.0,,0.01,624.54,0.0
4796-2858,APARTAMENTO,VENTA,20.77,200.0,3.0,4.0,1190000.0,2.0,COUNTRY,6,MAS DE 20 ANOS,4.71,-74.04,USADO,,0,0,0,0,1,0,0,0,0,1,False,USAQUEN,LA_CAROLINA,Calle 127,1489.36,0,PARQUE METROPOLITANO EL COUNTRY,402.85,1,0.1,,0.67,0.75,0.0,,0.02,467.02,1.0
ATI-1679398,APARTAMENTO,VENTA,21.26,274.0,4.0,5.0,1180000.0,4.0,ALTOS DE SUBA Y CERROS DE SAN JORGE,6,ENTRE 5 Y 10 ANOS,4.74,-74.07,USADO,,1,1,0,1,1,1,0,0,0,1,False,SUBA,EL CERRITO (LOTE),21 Ángeles,1453.17,0,PARQUE ZONAL EL TOMILLAR,513.11,0,0.08,,1.0,0.8,0.0,,0.01,1429.69,0.0
4796-M3664173,APARTAMENTO,VENTA,19.81,55.0,1.0,2.0,460000.0,1.0,SANTA BARBARA,6,ENTRE 10 Y 20 ANOS,4.7,-74.05,USADO,,0,0,0,0,1,0,0,0,0,1,True,USAQUEN,SANTA BARBARA OCCIDENTAL,Pepe Sierra,446.25,1,PARQUE ZONAL ATABANZA,1271.49,0,0.36,,1.0,0.5,0.0,,0.02,452.33,2.0
2751-4405,APARTAMENTO,VENTA,20.07,95.0,3.0,3.0,355000.0,1.0,SALITRE MODELIA,4,MAS DE 20 ANOS,4.66,-74.11,USADO,,0,1,0,0,1,0,0,0,0,1,False,FONTIBON,CIUDAD SALITRE,AV. Rojas,355.89,1,PARQUE ZONAL SAUZALITO,543.67,0,0.21,,0.33,1.0,0.0,,0.03,190.49,2.0
4796-M3719177,APARTAMENTO,VENTA,21.34,211.93,2.0,3.0,915000.0,2.0,CHICO,6,MAS DE 20 ANOS,4.66,-74.05,USADO,,0,0,0,0,1,0,0,0,0,1,False,CHAPINERO,S.C. BELLAVISTA,Calle 72,1278.48,0,PARQUE ZONAL GUSTAVO URIBE BOTERO,506.56,0,0.1,,1.0,0.67,0.0,,0.01,535.31,0.0
9947-M4555756,APARTAMENTO,VENTA,21.58,324.0,4.0,4.0,3921395.93,3.0,CHICO,6,MAS DE 20 ANOS,4.67,-74.05,USADO,,0,0,0,0,0,0,0,0,0,0,False,CHAPINERO,LA CABRERA,Calle 85,1016.0,0,PARQUE VECINAL URBANIZACIÓN LA CABRERA,84.02,1,0.07,,0.75,1.0,0.0,,0.01,93.0,5.0
4796-M3708966,APARTAMENTO,VENTA,21.02,183.0,3.0,4.0,1200000.0,3.0,CEDRITOS,6,ENTRE 5 Y 10 ANOS,4.73,-74.02,USADO,,0,0,0,1,1,0,0,0,0,1,False,USAQUEN,BOSQUE DE PINOS III,Calle 146,3021.67,0,PARQUE ZONAL ALTA BLANCA,1125.08,0,0.11,,1.0,0.75,0.0,,0.02,1152.23,0.0
4796-2513,APARTAMENTO,VENTA,20.91,120.0,2.0,3.0,790000.0,2.0,CHICO,6,ENTRE 5 Y 10 ANOS,4.68,-74.05,USADO,,0,0,0,1,1,0,1,0,0,1,False,CHAPINERO,S.C. CHICO NORTE,Virrey,808.53,0,PARQUE ZONAL CANAL EL VIRREY EL CHICO,565.66,0,0.17,,1.0,0.67,0.0,,0.02,156.16,3.0
34-M4126236,APARTAMENTO,VENTA,20.34,131.0,3.0,3.0,595000.0,2.0,,6,MAS DE 20 ANOS,4.72,-74.08,USADO,,0,1,0,0,1,0,0,0,0,1,False,SUBA,S.C. NIZA NORTE,Niza - Calle 127,638.36,0,PARQUE VECINAL AGRUPACIÓN DE VIVIENDA EN BALCON DE LINDARAJA,382.31,1,0.16,,0.67,1.0,0.0,,0.02,687.13,0.0
73-M4207431,APARTAMENTO,VENTA,20.33,72.4,1.0,2.0,605000.0,1.0,CHICO,6,ENTRE 10 Y 20 ANOS,4.68,-74.06,USADO,,0,1,0,1,1,0,0,0,0,1,False,CHAPINERO,S.C. CHICO NORTE,Calle 100 - Marketmedios,477.4,1,PARQUE VECINAL URBANIZACIÓN NORMANDIA I II II Y IV SECTOR,413.98,1,0.28,,1.0,0.5,0.0,,0.01,229.28,1.0
34-63428,APARTAMENTO,VENTA,21.25,300.0,3.0,5.0,1284000.0,2.0,CERROS DE SUBA,6,MAS DE 20 ANOS,4.73,-74.08,USADO,,0,1,0,0,0,0,0,0,0,1,False,SUBA,NIZA SUBA - URB. LA ARBOLEDA DE SUBA,Gratamira,405.25,1,PARQUE ZONAL EL TOMILLAR,1106.67,0,0.07,,0.67,0.6,0.0,,0.01,1017.12,0.0
3606-100681,APARTAMENTO,VENTA,20.23,122.0,4.0,3.0,620000.0,2.0,COUNTRY,5,ENTRE 10 Y 20 ANOS,4.71,-74.05,USADO,,0,1,0,1,1,1,1,0,0,1,False,USAQUEN,,Prado,535.02,0,PARQUE ZONAL ATABANZA,1190.68,0,0.17,,0.5,1.33,0.0,,0.03,806.84,0.0
16039-M4450036,APARTAMENTO,VENTA,19.86,82.27,2.0,2.0,252000.0,1.0,CHAPINERO ALTO,4,MAS DE 20 ANOS,4.64,-74.06,USADO,,0,0,0,0,0,0,0,0,0,0,False,CHAPINERO,S.C. BOSQUE CALDERON,Marly,486.86,1,PARQUE METROPOLITANO PARQUE NACIONAL (PM2A) ENRIQUE OLAYA HERRERA (SECTOR HISTORICO),1667.43,0,0.24,,0.5,1.0,0.0,,0.02,833.0,0.0
183-M4134268,APARTAMENTO,VENTA,19.04,35.0,1.0,1.0,241900.0,1.0,COUNTRY,4,MAS DE 20 ANOS,4.71,-74.02,USADO,,0,0,0,0,0,0,0,0,0,1,False,USAQUEN,SAN,Prado,3244.49,0,PARQUE METROPOLITANO EL COUNTRY,1520.94,0,0.54,,1.0,1.0,0.0,,0.03,991.39,0.0
295-M3570775,APARTAMENTO,VENTA,20.29,130.57,2.0,3.0,517000.0,3.0,CHAPINERO ALTO,4,ENTRE 10 Y 20 ANOS,4.64,-74.06,USADO,,0,0,0,0,1,0,0,0,0,1,False,CHAPINERO,BOSQUE CALDERON TEJADA III SECTOR,Calle 57,880.46,0,PARQUE ZONAL GUSTAVO URIBE BOTERO,1018.87,0,0.16,,1.5,0.67,0.0,,0.02,995.83,0.0
14493-M4308517,APARTAMENTO,VENTA,21.3,207.0,3.0,3.0,1300000.0,3.0,CHICO,6,MAS DE 20 ANOS,4.67,-74.05,USADO,,0,0,0,0,0,0,0,0,0,1,False,CHAPINERO,EL REFUGIO,Héroes - Gel´Hada,1603.88,0,PARQUE VECINAL URBANIZACIÓN LA CABRERA,661.64,0,0.1,,1.0,1.0,0.0,,0.01,664.81,0.0
93-2262,APARTAMENTO,VENTA,21.37,307.0,3.0,4.0,1520000.0,3.0,CHICO,6,MAS DE 20 ANOS,4.66,-74.05,USADO,,0,1,0,1,1,0,0,0,0,1,False,CHAPINERO,S.C. BELLAVISTA,Calle 72,1226.99,0,PARQUE ZONAL SAN ANDRÉS,799.79,0,0.07,,1.0,0.75,0.0,,0.01,499.99,1.0
34-M4692486,APARTAMENTO,VENTA,19.81,62.0,2.0,2.0,570000.0,1.0,COUNTRY,4,ENTRE 10 Y 20 ANOS,4.72,-74.03,USADO,,0,0,0,0,1,0,0,0,0,0,False,USAQUEN,LISBOA_,Alcalá,2095.59,0,PARQUE VECINAL NUEVA URBANIZACIÓN EL CEDRITO,910.01,0,0.32,,0.5,1.0,0.0,,0.03,296.37,2.0
9947-M4555752,APARTAMENTO,VENTA,21.28,177.0,3.0,3.0,3921395.93,3.0,CHICO,6,ENTRE 10 Y 20 ANOS,4.67,-74.05,USADO,,0,0,0,0,0,0,0,0,0,0,False,CHAPINERO,S.C. CHICO NORTE,Virrey,1402.13,0,PARQUE VECINAL URBANIZACIÓN LA CABRERA,669.33,0,0.12,,1.0,1.0,0.0,,0.02,305.43,1.0
5175-M4655385,APARTAMENTO,VENTA,20.91,114.0,3.0,3.0,750000.0,2.0,SANTA BARBARA,5,ENTRE 0 Y 5 ANOS,4.7,-74.05,USADO,,0,0,0,1,1,0,0,0,0,1,False,USAQUEN,SANTA BARBARA OCCIDENTAL,Calle 127,323.67,1,PARQUE ZONAL ATABANZA,979.44,0,0.18,,0.67,1.0,0.0,,0.03,340.23,3.0
34-M4533272,APARTAMENTO,VENTA,19.51,62.0,2.0,2.0,244200.0,1.0,CEDRITOS,4,MAS DE 20 ANOS,4.73,-74.03,USADO,,0,0,0,0,0,0,0,0,0,1,False,USAQUEN,CEDRO SALAZAR,Calle 146,2056.42,0,PARQUE ZONAL ALTA BLANCA,594.34,0,0.31,,0.5,1.0,0.0,,0.03,148.16,1.0
5031-M3788752,APARTAMENTO,VENTA,19.64,76.0,3.0,2.0,3921395.93,1.0,COLINA Y ALREDEDORES,4,MAS DE 20 ANOS,4.74,-74.05,USADO,,0,0,0,0,0,1,0,0,0,1,False,SUBA,MAZUREN,Mazurén,282.17,1,PARQUE VECINAL URBANIZACIÓN VICTORIA NORTE,351.46,1,0.26,,0.33,1.5,0.0,,0.04,1864.05,0.0
5521-M3664447,APARTAMENTO,VENTA,20.82,142.0,3.0,3.0,790100.0,2.0,CHICO,6,MAS DE 20 ANOS,4.66,-74.05,USADO,,0,0,0,1,0,1,0,0,0,1,False,CHAPINERO,PINAR ALTO - PINAR II,Calle 76 - San Felipe,1474.04,0,PARQUE ZONAL SAN ANDRÉS,562.9,0,0.15,,0.67,1.0,0.0,,0.02,733.86,0.0
703-M4629551,APARTAMENTO,VENTA,20.85,184.6,3.0,3.0,913900.0,3.0,SANTA BARBARA,5,MAS DE 20 ANOS,4.7,-74.05,USADO,,0,0,0,0,1,0,0,0,0,1,False,USAQUEN,SAN PATRICIO,Pepe Sierra,476.48,1,PARQUE ZONAL ATABANZA,1472.84,0,0.11,,1.0,1.0,0.0,,0.02,246.06,2.0
293-M4639335,APARTAMENTO,VENTA,19.79,59.0,2.0,2.0,310000.0,2.0,SANTA BARBARA,5,MAS DE 20 ANOS,4.7,-74.03,USADO,,0,0,0,0,0,0,0,0,0,1,False,USAQUEN,SANTA BARBARA ORIENTAL,Calle 127,2516.92,0,PARQUE METROPOLITANO EL COUNTRY,869.02,0,0.34,,1.0,1.0,0.0,,0.03,403.89,1.0
771-M4481325,APARTAMENTO,VENTA,20.23,67.6,2.0,2.0,412000.0,1.0,SANTA BARBARA,5,ENTRE 0 Y 5 ANOS,4.69,-74.05,USADO,,0,0,0,0,0,0,0,0,0,1,False,USAQUEN,RINCON DEL CHICO,Calle 106,1309.51,0,PARQUE ZONAL CANAL EL VIRREY EL CHICO,1756.84,0,0.3,,0.5,1.0,0.0,,0.03,444.84,1.0
11139-M4459859,APARTAMENTO,VENTA,19.95,93.0,3.0,3.0,476000.0,0.0,NIZA ALHAMBRA,5,MAS DE 20 ANOS,4.71,-74.08,USADO,,0,0,0,0,1,0,0,0,0,0,True,SUBA,NIZA SUR,Humedal Córdoba,473.94,1,PARQUE ZONAL LOS LACHES LA MINA,643.33,0,0.21,,0.0,1.0,0.0,,0.03,641.18,0.0
4796-M4486657,APARTAMENTO,VENTA,19.67,50.25,2.0,2.0,518000.0,0.0,CHAPINERO ALTO,4,ENTRE 10 Y 20 ANOS,4.65,-74.06,USADO,,0,0,0,0,0,0,0,0,0,1,False,CHAPINERO,S.C. CHAPINERO NORTE,Calle 63,567.3,0,PARQUE ZONAL GUSTAVO URIBE BOTERO,869.7,0,0.39,,0.0,1.0,0.0,,0.04,435.77,1.0
2123-M4246548,APARTAMENTO,VENTA,20.72,128.0,3.0,3.0,930000.0,2.0,COUNTRY,5,ENTRE 0 Y 5 ANOS,4.7,-74.03,USADO,,0,0,0,1,1,1,0,0,0,1,False,USAQUEN,SANTA BARBARA ORIENTAL,Calle 127,2869.18,0,PARQUE METROPOLITANO EL COUNTRY,1160.15,0,0.16,,0.67,1.0,0.0,,0.02,649.14,0.0
410-709,APARTAMENTO,VENTA,19.09,33.96,1.0,1.0,149000.0,1.0,COLINA Y ALREDEDORES,4,MAS DE 20 ANOS,4.73,-74.06,USADO,,0,0,0,0,1,0,0,0,0,1,False,SUBA,LA VICTORIA NORTE,Mazurén,644.08,0,PARQUE VECINAL URBANIZACIÓN LA LAGUNA,75.11,1,0.56,,1.0,1.0,0.0,,0.03,1311.9,0.0
920-M4056190,APARTAMENTO,VENTA,21.25,192.0,3.0,4.0,1700000.0,3.0,SANTA BARBARA,6,ENTRE 5 Y 10 ANOS,4.69,-74.05,USADO,,0,0,0,1,1,0,0,0,0,1,False,USAQUEN,SANTA BIBIANA,Calle 106,483.75,1,PARQUE VECINAL URBANIZACIÓN NORMANDIA I II II Y IV SECTOR,1546.18,0,0.11,,1.0,0.75,0.0,,0.02,720.15,0.0
3229-M4032143,APARTAMENTO,VENTA,19.64,53.0,2.0,2.0,223900.0,1.0,CEDRITOS,4,ENTRE 10 Y 20 ANOS,4.73,-74.04,USADO,,0,1,0,0,1,0,0,0,0,0,False,USAQUEN,CEDRO BOLIVAR II SECTOR,Calle 146,1100.89,0,PARQUE VECINAL NUEVA URBANIZACIÓN EL CEDRITO,981.59,0,0.37,,0.5,1.0,0.0,,0.04,828.77,0.0
10366-M4730967,APARTAMENTO,VENTA,20.99,203.0,3.0,5.0,3921395.93,2.0,COLINA Y ALREDEDORES,5,ENTRE 10 Y 20 ANOS,4.73,-74.07,USADO,,0,0,0,0,0,0,0,0,0,0,False,SUBA,URB. EL PASEO DE LA COLINA,Gratamira,695.02,0,PARQUE ZONAL EL TOMILLAR,1113.47,0,0.1,,0.67,0.6,0.0,,0.01,385.75,1.0
14914-M3970740,APARTAMENTO,VENTA,21.64,226.0,3.0,4.0,1985000.0,4.0,CHICO,6,ENTRE 5 Y 10 ANOS,4.67,-74.05,USADO,,0,1,0,1,0,0,0,0,0,1,True,CHAPINERO,S.C. CHICO NORTE,Virrey,1451.91,0,PARQUE VECINAL URBANIZACIÓN LA CABRERA,668.54,0,0.1,,1.33,0.75,0.0,,0.01,367.46,1.0
2671-M3739616,APARTAMENTO,VENTA,21.19,209.1,3.0,4.0,1823000.0,3.0,SANTA BARBARA,6,ENTRE 10 Y 20 ANOS,4.7,-74.05,USADO,,0,0,0,0,0,0,0,0,0,1,False,USAQUEN,SAN PATRICIO,Pepe Sierra,818.36,0,PARQUE METROPOLITANO EL COUNTRY,1333.59,0,0.1,,1.0,0.75,0.0,,0.01,88.89,3.0
11013-M4697008,APARTAMENTO,VENTA,19.81,55.0,1.0,2.0,300000.0,1.0,COUNTRY,5,ENTRE 0 Y 5 ANOS,4.72,-74.05,USADO,,0,1,0,0,0,0,0,0,0,1,False,USAQUEN,LOS CEDRITOS,Calle 142,322.04,1,PARQUE VECINAL PRADO PINZÓN,493.35,1,0.36,,1.0,0.5,0.0,,0.02,525.45,0.0
771-M4371570,APARTAMENTO,VENTA,20.99,150.0,2.0,3.0,649000.0,2.0,CHICO,6,MAS DE 20 ANOS,4.66,-74.05,USADO,,0,1,0,0,1,0,0,0,0,1,False,CHAPINERO,LOS ROSALES,Calle 72,1578.93,0,PARQUE ZONAL GUSTAVO URIBE BOTERO,758.3,0,0.14,,1.0,0.67,0.0,,0.01,827.83,0.0
34-M3994571,APARTAMENTO,VENTA,20.12,46.0,1.0,1.0,569000.0,1.0,CHICO,6,ENTRE 0 Y 5 ANOS,4.66,-74.05,USADO,,0,0,0,0,1,0,0,0,0,1,False,CHAPINERO,LOS ROSALES,Calle 72,1559.09,0,PARQUE ZONAL GUSTAVO URIBE BOTERO,830.9,0,0.44,,1.0,1.0,0.0,,0.02,812.83,0.0
12503-M4335619,APARTAMENTO,VENTA,19.38,60.0,3.0,2.0,220000.0,2.0,ALTOS DE SUBA Y CERROS DE SAN JORGE,3,MAS DE 20 ANOS,4.74,-74.09,USADO,,0,0,0,0,0,1,0,0,0,1,False,SUBA,PRADOS DE SUBA,Suba - TV. 91,383.8,1,PARQUE ZONAL BELLAVISTA DINDALITO,273.21,1,0.32,,0.67,1.5,0.0,,0.05,1300.73,0.0
603-M4418248,APARTAMENTO,VENTA,19.74,72.6,2.0,2.0,642000.0,2.0,NIZA ALHAMBRA,5,MAS DE 20 ANOS,4.7,-74.06,USADO,,0,0,0,0,1,0,0,0,0,1,False,SUBA,LA ALHAMBRA SECTOR NORTE,Pepe Sierra,520.14,0,PARQUE ZONAL CANAL CORDOBA,675.12,0,0.27,,1.0,1.0,0.0,,0.03,826.21,0.0
4498-M4524664,APARTAMENTO,VENTA,21.06,188.0,3.0,4.0,1318500.0,3.0,SANTA BARBARA,6,ENTRE 10 Y 20 ANOS,4.7,-74.05,USADO,,0,1,0,0,1,1,0,0,0,1,False,USAQUEN,SAN PATRICIO,Pepe Sierra,276.61,1,PARQUE ZONAL CANAL CORDOBA,1384.41,0,0.11,,1.0,0.75,0.0,,0.02,415.26,1.0
293-M4626250,APARTAMENTO,VENTA,20.18,114.0,3.0,3.0,517000.0,2.0,CEDRITOS,4,MAS DE 20 ANOS,4.73,-74.04,USADO,,0,0,0,0,1,0,0,0,0,1,False,USAQUEN,LOS CEDRITOS,Calle 142,947.76,0,PARQUE VECINAL NUEVA URBANIZACIÓN EL CEDRITO,982.03,0,0.18,,0.67,1.0,0.0,,0.03,818.08,0.0
2671-11193,APARTAMENTO,VENTA,21.02,104.29,2.0,3.0,990000.0,2.0,CHICO,6,MAS DE 20 ANOS,4.66,-74.05,USADO,,0,0,0,0,1,0,0,0,0,1,False,CHAPINERO,S.C. EL RETIRO,Héroes - Gel´Hada,1516.03,0,PARQUE ZONAL SAN ANDRÉS,553.95,0,0.2,,1.0,0.67,0.0,,0.02,649.49,0.0
920-M3840404,APARTAMENTO,VENTA,20.44,71.0,1.0,2.0,400000.0,1.0,CHICO,6,ENTRE 0 Y 5 ANOS,4.68,-74.05,USADO,,0,0,0,1,1,0,1,0,0,1,False,CHAPINERO,S.C. CHICO NORTE,Virrey,808.53,0,PARQUE ZONAL CANAL EL VIRREY EL CHICO,565.66,0,0.29,,1.0,0.5,0.0,,0.01,156.16,3.0
2671-11386,APARTAMENTO,VENTA,21.51,299.0,3.0,4.0,1785600.0,3.0,CHICO,6,MAS DE 20 ANOS,4.66,-74.05,USADO,,0,0,0,0,1,0,0,0,0,1,False,CHAPINERO,S.C. BELLAVISTA,Calle 72,1119.08,0,PARQUE ZONAL SAN ANDRÉS,680.92,0,0.07,,1.0,0.75,0.0,,0.01,436.84,1.0
920-M3237845,APARTAMENTO,VENTA,20.03,77.0,2.0,2.0,440000.0,1.0,CHICO,6,ENTRE 10 Y 20 ANOS,4.68,-74.06,USADO,,0,1,0,0,1,0,0,0,0,1,False,CHAPINERO,S.C. CHICO NORTE III SECTOR,Calle 100 - Marketmedios,316.77,1,PARQUE VECINAL URBANIZACIÓN NORMANDIA I II II Y IV SECTOR,750.14,0,0.26,,0.5,1.0,0.0,,0.03,266.29,1.0
4-1409634,APARTAMENTO,VENTA,21.13,0.0,4.0,5.0,1240000.0,3.0,SANTA BARBARA,5,ENTRE 10 Y 20 ANOS,4.7,-74.05,USADO,,0,1,0,0,1,1,0,0,0,1,False,USAQUEN,SANTA BARBARA OCCIDENTAL,Pepe Sierra,334.62,1,PARQUE ZONAL ATABANZA,1145.09,0,inf,,0.75,0.8,0.0,,inf,540.8,0.0
2123-M3597229,APARTAMENTO,VENTA,21.01,222.0,3.0,5.0,1100000.0,3.0,COUNTRY,6,ENTRE 10 Y 20 ANOS,4.7,-74.03,USADO,,0,1,0,1,1,1,0,0,0,1,False,USAQUEN,BELLA SUIZA,Calle 127,2792.35,0,PARQUE METROPOLITANO EL COUNTRY,1060.87,0,0.09,,1.0,0.6,0.0,,0.01,753.13,0.0
2671-M4419639,APARTAMENTO,VENTA,21.72,316.0,3.0,3.0,1593500.0,3.0,CHICO,6,MAS DE 20 ANOS,4.66,-74.05,USADO,,1,1,0,0,1,0,0,0,0,1,False,CHAPINERO,S.C. BELLAVISTA,Calle 72,1278.48,0,PARQUE ZONAL GUSTAVO URIBE BOTERO,506.56,0,0.07,,1.0,1.0,0.0,,0.01,535.31,0.0
4796-M4627755,APARTAMENTO,VENTA,19.92,70.0,2.0,2.0,460000.0,1.0,CHAPINERO ALTO,4,ENTRE 10 Y 20 ANOS,4.65,-74.06,USADO,,0,0,0,0,1,0,0,0,0,1,False,CHAPINERO,S.C. CHAPINERO NORTE,Flores – Areandina,340.85,1,PARQUE ZONAL LA ESTACIÓN,1242.04,0,0.28,,0.5,1.0,0.0,,0.03,237.84,1.0
4796-M3863948,APARTAMENTO,VENTA,19.47,61.0,2.0,2.0,240000.0,1.0,COUNTRY,5,MAS DE 20 ANOS,4.71,-74.03,USADO,,0,0,0,0,1,0,0,0,0,1,False,USAQUEN,BOSQUES DE MEDINA,Prado,2751.13,0,PARQUE METROPOLITANO EL COUNTRY,1378.05,0,0.32,,0.5,1.0,0.0,,0.03,472.58,2.0
495-M4290807,APARTAMENTO,VENTA,20.47,111.0,2.0,3.0,540000.0,2.0,CORTIJO AUTOPISTA MEDELLIN,6,ENTRE 5 Y 10 ANOS,4.71,-74.09,USADO,,0,0,0,1,1,0,1,0,0,1,False,SUBA,S.C. CLUB DE LOS LAGARTOS,AV. Cali,1712.2,0,PARQUE ZONAL LA SERENA,597.57,0,0.18,,1.0,0.67,0.0,,0.02,1889.01,0.0
350-M3759264,APARTAMENTO,VENTA,20.99,135.01,3.0,3.0,1177000.0,2.0,CHICO,6,ENTRE 10 Y 20 ANOS,4.68,-74.06,USADO,,0,0,0,1,1,1,0,0,0,1,False,CHAPINERO,S.C. EL CHICO,Virrey,352.09,1,PARQUE VECINAL URBANIZACIÓN NORMANDIA I II II Y IV SECTOR,275.0,1,0.16,,0.67,1.0,0.0,,0.02,467.56,2.0
2363-M4419619,APARTAMENTO,VENTA,19.92,109.0,4.0,4.0,200000.0,1.0,NICOLAS DE FEDERMAN,4,MAS DE 20 ANOS,4.65,-74.08,USADO,,0,0,0,0,0,0,0,0,0,0,False,TEUSAQUILLO,NICOLAS DE FEDERMAN,Campín - UAN,488.47,1,PARQUE ZONAL NICOLAS DE FEDERMAN 3,254.35,1,0.18,,0.25,1.0,0.0,,0.04,577.61,0.0
14914-M3861592,APARTAMENTO,VENTA,21.79,223.89,3.0,4.0,891000.0,4.0,CHICO,6,ENTRE 0 Y 5 ANOS,4.68,-74.04,USADO,,0,0,0,1,1,0,0,0,0,1,False,CHAPINERO,CHICO RESERVADO,Calle 100 - Marketmedios,1757.77,0,PARQUE VECINAL URBANIZACIÓN LA CABRERA,1198.22,0,0.1,,1.33,0.75,0.0,,0.01,413.33,2.0
73-M3644917,APARTAMENTO,VENTA,21.09,122.0,2.0,3.0,1150000.0,2.0,CHICO,6,ENTRE 5 Y 10 ANOS,4.66,-74.05,USADO,,0,0,0,1,1,0,0,0,0,1,False,CHAPINERO,LOS ROSALES,Calle 76 - San Felipe,1536.4,0,PARQUE ZONAL SAN ANDRÉS,812.32,0,0.17,,1.0,0.67,0.0,,0.02,849.76,0.0
16425-M4623548,APARTAMENTO,VENTA,19.57,69.6,3.0,2.0,600000.0,1.0,,4,MAS DE 20 ANOS,4.72,-74.03,USADO,,0,0,0,0,0,0,0,0,0,1,False,USAQUEN,CEDRO SALAZAR,Calle 142,2758.96,0,PARQUE VECINAL NUEVA URBANIZACIÓN EL CEDRITO,874.11,0,0.28,,0.33,1.5,0.0,,0.04,980.17,0.0
11813-M4676235,APARTAMENTO,VENTA,19.81,90.0,3.0,3.0,468000.0,1.0,,5,ENTRE 0 Y 5 ANOS,4.73,-74.03,USADO,,0,0,1,0,0,0,0,0,0,0,False,USAQUEN,CAOBOS SALAZAR,Calle 142,1726.5,0,PARQUE VECINAL NUEVA URBANIZACIÓN EL CEDRITO,279.96,1,0.22,,0.33,1.0,0.0,,0.03,580.94,0.0
11813-M4675075,APARTAMENTO,VENTA,20.25,134.0,3.0,3.0,870000.0,2.0,,5,MAS DE 20 ANOS,4.7,-74.05,USADO,,0,0,1,0,0,0,0,0,0,0,False,USAQUEN,SANTA BARBARA OCCIDENTAL,Pepe Sierra,381.88,1,PARQUE ZONAL ATABANZA,1076.87,0,0.15,,0.67,1.0,0.0,,0.02,469.68,3.0
11813-M4675926,APARTAMENTO,VENTA,19.38,80.0,2.0,1.0,3921395.93,0.0,,3,MAS DE 20 ANOS,4.67,-74.14,USADO,,0,0,1,0,0,0,0,0,0,0,False,FONTIBON,CENTRO FONTIBON,Portal El Dorado,2327.6,0,PARQUE VECINAL VILLA HELENA VILLEMAR,272.71,1,0.24,,0.0,2.0,0.0,,0.02,1568.68,0.0
11813-M4676410,APARTAMENTO,VENTA,19.76,69.0,2.0,2.0,347000.0,1.0,,4,MAS DE 20 ANOS,4.65,-74.08,USADO,,0,0,1,0,0,0,0,0,0,0,False,TEUSAQUILLO,CAMPIN OCCIDENTAL,Movistar Arena,208.94,1,PARQUE VECINAL ARENA MOVISTAR,201.05,1,0.29,,0.5,1.0,0.0,,0.03,314.72,1.0
2671-M3763038,APARTAMENTO,VENTA,21.72,331.0,3.0,4.0,2170000.0,4.0,CHICO,6,MAS DE 20 ANOS,4.68,-74.05,USADO,,0,0,0,0,0,0,0,0,0,1,True,CHAPINERO,S.C. CHICO NORTE,Calle 100 - Marketmedios,1188.32,0,PARQUE ZONAL CANAL EL VIRREY EL CHICO,823.9,0,0.07,,1.33,0.75,0.0,,0.01,192.95,2.0
957-M4144928,APARTAMENTO,VENTA,19.89,76.0,2.0,3.0,459000.0,2.0,CEDRITOS,4,ENTRE 5 Y 10 ANOS,4.72,-74.04,USADO,,0,0,0,0,1,1,0,0,0,1,False,USAQUEN,LOS CEDRITOS,Calle 142,975.32,0,PARQUE VECINAL NUEVA URBANIZACIÓN EL CEDRITO,948.52,0,0.26,,1.0,0.67,0.0,,0.03,703.0,0.0
661-M4602359,APARTAMENTO,VENTA,19.43,65.01,3.0,2.0,256000.0,1.0,COLINA Y ALREDEDORES,3,MAS DE 20 ANOS,4.75,-74.06,USADO,,0,0,0,0,0,0,0,0,0,1,False,SUBA,,Toberin - Foundever,1262.04,0,PARQUE ZONAL SAN JOSÉ DE BAVARIA,781.57,0,0.3,,0.33,1.5,0.0,,0.05,1780.55,0.0
346-M4698179,APARTAMENTO,VENTA,20.0,80.04,2.0,2.0,3921395.93,2.0,NIZA ALHAMBRA,5,ENTRE 10 Y 20 ANOS,4.71,-74.06,USADO,,0,1,0,0,1,0,0,0,0,1,False,SUBA,EL BATAN,Calle 127,508.48,0,PARQUE ZONAL ATABANZA,472.68,1,0.25,,1.0,1.0,0.0,,0.02,670.91,0.0
34-M4195885,APARTAMENTO,VENTA,20.86,181.95,2.0,2.0,1060000.0,2.0,COUNTRY,6,MAS DE 20 ANOS,4.71,-74.03,USADO,,0,1,0,0,1,0,0,0,0,1,False,USAQUEN,BOSQUES DE MEDINA,Prado,2999.41,0,PARQUE VECINAL NUEVA URBANIZACIÓN EL CEDRITO,1591.5,0,0.11,,1.0,1.0,0.0,,0.01,589.22,0.0
679-M4073444,APARTAMENTO,VENTA,21.17,213.0,4.0,5.0,994000.0,3.0,COUNTRY,6,ENTRE 10 Y 20 ANOS,4.71,-74.03,USADO,,0,1,0,1,1,1,1,0,0,1,False,USAQUEN,GINEBRA,Prado,2832.16,0,PARQUE METROPOLITANO EL COUNTRY,1325.12,0,0.1,,0.75,0.8,0.0,,0.02,527.28,0.0
10366-M4547874,APARTAMENTO,VENTA,19.88,71.0,2.0,3.0,300000.0,1.0,CHAPINERO ALTO,4,ENTRE 10 Y 20 ANOS,4.65,-74.06,USADO,,0,0,0,0,1,0,0,0,0,0,False,CHAPINERO,S.C. MARIA CRISTINA,Calle 63,853.77,0,PARQUE ZONAL GUSTAVO URIBE BOTERO,694.41,0,0.28,,0.5,0.67,0.0,,0.03,596.47,0.0
4796-M4102284,APARTAMENTO,VENTA,20.2,87.23,3.0,2.0,337000.0,2.0,SALITRE MODELIA,4,MAS DE 20 ANOS,4.64,-74.1,USADO,,0,0,0,1,1,1,0,0,0,1,False,TEUSAQUILLO,CIUDAD SALITRE SURORIENTAL,CAN,733.37,0,PARQUE VECINAL URBANIZACIÓN SALITRE (GRECO),1092.2,0,0.23,,0.67,1.5,0.0,,0.03,543.68,0.0
4796-M3743616,APARTAMENTO,VENTA,19.9,53.0,1.0,2.0,322000.0,1.0,CENTRO INTERNACIONAL,4,ENTRE 0 Y 5 ANOS,4.62,-74.07,USADO,,0,0,0,1,1,0,0,0,0,1,False,SANTA FE,SAN_MARTIN,Museo Nacional,314.46,1,PARQUE METROPOLITANO INDEPENDENCIA BICENTENARIO,538.5,0,0.38,,1.0,0.5,0.0,,0.02,215.82,4.0
4796-425,APARTAMENTO,VENTA,19.79,90.0,3.0,2.0,380000.0,2.0,ALTOS DE SUBA Y CERROS DE SAN JORGE,4,MAS DE 20 ANOS,4.76,-74.07,USADO,,0,0,0,1,0,1,0,0,0,1,False,SUBA,URB. DEL MONTE,21 Ángeles,2590.96,0,PARQUE ZONAL CAMPO VERDE,864.15,0,0.22,,0.67,1.5,0.0,,0.03,2716.27,0.0
2751-4412,APARTAMENTO,VENTA,20.07,95.0,3.0,3.0,355000.0,1.0,SALITRE MODELIA,4,MAS DE 20 ANOS,4.66,-74.11,USADO,,0,1,0,0,1,1,0,0,0,1,False,FONTIBON,CIUDAD SALITRE,El Tiempo - Maloka,499.49,1,PARQUE ZONAL SAUZALITO,263.87,1,0.21,,0.33,1.0,0.0,,0.03,324.56,4.0
3229-M3337020,APARTAMENTO,VENTA,21.31,200.0,5.0,5.0,1600000.0,4.0,SANTA BARBARA,6,ENTRE 5 Y 10 ANOS,4.7,-74.05,USADO,,0,0,0,0,0,0,0,0,0,0,True,USAQUEN,SANTA BARBARA OCCIDENTAL,Calle 127,582.65,0,PARQUE ZONAL ATABANZA,1235.61,0,0.11,,0.8,1.0,0.0,,0.02,491.66,4.0
5175-M4292695,APARTAMENTO,VENTA,21.16,195.0,3.0,3.0,1992246.0,3.0,SANTA BARBARA,6,MAS DE 20 ANOS,4.69,-74.03,USADO,,0,0,0,1,1,0,0,0,0,1,False,USAQUEN,SANTA ANA ORIENTAL,Calle 106,2653.41,0,PARQUE METROPOLITANO EL COUNTRY,2025.09,0,0.11,,1.0,1.0,0.0,,0.02,596.92,0.0
2671-5514,APARTAMENTO,VENTA,21.25,201.0,3.0,4.0,1364000.0,3.0,COUNTRY,6,ENTRE 10 Y 20 ANOS,4.71,-74.03,USADO,,0,1,0,1,1,1,0,0,0,1,False,USAQUEN,BOSQUES DE MEDINA,Prado,3080.5,0,PARQUE METROPOLITANO EL COUNTRY,1668.39,0,0.11,,1.0,0.75,0.0,,0.01,672.3,0.0
34-M4533147,APARTAMENTO,VENTA,19.62,61.0,2.0,2.0,314000.0,1.0,CEDRITOS,4,MAS DE 20 ANOS,4.72,-74.03,USADO,,0,0,0,0,0,0,0,0,0,1,False,USAQUEN,LAS_ACACIAS,Calle 142,2427.01,0,PARQUE VECINAL NUEVA URBANIZACIÓN EL CEDRITO,530.01,0,0.32,,0.5,1.0,0.0,,0.03,618.72,0.0
10139-M4319055,APARTAMENTO,VENTA,21.34,240.0,3.0,4.0,3921395.93,2.0,CHICO,6,MAS DE 20 ANOS,4.66,-74.05,USADO,,0,1,0,0,1,0,0,0,0,1,False,CHAPINERO,LOS ROSALES,Calle 76 - San Felipe,1415.33,0,PARQUE ZONAL SAN ANDRÉS,538.92,0,0.09,,0.67,0.75,0.0,,0.01,718.5,0.0
2671-M4516903,APARTAMENTO,VENTA,20.54,95.6,3.0,3.0,3921395.93,2.0,CEDRITOS,5,ENTRE 0 Y 5 ANOS,4.72,-74.03,USADO,,0,0,0,1,1,0,0,0,0,1,False,USAQUEN,LOS CEDROS ORIENTAL,Calle 142,2660.54,0,PARQUE VECINAL NUEVA URBANIZACIÓN EL CEDRITO,740.68,0,0.21,,0.67,1.0,0.0,,0.03,777.7,0.0
13273-M4324872,APARTAMENTO,VENTA,20.06,65.0,2.0,2.0,558000.0,1.0,CHICO,6,MAS DE 20 ANOS,4.68,-74.05,USADO,,0,0,0,0,1,0,0,0,0,1,False,CHAPINERO,S.C. EL CHICO,Virrey,555.5,0,PARQUE ZONAL CANAL EL VIRREY EL CHICO,309.16,1,0.31,,0.5,1.0,0.0,,0.03,297.33,2.0
34-M4626884,APARTAMENTO,VENTA,19.99,73.0,1.0,2.0,448000.0,1.0,COUNTRY,4,ENTRE 5 Y 10 ANOS,4.71,-74.03,USADO,,0,0,0,0,1,0,0,0,0,1,False,USAQUEN,BELLA SUIZA,Prado,2359.95,0,PARQUE METROPOLITANO EL COUNTRY,734.54,0,0.27,,1.0,0.5,0.0,,0.01,336.69,1.0
5175-M4692687,APARTAMENTO,VENTA,20.67,160.0,4.0,4.0,650000.0,2.0,COUNTRY,5,MAS DE 20 ANOS,4.72,-74.04,USADO,,0,0,0,1,1,0,0,0,0,1,True,USAQUEN,NUEVO COUNTRY,Alcalá,1275.81,0,PARQUE VECINAL NUEVA URBANIZACIÓN EL CEDRITO,947.87,0,0.13,,0.5,1.0,0.0,,0.02,348.6,1.0
2398-M3730620,APARTAMENTO,VENTA,20.18,114.0,3.0,4.0,840000.0,1.0,SANTA BARBARA,6,MAS DE 20 ANOS,4.69,-74.04,USADO,,0,1,0,0,0,0,0,0,0,1,False,USAQUEN,RINCON DEL CHICO,Calle 106,1406.09,0,PARQUE ZONAL CANAL EL VIRREY EL CHICO,1813.74,0,0.18,,0.33,0.75,0.0,,0.03,517.29,0.0
5031-M4729141,APARTAMENTO,VENTA,19.37,66.0,2.0,2.0,246800.0,1.0,170 Y ALREDORES,3,MAS DE 20 ANOS,4.77,-74.05,USADO,,0,0,0,0,0,0,0,0,0,1,False,SUBA,MIRANDELA,Terminal,284.28,1,PARQUE VECINAL URBANIZACIÓN VILANOVA,590.58,0,0.29,,0.5,1.0,0.0,,0.03,586.49,0.0
34-M4574965,APARTAMENTO,VENTA,19.03,54.0,3.0,2.0,3921395.93,0.0,ALTOS DE SUBA Y CERROS DE SAN JORGE,3,MAS DE 20 ANOS,4.74,-74.08,USADO,,0,0,0,0,0,0,0,0,0,1,False,SUBA,BALCONES DE SUBA,21 Ángeles,376.77,1,PARQUE ZONAL BELLAVISTA DINDALITO,643.51,0,0.35,,0.0,1.5,0.0,,0.06,1743.0,0.0
617-M4693774,APARTAMENTO,VENTA,20.21,110.0,3.0,2.0,315000.0,1.0,NICOLAS DE FEDERMAN,4,MAS DE 20 ANOS,4.64,-74.09,USADO,,0,1,0,1,1,0,0,0,0,1,False,TEUSAQUILLO,RAFAEL NUNEZ,Campín - UAN,940.27,0,PARQUE ZONAL NICOLAS DE FEDERMAN 3,775.58,0,0.18,,0.33,1.5,0.0,,0.03,471.89,1.0
2671-5263,APARTAMENTO,VENTA,21.42,278.0,4.0,4.0,1160000.0,3.0,CHICO,6,MAS DE 20 ANOS,4.65,-74.05,USADO,,0,1,0,1,1,1,1,0,0,1,False,CHAPINERO,S.C. BELLAVISTA,Flores – Areandina,1349.05,0,PARQUE ZONAL GUSTAVO URIBE BOTERO,297.21,1,0.08,,0.75,1.0,0.0,,0.01,552.71,0.0
953-M4593354,APARTAMENTO,VENTA,19.85,68.0,3.0,2.0,350000.0,1.0,ORQUIDEAS,4,ENTRE 0 Y 5 ANOS,4.75,-74.03,USADO,,0,0,0,1,1,1,0,0,0,1,False,USAQUEN,LA GRANJA NORTE,Portal Norte,2040.54,0,PARQUE VECINAL URBANIZACIÓN CALLE 170 / ALAMEDA,1185.38,0,0.29,,0.33,1.5,0.0,,0.04,1061.13,0.0
2123-M3114378,APARTAMENTO,VENTA,21.37,220.0,3.0,5.0,850000.0,3.0,SANTA BARBARA,6,ENTRE 5 Y 10 ANOS,4.7,-74.03,USADO,,0,0,0,1,1,0,0,0,0,1,False,USAQUEN,S.C. SAN NORTE,Calle 127,2872.79,0,PARQUE METROPOLITANO EL COUNTRY,1135.42,0,0.1,,1.0,0.6,0.0,,0.01,838.28,0.0
73-M3590246,APARTAMENTO,VENTA,21.37,200.0,3.0,3.0,1100000.0,2.0,CHICO,6,ENTRE 10 Y 20 ANOS,4.66,-74.05,USADO,,0,1,0,1,1,1,0,0,0,1,False,CHAPINERO,LOS ROSALES,Calle 76 - San Felipe,1399.92,0,PARQUE ZONAL SAN ANDRÉS,659.47,0,0.11,,0.67,1.0,0.0,,0.02,783.28,0.0
771-M4371568,APARTAMENTO,VENTA,20.99,150.0,2.0,3.0,649000.0,2.0,CHICO,6,MAS DE 20 ANOS,4.66,-74.05,USADO,,0,1,0,0,1,0,0,0,0,1,False,CHAPINERO,LOS ROSALES,Calle 72,1578.93,0,PARQUE ZONAL GUSTAVO URIBE BOTERO,758.3,0,0.14,,1.0,0.67,0.0,,0.01,827.83,0.0
399-1421,APARTAMENTO,VENTA,20.54,142.0,2.0,3.0,970200.0,2.0,CHICO,6,MAS DE 20 ANOS,4.67,-74.05,USADO,3200000.0,0,0,0,0,0,0,0,0,0,1,False,CHAPINERO,S.C. EL CHICO,Calle 85,958.17,0,PARQUE VECINAL URBANIZACIÓN LA CABRERA,224.98,1,0.14,22535.21,1.0,0.67,0.0,3.3,0.01,200.4,3.0
15061-M3866123,APARTAMENTO,VENTA,19.64,60.0,2.0,2.0,504000.0,1.0,COUNTRY,5,MAS DE 20 ANOS,4.72,-74.04,USADO,,0,0,0,0,1,0,0,0,0,1,False,USAQUEN,EL CONTADOR,Alcalá,846.84,0,PARQUE VECINAL NUEVA URBANIZACIÓN EL CEDRITO,1154.22,0,0.33,,0.5,1.0,0.0,,0.03,367.99,1.0
5031-M4407558,APARTAMENTO,VENTA,19.21,50.0,2.0,1.0,3921395.93,0.0,ALTOS DE SUBA Y CERROS DE SAN JORGE,3,MAS DE 20 ANOS,4.75,-74.08,USADO,,0,0,0,0,0,0,0,0,0,1,False,SUBA,CAMPANELLA,Portal Suba,1276.64,0,PARQUE ZONAL CAMPO VERDE,577.15,0,0.38,,0.0,2.0,0.0,,0.04,1283.14,0.0
2363-M4083195,APARTAMENTO,VENTA,19.17,52.0,2.0,1.0,3921395.93,1.0,FONTIBON TINTAL,3,ENTRE 10 Y 20 ANOS,4.68,-74.14,USADO,,0,0,0,0,0,0,0,0,0,1,False,FONTIBON,OVIEDO,Portal El Dorado,1795.9,0,PARQUE VECINAL VILLA HELENA VILLEMAR,563.58,0,0.37,,0.5,2.0,0.0,,0.04,1485.35,0.0
957-M4430923,APARTAMENTO,VENTA,19.89,76.0,2.0,3.0,459000.0,2.0,CEDRITOS,4,ENTRE 5 Y 10 ANOS,4.72,-74.04,USADO,,0,0,0,0,1,0,0,0,0,1,False,USAQUEN,LOS CEDRITOS,Calle 142,994.89,0,PARQUE VECINAL NUEVA URBANIZACIÓN EL CEDRITO,939.94,0,0.26,,1.0,0.67,0.0,,0.03,667.97,0.0
15180-116863,APARTAMENTO,VENTA,19.34,53.0,3.0,2.0,3921395.93,1.0,170 Y ALREDORES,3,MAS DE 20 ANOS,4.77,-74.05,USADO,,0,0,0,0,0,0,0,0,0,0,False,SUBA,URB. SAN PEDRO,Terminal,581.7,0,PARQUE VECINAL URBANIZACIÓN VILANOVA,486.27,1,0.36,,0.33,1.5,0.0,,0.06,694.53,0.0
34-M4598083,APARTAMENTO,VENTA,20.14,106.0,3.0,2.0,424000.0,1.0,SALITRE MODELIA,4,ENTRE 10 Y 20 ANOS,4.67,-74.13,USADO,,0,0,0,0,1,0,0,0,0,1,False,FONTIBON,MODELIA OCCIDENTAL,Modelia,1306.69,0,PARQUE VECINAL MODELIA SECTOR A,682.23,0,0.19,,0.33,1.5,0.0,,0.03,674.77,0.0
12503-M3275912,APARTAMENTO,VENTA,20.16,170.0,3.0,3.0,415000.0,2.0,COUNTRY,4,MAS DE 20 ANOS,4.72,-74.03,USADO,,0,1,0,0,1,1,0,0,0,1,False,USAQUEN,CEDRITOS,Alcalá,1959.34,0,PARQUE VECINAL NUEVA URBANIZACIÓN EL CEDRITO,658.65,0,0.12,,0.67,1.0,0.0,,0.02,440.92,1.0
2671-M3212045,APARTAMENTO,VENTA,21.39,270.7,4.0,5.0,1693000.0,4.0,CHICO,6,MAS DE 20 ANOS,4.66,-74.05,USADO,,0,1,0,0,1,0,0,0,0,1,False,CHAPINERO,S.C. BELLAVISTA,Calle 72,1234.41,0,PARQUE ZONAL GUSTAVO URIBE BOTERO,723.73,0,0.08,,1.0,0.8,0.0,,0.01,487.57,1.0
16474-M4645083,APARTAMENTO,VENTA,19.73,75.0,3.0,2.0,310000.0,1.0,COLINA Y ALREDEDORES,4,ENTRE 10 Y 20 ANOS,4.73,-74.07,USADO,,0,1,0,1,1,1,0,0,0,1,False,SUBA,IBERIA - GRANADA,Gratamira,661.55,0,PARQUE ZONAL LOS LACHES LA MINA,1651.49,0,0.26,,0.33,1.5,0.0,,0.04,504.33,0.0
2671-M4413119,APARTAMENTO,VENTA,20.91,209.0,3.0,4.0,927900.0,2.0,SANTA BARBARA,6,MAS DE 20 ANOS,4.7,-74.04,USADO,,0,0,0,0,0,0,0,0,0,1,False,USAQUEN,SANTA BARBARA CENTRAL IV SECTOR,Pepe Sierra,2249.46,0,PARQUE METROPOLITANO EL COUNTRY,807.4,0,0.1,,0.67,0.75,0.0,,0.01,360.69,1.0
399-M4548270,APARTAMENTO,VENTA,20.54,142.0,2.0,3.0,1050000.0,2.0,CHICO,6,MAS DE 20 ANOS,4.67,-74.05,USADO,,0,0,0,0,0,0,0,0,0,1,False,CHAPINERO,S.C. EL CHICO,Calle 85,958.17,0,PARQUE VECINAL URBANIZACIÓN LA CABRERA,224.98,1,0.14,,1.0,0.67,0.0,,0.01,200.4,3.0
703-M3868291,APARTAMENTO,VENTA,19.81,72.0,2.0,2.0,516000.0,1.0,NIZA ALHAMBRA,5,MAS DE 20 ANOS,4.71,-74.06,USADO,,0,0,0,1,1,0,0,0,0,1,False,SUBA,EL BATAN,Humedal Córdoba,904.1,0,PARQUE ZONAL CANAL CORDOBA,514.73,0,0.28,,0.5,1.0,0.0,,0.03,1141.56,0.0
703-2302,APARTAMENTO,VENTA,21.13,169.0,3.0,5.0,980000.0,3.0,CHICO,6,ENTRE 10 Y 20 ANOS,4.68,-74.04,USADO,,0,1,0,0,1,0,0,0,0,1,False,CHAPINERO,CHICO RESERVADO,Calle 100 - Marketmedios,1530.57,0,PARQUE VECINAL URBANIZACIÓN LA CABRERA,1238.81,0,0.13,,1.0,0.6,0.0,,0.02,211.67,2.0
73-M4160505,APARTAMENTO,VENTA,21.09,170.0,3.0,2.0,1452000.0,2.0,CHICO,6,MAS DE 20 ANOS,4.65,-74.05,USADO,,0,0,0,1,1,0,0,0,0,1,False,CHAPINERO,S.C. EL BAGAZAL,Flores – Areandina,1695.86,0,PARQUE ZONAL GUSTAVO URIBE BOTERO,488.35,1,0.12,,0.67,1.5,0.0,,0.02,878.84,0.0
4796-M3637719,APARTAMENTO,VENTA,20.67,180.0,3.0,3.0,920000.0,2.0,CHICO,6,MAS DE 20 ANOS,4.68,-74.05,USADO,,0,0,0,0,1,0,0,0,0,1,False,CHAPINERO,S.C. CHICO NORTE III SECTOR,Calle 100 - Marketmedios,811.18,0,PARQUE ZONAL CANAL EL VIRREY EL CHICO,917.05,0,0.11,,0.67,1.0,0.0,,0.02,332.91,4.0
2671-M4502665,APARTAMENTO,VENTA,21.34,198.0,3.0,3.0,1100000.0,2.0,CHICO,6,ENTRE 10 Y 20 ANOS,4.68,-74.04,USADO,,0,0,0,0,1,0,0,0,0,1,False,CHAPINERO,CHICO RESERVADO,Calle 100 - Marketmedios,1719.03,0,PARQUE VECINAL URBANIZACIÓN LA CABRERA,1282.1,0,0.11,,0.67,1.0,0.0,,0.02,311.38,2.0
2765-M3498309,APARTAMENTO,VENTA,20.18,117.0,3.0,2.0,416600.0,2.0,CEDRITOS,4,MAS DE 20 ANOS,4.73,-74.04,USADO,,0,0,0,0,0,0,0,0,0,0,False,USAQUEN,LOS CEDRITOS,Calle 142,907.64,0,PARQUE VECINAL NUEVA URBANIZACIÓN EL CEDRITO,1027.1,0,0.17,,0.67,1.5,0.0,,0.03,817.06,0.0
73-M3977012,APARTAMENTO,VENTA,21.37,226.0,3.0,4.0,1300000.0,3.0,CHICO,6,MAS DE 20 ANOS,4.66,-74.05,USADO,,0,0,0,1,1,0,0,0,0,1,False,CHAPINERO,S.C. EL NOGAL,Calle 76 - San Felipe,1026.28,0,PARQUE ZONAL SAN ANDRÉS,236.14,1,0.09,,1.0,0.75,0.0,,0.01,424.31,2.0
9816-3810407,APARTAMENTO,VENTA,20.17,81.0,3.0,2.0,200000.0,1.0,COLINA Y ALREDEDORES,5,ENTRE 0 Y 5 ANOS,4.76,-74.06,USADO,,0,1,0,1,1,1,1,0,0,1,False,SUBA,SAN JOSE V SECTOR,Portal Norte,2080.44,0,PARQUE ZONAL SAN JOSÉ DE BAVARIA,226.74,1,0.25,,0.33,1.5,0.0,,0.04,2243.28,0.0
11813-M4705317,APARTAMENTO,VENTA,19.21,34.0,1.0,1.0,3921395.93,0.0,,4,ENTRE 0 Y 5 ANOS,4.66,-74.12,USADO,,0,0,1,0,0,0,0,0,0,0,False,FONTIBON,EL TINTAL A.S.D.,Normandía,1804.0,0,PARQUE ZONAL CANAL BOYACA,1013.5,0,0.56,,0.0,1.0,0.0,,0.03,642.91,0.0
603-M3682470,APARTAMENTO,VENTA,21.19,250.0,3.0,3.0,1100000.0,1.0,CHICO,6,MAS DE 20 ANOS,4.65,-74.05,USADO,,0,0,0,0,1,0,0,0,0,1,False,CHAPINERO,S.C. EMAUS,Flores – Areandina,1004.88,0,PARQUE ZONAL GUSTAVO URIBE BOTERO,428.96,1,0.08,,0.33,1.0,0.0,,0.01,290.99,4.0
14356-M4695670,APARTAMENTO,VENTA,21.24,131.0,3.0,3.0,513000.0,2.0,CORTIJO AUTOPISTA MEDELLIN,6,ENTRE 5 Y 10 ANOS,4.71,-74.09,USADO,,0,0,0,1,1,1,1,0,0,1,False,SUBA,OASIS DE SAN JORGE,Suba - AV. Boyacá,1650.4,0,PARQUE METROPOLITANO CEFE COMETAS,487.85,1,0.16,,0.67,1.0,0.0,,0.02,1738.97,0.0
2123-1510045,APARTAMENTO,VENTA,21.05,208.0,3.0,5.0,790000.0,2.0,CEDRITOS,6,ENTRE 5 Y 10 ANOS,4.72,-74.03,USADO,,0,0,0,0,0,0,0,0,0,0,False,USAQUEN,LA CANADA,Alcalá,2832.98,0,PARQUE VECINAL NUEVA URBANIZACIÓN EL CEDRITO,1011.73,0,0.1,,0.67,0.6,0.0,,0.01,468.91,1.0
11813-M4705312,APARTAMENTO,VENTA,19.7,68.0,3.0,2.0,260000.0,1.0,,3,MAS DE 20 ANOS,4.75,-74.09,USADO,,0,0,0,1,0,0,0,0,0,0,False,SUBA,TUNA BAJA III Y III_A,Portal Suba,871.37,0,PARQUE VECINAL URBANIZACIÓN VALLE DE REFOUS,725.87,0,0.29,,0.33,1.5,0.0,,0.04,653.37,0.0
920-42143962,APARTAMENTO,VENTA,21.54,319.0,4.0,5.0,1250000.0,4.0,COUNTRY,6,ENTRE 10 Y 20 ANOS,4.72,-74.04,USADO,,0,1,0,1,1,0,0,0,0,1,True,USAQUEN,NUEVO COUNTRY,Alcalá,1147.89,0,PARQUE VECINAL NUEVA URBANIZACIÓN EL CEDRITO,1183.71,0,0.07,,1.0,0.8,0.0,,0.01,581.68,0.0
399-M4289406,APARTAMENTO,VENTA,19.73,61.0,2.0,2.0,365000.0,1.0,NIZA ALHAMBRA,5,ENTRE 10 Y 20 ANOS,4.71,-74.06,USADO,,0,0,0,0,1,0,0,0,0,1,False,SUBA,EL BATAN,Humedal Córdoba,904.1,0,PARQUE ZONAL CANAL CORDOBA,514.73,0,0.32,,0.5,1.0,0.0,,0.03,1141.56,0.0
11813-M4676228,APARTAMENTO,VENTA,20.16,75.0,2.0,3.0,535204.0,2.0,,6,ENTRE 0 Y 5 ANOS,4.69,-74.04,USADO,,0,0,1,1,0,0,0,0,0,0,False,USAQUEN,SANTA BARBARA CENTRAL I Y II,Calle 106,1688.6,0,PARQUE METROPOLITANO EL COUNTRY,1376.58,0,0.27,,1.0,0.67,0.0,,0.03,449.54,1.0
847-M4686961,APARTAMENTO,VENTA,19.92,90.37,3.0,3.0,592397.0,1.0,SANTA BARBARA,6,MAS DE 20 ANOS,4.68,-74.04,USADO,,0,1,0,0,0,0,0,0,0,0,False,USAQUEN,RINCON DEL CHICO,Calle 100 - Marketmedios,1491.94,0,PARQUE ZONAL CANAL EL VIRREY EL CHICO,1669.49,0,0.22,,0.33,1.0,0.0,,0.03,371.13,2.0
470-M4660540,APARTAMENTO,VENTA,20.44,65.0,2.0,2.0,684000.0,2.0,CHICO,6,ENTRE 5 Y 10 ANOS,4.67,-74.05,USADO,,0,0,0,0,1,0,0,0,0,1,False,CHAPINERO,S.C. EL CHICO,Calle 85,627.08,0,PARQUE ZONAL CANAL EL VIRREY EL CHICO,32.1,1,0.31,,1.0,1.0,0.0,,0.03,0.37,3.0
34-M4264651,APARTAMENTO,VENTA,20.6,82.75,2.0,2.0,1113100.0,2.0,CHICO,6,ENTRE 10 Y 20 ANOS,4.68,-74.05,USADO,,0,1,0,0,1,0,0,0,0,1,False,CHAPINERO,S.C. CHICO NORTE,Virrey,1518.76,0,PARQUE VECINAL URBANIZACIÓN LA CABRERA,980.55,0,0.25,,1.0,1.0,0.0,,0.02,330.0,2.0
34-63725,APARTAMENTO,VENTA,20.77,177.0,3.0,3.0,1002400.0,3.0,CHICO,6,MAS DE 20 ANOS,4.65,-74.05,USADO,,0,1,0,0,1,0,0,0,0,0,False,CHAPINERO,S.C. BELLAVISTA,Flores – Areandina,1384.65,0,PARQUE ZONAL GUSTAVO URIBE BOTERO,193.75,1,0.12,,1.0,1.0,0.0,,0.02,556.27,0.0
34-M3863719,APARTAMENTO,VENTA,20.52,180.0,3.0,3.0,1107000.0,3.0,SANTA BARBARA,6,MAS DE 20 ANOS,4.69,-74.05,USADO,,0,1,0,0,1,0,0,0,0,1,False,USAQUEN,SAN PATRICIO,Calle 106,684.24,0,PARQUE METROPOLITANO EL COUNTRY,1742.45,0,0.11,,1.0,1.0,0.0,,0.02,241.39,2.0
2671-M4599980,APARTAMENTO,VENTA,21.31,177.0,3.0,3.0,1500000.0,2.0,CHICO,6,ENTRE 5 Y 10 ANOS,4.68,-74.04,USADO,,0,1,0,1,1,0,0,0,0,1,False,CHAPINERO,CHICO RESERVADO,Calle 100 - Marketmedios,2069.61,0,PARQUE VECINAL URBANIZACIÓN LA CABRERA,1444.68,0,0.12,,0.67,1.0,0.0,,0.02,345.68,1.0
432-M3985764,APARTAMENTO,VENTA,20.21,88.0,3.0,2.0,3921395.93,1.0,ENGATIVA,4,ENTRE 10 Y 20 ANOS,4.68,-74.1,USADO,,0,0,0,0,1,1,0,0,0,1,False,ENGATIVA,EL ENCANTO,Modelia,1451.53,0,PARQUE VECINAL URBANIZACIÓN LA EUROPA,872.6,0,0.23,,0.33,1.5,0.0,,0.03,1163.71,0.0
4796-M3663585,APARTAMENTO,VENTA,20.02,105.0,3.0,3.0,3921395.93,1.0,CEDRITOS,4,ENTRE 10 Y 20 ANOS,4.73,-74.03,USADO,,0,0,0,1,1,1,0,0,0,1,False,USAQUEN,CAOBOS SALAZAR,Calle 146,1875.96,0,PARQUE VECINAL NUEVA URBANIZACIÓN EL CEDRITO,629.58,0,0.19,,0.33,1.0,0.0,,0.03,128.34,1.0
293-23118,APARTAMENTO,VENTA,20.2,108.0,3.0,3.0,1095000.0,2.0,CEDRITOS,4,ENTRE 10 Y 20 ANOS,4.72,-74.03,USADO,,0,0,0,0,1,0,0,0,0,1,False,USAQUEN,LOS CEDROS ORIENTAL,Calle 142,2061.49,0,PARQUE VECINAL NUEVA URBANIZACIÓN EL CEDRITO,249.61,1,0.19,,0.67,1.0,0.0,,0.03,564.42,0.0
815-M4627441,APARTAMENTO,VENTA,20.33,92.0,2.0,3.0,3921395.93,2.0,CHICO,6,MAS DE 20 ANOS,4.66,-74.05,USADO,,0,0,0,0,0,0,0,0,0,1,False,CHAPINERO,BOSQUE EL RETIRO I SECTOR,Héroes - Gel´Hada,1545.4,0,PARQUE ZONAL SAN ANDRÉS,567.7,0,0.22,,1.0,0.67,0.0,,0.02,691.32,0.0
34-64043,APARTAMENTO,VENTA,19.92,75.0,2.0,2.0,631000.0,2.0,COUNTRY,6,MAS DE 20 ANOS,4.7,-74.04,USADO,,0,1,0,0,1,0,0,0,0,1,False,USAQUEN,LA_CAROLINA,Calle 127,1306.57,0,PARQUE METROPOLITANO EL COUNTRY,438.52,1,0.27,,1.0,1.0,0.0,,0.03,218.61,1.0
34-M3269761,APARTAMENTO,VENTA,20.37,110.0,2.0,3.0,3921395.93,1.0,NORMANDIA,4,ENTRE 5 Y 10 ANOS,4.67,-74.1,USADO,,0,0,0,0,0,0,0,0,0,0,False,ENGATIVA,NORMANDIA,AV. Rojas,800.49,0,PARQUE ESCENARIO DEPORTIVO UNIDAD DEPORTIVA EL SALITRE SIMON BOLIVAR,932.42,0,0.19,,0.5,0.67,0.0,,0.02,177.99,1.0
205-1753,APARTAMENTO,VENTA,20.86,153.0,3.0,4.0,1068000.0,2.0,CHAPINERO ALTO,6,MAS DE 20 ANOS,4.66,-74.05,USADO,,0,0,0,1,1,0,0,0,0,1,False,CHAPINERO,LOS ROSALES,Calle 72,1454.89,0,PARQUE ZONAL GUSTAVO URIBE BOTERO,794.15,0,0.14,,0.67,0.75,0.0,,0.02,709.48,0.0
34-61600,APARTAMENTO,VENTA,20.95,178.46,3.0,3.0,915000.0,0.0,CHICO,6,MAS DE 20 ANOS,4.66,-74.05,USADO,,0,1,0,0,0,0,0,0,0,1,False,CHAPINERO,LOS ROSALES,Calle 76 - San Felipe,1322.34,0,PARQUE ZONAL SAN ANDRÉS,741.2,0,0.12,,0.0,1.0,0.0,,0.02,613.28,0.0
4630-M4500245,APARTAMENTO,VENTA,21.3,250.0,3.0,4.0,1400000.0,2.0,CHAPINERO ALTO,6,ENTRE 5 Y 10 ANOS,4.65,-74.05,USADO,,0,1,0,1,1,0,0,0,0,1,False,CHAPINERO,S.C. GRANADA,Calle 63,1100.92,0,PARQUE ZONAL GUSTAVO URIBE BOTERO,378.27,1,0.09,,0.67,0.75,0.0,,0.01,414.68,1.0
11369-M4352000,APARTAMENTO,VENTA,19.8,58.0,1.0,1.0,387400.0,1.0,NIZA ALHAMBRA,5,ENTRE 5 Y 10 ANOS,4.7,-74.06,USADO,,0,0,0,0,1,0,0,0,0,1,False,SUBA,LA ALHAMBRA SECTOR SUR,Pepe Sierra,235.86,1,PARQUE ZONAL CANAL CORDOBA,1017.52,0,0.34,,1.0,1.0,0.0,,0.02,655.72,0.0
9816-3662785,APARTAMENTO,VENTA,20.44,141.0,3.0,3.0,776000.0,2.0,CHICO,6,MAS DE 20 ANOS,4.68,-74.05,USADO,,0,1,0,0,1,0,0,0,0,1,False,CHAPINERO,S.C. CHICO NORTE III SECTOR,Calle 100 - Marketmedios,657.47,0,PARQUE VECINAL URBANIZACIÓN NORMANDIA I II II Y IV SECTOR,744.29,0,0.14,,0.67,1.0,0.0,,0.02,149.27,3.0
3057-M4381373,APARTAMENTO,VENTA,20.06,72.0,1.0,1.0,350000.0,2.0,CHICO,6,ENTRE 10 Y 20 ANOS,4.69,-74.06,USADO,,0,0,0,0,1,0,0,0,0,1,False,CHAPINERO,S.C. CHICO NORTE III SECTOR,Calle 100 - Marketmedios,225.12,1,PARQUE VECINAL URBANIZACIÓN NORMANDIA I II II Y IV SECTOR,931.48,0,0.28,,2.0,1.0,0.0,,0.01,546.45,0.0
3229-M4648128,APARTAMENTO,VENTA,20.44,98.0,2.0,2.0,733000.0,1.0,CHICO,6,MAS DE 20 ANOS,4.67,-74.05,USADO,,0,1,0,0,1,0,0,0,0,1,False,CHAPINERO,LA CABRERA,Héroes - Gel´Hada,1470.08,0,PARQUE ZONAL SAN ANDRÉS,522.89,0,0.21,,0.5,1.0,0.0,,0.02,600.62,0.0
603-M4418213,APARTAMENTO,VENTA,20.01,134.0,3.0,2.0,100000.0,1.0,CHAPINERO ALTO,4,MAS DE 20 ANOS,4.63,-74.07,USADO,,0,0,0,0,0,0,0,0,0,1,False,CHAPINERO,S.C. MARLY,Calle 45 - American School Way,197.27,1,PARQUE METROPOLITANO PARQUE NACIONAL (PM2A) ENRIQUE OLAYA HERRERA (SECTOR HISTORICO),917.01,0,0.15,,0.33,1.5,0.0,,0.02,99.89,1.0
304-M3067550,APARTAMENTO,VENTA,20.37,125.0,4.0,3.0,785000.0,2.0,NIZA ALHAMBRA,5,MAS DE 20 ANOS,4.71,-74.08,USADO,,0,1,0,0,1,0,0,0,0,1,True,SUBA,NIZA SUR,Humedal Córdoba,1129.9,0,PARQUE METROPOLITANO CEFE COMETAS,666.31,0,0.16,,0.5,1.33,0.0,,0.03,1146.64,0.0
2751-M4497545,APARTAMENTO,VENTA,19.06,51.0,3.0,1.0,3921395.93,0.0,ENGATIVA,3,MAS DE 20 ANOS,4.71,-74.12,USADO,,0,0,0,0,0,0,0,0,0,1,False,ENGATIVA,GARCES NAVAS,Portal 80,1109.59,0,PARQUE ZONAL VILLAS DE GRANADA,417.96,1,0.37,,0.0,3.0,0.0,,0.06,901.44,0.0
73-M3686368,APARTAMENTO,VENTA,21.32,247.0,3.0,4.0,2200000.0,2.0,CHICO,6,MAS DE 20 ANOS,4.67,-74.05,USADO,,0,1,0,0,1,0,0,0,0,1,False,CHAPINERO,S.C. EL RETIRO,Héroes - Gel´Hada,1167.32,0,PARQUE ZONAL SAN ANDRÉS,241.8,1,0.09,,0.67,0.75,0.0,,0.01,298.78,3.0
34-M4208655,APARTAMENTO,VENTA,19.82,95.0,3.0,3.0,375000.0,1.0,COUNTRY,5,MAS DE 20 ANOS,4.72,-74.03,USADO,,0,0,0,0,1,0,0,0,0,1,False,USAQUEN,CEDRITOS,Alcalá,2077.46,0,PARQUE VECINAL NUEVA URBANIZACIÓN EL CEDRITO,648.68,0,0.21,,0.33,1.0,0.0,,0.03,488.79,1.0
34-M4038612,APARTAMENTO,VENTA,19.67,75.0,3.0,2.0,274700.0,1.0,ENGATIVA,3,ENTRE 5 Y 10 ANOS,4.68,-74.1,USADO,,0,0,0,0,0,0,0,0,0,1,False,ENGATIVA,S.C. BOYACA,Minuto de Dios,1788.23,0,PARQUE VECINAL URBANIZACIÓN LA EUROPA,259.4,1,0.26,,0.33,1.5,0.0,,0.04,1574.3,0.0
4-M4516367,APARTAMENTO,VENTA,20.25,110.0,3.0,3.0,605000.0,2.0,SANTA BARBARA,6,MAS DE 20 ANOS,4.69,-74.04,USADO,,0,1,0,0,1,0,0,0,0,1,False,USAQUEN,RINCON DEL CHICO,Calle 100 - Marketmedios,1534.9,0,PARQUE ZONAL CANAL EL VIRREY EL CHICO,1785.84,0,0.18,,0.67,1.0,0.0,,0.03,496.08,1.0
34-61219,APARTAMENTO,VENTA,19.95,89.46,3.0,2.0,470000.0,1.0,COUNTRY,5,MAS DE 20 ANOS,4.72,-74.04,USADO,,0,1,0,0,1,0,0,0,0,1,False,USAQUEN,EL CONTADOR,Alcalá,1040.36,0,PARQUE VECINAL NUEVA URBANIZACIÓN EL CEDRITO,1220.79,0,0.22,,0.33,1.5,0.0,,0.03,555.72,0.0
34-M3253903,APARTAMENTO,VENTA,20.58,181.11,3.0,5.0,500000.0,2.0,SANTA BARBARA,6,MAS DE 20 ANOS,4.7,-74.04,USADO,,0,1,0,0,1,0,0,0,0,1,False,USAQUEN,SANTA BARBARA CENTRAL I SECTOR,Pepe Sierra,2033.61,0,PARQUE METROPOLITANO EL COUNTRY,681.11,0,0.11,,0.67,0.6,0.0,,0.02,575.94,0.0
2444-M4306030,APARTAMENTO,VENTA,19.3,35.0,1.0,1.0,176000.0,0.0,CHAPINERO ALTO,3,ENTRE 5 Y 10 ANOS,4.65,-74.06,USADO,,0,0,0,0,1,0,0,0,0,1,False,CHAPINERO,S.C. CHAPINERO CENTRAL,Calle 63,353.49,1,PARQUE ZONAL GUSTAVO URIBE BOTERO,1159.98,0,0.55,,0.0,1.0,0.0,,0.03,689.89,0.0
2671-M3353811,APARTAMENTO,VENTA,20.99,210.0,3.0,3.0,1115000.0,2.0,CHICO,6,MAS DE 20 ANOS,4.68,-74.05,USADO,,0,0,0,0,1,0,0,0,0,1,True,CHAPINERO,S.C. CHICO NORTE,Calle 100 - Marketmedios,901.08,0,PARQUE ZONAL CANAL EL VIRREY EL CHICO,752.65,0,0.1,,0.67,1.0,0.0,,0.01,300.48,3.0
4660-M4635149,APARTAMENTO,VENTA,19.73,76.0,3.0,2.0,744000.0,1.0,NIZA ALHAMBRA,5,MAS DE 20 ANOS,4.7,-74.06,USADO,,0,1,0,0,1,0,0,0,0,1,False,SUBA,PUENTE LARGO III SECTOR,Puentelargo,539.72,0,PARQUE ZONAL CANAL CORDOBA,550.04,0,0.26,,0.33,1.5,0.0,,0.04,968.16,0.0
34-M4126812,APARTAMENTO,VENTA,20.03,90.79,3.0,2.0,578000.0,1.0,NIZA ALHAMBRA,5,ENTRE 10 Y 20 ANOS,4.7,-74.06,USADO,,0,1,0,0,1,0,0,0,0,1,False,SUBA,EL BATAN,Calle 127,96.04,1,PARQUE ZONAL ATABANZA,588.32,0,0.22,,0.33,1.5,0.0,,0.03,258.19,5.0
34-55120,APARTAMENTO,VENTA,19.95,72.0,2.0,2.0,600000.0,2.0,SANTA BARBARA,5,MAS DE 20 ANOS,4.69,-74.04,USADO,,0,0,0,0,1,0,0,0,0,1,False,USAQUEN,SANTA ANA OCCIDENTAL,Calle 106,2254.57,0,PARQUE METROPOLITANO EL COUNTRY,1855.3,0,0.28,,1.0,1.0,0.0,,0.03,296.21,1.0
13439-M4556187,APARTAMENTO,VENTA,21.19,256.0,3.0,3.0,2104200.0,2.0,CHICO,6,ENTRE 5 Y 10 ANOS,4.68,-74.04,USADO,,0,1,0,0,1,0,0,0,0,0,False,CHAPINERO,S.C. CHICO NORTE,Calle 100 - Marketmedios,1586.74,0,PARQUE VECINAL URBANIZACIÓN LA CABRERA,1067.71,0,0.08,,0.67,1.0,0.0,,0.01,404.58,2.0
11013-M4148622,APARTAMENTO,VENTA,21.28,181.0,3.0,4.0,950000.0,2.0,SANTA BARBARA,6,ENTRE 5 Y 10 ANOS,4.7,-74.03,USADO,,0,1,0,1,1,1,1,0,0,1,False,USAQUEN,RESERVAS DE LA SIERRA - LA ARBOLEDA,Calle 127,3044.59,0,PARQUE METROPOLITANO EL COUNTRY,1328.67,0,0.12,,0.67,0.75,0.0,,0.02,772.12,0.0
34-M3545142,APARTAMENTO,VENTA,19.9,53.0,1.0,2.0,322000.0,0.0,CENTRO INTERNACIONAL,4,ENTRE 0 Y 5 ANOS,4.62,-74.07,USADO,,0,0,0,0,1,0,0,0,0,1,False,SANTA FE,SAN_MARTIN,Museo Nacional,379.46,1,PARQUE METROPOLITANO INDEPENDENCIA BICENTENARIO,655.06,0,0.38,,0.0,0.5,0.0,,0.02,307.11,4.0
34-M4116646,APARTAMENTO,VENTA,19.99,105.0,3.0,3.0,500000.0,1.0,NIZA ALHAMBRA,5,MAS DE 20 ANOS,4.7,-74.06,USADO,,0,0,0,0,1,0,0,0,0,1,False,SUBA,LA ALHAMBRA SECTOR NORTE,Pepe Sierra,612.05,0,PARQUE ZONAL CANAL CORDOBA,555.79,0,0.19,,0.33,1.0,0.0,,0.03,945.28,0.0
3606-1001169,APARTAMENTO,VENTA,20.7,137.0,3.0,4.0,480000.0,2.0,SALITRE MODELIA,5,ENTRE 5 Y 10 ANOS,4.66,-74.11,USADO,,0,1,0,1,1,1,0,0,0,1,False,FONTIBON,CIUDAD SALITRE,AV. Rojas,355.89,1,PARQUE ZONAL SAUZALITO,543.67,0,0.15,,0.67,0.75,0.0,,0.02,190.49,2.0
920-M3732352,APARTAMENTO,VENTA,21.53,300.0,3.0,4.0,1800000.0,3.0,CENTRO Y ZONA COLONIAL,3,MAS DE 20 ANOS,4.6,-74.07,USADO,,0,1,0,0,1,0,0,0,0,1,False,SANTA FE,VERACRUZ__,Las Nieves,231.86,1,PARQUE METROPOLITANO TERCER MILENIO,938.08,0,0.07,,1.0,0.75,0.0,,0.01,522.17,0.0
93-3020,APARTAMENTO,VENTA,21.44,0.0,4.0,5.0,980000.0,3.0,SANTA BARBARA,6,ENTRE 10 Y 20 ANOS,4.7,-74.03,USADO,,0,0,0,0,0,0,0,0,0,1,False,USAQUEN,SANTA BARBARA CENTRAL II,Calle 127,2219.22,0,PARQUE METROPOLITANO EL COUNTRY,536.87,0,inf,,0.75,0.8,0.0,,inf,649.03,0.0
717-M1487648,APARTAMENTO,VENTA,20.95,219.0,4.0,5.0,3921395.93,3.0,SANTA BARBARA,6,ENTRE 5 Y 10 ANOS,4.69,-74.05,USADO,,0,0,0,0,0,0,0,0,0,1,False,USAQUEN,SANTA BIBIANA,Calle 106,893.09,0,PARQUE METROPOLITANO EL COUNTRY,1837.11,0,0.1,,0.75,0.8,0.0,,0.02,312.48,1.0
12500-M4672913,APARTAMENTO,VENTA,19.53,70.0,3.0,2.0,212000.0,1.0,CORTIJO AUTOPISTA MEDELLIN,3,MAS DE 20 ANOS,4.72,-74.11,USADO,,0,0,0,0,0,1,0,0,0,1,False,ENGATIVA,BOLIVIA SECTOR OCCIDENTAL,Portal 80,1235.7,0,PARQUE ZONAL VILLAS DE GRANADA,939.46,0,0.28,,0.33,1.5,0.0,,0.04,1071.63,0.0
4660-M4635239,APARTAMENTO,VENTA,20.29,120.0,3.0,2.0,266000.0,1.0,NICOLAS DE FEDERMAN,4,MAS DE 20 ANOS,4.64,-74.08,USADO,,0,0,0,0,0,0,0,0,0,1,False,TEUSAQUILLO,NICOLAS DE FEDERMAN,Campín - UAN,397.41,1,PARQUE ESCENARIO DEPORTIVO EL CAMPINCITO - CEAD,500.09,0,0.17,,0.33,1.5,0.0,,0.02,725.29,0.0
5031-11080,APARTAMENTO,VENTA,20.34,0.0,3.0,4.0,395000.0,1.0,COLINA Y ALREDEDORES,5,ENTRE 10 Y 20 ANOS,4.74,-74.06,USADO,,0,1,0,0,0,1,0,0,0,1,False,SUBA,URB. LA SIRENA,Gratamira,1623.41,0,PARQUE VECINAL DESARROLLO CANTALEJO URBANIZACIÓN CANTALEJO MANZANA B,937.61,0,inf,,0.33,0.75,0.0,,inf,567.92,0.0
15180-M4557928,APARTAMENTO,VENTA,19.01,43.0,2.0,1.0,3921395.93,0.0,,3,ENTRE 0 Y 5 ANOS,4.67,-74.15,USADO,,0,0,0,0,1,0,0,0,0,0,False,FONTIBON,LA LAGUNA FONTIBON,Portal El Dorado,3233.3,0,PARQUE ZONAL CARMEN DE LA LAGUNA,378.8,1,0.44,,0.0,2.0,0.0,,0.05,2098.09,0.0
920-M4114256,APARTAMENTO,VENTA,19.7,59.0,1.0,1.0,419000.0,2.0,SANTA BARBARA,6,ENTRE 10 Y 20 ANOS,4.7,-74.04,USADO,,0,1,0,1,1,0,0,0,0,1,False,USAQUEN,SANTA BARBARA CENTRAL II SECTOR,Pepe Sierra,1810.46,0,PARQUE METROPOLITANO EL COUNTRY,820.95,0,0.33,,2.0,1.0,0.0,,0.02,724.14,0.0
2671-11464,APARTAMENTO,VENTA,21.68,261.0,3.0,4.0,2575000.0,3.0,CHICO,6,ENTRE 5 Y 10 ANOS,4.66,-74.05,USADO,,0,1,0,1,1,0,0,0,0,1,False,CHAPINERO,BOSQUE EL RETIRO I SECTOR,Héroes - Gel´Hada,1545.4,0,PARQUE ZONAL SAN ANDRÉS,567.7,0,0.08,,1.0,0.75,0.0,,0.01,691.32,0.0
2671-11439,APARTAMENTO,VENTA,20.72,188.0,4.0,4.0,1760260.0,3.0,SANTA BARBARA,5,MAS DE 20 ANOS,4.69,-74.04,USADO,,0,1,0,0,1,0,0,0,0,1,False,USAQUEN,RINCON DEL CHICO,Calle 100 - Marketmedios,1534.9,0,PARQUE ZONAL CANAL EL VIRREY EL CHICO,1785.84,0,0.11,,0.75,1.0,0.0,,0.02,496.08,1.0
2751-M4540318,APARTAMENTO,VENTA,20.5,80.0,2.0,2.0,392000.0,2.0,SALITRE MODELIA,5,ENTRE 0 Y 5 ANOS,4.64,-74.1,USADO,,0,0,0,0,1,1,0,0,0,1,False,TEUSAQUILLO,CIUDAD SALITRE NORORIENTAL,CAN,209.21,1,PARQUE VECINAL URBANIZACIÓN SALITRE (GRECO),849.01,0,0.26,,1.0,1.0,0.0,,0.02,420.98,4.0
2671-11015,APARTAMENTO,VENTA,20.87,109.0,3.0,3.0,506000.0,2.0,CASTILLA MARSELLA,6,ENTRE 0 Y 5 ANOS,4.67,-74.06,USADO,,0,0,0,1,1,0,0,0,0,1,False,CHAPINERO,S.C. ANTIGUO COUNTRY,Calle 85,302.33,1,PARQUE METROPOLITANO RECONCILIACIÓN,224.06,1,0.19,,0.67,1.0,0.0,,0.03,327.64,2.0
11013-M4688482,APARTAMENTO,VENTA,19.92,92.0,3.0,2.0,350000.0,1.0,ORQUIDEAS,4,ENTRE 10 Y 20 ANOS,4.76,-74.04,USADO,,0,0,0,0,1,1,0,0,0,1,False,USAQUEN,SAN ANTONIO NOROCCIDENTAL,Portal Norte,903.47,0,PARQUE VECINAL URBANIZACIÓN CALLE 170 / ALAMEDA,93.21,1,0.22,,0.33,1.5,0.0,,0.03,911.58,0.0
771-M4370824,APARTAMENTO,VENTA,20.16,123.0,3.0,2.0,600000.0,2.0,COUNTRY,5,MAS DE 20 ANOS,4.71,-74.03,USADO,,0,0,0,1,1,1,0,0,0,1,False,USAQUEN,EL_VERGEL,Prado,2226.9,0,PARQUE METROPOLITANO EL COUNTRY,874.31,0,0.16,,0.67,1.5,0.0,,0.02,94.85,2.0
703-M4726743,APARTAMENTO,VENTA,19.35,54.1,2.0,2.0,388962.0,1.0,ORQUIDEAS,3,ENTRE 0 Y 5 ANOS,4.77,-74.03,USADO,,0,0,0,0,1,0,0,0,0,1,False,USAQUEN,TIBABITA,Terminal,1503.77,0,PARQUE VECINAL DESARROLLO VERBENAL I,1224.46,0,0.36,,0.5,1.0,0.0,,0.04,1305.85,0.0
4498-M4726364,APARTAMENTO,VENTA,20.82,120.0,2.0,3.0,1100000.0,2.0,CHICO,5,ENTRE 5 Y 10 ANOS,4.67,-74.06,USADO,,0,0,0,0,1,0,0,0,0,1,False,CHAPINERO,S.C. ANTIGUO COUNTRY,Calle 85,404.93,1,PARQUE ZONAL CANAL EL VIRREY EL CHICO,282.3,1,0.17,,1.0,0.67,0.0,,0.02,236.9,3.0
2671-M4465276,APARTAMENTO,VENTA,20.62,108.96,3.0,3.0,765000.0,2.0,SANTA BARBARA,6,ENTRE 5 Y 10 ANOS,4.7,-74.05,USADO,,0,1,0,0,1,0,0,0,0,1,False,USAQUEN,SAN PATRICIO,Pepe Sierra,928.03,0,PARQUE METROPOLITANO EL COUNTRY,1247.99,0,0.19,,0.67,1.0,0.0,,0.03,114.99,3.0
2671-M4494476,APARTAMENTO,VENTA,21.82,262.0,3.0,4.0,1100000.0,3.0,CHICO,6,ENTRE 10 Y 20 ANOS,4.67,-74.05,USADO,,0,0,0,0,1,0,0,0,0,1,False,CHAPINERO,S.C. EL CHICO,Calle 85,1290.49,0,PARQUE VECINAL URBANIZACIÓN LA CABRERA,335.33,1,0.08,,1.0,0.75,0.0,,0.01,245.31,1.0
16039-M4453482,APARTAMENTO,VENTA,21.79,267.0,3.0,5.0,1400000.0,4.0,CERROS DE SUBA,5,ENTRE 0 Y 5 ANOS,4.72,-74.08,USADO,,1,1,0,1,1,1,0,0,0,0,False,SUBA,BELLOMONTE SUBA,Gratamira,462.6,1,PARQUE VECINAL AGRUPACIÓN DE VIVIENDA EN BALCON DE LINDARAJA,1102.43,0,0.08,,1.33,0.6,0.0,,0.01,1455.3,0.0
5031-M4645156,APARTAMENTO,VENTA,20.29,72.0,1.0,2.0,3921395.93,1.0,CHICO,6,ENTRE 5 Y 10 ANOS,4.68,-74.04,USADO,,0,0,0,0,1,1,0,0,0,1,False,CHAPINERO,S.C. CHICO NORTE,Virrey,1556.95,0,PARQUE VECINAL URBANIZACIÓN LA CABRERA,970.05,0,0.28,,1.0,0.5,0.0,,0.01,365.08,1.0
4796-M3903670,APARTAMENTO,VENTA,19.86,101.0,3.0,2.0,250000.0,1.0,ORQUIDEAS,4,ENTRE 10 Y 20 ANOS,4.76,-74.04,USADO,,0,0,0,0,0,1,0,0,0,1,False,USAQUEN,SAN ANTONIO NOROCCIDENTAL,Calle 187,612.59,0,PARQUE VECINAL DESARROLLO VERBENAL I,541.15,0,0.2,,0.33,1.5,0.0,,0.03,671.99,0.0
73-M3336593,APARTAMENTO,VENTA,20.32,71.0,2.0,3.0,812000.0,2.0,CHICO,6,ENTRE 5 Y 10 ANOS,4.68,-74.05,USADO,,0,0,0,0,1,0,0,0,0,1,True,CHAPINERO,S.C. CHICO NORTE,Virrey,702.33,0,PARQUE ZONAL CANAL EL VIRREY EL CHICO,571.34,0,0.29,,1.0,0.67,0.0,,0.03,260.01,2.0
11813-M4676664,APARTAMENTO,VENTA,19.34,55.0,2.0,2.0,400000.0,1.0,,5,MAS DE 20 ANOS,4.7,-74.06,USADO,,0,0,1,0,0,0,0,0,0,0,False,SUBA,EL BATAN,Calle 127,478.15,1,PARQUE ZONAL ATABANZA,532.92,0,0.35,,0.5,1.0,0.0,,0.04,645.59,0.0
11813-M4676169,APARTAMENTO,VENTA,19.92,69.0,3.0,2.0,280000.0,1.0,,4,ENTRE 0 Y 5 ANOS,4.74,-74.06,USADO,,0,0,1,1,0,0,0,0,0,0,False,SUBA,BURGOS BRITALIA,Calle 161,1848.36,0,PARQUE VECINAL DESARROLLO CANTALEJO URBANIZACIÓN CANTALEJO MANZANA B,784.97,0,0.29,,0.33,1.5,0.0,,0.04,1263.87,0.0
4796-M3667526,APARTAMENTO,VENTA,19.9,53.0,1.0,2.0,185000.0,1.0,CENTRO INTERNACIONAL,4,ENTRE 0 Y 5 ANOS,4.62,-74.07,USADO,,0,0,0,1,1,1,0,0,0,1,False,SANTA FE,LA MERCED,Calle 34,352.47,1,PARQUE METROPOLITANO PARQUE NACIONAL (PM2A) ENRIQUE OLAYA HERRERA (SECTOR HISTORICO),546.99,0,0.38,,1.0,0.5,0.0,,0.02,511.48,0.0
920-42146033,APARTAMENTO,VENTA,20.7,171.0,3.0,3.0,1700000.0,4.0,CHICO,6,MAS DE 20 ANOS,4.68,-74.05,USADO,,0,1,0,0,1,0,0,0,0,1,False,CHAPINERO,S.C. CHICO NORTE III SECTOR,Calle 100 - Marketmedios,422.9,1,PARQUE VECINAL URBANIZACIÓN NORMANDIA I II II Y IV SECTOR,812.59,0,0.12,,1.33,1.0,0.0,,0.02,246.26,2.0
920-42144385,APARTAMENTO,VENTA,21.45,195.0,3.0,4.0,1810000.0,2.0,CHICO,6,ENTRE 5 Y 10 ANOS,4.67,-74.04,USADO,11000000.0,0,0,0,1,1,0,1,0,0,1,False,CHAPINERO,CHICO ORIENTAL,Calle 85,1849.93,0,PARQUE VECINAL URBANIZACIÓN LA CABRERA,819.66,0,0.11,56410.26,0.67,0.75,0.0,6.08,0.02,752.13,0.0
603-M4418131,APARTAMENTO,VENTA,20.03,104.0,2.0,2.0,450000.0,1.0,SANTA BARBARA,4,MAS DE 20 ANOS,4.7,-74.04,USADO,,0,0,0,0,1,0,0,0,0,1,False,USAQUEN,SANTA BARBARA CENTRAL II SECTOR,Pepe Sierra,1839.26,0,PARQUE METROPOLITANO EL COUNTRY,1042.95,0,0.19,,0.5,1.0,0.0,,0.02,546.55,0.0
16425-M4622816,APARTAMENTO,VENTA,19.43,65.0,3.0,2.0,290000.0,1.0,ORQUIDEAS,4,ENTRE 5 Y 10 ANOS,4.76,-74.02,USADO,,0,0,0,0,0,0,0,0,0,1,False,USAQUEN,HORIZONTES USAQUEN,Calle 187,2259.6,0,PARQUE VECINAL URBANIZACIÓN CALLE 170 / ALAMEDA,1658.95,0,0.3,,0.33,1.5,0.0,,0.05,1951.39,0.0
989-M4202076,APARTAMENTO,VENTA,20.32,122.0,3.0,4.0,380000.0,2.0,CENTRO NARINO,5,MAS DE 20 ANOS,4.63,-74.1,USADO,,0,1,0,0,1,0,0,0,0,1,False,TEUSAQUILLO,SANTA CLARA,Quinta Paredes,565.26,0,PARQUE VECINAL SANTA CLARA,110.8,1,0.17,,0.67,0.75,0.0,,0.02,505.32,0.0
34-55021,APARTAMENTO,VENTA,20.77,138.0,3.0,3.0,1280000.0,3.0,CHICO,6,MAS DE 20 ANOS,4.68,-74.04,USADO,,0,0,0,0,0,0,0,0,0,0,False,CHAPINERO,S.C. CHICO NORTE,Virrey,1814.14,0,PARQUE VECINAL URBANIZACIÓN LA CABRERA,1109.0,0,0.15,,1.0,1.0,0.0,,0.02,546.14,0.0
2671-6642,APARTAMENTO,VENTA,21.32,152.46,2.0,3.0,1524600.0,2.0,SANTA BARBARA,6,ENTRE 5 Y 10 ANOS,4.69,-74.03,USADO,,0,0,0,0,1,0,0,0,0,1,False,USAQUEN,SANTA ANA ORIENTAL,Calle 106,3044.34,0,PARQUE METROPOLITANO EL COUNTRY,2007.19,0,0.14,,1.0,0.67,0.0,,0.01,506.38,0.0
5176-M4603520,APARTAMENTO,VENTA,19.49,63.0,3.0,2.0,3921395.93,1.0,ENGATIVA,3,MAS DE 20 ANOS,4.69,-74.11,USADO,,0,0,0,0,0,0,0,0,0,1,False,ENGATIVA,LOS ALAMOS - URB. TORRECAMPO,Portal El Dorado,1346.29,0,PARQUE VECINAL URBANIZACIÓN FLORENCIA I SECTOR,1493.52,0,0.31,,0.33,1.5,0.0,,0.05,719.91,0.0
495-M4687819,APARTAMENTO,VENTA,19.02,52.0,2.0,2.0,72700.0,0.0,ORQUIDEAS,3,ENTRE 10 Y 20 ANOS,4.76,-74.04,USADO,,0,0,0,0,0,0,0,0,0,1,False,USAQUEN,SAN JOSE DE USAQUEN - URB. ARGO,Calle 187,1048.36,0,PARQUE VECINAL URBANIZACIÓN CALLE 170 / ALAMEDA,484.26,1,0.37,,0.0,1.0,0.0,,0.04,1122.64,0.0
4498-M4699969,APARTAMENTO,VENTA,20.44,100.0,2.0,3.0,774000.0,2.0,SANTA BARBARA,6,ENTRE 10 Y 20 ANOS,4.7,-74.05,USADO,,0,0,0,1,1,0,0,0,0,1,False,USAQUEN,SAN PATRICIO,Pepe Sierra,682.22,0,PARQUE METROPOLITANO EL COUNTRY,1645.56,0,0.2,,1.0,0.67,0.0,,0.02,103.88,3.0
356-M3344919,APARTAMENTO,VENTA,20.18,88.0,3.0,2.0,590000.0,2.0,SANTA BARBARA,6,ENTRE 10 Y 20 ANOS,4.69,-74.04,USADO,,0,0,0,0,1,0,0,0,0,0,False,USAQUEN,RINCON DEL CHICO,Calle 106,1518.4,0,PARQUE METROPOLITANO EL COUNTRY,1794.63,0,0.23,,0.67,1.5,0.0,,0.03,655.35,0.0
399-M4289644,APARTAMENTO,VENTA,19.37,44.0,2.0,2.0,150000.0,1.0,CASTILLA MARSELLA,3,ENTRE 0 Y 5 ANOS,4.66,-74.16,USADO,,0,0,0,1,1,1,1,0,0,1,False,KENNEDY,S.C. OSORIO II - LA MAGDALENA CIUDAD TINTAL,Biblioteca Tintal,1907.33,0,PARQUE ZONAL SAN IGNACIO,387.6,1,0.44,,0.5,1.0,0.0,,0.05,3124.57,0.0
2123-1887454,APARTAMENTO,VENTA,20.29,112.0,3.0,3.0,361000.0,2.0,CEDRITOS,4,ENTRE 5 Y 10 ANOS,4.73,-74.05,USADO,,0,0,0,0,1,0,0,0,0,1,False,USAQUEN,LAS_MARGARITAS,Calle 146,212.96,1,PARQUE VECINAL PRADO PINZÓN,780.86,0,0.18,,0.67,1.0,0.0,,0.03,1084.51,0.0
34-M3886920,APARTAMENTO,VENTA,19.72,51.0,1.0,2.0,3921395.93,1.0,LA SOLEDAD,4,ENTRE 5 Y 10 ANOS,4.62,-74.07,USADO,,0,0,0,0,1,0,0,0,0,1,False,TEUSAQUILLO,TEUSAQUILLO,Calle 34,429.54,1,PARQUE METROPOLITANO EL RENACIMIENTO - PARQUE CEMENTERIO CENTRAL,447.59,1,0.39,,1.0,0.5,0.0,,0.02,337.14,1.0
5031-M4603604,APARTAMENTO,VENTA,19.25,52.5,2.0,1.0,3921395.93,0.0,ENGATIVA,3,ENTRE 0 Y 5 ANOS,4.68,-74.09,USADO,,0,0,0,0,0,0,0,0,0,1,False,ENGATIVA,LA ESTRADA,AV. 68,1760.14,0,PARQUE VECINAL URBANIZACIÓN CIUDAD HONDA,278.66,1,0.37,,0.0,2.0,0.0,,0.04,655.45,0.0
603-M4418353,APARTAMENTO,VENTA,19.41,82.0,3.0,2.0,150000.0,0.0,CORTIJO AUTOPISTA MEDELLIN,3,MAS DE 20 ANOS,4.7,-74.1,USADO,,0,0,0,0,0,1,0,0,0,1,False,ENGATIVA,S.C. AUTOPISTA MEDELLIN,Granja - Kr 77,94.76,1,PARQUE VECINAL URBANIZACIÓN FLORENCIA I SECTOR,920.81,0,0.24,,0.0,1.5,0.0,,0.04,1218.36,0.0
2123-M3597227,APARTAMENTO,VENTA,20.99,168.0,3.0,3.0,990000.0,2.0,COUNTRY,5,ENTRE 10 Y 20 ANOS,4.7,-74.03,USADO,,0,1,0,1,1,1,0,0,0,1,False,USAQUEN,BELLA SUIZA,Calle 127,2792.35,0,PARQUE METROPOLITANO EL COUNTRY,1060.87,0,0.12,,0.67,1.0,0.0,,0.02,753.13,0.0
34-63703,APARTAMENTO,VENTA,21.1,172.0,4.0,5.0,1168000.0,2.0,CHICO,6,ENTRE 5 Y 10 ANOS,4.68,-74.04,USADO,,0,1,0,0,1,0,0,0,0,0,False,CHAPINERO,CHICO RESERVADO,Calle 100 - Marketmedios,1987.42,0,PARQUE VECINAL URBANIZACIÓN LA CABRERA,1347.25,0,0.12,,0.5,0.8,0.0,,0.02,367.53,1.0
14493-M4679254,APARTAMENTO,VENTA,20.11,78.0,1.0,2.0,470000.0,1.0,SANTA BARBARA,5,ENTRE 5 Y 10 ANOS,4.7,-74.04,USADO,,0,0,0,1,1,1,0,0,0,1,False,USAQUEN,SANTA BARBARA CENTRAL I SECTOR,Pepe Sierra,1921.03,0,PARQUE METROPOLITANO EL COUNTRY,821.01,0,0.26,,1.0,0.5,0.0,,0.01,648.13,0.0
11013-M4673962,APARTAMENTO,VENTA,21.19,178.0,3.0,3.0,1400000.0,3.0,CHICO,6,MAS DE 20 ANOS,4.67,-74.05,USADO,,0,0,0,0,0,0,0,0,0,1,False,CHAPINERO,S.C. CHICO NORTE,Virrey,1349.61,0,PARQUE VECINAL URBANIZACIÓN LA CABRERA,571.18,0,0.12,,1.0,1.0,0.0,,0.02,332.76,2.0
304-M4385305,APARTAMENTO,VENTA,20.06,56.0,1.0,2.0,500000.0,2.0,SANTA BARBARA,6,MAS DE 20 ANOS,4.7,-74.04,USADO,,0,0,0,0,1,0,0,0,0,1,False,USAQUEN,SANTA BARBARA CENTRAL II SECTOR,Pepe Sierra,1801.14,0,PARQUE METROPOLITANO EL COUNTRY,919.93,0,0.36,,2.0,0.5,0.0,,0.02,670.09,0.0
2671-M3589258,APARTAMENTO,VENTA,21.39,270.0,4.0,5.0,1693000.0,4.0,CHICO,6,MAS DE 20 ANOS,4.66,-74.05,USADO,,0,0,0,0,1,0,0,0,0,1,False,CHAPINERO,S.C. BELLAVISTA,Calle 72,1234.41,0,PARQUE ZONAL GUSTAVO URIBE BOTERO,723.73,0,0.08,,1.0,0.8,0.0,,0.01,487.57,1.0
4796-M4313879,APARTAMENTO,VENTA,20.21,140.0,3.0,2.0,50000.0,2.0,CHAPINERO ALTO,4,ENTRE 10 Y 20 ANOS,4.66,-74.06,USADO,,0,0,0,0,1,0,0,0,0,1,False,CHAPINERO,S.C. QUINTA CAMACHO,Flores – Areandina,335.01,1,PARQUE ZONAL GUSTAVO URIBE BOTERO,995.78,0,0.14,,0.67,1.5,0.0,,0.02,316.47,4.0
416-M4563158,APARTAMENTO,VENTA,19.15,26.0,1.0,1.0,211000.0,0.0,,4,ENTRE 0 Y 5 ANOS,4.63,-74.07,USADO,,0,0,0,1,0,0,0,0,0,0,False,TEUSAQUILLO,SANTA TERESITA,Calle 45 - American School Way,322.48,1,PARQUE METROPOLITANO PARQUE NACIONAL (PM2A) ENRIQUE OLAYA HERRERA (SECTOR HISTORICO),982.39,0,0.74,,0.0,1.0,0.0,,0.04,500.65,0.0
2671-M4194767,APARTAMENTO,VENTA,21.09,142.0,2.0,3.0,1037200.0,2.0,CHICO,6,ENTRE 0 Y 5 ANOS,4.67,-74.06,USADO,,0,1,0,1,1,0,0,0,0,1,False,CHAPINERO,S.C. ANTIGUO COUNTRY,Calle 85,197.07,1,PARQUE METROPOLITANO RECONCILIACIÓN,120.38,1,0.15,,1.0,0.67,0.0,,0.01,438.3,2.0
13753-M4031745,APARTAMENTO,VENTA,20.95,168.0,4.0,4.0,785000.0,2.0,COUNTRY,6,ENTRE 10 Y 20 ANOS,4.71,-74.04,USADO,,0,1,0,1,1,0,1,0,0,1,False,USAQUEN,SABANALARGA,Calle 127,1098.11,0,PARQUE METROPOLITANO EL COUNTRY,650.5,0,0.12,,0.5,1.0,0.0,,0.02,364.49,1.0
10323-M4584556,APARTAMENTO,VENTA,20.16,99.0,3.0,2.0,513000.0,1.0,COLINA Y ALREDEDORES,4,MAS DE 20 ANOS,4.73,-74.07,USADO,,0,0,0,0,1,1,0,0,0,1,False,SUBA,COLINA CAMPESTRE III SECTOR,Gratamira,749.04,0,PARQUE ZONAL EL TOMILLAR,1487.25,0,0.2,,0.33,1.5,0.0,,0.03,324.99,1.0
2671-7738,APARTAMENTO,VENTA,21.54,336.0,3.0,4.0,2022000.0,3.0,CHICO,6,MAS DE 20 ANOS,4.68,-74.05,USADO,,0,1,0,0,1,0,0,0,0,1,True,CHAPINERO,S.C. CHICO NORTE,Calle 100 - Marketmedios,985.37,0,PARQUE ZONAL CANAL EL VIRREY EL CHICO,768.94,0,0.06,,1.0,0.75,0.0,,0.01,302.11,3.0
11813-M4676439,APARTAMENTO,VENTA,19.76,82.0,2.0,2.0,786312.0,2.0,,5,MAS DE 20 ANOS,4.67,-74.06,USADO,,0,0,0,0,0,0,0,0,0,0,False,CHAPINERO,S.C. ANTIGUO COUNTRY,Calle 85,276.88,1,PARQUE METROPOLITANO RECONCILIACIÓN,250.39,1,0.24,,1.0,1.0,0.0,,0.02,263.32,2.0
2671-M4286067,APARTAMENTO,VENTA,20.99,215.0,3.0,4.0,1471700.0,4.0,SANTA BARBARA,6,MAS DE 20 ANOS,4.69,-74.06,USADO,,0,1,0,0,1,0,0,0,0,1,False,USAQUEN,SANTA BIBIANA,Calle 100 - Marketmedios,540.74,0,PARQUE VECINAL URBANIZACIÓN NORMANDIA I II II Y IV SECTOR,1260.09,0,0.1,,1.33,0.75,0.0,,0.01,679.81,0.0
11813-M4675981,APARTAMENTO,VENTA,19.1,51.0,3.0,2.0,142900.0,1.0,ENGATIVA,3,ENTRE 5 Y 10 ANOS,4.59,-74.16,USADO,,0,0,1,0,0,0,0,0,0,0,False,CIUDAD BOLIVAR,EL ENSUENO,Perdomo,1105.66,0,PARQUE ZONAL EL TALLER EL ENSUEÑO,97.49,1,0.37,,0.33,1.5,0.0,,0.06,1553.01,0.0
11813-M4676624,APARTAMENTO,VENTA,20.44,111.0,3.0,2.0,500000.0,2.0,,5,ENTRE 5 Y 10 ANOS,4.7,-74.08,USADO,,0,0,0,0,0,0,0,0,0,0,False,SUBA,POTOSI SECTOR I,AV. Boyacá,651.03,0,PARQUE ZONAL MORATO,1001.1,0,0.18,,0.67,1.5,0.0,,0.03,480.32,1.0
11813-M4676281,APARTAMENTO,VENTA,19.61,41.0,2.0,2.0,290000.0,0.0,,3,MAS DE 20 ANOS,4.63,-74.07,USADO,,0,0,1,0,0,0,0,0,0,0,False,SANTA FE,SAGRADO CORAZON,AV. 39,181.78,1,PARQUE METROPOLITANO PARQUE NACIONAL (PM2A) ENRIQUE OLAYA HERRERA (SECTOR HISTORICO),212.66,1,0.48,,0.0,1.0,0.0,,0.05,109.87,2.0
15922-M4468645,APARTAMENTO,VENTA,19.41,63.0,3.0,2.0,180000.0,1.0,COLINA Y ALREDEDORES,4,ENTRE 10 Y 20 ANOS,4.75,-74.06,USADO,,0,0,0,0,0,0,0,0,0,0,False,SUBA,BURGOS BRITALIA,Toberin - Foundever,1843.86,0,PARQUE VECINAL DESARROLLO CANTALEJO URBANIZACIÓN CANTALEJO MANZANA B,842.39,0,0.31,,0.33,1.5,0.0,,0.05,1580.1,0.0
11813-M4675354,APARTAMENTO,VENTA,19.9,70.0,3.0,2.0,250000.0,1.0,,4,ENTRE 5 Y 10 ANOS,4.74,-74.06,USADO,3000000.0,0,0,0,0,0,0,0,0,0,0,False,SUBA,S.C. GILMAR - LA SIRENA (PREDIO),Calle 161,1721.09,0,PARQUE VECINAL DESARROLLO CANTALEJO URBANIZACIÓN CANTALEJO MANZANA B,654.91,0,0.28,42857.14,0.33,1.5,0.0,12.0,0.04,1179.92,0.0
3229-241234,APARTAMENTO,VENTA,20.71,190.0,3.0,4.0,934000.0,2.0,CERROS DE SUBA,5,ENTRE 10 Y 20 ANOS,4.71,-74.08,USADO,,1,1,0,1,0,1,0,0,0,1,False,SUBA,S.C. NIZA SUBA,Niza - Calle 127,634.37,0,PARQUE VECINAL AGRUPACIÓN DE VIVIENDA EN BALCON DE LINDARAJA,271.69,1,0.11,,0.67,0.75,0.0,,0.02,686.77,0.0
73-M3335178,APARTAMENTO,VENTA,21.64,259.0,3.0,4.0,1561800.0,3.0,CHAPINERO ALTO,6,MAS DE 20 ANOS,4.65,-74.05,USADO,,0,1,0,0,0,1,0,0,0,1,False,CHAPINERO,S.C. LAS ACACIAS,Flores – Areandina,1130.69,0,PARQUE ZONAL GUSTAVO URIBE BOTERO,282.31,1,0.08,,1.0,0.75,0.0,,0.01,335.48,1.0
14236-M4486641,APARTAMENTO,VENTA,20.01,132.0,3.0,3.0,600000.0,2.0,NIZA ALHAMBRA,5,MAS DE 20 ANOS,4.71,-74.06,USADO,,0,0,0,0,0,0,0,0,0,1,False,SUBA,EL BATAN,Calle 127,376.46,1,PARQUE ZONAL ATABANZA,444.87,1,0.15,,0.67,1.0,0.0,,0.02,534.84,0.0
16474-M4677826,APARTAMENTO,VENTA,19.14,47.0,3.0,1.0,30000.0,0.0,ENGATIVA,3,ENTRE 10 Y 20 ANOS,4.72,-74.13,USADO,,0,0,0,0,0,0,0,0,0,1,False,ENGATIVA,GRAN GRANADA,Portal 80,2017.13,0,PARQUE ZONAL VILLAS DE GRANADA,539.55,0,0.41,,0.0,3.0,0.0,,0.06,1804.09,0.0
350-M3373463,APARTAMENTO,VENTA,20.91,160.0,3.0,3.0,858500.0,2.0,CENTRO INTERNACIONAL,4,MAS DE 20 ANOS,4.62,-74.07,USADO,,0,0,0,0,1,1,0,0,0,1,False,SANTA FE,SAMPER,Calle 34,288.84,1,PARQUE METROPOLITANO EL RENACIMIENTO - PARQUE CEMENTERIO CENTRAL,680.37,0,0.13,,0.67,1.0,0.0,,0.02,408.58,4.0
661-M4598463,APARTAMENTO,VENTA,19.73,46.14,1.0,1.0,3921395.93,1.0,CHICO,3,MAS DE 20 ANOS,4.66,-74.06,USADO,,0,0,0,0,0,0,0,0,0,1,False,CHAPINERO,S.C. LAGO GAITAN,Calle 76 - San Felipe,417.17,1,PARQUE ZONAL SAN ANDRÉS,645.17,0,0.43,,1.0,1.0,0.0,,0.02,292.39,2.0
4796-2397,APARTAMENTO,VENTA,21.19,196.0,3.0,4.0,870000.0,2.0,SALITRE MODELIA,5,ENTRE 5 Y 10 ANOS,4.64,-74.1,USADO,,0,0,0,1,1,1,0,0,0,1,False,TEUSAQUILLO,CIUDAD SALITRE SURORIENTAL,CAN,635.52,0,PARQUE VECINAL URBANIZACIÓN SALITRE (GRECO),1042.11,0,0.11,,0.67,0.75,0.0,,0.02,476.61,3.0
9947-M4706799,APARTAMENTO,VENTA,19.9,83.0,2.0,1.0,3921395.93,1.0,SANTA BARBARA,6,ENTRE 5 Y 10 ANOS,4.69,-74.04,USADO,,0,0,0,0,0,0,0,0,0,0,False,USAQUEN,SANTA BARBARA CENTRAL III SECTOR,Pepe Sierra,2015.25,0,PARQUE METROPOLITANO EL COUNTRY,1219.53,0,0.24,,0.5,2.0,0.0,,0.02,344.23,1.0
617-M4480008,APARTAMENTO,VENTA,19.69,40.2,1.0,2.0,3921395.93,1.0,COUNTRY,5,ENTRE 0 Y 5 ANOS,4.71,-74.03,USADO,,0,0,0,1,1,0,0,0,0,1,False,USAQUEN,BELLA SUIZA,Calle 127,2529.93,0,PARQUE METROPOLITANO EL COUNTRY,798.43,0,0.49,,1.0,0.5,0.0,,0.02,517.06,0.0
847-M4706544,APARTAMENTO,VENTA,21.34,174.0,2.0,3.0,1722600.0,2.0,,6,MAS DE 20 ANOS,4.66,-74.05,USADO,,0,1,0,1,0,1,1,0,0,0,False,CHAPINERO,EL REFUGIO,Héroes - Gel´Hada,1724.48,0,PARQUE ZONAL SAN ANDRÉS,760.62,0,0.12,,1.0,0.67,0.0,,0.01,840.26,0.0
16124-M4453441,APARTAMENTO,VENTA,20.81,132.0,3.0,3.0,780000.0,2.0,COUNTRY,6,ENTRE 5 Y 10 ANOS,4.71,-74.05,USADO,,0,1,0,0,1,0,0,0,0,1,False,USAQUEN,LA CALLEJA,Calle 127,934.54,0,PARQUE METROPOLITANO EL COUNTRY,814.0,0,0.16,,0.67,1.0,0.0,,0.02,500.97,0.0
3229-M4417249,APARTAMENTO,VENTA,20.44,75.0,3.0,2.0,325000.0,1.0,SALITRE MODELIA,5,ENTRE 0 Y 5 ANOS,4.66,-74.11,USADO,,0,0,0,1,0,1,0,0,0,1,False,FONTIBON,CIUDAD SALITRE,AV. Rojas,378.23,1,PARQUE ZONAL SAUZALITO,522.89,0,0.27,,0.33,1.5,0.0,,0.04,220.88,2.0
4796-M3665299,APARTAMENTO,VENTA,20.91,150.0,3.0,4.0,600000.0,2.0,COUNTRY,5,ENTRE 0 Y 5 ANOS,4.73,-74.03,USADO,,0,0,0,0,1,0,0,0,0,1,False,USAQUEN,CEDRO SALAZAR,Calle 146,2456.64,0,PARQUE VECINAL NUEVA URBANIZACIÓN EL CEDRITO,735.31,0,0.14,,0.67,0.75,0.0,,0.02,609.39,0.0
5035-M4628400,APARTAMENTO,VENTA,20.13,107.67,3.0,3.0,714000.0,1.0,NIZA ALHAMBRA,5,MAS DE 20 ANOS,4.71,-74.06,USADO,,0,0,0,0,0,0,0,0,0,1,False,SUBA,EL BATAN,Calle 127,805.32,0,PARQUE ZONAL ATABANZA,494.27,1,0.19,,0.33,1.0,0.0,,0.03,959.31,0.0
2671-M4728040,APARTAMENTO,VENTA,21.31,212.0,3.0,4.0,729000.0,3.0,CERROS DE SUBA,6,ENTRE 5 Y 10 ANOS,4.72,-74.08,USADO,,0,0,0,0,0,0,0,0,0,1,False,SUBA,S.C. NIZA SUBA,Suba - AV. Boyacá,154.46,1,PARQUE VECINAL AGRUPACIÓN DE VIVIENDA EN BALCON DE LINDARAJA,784.05,0,0.1,,1.0,0.75,0.0,,0.01,971.55,0.0
14914-M3971341,APARTAMENTO,VENTA,21.22,210.0,3.0,4.0,1700000.0,3.0,CHICO,6,MAS DE 20 ANOS,4.66,-74.05,USADO,,0,1,0,0,0,0,0,0,0,1,False,CHAPINERO,S.C. EL NOGAL,Héroes - Gel´Hada,985.04,0,PARQUE ZONAL SAN ANDRÉS,13.76,1,0.1,,1.0,0.75,0.0,,0.01,208.32,4.0
4796-M3663174,APARTAMENTO,VENTA,20.72,140.0,3.0,4.0,523000.0,2.0,COLINA Y ALREDEDORES,4,ENTRE 10 Y 20 ANOS,4.72,-74.06,USADO,,0,0,0,1,1,1,0,0,0,1,False,SUBA,URB. BOCA COLINA,Gratamira,1325.22,0,PARQUE VECINAL PRADO PINZÓN,1022.03,0,0.15,,0.67,0.75,0.0,,0.02,240.07,2.0
717-1243857,APARTAMENTO,VENTA,21.01,250.0,2.0,3.0,1300000.0,3.0,CHICO,6,ENTRE 10 Y 20 ANOS,4.67,-74.05,USADO,,1,0,0,0,0,0,0,0,0,1,False,CHAPINERO,EL REFUGIO,Héroes - Gel´Hada,1635.83,0,PARQUE VECINAL URBANIZACIÓN LA CABRERA,648.34,0,0.08,,1.5,0.67,0.0,,0.01,641.2,0.0
603-M4664387,APARTAMENTO,VENTA,20.21,143.0,3.0,3.0,3921395.93,0.0,CENTRO NARINO,3,ENTRE 10 Y 20 ANOS,4.63,-74.09,USADO,,0,0,0,0,0,0,0,0,0,1,False,TEUSAQUILLO,EL_RECUERDO,Ciudad Universitaria - Lotería de Bogotá,301.04,1,PARQUE VECINAL SANTA CLARA,1288.88,0,0.14,,0.0,1.0,0.0,,0.02,1409.94,0.0
34-63059,APARTAMENTO,VENTA,20.99,148.0,3.0,4.0,2050000.0,2.0,SANTA BARBARA,6,ENTRE 10 Y 20 ANOS,4.7,-74.05,USADO,,0,1,0,0,1,0,0,0,0,0,False,USAQUEN,SANTA BARBARA OCCIDENTAL,Pepe Sierra,1051.48,0,PARQUE METROPOLITANO EL COUNTRY,998.86,0,0.14,,0.67,0.75,0.0,,0.02,259.33,1.0
3422-M4655774,APARTAMENTO,VENTA,19.96,78.0,3.0,2.0,232000.0,1.0,ORQUIDEAS,4,ENTRE 0 Y 5 ANOS,4.75,-74.02,USADO,,0,0,0,1,1,0,1,0,0,1,False,USAQUEN,BARRANCAS ORIENTAL - LA ROCA (PREDIO),Portal Norte,2568.44,0,PARQUE ZONAL SERVITA,1131.33,0,0.26,,0.33,1.5,0.0,,0.04,1533.85,0.0
495-M4317722,APARTAMENTO,VENTA,21.6,172.0,2.0,3.0,1887000.0,2.0,CHICO,6,ENTRE 0 Y 5 ANOS,4.66,-74.05,USADO,,0,1,0,0,0,0,0,0,0,1,False,CHAPINERO,S.C. EL RETIRO,Héroes - Gel´Hada,1516.03,0,PARQUE ZONAL SAN ANDRÉS,553.95,0,0.13,,1.0,0.67,0.0,,0.01,649.49,0.0
2671-9644,APARTAMENTO,VENTA,21.06,140.0,1.0,2.0,3921395.93,0.0,CHICO,6,ENTRE 10 Y 20 ANOS,4.67,-74.04,USADO,,0,0,0,0,0,0,0,0,0,1,False,CHAPINERO,S.C. EL CHICO,Calle 85,1642.78,0,PARQUE VECINAL URBANIZACIÓN LA CABRERA,591.78,0,0.15,,0.0,0.5,0.0,,0.01,534.54,0.0
34-M4574095,APARTAMENTO,VENTA,20.07,69.0,3.0,2.0,355900.0,1.0,NIZA ALHAMBRA,4,ENTRE 0 Y 5 ANOS,4.69,-74.08,USADO,,0,0,0,0,1,0,0,0,0,1,False,SUBA,LA ALBORADA,AV. 68,631.34,0,PARQUE ZONAL MORATO,914.99,0,0.29,,0.33,1.5,0.0,,0.04,635.11,0.0
3552-M4199726,APARTAMENTO,VENTA,19.94,56.11,1.0,2.0,412000.0,1.0,NIZA ALHAMBRA,5,ENTRE 0 Y 5 ANOS,4.7,-74.06,USADO,,0,0,0,0,1,0,0,0,0,1,False,SUBA,S.C. PASADENA,Calle 106,593.75,0,PARQUE ZONAL CANAL CORDOBA,828.87,0,0.36,,1.0,0.5,0.0,,0.02,916.19,0.0
11203-M4515217,APARTAMENTO,VENTA,20.29,88.0,3.0,3.0,1200000.0,2.0,SANTA BARBARA,6,MAS DE 20 ANOS,4.7,-74.05,USADO,,0,0,0,0,0,0,0,0,0,1,False,USAQUEN,SANTA BARBARA OCCIDENTAL,Calle 127,890.75,0,PARQUE METROPOLITANO EL COUNTRY,859.98,0,0.23,,0.67,1.0,0.0,,0.03,492.64,1.0
495-M4683483,APARTAMENTO,VENTA,19.51,62.0,2.0,2.0,244200.0,1.0,CEDRITOS,4,MAS DE 20 ANOS,4.73,-74.03,USADO,,0,0,0,0,0,1,0,0,0,1,False,USAQUEN,CEDRO SALAZAR,Mazurén,2082.18,0,PARQUE ZONAL ALTA BLANCA,539.01,0,0.31,,0.5,1.0,0.0,,0.03,173.19,1.0
34-M3237877,APARTAMENTO,VENTA,20.28,143.0,3.0,3.0,3921395.93,2.0,COLINA Y ALREDEDORES,5,MAS DE 20 ANOS,4.72,-74.07,USADO,,0,1,0,0,0,0,0,0,0,1,False,SUBA,URB. COLINA NORTE II ETAPA,Suba - AV. Boyacá,1114.3,0,PARQUE VECINAL PRADO PINZÓN,1265.12,0,0.14,,0.67,1.0,0.0,,0.02,350.29,2.0
839-M4509603,APARTAMENTO,VENTA,19.75,75.0,3.0,2.0,274700.0,1.0,ENGATIVA,3,ENTRE 5 Y 10 ANOS,4.68,-74.1,USADO,,0,0,0,0,0,0,0,0,0,1,False,ENGATIVA,S.C. BOYACA,Minuto de Dios,1758.6,0,PARQUE VECINAL URBANIZACIÓN LA EUROPA,506.81,0,0.26,,0.33,1.5,0.0,,0.04,1606.12,0.0
16468-M4660707,APARTAMENTO,VENTA,19.6,52.0,1.0,2.0,3921395.93,0.0,COUNTRY,5,ENTRE 5 Y 10 ANOS,4.72,-74.05,USADO,,0,1,0,0,0,0,0,0,0,1,False,USAQUEN,LOS CEDROS,Alcalá,332.53,1,PARQUE VECINAL PRADO PINZÓN,917.56,0,0.38,,0.0,0.5,0.0,,0.02,241.36,1.0
11013-M4656689,APARTAMENTO,VENTA,20.77,142.0,3.0,3.0,1040000.0,2.0,CHICO,6,MAS DE 20 ANOS,4.66,-74.05,USADO,,0,1,0,1,0,0,0,0,0,1,False,CHAPINERO,PINAR ALTO - PINAR II,Calle 76 - San Felipe,1474.04,0,PARQUE ZONAL SAN ANDRÉS,562.9,0,0.15,,0.67,1.0,0.0,,0.02,733.86,0.0
350-M4676867,APARTAMENTO,VENTA,19.06,47.38,3.0,1.0,116900.0,0.0,ALTOS DE SUBA Y CERROS DE SAN JORGE,3,MAS DE 20 ANOS,4.75,-74.11,USADO,,0,0,0,1,0,1,0,0,0,1,False,SUBA,CONJUNTO RESIDENCIAL KUMARU,Portal Suba,1620.32,0,PARQUE ZONAL CEFE FONTANAR DEL RIO,549.71,0,0.4,,0.0,3.0,0.0,,0.06,1404.64,0.0
2529-M4485671,APARTAMENTO,VENTA,20.09,107.6,3.0,4.0,600000.0,1.0,NIZA ALHAMBRA,4,MAS DE 20 ANOS,4.71,-74.06,USADO,,0,0,0,0,1,0,0,0,0,1,False,SUBA,EL BATAN,Humedal Córdoba,904.1,0,PARQUE ZONAL CANAL CORDOBA,514.73,0,0.19,,0.33,0.75,0.0,,0.03,1141.56,0.0
5031-M4637760,APARTAMENTO,VENTA,19.76,90.0,3.0,3.0,3921395.93,1.0,NIZA ALHAMBRA,5,ENTRE 10 Y 20 ANOS,4.7,-74.06,USADO,,0,1,0,0,1,0,0,0,0,1,False,SUBA,S.C. PASADENA,Puentelargo,600.64,0,PARQUE ZONAL CANAL CORDOBA,831.38,0,0.22,,0.33,1.0,0.0,,0.03,792.49,0.0
603-M4708451,APARTAMENTO,VENTA,19.78,72.4,3.0,2.0,352900.0,1.0,COLINA Y ALREDEDORES,5,MAS DE 20 ANOS,4.73,-74.06,USADO,,0,0,0,0,0,1,0,0,0,1,False,SUBA,JEREZ DE LA FRONTERA,Calle 142,1273.42,0,PARQUE VECINAL PRADO PINZÓN,906.48,0,0.27,,0.33,1.5,0.0,,0.04,352.04,2.0
5545-M4593056,APARTAMENTO,VENTA,21.06,154.45,2.0,3.0,2030000.0,2.0,CHICO,6,ENTRE 10 Y 20 ANOS,4.68,-74.04,USADO,7000000.0,0,0,0,0,1,0,0,0,0,1,False,CHAPINERO,S.C. CHICO NORTE,Virrey,1812.27,0,PARQUE VECINAL URBANIZACIÓN LA CABRERA,1080.09,0,0.14,45322.11,1.0,0.67,0.0,3.45,0.01,587.81,0.0
164-M4567098,APARTAMENTO,VENTA,20.82,250.0,3.0,4.0,1500000.0,2.0,COLINA Y ALREDEDORES,5,MAS DE 20 ANOS,4.73,-74.07,USADO,,0,0,0,0,0,0,0,0,0,1,False,SUBA,GRATAMIRA,Gratamira,19.24,1,PARQUE ZONAL EL TOMILLAR,1448.97,0,0.08,,0.67,0.75,0.0,,0.01,1068.46,0.0
34-M4601128,APARTAMENTO,VENTA,19.88,74.79,3.0,2.0,85000.0,0.0,METROPOLIS,3,ENTRE 0 Y 5 ANOS,4.67,-74.08,USADO,,0,0,0,0,0,0,0,0,0,1,False,BARRIOS UNIDOS,SAN FERNANDO OCCIDENTAL,Carrera 47,818.57,0,PARQUE VECINAL URBANIZACIÓN METROPOLIS,678.93,0,0.27,,0.0,1.5,0.0,,0.04,843.53,0.0
11712-M4592683,APARTAMENTO,VENTA,19.32,36.0,2.0,1.0,160000.0,0.0,ORQUIDEAS,3,ENTRE 0 Y 5 ANOS,4.75,-74.04,USADO,,0,0,0,0,1,0,0,0,0,1,False,USAQUEN,TOBERIN,Toberin - Foundever,603.55,0,PARQUE VECINAL URBANIZACIÓN TOBERIN,615.84,0,0.54,,0.0,2.0,0.0,,0.06,668.29,0.0
2671-M3326635,APARTAMENTO,VENTA,21.17,200.0,3.0,3.0,2080400.0,4.0,CHICO,6,MAS DE 20 ANOS,4.68,-74.04,USADO,,0,1,0,0,0,0,0,0,0,1,False,CHAPINERO,S.C. CHICO NORTE,Virrey,1667.51,0,PARQUE VECINAL URBANIZACIÓN LA CABRERA,1041.36,0,0.11,,1.33,1.0,0.0,,0.02,475.73,1.0
2671-6271,APARTAMENTO,VENTA,21.31,323.67,5.0,5.0,1421000.0,4.0,SANTA BARBARA,5,ENTRE 10 Y 20 ANOS,4.7,-74.05,USADO,,0,0,0,1,1,0,0,0,0,1,False,USAQUEN,SANTA BARBARA OCCIDENTAL,Calle 127,401.67,1,PARQUE ZONAL ATABANZA,1044.23,0,0.07,,0.8,1.0,0.0,,0.02,300.09,5.0
2671-6682,APARTAMENTO,VENTA,21.54,189.4,2.0,3.0,1894000.0,2.0,SANTA BARBARA,6,ENTRE 5 Y 10 ANOS,4.69,-74.03,USADO,,0,1,0,0,0,0,0,0,0,1,False,USAQUEN,SANTA ANA ORIENTAL,Calle 106,3044.34,0,PARQUE METROPOLITANO EL COUNTRY,2007.19,0,0.11,,1.0,0.67,0.0,,0.01,506.38,0.0
34-M4022508,APARTAMENTO,VENTA,20.34,80.45,2.0,2.0,3921395.93,2.0,METROPOLIS,4,ENTRE 0 Y 5 ANOS,4.66,-74.07,USADO,,0,0,0,0,1,0,0,0,0,1,False,BARRIOS UNIDOS,LOS ALCAZARES,AV. Chile,754.19,0,PARQUE ZONAL LA ESTACIÓN,204.19,1,0.25,,1.0,1.0,0.0,,0.02,1318.44,0.0
11013-M4544967,APARTAMENTO,VENTA,21.28,167.0,3.0,4.0,980000.0,2.0,SANTA BARBARA,6,ENTRE 5 Y 10 ANOS,4.7,-74.03,USADO,,0,1,0,1,1,1,1,0,0,1,False,USAQUEN,LOS ALPES II SECTOR,Calle 127,2952.18,0,PARQUE METROPOLITANO EL COUNTRY,1261.23,0,0.13,,0.67,0.75,0.0,,0.02,615.78,0.0
5031-M4566827,APARTAMENTO,VENTA,20.13,80.0,2.0,2.0,3921395.93,1.0,SANTA BARBARA,6,MAS DE 20 ANOS,4.7,-74.04,USADO,,0,0,0,0,1,1,0,0,0,1,False,USAQUEN,SANTA BARBARA CENTRAL IV SECTOR,Pepe Sierra,2249.46,0,PARQUE METROPOLITANO EL COUNTRY,807.4,0,0.25,,0.5,1.0,0.0,,0.02,360.69,1.0
293-M4491328,APARTAMENTO,VENTA,19.63,60.0,3.0,2.0,317000.0,1.0,CEDRITOS,3,MAS DE 20 ANOS,4.74,-74.04,USADO,,0,0,0,0,0,1,0,0,0,1,False,USAQUEN,JARDINES DE ORIENTE,Calle 161,839.18,0,PARQUE ZONAL LA VIDA,434.75,1,0.33,,0.33,1.5,0.0,,0.05,1117.57,0.0
2671-11317,APARTAMENTO,VENTA,20.9,237.0,3.0,3.0,1100000.0,2.0,SANTA BARBARA,6,MAS DE 20 ANOS,4.7,-74.04,USADO,,0,1,0,0,1,0,0,0,0,1,False,USAQUEN,SANTA BARBARA CENTRAL I SECTOR,Pepe Sierra,1584.55,0,PARQUE METROPOLITANO EL COUNTRY,760.05,0,0.09,,0.67,1.0,0.0,,0.01,547.71,0.0
11301-1323,APARTAMENTO,VENTA,20.99,0.0,5.0,4.0,787000.0,4.0,SANTA BARBARA,6,ENTRE 10 Y 20 ANOS,4.7,-74.04,USADO,,0,1,0,0,1,0,0,0,0,1,False,USAQUEN,SANTA BARBARA CENTRAL I SECTOR,Calle 127,1741.85,0,PARQUE METROPOLITANO EL COUNTRY,559.11,0,inf,,0.8,1.25,0.0,,inf,470.49,1.0
4562-M4171629,APARTAMENTO,VENTA,20.81,159.0,3.0,3.0,600000.0,2.0,COUNTRY,5,ENTRE 10 Y 20 ANOS,4.71,-74.03,USADO,,0,0,0,1,1,1,1,0,0,1,False,USAQUEN,LISBOA_,Prado,2390.86,0,PARQUE VECINAL NUEVA URBANIZACIÓN EL CEDRITO,1078.66,0,0.13,,0.67,1.0,0.0,,0.02,244.48,3.0
920-M3297649,APARTAMENTO,VENTA,20.21,103.0,3.0,2.0,519000.0,2.0,COLINA Y ALREDEDORES,5,ENTRE 10 Y 20 ANOS,4.73,-74.07,USADO,,0,0,0,1,1,0,0,0,0,1,False,SUBA,ATENAS - HIBERNIA,Gratamira,524.71,0,PARQUE ZONAL EL TOMILLAR,943.6,0,0.2,,0.67,1.5,0.0,,0.03,808.16,0.0
4498-M3924927,APARTAMENTO,VENTA,19.66,36.3,1.0,1.0,223000.0,1.0,SANTA BARBARA,5,ENTRE 0 Y 5 ANOS,4.7,-74.05,USADO,,0,0,0,1,1,0,0,0,0,1,False,USAQUEN,SANTA BARBARA OCCIDENTAL,Calle 127,323.67,1,PARQUE ZONAL ATABANZA,979.44,0,0.54,,1.0,1.0,0.0,,0.03,340.23,3.0
247-M4680314,APARTAMENTO,VENTA,19.34,53.74,2.0,2.0,357000.0,1.0,CEDRITOS,4,MAS DE 20 ANOS,4.74,-74.05,USADO,,0,0,0,0,0,0,0,0,0,1,False,USAQUEN,ESTRELLA DEL NORTE,Calle 161,239.12,1,PARQUE VECINAL DESARROLLO ESTRELLA DEL NORTE,219.25,1,0.36,,0.5,1.0,0.0,,0.04,1476.71,0.0
703-M4550370,APARTAMENTO,VENTA,19.87,58.06,3.0,2.0,470000.0,1.0,COLINA Y ALREDEDORES,3,ENTRE 0 Y 5 ANOS,4.72,-74.06,USADO,,0,0,0,0,1,0,0,0,0,1,False,SUBA,PRADO PINZON,Calle 142,538.5,0,PARQUE VECINAL PRADO PINZÓN,185.02,1,0.34,,0.33,1.5,0.0,,0.05,834.25,0.0
603-M4421062,APARTAMENTO,VENTA,19.94,89.0,2.0,2.0,522000.0,1.0,COUNTRY,6,MAS DE 20 ANOS,4.72,-74.04,USADO,,0,0,0,0,0,0,0,0,0,1,True,USAQUEN,NUEVO COUNTRY,Alcalá,1323.96,0,PARQUE VECINAL NUEVA URBANIZACIÓN EL CEDRITO,904.03,0,0.22,,0.5,1.0,0.0,,0.02,300.69,1.0
603-M4418340,APARTAMENTO,VENTA,19.92,82.0,2.0,2.0,401000.0,2.0,COUNTRY,5,MAS DE 20 ANOS,4.72,-74.04,USADO,,0,0,0,0,0,0,0,0,0,1,False,USAQUEN,EL CONTADOR,Alcalá,967.06,0,PARQUE VECINAL NUEVA URBANIZACIÓN EL CEDRITO,1154.97,0,0.24,,1.0,1.0,0.0,,0.02,457.26,1.0
4796-M4060211,APARTAMENTO,VENTA,21.13,173.71,3.0,4.0,1220000.0,3.0,CHICO,6,ENTRE 10 Y 20 ANOS,4.67,-74.04,USADO,,0,0,0,0,1,0,0,0,0,1,False,CHAPINERO,EL REFUGIO,Calle 85,1691.95,0,PARQUE VECINAL URBANIZACIÓN LA CABRERA,635.58,0,0.12,,1.0,0.75,0.0,,0.02,606.24,0.0
603-M4418236,APARTAMENTO,VENTA,21.05,230.0,4.0,4.0,1700000.0,3.0,SANTA BARBARA,6,MAS DE 20 ANOS,4.69,-74.05,USADO,,0,0,0,0,0,0,0,0,0,1,False,USAQUEN,SANTA BIBIANA,Calle 106,656.46,0,PARQUE VECINAL URBANIZACIÓN NORMANDIA I II II Y IV SECTOR,1344.45,0,0.09,,0.75,1.0,0.0,,0.02,533.38,0.0
11013-M4702574,APARTAMENTO,VENTA,20.18,60.0,1.0,2.0,780000.0,2.0,CHICO,6,ENTRE 10 Y 20 ANOS,4.68,-74.05,USADO,,0,0,0,1,1,1,1,0,0,1,False,CHAPINERO,S.C. CHICO NORTE III SECTOR,Calle 100 - Marketmedios,422.9,1,PARQUE VECINAL URBANIZACIÓN NORMANDIA I II II Y IV SECTOR,812.59,0,0.34,,2.0,0.5,0.0,,0.02,246.26,2.0
603-M4418082,APARTAMENTO,VENTA,19.86,157.0,3.0,3.0,400000.0,1.0,CEDRITOS,4,MAS DE 20 ANOS,4.72,-74.04,USADO,,0,0,0,0,0,1,0,0,0,1,False,USAQUEN,CEDRITOS,Alcalá,1269.41,0,PARQUE VECINAL NUEVA URBANIZACIÓN EL CEDRITO,762.38,0,0.13,,0.33,1.0,0.0,,0.02,315.16,1.0
771-M4370973,APARTAMENTO,VENTA,20.84,168.0,3.0,3.0,975000.0,3.0,SANTA BARBARA,5,ENTRE 10 Y 20 ANOS,4.7,-74.05,USADO,,0,0,0,0,1,1,0,0,0,1,True,USAQUEN,SANTA BARBARA OCCIDENTAL,Calle 127,353.59,1,PARQUE ZONAL ATABANZA,953.9,0,0.12,,1.0,1.0,0.0,,0.02,209.36,5.0
16474-M4645003,APARTAMENTO,VENTA,20.2,76.85,2.0,2.0,600000.0,1.0,SANTA BARBARA,5,ENTRE 10 Y 20 ANOS,4.7,-74.05,USADO,,0,0,0,1,1,1,0,0,0,1,False,USAQUEN,SANTA BARBARA OCCIDENTAL,Calle 127,252.36,1,PARQUE ZONAL ATABANZA,898.82,0,0.26,,0.5,1.0,0.0,,0.03,305.18,3.0
920-M3310273,APARTAMENTO,VENTA,20.67,142.0,3.0,3.0,533000.0,2.0,CHAPINERO ALTO,4,MAS DE 20 ANOS,4.65,-74.06,USADO,,0,0,0,0,1,0,0,0,0,1,False,CHAPINERO,S.C. QUINTA CAMACHO,Flores – Areandina,674.89,0,PARQUE ZONAL GUSTAVO URIBE BOTERO,654.98,0,0.15,,0.67,1.0,0.0,,0.02,231.95,5.0
2671-M4656006,APARTAMENTO,VENTA,20.82,123.64,2.0,3.0,1100000.0,2.0,SANTA BARBARA,6,ENTRE 5 Y 10 ANOS,4.69,-74.04,USADO,,0,1,0,0,1,0,0,0,0,1,False,USAQUEN,SANTA BARBARA CENTRAL I Y II,Pepe Sierra,1437.96,0,PARQUE METROPOLITANO EL COUNTRY,1255.78,0,0.17,,1.0,0.67,0.0,,0.02,511.21,0.0
13294-M4701679,APARTAMENTO,VENTA,20.44,127.0,2.0,2.0,1300000.0,2.0,CHICO,6,MAS DE 20 ANOS,4.67,-74.05,USADO,,0,1,0,0,1,0,0,0,0,1,False,CHAPINERO,S.C. EL CHICO,Virrey,948.33,0,PARQUE ZONAL CANAL EL VIRREY EL CHICO,308.16,1,0.16,,1.0,1.0,0.0,,0.02,291.32,3.0
2671-M4492342,APARTAMENTO,VENTA,21.12,187.0,3.0,3.0,1300000.0,3.0,CHICO,6,ENTRE 10 Y 20 ANOS,4.67,-74.04,USADO,,0,1,0,0,1,0,0,0,0,1,False,CHAPINERO,EL REFUGIO,Héroes - Gel´Hada,1701.72,0,PARQUE VECINAL URBANIZACIÓN LA CABRERA,684.06,0,0.11,,1.0,1.0,0.0,,0.02,667.16,0.0
2671-M4727983,APARTAMENTO,VENTA,20.5,109.7,3.0,3.0,1000000.0,2.0,,6,ENTRE 5 Y 10 ANOS,4.71,-74.08,USADO,,0,1,0,1,1,0,0,0,0,1,False,SUBA,S.C. CLUB DE LOS LAGARTOS,Niza - Calle 127,1019.63,0,PARQUE METROPOLITANO CEFE COMETAS,429.2,1,0.19,,0.67,1.0,0.0,,0.03,1012.48,0.0
4796-892,APARTAMENTO,VENTA,21.37,300.0,4.0,5.0,1705000.0,3.0,COUNTRY,6,MAS DE 20 ANOS,4.7,-74.04,USADO,,0,0,0,0,1,0,0,0,0,1,False,USAQUEN,SANTA BARBARA NORTE,Calle 127,1467.8,0,PARQUE METROPOLITANO EL COUNTRY,279.62,1,0.07,,0.75,0.8,0.0,,0.01,159.02,1.0
2671-5108,APARTAMENTO,VENTA,21.51,195.38,3.0,4.0,1160000.0,4.0,KENNEDY,6,ENTRE 5 Y 10 ANOS,4.66,-74.05,USADO,,0,1,0,1,1,0,0,0,0,1,False,CHAPINERO,LOS ROSALES,Calle 72,1454.89,0,PARQUE ZONAL GUSTAVO URIBE BOTERO,794.15,0,0.11,,1.33,0.75,0.0,,0.02,709.48,0.0
11079-M4684890,APARTAMENTO,VENTA,20.89,205.0,3.0,2.0,925000.0,2.0,CEDRITOS,5,ENTRE 10 Y 20 ANOS,4.72,-74.02,USADO,,0,0,0,0,1,0,0,0,0,1,False,USAQUEN,BOSQUE DE PINOS III,Calle 142,3055.68,0,PARQUE VECINAL NUEVA URBANIZACIÓN EL CEDRITO,1166.56,0,0.1,,0.67,1.5,0.0,,0.01,1204.41,0.0
4796-M3742481,APARTAMENTO,VENTA,19.83,79.0,2.0,2.0,337000.0,1.0,CEDRITOS,4,ENTRE 5 Y 10 ANOS,4.73,-74.03,USADO,,0,0,0,1,1,1,0,0,0,1,False,USAQUEN,BARRANCAS PERLAS DEL NORTE,Mazurén,2384.8,0,PARQUE ZONAL ALTA BLANCA,378.75,1,0.25,,0.5,1.0,0.0,,0.03,516.11,0.0
10139-M3807597,APARTAMENTO,VENTA,21.56,130.0,2.0,3.0,3921395.93,2.0,CHICO,6,ENTRE 0 Y 5 ANOS,4.68,-74.05,USADO,12720000.0,0,1,0,0,1,0,1,0,0,1,True,CHAPINERO,S.C. CHICO NORTE,Virrey,976.08,0,PARQUE ZONAL CANAL EL VIRREY EL CHICO,580.23,0,0.17,97846.15,1.0,0.67,0.0,3.24,0.02,133.95,2.0
495-M4681545,APARTAMENTO,VENTA,19.53,70.0,3.0,2.0,212000.0,1.0,CORTIJO AUTOPISTA MEDELLIN,3,MAS DE 20 ANOS,4.72,-74.11,USADO,,0,0,0,0,0,1,0,0,0,1,False,ENGATIVA,BOLIVIA SECTOR OCCIDENTAL,Portal 80,1235.7,0,PARQUE ZONAL VILLAS DE GRANADA,939.46,0,0.28,,0.33,1.5,0.0,,0.04,1071.63,0.0
346-M4515973,APARTAMENTO,VENTA,19.78,83.0,2.0,1.0,730000.0,1.0,SANTA BARBARA,5,MAS DE 20 ANOS,4.69,-74.04,USADO,,0,0,0,0,1,0,0,0,0,1,False,USAQUEN,SANTA BARBARA CENTRAL II SECTOR,Pepe Sierra,1950.74,0,PARQUE METROPOLITANO EL COUNTRY,1139.98,0,0.24,,0.5,2.0,0.0,,0.02,427.63,1.0
12503-M4495595,APARTAMENTO,VENTA,19.87,61.5,2.0,2.0,390000.0,1.0,NIZA ALHAMBRA,5,ENTRE 0 Y 5 ANOS,4.69,-74.07,USADO,,0,0,0,0,1,0,0,0,0,0,False,SUBA,PUENTE LARGO SECTOR I Y II,Puentelargo,196.52,1,PARQUE ZONAL CANAL CORDOBA,816.23,0,0.32,,0.5,1.0,0.0,,0.03,715.11,0.0
10202-M4042711,APARTAMENTO,VENTA,19.73,87.0,3.0,2.0,3921395.93,1.0,KENNEDY,3,ENTRE 0 Y 5 ANOS,4.65,-74.15,USADO,,0,0,0,0,1,0,0,0,0,1,False,KENNEDY,S.C. TINTALA,Biblioteca Tintal,1823.15,0,PARQUE ZONAL SAN IGNACIO,824.95,0,0.23,,0.33,1.5,0.0,,0.03,2683.86,0.0
73-M4212161,APARTAMENTO,VENTA,21.16,234.52,3.0,2.0,1190000.0,1.0,CHICO,6,MAS DE 20 ANOS,4.66,-74.05,USADO,,0,1,0,1,1,0,0,0,0,1,False,CHAPINERO,BELLAVISTA - URB. EL CASTILLO,Calle 72,928.23,0,PARQUE ZONAL GUSTAVO URIBE BOTERO,633.82,0,0.09,,0.33,1.5,0.0,,0.01,190.06,5.0
3284-5004357,APARTAMENTO,VENTA,21.13,264.0,3.0,4.0,1744000.0,3.0,CHICO,6,MAS DE 20 ANOS,4.68,-74.05,USADO,,0,0,0,0,0,0,0,0,0,0,False,CHAPINERO,S.C. CHICO NORTE,Calle 100 - Marketmedios,824.71,0,PARQUE ZONAL CANAL EL VIRREY EL CHICO,727.54,0,0.08,,1.0,0.75,0.0,,0.01,294.93,3.0
304-2560,APARTAMENTO,VENTA,20.29,88.51,3.0,2.0,380000.0,1.0,ALTOS DE SUBA Y CERROS DE SAN JORGE,6,ENTRE 10 Y 20 ANOS,4.76,-74.07,USADO,,0,0,0,0,1,0,0,0,0,1,False,SUBA,URB. DEL MONTE,Portal Norte,2460.22,0,PARQUE ZONAL SAN JOSÉ DE BAVARIA,582.79,0,0.23,,0.33,1.5,0.0,,0.03,2574.56,0.0
399-M4289482,APARTAMENTO,VENTA,20.39,93.0,2.0,2.0,750000.0,2.0,SANTA BARBARA,6,ENTRE 5 Y 10 ANOS,4.7,-74.06,USADO,,0,1,0,1,1,0,0,0,0,1,False,USAQUEN,SAN PATRICIO,Calle 106,259.63,1,PARQUE ZONAL CANAL CORDOBA,1347.07,0,0.22,,1.0,1.0,0.0,,0.02,535.46,0.0
2751-M4555397,APARTAMENTO,VENTA,19.52,70.0,3.0,2.0,200000.0,1.0,ENGATIVA,3,ENTRE 5 Y 10 ANOS,4.72,-74.13,USADO,,0,0,0,0,0,1,0,0,0,1,False,ENGATIVA,GRAN GRANADA,Portal 80,1996.97,0,PARQUE ZONAL VILLAS DE GRANADA,527.07,0,0.28,,0.33,1.5,0.0,,0.04,1783.84,0.0
34-M4712014,APARTAMENTO,VENTA,19.44,67.0,3.0,2.0,270000.0,1.0,ENGATIVA,3,MAS DE 20 ANOS,4.7,-74.09,USADO,,0,0,0,0,0,0,0,0,0,1,False,ENGATIVA,LA GRANJA,Minuto de Dios,275.54,1,PARQUE ZONAL BONANZA,1000.58,0,0.29,,0.33,1.5,0.0,,0.04,882.32,0.0
603-M4502311,APARTAMENTO,VENTA,19.88,112.0,3.0,3.0,50000.0,1.0,LA SOLEDAD,4,MAS DE 20 ANOS,4.64,-74.08,USADO,,0,0,0,0,0,0,0,0,0,1,False,TEUSAQUILLO,ALFONSO LOPEZ,Universidad Nacional,479.1,1,PARQUE ESCENARIO DEPORTIVO EL CAMPINCITO - CEAD,1071.14,0,0.18,,0.33,1.0,0.0,,0.03,624.07,0.0
897-M3963297,APARTAMENTO,VENTA,21.0,145.42,3.0,5.0,1050000.0,2.0,CHICO,6,ENTRE 5 Y 10 ANOS,4.66,-74.05,USADO,,0,1,0,1,1,0,1,0,0,1,False,CHAPINERO,BOSQUE EL RETIRO I SECTOR,Héroes - Gel´Hada,1545.4,0,PARQUE ZONAL SAN ANDRÉS,567.7,0,0.14,,0.67,0.6,0.0,,0.02,691.32,0.0
15738-M4742885,APARTAMENTO,VENTA,19.25,2.0,1.0,1.0,140000.0,0.0,CENTRO Y ZONA COLONIAL,2,ENTRE 0 Y 5 ANOS,4.59,-74.1,USADO,,0,0,0,0,1,0,0,0,0,1,False,ANTONIO NARINO,RESTREPO,Fucha,412.64,1,PARQUE ESCENARIO DEPORTIVO GIMNASIO DEL SUR,507.2,0,9.63,,0.0,1.0,0.0,,0.5,2653.72,0.0
5031-M4506532,APARTAMENTO,VENTA,20.18,68.0,2.0,2.0,380000.0,1.0,CHICO,5,ENTRE 10 Y 20 ANOS,4.68,-74.06,USADO,,0,0,0,0,0,0,0,0,0,1,False,CHAPINERO,S.C. CHICO NORTE III SECTOR,Calle 100 - Marketmedios,130.49,1,PARQUE VECINAL URBANIZACIÓN NORMANDIA I II II Y IV SECTOR,664.26,0,0.3,,0.5,1.0,0.0,,0.03,406.57,1.0
661-M4461344,APARTAMENTO,VENTA,19.01,50.0,3.0,1.0,136000.0,0.0,FONTIBON TINTAL,3,ENTRE 0 Y 5 ANOS,4.68,-74.16,USADO,,0,0,0,0,1,0,0,0,0,1,False,FONTIBON,EL CHARCO,Portal El Dorado,3965.35,0,PARQUE ZONAL LA CONCORDIA,833.73,0,0.38,,0.0,3.0,0.0,,0.06,2238.57,0.0
2671-M3249685,APARTAMENTO,VENTA,21.47,283.0,3.0,4.0,1295000.0,3.0,CHICO,6,MAS DE 20 ANOS,4.68,-74.05,USADO,,0,1,0,0,1,0,0,0,0,1,True,CHAPINERO,S.C. CHICO NORTE,Calle 100 - Marketmedios,1539.88,0,PARQUE VECINAL URBANIZACIÓN LA CABRERA,1035.58,0,0.08,,1.0,0.75,0.0,,0.01,363.5,2.0
34-M4700034,APARTAMENTO,VENTA,20.8,155.0,1.0,2.0,975000.0,1.0,CHICO,6,MAS DE 20 ANOS,4.67,-74.04,USADO,,0,0,0,0,0,0,0,0,0,1,False,CHAPINERO,CHICO ALTO,Calle 85,1801.42,0,PARQUE VECINAL URBANIZACIÓN LA CABRERA,742.19,0,0.13,,1.0,0.5,0.0,,0.01,695.72,0.0
5175-M4732551,APARTAMENTO,VENTA,20.44,140.0,2.0,3.0,605000.0,1.0,SANTA BARBARA,6,MAS DE 20 ANOS,4.69,-74.04,USADO,,0,0,0,0,0,0,0,0,0,1,False,USAQUEN,SANTA BARBARA CENTRAL III SECTOR,Pepe Sierra,2106.33,0,PARQUE METROPOLITANO EL COUNTRY,1274.82,0,0.15,,0.5,0.67,0.0,,0.01,297.8,1.0
346-M4441422,APARTAMENTO,VENTA,19.69,68.51,2.0,1.0,200000.0,0.0,CENTRO Y ZONA COLONIAL,3,MAS DE 20 ANOS,4.6,-74.08,USADO,,0,0,0,0,1,0,0,0,0,1,False,LOS MARTIRES,SAN VICTORINO,AV. Jiménez - CL 13,132.26,1,PARQUE METROPOLITANO TERCER MILENIO,569.83,0,0.29,,0.0,2.0,0.0,,0.03,1044.16,0.0
4796-M4332951,APARTAMENTO,VENTA,19.68,67.0,2.0,2.0,345000.0,1.0,CEDRITOS,4,ENTRE 0 Y 5 ANOS,4.73,-74.03,USADO,,0,0,0,0,0,0,0,0,0,1,False,USAQUEN,CEDRO SALAZAR,Calle 146,2220.0,0,PARQUE VECINAL NUEVA URBANIZACIÓN EL CEDRITO,647.95,0,0.29,,0.5,1.0,0.0,,0.03,364.94,1.0
17-1680,APARTAMENTO,VENTA,21.55,253.0,4.0,3.0,2100000.0,0.0,CHICO,6,MAS DE 20 ANOS,4.67,-74.05,USADO,,0,1,0,0,0,1,0,0,0,1,False,CHAPINERO,S.C. EL RETIRO,Héroes - Gel´Hada,921.36,0,PARQUE VECINAL URBANIZACIÓN LA CABRERA,296.21,1,0.09,,0.0,1.33,0.0,,0.02,147.83,6.0
12503-M4102608,APARTAMENTO,VENTA,20.01,100.0,3.0,2.0,431000.0,2.0,,4,ENTRE 10 Y 20 ANOS,4.73,-74.04,USADO,,0,0,0,0,1,1,0,0,0,1,False,USAQUEN,CAOBOS SALAZAR URB. CAPRI I Y II SECTOR,Calle 146,1568.75,0,PARQUE VECINAL NUEVA URBANIZACIÓN EL CEDRITO,757.4,0,0.2,,0.67,1.5,0.0,,0.03,350.17,1.0
2363-M4386069,APARTAMENTO,VENTA,20.46,123.0,3.0,4.0,730000.0,2.0,NICOLAS DE FEDERMAN,5,ENTRE 10 Y 20 ANOS,4.65,-74.08,USADO,,0,1,0,0,1,0,0,0,0,1,False,TEUSAQUILLO,NICOLAS DE FEDERMAN,Campín - UAN,543.09,0,PARQUE ZONAL NICOLAS DE FEDERMAN 3,390.01,1,0.17,,0.67,0.75,0.0,,0.02,719.53,0.0
2671-M3780556,APARTAMENTO,VENTA,20.68,106.0,2.0,3.0,750000.0,2.0,CHICO,5,ENTRE 10 Y 20 ANOS,4.67,-74.06,USADO,,0,0,0,0,0,0,0,0,0,1,False,CHAPINERO,S.C. ANTIGUO COUNTRY,Calle 85,197.07,1,PARQUE METROPOLITANO RECONCILIACIÓN,120.38,1,0.2,,1.0,0.67,0.0,,0.02,438.3,2.0
603-M4556479,APARTAMENTO,VENTA,20.03,81.0,2.0,2.0,550000.0,1.0,NIZA ALHAMBRA,5,ENTRE 10 Y 20 ANOS,4.7,-74.07,USADO,,0,0,0,1,0,0,0,0,0,1,False,SUBA,PUENTE LARGO SECTOR I Y II,Puentelargo,228.29,1,PARQUE ZONAL CANAL CORDOBA,767.88,0,0.25,,0.5,1.0,0.0,,0.02,747.0,0.0
2123-M3411604,APARTAMENTO,VENTA,20.54,153.0,3.0,5.0,600000.0,2.0,SANTA BARBARA,6,MAS DE 20 ANOS,4.7,-74.04,USADO,,0,0,0,1,1,0,0,0,0,1,False,USAQUEN,SANTA BARBARA OCCIDENTAL,Calle 127,1136.24,0,PARQUE METROPOLITANO EL COUNTRY,623.64,0,0.13,,0.67,0.6,0.0,,0.02,247.22,1.0
2671-M4005679,APARTAMENTO,VENTA,20.72,210.0,4.0,4.0,1800000.0,4.0,COUNTRY,5,MAS DE 20 ANOS,4.71,-74.03,USADO,,0,0,0,0,1,0,0,0,0,1,False,USAQUEN,GINEBRA NORTE,Prado,2605.08,0,PARQUE METROPOLITANO EL COUNTRY,1025.34,0,0.1,,1.0,1.0,0.0,,0.02,353.93,1.0
346-M3714104,APARTAMENTO,VENTA,20.13,133.0,3.0,2.0,980000.0,1.0,SANTA BARBARA,6,MAS DE 20 ANOS,4.69,-74.04,USADO,,0,1,0,0,0,0,0,0,0,1,False,USAQUEN,SANTA BARBARA CENTRAL III SECTOR,Pepe Sierra,2197.61,0,PARQUE METROPOLITANO EL COUNTRY,1094.44,0,0.15,,0.33,1.5,0.0,,0.02,423.1,3.0
34-M4264891,APARTAMENTO,VENTA,20.62,135.0,3.0,2.0,1100000.0,1.0,CHICO,6,MAS DE 20 ANOS,4.66,-74.05,USADO,,0,1,0,0,0,0,0,0,0,1,False,CHAPINERO,S.C. EL NOGAL,Calle 76 - San Felipe,1133.18,0,PARQUE ZONAL SAN ANDRÉS,480.9,1,0.15,,0.33,1.5,0.0,,0.02,625.9,0.0
34-63348,APARTAMENTO,VENTA,19.95,79.0,2.0,2.0,632000.0,2.0,COUNTRY,6,MAS DE 20 ANOS,4.71,-74.03,USADO,,0,1,0,0,1,0,0,0,0,0,False,USAQUEN,BELLA SUIZA,Prado,2376.03,0,PARQUE METROPOLITANO EL COUNTRY,719.75,0,0.25,,1.0,1.0,0.0,,0.03,376.02,1.0
11013-M4629519,APARTAMENTO,VENTA,20.31,112.0,3.0,2.0,1500000.0,2.0,SANTA BARBARA,6,MAS DE 20 ANOS,4.7,-74.04,USADO,,0,0,0,0,0,0,0,0,0,1,True,USAQUEN,SANTA BARBARA OCCIDENTAL,Calle 127,1287.14,0,PARQUE METROPOLITANO EL COUNTRY,530.22,0,0.18,,0.67,1.5,0.0,,0.03,120.16,1.0
504-101196,APARTAMENTO,VENTA,21.42,198.0,3.0,4.0,1656000.0,3.0,CHICO,6,ENTRE 5 Y 10 ANOS,4.66,-74.05,USADO,,0,0,0,1,0,0,0,0,0,1,False,CHAPINERO,LOS ROSALES,Calle 72,1534.53,0,PARQUE ZONAL SAN ANDRÉS,898.01,0,0.11,,1.0,0.75,0.0,,0.02,802.78,0.0
2671-M3528135,APARTAMENTO,VENTA,21.13,138.0,3.0,3.0,1400000.0,2.0,CHICO,6,ENTRE 5 Y 10 ANOS,4.66,-74.05,USADO,,0,1,0,1,1,0,0,0,0,1,False,CHAPINERO,S.C. BELLAVISTA,Calle 72,1172.55,0,PARQUE ZONAL GUSTAVO URIBE BOTERO,489.9,1,0.15,,0.67,1.0,0.0,,0.02,436.66,1.0
2123-M3258908,APARTAMENTO,VENTA,20.8,160.0,3.0,3.0,820000.0,2.0,COUNTRY,6,ENTRE 10 Y 20 ANOS,4.7,-74.03,USADO,,0,1,0,1,1,1,0,0,0,1,False,USAQUEN,BELLA SUIZA,Calle 127,2799.24,0,PARQUE METROPOLITANO EL COUNTRY,1057.0,0,0.13,,0.67,1.0,0.0,,0.02,721.78,0.0
4498-M4504009,APARTAMENTO,VENTA,20.29,98.0,2.0,2.0,500000.0,2.0,COUNTRY,5,MAS DE 20 ANOS,4.71,-74.05,USADO,,0,0,0,0,1,1,0,0,0,1,False,USAQUEN,COUNTRY CLUB,Prado,642.54,0,PARQUE ZONAL ATABANZA,1131.59,0,0.21,,1.0,1.0,0.0,,0.02,633.65,0.0
2751-M4258386,APARTAMENTO,VENTA,19.83,65.0,3.0,2.0,330000.0,1.0,SALITRE MODELIA,4,ENTRE 10 Y 20 ANOS,4.66,-74.12,USADO,,0,0,0,0,1,0,0,0,0,1,False,FONTIBON,LA ESPERANZA_,Normandía,883.95,0,PARQUE ZONAL CANAL BOYACA,306.5,1,0.31,,0.33,1.5,0.0,,0.05,534.22,0.0
93-2402,APARTAMENTO,VENTA,21.39,0.0,2.0,3.0,950000.0,4.0,CHICO,6,ENTRE 0 Y 5 ANOS,4.66,-74.04,USADO,8000000.0,0,0,0,1,1,0,0,0,0,1,False,CHAPINERO,LOS ROSALES,Calle 76 - San Felipe,1838.37,0,PARQUE ZONAL SAN ANDRÉS,869.78,0,inf,inf,2.0,0.67,0.0,8.42,inf,1007.75,0.0
416-M4698759,APARTAMENTO,VENTA,20.28,82.0,2.0,3.0,659518.0,2.0,,5,ENTRE 5 Y 10 ANOS,4.7,-74.05,USADO,,0,1,0,1,1,0,0,0,0,0,False,USAQUEN,SANTA BARBARA OCCIDENTAL,Pepe Sierra,529.67,0,PARQUE ZONAL ATABANZA,1320.36,0,0.25,,1.0,0.67,0.0,,0.02,411.63,2.0
416-M4563145,APARTAMENTO,VENTA,19.93,59.0,2.0,2.0,240000.0,1.0,,3,ENTRE 0 Y 5 ANOS,4.63,-74.13,USADO,,0,0,0,1,1,0,0,0,0,0,False,KENNEDY,LUSITANIA,Marsella,607.99,0,PARQUE ZONAL MARSELLA,258.09,1,0.34,,0.5,1.0,0.0,,0.03,1073.35,0.0
416-M4694704,APARTAMENTO,VENTA,20.55,113.0,3.0,3.0,3921395.93,2.0,,4,MAS DE 20 ANOS,4.66,-74.12,USADO,,0,0,0,0,0,0,0,0,0,0,False,FONTIBON,LA ESPERANZA_,Normandía,1465.02,0,PARQUE ZONAL CANAL BOYACA,675.52,0,0.18,,0.67,1.0,0.0,,0.03,651.58,0.0
11301-M4523399,APARTAMENTO,VENTA,21.22,234.0,3.0,4.0,1115000.0,2.0,CHAPINERO ALTO,6,MAS DE 20 ANOS,4.65,-74.05,USADO,,0,1,0,0,1,0,0,0,0,1,False,CHAPINERO,S.C. LAS ACACIAS,Flores – Areandina,1192.55,0,PARQUE ZONAL GUSTAVO URIBE BOTERO,101.72,1,0.09,,0.67,0.75,0.0,,0.01,350.13,1.0
603-M4533228,APARTAMENTO,VENTA,20.99,200.0,3.0,5.0,750000.0,3.0,SANTA BARBARA,6,ENTRE 10 Y 20 ANOS,4.69,-74.05,USADO,,0,0,0,1,1,0,0,0,0,1,False,USAQUEN,SAN PATRICIO,Calle 106,266.64,1,PARQUE ZONAL CANAL CORDOBA,1501.6,0,0.1,,1.0,0.6,0.0,,0.02,465.41,1.0
350-M4622805,APARTAMENTO,VENTA,19.68,66.58,3.0,2.0,330000.0,1.0,CEDRITOS,4,MAS DE 20 ANOS,4.73,-74.04,USADO,,0,0,0,0,0,1,0,0,0,1,False,USAQUEN,LA LIBERIA,Mazurén,1355.46,0,PARQUE ZONAL LA VIDA,478.4,1,0.3,,0.33,1.5,0.0,,0.05,656.71,0.0
504-101764,APARTAMENTO,VENTA,20.91,180.0,3.0,3.0,3921395.93,2.0,CHICO,6,ENTRE 10 Y 20 ANOS,4.66,-74.05,USADO,,0,1,0,0,1,0,0,0,0,1,False,CHAPINERO,S.C. EL NOGAL,Calle 76 - San Felipe,1124.59,0,PARQUE ZONAL SAN ANDRÉS,313.18,1,0.12,,0.67,1.0,0.0,,0.02,507.08,0.0
11013-M4676827,APARTAMENTO,VENTA,19.21,39.0,1.0,1.0,3921395.93,1.0,ORQUIDEAS,3,ENTRE 5 Y 10 ANOS,4.74,-74.04,USADO,,0,0,0,0,1,0,0,0,0,1,False,USAQUEN,LAS ORQUIDEAS,Toberin - Foundever,1086.62,0,PARQUE VECINAL URBANIZACIÓN TOBERIN,192.81,1,0.49,,1.0,1.0,0.0,,0.03,577.69,0.0
73-M3545296,APARTAMENTO,VENTA,20.7,86.7,3.0,3.0,3921395.93,2.0,COUNTRY,5,ENTRE 0 Y 5 ANOS,4.7,-74.03,USADO,,0,0,0,1,1,0,0,0,0,1,False,USAQUEN,BELLA SUIZA,Calle 127,2801.86,0,PARQUE METROPOLITANO EL COUNTRY,1064.11,0,0.24,,0.67,1.0,0.0,,0.03,816.02,0.0
4796-M4195412,APARTAMENTO,VENTA,20.08,86.5,1.0,2.0,798000.0,1.0,CHICO,6,MAS DE 20 ANOS,4.68,-74.05,USADO,,0,0,0,0,1,0,0,0,0,1,True,CHAPINERO,S.C. CHICO NORTE,Virrey,829.31,0,PARQUE ZONAL CANAL EL VIRREY EL CHICO,603.55,0,0.23,,1.0,0.5,0.0,,0.01,186.48,3.0
603-M4451831,APARTAMENTO,VENTA,21.16,180.0,3.0,2.0,1241000.0,2.0,SANTA BARBARA,6,ENTRE 0 Y 5 ANOS,4.7,-74.05,USADO,,0,1,0,1,1,0,0,0,0,1,False,USAQUEN,SANTA BARBARA OCCIDENTAL,Pepe Sierra,814.57,0,PARQUE METROPOLITANO EL COUNTRY,1209.79,0,0.12,,0.67,1.5,0.0,,0.02,141.58,2.0
73-M4434642,APARTAMENTO,VENTA,21.12,40.0,1.0,1.0,571000.0,1.0,SANTA BARBARA,5,ENTRE 10 Y 20 ANOS,4.69,-74.06,USADO,,0,0,0,0,1,0,0,0,0,1,False,USAQUEN,SANTA BIBIANA,Calle 106,443.21,1,PARQUE VECINAL URBANIZACIÓN NORMANDIA I II II Y IV SECTOR,1339.4,0,0.53,,1.0,1.0,0.0,,0.02,836.2,0.0
2671-M4250951,APARTAMENTO,VENTA,20.28,64.0,1.0,2.0,520000.0,1.0,CHICO,6,ENTRE 0 Y 5 ANOS,4.66,-74.05,USADO,,0,0,0,0,1,0,0,0,0,1,False,CHAPINERO,S.C. EL NOGAL,Calle 76 - San Felipe,1358.76,0,PARQUE ZONAL SAN ANDRÉS,407.52,1,0.32,,1.0,0.5,0.0,,0.02,577.27,0.0
14914-M3971566,APARTAMENTO,VENTA,21.35,223.0,3.0,4.0,3921395.93,3.0,CHICO,6,MAS DE 20 ANOS,4.66,-74.05,USADO,,0,0,0,0,1,0,0,0,0,1,False,CHAPINERO,LOS ROSALES,Calle 76 - San Felipe,1399.92,0,PARQUE ZONAL SAN ANDRÉS,659.47,0,0.1,,1.0,0.75,0.0,,0.01,783.28,0.0
10323-M4499616,APARTAMENTO,VENTA,19.55,57.79,2.0,2.0,238000.0,1.0,COLINA Y ALREDEDORES,3,ENTRE 5 Y 10 ANOS,4.75,-74.05,USADO,,0,0,0,0,1,0,0,0,0,1,False,SUBA,,Portal Norte,929.51,0,PARQUE ZONAL SAN JOSÉ DE BAVARIA,1098.11,0,0.34,,0.5,1.0,0.0,,0.03,1521.63,0.0
13294-M4706661,APARTAMENTO,VENTA,19.83,66.0,2.0,2.0,680000.0,2.0,COUNTRY,5,ENTRE 10 Y 20 ANOS,4.72,-74.04,USADO,,0,1,0,0,1,0,0,0,0,1,False,USAQUEN,CEDRITOS,Alcalá,1510.1,0,PARQUE VECINAL NUEVA URBANIZACIÓN EL CEDRITO,692.46,0,0.3,,1.0,1.0,0.0,,0.03,84.43,1.0
2671-11573,APARTAMENTO,VENTA,20.58,200.97,3.0,3.0,517000.0,2.0,SANTA BARBARA,6,MAS DE 20 ANOS,4.7,-74.04,USADO,,0,0,0,0,1,0,0,0,0,1,False,USAQUEN,SANTA BARBARA CENTRAL II,Calle 127,2138.78,0,PARQUE METROPOLITANO EL COUNTRY,416.95,1,0.1,,0.67,1.0,0.0,,0.01,764.45,0.0
12364-M4270342,APARTAMENTO,VENTA,19.83,90.0,3.0,2.0,392000.0,1.0,CEDRITOS,4,ENTRE 10 Y 20 ANOS,4.73,-74.04,USADO,,0,0,0,1,1,1,0,0,0,1,False,USAQUEN,PARQUES DE LORENA,Mazurén,1492.65,0,PARQUE ZONAL LA VIDA,711.84,0,0.22,,0.33,1.5,0.0,,0.03,437.16,1.0
2671-M3674225,APARTAMENTO,VENTA,21.28,289.0,3.0,4.0,1000000.0,4.0,CHICO,6,MAS DE 20 ANOS,4.68,-74.05,USADO,,0,0,0,0,0,0,0,0,0,1,False,CHAPINERO,S.C. CHICO NORTE,Virrey,1131.82,0,PARQUE ZONAL CANAL EL VIRREY EL CHICO,749.02,0,0.07,,1.33,0.75,0.0,,0.01,162.41,2.0
10093-M4471992,APARTAMENTO,VENTA,19.86,100.0,3.0,2.0,340000.0,1.0,COLINA Y ALREDEDORES,3,ENTRE 5 Y 10 ANOS,4.72,-74.05,USADO,,0,1,0,0,1,1,0,0,0,0,False,SUBA,SAN JOSE DEL PRADO,Alcalá,268.67,1,PARQUE VECINAL PRADO PINZÓN,467.04,1,0.2,,0.33,1.5,0.0,,0.03,780.39,0.0
488-2995,APARTAMENTO,VENTA,20.28,111.14,2.0,3.0,600000.0,2.0,SANTA BARBARA,5,ENTRE 10 Y 20 ANOS,4.7,-74.05,USADO,,0,1,0,0,0,0,0,0,0,1,False,USAQUEN,LA CALLEJA,Calle 127,911.93,0,PARQUE METROPOLITANO EL COUNTRY,833.55,0,0.18,,1.0,0.67,0.0,,0.02,509.58,0.0
183-M4207891,APARTAMENTO,VENTA,19.81,71.6,3.0,2.0,286000.0,1.0,COLINA Y ALREDEDORES,4,REMODELADO,4.74,-74.06,USADO,,0,1,0,0,0,0,0,0,0,1,False,SUBA,MAZUREN,Mazurén,954.42,0,PARQUE VECINAL URBANIZACIÓN LA LAGUNA,459.71,1,0.28,,0.33,1.5,0.0,,0.04,1087.17,0.0
839-M4729161,APARTAMENTO,VENTA,19.43,66.0,3.0,2.0,192000.0,1.0,ORQUIDEAS,3,ENTRE 10 Y 20 ANOS,4.76,-74.02,USADO,,0,0,0,0,0,0,0,0,0,1,False,USAQUEN,S.C. HORIZONTES NORTE,Portal Norte,2442.11,0,PARQUE ZONAL SERVITA,1467.3,0,0.29,,0.33,1.5,0.0,,0.05,1571.82,0.0
920-42149259,APARTAMENTO,VENTA,21.82,300.0,3.0,4.0,2430000.0,4.0,CHICO,6,ENTRE 5 Y 10 ANOS,4.67,-74.04,USADO,17000000.0,0,1,0,1,1,0,1,0,0,1,False,CHAPINERO,CHICO ORIENTAL,Calle 85,1849.93,0,PARQUE VECINAL URBANIZACIÓN LA CABRERA,819.66,0,0.07,56666.67,1.33,0.75,0.0,7.0,0.01,752.13,0.0
698-M4081742,APARTAMENTO,VENTA,21.37,273.0,3.0,4.0,1956000.0,4.0,CHICO,6,ENTRE 10 Y 20 ANOS,4.68,-74.04,USADO,,0,1,0,0,0,0,0,0,0,1,False,CHAPINERO,S.C. CHICO NORTE,Virrey,1560.79,0,PARQUE VECINAL URBANIZACIÓN LA CABRERA,902.97,0,0.08,,1.33,0.75,0.0,,0.01,376.71,1.0
34-M4197869,APARTAMENTO,VENTA,20.26,100.0,1.0,2.0,780000.0,0.0,CHAPINERO ALTO,6,MAS DE 20 ANOS,4.66,-74.05,USADO,,0,1,0,0,0,0,0,0,0,0,False,CHAPINERO,LOS ROSALES,Calle 76 - San Felipe,1399.37,0,PARQUE ZONAL SAN ANDRÉS,549.29,0,0.2,,0.0,0.5,0.0,,0.01,732.6,0.0
16425-M4622968,APARTAMENTO,VENTA,19.97,90.0,2.0,2.0,541000.0,1.0,SANTA BARBARA,6,MAS DE 20 ANOS,4.7,-74.03,USADO,,0,1,0,0,0,0,0,0,0,1,False,USAQUEN,SANTA BARBARA ORIENTAL,Calle 127,2531.36,0,PARQUE METROPOLITANO EL COUNTRY,873.89,0,0.22,,0.5,1.0,0.0,,0.02,425.14,1.0
432-M4492499,APARTAMENTO,VENTA,19.73,62.84,2.0,2.0,600000.0,1.0,SANTA BARBARA,6,MAS DE 20 ANOS,4.69,-74.05,USADO,,0,0,0,0,0,0,0,0,0,1,False,USAQUEN,SANTA BIBIANA,Calle 106,861.86,0,PARQUE VECINAL URBANIZACIÓN NORMANDIA I II II Y IV SECTOR,1767.74,0,0.31,,0.5,1.0,0.0,,0.03,447.84,1.0
3229-M4029664,APARTAMENTO,VENTA,19.81,76.0,3.0,2.0,267000.0,1.0,FONTIBON TINTAL,4,ENTRE 10 Y 20 ANOS,4.66,-74.13,USADO,,0,1,0,1,0,1,1,0,0,1,False,FONTIBON,EL TINTAL A.S.D.,Normandía,2307.52,0,PARQUE ZONAL CANAL BOYACA,1533.56,0,0.26,,0.33,1.5,0.0,,0.04,570.88,0.0
989-M3396039,APARTAMENTO,VENTA,19.19,61.0,3.0,2.0,135000.0,0.0,CASTILLA MARSELLA,3,ENTRE 10 Y 20 ANOS,4.65,-74.14,USADO,,0,0,0,0,0,0,0,0,0,0,False,KENNEDY,CASTILLA REAL,Mandalay,1600.67,0,PARQUE VECINAL VILLA ALSACIA,461.19,1,0.31,,0.0,1.5,0.0,,0.05,1292.15,0.0
2751-M4074402,APARTAMENTO,VENTA,19.76,88.0,3.0,3.0,353400.0,1.0,CEDRITOS,4,ENTRE 10 Y 20 ANOS,4.72,-74.03,USADO,,0,0,0,0,1,1,0,0,0,1,False,USAQUEN,CEDRITOS,Alcalá,2049.06,0,PARQUE VECINAL NUEVA URBANIZACIÓN EL CEDRITO,378.84,1,0.22,,0.33,1.0,0.0,,0.03,504.19,0.0
5545-M4596221,APARTAMENTO,VENTA,20.13,93.0,3.0,2.0,750000.0,2.0,COUNTRY,5,ENTRE 10 Y 20 ANOS,4.71,-74.05,USADO,,0,1,0,0,1,0,0,0,0,1,False,USAQUEN,LA CALLEJA SANTACOLOMA,Prado,471.87,1,PARQUE ZONAL ATABANZA,1250.75,0,0.22,,0.67,1.5,0.0,,0.03,630.88,0.0
3220-M4488552,APARTAMENTO,VENTA,20.6,120.0,3.0,3.0,892000.0,1.0,SANTA BARBARA,6,MAS DE 20 ANOS,4.69,-74.04,USADO,,0,0,0,0,0,0,0,0,0,1,False,USAQUEN,SANTA BARBARA CENTRAL III SECTOR,Pepe Sierra,2223.64,0,PARQUE METROPOLITANO EL COUNTRY,1225.23,0,0.17,,0.33,1.0,0.0,,0.02,414.67,4.0
11013-M4695621,APARTAMENTO,VENTA,19.22,37.32,2.0,1.0,137000.0,0.0,170 Y ALREDORES,4,ENTRE 0 Y 5 ANOS,4.72,-74.06,USADO,,0,0,0,0,1,1,0,0,0,1,False,SUBA,SAN RAFAEL NORTE,Alcalá,998.42,0,PARQUE VECINAL PRADO PINZÓN,723.78,0,0.52,,0.0,2.0,0.0,,0.05,273.65,1.0
164-M4694246,APARTAMENTO,VENTA,19.52,47.65,1.0,2.0,3921395.93,0.0,CENTRO Y ZONA COLONIAL,3,ENTRE 0 Y 5 ANOS,4.6,-74.09,USADO,,0,0,0,0,1,0,0,0,0,1,False,LOS MARTIRES,EDUARDO SANTOS,Hospital,393.48,1,PARQUE ZONAL EDUARDO SANTOS,324.58,1,0.41,,0.0,0.5,0.0,,0.02,1267.85,0.0
34-M3015634,APARTAMENTO,VENTA,20.18,63.5,2.0,2.0,3921395.93,1.0,CHICO,6,MAS DE 20 ANOS,4.66,-74.05,USADO,,0,1,0,0,1,0,0,0,0,1,False,CHAPINERO,S.C. EL NOGAL,Calle 76 - San Felipe,1202.66,0,PARQUE ZONAL SAN ANDRÉS,248.88,1,0.32,,0.5,1.0,0.0,,0.03,432.86,2.0
10139-M4532098,APARTAMENTO,VENTA,20.99,84.0,2.0,2.0,650000.0,2.0,CHICO,6,ENTRE 0 Y 5 ANOS,4.67,-74.05,USADO,,0,0,0,1,1,1,0,0,0,1,False,CHAPINERO,LA CABRERA,Héroes - Gel´Hada,1519.35,0,PARQUE VECINAL URBANIZACIÓN LA CABRERA,577.04,0,0.25,,1.0,1.0,0.0,,0.02,585.13,0.0
815-M4438612,APARTAMENTO,VENTA,19.9,51.0,1.0,1.0,3921395.93,0.0,CHICO,6,ENTRE 0 Y 5 ANOS,4.68,-74.05,USADO,,0,0,0,1,1,0,0,0,0,1,False,CHAPINERO,S.C. CHICO NORTE,Virrey,745.46,0,PARQUE VECINAL URBANIZACIÓN NORMANDIA I II II Y IV SECTOR,638.34,0,0.39,,0.0,1.0,0.0,,0.02,230.11,2.0
771-M4371216,APARTAMENTO,VENTA,20.03,100.0,3.0,3.0,600000.0,2.0,SANTA BARBARA,6,MAS DE 20 ANOS,4.7,-74.04,USADO,,0,0,0,0,1,0,0,0,0,1,False,USAQUEN,SANTA BARBARA CENTRAL I SECTOR,Pepe Sierra,1602.01,0,PARQUE METROPOLITANO EL COUNTRY,970.56,0,0.2,,0.67,1.0,0.0,,0.03,744.47,0.0
34-M4212645,APARTAMENTO,VENTA,20.67,210.0,3.0,3.0,1000000.0,2.0,SANTA BARBARA,6,MAS DE 20 ANOS,4.69,-74.04,USADO,,0,0,0,0,1,0,0,0,0,1,False,USAQUEN,MOLINOS NORTE,Calle 106,1666.72,0,PARQUE METROPOLITANO EL COUNTRY,1736.48,0,0.1,,0.67,1.0,0.0,,0.01,495.36,1.0
920-42152462,APARTAMENTO,VENTA,20.91,167.0,3.0,3.0,3921395.93,2.0,CHAPINERO ALTO,5,ENTRE 10 Y 20 ANOS,4.63,-74.06,USADO,,0,0,0,1,1,1,1,0,0,1,False,CHAPINERO,URB. BELVEDERE,Calle 45 - American School Way,670.19,0,PARQUE METROPOLITANO PARQUE NACIONAL (PM2A) ENRIQUE OLAYA HERRERA (SECTOR HISTORICO),726.55,0,0.13,,0.67,1.0,0.0,,0.02,413.18,1.0
73-M4434584,APARTAMENTO,VENTA,20.52,181.0,3.0,4.0,3921395.93,2.0,NIZA ALHAMBRA,4,MAS DE 20 ANOS,4.71,-74.08,USADO,,0,0,0,0,0,0,0,0,0,1,True,SUBA,NIZA SUR,Niza - Calle 127,563.62,0,PARQUE ZONAL LOS LACHES LA MINA,528.13,0,0.11,,0.67,0.75,0.0,,0.02,528.09,0.0
346-M4044602,APARTAMENTO,VENTA,20.47,155.0,2.0,2.0,3921395.93,1.0,CHICO,6,MAS DE 20 ANOS,4.68,-74.04,USADO,,0,0,0,0,1,0,0,0,0,1,False,CHAPINERO,CHICO RESERVADO,Calle 100 - Marketmedios,1600.73,0,PARQUE VECINAL URBANIZACIÓN LA CABRERA,1328.74,0,0.13,,0.5,1.0,0.0,,0.01,166.62,2.0
815-M4641358,APARTAMENTO,VENTA,20.26,121.0,3.0,4.0,771000.0,2.0,COUNTRY,5,ENTRE 10 Y 20 ANOS,4.71,-74.04,USADO,,0,1,0,0,1,0,0,0,0,1,False,USAQUEN,LISBOA_,Prado,1837.01,0,PARQUE VECINAL NUEVA URBANIZACIÓN EL CEDRITO,1076.25,0,0.17,,0.67,0.75,0.0,,0.02,243.31,1.0
2671-9445,APARTAMENTO,VENTA,20.62,165.0,3.0,4.0,1200000.0,2.0,SANTA BARBARA,5,MAS DE 20 ANOS,4.7,-74.05,USADO,,0,1,0,0,0,1,0,0,0,1,False,USAQUEN,SAN PATRICIO,Pepe Sierra,386.27,1,PARQUE ZONAL ATABANZA,1515.99,0,0.12,,0.67,0.75,0.0,,0.02,228.16,2.0
2123-M3709929,APARTAMENTO,VENTA,21.6,250.0,3.0,5.0,1200000.0,3.0,COUNTRY,6,ENTRE 5 Y 10 ANOS,4.71,-74.03,USADO,,0,1,0,1,1,1,0,0,0,1,False,USAQUEN,BOSQUES DE MEDINA,Prado,2866.72,0,PARQUE METROPOLITANO EL COUNTRY,1427.81,0,0.09,,1.0,0.6,0.0,,0.01,570.76,0.0
2671-M3533027,APARTAMENTO,VENTA,21.24,200.0,3.0,3.0,764000.0,2.0,SANTA BARBARA,6,ENTRE 10 Y 20 ANOS,4.69,-74.04,USADO,,0,0,0,1,0,1,1,0,0,1,False,USAQUEN,SANTA ANA OCCIDENTAL,Calle 106,2121.54,0,PARQUE METROPOLITANO EL COUNTRY,1931.86,0,0.11,,0.67,1.0,0.0,,0.02,375.07,1.0
2671-M4060866,APARTAMENTO,VENTA,20.86,229.0,4.0,5.0,850000.0,3.0,SANTA BARBARA,6,ENTRE 10 Y 20 ANOS,4.7,-74.05,USADO,,0,1,0,0,1,0,0,0,0,1,False,USAQUEN,SANTA BARBARA OCCIDENTAL,Pepe Sierra,924.69,0,PARQUE METROPOLITANO EL COUNTRY,1114.73,0,0.09,,0.75,0.8,0.0,,0.02,159.28,2.0
2671-10923,APARTAMENTO,VENTA,21.17,210.0,2.0,3.0,1230000.0,3.0,CHICO,6,ENTRE 10 Y 20 ANOS,4.66,-74.05,USADO,,0,0,0,1,1,0,0,0,0,1,False,CHAPINERO,LOS ROSALES,Calle 72,1469.6,0,PARQUE ZONAL GUSTAVO URIBE BOTERO,696.22,0,0.1,,1.5,0.67,0.0,,0.01,718.02,0.0
989-M4098499,APARTAMENTO,VENTA,20.09,134.0,3.0,3.0,200000.0,1.0,,4,MAS DE 20 ANOS,4.64,-74.08,USADO,,0,0,0,0,0,0,0,0,0,0,False,TEUSAQUILLO,CIUDAD UNIVERSITARIA,Campín - UAN,483.22,1,PARQUE ESCENARIO DEPORTIVO EL CAMPINCITO - CEAD,580.91,0,0.15,,0.33,1.0,0.0,,0.02,778.88,0.0
10366-M4563872,APARTAMENTO,VENTA,19.34,50.0,2.0,2.0,3921395.93,0.0,SANTA BARBARA,4,MAS DE 20 ANOS,4.7,-74.05,USADO,,0,0,0,0,0,0,0,0,0,0,True,USAQUEN,SANTA BARBARA OCCIDENTAL,Calle 127,1007.7,0,PARQUE METROPOLITANO EL COUNTRY,833.95,0,0.39,,0.0,1.0,0.0,,0.04,425.99,1.0
12500-M4700732,APARTAMENTO,VENTA,20.95,124.33,2.0,2.0,1145000.0,2.0,CHICO,5,ENTRE 0 Y 5 ANOS,4.67,-74.06,USADO,,0,1,0,1,1,1,0,0,0,1,False,CHAPINERO,S.C. ANTIGUO COUNTRY,Calle 85,104.07,1,PARQUE METROPOLITANO RECONCILIACIÓN,57.83,1,0.17,,1.0,1.0,0.0,,0.02,543.25,0.0
2671-M3346662,APARTAMENTO,VENTA,21.16,255.0,3.0,3.0,1320550.0,3.0,COUNTRY,6,MAS DE 20 ANOS,4.71,-74.03,USADO,,0,1,0,0,1,0,0,0,0,1,False,USAQUEN,BOSQUES DE MEDINA,Prado,2769.32,0,PARQUE METROPOLITANO EL COUNTRY,1321.87,0,0.08,,1.0,1.0,0.0,,0.01,467.74,1.0
920-M4114298,APARTAMENTO,VENTA,19.64,53.0,2.0,2.0,223900.0,1.0,CEDRITOS,4,ENTRE 10 Y 20 ANOS,4.73,-74.04,USADO,,0,1,0,0,1,1,0,0,0,1,False,USAQUEN,CAOBOS SALAZAR URB. CAPRI I Y II SECTOR,Calle 146,1424.31,0,PARQUE VECINAL NUEVA URBANIZACIÓN EL CEDRITO,831.46,0,0.37,,0.5,1.0,0.0,,0.04,492.72,1.0
11301-M4594436,APARTAMENTO,VENTA,21.82,225.0,3.0,4.0,1700000.0,4.0,CHICO,6,ENTRE 10 Y 20 ANOS,4.68,-74.06,USADO,,1,1,0,0,1,0,0,0,0,1,False,CHAPINERO,S.C. EL CHICO,Virrey,223.03,1,PARQUE VECINAL URBANIZACIÓN NORMANDIA I II II Y IV SECTOR,211.45,1,0.1,,1.33,0.75,0.0,,0.01,446.33,1.0
10366-M4556507,APARTAMENTO,VENTA,19.7,68.0,3.0,2.0,3921395.93,0.0,COLINA Y ALREDEDORES,4,MAS DE 20 ANOS,4.73,-74.05,USADO,,0,0,0,0,1,0,0,0,0,0,False,SUBA,LA VICTORIA NORTE,Calle 146,290.8,1,PARQUE VECINAL URBANIZACIÓN LA LAGUNA,357.42,1,0.29,,0.0,1.5,0.0,,0.04,1356.81,0.0
10139-M4305424,APARTAMENTO,VENTA,21.31,186.0,3.0,3.0,3921395.93,2.0,CHICO,6,MAS DE 20 ANOS,4.67,-74.05,USADO,,0,0,0,0,1,1,0,0,0,1,False,CHAPINERO,S.C. EL CHICO,Calle 85,1343.42,0,PARQUE VECINAL URBANIZACIÓN LA CABRERA,304.63,1,0.11,,0.67,1.0,0.0,,0.02,236.55,1.0
3284-M4167731,APARTAMENTO,VENTA,20.05,108.0,3.0,3.0,457000.0,1.0,CEDRITOS,4,ENTRE 10 Y 20 ANOS,4.73,-74.04,USADO,,0,0,0,0,1,0,0,0,0,1,False,USAQUEN,ACACIAS USAQUEN,Calle 142,1198.64,0,PARQUE VECINAL NUEVA URBANIZACIÓN EL CEDRITO,744.16,0,0.19,,0.33,1.0,0.0,,0.03,745.15,0.0
34-M3610470,APARTAMENTO,VENTA,20.29,136.34,3.0,3.0,400000.0,1.0,NIZA ALHAMBRA,4,MAS DE 20 ANOS,4.7,-74.08,USADO,,0,0,0,0,0,0,0,0,0,1,True,SUBA,NIZA SUR,Humedal Córdoba,709.04,0,PARQUE ZONAL MORATO,659.62,0,0.15,,0.33,1.0,0.0,,0.02,944.49,0.0
10159-M4706528,APARTAMENTO,VENTA,19.55,78.0,3.0,2.0,280000.0,1.0,FONTIBON TINTAL,4,MAS DE 20 ANOS,4.67,-74.13,USADO,,0,0,0,0,1,0,0,0,0,1,False,FONTIBON,URB. CAPELLANIA,Modelia,2030.24,0,PARQUE VECINAL VILLA HELENA VILLEMAR,760.71,0,0.25,,0.33,1.5,0.0,,0.04,566.41,0.0
34-M3109315,APARTAMENTO,VENTA,20.62,133.8,3.0,3.0,499000.0,2.0,CEDRITOS,4,ENTRE 10 Y 20 ANOS,4.73,-74.03,USADO,,0,1,0,0,1,0,0,0,0,1,False,USAQUEN,CAOBOS SALAZAR URB. CAPRI I Y II SECTOR,Calle 146,1963.57,0,PARQUE VECINAL NUEVA URBANIZACIÓN EL CEDRITO,357.58,1,0.15,,0.67,1.0,0.0,,0.02,399.73,1.0
815-M4522854,APARTAMENTO,VENTA,19.09,28.31,1.0,1.0,3921395.93,0.0,CENTRO Y ZONA COLONIAL,3,ENTRE 0 Y 5 ANOS,4.61,-74.07,USADO,,0,0,0,1,1,0,0,0,0,1,False,SANTA FE,LAS NIEVES,San Diego,113.96,1,PARQUE METROPOLITANO INDEPENDENCIA BICENTENARIO,374.55,1,0.67,,0.0,1.0,0.0,,0.04,237.88,5.0
34-M2997122,APARTAMENTO,VENTA,20.91,169.0,3.0,5.0,1300000.0,2.0,CEDRITOS,6,MAS DE 20 ANOS,4.73,-74.02,USADO,,0,1,0,0,0,0,0,0,0,1,False,USAQUEN,BOSQUE DE PINOS III,Calle 146,3015.58,0,PARQUE VECINAL NUEVA URBANIZACIÓN EL CEDRITO,1161.57,0,0.12,,0.67,0.6,0.0,,0.02,1168.92,0.0
12375-M4350868,APARTAMENTO,VENTA,19.9,93.0,3.0,2.0,535000.0,1.0,COUNTRY,5,MAS DE 20 ANOS,4.72,-74.05,USADO,,0,0,0,0,1,0,0,0,0,1,False,USAQUEN,LA CALLEJA SANTACOLOMA,Prado,508.49,0,PARQUE ZONAL ATABANZA,1286.02,0,0.21,,0.33,1.5,0.0,,0.03,614.58,0.0
603-M4421017,APARTAMENTO,VENTA,19.83,80.0,2.0,3.0,3921395.93,1.0,CEDRITOS,4,ENTRE 10 Y 20 ANOS,4.73,-74.04,USADO,,0,0,0,0,0,0,0,0,0,1,False,USAQUEN,LAS MARGARITAS I SECTOR,Calle 146,872.44,0,PARQUE ZONAL LA VIDA,1068.56,0,0.25,,0.5,0.67,0.0,,0.02,1047.4,0.0
5545-M3361446,APARTAMENTO,VENTA,20.21,81.0,2.0,3.0,894000.0,2.0,CHICO,6,ENTRE 5 Y 10 ANOS,4.68,-74.05,USADO,,0,0,0,1,1,0,0,0,0,0,False,CHAPINERO,S.C. CHICO NORTE III SECTOR,Calle 100 - Marketmedios,873.75,0,PARQUE VECINAL URBANIZACIÓN NORMANDIA I II II Y IV SECTOR,1118.29,0,0.25,,1.0,0.67,0.0,,0.02,160.79,2.0
34-M4571154,APARTAMENTO,VENTA,19.01,49.0,2.0,2.0,150500.0,1.0,BOSA SOACHA,2,ENTRE 0 Y 5 ANOS,4.62,-74.2,USADO,,0,0,0,0,0,0,0,0,0,1,False,BOSA,S.C. ISLANDIA,La Despensa,2548.65,0,PARQUE ZONAL PALESTINA,607.26,0,0.39,,0.5,1.0,0.0,,0.04,1761.96,0.0
2266-M4640073,APARTAMENTO,VENTA,19.88,72.0,3.0,2.0,356000.0,1.0,COLINA Y ALREDEDORES,5,ENTRE 0 Y 5 ANOS,4.74,-74.07,USADO,,0,0,0,0,1,0,0,0,0,1,False,SUBA,CASABLANCA (HACIENDA),21 Ángeles,1826.77,0,PARQUE ZONAL EL TOMILLAR,818.79,0,0.28,,0.33,1.5,0.0,,0.04,1009.38,0.0
11079-M3547707,APARTAMENTO,VENTA,19.72,73.0,2.0,2.0,558000.0,1.0,SANTA BARBARA,6,MAS DE 20 ANOS,4.69,-74.04,USADO,,0,1,0,0,1,0,0,0,0,1,False,USAQUEN,SANTA BARBARA CENTRAL III SECTOR,Pepe Sierra,2040.8,0,PARQUE METROPOLITANO EL COUNTRY,1180.76,0,0.27,,0.5,1.0,0.0,,0.03,383.85,1.0
16039-M4355707,APARTAMENTO,VENTA,20.0,66.6,1.0,2.0,735000.0,1.0,CHICO,6,MAS DE 20 ANOS,4.68,-74.04,USADO,,0,0,0,0,1,0,0,0,0,1,False,CHAPINERO,S.C. CHICO NORTE,Virrey,1892.22,0,PARQUE VECINAL URBANIZACIÓN LA CABRERA,1186.37,0,0.3,,1.0,0.5,0.0,,0.02,494.76,1.0
34-M2882853,APARTAMENTO,VENTA,20.44,73.35,1.0,2.0,600000.0,2.0,CHICO,6,ENTRE 10 Y 20 ANOS,4.67,-74.04,USADO,,0,1,0,0,0,0,0,0,0,1,False,CHAPINERO,EL REFUGIO,Héroes - Gel´Hada,1697.51,0,PARQUE VECINAL URBANIZACIÓN LA CABRERA,645.36,0,0.28,,2.0,0.5,0.0,,0.01,619.03,0.0
34-M4721345,APARTAMENTO,VENTA,20.37,60.0,1.0,2.0,570000.0,2.0,CHICO,6,ENTRE 0 Y 5 ANOS,4.68,-74.05,USADO,,0,0,0,0,1,0,0,0,0,1,False,CHAPINERO,S.C. CHICO NORTE,Virrey,1523.75,0,PARQUE VECINAL URBANIZACIÓN LA CABRERA,922.04,0,0.34,,2.0,0.5,0.0,,0.02,332.77,1.0
34-M4614137,APARTAMENTO,VENTA,19.65,71.0,3.0,2.0,214000.0,1.0,,3,ENTRE 0 Y 5 ANOS,4.64,-74.16,USADO,,0,0,0,0,1,0,0,0,0,1,False,KENNEDY,MARIA PAZ,Biblioteca Tintal,456.76,1,PARQUE METROPOLITANO BIBLIOTECA EL TINTAL,751.1,0,0.28,,0.33,1.5,0.0,,0.04,2911.12,0.0
4660-M4635066,APARTAMENTO,VENTA,19.54,35.0,1.0,1.0,300000.0,1.0,CHAPINERO ALTO,6,MAS DE 20 ANOS,4.66,-74.05,USADO,,0,0,0,0,1,0,0,0,0,1,False,CHAPINERO,LOS ROSALES,Calle 72,1337.79,0,PARQUE ZONAL SAN ANDRÉS,822.45,0,0.56,,1.0,1.0,0.0,,0.03,608.68,0.0
2123-2976941,APARTAMENTO,VENTA,20.99,223.0,3.0,4.0,735000.0,2.0,COUNTRY,6,MAS DE 20 ANOS,4.71,-74.03,USADO,,0,0,0,0,1,0,0,0,0,1,False,USAQUEN,BOSQUES DE MEDINA,Prado,2914.65,0,PARQUE METROPOLITANO EL COUNTRY,1420.0,0,0.09,,0.67,0.75,0.0,,0.01,610.51,0.0
2751-M4429745,APARTAMENTO,VENTA,19.5,55.0,3.0,2.0,151700.0,1.0,CASTILLA MARSELLA,4,ENTRE 10 Y 20 ANOS,4.65,-74.14,USADO,,0,0,0,0,1,1,1,0,0,1,False,KENNEDY,VALLADOLID,Transversal 86,1587.54,0,PARQUE ZONAL CASTILLA,880.16,0,0.35,,0.33,1.5,0.0,,0.05,1714.22,0.0
12555-M3819803,APARTAMENTO,VENTA,21.06,150.0,3.0,5.0,1000000.0,3.0,,6,ENTRE 5 Y 10 ANOS,4.66,-74.05,USADO,,0,0,0,1,1,1,1,0,0,1,False,CHAPINERO,BOSQUE EL RETIRO I SECTOR,Héroes - Gel´Hada,1553.16,0,PARQUE ZONAL SAN ANDRÉS,576.16,0,0.14,,1.0,0.6,0.0,,0.02,697.66,0.0
34-M4502868,APARTAMENTO,VENTA,20.04,46.61,1.0,2.0,500000.0,1.0,CHICO,6,ENTRE 5 Y 10 ANOS,4.68,-74.06,USADO,,0,0,0,0,1,0,0,0,0,1,False,CHAPINERO,S.C. EL CHICO,Virrey,265.7,1,PARQUE VECINAL URBANIZACIÓN NORMANDIA I II II Y IV SECTOR,204.65,1,0.43,,1.0,0.5,0.0,,0.02,478.52,1.0
991-M4181946,APARTAMENTO,VENTA,20.28,85.3,2.0,2.0,497124.0,1.0,CHAPINERO ALTO,4,ENTRE 5 Y 10 ANOS,4.65,-74.05,USADO,,0,0,0,1,0,0,0,0,0,1,False,CHAPINERO,NUEVA_GRANADA,Calle 63,1233.11,0,PARQUE ZONAL GUSTAVO URIBE BOTERO,549.77,0,0.24,,0.5,1.0,0.0,,0.02,718.43,0.0
5031-M4506576,APARTAMENTO,VENTA,21.31,170.0,2.0,4.0,1140000.0,2.0,CHICO,6,ENTRE 5 Y 10 ANOS,4.66,-74.05,USADO,,0,0,0,1,0,0,0,0,0,1,False,CHAPINERO,S.C. EL NOGAL,Calle 76 - San Felipe,1253.18,0,PARQUE ZONAL SAN ANDRÉS,411.85,1,0.13,,1.0,0.5,0.0,,0.01,602.13,0.0
11301-1344,APARTAMENTO,VENTA,20.99,0.0,3.0,4.0,328000.0,2.0,CHICO,6,ENTRE 10 Y 20 ANOS,4.66,-74.05,USADO,,0,0,0,1,1,0,0,0,0,1,False,CHAPINERO,S.C. EL NOGAL,Calle 76 - San Felipe,979.89,0,PARQUE ZONAL SAN ANDRÉS,586.59,0,inf,,0.67,0.75,0.0,,inf,421.41,1.0
771-M4370920,APARTAMENTO,VENTA,20.05,109.0,3.0,3.0,750000.0,2.0,CERROS DE SUBA,5,MAS DE 20 ANOS,4.72,-74.08,USADO,,0,1,0,0,1,0,0,0,0,1,False,SUBA,S.C. NIZA SUBA,Suba - AV. Boyacá,293.96,1,PARQUE VECINAL AGRUPACIÓN DE VIVIENDA EN BALCON DE LINDARAJA,655.26,0,0.18,,0.67,1.0,0.0,,0.03,1073.6,0.0
504-101234,APARTAMENTO,VENTA,21.49,286.0,3.0,1.0,1098180.0,2.0,CHICO,6,ENTRE 10 Y 20 ANOS,4.66,-74.05,USADO,,0,0,0,0,0,0,0,0,0,1,False,CHAPINERO,LOS ROSALES,Calle 76 - San Felipe,1337.89,0,PARQUE ZONAL SAN ANDRÉS,688.8,0,0.08,,0.67,3.0,0.0,,0.01,675.65,0.0
34-M3092105,APARTAMENTO,VENTA,20.67,75.0,1.0,2.0,400000.0,2.0,,6,ENTRE 0 Y 5 ANOS,4.66,-74.05,USADO,,0,0,0,0,1,0,0,0,0,1,False,CHAPINERO,BOSQUE EL RETIRO I SECTOR,Héroes - Gel´Hada,1539.9,0,PARQUE ZONAL SAN ANDRÉS,560.0,0,0.28,,2.0,0.5,0.0,,0.01,692.26,0.0
34-M3155102,APARTAMENTO,VENTA,19.58,29.09,1.0,1.0,246000.0,1.0,CENTRO INTERNACIONAL,4,REMODELADO,4.62,-74.07,USADO,,0,0,0,0,1,0,0,0,0,1,False,SANTA FE,SAN_MARTIN,Calle 34,483.62,1,PARQUE METROPOLITANO PARQUE NACIONAL (PM2A) ENRIQUE OLAYA HERRERA (SECTOR HISTORICO),649.51,0,0.67,,1.0,1.0,0.0,,0.03,441.19,3.0
2671-5492,APARTAMENTO,VENTA,21.41,283.0,4.0,5.0,1200000.0,3.0,COUNTRY,5,ENTRE 10 Y 20 ANOS,4.72,-74.05,USADO,,0,0,0,1,1,1,0,0,0,1,False,USAQUEN,LA CALLEJA SANTACOLOMA,Prado,288.67,1,PARQUE ZONAL ATABANZA,1099.57,0,0.08,,0.75,0.8,0.0,,0.01,694.9,0.0
603-M4418087,APARTAMENTO,VENTA,20.5,111.55,2.0,3.0,1000000.0,3.0,CHICO,6,ENTRE 10 Y 20 ANOS,4.68,-74.06,USADO,,0,0,0,0,1,1,0,0,0,1,False,CHAPINERO,S.C. CHICO NORTE,Calle 100 - Marketmedios,530.9,0,PARQUE VECINAL URBANIZACIÓN NORMANDIA I II II Y IV SECTOR,494.37,1,0.18,,1.5,0.67,0.0,,0.02,132.99,1.0
15180-M4337439,APARTAMENTO,VENTA,19.92,62.0,3.0,2.0,3921395.93,1.0,,4,ENTRE 0 Y 5 ANOS,4.66,-74.12,USADO,,1,0,0,1,1,0,0,0,0,0,False,FONTIBON,EL TINTAL A.S.D.,AV. Rojas,1867.86,0,PARQUE VECINAL CARLOS LLERAS (EL FUEGO),1092.92,0,0.32,,0.33,1.5,0.0,,0.05,536.0,0.0
10323-M4705467,APARTAMENTO,VENTA,19.8,47.0,1.0,2.0,267500.0,1.0,CEDRITOS,4,ENTRE 5 Y 10 ANOS,4.72,-74.04,USADO,,0,0,0,1,1,0,0,0,0,1,False,USAQUEN,CEDRITOS,Alcalá,1827.92,0,PARQUE VECINAL NUEVA URBANIZACIÓN EL CEDRITO,407.44,1,0.42,,1.0,0.5,0.0,,0.02,283.84,1.0
12715-M4085737,APARTAMENTO,VENTA,20.23,88.39,5.0,3.0,430000.0,2.0,NIZA ALHAMBRA,4,ENTRE 10 Y 20 ANOS,4.69,-74.08,USADO,,0,0,0,1,1,0,0,0,0,1,False,SUBA,S.C SANTA ROSA,Ferias,571.78,0,PARQUE ZONAL MORATO,897.3,0,0.23,,0.4,1.67,0.0,,0.06,645.6,0.0
2671-M3806037,APARTAMENTO,VENTA,21.02,200.0,3.0,4.0,750000.0,3.0,SANTA BARBARA,6,MAS DE 20 ANOS,4.69,-74.05,USADO,,0,0,0,0,1,0,0,0,0,1,False,USAQUEN,SAN PATRICIO,Calle 106,266.64,1,PARQUE ZONAL CANAL CORDOBA,1501.6,0,0.11,,1.0,0.75,0.0,,0.02,465.41,1.0
2671-M3746534,APARTAMENTO,VENTA,21.42,250.0,3.0,4.0,1462500.0,3.0,CHICO,6,MAS DE 20 ANOS,4.68,-74.04,USADO,,0,1,0,0,1,0,0,0,0,1,True,CHAPINERO,S.C. CHICO NORTE,Calle 100 - Marketmedios,1618.87,0,PARQUE VECINAL URBANIZACIÓN LA CABRERA,1077.45,0,0.09,,1.0,0.75,0.0,,0.01,412.09,2.0
2123-M4410550,APARTAMENTO,VENTA,20.57,130.0,3.0,3.0,600000.0,2.0,SANTA BARBARA,6,ENTRE 10 Y 20 ANOS,4.7,-74.03,USADO,,0,0,0,1,1,1,0,0,0,1,False,USAQUEN,BELLA SUIZA,Calle 127,2579.51,0,PARQUE METROPOLITANO EL COUNTRY,843.26,0,0.16,,0.67,1.0,0.0,,0.02,754.68,0.0
4796-M4319011,APARTAMENTO,VENTA,19.76,60.0,1.0,2.0,300000.0,1.0,CHAPINERO ALTO,4,ENTRE 10 Y 20 ANOS,4.64,-74.06,USADO,,0,0,0,1,1,0,0,0,0,1,False,CHAPINERO,S.C. MARIA CRISTINA,Calle 63,1052.54,0,PARQUE ZONAL GUSTAVO URIBE BOTERO,753.04,0,0.33,,1.0,0.5,0.0,,0.02,796.83,0.0
4-M3429318,APARTAMENTO,VENTA,20.5,165.0,3.0,4.0,700000.0,2.0,SANTA BARBARA,6,MAS DE 20 ANOS,4.7,-74.05,USADO,,0,0,0,0,0,0,0,0,0,1,False,USAQUEN,SAN PATRICIO,Pepe Sierra,531.67,0,PARQUE ZONAL ATABANZA,1665.51,0,0.12,,0.67,0.75,0.0,,0.02,82.98,3.0
771-M4594695,APARTAMENTO,VENTA,20.28,155.0,2.0,3.0,1200000.0,1.0,CHICO,6,MAS DE 20 ANOS,4.68,-74.04,USADO,,0,0,0,0,1,0,0,0,0,1,False,CHAPINERO,CHICO RESERVADO,Calle 100 - Marketmedios,1580.0,0,PARQUE VECINAL URBANIZACIÓN LA CABRERA,1307.11,0,0.13,,0.5,0.67,0.0,,0.01,170.46,2.0
703-2328,APARTAMENTO,VENTA,19.73,74.11,2.0,2.0,469880.0,1.0,CHICO,6,MAS DE 20 ANOS,4.68,-74.04,USADO,,0,1,0,0,1,0,0,0,0,1,False,CHAPINERO,CHICO RESERVADO,Calle 100 - Marketmedios,1510.7,0,PARQUE VECINAL URBANIZACIÓN LA CABRERA,1154.27,0,0.27,,0.5,1.0,0.0,,0.03,290.91,2.0
2123-M3086796,APARTAMENTO,VENTA,21.16,265.0,3.0,5.0,1350000.0,3.0,COUNTRY,6,ENTRE 10 Y 20 ANOS,4.71,-74.03,USADO,,0,1,0,1,1,1,0,0,0,1,False,USAQUEN,BOSQUES DE MEDINA,Prado,2860.66,0,PARQUE METROPOLITANO EL COUNTRY,1410.79,0,0.08,,1.0,0.6,0.0,,0.01,561.83,0.0
2444-M4175996,APARTAMENTO,VENTA,20.08,90.14,3.0,3.0,513000.0,2.0,NIZA ALHAMBRA,5,ENTRE 10 Y 20 ANOS,4.69,-74.06,USADO,,0,1,0,0,1,0,0,0,0,1,False,SUBA,SANTA MARGARITA,Calle 106,312.7,1,PARQUE ZONAL CANAL CORDOBA,1188.67,0,0.22,,0.67,1.0,0.0,,0.03,797.49,0.0
11013-M4539746,APARTAMENTO,VENTA,20.44,87.19,2.0,3.0,567000.0,1.0,SANTA BARBARA,6,ENTRE 0 Y 5 ANOS,4.7,-74.05,USADO,,0,0,0,1,1,1,0,0,0,1,False,USAQUEN,SANTA BARBARA OCCIDENTAL,Pepe Sierra,835.18,0,PARQUE METROPOLITANO EL COUNTRY,1158.99,0,0.23,,0.5,0.67,0.0,,0.02,250.61,1.0
717-M1472379,APARTAMENTO,VENTA,21.64,232.0,3.0,5.0,3921395.93,3.0,CHICO,6,ENTRE 10 Y 20 ANOS,4.67,-74.05,USADO,,0,0,0,0,0,0,0,0,0,1,False,CHAPINERO,LA CABRERA,Calle 85,862.8,0,PARQUE VECINAL URBANIZACIÓN LA CABRERA,229.57,1,0.09,,1.0,0.6,0.0,,0.01,247.42,6.0
4796-M4280271,APARTAMENTO,VENTA,19.58,59.0,2.0,2.0,330000.0,1.0,CEDRITOS,4,MAS DE 20 ANOS,4.72,-74.03,USADO,,0,0,0,1,1,0,0,0,0,1,False,USAQUEN,CEDRO SALAZAR,Calle 142,2734.53,0,PARQUE VECINAL NUEVA URBANIZACIÓN EL CEDRITO,838.79,0,0.33,,0.5,1.0,0.0,,0.03,990.25,0.0
4498-M3904891,APARTAMENTO,VENTA,20.71,153.0,3.0,4.0,1021000.0,2.0,SANTA BARBARA,6,ENTRE 10 Y 20 ANOS,4.7,-74.05,USADO,,0,1,0,1,1,0,0,0,0,1,False,USAQUEN,SAN PATRICIO,Pepe Sierra,476.48,1,PARQUE ZONAL ATABANZA,1472.84,0,0.14,,0.67,0.75,0.0,,0.02,246.06,2.0
4796-M4354428,APARTAMENTO,VENTA,20.27,89.5,2.0,3.0,3921395.93,2.0,COUNTRY,5,ENTRE 0 Y 5 ANOS,4.72,-74.05,USADO,,0,0,0,0,1,0,0,0,0,1,False,USAQUEN,EL CONTADOR,Alcalá,548.77,0,PARQUE VECINAL PRADO PINZÓN,1105.01,0,0.23,,1.0,0.67,0.0,,0.02,159.9,1.0
11013-M4720074,APARTAMENTO,VENTA,20.68,159.0,3.0,4.0,720000.0,3.0,COUNTRY,5,MAS DE 20 ANOS,4.71,-74.03,USADO,,0,1,0,1,1,0,0,0,0,1,False,USAQUEN,BELLA SUIZA,Prado,2638.38,0,PARQUE METROPOLITANO EL COUNTRY,986.83,0,0.13,,1.0,0.75,0.0,,0.02,440.55,1.0
2671-M4512425,APARTAMENTO,VENTA,21.37,369.6,4.0,4.0,1400000.0,4.0,CHICO,6,MAS DE 20 ANOS,4.68,-74.05,USADO,,0,0,0,0,0,0,0,0,0,1,False,CHAPINERO,S.C. CHICO NORTE,Virrey,1446.43,0,PARQUE VECINAL URBANIZACIÓN LA CABRERA,906.71,0,0.06,,1.0,1.0,0.0,,0.01,254.7,1.0
4796-M4497165,APARTAMENTO,VENTA,20.09,60.63,3.0,2.0,356800.0,1.0,ORQUIDEAS,3,ENTRE 5 Y 10 ANOS,4.75,-74.04,USADO,,0,0,0,0,1,1,0,0,0,1,False,USAQUEN,LA URIBE,Portal Norte,482.09,1,PARQUE VECINAL URBANIZACIÓN CALLE 170 / ALAMEDA,497.56,1,0.33,,0.33,1.5,0.0,,0.05,845.11,0.0
2671-M3750857,APARTAMENTO,VENTA,20.56,95.21,2.0,3.0,650000.0,2.0,CHICO,6,MAS DE 20 ANOS,4.66,-74.05,USADO,,0,1,0,0,1,0,0,0,0,1,False,CHAPINERO,LOS ROSALES,Calle 76 - San Felipe,1399.92,0,PARQUE ZONAL SAN ANDRÉS,659.47,0,0.22,,1.0,0.67,0.0,,0.02,783.28,0.0
2671-M4171147,APARTAMENTO,VENTA,21.25,165.0,3.0,4.0,1300000.0,2.0,CHICO,6,MAS DE 20 ANOS,4.67,-74.05,USADO,,0,1,0,0,1,0,0,0,0,1,False,CHAPINERO,LA CABRERA,Calle 85,923.47,0,PARQUE VECINAL URBANIZACIÓN LA CABRERA,220.22,1,0.13,,0.67,0.75,0.0,,0.02,215.01,5.0
399-M4089252,APARTAMENTO,VENTA,19.88,94.0,3.0,3.0,551000.0,1.0,CEDRITOS,4,MAS DE 20 ANOS,4.72,-74.03,USADO,,0,1,0,0,1,0,0,0,0,1,False,USAQUEN,CEDRO NARVAEZ,Alcalá,1934.28,0,PARQUE VECINAL NUEVA URBANIZACIÓN EL CEDRITO,267.7,1,0.21,,0.33,1.0,0.0,,0.03,420.87,1.0
304-M4658571,APARTAMENTO,VENTA,20.89,208.0,3.0,5.0,1250000.0,2.0,COUNTRY,6,MAS DE 20 ANOS,4.7,-74.04,USADO,,0,0,0,0,1,0,0,0,0,1,False,USAQUEN,LA_CAROLINA,Calle 127,1471.72,0,PARQUE METROPOLITANO EL COUNTRY,271.39,1,0.1,,0.67,0.6,0.0,,0.01,206.09,1.0
350-M3357081,APARTAMENTO,VENTA,20.34,104.05,3.0,4.0,535000.0,1.0,NICOLAS DE FEDERMAN,4,MAS DE 20 ANOS,4.65,-74.08,USADO,,1,0,0,0,1,0,0,0,0,1,False,TEUSAQUILLO,NICOLAS DE FEDERMAN,Campín - UAN,508.94,0,PARQUE ZONAL NICOLAS DE FEDERMAN 3,267.97,1,0.2,,0.33,0.75,0.0,,0.03,610.6,0.0
12500-M4628732,APARTAMENTO,VENTA,19.48,62.0,2.0,2.0,244200.0,1.0,CEDRITOS,4,MAS DE 20 ANOS,4.73,-74.03,USADO,,0,0,0,0,0,1,0,0,0,1,False,USAQUEN,CEDRO SALAZAR,Mazurén,2082.18,0,PARQUE ZONAL ALTA BLANCA,539.01,0,0.31,,0.5,1.0,0.0,,0.03,173.19,1.0
681-M3388917,APARTAMENTO,VENTA,20.01,132.18,3.0,2.0,450000.0,0.0,CENTRO Y ZONA COLONIAL,3,MAS DE 20 ANOS,4.6,-74.07,USADO,,0,0,0,0,0,0,0,0,0,1,False,SANTA FE,LAS NIEVES,Las Aguas - Centro Colombo Americano,275.52,1,PARQUE METROPOLITANO INDEPENDENCIA BICENTENARIO,895.14,0,0.15,,0.0,1.5,0.0,,0.02,319.98,2.0
953-M4268193,APARTAMENTO,VENTA,20.09,92.66,3.0,2.0,690000.0,2.0,SANTA BARBARA,6,ENTRE 10 Y 20 ANOS,4.69,-74.04,USADO,,0,0,0,0,0,0,0,0,0,1,False,USAQUEN,SANTA BARBARA CENTRAL I Y II,Calle 106,1602.34,0,PARQUE METROPOLITANO EL COUNTRY,1431.61,0,0.22,,0.67,1.5,0.0,,0.03,516.54,0.0
4-1409695,APARTAMENTO,VENTA,21.31,287.0,3.0,4.0,1184000.0,3.0,CHICO,6,ENTRE 10 Y 20 ANOS,4.65,-74.05,USADO,,0,0,0,0,0,0,0,0,0,1,False,CHAPINERO,S.C. BELLAVISTA,Flores – Areandina,1651.11,0,PARQUE ZONAL GUSTAVO URIBE BOTERO,415.28,1,0.07,,1.0,0.75,0.0,,0.01,823.86,0.0
5031-8875,APARTAMENTO,VENTA,20.13,80.0,2.0,2.0,3921395.93,1.0,SANTA BARBARA,6,MAS DE 20 ANOS,4.7,-74.04,USADO,1900000.0,0,0,0,0,1,0,0,0,0,1,False,USAQUEN,SANTA BARBARA CENTRAL IV SECTOR,Pepe Sierra,2249.46,0,PARQUE METROPOLITANO EL COUNTRY,807.4,0,0.25,23750.0,0.5,1.0,0.0,0.48,0.02,360.69,1.0
2671-6683,APARTAMENTO,VENTA,21.72,234.65,3.0,4.0,2346500.0,3.0,SANTA BARBARA,6,ENTRE 5 Y 10 ANOS,4.69,-74.03,USADO,,0,1,0,0,1,0,0,0,0,1,False,USAQUEN,SANTA ANA ORIENTAL,Calle 106,3044.34,0,PARQUE METROPOLITANO EL COUNTRY,2007.19,0,0.09,,1.0,0.75,0.0,,0.01,506.38,0.0
34-M3796102,APARTAMENTO,VENTA,19.4,35.1,1.0,1.0,267200.0,1.0,CENTRO Y ZONA COLONIAL,3,ENTRE 5 Y 10 ANOS,4.61,-74.07,USADO,,0,0,0,0,1,0,0,0,0,1,False,SANTA FE,LAS NIEVES,San Diego,392.42,1,PARQUE METROPOLITANO INDEPENDENCIA BICENTENARIO,474.72,1,0.55,,1.0,1.0,0.0,,0.03,469.89,3.0
5175-M4616765,APARTAMENTO,VENTA,21.06,150.0,2.0,3.0,1770000.0,2.0,CHICO,6,ENTRE 10 Y 20 ANOS,4.68,-74.04,USADO,,0,0,0,0,1,0,0,0,0,1,False,CHAPINERO,S.C. CHICO NORTE,Virrey,1774.57,0,PARQUE VECINAL URBANIZACIÓN LA CABRERA,1045.86,0,0.14,,1.0,0.67,0.0,,0.01,591.11,0.0
920-M4548797,APARTAMENTO,VENTA,19.86,70.0,2.0,2.0,390000.0,1.0,SANTA BARBARA,6,MAS DE 20 ANOS,4.7,-74.04,USADO,,0,1,0,0,1,0,0,0,0,1,False,USAQUEN,SANTA BARBARA CENTRAL II SECTOR,Pepe Sierra,1948.19,0,PARQUE METROPOLITANO EL COUNTRY,1042.99,0,0.28,,0.5,1.0,0.0,,0.03,520.63,0.0
603-M4418252,APARTAMENTO,VENTA,19.45,61.0,3.0,2.0,190000.0,0.0,KENNEDY,3,ENTRE 0 Y 5 ANOS,4.66,-74.15,USADO,,0,0,0,0,1,1,0,0,0,1,False,KENNEDY,EL TINTAL,Biblioteca Tintal,2274.54,0,PARQUE ZONAL SAN IGNACIO,1057.93,0,0.32,,0.0,1.5,0.0,,0.05,2423.18,0.0
10930-M4383603,APARTAMENTO,VENTA,19.66,56.0,3.0,2.0,378900.0,1.0,,4,MAS DE 20 ANOS,4.67,-74.11,USADO,,0,0,0,0,0,0,0,0,0,0,False,ENGATIVA,NORMANDIA OCCIDENTAL,Normandía,597.75,0,PARQUE ESCENARIO DEPORTIVO UNIDAD DEPORTIVA EL SALITRE SIMON BOLIVAR,1335.89,0,0.35,,0.33,1.5,0.0,,0.05,338.91,1.0
2671-M3880537,APARTAMENTO,VENTA,21.19,232.0,3.0,3.0,1500000.0,3.0,CHAPINERO ALTO,6,MAS DE 20 ANOS,4.65,-74.05,USADO,,0,1,0,0,1,0,0,0,0,1,False,CHAPINERO,S.C. LAS ACACIAS,Flores – Areandina,1439.66,0,PARQUE ZONAL GUSTAVO URIBE BOTERO,146.27,1,0.09,,1.0,1.0,0.0,,0.01,597.69,0.0
2671-M4730829,APARTAMENTO,VENTA,20.14,107.15,3.0,3.0,680000.0,2.0,NIZA ALHAMBRA,5,MAS DE 20 ANOS,4.69,-74.06,USADO,,0,0,0,0,1,0,0,0,0,1,False,SUBA,DON MANUEL - LOS ARRAYANES,Suba - Calle 100,409.71,1,PARQUE ZONAL CANAL CORDOBA,1008.27,0,0.19,,0.67,1.0,0.0,,0.03,547.66,0.0
293-M4556970,APARTAMENTO,VENTA,20.29,83.0,3.0,3.0,830000.0,2.0,SANTA BARBARA,5,ENTRE 10 Y 20 ANOS,4.7,-74.05,USADO,,0,0,0,1,1,0,0,0,0,1,False,USAQUEN,SANTA BARBARA OCCIDENTAL,Pepe Sierra,420.74,1,PARQUE ZONAL ATABANZA,1225.78,0,0.24,,0.67,1.0,0.0,,0.04,492.55,1.0
10093-M4631494,APARTAMENTO,VENTA,20.38,87.0,3.0,3.0,330000.0,2.0,SALITRE MODELIA,4,ENTRE 10 Y 20 ANOS,4.65,-74.11,USADO,,1,1,0,1,1,1,1,0,0,1,False,FONTIBON,CIUDAD SALITRE 3 A. ETAPA,El Tiempo - Maloka,984.16,0,PARQUE ZONAL SAUZALITO,452.58,1,0.23,,0.67,1.0,0.0,,0.03,384.01,2.0
2671-11747,APARTAMENTO,VENTA,21.79,287.97,5.0,5.0,1310400.0,4.0,CHICO,6,ENTRE 10 Y 20 ANOS,4.68,-74.04,USADO,,0,1,0,1,1,0,0,0,0,1,False,CHAPINERO,CHICO RESERVADO,Calle 100 - Marketmedios,1719.03,0,PARQUE VECINAL URBANIZACIÓN LA CABRERA,1282.1,0,0.08,,0.8,1.0,0.0,,0.02,311.38,2.0
2671-7968,APARTAMENTO,VENTA,21.42,281.0,4.0,4.0,1954000.0,3.0,COUNTRY,6,MAS DE 20 ANOS,4.72,-74.03,USADO,,0,1,0,0,0,1,0,0,0,1,False,USAQUEN,CIUDADELA REAL,Alcalá,3010.46,0,PARQUE VECINAL NUEVA URBANIZACIÓN EL CEDRITO,1327.05,0,0.08,,0.75,1.0,0.0,,0.01,472.52,1.0
2123-3609583,APARTAMENTO,VENTA,21.02,194.0,3.0,0.0,1000000.0,0.0,COUNTRY,6,MAS DE 20 ANOS,4.71,-74.03,USADO,,0,1,0,1,1,0,0,0,0,1,False,USAQUEN,GINEBRA,Prado,3052.55,0,PARQUE METROPOLITANO EL COUNTRY,1521.51,0,0.11,,0.0,inf,0.0,,0.02,747.79,0.0
920-42152522,APARTAMENTO,VENTA,21.31,300.0,3.0,4.0,1700000.0,3.0,CHICO,6,ENTRE 10 Y 20 ANOS,4.66,-74.05,USADO,,1,0,0,1,0,0,0,0,0,1,False,CHAPINERO,LOS ROSALES,Calle 76 - San Felipe,1399.92,0,PARQUE ZONAL SAN ANDRÉS,659.47,0,0.07,,1.0,0.75,0.0,,0.01,783.28,0.0
2671-M3678646,APARTAMENTO,VENTA,21.62,233.86,3.0,4.0,1515200.0,3.0,CHICO,6,ENTRE 10 Y 20 ANOS,4.67,-74.05,USADO,,0,0,0,1,1,0,0,0,0,1,False,CHAPINERO,S.C. EL CHICO,Virrey,808.16,0,PARQUE ZONAL CANAL EL VIRREY EL CHICO,214.19,1,0.09,,1.0,0.75,0.0,,0.01,242.95,3.0
416-111241,APARTAMENTO,VENTA,21.33,147.0,2.0,3.0,1426000.0,2.0,CHICO,6,ENTRE 0 Y 5 ANOS,4.66,-74.05,USADO,,0,1,0,1,1,0,0,0,0,0,False,CHAPINERO,BOSQUE EL RETIRO I SECTOR,Héroes - Gel´Hada,1542.42,0,PARQUE ZONAL SAN ANDRÉS,567.11,0,0.15,,1.0,0.67,0.0,,0.01,684.65,0.0
920-M4127633,APARTAMENTO,VENTA,21.09,217.0,3.0,5.0,950000.0,3.0,CEDRITOS,6,MAS DE 20 ANOS,4.72,-74.03,USADO,,0,0,0,1,1,1,0,0,0,1,False,USAQUEN,LA CANADA,Alcalá,2842.51,0,PARQUE VECINAL NUEVA URBANIZACIÓN EL CEDRITO,1026.8,0,0.1,,1.0,0.6,0.0,,0.01,465.11,1.0
2751-4587,APARTAMENTO,VENTA,19.82,0.0,1.0,2.0,3921395.93,1.0,NIZA ALHAMBRA,5,ENTRE 0 Y 5 ANOS,4.7,-74.07,USADO,,0,0,0,0,1,0,0,0,0,1,True,SUBA,NIZA SUR,Humedal Córdoba,240.34,1,PARQUE ZONAL LOS LACHES LA MINA,730.81,0,inf,,1.0,0.5,0.0,,inf,726.8,0.0
120-234058,APARTAMENTO,VENTA,20.77,120.0,3.0,4.0,795000.0,2.0,SANTA BARBARA,6,ENTRE 10 Y 20 ANOS,4.69,-74.05,USADO,,0,0,0,0,1,0,0,0,0,1,False,USAQUEN,SANTA BIBIANA,Calle 106,429.78,1,PARQUE VECINAL URBANIZACIÓN NORMANDIA I II II Y IV SECTOR,1454.31,0,0.17,,0.67,0.75,0.0,,0.02,760.59,0.0
920-M4058278,APARTAMENTO,VENTA,20.69,156.0,3.0,4.0,1650000.0,2.0,CHICO,6,MAS DE 20 ANOS,4.68,-74.06,USADO,,0,1,0,0,1,0,0,0,0,1,False,CHAPINERO,S.C. CHICO NORTE,Virrey,472.42,1,PARQUE VECINAL URBANIZACIÓN NORMANDIA I II II Y IV SECTOR,338.73,1,0.13,,0.67,0.75,0.0,,0.02,289.38,1.0
350-M4091259,APARTAMENTO,VENTA,19.52,75.6,3.0,2.0,180000.0,1.0,ALTOS DE SUBA Y CERROS DE SAN JORGE,4,ENTRE 5 Y 10 ANOS,4.75,-74.1,USADO,,0,0,0,0,1,1,0,0,0,1,False,SUBA,URB. LAS FLORES,Portal Suba,708.82,0,PARQUE VECINAL URBANIZACIÓN LOMBARDIA II ETAPA,539.63,0,0.26,,0.33,1.5,0.0,,0.04,428.7,1.0
4-M4323580,APARTAMENTO,VENTA,20.5,165.0,3.0,4.0,700000.0,2.0,SANTA BARBARA,6,MAS DE 20 ANOS,4.7,-74.05,USADO,,0,0,0,0,0,0,0,0,0,1,False,USAQUEN,SAN PATRICIO,Pepe Sierra,531.67,0,PARQUE ZONAL ATABANZA,1665.51,0,0.12,,0.67,0.75,0.0,,0.02,82.98,3.0
11013-M4401952,APARTAMENTO,VENTA,20.44,122.0,3.0,3.0,680000.0,2.0,SANTA BARBARA,6,MAS DE 20 ANOS,4.69,-74.05,USADO,,0,1,0,0,1,0,0,0,0,1,False,USAQUEN,SANTA BIBIANA,Calle 106,722.01,0,PARQUE VECINAL URBANIZACIÓN NORMANDIA I II II Y IV SECTOR,1397.94,0,0.17,,0.67,1.0,0.0,,0.02,482.28,1.0
2671-M4500066,APARTAMENTO,VENTA,20.44,153.96,4.0,3.0,948000.0,2.0,SANTA BARBARA,6,MAS DE 20 ANOS,4.7,-74.05,USADO,,0,1,0,0,1,0,0,0,0,1,False,USAQUEN,SAN PATRICIO,Pepe Sierra,818.36,0,PARQUE METROPOLITANO EL COUNTRY,1333.59,0,0.13,,0.5,1.33,0.0,,0.03,88.89,3.0
2671-9328,APARTAMENTO,VENTA,21.22,262.0,3.0,4.0,1200000.0,2.0,CHICO,6,MAS DE 20 ANOS,4.67,-74.04,USADO,,0,1,0,0,1,0,0,0,0,1,False,CHAPINERO,CHICO ALTO,Calle 85,1880.62,0,PARQUE VECINAL URBANIZACIÓN LA CABRERA,822.28,0,0.08,,0.67,0.75,0.0,,0.01,773.68,0.0
2671-M3643760,APARTAMENTO,VENTA,21.08,258.0,3.0,4.0,1000000.0,3.0,SANTA BARBARA,6,MAS DE 20 ANOS,4.7,-74.04,USADO,,0,1,0,0,0,0,0,0,0,1,False,USAQUEN,SANTA BARBARA CENTRAL I SECTOR,Calle 127,1904.76,0,PARQUE METROPOLITANO EL COUNTRY,599.32,0,0.08,,1.0,0.75,0.0,,0.01,607.87,0.0
342-M4659215,APARTAMENTO,VENTA,19.16,30.0,1.0,1.0,145000.0,1.0,ENGATIVA,4,ENTRE 0 Y 5 ANOS,4.68,-74.1,USADO,,1,0,0,1,1,0,1,0,0,1,False,ENGATIVA,EL LAUREL - LA EUROPA,Minuto de Dios,1782.46,0,PARQUE VECINAL URBANIZACIÓN LA EUROPA,107.21,1,0.64,,1.0,1.0,0.0,,0.03,1424.51,0.0
470-I1882311,APARTAMENTO,VENTA,21.06,219.0,3.0,2.0,1181000.0,2.0,CHICO,6,MAS DE 20 ANOS,4.68,-74.05,USADO,,0,0,0,0,0,1,0,0,0,1,False,CHAPINERO,S.C. CHICO NORTE III SECTOR,Calle 100 - Marketmedios,653.82,0,PARQUE VECINAL URBANIZACIÓN NORMANDIA I II II Y IV SECTOR,863.04,0,0.1,,0.67,1.5,0.0,,0.01,238.19,3.0
2671-M3680256,APARTAMENTO,VENTA,21.22,163.0,3.0,3.0,1090000.0,3.0,CHICO,6,ENTRE 10 Y 20 ANOS,4.67,-74.05,USADO,,0,1,0,1,1,1,0,0,0,1,False,CHAPINERO,LA CABRERA,Héroes - Gel´Hada,1032.17,0,PARQUE VECINAL URBANIZACIÓN LA CABRERA,243.35,1,0.13,,1.0,1.0,0.0,,0.02,219.77,4.0
2671-M4297106,APARTAMENTO,VENTA,21.31,160.0,2.0,3.0,1187000.0,2.0,CHICO,6,ENTRE 10 Y 20 ANOS,4.68,-74.05,USADO,,0,1,0,0,1,0,0,0,0,1,True,CHAPINERO,S.C. CHICO NORTE,Virrey,653.81,0,PARQUE ZONAL CANAL EL VIRREY EL CHICO,398.76,1,0.13,,1.0,0.67,0.0,,0.01,193.92,3.0
4660-M4635119,APARTAMENTO,VENTA,20.97,136.0,2.0,3.0,823000.0,3.0,SANTA BARBARA,5,ENTRE 5 Y 10 ANOS,4.7,-74.05,USADO,,0,0,0,0,1,1,0,0,0,1,False,USAQUEN,SANTA BARBARA OCCIDENTAL,Pepe Sierra,814.57,0,PARQUE METROPOLITANO EL COUNTRY,1209.79,0,0.15,,1.5,0.67,0.0,,0.01,141.58,2.0
4796-M4296514,APARTAMENTO,VENTA,20.34,92.8,3.0,3.0,470000.0,1.0,SALITRE MODELIA,4,ENTRE 10 Y 20 ANOS,4.64,-74.1,USADO,,0,0,0,0,1,1,0,0,0,1,False,TEUSAQUILLO,PRADOS DEL_SALITRE,Gobernación,743.32,0,PARQUE VECINAL SANTA CLARA,783.76,0,0.22,,0.33,1.0,0.0,,0.03,296.51,2.0
16474-M4645105,APARTAMENTO,VENTA,20.35,104.0,3.0,3.0,615000.0,2.0,CEDRITOS,4,ENTRE 5 Y 10 ANOS,4.72,-74.04,USADO,,0,1,0,1,1,0,1,0,0,1,False,USAQUEN,CEDRITOS,Calle 142,1201.02,0,PARQUE VECINAL NUEVA URBANIZACIÓN EL CEDRITO,746.72,0,0.2,,0.67,1.0,0.0,,0.03,509.35,0.0
205-M3487416,APARTAMENTO,VENTA,20.47,170.0,3.0,3.0,850000.0,2.0,ALTOS DE SUBA Y CERROS DE SAN JORGE,6,MAS DE 20 ANOS,4.74,-74.07,USADO,,0,0,0,1,1,0,0,0,0,1,False,SUBA,SALAMANCA Y CATALAYUD,21 Ángeles,761.02,0,PARQUE ZONAL EL TOMILLAR,613.78,0,0.12,,0.67,1.0,0.0,,0.02,831.42,0.0
34-57323,APARTAMENTO,VENTA,20.13,97.0,2.0,3.0,772000.0,2.0,SANTA BARBARA,6,MAS DE 20 ANOS,4.68,-74.04,USADO,,0,1,0,0,1,0,0,0,0,0,False,USAQUEN,RINCON DEL CHICO,Calle 100 - Marketmedios,1421.26,0,PARQUE ZONAL CANAL EL VIRREY EL CHICO,1619.25,0,0.21,,1.0,0.67,0.0,,0.02,369.7,2.0
495-M3363138,APARTAMENTO,VENTA,21.25,341.0,3.0,4.0,1450000.0,2.0,CHICO,6,MAS DE 20 ANOS,4.66,-74.05,USADO,,0,0,0,0,0,0,0,0,0,1,False,CHAPINERO,S.C. BELLAVISTA,Calle 72,1492.46,0,PARQUE ZONAL GUSTAVO URIBE BOTERO,602.91,0,0.06,,0.67,0.75,0.0,,0.01,743.1,0.0
304-M3104930,APARTAMENTO,VENTA,20.64,156.0,3.0,2.0,520000.0,2.0,SANTA BARBARA,6,ENTRE 10 Y 20 ANOS,4.69,-74.04,USADO,,0,1,0,0,1,0,0,0,0,0,False,USAQUEN,RINCON DEL CHICO,Calle 106,1490.35,0,PARQUE ZONAL CANAL EL VIRREY EL CHICO,1810.31,0,0.13,,0.67,1.5,0.0,,0.02,538.17,0.0
34-57793,APARTAMENTO,VENTA,20.87,192.92,2.0,4.0,894000.0,1.0,,6,REMODELADO,4.7,-74.05,USADO,,0,1,0,0,1,0,0,0,0,0,False,USAQUEN,SANTA BARBARA OCCIDENTAL,Calle 127,64.44,1,PARQUE ZONAL ATABANZA,727.45,0,0.11,,0.5,0.5,0.0,,0.01,153.37,5.0
754-1033884,APARTAMENTO,VENTA,21.07,144.0,3.0,3.0,760000.0,3.0,CHICO,6,ENTRE 0 Y 5 ANOS,4.66,-74.05,USADO,,0,0,0,0,0,0,0,0,0,0,False,CHAPINERO,LOS ROSALES,Calle 72,1627.95,0,PARQUE ZONAL SAN ANDRÉS,931.73,0,0.15,,1.0,1.0,0.0,,0.02,897.84,0.0
304-2603,APARTAMENTO,VENTA,21.09,160.0,3.0,4.0,800000.0,2.0,SALITRE MODELIA,6,ENTRE 5 Y 10 ANOS,4.7,-74.05,USADO,,0,1,0,0,0,0,0,0,0,0,False,USAQUEN,SANTA BARBARA OCCIDENTAL,Calle 127,64.44,1,PARQUE ZONAL ATABANZA,727.45,0,0.13,,0.67,0.75,0.0,,0.02,153.37,5.0
11233-M3471156,APARTAMENTO,VENTA,19.76,92.0,3.0,2.0,120000.0,0.0,LA SOLEDAD,3,MAS DE 20 ANOS,4.64,-74.07,USADO,,0,0,0,0,0,0,0,0,0,0,False,TEUSAQUILLO,ALFONSO LOPEZ,Marly,397.43,1,PARQUE ESCENARIO DEPORTIVO EL CAMPINCITO - CEAD,1249.58,0,0.21,,0.0,1.5,0.0,,0.03,700.82,0.0
800-M2787795,APARTAMENTO,VENTA Y ARRIENDO,21.37,212.0,3.0,4.0,3921395.93,2.0,CHICO,6,ENTRE 5 Y 10 ANOS,4.67,-74.05,USADO,9000000.0,0,0,0,0,0,1,0,0,0,0,False,CHAPINERO,S.C. EL CHICO,Calle 85,1514.44,0,PARQUE VECINAL URBANIZACIÓN LA CABRERA,505.57,0,0.1,42452.83,0.67,0.75,0.0,2.3,0.01,428.08,1.0
3229-2722506,APARTAMENTO,VENTA,21.06,325.0,4.0,5.0,1040000.0,4.0,SANTA BARBARA,6,MAS DE 20 ANOS,4.7,-74.04,USADO,,0,0,0,0,0,0,0,0,0,0,False,USAQUEN,SANTA BARBARA OCCIDENTAL,Pepe Sierra,1347.23,0,PARQUE METROPOLITANO EL COUNTRY,976.85,0,0.06,,1.0,0.8,0.0,,0.01,509.2,0.0
3229-2454767,APARTAMENTO,VENTA,20.82,157.0,3.0,3.0,960000.0,2.0,SANTA BARBARA,6,ENTRE 10 Y 20 ANOS,4.7,-74.05,USADO,,0,1,0,0,0,0,0,0,0,0,False,USAQUEN,SANTA BARBARA OCCIDENTAL,Calle 127,905.55,0,PARQUE METROPOLITANO EL COUNTRY,1064.67,0,0.13,,0.67,1.0,0.0,,0.02,297.93,1.0
2363-2187,APARTAMENTO,VENTA,20.08,100.0,2.0,3.0,200000.0,1.0,CHAPINERO ALTO,4,ENTRE 10 Y 20 ANOS,4.64,-74.06,USADO,,0,1,0,0,0,0,0,0,0,0,False,CHAPINERO,S.C. BOSQUE CALDERON,Calle 57,737.25,0,PARQUE ZONAL GUSTAVO URIBE BOTERO,1291.07,0,0.2,,0.5,0.67,0.0,,0.02,1224.87,0.0
34-64982,APARTAMENTO,VENTA,21.22,238.0,2.0,3.0,1827000.0,2.0,CHICO,6,MAS DE 20 ANOS,4.66,-74.05,USADO,,0,1,0,0,1,0,0,0,0,1,False,CHAPINERO,S.C. BELLAVISTA,Calle 72,1491.37,0,PARQUE ZONAL GUSTAVO URIBE BOTERO,684.64,0,0.09,,1.0,0.67,0.0,,0.01,739.6,0.0
164-M3421978,APARTAMENTO,VENTA,19.34,42.0,2.0,2.0,108000.0,0.0,,4,ENTRE 0 Y 5 ANOS,4.66,-74.12,USADO,,0,0,0,0,1,0,0,0,0,0,False,FONTIBON,EL TINTAL A.S.D.,Normandía,1730.55,0,PARQUE ZONAL CANAL BOYACA,935.24,0,0.46,,0.0,1.0,0.0,,0.05,794.43,0.0
717-M4455152,APARTAMENTO,VENTA,20.96,140.0,2.0,2.0,1297000.0,2.0,CHICO,6,ENTRE 5 Y 10 ANOS,4.66,-74.05,USADO,,0,1,0,1,1,1,0,0,0,1,False,CHAPINERO,LOS ROSALES,Calle 72,1541.45,0,PARQUE ZONAL SAN ANDRÉS,878.69,0,0.15,,1.0,1.0,0.0,,0.01,813.75,0.0
11104-M4742867,APARTAMENTO,VENTA,19.53,68.0,3.0,2.0,425000.0,1.0,CEDRITOS,4,MAS DE 20 ANOS,4.73,-74.04,USADO,,0,0,0,0,0,1,0,0,0,1,False,USAQUEN,ACACIAS USAQUEN,Calle 142,1309.83,0,PARQUE VECINAL NUEVA URBANIZACIÓN EL CEDRITO,693.03,0,0.29,,0.33,1.5,0.0,,0.04,765.17,0.0
16066-M4669969,APARTAMENTO,VENTA,20.16,80.0,3.0,2.0,300000.0,1.0,PUENTE ARANDA,4,ENTRE 5 Y 10 ANOS,4.61,-74.12,USADO,,1,0,0,1,1,1,1,0,0,1,True,PUENTE ARANDA,PUENTE ARANDA,NQS - Calle 30 S,1395.69,0,PARQUE ZONAL EL JAZMIN,522.17,0,0.25,,0.33,1.5,0.0,,0.04,1712.22,0.0
16066-M4646475,APARTAMENTO,VENTA,19.34,34.61,1.0,1.0,200000.0,0.0,COLINA Y ALREDEDORES,3,ENTRE 0 Y 5 ANOS,4.72,-74.07,USADO,,0,0,0,0,1,1,0,0,0,1,False,SUBA,LAS VILLAS SECTOR II,Suba - AV. Boyacá,556.93,0,PARQUE ZONAL LOS LACHES LA MINA,820.69,0,0.56,,0.0,1.0,0.0,,0.03,717.75,0.0
2162-M3633195,APARTAMENTO,VENTA,21.46,219.0,3.0,5.0,1600000.0,2.0,CEDRITOS,6,ENTRE 10 Y 20 ANOS,4.72,-74.02,USADO,,0,1,0,1,1,1,0,0,0,1,False,USAQUEN,SIERRAS DEL MORAL,Alcalá,3077.85,0,PARQUE VECINAL NUEVA URBANIZACIÓN EL CEDRITO,1230.7,0,0.1,,0.67,0.6,0.0,,0.01,661.47,0.0
10046-M4687867,APARTAMENTO,VENTA,19.97,119.0,3.0,2.0,680000.0,1.0,NIZA ALHAMBRA,4,ENTRE 10 Y 20 ANOS,4.69,-74.06,USADO,,0,1,0,0,1,1,0,0,0,0,False,SUBA,ESTORIL - CONJUNTO RESIDENCIAL TERUEL,Suba - Calle 95,556.53,0,PARQUE VECINAL URBANIZACIÓN NORMANDIA I II II Y IV SECTOR,1316.11,0,0.17,,0.33,1.5,0.0,,0.03,432.67,1.0
5395-M4266931,APARTAMENTO,VENTA,20.56,130.0,4.0,4.0,809000.0,2.0,SANTA BARBARA,6,MAS DE 20 ANOS,4.69,-74.04,USADO,,0,1,0,0,1,0,0,0,0,1,False,USAQUEN,SANTA BARBARA CENTRAL I Y II,Calle 106,1335.73,0,PARQUE METROPOLITANO EL COUNTRY,1742.13,0,0.16,,0.5,1.0,0.0,,0.03,550.1,0.0
11633-M3867324,APARTAMENTO,VENTA,21.47,352.0,3.0,5.0,1200000.0,4.0,CHICO,6,ENTRE 5 Y 10 ANOS,4.66,-74.05,USADO,,0,1,0,1,1,0,0,0,0,1,False,CHAPINERO,LOS ROSALES,Calle 72,1382.19,0,PARQUE ZONAL GUSTAVO URIBE BOTERO,816.48,0,0.06,,1.33,0.6,0.0,,0.01,642.93,0.0
11293-M4664576,APARTAMENTO,VENTA,20.7,146.0,2.0,4.0,1000000.0,2.0,SANTA BARBARA,6,ENTRE 10 Y 20 ANOS,4.7,-74.05,USADO,,0,0,0,0,1,1,0,0,0,0,False,USAQUEN,SAN PATRICIO,Pepe Sierra,346.64,1,PARQUE ZONAL ATABANZA,1399.81,0,0.14,,1.0,0.5,0.0,,0.01,321.37,2.0
3065-M4591163,APARTAMENTO,VENTA,21.13,283.0,3.0,5.0,1300000.0,2.0,CERROS DE SUBA,6,MAS DE 20 ANOS,4.73,-74.08,USADO,,0,1,0,0,0,0,0,0,0,0,False,SUBA,VILLA CECILIA,Gratamira,243.29,1,PARQUE ZONAL EL TOMILLAR,1404.41,0,0.07,,0.67,0.6,0.0,,0.01,1211.42,0.0
16066-M4459107,APARTAMENTO,VENTA,19.94,76.67,3.0,2.0,310000.0,1.0,CASTILLA MARSELLA,3,ENTRE 0 Y 5 ANOS,4.63,-74.13,USADO,,0,1,0,1,1,1,1,0,0,1,False,KENNEDY,LUSITANIA,Marsella,538.43,0,PARQUE ZONAL MARSELLA,274.92,1,0.26,,0.33,1.5,0.0,,0.04,1127.39,0.0
3065-M3822508,APARTAMENTO,VENTA,20.62,110.0,2.0,3.0,700000.0,2.0,CHICO,6,ENTRE 0 Y 5 ANOS,4.68,-74.06,USADO,,0,1,0,1,0,0,0,0,0,1,False,CHAPINERO,S.C. CHICO NORTE,Virrey,346.77,1,PARQUE VECINAL URBANIZACIÓN NORMANDIA I II II Y IV SECTOR,202.04,1,0.19,,1.0,0.67,0.0,,0.02,431.17,1.0
800-M3828287,APARTAMENTO,VENTA,19.98,81.0,3.0,3.0,285000.0,1.0,NICOLAS DE FEDERMAN,4,MAS DE 20 ANOS,4.64,-74.09,USADO,,0,0,0,0,0,1,0,0,0,1,False,TEUSAQUILLO,RAFAEL NUNEZ,Campín - UAN,792.22,0,PARQUE ZONAL NICOLAS DE FEDERMAN 3,628.41,0,0.25,,0.33,1.0,0.0,,0.04,609.55,0.0
800-M4698493,APARTAMENTO,VENTA,20.99,105.0,2.0,2.0,790000.0,2.0,CHICO,6,ENTRE 5 Y 10 ANOS,4.67,-74.05,USADO,,0,1,0,1,1,1,1,0,0,1,False,CHAPINERO,S.C. EL CHICO,Virrey,854.26,0,PARQUE ZONAL CANAL EL VIRREY EL CHICO,219.74,1,0.2,,1.0,1.0,0.0,,0.02,251.67,3.0
2456-M2159550,APARTAMENTO,VENTA,20.91,204.0,3.0,5.0,570000.0,2.0,COLINA Y ALREDEDORES,4,ENTRE 0 Y 5 ANOS,4.74,-74.07,USADO,,1,1,0,1,1,1,1,0,0,0,False,SUBA,S.C. GILMAR - LA SIRENA (PREDIO),Calle 161,1933.38,0,PARQUE VECINAL DESARROLLO CANTALEJO URBANIZACIÓN CANTALEJO MANZANA B,867.32,0,0.1,,0.67,0.6,0.0,,0.01,1196.89,0.0
2456-M4653354,APARTAMENTO,VENTA,19.88,70.0,3.0,2.0,250000.0,1.0,COLINA Y ALREDEDORES,4,ENTRE 0 Y 5 ANOS,4.74,-74.07,USADO,,0,0,0,1,1,1,0,0,0,1,False,SUBA,CASABLANCA (HACIENDA),Gratamira,1745.01,0,PARQUE ZONAL EL TOMILLAR,809.55,0,0.28,,0.33,1.5,0.0,,0.04,805.13,0.0
747-M4135398,APARTAMENTO,VENTA,19.99,95.57,3.0,2.0,330000.0,2.0,ORQUIDEAS,4,ENTRE 10 Y 20 ANOS,4.76,-74.04,USADO,,0,0,0,1,1,1,0,0,0,1,False,USAQUEN,SAN ANTONIO NOROCCIDENTAL,Portal Norte,871.48,0,PARQUE VECINAL URBANIZACIÓN CALLE 170 / ALAMEDA,109.31,1,0.21,,0.67,1.5,0.0,,0.03,932.02,0.0
2238-M2842874,APARTAMENTO,VENTA,20.62,94.0,2.0,3.0,513000.0,2.0,CHICO,6,ENTRE 10 Y 20 ANOS,4.68,-74.05,USADO,,0,0,0,1,1,0,0,0,0,1,False,CHAPINERO,CHICO RESERVADO II SECTOR,Calle 100 - Marketmedios,1394.08,0,PARQUE ZONAL CANAL EL VIRREY EL CHICO,1295.24,0,0.22,,1.0,0.67,0.0,,0.02,127.89,2.0
2456-M2236257,APARTAMENTO,VENTA,20.88,207.0,3.0,5.0,650000.0,2.0,COLINA Y ALREDEDORES,5,ENTRE 0 Y 5 ANOS,4.74,-74.06,USADO,,1,1,0,1,1,1,1,0,0,0,False,SUBA,URB. LA SIRENA,Mazurén,1581.93,0,PARQUE VECINAL DESARROLLO CANTALEJO URBANIZACIÓN CANTALEJO MANZANA B,824.82,0,0.1,,0.67,0.6,0.0,,0.01,671.53,0.0
800-M2827490,APARTAMENTO,VENTA,21.39,189.0,3.0,4.0,3921395.93,3.0,CHICO,6,ENTRE 10 Y 20 ANOS,4.66,-74.05,USADO,,0,0,0,0,0,1,0,0,0,0,False,CHAPINERO,S.C. BELLAVISTA,Calle 72,1039.95,0,PARQUE ZONAL SAN ANDRÉS,735.87,0,0.11,,1.0,0.75,0.0,,0.02,345.21,3.0
2748-M3230108,APARTAMENTO,VENTA,20.2,100.0,3.0,3.0,378000.0,1.0,NIZA ALHAMBRA,5,ENTRE 5 Y 10 ANOS,4.71,-74.07,USADO,,0,0,0,1,1,1,0,0,0,1,False,SUBA,BATAN LOTE NIZA XII,Humedal Córdoba,301.19,1,PARQUE ZONAL CANAL CORDOBA,626.15,0,0.2,,0.33,1.0,0.0,,0.03,655.36,0.0
252-M3508115,APARTAMENTO,VENTA,19.45,79.4,3.0,2.0,254000.0,1.0,ORQUIDEAS,4,MAS DE 20 ANOS,4.75,-74.03,USADO,,0,0,0,0,0,1,0,0,0,0,False,USAQUEN,EL REDIL,Portal Norte,2229.47,0,PARQUE ZONAL SERVITA,1316.8,0,0.24,,0.33,1.5,0.0,,0.04,1310.21,0.0
832-M4520122,APARTAMENTO,VENTA,19.87,88.0,3.0,2.0,380000.0,1.0,ORQUIDEAS,3,ENTRE 5 Y 10 ANOS,4.76,-74.04,USADO,,0,0,0,0,1,1,0,0,0,1,False,USAQUEN,PORTAL DE LA URIBE,Calle 187,374.83,1,PARQUE VECINAL DESARROLLO VERBENAL I,244.28,1,0.23,,0.33,1.5,0.0,,0.03,482.92,1.0
16040-M4504983,APARTAMENTO,VENTA,20.62,125.0,2.0,3.0,1600000.0,2.0,SANTA BARBARA,6,ENTRE 5 Y 10 ANOS,4.69,-74.05,USADO,,0,0,0,0,0,0,0,0,0,0,False,USAQUEN,SANTA BIBIANA,Calle 106,815.39,0,PARQUE VECINAL URBANIZACIÓN NORMANDIA I II II Y IV SECTOR,1612.62,0,0.16,,1.0,0.67,0.0,,0.02,560.34,0.0
770-M4196819,APARTAMENTO,VENTA,19.74,50.0,1.0,2.0,345000.0,1.0,SANTA BARBARA,6,ENTRE 5 Y 10 ANOS,4.7,-74.04,USADO,,0,1,0,1,1,0,0,0,0,1,False,USAQUEN,SANTA BARBARA CENTRAL I SECTOR,Pepe Sierra,2117.1,0,PARQUE METROPOLITANO EL COUNTRY,737.62,0,0.39,,1.0,0.5,0.0,,0.02,486.03,1.0
770-M4196687,APARTAMENTO,VENTA,19.98,90.0,3.0,2.0,340000.0,1.0,COLINA Y ALREDEDORES,6,ENTRE 10 Y 20 ANOS,4.73,-74.06,USADO,,0,0,0,1,1,1,0,0,0,1,False,SUBA,LA VICTORIA NORTE,Mazurén,701.06,0,PARQUE VECINAL URBANIZACIÓN LA LAGUNA,137.52,1,0.22,,0.33,1.5,0.0,,0.03,1255.46,0.0
2359-M3636161,APARTAMENTO,VENTA,21.31,220.62,3.0,3.0,1570000.0,3.0,COUNTRY,6,ENTRE 10 Y 20 ANOS,4.71,-74.02,USADO,,0,1,0,1,0,1,0,0,0,1,False,USAQUEN,S.C. PARAMO_,Prado,3222.27,0,PARQUE METROPOLITANO EL COUNTRY,1748.4,0,0.1,,1.0,1.0,0.0,,0.01,831.28,0.0
990-M4518209,APARTAMENTO,VENTA,20.13,93.0,3.0,2.0,600000.0,2.0,NIZA ALHAMBRA,5,REMODELADO,4.69,-74.06,USADO,,0,1,0,0,1,0,0,0,0,0,False,SUBA,SANTA MARGARITA,Calle 100 - Marketmedios,429.2,1,PARQUE VECINAL URBANIZACIÓN NORMANDIA I II II Y IV SECTOR,1180.95,0,0.22,,0.67,1.5,0.0,,0.03,739.77,0.0
2510-M4709810,APARTAMENTO,VENTA,19.69,72.0,2.0,2.0,567000.0,1.0,SANTA BARBARA,4,MAS DE 20 ANOS,4.71,-74.03,USADO,,0,1,0,0,1,1,0,0,0,1,False,USAQUEN,SAN,Prado,3048.01,0,PARQUE METROPOLITANO EL COUNTRY,1315.76,0,0.27,,0.5,1.0,0.0,,0.03,825.28,0.0
770-M4655318,APARTAMENTO,VENTA,21.42,240.0,3.0,4.0,1500000.0,2.0,CHICO,6,MAS DE 20 ANOS,4.66,-74.05,USADO,,0,1,0,0,1,0,0,0,0,1,False,CHAPINERO,S.C. EL NOGAL,Calle 76 - San Felipe,1163.32,0,PARQUE ZONAL SAN ANDRÉS,234.99,1,0.09,,0.67,0.75,0.0,,0.01,425.32,2.0
10278-M3068194,APARTAMENTO,VENTA,19.86,74.0,2.0,2.0,325000.0,2.0,CEDRITOS,4,ENTRE 5 Y 10 ANOS,4.73,-74.04,USADO,,1,0,0,1,1,0,0,0,0,1,False,USAQUEN,LOS CAOBOS,Calle 146,721.02,0,PARQUE VECINAL PRADO PINZÓN,1145.05,0,0.27,,1.0,1.0,0.0,,0.03,953.35,0.0
11256-M3645149,APARTAMENTO,VENTA,21.75,177.0,3.0,4.0,1250000.0,3.0,CHICO,6,ENTRE 0 Y 5 ANOS,4.66,-74.05,USADO,,0,0,0,1,1,1,1,0,0,1,False,CHAPINERO,S.C. BELLAVISTA,Calle 72,1322.6,0,PARQUE ZONAL GUSTAVO URIBE BOTERO,653.38,0,0.12,,1.0,0.75,0.0,,0.02,570.79,0.0
2748-M3751157,APARTAMENTO,VENTA,21.42,350.0,4.0,5.0,1170000.0,2.0,CHICO,6,REMODELADO,4.66,-74.05,USADO,,1,1,0,1,1,1,0,0,0,1,False,CHAPINERO,S.C. EL RETIRO,Héroes - Gel´Hada,1459.02,0,PARQUE ZONAL SAN ANDRÉS,480.81,1,0.06,,0.5,0.8,0.0,,0.01,607.97,0.0
2359-M3838716,APARTAMENTO,VENTA,21.16,185.0,3.0,5.0,890000.0,3.0,COUNTRY,5,ENTRE 5 Y 10 ANOS,4.71,-74.03,USADO,,0,1,0,1,1,1,1,0,0,1,False,USAQUEN,SAN,Prado,2970.92,0,PARQUE METROPOLITANO EL COUNTRY,1269.14,0,0.11,,1.0,0.6,0.0,,0.02,734.18,0.0
3702-M3570503,APARTAMENTO,VENTA,20.18,138.0,3.0,2.0,960000.0,2.0,CHICO,6,MAS DE 20 ANOS,4.68,-74.05,USADO,,0,1,0,0,1,0,0,0,0,0,False,CHAPINERO,S.C. CHICO NORTE III SECTOR,Calle 100 - Marketmedios,791.94,0,PARQUE VECINAL URBANIZACIÓN NORMANDIA I II II Y IV SECTOR,924.57,0,0.15,,0.67,1.5,0.0,,0.02,320.18,4.0
2571-M3288940,APARTAMENTO,VENTA,19.64,64.0,3.0,2.0,280000.0,1.0,FONTIBON TINTAL,4,ENTRE 5 Y 10 ANOS,4.66,-74.14,USADO,,0,0,0,1,1,1,0,0,0,1,False,FONTIBON,URB. PRADO GRANDE,Modelia,2564.4,0,PARQUE VECINAL VILLA HELENA VILLEMAR,810.58,0,0.31,,0.33,1.5,0.0,,0.05,746.38,0.0
374-M4587884,APARTAMENTO,VENTA,21.72,318.0,3.0,5.0,2300000.0,3.0,COUNTRY,6,ENTRE 10 Y 20 ANOS,4.72,-74.03,USADO,,0,1,0,1,1,1,0,0,0,1,False,USAQUEN,MONTEARROYO,Alcalá,2769.83,0,PARQUE VECINAL NUEVA URBANIZACIÓN EL CEDRITO,1044.56,0,0.07,,1.0,0.6,0.0,,0.01,307.42,1.0
15747-M4637342,APARTAMENTO,VENTA,19.99,75.0,1.0,2.0,670000.0,1.0,SANTA BARBARA,6,REMODELADO,4.7,-74.04,USADO,,0,0,0,0,1,1,0,0,0,1,False,USAQUEN,SANTA BARBARA CENTRAL I Y II,Pepe Sierra,1564.42,0,PARQUE METROPOLITANO EL COUNTRY,1000.81,0,0.27,,1.0,0.5,0.0,,0.01,727.15,0.0
171-M4683244,APARTAMENTO,VENTA,20.24,90.0,2.0,2.0,450000.0,2.0,CEDRITOS,4,ENTRE 5 Y 10 ANOS,4.73,-74.04,USADO,,0,1,0,1,1,0,0,0,0,1,False,USAQUEN,CAOBOS SALAZAR,Calle 146,1564.28,0,PARQUE VECINAL NUEVA URBANIZACIÓN EL CEDRITO,524.22,0,0.22,,1.0,1.0,0.0,,0.02,506.88,0.0
3888-M2463559,APARTAMENTO,VENTA,19.04,38.0,2.0,1.0,3921395.93,0.0,ALTOS DE SUBA Y CERROS DE SAN JORGE,3,ENTRE 5 Y 10 ANOS,4.75,-74.09,USADO,,0,0,0,0,0,1,0,0,0,1,False,SUBA,LOMBARDIA III,Portal Suba,656.01,0,PARQUE VECINAL URBANIZACIÓN VALLE DE REFOUS,658.7,0,0.5,,0.0,2.0,0.0,,0.05,391.7,1.0
14836-M4738549,APARTAMENTO,VENTA,20.01,99.01,3.0,2.0,410000.0,2.0,ORQUIDEAS,3,ENTRE 10 Y 20 ANOS,4.74,-74.03,USADO,,0,0,0,1,1,1,0,0,0,1,False,USAQUEN,SANTA TERESA,Toberin - Foundever,1846.22,0,PARQUE ZONAL SERVITA,707.55,0,0.2,,0.67,1.5,0.0,,0.03,725.78,0.0
2510-M4738942,APARTAMENTO,VENTA,19.49,58.0,3.0,2.0,208000.0,1.0,ENGATIVA,4,ENTRE 5 Y 10 ANOS,4.72,-74.13,USADO,,0,0,0,0,1,1,0,0,0,1,False,ENGATIVA,S.C. ENGATIVA EL DORADO,Portal 80,2857.13,0,PARQUE METROPOLITANO PLANTA DE TRATAMIENTO SALITRE,723.86,0,0.34,,0.33,1.5,0.0,,0.05,2643.85,0.0
3147-M4655231,APARTAMENTO,VENTA,19.16,48.0,1.0,1.0,100000.0,0.0,CENTRO Y ZONA COLONIAL,3,ENTRE 10 Y 20 ANOS,4.61,-74.07,USADO,,0,0,0,0,0,0,0,0,0,0,False,SANTA FE,LAS NIEVES,Universidades,427.19,1,PARQUE METROPOLITANO INDEPENDENCIA BICENTENARIO,466.11,1,0.4,,0.0,1.0,0.0,,0.02,495.02,3.0
16628-M4741385,APARTAMENTO,VENTA,19.66,73.8,3.0,2.0,306000.0,1.0,CENTRO Y ZONA COLONIAL,4,MAS DE 20 ANOS,4.62,-74.08,USADO,,0,0,0,0,0,1,0,0,0,1,False,LOS MARTIRES,USATAMA,CAD,437.6,1,PARQUE METROPOLITANO EL RENACIMIENTO - PARQUE CEMENTERIO CENTRAL,884.32,0,0.27,,0.33,1.5,0.0,,0.04,1221.07,0.0
16253-M4655030,APARTAMENTO,VENTA,20.91,110.0,2.0,3.0,600000.0,1.0,CHICO,5,ENTRE 5 Y 10 ANOS,4.67,-74.06,USADO,,0,1,0,0,1,0,0,0,0,1,False,CHAPINERO,S.C. ANTIGUO COUNTRY,Calle 85,318.45,1,PARQUE METROPOLITANO RECONCILIACIÓN,241.03,1,0.19,,0.5,0.67,0.0,,0.02,322.24,2.0
450-M3697371,APARTAMENTO,VENTA,19.92,70.0,2.0,2.0,490000.0,1.0,CHICO,6,MAS DE 20 ANOS,4.68,-74.05,USADO,,0,0,0,0,1,0,0,0,0,1,False,CHAPINERO,S.C. CHICO NORTE,Virrey,1317.18,0,PARQUE ZONAL CANAL EL VIRREY EL CHICO,881.37,0,0.28,,0.5,1.0,0.0,,0.03,162.86,2.0
10309-M4440055,APARTAMENTO,VENTA,19.25,60.0,3.0,2.0,267000.0,1.0,ORQUIDEAS,3,ENTRE 10 Y 20 ANOS,4.77,-74.03,USADO,,0,0,0,0,0,1,0,0,0,1,False,USAQUEN,TIBABITA I,Terminal,1648.23,0,PARQUE VECINAL DESARROLLO VERBENAL I,1384.25,0,0.32,,0.33,1.5,0.0,,0.05,1431.45,0.0
2709-M4560861,APARTAMENTO,VENTA,20.09,63.0,2.0,2.0,742700.0,1.0,CHICO,5,ENTRE 10 Y 20 ANOS,4.67,-74.06,USADO,,0,0,0,0,1,1,0,0,0,1,False,CHAPINERO,S.C. ANTIGUO COUNTRY,Calle 85,287.24,1,PARQUE METROPOLITANO RECONCILIACIÓN,225.41,1,0.32,,0.5,1.0,0.0,,0.03,281.77,3.0
2706-M3846153,APARTAMENTO,VENTA,19.49,62.63,3.0,2.0,183000.0,1.0,ENGATIVA,4,ENTRE 0 Y 5 ANOS,4.72,-74.13,USADO,,0,0,0,1,1,1,0,0,0,1,False,ENGATIVA,EL GACO - EL PORVENIR (PREDIO),Portal 80,3049.31,0,PARQUE METROPOLITANO PLANTA DE TRATAMIENTO SALITRE,965.75,0,0.31,,0.33,1.5,0.0,,0.05,2835.43,0.0
754-M3292162,APARTAMENTO,VENTA,21.05,190.0,3.0,3.0,900000.0,4.0,CHICO,6,ENTRE 10 Y 20 ANOS,4.66,-74.05,USADO,,0,1,0,0,1,1,0,0,0,1,False,CHAPINERO,S.C. EL NOGAL,Héroes - Gel´Hada,985.64,0,PARQUE ZONAL SAN ANDRÉS,118.55,1,0.11,,1.33,1.0,0.0,,0.02,295.52,4.0
4186-M4742124,APARTAMENTO,VENTA,20.61,100.0,3.0,2.0,724900.0,2.0,CENTRO INTERNACIONAL,3,ENTRE 0 Y 5 ANOS,4.62,-74.07,USADO,,0,0,0,0,1,1,0,0,0,1,False,SANTA FE,SAN_MARTIN,Museo Nacional,342.71,1,PARQUE METROPOLITANO INDEPENDENCIA BICENTENARIO,635.91,0,0.21,,0.67,1.5,0.0,,0.03,286.68,4.0
800-M4417105,APARTAMENTO,VENTA,20.04,88.0,3.0,2.0,327000.0,1.0,CORTIJO AUTOPISTA MEDELLIN,4,ENTRE 10 Y 20 ANOS,4.7,-74.09,USADO,,0,0,0,0,0,1,0,0,0,1,False,SUBA,URB. BOSQUE DE LOS LAGARTOS,AV. Boyacá,583.34,0,PARQUE ZONAL BONANZA,1142.12,0,0.23,,0.33,1.5,0.0,,0.03,476.2,2.0
4186-M4742134,APARTAMENTO,VENTA,20.41,92.0,2.0,3.0,450000.0,2.0,CENTRO INTERNACIONAL,3,ENTRE 5 Y 10 ANOS,4.62,-74.07,USADO,,0,0,0,0,1,1,0,0,0,1,False,SANTA FE,SAN_MARTIN,Calle 34,434.14,1,PARQUE METROPOLITANO PARQUE NACIONAL (PM2A) ENRIQUE OLAYA HERRERA (SECTOR HISTORICO),625.06,0,0.22,,1.0,0.67,0.0,,0.02,446.28,3.0
4969-M4204301,APARTAMENTO,VENTA,19.52,75.0,3.0,2.0,212000.0,1.0,ORQUIDEAS,4,ENTRE 5 Y 10 ANOS,4.77,-74.03,USADO,,0,0,0,1,1,1,0,0,0,1,False,USAQUEN,ANDALUCIA,Terminal,1227.01,0,PARQUE VECINAL DESARROLLO VERBENAL I,936.67,0,0.26,,0.33,1.5,0.0,,0.04,1061.74,0.0
800-M3445737,APARTAMENTO,VENTA,20.67,138.0,2.0,2.0,3921395.93,1.0,CHICO,6,ENTRE 10 Y 20 ANOS,4.67,-74.05,USADO,,0,0,0,0,1,1,0,0,0,0,False,CHAPINERO,S.C. EL CHICO,Calle 85,868.9,0,PARQUE ZONAL CANAL EL VIRREY EL CHICO,237.93,1,0.15,,0.5,1.0,0.0,,0.01,268.18,4.0
717-M1598279,APARTAMENTO,VENTA,21.16,225.0,3.0,4.0,1200000.0,3.0,CHICO,6,ENTRE 10 Y 20 ANOS,4.66,-74.05,USADO,,0,0,0,0,0,0,0,0,0,1,False,CHAPINERO,LOS ROSALES,Calle 72,1447.69,0,PARQUE ZONAL GUSTAVO URIBE BOTERO,725.57,0,0.09,,1.0,0.75,0.0,,0.01,697.31,0.0
990-M3414466,APARTAMENTO,VENTA,20.99,153.0,3.0,4.0,1180000.0,2.0,CHICO,6,ENTRE 5 Y 10 ANOS,4.67,-74.06,USADO,,0,1,0,0,1,0,0,0,0,0,False,CHAPINERO,S.C. ANTIGUO COUNTRY,Calle 85,150.54,1,PARQUE METROPOLITANO RECONCILIACIÓN,81.57,1,0.14,,0.67,0.75,0.0,,0.02,425.83,3.0
515-M3921982,APARTAMENTO,VENTA,20.37,108.0,1.0,2.0,1099000.0,2.0,CHICO,6,ENTRE 10 Y 20 ANOS,4.68,-74.04,USADO,,0,1,0,0,1,1,0,0,0,1,False,CHAPINERO,CHICO RESERVADO,Virrey,1908.45,0,PARQUE VECINAL URBANIZACIÓN LA CABRERA,1202.98,0,0.19,,2.0,0.5,0.0,,0.01,484.37,1.0
2456-M2111198,APARTAMENTO,VENTA,20.18,105.0,3.0,2.0,330000.0,1.0,COLINA Y ALREDEDORES,4,ENTRE 0 Y 5 ANOS,4.74,-74.06,USADO,,0,0,0,1,1,1,0,0,0,1,False,SUBA,CAMPOS DE SILENCIO,Calle 161,1041.3,0,PARQUE VECINAL DESARROLLO CANTALEJO URBANIZACIÓN CANTALEJO MANZANA B,306.98,1,0.19,,0.33,1.5,0.0,,0.03,1318.8,0.0
2699-M2100474,APARTAMENTO,VENTA,20.29,90.0,4.0,3.0,437000.0,1.0,SANTA BARBARA,6,MAS DE 20 ANOS,4.7,-74.04,USADO,,0,0,0,0,0,0,0,0,0,1,False,USAQUEN,SANTA BARBARA CENTRAL I SECTOR,Pepe Sierra,1640.11,0,PARQUE METROPOLITANO EL COUNTRY,874.1,0,0.23,,0.25,1.33,0.0,,0.04,689.9,0.0
16399-M4738534,APARTAMENTO,VENTA,19.02,50.0,3.0,1.0,133000.0,1.0,ALTOS DE SUBA Y CERROS DE SAN JORGE,3,REMODELADO,4.76,-74.09,USADO,,0,0,0,0,0,1,0,0,0,1,False,SUBA,S.C. TUNA BAJA,Portal Suba,1100.92,0,PARQUE VECINAL URBANIZACIÓN VALLE DE REFOUS,830.84,0,0.38,,0.33,3.0,0.0,,0.06,940.23,0.0
2456-M2821681,APARTAMENTO,VENTA,20.37,105.0,3.0,3.0,420000.0,2.0,COLINA Y ALREDEDORES,4,ENTRE 0 Y 5 ANOS,4.74,-74.06,USADO,,0,0,0,1,1,1,1,0,0,1,False,SUBA,CAMPOS DE SILENCIO,Calle 161,1031.07,0,PARQUE VECINAL DESARROLLO CANTALEJO URBANIZACIÓN CANTALEJO MANZANA B,311.68,1,0.19,,0.67,1.0,0.0,,0.03,1326.0,0.0
2456-M4076810,APARTAMENTO,VENTA,20.57,157.0,3.0,3.0,400000.0,2.0,COLINA Y ALREDEDORES,5,ENTRE 5 Y 10 ANOS,4.74,-74.06,USADO,,0,1,0,1,1,1,1,0,0,1,False,SUBA,URB. LA SIRENA,Mazurén,1704.02,0,PARQUE VECINAL DESARROLLO CANTALEJO URBANIZACIÓN CANTALEJO MANZANA B,800.56,0,0.13,,0.67,1.0,0.0,,0.02,763.3,0.0
15354-M4464670,APARTAMENTO,VENTA,19.66,48.2,1.0,2.0,286000.0,1.0,SANTA BARBARA,6,ENTRE 10 Y 20 ANOS,4.7,-74.05,USADO,,0,0,0,0,1,1,0,0,0,1,False,USAQUEN,SANTA BARBARA OCCIDENTAL,Calle 127,940.79,0,PARQUE METROPOLITANO EL COUNTRY,827.19,0,0.41,,1.0,0.5,0.0,,0.02,442.87,1.0
3325-M3445417,APARTAMENTO,VENTA,19.76,68.0,3.0,2.0,360000.0,1.0,CHAPINERO ALTO,4,MAS DE 20 ANOS,4.65,-74.05,USADO,,0,0,0,0,1,0,0,0,0,1,False,CHAPINERO,JUAN_XXIII,Calle 63,1222.81,0,PARQUE ZONAL GUSTAVO URIBE BOTERO,408.36,1,0.29,,0.33,1.5,0.0,,0.04,583.43,0.0
515-M3780650,APARTAMENTO,VENTA,20.29,125.0,3.0,3.0,690000.0,2.0,NIZA ALHAMBRA,5,ENTRE 10 Y 20 ANOS,4.7,-74.06,USADO,,0,1,0,1,1,0,0,0,0,1,False,SUBA,EL BATAN,Calle 127,451.52,1,PARQUE ZONAL ATABANZA,654.12,0,0.16,,0.67,1.0,0.0,,0.02,622.06,0.0
2731-M4556334,APARTAMENTO,VENTA,20.2,80.0,2.0,2.0,700000.0,2.0,SANTA BARBARA,6,ENTRE 5 Y 10 ANOS,4.7,-74.05,USADO,,0,1,0,1,1,1,0,0,0,1,False,USAQUEN,SANTA BARBARA OCCIDENTAL,Calle 127,868.97,0,PARQUE METROPOLITANO EL COUNTRY,948.28,0,0.25,,1.0,1.0,0.0,,0.02,502.79,0.0
2456-M3029979,APARTAMENTO,VENTA,20.41,135.0,3.0,4.0,430000.0,2.0,COLINA Y ALREDEDORES,5,ENTRE 5 Y 10 ANOS,4.73,-74.07,USADO,,0,1,0,1,1,1,1,0,0,1,False,SUBA,COLPATRIA SANTA HELENA II SECTOR,Gratamira,1184.3,0,PARQUE VECINAL URBANIZACIÓN LA LAGUNA,1221.74,0,0.15,,0.67,0.75,0.0,,0.02,197.29,2.0
800-M4603309,APARTAMENTO,VENTA,19.41,66.0,3.0,2.0,463000.0,1.0,CEDRITOS,4,MAS DE 20 ANOS,4.73,-74.04,USADO,,0,0,0,0,0,1,0,0,0,0,False,USAQUEN,CAOBOS SALAZAR,Calle 146,1012.25,0,PARQUE VECINAL NUEVA URBANIZACIÓN EL CEDRITO,1014.55,0,0.29,,0.33,1.5,0.0,,0.05,942.73,0.0
754-M4058884,APARTAMENTO,VENTA,20.67,140.0,3.0,3.0,1450000.0,2.0,SANTA BARBARA,5,ENTRE 10 Y 20 ANOS,4.7,-74.05,USADO,,0,1,0,1,1,1,0,0,0,1,False,USAQUEN,SANTA BARBARA OCCIDENTAL,Calle 127,873.66,0,PARQUE METROPOLITANO EL COUNTRY,995.68,0,0.15,,0.67,1.0,0.0,,0.02,420.06,1.0
754-M3985233,APARTAMENTO,VENTA,20.6,177.0,3.0,3.0,1330000.0,2.0,CHICO,6,MAS DE 20 ANOS,4.68,-74.06,USADO,,0,1,0,0,1,1,0,0,0,1,False,CHAPINERO,S.C. CHICO NORTE,Virrey,402.91,1,PARQUE VECINAL URBANIZACIÓN NORMANDIA I II II Y IV SECTOR,293.71,1,0.12,,0.67,1.0,0.0,,0.02,378.59,1.0
3390-M4441603,APARTAMENTO,VENTA,20.91,117.79,3.0,3.0,3921395.93,2.0,NIZA ALHAMBRA,5,ENTRE 0 Y 5 ANOS,4.69,-74.06,USADO,,0,0,0,1,1,1,1,0,0,1,False,SUBA,SANTA MARGARITA,Calle 106,442.94,1,PARQUE ZONAL CANAL CORDOBA,1427.64,0,0.18,,0.67,1.0,0.0,,0.03,623.49,0.0
3390-M4622260,APARTAMENTO,VENTA,20.82,70.83,1.0,2.0,1000000.0,2.0,CHAPINERO ALTO,4,ENTRE 0 Y 5 ANOS,4.65,-74.06,USADO,,0,0,0,1,1,1,0,0,0,1,False,CHAPINERO,S.C. GRANADA,Calle 63,1081.99,0,PARQUE ZONAL GUSTAVO URIBE BOTERO,396.82,1,0.29,,2.0,0.5,0.0,,0.01,415.5,1.0
3390-M4202428,APARTAMENTO,VENTA,20.39,118.85,3.0,3.0,1113000.0,2.0,SANTA BARBARA,5,MAS DE 20 ANOS,4.69,-74.04,USADO,,0,0,0,0,0,1,0,0,0,1,False,USAQUEN,RINCON DEL CHICO,Calle 106,1432.63,0,PARQUE METROPOLITANO EL COUNTRY,1887.8,0,0.17,,0.67,1.0,0.0,,0.03,691.61,0.0
3390-M3850835,APARTAMENTO,VENTA,21.19,173.69,2.0,4.0,2000000.0,4.0,CHICO,6,ENTRE 10 Y 20 ANOS,4.67,-74.05,USADO,,0,1,0,0,0,1,0,0,0,1,False,CHAPINERO,S.C. EL CHICO,Calle 85,1006.55,0,PARQUE VECINAL URBANIZACIÓN LA CABRERA,226.72,1,0.12,,2.0,0.5,0.0,,0.01,181.91,2.0
3390-M3330201,APARTAMENTO,VENTA,20.54,119.39,2.0,3.0,1065000.0,2.0,SANTA BARBARA,6,ENTRE 5 Y 10 ANOS,4.69,-74.04,USADO,,0,0,0,0,0,1,0,0,0,1,False,USAQUEN,SANTA BARBARA CENTRAL II SECTOR,Pepe Sierra,1770.89,0,PARQUE METROPOLITANO EL COUNTRY,1232.12,0,0.17,,1.0,0.67,0.0,,0.02,449.11,1.0
754-M4596576,APARTAMENTO,VENTA,21.64,145.0,3.0,3.0,995000.0,2.0,CHICO,6,MAS DE 20 ANOS,4.67,-74.05,USADO,,0,1,0,1,1,1,0,0,0,1,False,CHAPINERO,LA CABRERA,Héroes - Gel´Hada,1582.04,0,PARQUE VECINAL URBANIZACIÓN LA CABRERA,536.46,0,0.15,,0.67,1.0,0.0,,0.02,517.11,0.0
2748-M3089499,APARTAMENTO,VENTA,21.39,230.0,3.0,3.0,1100000.0,2.0,CHICO,6,ENTRE 5 Y 10 ANOS,4.66,-74.05,USADO,,0,1,0,1,1,0,0,0,0,1,False,CHAPINERO,BOSQUE EL RETIRO I SECTOR,Calle 76 - San Felipe,1664.0,0,PARQUE ZONAL SAN ANDRÉS,692.66,0,0.09,,0.67,1.0,0.0,,0.01,836.53,0.0
832-M4088242,APARTAMENTO,VENTA,19.45,72.0,3.0,2.0,275000.0,1.0,170 Y ALREDORES,3,MAS DE 20 ANOS,4.77,-74.05,USADO,,0,0,0,0,0,1,0,0,0,1,False,SUBA,URB. SAN PEDRO,Calle 187,596.4,0,PARQUE VECINAL URBANIZACIÓN VILANOVA,291.94,1,0.27,,0.33,1.5,0.0,,0.04,551.56,0.0
368-M3823823,APARTAMENTO,VENTA,20.29,126.06,3.0,3.0,575000.0,2.0,SANTA BARBARA,6,ENTRE 10 Y 20 ANOS,4.7,-74.04,USADO,,0,1,0,0,0,0,0,0,0,1,False,USAQUEN,SANTA BARBARA CENTRAL IV SECTOR,Calle 127,2183.08,0,PARQUE METROPOLITANO EL COUNTRY,738.04,0,0.16,,0.67,1.0,0.0,,0.02,436.44,1.0
2355-M3913114,APARTAMENTO,VENTA,19.81,83.59,3.0,2.0,506000.0,2.0,CEDRITOS,4,MAS DE 20 ANOS,4.72,-74.03,USADO,,0,1,0,0,1,1,0,0,0,1,False,USAQUEN,LAS_ACACIAS,Calle 142,2250.51,0,PARQUE VECINAL NUEVA URBANIZACIÓN EL CEDRITO,334.13,1,0.24,,0.67,1.5,0.0,,0.04,787.75,0.0
11293-M4557681,APARTAMENTO,VENTA,20.37,95.0,2.0,3.0,750000.0,2.0,CHAPINERO ALTO,5,ENTRE 10 Y 20 ANOS,4.64,-74.06,USADO,,0,1,0,0,1,1,0,0,0,1,False,CHAPINERO,S.C INGEMAR,Calle 57,940.64,0,PARQUE ZONAL GUSTAVO URIBE BOTERO,1069.73,0,0.21,,1.0,0.67,0.0,,0.02,1087.48,0.0
2536-M4416724,APARTAMENTO,VENTA,19.61,87.0,2.0,2.0,465000.0,1.0,COLINA Y ALREDEDORES,4,REMODELADO,4.73,-74.05,USADO,,0,1,0,0,1,1,0,0,0,1,False,SUBA,LA VICTORIA NORTE,Calle 146,321.83,1,PARQUE VECINAL URBANIZACIÓN LA LAGUNA,284.95,1,0.23,,0.5,1.0,0.0,,0.02,1447.66,0.0
16526-M4689452,APARTAMENTO,VENTA,19.43,65.0,3.0,2.0,260000.0,1.0,ENGATIVA,4,ENTRE 0 Y 5 ANOS,4.72,-74.13,USADO,,0,0,0,0,1,1,0,0,0,1,False,ENGATIVA,S.C. ENGATIVA EL DORADO,Portal 80,2562.54,0,PARQUE METROPOLITANO PLANTA DE TRATAMIENTO SALITRE,942.38,0,0.3,,0.33,1.5,0.0,,0.05,2349.29,0.0
434-M4030498,APARTAMENTO,VENTA,20.16,118.0,3.0,3.0,350000.0,2.0,NIZA ALHAMBRA,5,ENTRE 10 Y 20 ANOS,4.7,-74.06,USADO,,0,1,0,0,0,1,0,0,0,0,False,SUBA,EL BATAN,Calle 127,178.39,1,PARQUE ZONAL ATABANZA,698.88,0,0.17,,0.67,1.0,0.0,,0.03,338.4,3.0
717-M4465717,APARTAMENTO,VENTA,20.55,150.0,3.0,5.0,740000.0,2.0,SANTA BARBARA,6,ENTRE 10 Y 20 ANOS,4.7,-74.04,USADO,,0,1,0,1,1,1,0,0,0,1,False,USAQUEN,SANTA BARBARA CENTRAL I SECTOR,Calle 127,2118.83,0,PARQUE METROPOLITANO EL COUNTRY,520.29,0,0.14,,0.67,0.6,0.0,,0.02,610.81,0.0
3165-M4510788,APARTAMENTO,VENTA,21.68,262.0,4.0,4.0,1400000.0,3.0,CHICO,6,ENTRE 10 Y 20 ANOS,4.68,-74.04,USADO,,0,0,0,0,0,1,0,0,0,0,False,CHAPINERO,S.C. CHICO NORTE,Virrey,1648.96,0,PARQUE VECINAL URBANIZACIÓN LA CABRERA,972.29,0,0.08,,0.75,1.0,0.0,,0.02,462.35,1.0
330-51485,APARTAMENTO,VENTA,20.38,89.0,3.0,2.0,260000.0,2.0,SALITRE MODELIA,4,ENTRE 10 Y 20 ANOS,4.65,-74.1,USADO,,0,0,0,0,0,0,0,0,0,0,False,TEUSAQUILLO,CIUDAD SALITRE NORORIENTAL,Salitre - El Greco,467.77,1,PARQUE VECINAL URBANIZACIÓN SALITRE (GRECO),715.41,0,0.23,,0.67,1.5,0.0,,0.03,243.69,4.0
11633-M3016138,APARTAMENTO,VENTA,21.04,304.0,3.0,4.0,950000.0,2.0,CHICO,6,MAS DE 20 ANOS,4.66,-74.05,USADO,,0,0,0,0,0,0,0,0,0,0,False,CHAPINERO,S.C. EL BAGAZAL,Calle 72,1706.75,0,PARQUE ZONAL GUSTAVO URIBE BOTERO,907.93,0,0.07,,0.67,0.75,0.0,,0.01,960.2,0.0
13436-M4705060,APARTAMENTO,VENTA,20.35,134.0,3.0,3.0,714000.0,2.0,,5,MAS DE 20 ANOS,4.71,-74.05,USADO,,0,1,0,0,1,0,0,0,0,1,False,USAQUEN,COUNTRY CLUB,Prado,628.4,0,PARQUE ZONAL ATABANZA,1223.04,0,0.15,,0.67,1.0,0.0,,0.02,773.0,0.0
15745-M4191293,APARTAMENTO,VENTA,20.64,100.0,2.0,3.0,617000.0,2.0,CHICO,6,ENTRE 5 Y 10 ANOS,4.68,-74.05,USADO,,0,0,0,0,0,0,0,0,0,0,False,CHAPINERO,S.C. CHICO NORTE III SECTOR,Calle 100 - Marketmedios,420.65,1,PARQUE VECINAL URBANIZACIÓN NORMANDIA I II II Y IV SECTOR,985.05,0,0.21,,1.0,0.67,0.0,,0.02,414.91,2.0
14264-M4420529,APARTAMENTO,VENTA,20.13,90.0,3.0,3.0,400000.0,1.0,SALITRE MODELIA,4,ENTRE 10 Y 20 ANOS,4.66,-74.11,USADO,,0,0,0,0,0,1,0,0,0,0,False,FONTIBON,CIUDAD SALITRE,El Tiempo - Maloka,546.21,0,PARQUE ZONAL SAUZALITO,202.36,1,0.22,,0.33,1.0,0.0,,0.03,274.35,4.0
13436-M4705058,APARTAMENTO,VENTA,19.92,82.0,3.0,2.0,368000.0,1.0,,4,ENTRE 5 Y 10 ANOS,4.66,-74.13,USADO,,0,0,0,1,1,1,0,0,0,1,False,FONTIBON,EL TINTAL A.S.D.,Normandía,2064.71,0,PARQUE ZONAL CANAL BOYACA,1339.39,0,0.24,,0.33,1.5,0.0,,0.04,194.09,2.0
384-M3922324,APARTAMENTO,VENTA,19.74,77.0,2.0,2.0,567000.0,1.0,SANTA BARBARA,4,MAS DE 20 ANOS,4.71,-74.03,USADO,,0,0,0,0,0,0,0,0,0,0,False,USAQUEN,SAN,Prado,3051.13,0,PARQUE METROPOLITANO EL COUNTRY,1315.71,0,0.26,,0.5,1.0,0.0,,0.03,830.81,0.0
13436-M4704882,APARTAMENTO,VENTA,20.03,79.0,3.0,2.0,355600.0,1.0,ORQUIDEAS,4,ENTRE 0 Y 5 ANOS,4.75,-74.03,USADO,,0,0,0,1,1,1,1,0,0,1,False,USAQUEN,SANTA TERESA,Toberin - Foundever,2283.98,0,PARQUE ZONAL SERVITA,407.94,1,0.25,,0.33,1.5,0.0,,0.04,1112.31,0.0
252-M3982391,APARTAMENTO,VENTA,20.25,123.0,3.0,3.0,400000.0,2.0,COLINA Y ALREDEDORES,5,ENTRE 10 Y 20 ANOS,4.72,-74.06,USADO,,0,0,0,1,1,1,0,0,0,1,False,SUBA,URB. BOCA COLINA,Alcalá,1297.67,0,PARQUE VECINAL PRADO PINZÓN,1043.66,0,0.16,,0.67,1.0,0.0,,0.02,101.68,1.0
717-M3123495,APARTAMENTO,VENTA,20.65,132.0,2.0,3.0,3921395.93,3.0,SANTA BARBARA,5,ENTRE 5 Y 10 ANOS,4.7,-74.05,USADO,,0,1,0,0,1,1,0,0,0,1,False,USAQUEN,SANTA BARBARA OCCIDENTAL,Calle 127,773.61,0,PARQUE METROPOLITANO EL COUNTRY,1044.24,0,0.16,,1.5,0.67,0.0,,0.02,495.5,1.0
3459-M4598672,APARTAMENTO,VENTA,20.41,103.0,4.0,2.0,460000.0,2.0,NORMANDIA,4,ENTRE 5 Y 10 ANOS,4.66,-74.1,USADO,,0,0,0,1,1,1,0,0,0,1,False,ENGATIVA,S.C. JARDIN BOTANICO,El Tiempo - Maloka,469.02,1,PARQUE VECINAL URBANIZACIÓN SALITRE (GRECO),993.39,0,0.2,,0.5,2.0,0.0,,0.04,547.25,0.0
2731-M4289321,APARTAMENTO,VENTA,20.98,146.0,3.0,3.0,385000.0,1.0,NICOLAS DE FEDERMAN,4,MAS DE 20 ANOS,4.64,-74.09,USADO,,0,0,0,0,1,0,0,0,0,1,False,TEUSAQUILLO,RAFAEL NUNEZ,Quinta Paredes,652.14,0,PARQUE ZONAL NICOLAS DE FEDERMAN 3,1099.18,0,0.14,,0.33,1.0,0.0,,0.02,438.05,1.0
2731-M2396699,APARTAMENTO,VENTA,20.21,88.0,3.0,3.0,500000.0,2.0,NIZA ALHAMBRA,5,ENTRE 0 Y 5 ANOS,4.7,-74.06,USADO,,0,1,0,0,1,0,0,0,0,1,False,SUBA,MALIBU,Pepe Sierra,399.15,1,PARQUE ZONAL ATABANZA,877.8,0,0.23,,0.67,1.0,0.0,,0.03,586.6,0.0
11104-M4742781,APARTAMENTO,VENTA,19.06,48.0,3.0,1.0,139700.0,0.0,FONTIBON TINTAL,3,ENTRE 0 Y 5 ANOS,4.68,-74.16,USADO,,0,0,0,0,0,1,0,0,0,1,False,FONTIBON,EL CHARCO,Portal El Dorado,3993.65,0,PARQUE ZONAL LA CONCORDIA,860.85,0,0.4,,0.0,3.0,0.0,,0.06,2253.11,0.0
15815-M4564551,APARTAMENTO,VENTA,19.36,60.0,3.0,2.0,232000.0,1.0,ORQUIDEAS,3,REMODELADO,4.74,-74.03,USADO,,0,0,0,0,0,1,0,0,0,1,False,USAQUEN,SANTA TERESA,Toberin - Foundever,2077.52,0,PARQUE ZONAL SERVITA,450.62,1,0.32,,0.33,1.5,0.0,,0.05,990.68,0.0
3553-M4695605,APARTAMENTO,VENTA,19.67,71.0,3.0,2.0,425000.0,1.0,NIZA ALHAMBRA,5,MAS DE 20 ANOS,4.71,-74.06,USADO,,0,0,0,0,1,1,0,0,0,1,False,SUBA,EL BATAN - BELOMAR,Humedal Córdoba,730.1,0,PARQUE ZONAL CANAL CORDOBA,585.22,0,0.28,,0.33,1.5,0.0,,0.04,939.26,0.0
832-M4565950,APARTAMENTO,VENTA,19.43,74.0,4.0,2.0,224000.0,1.0,ORQUIDEAS,3,MAS DE 20 ANOS,4.76,-74.04,USADO,,0,0,0,0,0,1,0,0,0,1,False,USAQUEN,RINCON DEL PUENTE - QUINTA CATANIA,Calle 187,204.48,1,PARQUE VECINAL DESARROLLO VERBENAL I,423.55,1,0.26,,0.25,2.0,0.0,,0.05,278.61,1.0
5161-M3782008,APARTAMENTO,VENTA,19.76,40.0,1.0,1.0,520000.0,1.0,CHAPINERO ALTO,4,ENTRE 0 Y 5 ANOS,4.64,-74.06,USADO,,0,0,0,1,0,1,0,0,0,1,False,CHAPINERO,S.C INGEMAR,Calle 57,1070.16,0,PARQUE ZONAL GUSTAVO URIBE BOTERO,1093.73,0,0.49,,1.0,1.0,0.0,,0.02,1168.56,0.0
5161-M4460275,APARTAMENTO,VENTA,19.49,82.0,3.0,2.0,415000.0,1.0,COLINA Y ALREDEDORES,3,MAS DE 20 ANOS,4.75,-74.06,USADO,,0,0,0,0,0,1,0,0,0,1,False,SUBA,URB. LA CHOCITA,Toberin - Foundever,1820.88,0,PARQUE ZONAL SAN JOSÉ DE BAVARIA,803.75,0,0.24,,0.33,1.5,0.0,,0.04,1677.5,0.0
2748-M4595648,APARTAMENTO,VENTA,21.34,213.0,3.0,4.0,1000000.0,2.0,CERROS DE SUBA,6,ENTRE 10 Y 20 ANOS,4.72,-74.08,USADO,,0,1,0,1,0,1,1,0,0,0,False,SUBA,BELLOMONTE SUBA,Suba - AV. Boyacá,523.93,0,PARQUE VECINAL AGRUPACIÓN DE VIVIENDA EN BALCON DE LINDARAJA,988.63,0,0.1,,0.67,0.75,0.0,,0.01,1524.72,0.0
2748-M4595637,APARTAMENTO,VENTA,20.61,134.0,3.0,3.0,540000.0,2.0,COLINA Y ALREDEDORES,5,ENTRE 0 Y 5 ANOS,4.73,-74.06,USADO,,0,0,0,1,0,1,1,0,0,0,False,SUBA,SAN JOSE DEL PRADO - URB. ECHEVERRIA,Alcalá,1181.25,0,PARQUE VECINAL PRADO PINZÓN,843.89,0,0.15,,0.67,1.0,0.0,,0.02,247.3,1.0
2510-M4515032,APARTAMENTO,VENTA,19.1,40.0,2.0,1.0,3921395.93,0.0,TIMIZA LA ALQUERIA,2,ENTRE 5 Y 10 ANOS,4.6,-74.14,USADO,,0,0,0,1,1,1,0,0,0,1,False,KENNEDY,RINCON DE SAN ANDRES,Venecia,296.57,1,PARQUE VECINAL URBANIZACIÓN LAS LAGUNETA,670.1,0,0.48,,0.0,2.0,0.0,,0.05,1311.45,0.0
16349-M4648264,APARTAMENTO,VENTA,19.32,42.0,1.0,1.0,363000.0,1.0,CEDRITOS,4,MAS DE 20 ANOS,4.73,-74.04,USADO,,0,1,0,0,1,1,0,0,0,1,False,USAQUEN,LOS CEDRITOS,Calle 142,969.34,0,PARQUE VECINAL NUEVA URBANIZACIÓN EL CEDRITO,975.74,0,0.46,,1.0,1.0,0.0,,0.02,875.68,0.0
2748-M3179405,APARTAMENTO,VENTA,20.38,126.0,3.0,3.0,440000.0,2.0,NIZA ALHAMBRA,5,ENTRE 10 Y 20 ANOS,4.7,-74.07,USADO,,0,1,0,1,1,1,0,0,0,1,False,SUBA,LAGOS DE CORDOBA,Humedal Córdoba,256.82,1,PARQUE ZONAL CANAL CORDOBA,629.05,0,0.16,,0.67,1.0,0.0,,0.02,752.3,0.0
2731-M4203094,APARTAMENTO,VENTA,19.92,111.0,3.0,3.0,375000.0,1.0,NIZA ALHAMBRA,4,MAS DE 20 ANOS,4.71,-74.07,USADO,,0,0,0,0,0,0,0,0,0,0,True,SUBA,NIZA SUR,Humedal Córdoba,226.02,1,PARQUE ZONAL LOS LACHES LA MINA,485.46,1,0.18,,0.33,1.0,0.0,,0.03,482.98,9.0
2821-M4201855,APARTAMENTO,VENTA,21.34,224.0,4.0,5.0,1900000.0,3.0,CHICO,6,ENTRE 10 Y 20 ANOS,4.67,-74.05,USADO,,1,1,0,0,1,0,0,0,0,1,False,CHAPINERO,LA CABRERA,Héroes - Gel´Hada,1129.71,0,PARQUE VECINAL URBANIZACIÓN LA CABRERA,179.49,1,0.1,,0.75,0.8,0.0,,0.02,244.79,4.0
717-M3294880,APARTAMENTO,VENTA,20.34,113.0,3.0,3.0,936000.0,2.0,CHICO,5,MAS DE 20 ANOS,4.66,-74.05,USADO,,0,0,0,0,1,1,0,0,0,1,False,CHAPINERO,S.C. BELLAVISTA,Calle 72,1001.58,0,PARQUE ZONAL GUSTAVO URIBE BOTERO,791.14,0,0.18,,0.67,1.0,0.0,,0.03,270.17,3.0
717-M3090119,APARTAMENTO,VENTA,20.1,72.0,2.0,2.0,3921395.93,2.0,SANTA BARBARA,5,ENTRE 5 Y 10 ANOS,4.7,-74.03,USADO,,0,0,0,0,1,1,0,0,0,1,False,USAQUEN,SANTA BARBARA ORIENTAL,Calle 127,2569.75,0,PARQUE METROPOLITANO EL COUNTRY,922.33,0,0.28,,1.0,1.0,0.0,,0.03,387.84,1.0
717-M3056570,APARTAMENTO,VENTA,20.52,76.0,2.0,2.0,3921395.93,2.0,SANTA BARBARA,6,ENTRE 0 Y 5 ANOS,4.7,-74.04,USADO,,0,0,0,0,1,1,0,0,0,1,False,USAQUEN,SANTA BARBARA CENTRAL II SECTOR,Pepe Sierra,1859.72,0,PARQUE METROPOLITANO EL COUNTRY,936.87,0,0.27,,1.0,1.0,0.0,,0.03,636.37,0.0
2162-M4688888,APARTAMENTO,VENTA,21.12,180.0,3.0,5.0,1100000.0,3.0,COUNTRY,6,ENTRE 10 Y 20 ANOS,4.71,-74.03,USADO,,0,1,0,1,1,1,0,0,0,1,False,USAQUEN,BOSQUES DE MEDINA,Prado,2930.22,0,PARQUE METROPOLITANO EL COUNTRY,1502.96,0,0.12,,1.0,0.6,0.0,,0.02,615.87,0.0
12494-M4447952,APARTAMENTO,VENTA,20.61,133.0,3.0,3.0,614000.0,1.0,CHICO,6,MAS DE 20 ANOS,4.68,-74.04,USADO,,0,0,0,0,1,1,0,0,0,1,False,CHAPINERO,CHICO NORTE - URB. LA GRAN VIA,Calle 100 - Marketmedios,1967.47,0,PARQUE VECINAL URBANIZACIÓN LA CABRERA,1603.68,0,0.15,,0.33,1.0,0.0,,0.02,81.68,2.0
11203-M3398226,APARTAMENTO,VENTA,20.49,120.0,3.0,3.0,800000.0,3.0,SANTA BARBARA,6,MAS DE 20 ANOS,4.7,-74.03,USADO,,0,1,0,0,1,0,0,0,0,1,False,USAQUEN,SANTA BARBARA ORIENTAL,Calle 127,2457.36,0,PARQUE METROPOLITANO EL COUNTRY,878.48,0,0.17,,1.0,1.0,0.0,,0.02,284.91,2.0
2571-M4439259,APARTAMENTO,VENTA,21.06,158.0,4.0,4.0,1000000.0,2.0,CHICO,5,ENTRE 10 Y 20 ANOS,4.67,-74.06,USADO,,0,0,0,1,1,1,0,0,0,1,False,CHAPINERO,S.C. ANTIGUO COUNTRY,Calle 85,186.97,1,PARQUE METROPOLITANO RECONCILIACIÓN,108.75,1,0.13,,0.5,1.0,0.0,,0.03,442.01,2.0
2162-M2046932,APARTAMENTO,VENTA,21.39,242.0,4.0,5.0,1250000.0,4.0,CEDRITOS,6,ENTRE 10 Y 20 ANOS,4.72,-74.03,USADO,,1,1,0,1,1,1,0,0,0,1,False,USAQUEN,BELMIRA,Alcalá,2523.1,0,PARQUE VECINAL NUEVA URBANIZACIÓN EL CEDRITO,749.3,0,0.09,,1.0,0.8,0.0,,0.02,354.92,1.0
11203-M3981132,APARTAMENTO,VENTA,20.62,200.0,4.0,3.0,658000.0,2.0,CEDRITOS,5,MAS DE 20 ANOS,4.72,-74.03,USADO,,0,0,0,0,0,1,0,0,0,1,False,USAQUEN,BELMIRA,Alcalá,2613.17,0,PARQUE VECINAL NUEVA URBANIZACIÓN EL CEDRITO,754.31,0,0.1,,0.5,1.33,0.0,,0.02,485.51,1.0
5537-M3976158,APARTAMENTO,VENTA,20.47,108.0,2.0,3.0,550000.0,2.0,COUNTRY,5,MAS DE 20 ANOS,4.71,-74.03,USADO,,0,0,0,1,1,1,0,0,0,1,False,USAQUEN,LISBOA_,Prado,2419.66,0,PARQUE VECINAL NUEVA URBANIZACIÓN EL CEDRITO,1178.52,0,0.19,,1.0,0.67,0.0,,0.02,297.73,3.0
11200-M4676979,APARTAMENTO,VENTA,20.98,231.0,3.0,5.0,1490000.0,3.0,ALTOS DE SUBA Y CERROS DE SAN JORGE,6,ENTRE 10 Y 20 ANOS,4.74,-74.08,USADO,,0,0,0,0,0,1,0,0,0,0,False,SUBA,TORRELADERA,21 Ángeles,539.74,0,PARQUE ZONAL EL TOMILLAR,498.69,1,0.09,,1.0,0.6,0.0,,0.01,1202.46,0.0
16066-M4652668,APARTAMENTO,VENTA,21.68,300.0,4.0,5.0,1120000.0,3.0,SALITRE MODELIA,4,ENTRE 10 Y 20 ANOS,4.66,-74.11,USADO,,1,1,0,1,1,1,0,0,0,1,False,FONTIBON,CIUDAD SALITRE,El Tiempo - Maloka,319.25,1,PARQUE ZONAL SAUZALITO,473.52,1,0.07,,0.75,0.8,0.0,,0.01,233.53,4.0
2162-M3633245,APARTAMENTO,VENTA,21.18,258.0,4.0,5.0,1400000.0,3.0,SANTA BARBARA,6,REMODELADO,4.7,-74.04,USADO,,0,1,0,0,1,0,0,0,0,1,False,USAQUEN,SANTA BARBARA CENTRAL I SECTOR,Calle 127,1903.73,0,PARQUE METROPOLITANO EL COUNTRY,503.27,0,0.08,,0.75,0.8,0.0,,0.02,566.88,0.0
800-M4602389,APARTAMENTO,VENTA,19.83,54.0,1.0,2.0,453000.0,1.0,COLINA Y ALREDEDORES,5,REMODELADO,4.72,-74.06,USADO,,0,0,0,0,1,1,0,0,0,0,False,SUBA,SAN JOSE DEL PRADO,Alcalá,723.74,0,PARQUE VECINAL PRADO PINZÓN,746.06,0,0.37,,1.0,0.5,0.0,,0.02,524.68,0.0
717-M4512144,APARTAMENTO,VENTA,20.37,110.0,2.0,3.0,3921395.93,2.0,SANTA BARBARA,6,ENTRE 10 Y 20 ANOS,4.69,-74.05,USADO,,0,1,0,0,1,1,0,0,0,1,False,USAQUEN,SAN PATRICIO,Calle 106,263.95,1,PARQUE ZONAL CANAL CORDOBA,1388.62,0,0.19,,1.0,0.67,0.0,,0.02,503.92,0.0
800-M4603993,APARTAMENTO,VENTA,19.26,53.0,2.0,2.0,220000.0,1.0,ORQUIDEAS,4,ENTRE 10 Y 20 ANOS,4.75,-74.02,USADO,,0,0,0,0,0,1,0,0,0,0,False,USAQUEN,S.C. HORIZONTES NORTE,Portal Norte,2510.45,0,PARQUE ZONAL SERVITA,1384.68,0,0.36,,0.5,1.0,0.0,,0.04,1590.76,0.0
16430-M4702893,APARTAMENTO,VENTA,20.17,93.0,3.0,3.0,403000.0,2.0,NIZA ALHAMBRA,5,MAS DE 20 ANOS,4.71,-74.07,USADO,,0,0,0,1,1,1,0,0,0,1,False,SUBA,LAGOS DE CORDOBA,Humedal Córdoba,295.62,1,PARQUE ZONAL CANAL CORDOBA,560.09,0,0.22,,0.67,1.0,0.0,,0.03,745.54,0.0
495-M4290817,APARTAMENTO,VENTA,20.32,114.0,3.0,3.0,820000.0,2.0,CHICO,6,MAS DE 20 ANOS,4.68,-74.05,USADO,,0,0,0,0,0,0,0,0,0,0,False,CHAPINERO,S.C. CHICO NORTE III SECTOR,Calle 100 - Marketmedios,533.43,0,PARQUE VECINAL URBANIZACIÓN NORMANDIA I II II Y IV SECTOR,1057.49,0,0.18,,0.67,1.0,0.0,,0.03,311.86,2.0
38-M3357795,APARTAMENTO,VENTA,21.39,244.0,2.0,3.0,1492000.0,2.0,CHICO,6,REMODELADO,4.66,-74.06,USADO,,0,1,0,0,1,1,0,0,0,1,False,CHAPINERO,S.C. PORCIUNCULA,Calle 72,758.17,0,PARQUE ZONAL GUSTAVO URIBE BOTERO,689.13,0,0.09,,1.0,0.67,0.0,,0.01,149.65,5.0
15833-M4593890,APARTAMENTO,VENTA,19.38,58.9,3.0,2.0,230000.0,1.0,ORQUIDEAS,3,ENTRE 5 Y 10 ANOS,4.74,-74.03,USADO,,0,0,0,0,0,1,0,0,0,0,False,USAQUEN,EL_JARDIN,Calle 161,2518.51,0,PARQUE ZONAL SERVITA,331.39,1,0.33,,0.33,1.5,0.0,,0.05,1254.7,0.0
770-M4147919,APARTAMENTO,VENTA,21.49,187.0,3.0,4.0,1600000.0,2.0,CHICO,6,ENTRE 5 Y 10 ANOS,4.66,-74.05,USADO,,0,1,0,1,1,0,0,0,0,1,False,CHAPINERO,S.C. BELLAVISTA,Calle 72,1138.48,0,PARQUE ZONAL GUSTAVO URIBE BOTERO,579.33,0,0.11,,0.67,0.75,0.0,,0.02,389.58,1.0
10139-M4043431,APARTAMENTO,VENTA,21.37,180.0,3.0,5.0,1600000.0,3.0,CHICO,6,ENTRE 10 Y 20 ANOS,4.67,-74.05,USADO,,0,0,0,0,0,1,0,0,0,0,False,CHAPINERO,LA CABRERA,Héroes - Gel´Hada,1077.89,0,PARQUE VECINAL URBANIZACIÓN LA CABRERA,293.43,1,0.12,,1.0,0.6,0.0,,0.02,230.12,4.0
16449-M4638038,APARTAMENTO,VENTA,20.72,174.0,3.0,3.0,1300000.0,2.0,SANTA BARBARA,6,MAS DE 20 ANOS,4.7,-74.04,USADO,,0,0,0,0,1,0,0,0,0,1,False,USAQUEN,SANTA BARBARA OCCIDENTAL,Calle 127,1099.22,0,PARQUE METROPOLITANO EL COUNTRY,694.48,0,0.12,,0.67,1.0,0.0,,0.02,293.24,1.0
93-M3798102,APARTAMENTO,VENTA,21.51,358.78,4.0,5.0,2200000.0,3.0,CHICO,6,MAS DE 20 ANOS,4.66,-74.05,USADO,,0,0,0,0,0,0,0,0,0,0,False,CHAPINERO,HORIZONTES (PREDIO),Calle 72,1670.22,0,PARQUE ZONAL SAN ANDRÉS,966.5,0,0.06,,0.75,0.8,0.0,,0.01,937.95,0.0
512-M4536303,APARTAMENTO,VENTA,20.26,116.0,3.0,3.0,674000.0,1.0,CHICO,6,MAS DE 20 ANOS,4.68,-74.05,USADO,,0,1,0,0,1,1,0,0,0,1,False,CHAPINERO,CHICO RESERVADO II SECTOR,Calle 100 - Marketmedios,1471.74,0,PARQUE ZONAL CANAL EL VIRREY EL CHICO,1124.66,0,0.17,,0.33,1.0,0.0,,0.03,311.95,2.0
13436-M4705059,APARTAMENTO,VENTA,20.25,136.0,2.0,3.0,700000.0,2.0,SANTA BARBARA,5,MAS DE 20 ANOS,4.7,-74.05,USADO,,0,0,0,0,1,0,0,0,0,1,False,USAQUEN,SANTA BARBARA OCCIDENTAL,Calle 127,208.9,1,PARQUE ZONAL ATABANZA,864.86,0,0.15,,1.0,0.67,0.0,,0.01,160.97,5.0
93-M3345140,APARTAMENTO,VENTA,20.29,118.0,3.0,3.0,570600.0,2.0,COLINA Y ALREDEDORES,5,MAS DE 20 ANOS,4.72,-74.06,USADO,,0,0,0,0,0,0,0,0,0,0,False,SUBA,URB. BOCA COLINA,Gratamira,1325.22,0,PARQUE VECINAL PRADO PINZÓN,1022.03,0,0.17,,0.67,1.0,0.0,,0.03,240.07,2.0
11369-M4503693,APARTAMENTO,VENTA,20.89,115.0,2.0,2.0,500000.0,2.0,SANTA BARBARA,6,ENTRE 0 Y 5 ANOS,4.7,-74.03,USADO,,1,1,0,1,0,1,1,0,0,1,False,USAQUEN,SANTA BARBARA ORIENTAL,Calle 127,2706.94,0,PARQUE METROPOLITANO EL COUNTRY,999.66,0,0.18,,1.0,1.0,0.0,,0.02,592.62,0.0
13436-M4705057,APARTAMENTO,VENTA,19.86,46.0,1.0,2.0,350000.0,1.0,COUNTRY,5,ENTRE 0 Y 5 ANOS,4.72,-74.04,USADO,,0,1,0,1,1,1,0,0,0,1,False,USAQUEN,EL CONTADOR,Alcalá,1029.02,0,PARQUE VECINAL NUEVA URBANIZACIÓN EL CEDRITO,992.3,0,0.43,,1.0,0.5,0.0,,0.02,524.11,0.0
10139-M4653914,APARTAMENTO,VENTA,20.42,121.0,3.0,3.0,1100000.0,2.0,SANTA BARBARA,6,REMODELADO,4.69,-74.05,USADO,,0,1,0,0,1,1,0,0,0,1,False,USAQUEN,SAN PATRICIO,Calle 106,337.03,1,PARQUE ZONAL CANAL CORDOBA,1626.11,0,0.17,,0.67,1.0,0.0,,0.02,433.98,1.0
2238-M4195728,APARTAMENTO,VENTA,21.06,170.0,3.0,3.0,1100000.0,3.0,CHICO,6,ENTRE 10 Y 20 ANOS,4.67,-74.05,USADO,,0,1,0,1,1,1,0,0,0,1,False,CHAPINERO,S.C. CHICO NORTE,Virrey,1356.6,0,PARQUE VECINAL URBANIZACIÓN LA CABRERA,555.06,0,0.12,,1.0,1.0,0.0,,0.02,355.64,2.0
9890-M3326924,APARTAMENTO,VENTA,21.19,236.0,3.0,4.0,1400000.0,3.0,CHICO,6,MAS DE 20 ANOS,4.67,-74.04,USADO,,0,1,0,0,1,0,0,0,0,1,False,CHAPINERO,EL REFUGIO,Calle 85,1988.75,0,PARQUE VECINAL URBANIZACIÓN LA CABRERA,928.74,0,0.09,,1.0,0.75,0.0,,0.01,888.46,0.0
717-M2781318,APARTAMENTO,VENTA,21.09,187.0,3.0,3.0,3921395.93,3.0,SANTA BARBARA,6,ENTRE 10 Y 20 ANOS,4.69,-74.06,USADO,,0,1,0,0,1,1,0,0,0,1,False,USAQUEN,SANTA BIBIANA,Calle 100 - Marketmedios,462.18,1,PARQUE VECINAL URBANIZACIÓN NORMANDIA I II II Y IV SECTOR,1196.62,0,0.11,,1.0,1.0,0.0,,0.02,720.09,0.0
3072-M4290222,APARTAMENTO,VENTA,21.21,90.0,1.0,2.0,3921395.93,1.0,CHICO,6,ENTRE 0 Y 5 ANOS,4.67,-74.05,USADO,,0,0,0,0,1,1,0,0,0,1,False,CHAPINERO,LA CABRERA,Calle 85,1242.57,0,PARQUE VECINAL URBANIZACIÓN LA CABRERA,182.46,1,0.24,,1.0,0.5,0.0,,0.01,154.86,1.0
4428-M3273776,APARTAMENTO,VENTA,20.18,115.0,3.0,3.0,519000.0,2.0,COLINA Y ALREDEDORES,5,ENTRE 10 Y 20 ANOS,4.73,-74.07,USADO,,0,0,0,1,1,1,0,0,0,1,False,SUBA,ATENAS - HIBERNIA,Gratamira,504.38,0,PARQUE ZONAL EL TOMILLAR,998.39,0,0.18,,0.67,1.0,0.0,,0.03,688.93,0.0
5588-M4574530,APARTAMENTO,VENTA,19.98,50.0,1.0,2.0,3921395.93,1.0,CEDRITOS,4,ENTRE 0 Y 5 ANOS,4.72,-74.03,USADO,,0,0,0,1,0,0,0,0,0,1,False,USAQUEN,LOS CEDROS ORIENTAL,Calle 142,2734.32,0,PARQUE VECINAL NUEVA URBANIZACIÓN EL CEDRITO,814.55,0,0.4,,1.0,0.5,0.0,,0.02,778.61,0.0
384-M4085979,APARTAMENTO,VENTA,19.88,116.32,3.0,2.0,3921395.93,1.0,CHAPINERO,4,MAS DE 20 ANOS,4.64,-74.08,USADO,,0,0,0,0,0,0,0,0,0,0,False,TEUSAQUILLO,GALERIAS,Campín - UAN,274.09,1,PARQUE ESCENARIO DEPORTIVO EL CAMPINCITO - CEAD,239.79,1,0.17,,0.33,1.5,0.0,,0.03,312.66,1.0
2123-M2797039,APARTAMENTO,VENTA,20.52,130.0,3.0,4.0,505000.0,2.0,COUNTRY,5,ENTRE 5 Y 10 ANOS,4.7,-74.03,USADO,,0,0,0,0,0,1,1,0,0,1,False,USAQUEN,S.C. SAN NORTE,Calle 127,2924.09,0,PARQUE METROPOLITANO EL COUNTRY,1187.28,0,0.16,,0.67,0.75,0.0,,0.02,854.43,0.0
10312-M3295816,APARTAMENTO,VENTA,20.6,90.0,1.0,2.0,569000.0,2.0,CHICO,6,ENTRE 10 Y 20 ANOS,4.66,-74.05,USADO,,0,1,1,0,1,1,0,0,0,1,False,CHAPINERO,LOS ROSALES,Calle 76 - San Felipe,1367.7,0,PARQUE ZONAL SAN ANDRÉS,454.02,1,0.23,,2.0,0.5,0.0,,0.01,630.79,0.0
754-M4309299,APARTAMENTO,VENTA,21.51,285.6,3.0,4.0,2300000.0,3.0,CHAPINERO ALTO,6,MAS DE 20 ANOS,4.65,-74.05,USADO,,0,1,0,0,1,1,0,0,0,1,False,CHAPINERO,S.C. LAS ACACIAS,Flores – Areandina,1273.03,0,PARQUE ZONAL GUSTAVO URIBE BOTERO,125.93,1,0.08,,1.0,0.75,0.0,,0.01,439.19,1.0
851-M2760984,APARTAMENTO,VENTA,20.57,131.0,3.0,3.0,900000.0,2.0,CHAPINERO ALTO,4,ENTRE 5 Y 10 ANOS,4.64,-74.06,USADO,,0,0,0,1,0,0,0,0,0,1,False,CHAPINERO,S.C. BOSQUE CALDERON,Calle 57,689.83,0,PARQUE ZONAL GUSTAVO URIBE BOTERO,1271.92,0,0.16,,0.67,1.0,0.0,,0.02,1208.86,0.0
771-M4371680,APARTAMENTO,VENTA,21.75,242.0,3.0,4.0,2000000.0,4.0,CHICO,6,ENTRE 5 Y 10 ANOS,4.66,-74.05,USADO,,0,0,0,1,0,1,1,0,0,1,False,CHAPINERO,S.C. EL RETIRO,Héroes - Gel´Hada,1408.4,0,PARQUE ZONAL SAN ANDRÉS,443.17,1,0.09,,1.33,0.75,0.0,,0.01,544.89,0.0
450-M4693397,APARTAMENTO,VENTA,20.2,81.0,3.0,2.0,440000.0,1.0,CHAPINERO ALTO,5,MAS DE 20 ANOS,4.64,-74.06,USADO,,0,0,0,0,1,1,0,0,0,1,False,CHAPINERO,S.C INGEMAR,Calle 57,992.37,0,PARQUE ZONAL GUSTAVO URIBE BOTERO,1067.75,0,0.25,,0.33,1.5,0.0,,0.04,1108.56,0.0
450-M4645347,APARTAMENTO,VENTA,20.37,135.0,1.0,2.0,50000.0,0.0,CENTRO INTERNACIONAL,3,MAS DE 20 ANOS,4.62,-74.06,USADO,,0,0,0,0,0,0,0,0,0,1,False,SANTA FE,LA MACARENA,Museo Nacional,473.98,1,PARQUE METROPOLITANO INDEPENDENCIA BICENTENARIO,550.61,0,0.15,,0.0,0.5,0.0,,0.01,371.46,3.0
3065-M3402179,APARTAMENTO,VENTA,20.29,115.0,3.0,3.0,407000.0,2.0,SANTA BARBARA,5,ENTRE 10 Y 20 ANOS,4.7,-74.05,USADO,,0,1,0,0,1,0,0,0,0,1,False,USAQUEN,SANTA BARBARA OCCIDENTAL,Pepe Sierra,685.09,0,PARQUE METROPOLITANO EL COUNTRY,1322.27,0,0.18,,0.67,1.0,0.0,,0.03,219.58,2.0
11203-M2581950,APARTAMENTO,VENTA,20.9,220.0,3.0,4.0,800000.0,2.0,COUNTRY,5,MAS DE 20 ANOS,4.71,-74.03,USADO,,0,1,0,1,1,1,0,0,0,1,False,USAQUEN,GINEBRA,Prado,2866.7,0,PARQUE METROPOLITANO EL COUNTRY,1211.39,0,0.09,,0.67,0.75,0.0,,0.01,611.99,0.0
2748-M4416744,APARTAMENTO,VENTA,20.34,126.0,3.0,4.0,478000.0,2.0,NIZA ALHAMBRA,4,REMODELADO,4.69,-74.07,USADO,,0,1,0,1,1,1,0,0,0,1,False,SUBA,ANDES NORTE  - URB. PORTOBELLO,Puentelargo,182.8,1,PARQUE ZONAL MORATO,782.27,0,0.16,,0.67,0.75,0.0,,0.02,561.63,0.0
717-M2408093,APARTAMENTO,VENTA,20.86,198.0,3.0,5.0,1055000.0,3.0,SANTA BARBARA,6,MAS DE 20 ANOS,4.7,-74.05,USADO,,0,1,0,1,1,1,0,0,0,1,True,USAQUEN,SANTA BARBARA OCCIDENTAL,Calle 127,768.08,0,PARQUE METROPOLITANO EL COUNTRY,1197.12,0,0.11,,1.0,0.6,0.0,,0.02,328.99,1.0
3390-M4656518,APARTAMENTO,VENTA,19.64,47.42,1.0,1.0,409000.0,1.0,COUNTRY,5,ENTRE 5 Y 10 ANOS,4.72,-74.05,USADO,,0,0,0,0,0,1,0,0,0,1,False,USAQUEN,LOS CEDROS,Alcalá,155.95,1,PARQUE VECINAL PRADO PINZÓN,776.34,0,0.41,,1.0,1.0,0.0,,0.02,422.08,1.0
512-M4559026,APARTAMENTO,VENTA,21.15,193.0,3.0,4.0,1976000.0,3.0,CHAPINERO ALTO,4,ENTRE 5 Y 10 ANOS,4.65,-74.05,USADO,,0,1,0,0,1,1,0,0,0,1,False,CHAPINERO,S.C. GRANADA,Flores – Areandina,1122.37,0,PARQUE ZONAL GUSTAVO URIBE BOTERO,331.37,1,0.11,,1.0,0.75,0.0,,0.02,368.89,1.0
717-M3055443,APARTAMENTO,VENTA,21.44,200.0,2.0,3.0,3921395.93,2.0,CHICO,6,ENTRE 10 Y 20 ANOS,4.67,-74.05,USADO,,1,1,0,0,1,1,0,0,0,1,False,CHAPINERO,S.C. CHICO NORTE,Virrey,1551.57,0,PARQUE VECINAL URBANIZACIÓN LA CABRERA,631.12,0,0.11,,1.0,0.67,0.0,,0.01,535.32,0.0
2359-M4600598,APARTAMENTO,VENTA,21.47,286.0,4.0,5.0,1200000.0,2.0,COUNTRY,6,MAS DE 20 ANOS,4.71,-74.03,USADO,,0,1,0,1,1,1,0,0,0,1,False,USAQUEN,BOSQUES DE MEDINA,Prado,2892.61,0,PARQUE METROPOLITANO EL COUNTRY,1429.47,0,0.08,,0.5,0.8,0.0,,0.01,592.15,0.0
14381-M4729601,APARTAMENTO,VENTA,19.88,93.0,3.0,1.0,267000.0,1.0,CHAPINERO ALTO,4,MAS DE 20 ANOS,4.63,-74.07,USADO,,0,0,0,0,0,0,0,0,0,1,False,CHAPINERO,S.C. SUCRE,Calle 45 - American School Way,250.46,1,PARQUE METROPOLITANO PARQUE NACIONAL (PM2A) ENRIQUE OLAYA HERRERA (SECTOR HISTORICO),543.51,0,0.21,,0.33,3.0,0.0,,0.03,251.82,3.0
4428-M4683261,APARTAMENTO,VENTA,19.72,80.0,3.0,2.0,400000.0,1.0,COLINA Y ALREDEDORES,4,ENTRE 0 Y 5 ANOS,4.75,-74.06,USADO,,0,1,0,1,1,1,0,0,0,1,False,SUBA,S.C. PORTALES DEL NORTE,Portal Norte,1391.57,0,PARQUE ZONAL SAN JOSÉ DE BAVARIA,595.7,0,0.25,,0.33,1.5,0.0,,0.04,1808.83,0.0
10139-M2448748,APARTAMENTO,VENTA,20.32,114.45,3.0,3.0,480000.0,2.0,CEDRITOS,4,ENTRE 5 Y 10 ANOS,4.73,-74.04,USADO,,0,0,0,1,1,1,0,0,0,1,False,USAQUEN,LOS CEDRITOS,Calle 142,1014.27,0,PARQUE VECINAL NUEVA URBANIZACIÓN EL CEDRITO,910.64,0,0.18,,0.67,1.0,0.0,,0.03,795.5,0.0
3340-M4712276,APARTAMENTO,VENTA,19.49,65.25,2.0,1.0,450000.0,1.0,SANTA BARBARA,6,MAS DE 20 ANOS,4.69,-74.05,USADO,,0,1,0,0,0,0,0,0,0,1,False,USAQUEN,SAN PATRICIO,Pepe Sierra,1172.57,0,PARQUE METROPOLITANO EL COUNTRY,1311.68,0,0.3,,0.5,2.0,0.0,,0.03,275.36,2.0
512-M4097020,APARTAMENTO,VENTA,20.23,74.0,3.0,2.0,310000.0,1.0,SALITRE MODELIA,4,ENTRE 10 Y 20 ANOS,4.64,-74.1,USADO,,0,1,0,1,1,1,0,0,0,1,False,TEUSAQUILLO,PRADOS DEL_SALITRE,Quinta Paredes,754.06,0,PARQUE VECINAL SANTA CLARA,446.84,1,0.27,,0.33,1.5,0.0,,0.04,193.39,2.0
5588-M4574459,APARTAMENTO,VENTA,20.29,52.0,1.0,2.0,3921395.93,0.0,CHICO,5,ENTRE 0 Y 5 ANOS,4.66,-74.06,USADO,,0,0,0,1,1,0,0,0,0,1,False,CHAPINERO,S.C. ESPARTILLAL,Calle 76 - San Felipe,445.57,1,PARQUE ZONAL SAN ANDRÉS,655.92,0,0.39,,0.0,0.5,0.0,,0.02,436.97,1.0
10139-M3662933,APARTAMENTO,VENTA,19.99,94.8,3.0,2.0,341000.0,1.0,CEDRITOS,4,ENTRE 10 Y 20 ANOS,4.74,-74.04,USADO,,0,0,0,1,1,1,0,0,0,1,False,USAQUEN,MAGDALA I ETAPA,Calle 161,653.16,0,PARQUE VECINAL DESARROLLO ESTRELLA DEL NORTE,250.34,1,0.21,,0.33,1.5,0.0,,0.03,1404.46,0.0
16066-M4646798,APARTAMENTO,VENTA,20.25,58.0,2.0,2.0,400000.0,1.0,NORMANDIA,5,ENTRE 0 Y 5 ANOS,4.66,-74.11,USADO,,1,0,0,1,1,1,1,0,0,1,False,ENGATIVA,NORMANDIA,AV. Rojas,178.23,1,PARQUE VECINAL CARLOS LLERAS (EL FUEGO),890.58,0,0.35,,0.5,1.0,0.0,,0.03,477.32,1.0
5483-M3837180,APARTAMENTO,VENTA,20.16,53.0,1.0,2.0,480000.0,1.0,SANTA BARBARA,6,ENTRE 0 Y 5 ANOS,4.69,-74.04,USADO,,0,0,0,1,1,0,0,0,0,1,False,USAQUEN,SANTA BARBARA CENTRAL I Y II,Calle 106,1566.62,0,PARQUE METROPOLITANO EL COUNTRY,1420.49,0,0.38,,1.0,0.5,0.0,,0.02,556.0,0.0
93-M3374104,APARTAMENTO,VENTA,21.02,173.0,3.0,4.0,1030000.0,3.0,CHICO,6,ENTRE 10 Y 20 ANOS,4.66,-74.05,USADO,,0,0,0,0,0,0,0,0,0,0,False,CHAPINERO,LOS ROSALES,Calle 72,1469.6,0,PARQUE ZONAL GUSTAVO URIBE BOTERO,696.22,0,0.12,,1.0,0.75,0.0,,0.02,718.02,0.0
93-3083,APARTAMENTO,VENTA,21.5,311.0,2.0,3.0,1400000.0,2.0,CHICO,6,MAS DE 20 ANOS,4.67,-74.04,USADO,,0,0,0,0,0,0,0,0,0,0,False,CHAPINERO,EL REFUGIO,Calle 85,1663.84,0,PARQUE VECINAL URBANIZACIÓN LA CABRERA,603.92,0,0.07,,1.0,0.67,0.0,,0.01,560.71,0.0
11369-M4716084,APARTAMENTO,VENTA,19.34,30.46,1.0,1.0,222000.0,0.0,,4,ENTRE 0 Y 5 ANOS,4.73,-74.02,USADO,,0,0,0,1,1,1,1,0,0,1,False,USAQUEN,BOCACOLINA EL CEDRO,Mazurén,2970.76,0,PARQUE ZONAL ALTA BLANCA,757.86,0,0.63,,0.0,1.0,0.0,,0.03,1114.71,0.0
246-M4451708,APARTAMENTO,VENTA,19.38,64.0,3.0,2.0,240000.0,1.0,COLINA Y ALREDEDORES,3,MAS DE 20 ANOS,4.75,-74.05,USADO,,0,0,0,0,0,1,0,0,0,1,False,SUBA,S.C. GRANADA NORTE,Toberin - Foundever,391.19,1,PARQUE VECINAL DESARROLLO ESTRELLA DEL NORTE,1151.11,0,0.3,,0.33,1.5,0.0,,0.05,1440.42,0.0
754-M4308387,APARTAMENTO,VENTA,21.34,200.0,4.0,4.0,2305000.0,3.0,CHICO,6,ENTRE 10 Y 20 ANOS,4.67,-74.05,USADO,,0,1,0,0,1,1,0,0,0,1,False,CHAPINERO,S.C. EL CHICO,Calle 85,1445.58,0,PARQUE VECINAL URBANIZACIÓN LA CABRERA,405.13,1,0.11,,0.75,1.0,0.0,,0.02,339.28,1.0
883-M4309480,APARTAMENTO,VENTA,20.16,105.0,3.0,3.0,719000.0,1.0,SANTA BARBARA,6,MAS DE 20 ANOS,4.7,-74.03,USADO,,0,0,0,0,1,0,0,0,0,1,False,USAQUEN,SANTA BARBARA CENTRAL IV SECTOR,Calle 127,2285.22,0,PARQUE METROPOLITANO EL COUNTRY,723.2,0,0.19,,0.33,1.0,0.0,,0.03,409.42,1.0
800-M2867695,APARTAMENTO,VENTA Y ARRIENDO,20.09,85.0,1.0,2.0,3921395.93,1.0,CHICO,6,ENTRE 5 Y 10 ANOS,4.66,-74.05,USADO,4200000.0,0,0,0,0,1,1,0,0,0,0,False,CHAPINERO,S.C. EL RETIRO,Héroes - Gel´Hada,1377.25,0,PARQUE ZONAL SAN ANDRÉS,400.69,1,0.24,49411.76,1.0,0.5,0.0,1.07,0.01,525.36,0.0
10139-M2673047,APARTAMENTO,VENTA,21.56,240.0,3.0,5.0,1000000.0,2.0,CHICO,6,ENTRE 10 Y 20 ANOS,4.67,-74.05,USADO,,0,0,0,0,1,1,0,0,0,0,False,CHAPINERO,S.C. EL RETIRO,Héroes - Gel´Hada,937.9,0,PARQUE ZONAL SAN ANDRÉS,288.92,1,0.09,,0.67,0.6,0.0,,0.01,129.37,6.0
2123-1203116,APARTAMENTO,VENTA,20.67,151.0,3.0,3.0,405000.0,2.0,SANTA BARBARA,6,ENTRE 5 Y 10 ANOS,4.7,-74.03,USADO,,0,0,0,0,0,0,0,0,0,0,False,USAQUEN,SANTA BARBARA ORIENTAL,Calle 127,2506.56,0,PARQUE METROPOLITANO EL COUNTRY,814.52,0,0.14,,0.67,1.0,0.0,,0.02,537.17,0.0
14381-M4728201,APARTAMENTO,VENTA,19.9,93.0,3.0,3.0,417000.0,1.0,COLINA Y ALREDEDORES,4,ENTRE 10 Y 20 ANOS,4.74,-74.06,USADO,,0,0,0,0,1,1,0,0,0,1,False,SUBA,CANTALEJO,Calle 161,1137.77,0,PARQUE VECINAL DESARROLLO CANTALEJO URBANIZACIÓN CANTALEJO MANZANA B,238.03,1,0.21,,0.33,1.0,0.0,,0.03,1650.56,0.0
11104-M4662801,APARTAMENTO,VENTA,19.45,71.0,3.0,2.0,275000.0,0.0,ENGATIVA,4,ENTRE 5 Y 10 ANOS,4.72,-74.13,USADO,,0,0,0,0,1,1,0,0,0,1,False,ENGATIVA,EL GACO - EL PORVENIR (PREDIO),Portal 80,2847.24,0,PARQUE METROPOLITANO PLANTA DE TRATAMIENTO SALITRE,971.51,0,0.27,,0.0,1.5,0.0,,0.04,2633.65,0.0
10312-M2688823,APARTAMENTO,VENTA,21.81,254.81,3.0,4.0,1458493.0,3.0,CHICO,6,ENTRE 0 Y 5 ANOS,4.65,-74.05,USADO,,1,1,0,1,1,1,1,0,0,1,False,CHAPINERO,S.C. LAS ACACIAS,Flores – Areandina,1551.41,0,PARQUE ZONAL GUSTAVO URIBE BOTERO,284.92,1,0.09,,1.0,0.75,0.0,,0.01,714.11,0.0
5537-M4585990,APARTAMENTO,VENTA,20.21,92.0,2.0,3.0,926000.0,2.0,SANTA BARBARA,6,ENTRE 10 Y 20 ANOS,4.7,-74.04,USADO,,0,1,0,0,1,0,0,0,0,1,False,USAQUEN,SANTA BARBARA OCCIDENTAL,Calle 127,1210.77,0,PARQUE METROPOLITANO EL COUNTRY,783.44,0,0.22,,1.0,0.67,0.0,,0.02,390.33,2.0
800-M4600019,APARTAMENTO,VENTA,19.01,44.0,3.0,2.0,197100.0,0.0,ORQUIDEAS,3,REMODELADO,4.76,-74.03,USADO,,0,0,0,0,1,1,0,0,0,0,False,USAQUEN,S.C. HORIZONTES NORTE,Calle 187,2038.36,0,PARQUE VECINAL URBANIZACIÓN CALLE 170 / ALAMEDA,1435.9,0,0.43,,0.0,1.5,0.0,,0.07,1776.01,0.0
2359-M4457333,APARTAMENTO,VENTA,21.34,320.0,4.0,5.0,1950000.0,4.0,SANTA BARBARA,6,REMODELADO,4.69,-74.05,USADO,,1,1,0,0,1,0,0,0,0,0,False,USAQUEN,SANTA BIBIANA,Calle 106,491.7,1,PARQUE ZONAL CANAL CORDOBA,1788.18,0,0.07,,1.0,0.8,0.0,,0.01,390.04,2.0
282-M4654603,APARTAMENTO,VENTA,20.82,126.0,2.0,3.0,767000.0,2.0,CHICO,6,ENTRE 10 Y 20 ANOS,4.67,-74.05,USADO,,0,0,0,0,1,0,0,0,0,0,False,CHAPINERO,LA CABRERA,Héroes - Gel´Hada,1461.93,0,PARQUE VECINAL URBANIZACIÓN LA CABRERA,519.03,0,0.17,,1.0,0.67,0.0,,0.02,531.14,0.0
2359-M4298782,APARTAMENTO,VENTA,21.53,318.0,3.0,5.0,2200000.0,3.0,COUNTRY,6,MAS DE 20 ANOS,4.72,-74.03,USADO,,1,1,0,1,1,1,0,0,0,1,False,USAQUEN,MONTEARROYO,Alcalá,2658.54,0,PARQUE VECINAL NUEVA URBANIZACIÓN EL CEDRITO,959.54,0,0.07,,1.0,0.6,0.0,,0.01,228.09,1.0
2359-M2995820,APARTAMENTO,VENTA,21.25,220.0,3.0,5.0,1100000.0,3.0,CEDRITOS,6,ENTRE 10 Y 20 ANOS,4.72,-74.02,USADO,,0,1,0,1,1,1,0,0,0,1,False,USAQUEN,S.C. BARRANCAS ORIENTAL,Calle 142,2951.75,0,PARQUE VECINAL NUEVA URBANIZACIÓN EL CEDRITO,1032.07,0,0.1,,1.0,0.6,0.0,,0.01,886.67,0.0
10139-M4168288,APARTAMENTO,VENTA,20.12,110.0,3.0,3.0,590000.0,2.0,NIZA ALHAMBRA,5,MAS DE 20 ANOS,4.71,-74.06,USADO,,0,1,0,0,1,1,0,0,0,1,False,SUBA,EL BATAN,Calle 127,443.22,1,PARQUE ZONAL ATABANZA,296.58,1,0.18,,0.67,1.0,0.0,,0.03,576.31,0.0
10139-M4585232,APARTAMENTO,VENTA,19.57,67.0,3.0,2.0,330000.0,1.0,CEDRITOS,4,MAS DE 20 ANOS,4.73,-74.04,USADO,,0,0,0,0,0,1,0,0,0,0,False,USAQUEN,LA LIBERIA,Mazurén,1354.02,0,PARQUE ZONAL LA VIDA,431.73,1,0.29,,0.33,1.5,0.0,,0.04,688.31,0.0
3072-M2797135,APARTAMENTO,VENTA,21.58,241.0,3.0,5.0,1300000.0,3.0,CHICO,6,ENTRE 10 Y 20 ANOS,4.67,-74.05,USADO,,0,0,0,1,1,1,0,0,0,1,False,CHAPINERO,LA CABRERA,Calle 85,732.65,0,PARQUE VECINAL URBANIZACIÓN LA CABRERA,347.83,1,0.09,,1.0,0.6,0.0,,0.01,177.47,8.0
771-M2577082,APARTAMENTO,VENTA,20.99,224.0,3.0,5.0,1200000.0,2.0,CHICO,6,ENTRE 10 Y 20 ANOS,4.66,-74.05,USADO,,0,1,0,1,1,0,0,0,0,1,False,CHAPINERO,LOS ROSALES,Calle 76 - San Felipe,1338.83,0,PARQUE ZONAL SAN ANDRÉS,565.84,0,0.09,,0.67,0.6,0.0,,0.01,756.18,0.0
717-M1596661,APARTAMENTO,VENTA,21.01,250.0,2.0,3.0,1300000.0,3.0,CHICO,6,ENTRE 10 Y 20 ANOS,4.67,-74.04,USADO,,0,0,0,0,0,0,0,0,0,1,False,CHAPINERO,EL REFUGIO,Calle 85,1744.91,0,PARQUE VECINAL URBANIZACIÓN LA CABRERA,684.76,0,0.08,,1.5,0.67,0.0,,0.01,643.64,0.0
13436-M4704821,APARTAMENTO,VENTA,19.61,68.0,2.0,2.0,270000.0,1.0,COLINA Y ALREDEDORES,5,MAS DE 20 ANOS,4.73,-74.07,USADO,,0,0,0,1,0,1,0,0,0,1,False,SUBA,URB. PARQUES DE LA COLINA,Gratamira,779.38,0,PARQUE VECINAL PRADO PINZÓN,1570.53,0,0.29,,0.5,1.0,0.0,,0.03,424.13,1.0
800-M4600142,APARTAMENTO,VENTA,19.86,87.0,3.0,2.0,272000.0,1.0,COLINA Y ALREDEDORES,3,ENTRE 10 Y 20 ANOS,4.75,-74.05,USADO,,0,0,0,0,0,1,0,0,0,0,False,SUBA,BRITALIA - EL TIBON ALBACETE,Toberin - Foundever,704.6,0,PARQUE VECINAL DESARROLLO CANTALEJO URBANIZACIÓN CANTALEJO MANZANA B,856.63,0,0.23,,0.33,1.5,0.0,,0.03,1738.84,0.0
13436-M4705025,APARTAMENTO,VENTA,20.39,96.0,3.0,3.0,467000.0,1.0,,5,ENTRE 5 Y 10 ANOS,4.66,-74.11,USADO,,0,1,0,1,1,1,0,0,0,1,False,FONTIBON,LA ESPERANZA NORTE,AV. Rojas,583.8,0,PARQUE ZONAL CANAL BOYACA,539.44,0,0.21,,0.33,1.0,0.0,,0.03,738.34,0.0
800-M4600053,APARTAMENTO,VENTA,19.49,55.0,2.0,2.0,199000.0,1.0,COLINA Y ALREDEDORES,4,ENTRE 5 Y 10 ANOS,4.74,-74.06,USADO,,0,0,0,1,1,1,0,0,0,0,False,SUBA,GILMAR II,Calle 161,1406.65,0,PARQUE VECINAL DESARROLLO CANTALEJO URBANIZACIÓN CANTALEJO MANZANA B,340.51,1,0.35,,0.5,1.0,0.0,,0.04,1292.63,0.0
800-M4600362,APARTAMENTO,VENTA,19.34,63.0,3.0,2.0,337000.0,1.0,CEDRITOS,4,MAS DE 20 ANOS,4.74,-74.05,USADO,,0,0,0,0,0,1,0,0,0,0,False,USAQUEN,ESTRELLA DEL NORTE,Calle 161,386.71,1,PARQUE VECINAL DESARROLLO ESTRELLA DEL NORTE,28.8,1,0.31,,0.33,1.5,0.0,,0.05,1327.56,0.0
93-M3219812,APARTAMENTO,VENTA,21.53,300.0,3.0,4.0,1250000.0,3.0,CHICO,6,ENTRE 10 Y 20 ANOS,4.65,-74.05,USADO,,0,0,0,0,0,0,0,0,0,0,False,CHAPINERO,S.C. BELLAVISTA,Flores – Areandina,1458.61,0,PARQUE ZONAL GUSTAVO URIBE BOTERO,359.86,1,0.07,,1.0,0.75,0.0,,0.01,662.49,0.0
11369-M4527560,APARTAMENTO,VENTA,20.9,120.25,3.0,3.0,940000.0,2.0,CHICO,5,ENTRE 0 Y 5 ANOS,4.67,-74.06,USADO,,0,0,0,0,1,0,0,0,0,1,False,CHAPINERO,S.C. ANTIGUO COUNTRY,Calle 85,314.9,1,PARQUE METROPOLITANO RECONCILIACIÓN,236.86,1,0.17,,0.67,1.0,0.0,,0.02,312.74,2.0
359-M4467387,APARTAMENTO,VENTA,20.49,58.0,1.0,2.0,466444.0,1.0,SALITRE MODELIA,5,ENTRE 0 Y 5 ANOS,4.65,-74.11,USADO,,0,0,0,1,1,1,1,0,0,0,False,FONTIBON,CIUDAD SALITRE OCCIDENTAL,Salitre - El Greco,573.75,0,PARQUE ZONAL SAUZALITO,642.33,0,0.35,,1.0,0.5,0.0,,0.02,67.18,3.0
754-M4290542,APARTAMENTO,VENTA,21.24,189.13,3.0,4.0,828000.0,3.0,SANTA BARBARA,6,ENTRE 5 Y 10 ANOS,4.69,-74.05,USADO,,0,0,0,0,1,1,0,0,0,1,False,USAQUEN,SANTA BIBIANA,Calle 106,482.2,1,PARQUE VECINAL URBANIZACIÓN NORMANDIA I II II Y IV SECTOR,1702.23,0,0.11,,1.0,0.75,0.0,,0.02,564.59,0.0
368-M4506259,APARTAMENTO,VENTA,19.7,44.0,1.0,1.0,273000.0,1.0,CHAPINERO ALTO,3,ENTRE 0 Y 5 ANOS,4.65,-74.06,USADO,,0,0,0,0,1,0,0,0,0,1,False,CHAPINERO,S.C. CHAPINERO CENTRAL,Calle 63,248.85,1,PARQUE ZONAL GUSTAVO URIBE BOTERO,1326.57,0,0.45,,1.0,1.0,0.0,,0.02,740.92,0.0
2996-M3582681,APARTAMENTO,VENTA,21.25,195.0,3.0,4.0,970000.0,4.0,SANTA BARBARA,6,ENTRE 5 Y 10 ANOS,4.7,-74.04,USADO,,0,0,0,0,1,0,0,0,0,0,False,USAQUEN,SANTA BARBARA OCCIDENTAL,Calle 127,1215.87,0,PARQUE METROPOLITANO EL COUNTRY,620.6,0,0.11,,1.33,0.75,0.0,,0.02,210.45,1.0
2120-M3847348,APARTAMENTO,VENTA,21.35,227.0,3.0,4.0,1190000.0,2.0,CHICO,5,REMODELADO,4.66,-74.05,USADO,,0,1,0,0,1,1,0,0,0,1,False,CHAPINERO,S.C. PORCIUNCULA,Calle 72,801.17,0,PARQUE ZONAL SAN ANDRÉS,819.59,0,0.09,,0.67,0.75,0.0,,0.01,158.51,4.0
450-M4504504,APARTAMENTO,VENTA,21.13,137.0,3.0,4.0,770000.0,2.0,CENTRO INTERNACIONAL,4,ENTRE 10 Y 20 ANOS,4.62,-74.07,USADO,,0,1,0,1,1,1,0,0,0,1,False,SANTA FE,SAMPER,Calle 34,242.98,1,PARQUE METROPOLITANO PARQUE NACIONAL (PM2A) ENRIQUE OLAYA HERRERA (SECTOR HISTORICO),685.07,0,0.15,,0.67,0.75,0.0,,0.02,443.05,4.0
717-M2423946,APARTAMENTO,VENTA Y ARRIENDO,20.65,85.0,2.0,3.0,413000.0,2.0,CHICO,6,ENTRE 0 Y 5 ANOS,4.67,-74.05,USADO,4000000.0,0,1,0,0,1,1,0,0,0,1,False,CHAPINERO,EL REFUGIO,Héroes - Gel´Hada,1562.18,0,PARQUE ZONAL SAN ANDRÉS,630.14,0,0.24,47058.82,1.0,0.67,0.0,9.69,0.02,638.76,0.0
434-M3210469,APARTAMENTO,VENTA,19.92,54.6,2.0,2.0,672000.0,1.0,SANTA BARBARA,5,ENTRE 5 Y 10 ANOS,4.69,-74.05,USADO,,0,1,1,0,0,1,0,0,0,0,False,USAQUEN,RINCON DEL CHICO,Calle 106,1231.7,0,PARQUE VECINAL URBANIZACIÓN NORMANDIA I II II Y IV SECTOR,1884.07,0,0.36,,0.5,1.0,0.0,,0.04,597.17,0.0
CTS-2343,APARTAMENTO,VENTA,19.92,90.0,3.0,3.0,330000.0,1.0,CEDRITOS,5,ENTRE 5 Y 10 ANOS,4.73,-74.03,USADO,2100000.0,0,0,0,0,0,0,0,0,0,0,False,USAQUEN,CEDRO SALAZAR,Calle 146,2441.16,0,PARQUE VECINAL NUEVA URBANIZACIÓN EL CEDRITO,599.26,0,0.22,23333.33,0.33,1.0,0.0,6.36,0.03,690.01,0.0
2162-M2117431,APARTAMENTO,VENTA,21.49,255.0,3.0,5.0,1100000.0,4.0,COUNTRY,6,ENTRE 5 Y 10 ANOS,4.71,-74.02,USADO,,1,1,0,1,1,1,0,0,0,1,False,USAQUEN,S.C. PARAMO_,Prado,3155.28,0,PARQUE METROPOLITANO EL COUNTRY,1654.99,0,0.08,,1.33,0.6,0.0,,0.01,820.89,0.0
14121-M4194138,APARTAMENTO,VENTA,19.55,34.0,1.0,2.0,349000.0,1.0,SANTA BARBARA,5,ENTRE 5 Y 10 ANOS,4.7,-74.03,USADO,,0,0,0,0,1,1,0,0,0,1,False,USAQUEN,SANTA BARBARA ORIENTAL,Calle 127,2539.79,0,PARQUE METROPOLITANO EL COUNTRY,925.03,0,0.58,,1.0,0.5,0.0,,0.03,313.91,2.0
16106-M4438469,APARTAMENTO,VENTA,19.96,89.0,3.0,2.0,407000.0,2.0,NIZA ALHAMBRA,4,MAS DE 20 ANOS,4.7,-74.08,USADO,,0,0,0,0,1,1,0,0,0,1,False,SUBA,POTOSI SECTOR I,AV. Boyacá,667.84,0,PARQUE ZONAL MORATO,949.56,0,0.22,,0.67,1.5,0.0,,0.03,487.69,1.0
2162-M2146498,APARTAMENTO,VENTA,21.67,260.0,3.0,5.0,1100000.0,3.0,COUNTRY,6,ENTRE 5 Y 10 ANOS,4.71,-74.02,USADO,,1,1,0,1,1,1,0,0,0,1,False,USAQUEN,GINEBRA,Prado,3082.82,0,PARQUE VECINAL NUEVA URBANIZACIÓN EL CEDRITO,1584.68,0,0.08,,1.0,0.6,0.0,,0.01,607.92,0.0
3340-M3151785,APARTAMENTO,VENTA,20.2,110.0,2.0,2.0,1130000.0,2.0,CHICO,6,MAS DE 20 ANOS,4.67,-74.05,USADO,,0,1,0,0,1,0,0,0,0,1,False,CHAPINERO,S.C. EL CHICO,Virrey,537.95,0,PARQUE ZONAL CANAL EL VIRREY EL CHICO,120.86,1,0.18,,1.0,1.0,0.0,,0.02,95.36,3.0
4186-M4742245,APARTAMENTO,VENTA,21.42,210.0,3.0,4.0,1300000.0,3.0,CHICO,6,ENTRE 10 Y 20 ANOS,4.68,-74.04,USADO,,0,1,0,0,1,1,0,0,0,1,False,CHAPINERO,S.C. CHICO NORTE,Virrey,1755.54,0,PARQUE VECINAL URBANIZACIÓN LA CABRERA,1067.1,0,0.1,,1.0,0.75,0.0,,0.01,566.23,0.0
754-M3984255,APARTAMENTO,VENTA,21.59,200.0,3.0,4.0,1250000.0,3.0,CHICO,6,ENTRE 5 Y 10 ANOS,4.67,-74.05,USADO,,0,1,0,1,1,1,0,0,0,1,False,CHAPINERO,S.C. EL CHICO,Calle 85,1472.88,0,PARQUE VECINAL URBANIZACIÓN LA CABRERA,475.88,1,0.11,,1.0,0.75,0.0,,0.02,394.92,1.0
16403-M4602809,APARTAMENTO,VENTA,20.16,136.0,3.0,4.0,1080000.0,1.0,NORMANDIA,4,ENTRE 10 Y 20 ANOS,4.67,-74.11,USADO,,0,0,0,0,1,1,0,0,0,1,False,ENGATIVA,NORMANDIA OCCIDENTAL,Normandía,126.34,1,PARQUE VECINAL MODELIA SECTOR A,866.94,0,0.15,,0.33,0.75,0.0,,0.02,826.89,0.0
11712-M4186826,APARTAMENTO,VENTA,19.34,25.0,1.0,1.0,3921395.93,0.0,CHAPINERO ALTO,4,ENTRE 0 Y 5 ANOS,4.64,-74.06,USADO,,0,0,0,1,1,1,0,0,0,1,False,CHAPINERO,S.C. CHAPINERO CENTRAL,Calle 57,318.07,1,PARQUE ZONAL GUSTAVO URIBE BOTERO,1431.76,0,0.77,,0.0,1.0,0.0,,0.04,1068.8,0.0
14176-M4115682,APARTAMENTO,VENTA,20.47,125.0,3.0,3.0,762300.0,2.0,COUNTRY,5,ENTRE 10 Y 20 ANOS,4.71,-74.05,USADO,,1,1,0,1,0,1,0,0,0,1,False,USAQUEN,URB._EL BOSQUE,Prado,497.48,1,PARQUE ZONAL ATABANZA,614.86,0,0.16,,0.67,1.0,0.0,,0.02,358.3,2.0
2709-M4334012,APARTAMENTO,VENTA,21.42,200.0,3.0,3.0,1350000.0,3.0,CHAPINERO ALTO,5,ENTRE 10 Y 20 ANOS,4.65,-74.05,USADO,,1,1,0,0,1,1,0,0,0,1,False,CHAPINERO,S.C. GRANADA,Flores – Areandina,1105.87,0,PARQUE ZONAL GUSTAVO URIBE BOTERO,256.85,1,0.11,,1.0,1.0,0.0,,0.02,304.68,1.0
14390-M4480630,APARTAMENTO,VENTA,20.82,127.0,3.0,3.0,700000.0,2.0,SANTA BARBARA,6,ENTRE 5 Y 10 ANOS,4.69,-74.05,USADO,,0,0,0,0,1,1,0,0,0,1,False,USAQUEN,SAN PATRICIO,Calle 106,811.14,0,PARQUE METROPOLITANO EL COUNTRY,1775.98,0,0.16,,0.67,1.0,0.0,,0.02,227.02,2.0
2328-M4064275,APARTAMENTO,VENTA,19.67,47.0,1.0,1.0,248000.0,1.0,NICOLAS DE FEDERMAN,4,ENTRE 5 Y 10 ANOS,4.65,-74.08,USADO,,0,0,0,0,1,1,0,0,0,0,False,TEUSAQUILLO,CAMPIN OCCIDENTAL,Campín - UAN,248.28,1,PARQUE ESCENARIO DEPORTIVO EL CAMPINCITO - CEAD,312.35,1,0.42,,1.0,1.0,0.0,,0.02,472.75,1.0
13436-M4705010,APARTAMENTO,VENTA,19.57,67.0,3.0,2.0,441400.0,2.0,CEDRITOS,4,MAS DE 20 ANOS,4.73,-74.03,USADO,,0,0,0,0,0,1,0,0,0,1,False,USAQUEN,LA EMILIA,Mazurén,1689.16,0,PARQUE ZONAL ALTA BLANCA,718.79,0,0.29,,0.67,1.5,0.0,,0.04,230.71,1.0
2359-M4552877,APARTAMENTO,VENTA,20.91,123.0,3.0,3.0,800000.0,3.0,SANTA BARBARA,6,ENTRE 0 Y 5 ANOS,4.69,-74.05,USADO,,0,1,0,1,1,1,0,0,0,0,False,USAQUEN,SAN PATRICIO,Calle 106,534.2,0,PARQUE ZONAL CANAL CORDOBA,1740.46,0,0.17,,1.0,1.0,0.0,,0.02,252.38,2.0
5586-M4411888,APARTAMENTO,VENTA,21.7,200.0,3.0,4.0,2750000.0,4.0,SANTA BARBARA,6,ENTRE 5 Y 10 ANOS,4.69,-74.05,USADO,,1,1,0,1,1,0,0,0,0,1,False,USAQUEN,SAN PATRICIO,Calle 106,873.72,0,PARQUE METROPOLITANO EL COUNTRY,1627.12,0,0.11,,1.33,0.75,0.0,,0.02,86.21,3.0
93-3101,APARTAMENTO,VENTA,21.49,235.0,3.0,3.0,980000.0,2.0,CHICO,6,MAS DE 20 ANOS,4.67,-74.05,USADO,,0,0,0,0,0,0,0,0,0,0,False,CHAPINERO,LA CABRERA,Héroes - Gel´Hada,1475.44,0,PARQUE VECINAL URBANIZACIÓN LA CABRERA,436.79,1,0.09,,0.67,1.0,0.0,,0.01,426.42,1.0
512-M4290613,APARTAMENTO,VENTA,19.77,69.0,2.0,3.0,385000.0,1.0,NIZA ALHAMBRA,5,ENTRE 10 Y 20 ANOS,4.71,-74.06,USADO,,0,1,0,0,1,1,0,0,0,1,False,SUBA,EL BATAN,Calle 127,272.87,1,PARQUE ZONAL ATABANZA,488.85,1,0.29,,0.5,0.67,0.0,,0.03,433.04,3.0
93-2968,APARTAMENTO,VENTA,21.68,314.0,3.0,3.0,1550000.0,4.0,CHICO,6,MAS DE 20 ANOS,4.67,-74.05,USADO,,0,0,0,0,0,0,0,0,0,0,False,CHAPINERO,LA CABRERA,Héroes - Gel´Hada,1591.22,0,PARQUE VECINAL URBANIZACIÓN LA CABRERA,590.82,0,0.07,,1.33,1.0,0.0,,0.01,583.05,0.0
717-M2380374,APARTAMENTO,VENTA,20.42,106.0,3.0,4.0,620000.0,2.0,SANTA BARBARA,6,ENTRE 0 Y 5 ANOS,4.69,-74.04,USADO,,0,0,0,0,1,1,0,0,0,1,False,USAQUEN,MOLINOS NORTE,Calle 106,1932.33,0,PARQUE METROPOLITANO EL COUNTRY,1460.15,0,0.19,,0.67,0.75,0.0,,0.03,189.81,1.0
93-M3374241,APARTAMENTO,VENTA,20.23,83.0,2.0,2.0,747000.0,2.0,CHICO,5,MAS DE 20 ANOS,4.67,-74.06,USADO,,0,0,0,0,0,0,0,0,0,0,False,CHAPINERO,S.C. ANTIGUO COUNTRY,Calle 85,327.09,1,PARQUE METROPOLITANO RECONCILIACIÓN,272.11,1,0.24,,1.0,1.0,0.0,,0.02,237.63,3.0
16288-M4565808,APARTAMENTO,VENTA,20.03,84.0,2.0,2.0,480000.0,1.0,COUNTRY,5,ENTRE 5 Y 10 ANOS,4.72,-74.04,USADO,,0,0,0,0,0,0,0,0,0,0,False,USAQUEN,EL CONTADOR,Alcalá,929.4,0,PARQUE VECINAL NUEVA URBANIZACIÓN EL CEDRITO,1146.15,0,0.24,,0.5,1.0,0.0,,0.02,415.15,1.0
800-M3846951,APARTAMENTO,VENTA,21.39,222.0,4.0,5.0,1200000.0,4.0,COUNTRY,6,REMODELADO,4.71,-74.04,USADO,,0,1,0,1,0,1,0,0,0,1,False,USAQUEN,LA_CAROLINA,Calle 127,1402.24,0,PARQUE METROPOLITANO EL COUNTRY,401.16,1,0.1,,1.0,0.8,0.0,,0.02,360.66,1.0
374-M4309366,APARTAMENTO,VENTA,21.28,250.0,3.0,5.0,2050000.0,4.0,COUNTRY,6,MAS DE 20 ANOS,4.72,-74.03,USADO,,1,1,0,1,1,1,0,0,0,1,False,USAQUEN,MONTEARROYO,Alcalá,2769.83,0,PARQUE VECINAL NUEVA URBANIZACIÓN EL CEDRITO,1044.56,0,0.09,,1.33,0.6,0.0,,0.01,307.42,1.0
754-M3335355,APARTAMENTO,VENTA,21.51,228.0,3.0,4.0,1700000.0,3.0,CHICO,6,ENTRE 10 Y 20 ANOS,4.67,-74.04,USADO,,0,1,0,1,1,1,0,0,0,1,False,CHAPINERO,S.C. CHICO NORTE,Virrey,1656.45,0,PARQUE VECINAL URBANIZACIÓN LA CABRERA,870.12,0,0.09,,1.0,0.75,0.0,,0.01,506.72,0.0
171-M3104596,APARTAMENTO,VENTA,21.16,240.9,3.0,3.0,1380000.0,2.0,CHICO,6,MAS DE 20 ANOS,4.67,-74.05,USADO,,0,1,0,0,1,0,0,0,0,1,False,CHAPINERO,LA CABRERA,Héroes - Gel´Hada,1525.63,0,PARQUE ZONAL SAN ANDRÉS,586.13,0,0.09,,0.67,1.0,0.0,,0.01,635.83,0.0
3065-M2819723,APARTAMENTO,VENTA,19.87,71.0,2.0,2.0,311000.0,1.0,CEDRITOS,4,ENTRE 5 Y 10 ANOS,4.72,-74.03,USADO,,0,0,0,1,1,0,0,0,0,1,False,USAQUEN,LOS CEDROS ORIENTAL,Calle 142,2189.36,0,PARQUE VECINAL NUEVA URBANIZACIÓN EL CEDRITO,283.7,1,0.28,,0.5,1.0,0.0,,0.03,724.28,0.0
11813-M2986918,APARTAMENTO,VENTA,19.95,89.0,3.0,2.0,495000.0,2.0,,5,ENTRE 0 Y 5 ANOS,4.72,-74.03,USADO,,0,0,1,0,0,0,0,0,0,0,False,USAQUEN,LISBOA_,Alcalá,1949.79,0,PARQUE VECINAL NUEVA URBANIZACIÓN EL CEDRITO,868.24,0,0.22,,0.67,1.5,0.0,,0.03,339.23,1.0
11813-M3939823,APARTAMENTO,VENTA,20.29,124.0,3.0,3.0,550000.0,2.0,CHICO,6,ENTRE 0 Y 5 ANOS,4.68,-74.05,USADO,,0,0,1,0,0,0,0,0,0,0,True,CHAPINERO,S.C. CHICO NORTE,Virrey,716.64,0,PARQUE ZONAL CANAL EL VIRREY EL CHICO,432.88,1,0.16,,0.67,1.0,0.0,,0.02,135.69,4.0
2162-M3035054,APARTAMENTO,VENTA,21.41,205.0,3.0,5.0,1400000.0,3.0,COUNTRY,6,ENTRE 10 Y 20 ANOS,4.71,-74.02,USADO,,0,1,0,1,1,1,0,0,0,1,False,USAQUEN,S.C. PARAMO_,Prado,3218.18,0,PARQUE VECINAL NUEVA URBANIZACIÓN EL CEDRITO,1765.39,0,0.1,,1.0,0.6,0.0,,0.01,786.17,0.0
754-M3228163,APARTAMENTO,VENTA,20.37,125.0,3.0,2.0,390000.0,2.0,COLINA Y ALREDEDORES,5,ENTRE 0 Y 5 ANOS,4.72,-74.07,USADO,,0,1,0,0,1,1,1,0,0,1,False,SUBA,CIUDAD JARDIN NORTE,Suba - AV. Boyacá,355.74,1,PARQUE ZONAL LOS LACHES LA MINA,1171.9,0,0.16,,0.67,1.5,0.0,,0.02,994.31,0.0
16066-M4693781,APARTAMENTO,VENTA,19.06,29.0,1.0,1.0,200000.0,4.0,CENTRO Y ZONA COLONIAL,3,ENTRE 0 Y 5 ANOS,4.6,-74.09,USADO,,0,0,0,1,1,1,0,0,0,1,False,LOS MARTIRES,LA ESTANZUELA_,Tygua - San José,105.56,1,PARQUE ZONAL EDUARDO SANTOS,308.61,1,0.66,,4.0,1.0,0.0,,0.03,1383.02,0.0
754-M3720588,APARTAMENTO,VENTA,20.7,145.0,3.0,4.0,1032500.0,2.0,CHICO,6,MAS DE 20 ANOS,4.66,-74.05,USADO,,0,1,0,0,1,1,0,0,0,1,False,CHAPINERO,LOS ROSALES,Calle 72,1474.14,0,PARQUE ZONAL GUSTAVO URIBE BOTERO,834.94,0,0.14,,0.67,0.75,0.0,,0.02,732.48,0.0
754-M4435598,APARTAMENTO,VENTA,20.95,124.0,2.0,3.0,1200000.0,1.0,CHICO,5,ENTRE 0 Y 5 ANOS,4.67,-74.06,USADO,,0,1,0,1,1,1,0,0,0,1,False,CHAPINERO,S.C. ANTIGUO COUNTRY,Calle 85,243.85,1,PARQUE METROPOLITANO RECONCILIACIÓN,168.42,1,0.17,,0.5,0.67,0.0,,0.02,364.18,3.0
754-M3987990,APARTAMENTO,VENTA,21.06,215.0,3.0,3.0,1028000.0,2.0,CHAPINERO ALTO,6,MAS DE 20 ANOS,4.65,-74.05,USADO,,0,0,0,0,1,1,0,0,0,1,False,CHAPINERO,S.C. LAS ACACIAS,Flores – Areandina,1657.02,0,PARQUE ZONAL GUSTAVO URIBE BOTERO,394.1,1,0.1,,0.67,1.0,0.0,,0.01,822.09,0.0
2238-M4570183,APARTAMENTO,VENTA,20.32,101.0,2.0,3.0,676000.0,2.0,CHICO,6,ENTRE 10 Y 20 ANOS,4.67,-74.05,USADO,,0,1,0,0,1,0,0,0,0,0,False,CHAPINERO,S.C. EL NOGAL,Héroes - Gel´Hada,1105.36,0,PARQUE ZONAL SAN ANDRÉS,133.89,1,0.2,,1.0,0.67,0.0,,0.02,266.52,3.0
10987-M4697422,APARTAMENTO,VENTA,19.69,63.0,3.0,2.0,298000.0,1.0,ENGATIVA,4,ENTRE 0 Y 5 ANOS,4.72,-74.13,USADO,,0,0,0,0,0,1,0,0,0,1,False,ENGATIVA,EL GACO - EL PORVENIR (PREDIO),Portal 80,2875.57,0,PARQUE METROPOLITANO PLANTA DE TRATAMIENTO SALITRE,986.19,0,0.31,,0.33,1.5,0.0,,0.05,2661.97,0.0
16637-M4735816,APARTAMENTO,VENTA,19.92,68.0,3.0,2.0,298400.0,1.0,COLINA Y ALREDEDORES,4,ENTRE 10 Y 20 ANOS,4.74,-74.07,USADO,,0,1,0,1,1,1,1,0,0,1,False,SUBA,CASABLANCA (HACIENDA),21 Ángeles,1619.65,0,PARQUE ZONAL EL TOMILLAR,655.93,0,0.29,,0.33,1.5,0.0,,0.04,802.97,0.0
770-M4196967,APARTAMENTO,VENTA,21.6,288.0,3.0,3.0,1890000.0,3.0,SANTA BARBARA,6,ENTRE 5 Y 10 ANOS,4.7,-74.04,USADO,,0,1,0,1,1,0,1,0,0,1,False,USAQUEN,SANTA BARBARA CENTRAL II,Calle 127,2119.74,0,PARQUE METROPOLITANO EL COUNTRY,419.66,1,0.07,,1.0,1.0,0.0,,0.01,740.64,0.0
5105-M4092169,APARTAMENTO,VENTA,20.29,125.0,3.0,5.0,458000.0,2.0,COUNTRY,5,ENTRE 10 Y 20 ANOS,4.72,-74.05,USADO,,0,0,0,1,1,1,0,0,0,1,False,USAQUEN,LOS CEDROS,Alcalá,314.14,1,PARQUE VECINAL PRADO PINZÓN,922.88,0,0.16,,0.67,0.6,0.0,,0.02,314.91,1.0
44-M3847151,APARTAMENTO,VENTA,20.19,55.0,1.0,2.0,340000.0,1.0,CHICO,6,ENTRE 0 Y 5 ANOS,4.68,-74.05,USADO,,0,0,0,1,1,1,0,0,0,1,False,CHAPINERO,S.C. CHICO NORTE,Calle 100 - Marketmedios,614.12,0,PARQUE VECINAL URBANIZACIÓN NORMANDIA I II II Y IV SECTOR,537.98,0,0.37,,1.0,0.5,0.0,,0.02,129.88,2.0
4162-M4307627,APARTAMENTO,VENTA,20.62,111.0,3.0,3.0,278000.0,2.0,NORMANDIA,4,ENTRE 10 Y 20 ANOS,4.67,-74.11,USADO,,0,1,0,0,1,0,0,0,0,1,False,ENGATIVA,NORMANDIA OCCIDENTAL,Normandía,629.04,0,PARQUE VECINAL MODELIA SECTOR A,1329.27,0,0.19,,0.67,1.0,0.0,,0.03,522.2,0.0
10538-M4420828,APARTAMENTO,VENTA,20.34,107.0,2.0,2.0,660000.0,2.0,LA SOLEDAD,4,ENTRE 10 Y 20 ANOS,4.64,-74.08,USADO,,0,0,0,0,0,1,0,0,0,0,False,TEUSAQUILLO,BELALCAZAR,Universidad Nacional,202.24,1,PARQUE ESCENARIO DEPORTIVO EL CAMPINCITO - CEAD,890.75,0,0.19,,1.0,1.0,0.0,,0.02,612.21,0.0
800-M4420372,APARTAMENTO,VENTA,19.59,73.0,3.0,2.0,319000.0,1.0,COLINA Y ALREDEDORES,4,ENTRE 10 Y 20 ANOS,4.75,-74.06,USADO,,0,0,0,0,0,1,0,0,0,1,False,SUBA,,Toberin - Foundever,1241.93,0,PARQUE ZONAL SAN JOSÉ DE BAVARIA,801.77,0,0.27,,0.33,1.5,0.0,,0.04,1806.9,0.0
3487-M4613601,APARTAMENTO,VENTA,20.18,84.0,3.0,2.0,472000.0,2.0,COUNTRY,4,ENTRE 5 Y 10 ANOS,4.72,-74.03,USADO,,0,1,0,1,1,0,0,0,0,1,False,USAQUEN,CEDRITOS,Alcalá,2296.56,0,PARQUE VECINAL NUEVA URBANIZACIÓN EL CEDRITO,791.58,0,0.24,,0.67,1.5,0.0,,0.04,262.71,1.0
13436-M4704823,APARTAMENTO,VENTA,19.61,58.0,1.0,2.0,367000.0,2.0,CEDRITOS,4,MAS DE 20 ANOS,4.72,-74.03,USADO,,0,1,0,0,1,1,0,0,0,1,False,USAQUEN,LAS_ACACIAS,Calle 142,2568.65,0,PARQUE VECINAL NUEVA URBANIZACIÓN EL CEDRITO,664.62,0,0.34,,2.0,0.5,0.0,,0.02,607.99,0.0
13436-M4704901,APARTAMENTO,VENTA,21.06,184.0,3.0,3.0,1260000.0,3.0,SANTA BARBARA,6,MAS DE 20 ANOS,4.69,-74.05,USADO,,0,1,0,0,1,1,0,0,0,1,False,USAQUEN,SAN PATRICIO,Calle 106,1150.26,0,PARQUE METROPOLITANO EL COUNTRY,1557.13,0,0.11,,1.0,1.0,0.0,,0.02,251.1,1.0
13436-M4704891,APARTAMENTO,VENTA,20.85,164.0,3.0,4.0,782300.0,2.0,,5,ENTRE 10 Y 20 ANOS,4.73,-74.07,USADO,,0,1,0,1,1,1,1,0,0,1,False,SUBA,ATENAS - HIBERNIA,Gratamira,544.03,0,PARQUE ZONAL EL TOMILLAR,953.03,0,0.13,,0.67,0.75,0.0,,0.02,683.61,0.0
13436-M4705019,APARTAMENTO,VENTA,20.0,97.0,4.0,2.0,360000.0,2.0,NIZA ALHAMBRA,4,ENTRE 10 Y 20 ANOS,4.7,-74.07,USADO,,0,0,0,1,0,0,0,0,0,1,False,SUBA,SANTA ROSA,Suba - Calle 116,544.1,0,PARQUE ZONAL MORATO,174.84,1,0.21,,0.5,2.0,0.0,,0.04,413.05,1.0
754-M2819608,APARTAMENTO,VENTA,21.39,286.0,4.0,4.0,1750000.0,3.0,CHICO,6,ENTRE 10 Y 20 ANOS,4.66,-74.05,USADO,,1,0,0,1,1,1,0,0,0,1,False,CHAPINERO,S.C. BELLAVISTA,Calle 72,1469.23,0,PARQUE ZONAL GUSTAVO URIBE BOTERO,652.96,0,0.07,,0.75,1.0,0.0,,0.01,717.61,0.0
754-M3735477,APARTAMENTO,VENTA,20.56,129.0,3.0,4.0,886000.0,2.0,COLINA Y ALREDEDORES,5,ENTRE 5 Y 10 ANOS,4.72,-74.06,USADO,,0,0,0,1,1,1,0,0,0,1,False,SUBA,URB. COLINA NORTE II ETAPA,Suba - AV. Boyacá,1231.37,0,PARQUE VECINAL PRADO PINZÓN,1148.2,0,0.16,,0.67,0.75,0.0,,0.02,171.65,1.0
754-M3615463,APARTAMENTO,VENTA,21.22,245.85,4.0,5.0,1671000.0,2.0,SANTA BARBARA,6,ENTRE 10 Y 20 ANOS,4.69,-74.05,USADO,,0,1,0,0,1,1,0,0,0,1,False,USAQUEN,SANTA BIBIANA,Calle 106,823.03,0,PARQUE VECINAL URBANIZACIÓN NORMANDIA I II II Y IV SECTOR,1771.29,0,0.09,,0.5,0.8,0.0,,0.02,435.34,1.0
754-M3378447,APARTAMENTO,VENTA,21.5,202.0,3.0,4.0,1250000.0,3.0,CHICO,6,ENTRE 0 Y 5 ANOS,4.67,-74.05,USADO,,0,1,0,1,1,1,0,0,0,1,False,CHAPINERO,EL REFUGIO,Héroes - Gel´Hada,1583.43,0,PARQUE VECINAL URBANIZACIÓN LA CABRERA,609.34,0,0.11,,1.0,0.75,0.0,,0.01,607.66,0.0
754-M3160973,APARTAMENTO,VENTA,21.31,170.0,2.0,4.0,1300000.0,2.0,SANTA BARBARA,6,ENTRE 0 Y 5 ANOS,4.69,-74.05,USADO,,0,0,0,0,1,1,0,0,0,1,False,USAQUEN,RINCON DEL CHICO,Calle 106,1274.55,0,PARQUE VECINAL URBANIZACIÓN NORMANDIA I II II Y IV SECTOR,1870.59,0,0.13,,1.0,0.5,0.0,,0.01,575.82,0.0
384-M4710148,APARTAMENTO,VENTA,19.97,65.0,2.0,2.0,648000.0,1.0,COUNTRY,6,ENTRE 10 Y 20 ANOS,4.71,-74.05,USADO,,0,0,0,0,0,0,0,0,0,0,False,USAQUEN,LA CALLEJA,Calle 127,734.6,0,PARQUE METROPOLITANO EL COUNTRY,1018.51,0,0.31,,0.5,1.0,0.0,,0.03,511.65,0.0
384-M4742670,APARTAMENTO,VENTA,19.69,64.0,3.0,2.0,138000.0,1.0,ENGATIVA,3,ENTRE 5 Y 10 ANOS,4.69,-74.1,USADO,,0,0,0,0,0,0,0,0,0,0,False,ENGATIVA,S.C. BOYACA,Minuto de Dios,1317.28,0,PARQUE VECINAL URBANIZACIÓN LA EUROPA,521.22,0,0.31,,0.33,1.5,0.0,,0.05,1442.0,0.0
384-M4195350,APARTAMENTO,VENTA,19.55,60.5,3.0,2.0,276085.0,1.0,ENGATIVA,4,ENTRE 0 Y 5 ANOS,4.73,-74.14,USADO,,1,0,0,1,1,0,1,0,0,1,False,ENGATIVA,S.C. EL GACO,Portal 80,3426.09,0,PARQUE REGIONAL LA FLORIDA,1279.68,0,0.32,,0.33,1.5,0.0,,0.05,2853.88,0.0
384-M4672036,APARTAMENTO,VENTA,19.65,71.0,3.0,2.0,214000.0,1.0,CASTILLA MARSELLA,3,ENTRE 0 Y 5 ANOS,4.64,-74.16,USADO,,0,0,0,0,0,0,0,0,0,0,False,KENNEDY,MARIA PAZ,Biblioteca Tintal,456.77,1,PARQUE METROPOLITANO BIBLIOTECA EL TINTAL,751.21,0,0.28,,0.33,1.5,0.0,,0.04,2911.04,0.0
3390-M4644844,APARTAMENTO,VENTA,20.68,124.0,2.0,3.0,1300000.0,2.0,CHICO,6,ENTRE 10 Y 20 ANOS,4.68,-74.04,USADO,,0,0,0,0,1,1,0,0,0,1,False,CHAPINERO,CHICO RESERVADO,Calle 100 - Marketmedios,1749.2,0,PARQUE VECINAL URBANIZACIÓN LA CABRERA,1321.43,0,0.17,,1.0,0.67,0.0,,0.02,293.74,2.0
874-M2846503,APARTAMENTO,VENTA,21.19,210.0,3.0,4.0,1500000.0,3.0,CHICO,6,MAS DE 20 ANOS,4.66,-74.05,USADO,,0,0,0,0,0,0,0,0,0,0,False,CHAPINERO,S.C. BELLAVISTA,Calle 72,1069.64,0,PARQUE ZONAL GUSTAVO URIBE BOTERO,687.67,0,0.1,,1.0,0.75,0.0,,0.01,318.79,3.0
15180-M4134333,APARTAMENTO,VENTA,20.44,162.0,3.0,3.0,983000.0,1.0,SANTA BARBARA,6,MAS DE 20 ANOS,4.69,-74.03,USADO,,0,0,0,0,0,1,0,0,0,0,False,USAQUEN,SANTA BARBARA ALTA,Calle 106,2543.88,0,PARQUE METROPOLITANO EL COUNTRY,1610.22,0,0.13,,0.33,1.0,0.0,,0.02,211.25,4.0
800-M4307153,APARTAMENTO,VENTA,19.67,66.0,2.0,2.0,3921395.93,1.0,COLINA Y ALREDEDORES,4,MAS DE 20 ANOS,4.73,-74.06,USADO,,0,0,0,0,0,1,0,0,0,1,False,SUBA,COLPATRIA SANTA HELENA,Calle 146,839.43,0,PARQUE VECINAL URBANIZACIÓN LA LAGUNA,536.67,0,0.3,,0.5,1.0,0.0,,0.03,897.41,0.0
3340-M4693933,APARTAMENTO,VENTA,20.37,61.0,1.0,2.0,728000.0,2.0,SANTA BARBARA,6,ENTRE 5 Y 10 ANOS,4.69,-74.05,USADO,,0,1,0,0,1,0,0,0,0,1,False,USAQUEN,SANTA BIBIANA,Calle 106,307.8,1,PARQUE ZONAL CANAL CORDOBA,1680.59,0,0.33,,2.0,0.5,0.0,,0.02,582.46,0.0
246-M3227423,APARTAMENTO,VENTA,20.57,162.0,3.0,3.0,630000.0,1.0,SANTA BARBARA,6,MAS DE 20 ANOS,4.7,-74.03,USADO,,0,1,0,1,1,1,0,0,0,1,False,USAQUEN,SANTA BARBARA CENTRAL II,Calle 127,2277.66,0,PARQUE METROPOLITANO EL COUNTRY,541.48,0,0.13,,0.33,1.0,0.0,,0.02,782.23,0.0
38-M4544973,APARTAMENTO,VENTA,20.11,75.0,2.0,3.0,432000.0,1.0,CHAPINERO ALTO,4,ENTRE 5 Y 10 ANOS,4.64,-74.06,USADO,,0,0,0,1,1,0,0,0,0,1,False,CHAPINERO,S.C. BOSQUE CALDERON,Marly,799.61,0,PARQUE ZONAL GUSTAVO URIBE BOTERO,1540.47,0,0.27,,0.5,0.67,0.0,,0.03,993.2,0.0
16466-M4645534,APARTAMENTO,VENTA,19.48,41.0,1.0,1.0,240000.0,1.0,CEDRITOS,4,ENTRE 0 Y 5 ANOS,4.73,-74.04,USADO,,0,0,0,0,1,0,0,0,0,1,False,USAQUEN,CAOBOS SALAZAR,Calle 146,1529.02,0,PARQUE VECINAL NUEVA URBANIZACIÓN EL CEDRITO,556.05,0,0.48,,1.0,1.0,0.0,,0.02,523.43,0.0
11813-M3939836,APARTAMENTO,VENTA,20.05,109.0,3.0,4.0,294000.0,2.0,,5,MAS DE 20 ANOS,4.71,-74.06,USADO,,0,0,1,0,0,0,0,0,0,0,False,SUBA,EL BATAN,Calle 127,649.68,0,PARQUE ZONAL ATABANZA,370.25,1,0.18,,0.67,0.75,0.0,,0.03,797.78,0.0
3390-M4048117,APARTAMENTO,VENTA,21.06,196.0,3.0,3.0,1600000.0,4.0,CERROS DE SUBA,6,MAS DE 20 ANOS,4.72,-74.08,USADO,,0,1,0,1,1,1,0,0,0,1,False,SUBA,NIZA SUBA - EL BALCON DE LINDARAJA,Suba - AV. Boyacá,849.65,0,PARQUE VECINAL AGRUPACIÓN DE VIVIENDA EN BALCON DE LINDARAJA,222.6,1,0.11,,1.33,1.0,0.0,,0.02,1121.44,0.0
2195-M4467832,APARTAMENTO,VENTA,19.81,120.37,1.0,2.0,525000.0,0.0,CENTRO INTERNACIONAL,4,MAS DE 20 ANOS,4.61,-74.07,USADO,,0,0,0,0,0,0,0,0,0,1,False,SANTA FE,SAN DIEGO,Museo Nacional,248.76,1,PARQUE METROPOLITANO INDEPENDENCIA BICENTENARIO,86.18,1,0.16,,0.0,0.5,0.0,,0.01,133.12,9.0
12364-M4685747,APARTAMENTO,VENTA,20.2,103.0,3.0,2.0,698000.0,2.0,NIZA ALHAMBRA,5,ENTRE 10 Y 20 ANOS,4.69,-74.07,USADO,,0,0,0,0,1,0,0,0,0,1,False,SUBA,PUENTE LARGO SECTOR I Y II,Puentelargo,80.39,1,PARQUE ZONAL MORATO,764.76,0,0.2,,0.67,1.5,0.0,,0.03,637.66,0.0
470-M975646,APARTAMENTO,VENTA,20.91,262.0,3.0,4.0,10224000.0,3.0,SANTA BARBARA,5,ENTRE 10 Y 20 ANOS,4.7,-74.05,USADO,,0,0,0,0,1,0,0,0,0,1,False,USAQUEN,SANTA BARBARA OCCIDENTAL,Calle 127,458.86,1,PARQUE ZONAL ATABANZA,1052.58,0,0.08,,1.0,0.75,0.0,,0.01,313.29,5.0
13674-M4543552,APARTAMENTO,VENTA,21.16,161.63,3.0,4.0,1290000.0,2.0,SANTA BARBARA,5,ENTRE 5 Y 10 ANOS,4.7,-74.05,USADO,,0,1,0,0,1,0,0,0,0,1,False,USAQUEN,SANTA BARBARA OCCIDENTAL,Calle 127,332.72,1,PARQUE ZONAL ATABANZA,975.3,0,0.13,,0.67,0.75,0.0,,0.02,374.75,3.0
34-56609,APARTAMENTO,VENTA,21.63,289.0,3.0,4.0,1600000.0,1.0,CHICO,6,MAS DE 20 ANOS,4.68,-74.05,USADO,,0,1,0,0,1,0,0,0,0,0,True,CHAPINERO,S.C. CHICO NORTE,Calle 100 - Marketmedios,938.0,0,PARQUE ZONAL CANAL EL VIRREY EL CHICO,849.34,0,0.07,,0.33,0.75,0.0,,0.01,386.51,5.0
11233-2768157,APARTAMENTO,VENTA,19.25,60.0,3.0,1.0,3921395.93,1.0,PUENTE ARANDA,3,MAS DE 20 ANOS,4.6,-74.12,USADO,1000000.0,0,0,0,0,0,0,0,0,0,0,False,PUENTE ARANDA,LA GUACA IV SECTOR,NQS - Calle 30 S,711.38,0,PARQUE ZONAL CIUDAD MONTES,202.7,1,0.32,16666.67,0.33,3.0,0.0,0.26,0.05,1284.79,0.0
717-M3178435,APARTAMENTO,VENTA,20.25,100.0,3.0,3.0,3921395.93,1.0,SANTA BARBARA,6,MAS DE 20 ANOS,4.69,-74.05,USADO,,0,1,0,0,1,1,0,0,0,1,False,USAQUEN,SAN PATRICIO,Calle 106,527.57,0,PARQUE ZONAL CANAL CORDOBA,1675.92,0,0.2,,0.33,1.0,0.0,,0.03,212.6,2.0
754-M2828447,APARTAMENTO,VENTA,20.71,108.0,3.0,3.0,920000.0,2.0,CHICO,6,ENTRE 10 Y 20 ANOS,4.65,-74.05,USADO,,0,0,0,0,1,1,0,0,0,1,False,CHAPINERO,ALTOS DE BELLAVISTA,Calle 72,1440.86,0,PARQUE ZONAL GUSTAVO URIBE BOTERO,462.96,1,0.19,,0.67,1.0,0.0,,0.03,705.24,0.0
3115-M4647169,APARTAMENTO,VENTA,19.58,50.18,2.0,2.0,223000.0,1.0,CORTIJO AUTOPISTA MEDELLIN,3,ENTRE 0 Y 5 ANOS,4.7,-74.09,USADO,,0,0,0,1,1,1,0,0,0,1,False,ENGATIVA,EL MINUTO DE DIOS,Granja - Kr 77,691.34,0,PARQUE ZONAL LA SERENA,797.42,0,0.39,,0.5,1.0,0.0,,0.04,1119.15,0.0
839-M4261557,APARTAMENTO,VENTA,21.12,162.0,3.0,4.0,900000.0,3.0,CERROS DE SUBA,6,ENTRE 5 Y 10 ANOS,4.72,-74.08,USADO,,0,1,0,1,0,1,1,0,0,1,False,SUBA,BELLOMONTE SUBA,Suba - AV. Boyacá,544.72,0,PARQUE VECINAL AGRUPACIÓN DE VIVIENDA EN BALCON DE LINDARAJA,942.42,0,0.13,,1.0,0.75,0.0,,0.02,1512.11,0.0
34-56457,APARTAMENTO,VENTA,20.65,191.85,4.0,4.0,1050000.0,2.0,CHICO,6,MAS DE 20 ANOS,4.68,-74.05,USADO,,0,1,0,0,0,0,0,0,0,0,False,CHAPINERO,S.C. CHICO NORTE III SECTOR,Calle 100 - Marketmedios,720.95,0,PARQUE VECINAL URBANIZACIÓN NORMANDIA I II II Y IV SECTOR,904.64,0,0.11,,0.5,1.0,0.0,,0.02,289.19,3.0
754-M4324182,APARTAMENTO,VENTA,20.21,80.0,2.0,2.0,892000.0,1.0,CHICO,6,MAS DE 20 ANOS,4.68,-74.06,USADO,,0,1,0,0,1,1,0,0,0,1,False,CHAPINERO,S.C. EL CHICO,Virrey,350.25,1,PARQUE VECINAL URBANIZACIÓN NORMANDIA I II II Y IV SECTOR,298.99,1,0.25,,0.5,1.0,0.0,,0.02,407.85,2.0
2456-M2542345,APARTAMENTO,VENTA,20.52,154.0,3.0,4.0,400000.0,2.0,COLINA Y ALREDEDORES,5,ENTRE 5 Y 10 ANOS,4.74,-74.06,USADO,,0,1,0,1,1,1,1,0,0,1,False,SUBA,URB. LA SIRENA,Mazurén,1595.17,0,PARQUE VECINAL DESARROLLO CANTALEJO URBANIZACIÓN CANTALEJO MANZANA B,800.13,0,0.13,,0.67,0.75,0.0,,0.02,703.18,0.0
2456-M4196347,APARTAMENTO,VENTA,20.2,72.0,1.0,2.0,450000.0,1.0,CHICO,6,ENTRE 5 Y 10 ANOS,4.68,-74.06,USADO,,0,1,0,1,1,1,0,0,0,1,False,CHAPINERO,S.C. CHICO NORTE,Virrey,504.88,0,PARQUE VECINAL URBANIZACIÓN NORMANDIA I II II Y IV SECTOR,364.74,1,0.28,,1.0,0.5,0.0,,0.01,265.96,1.0
2456-M4698829,APARTAMENTO,VENTA,20.78,182.0,3.0,5.0,550000.0,2.0,COLINA Y ALREDEDORES,5,ENTRE 10 Y 20 ANOS,4.74,-74.06,USADO,,1,1,0,1,1,1,1,0,0,1,False,SUBA,URB. LA SIRENA,Gratamira,1608.28,0,PARQUE VECINAL DESARROLLO CANTALEJO URBANIZACIÓN CANTALEJO MANZANA B,955.02,0,0.11,,0.67,0.6,0.0,,0.02,561.66,0.0
754-M4145028,APARTAMENTO,VENTA,20.18,67.5,2.0,3.0,511000.0,2.0,COUNTRY,5,ENTRE 10 Y 20 ANOS,4.72,-74.05,USADO,,0,0,0,0,1,1,0,0,0,1,False,USAQUEN,LOS CEDROS,Alcalá,208.9,1,PARQUE VECINAL PRADO PINZÓN,570.99,0,0.3,,1.0,0.67,0.0,,0.03,441.08,1.0
2456-M2675985,APARTAMENTO,VENTA,20.91,210.0,3.0,5.0,550000.0,2.0,COLINA Y ALREDEDORES,5,ENTRE 5 Y 10 ANOS,4.74,-74.06,USADO,,0,1,0,1,1,1,1,0,0,1,False,SUBA,URB. LA SIRENA,Gratamira,1487.0,0,PARQUE ZONAL EL TOMILLAR,1031.76,0,0.1,,0.67,0.6,0.0,,0.01,425.78,1.0
2456-M3832432,APARTAMENTO,VENTA,19.92,72.0,3.0,2.0,350000.0,1.0,COLINA Y ALREDEDORES,4,ENTRE 0 Y 5 ANOS,4.74,-74.07,USADO,,0,0,0,1,1,1,0,0,0,1,False,SUBA,CASABLANCA (HACIENDA),21 Ángeles,1549.8,0,PARQUE ZONAL EL TOMILLAR,573.05,0,0.28,,0.33,1.5,0.0,,0.04,832.25,0.0
2456-M3630989,APARTAMENTO,VENTA,20.69,147.0,3.0,5.0,380000.0,3.0,COLINA Y ALREDEDORES,5,ENTRE 0 Y 5 ANOS,4.74,-74.07,USADO,,0,1,0,1,1,1,0,0,0,1,False,SUBA,URB. LA SIRENA,Gratamira,1499.53,0,PARQUE ZONAL EL TOMILLAR,961.62,0,0.14,,1.0,0.6,0.0,,0.02,462.66,1.0
800-M4457034,APARTAMENTO,VENTA,20.29,94.0,2.0,3.0,3921395.93,2.0,COUNTRY,5,ENTRE 5 Y 10 ANOS,4.71,-74.03,USADO,,0,0,0,0,0,1,0,0,0,1,False,USAQUEN,BELLA SUIZA,Prado,2447.53,0,PARQUE METROPOLITANO EL COUNTRY,764.07,0,0.22,,1.0,0.67,0.0,,0.02,412.52,1.0
800-M4456973,APARTAMENTO,VENTA,20.01,90.0,4.0,3.0,289200.0,1.0,NICOLAS DE FEDERMAN,4,MAS DE 20 ANOS,4.64,-74.09,USADO,,0,0,0,0,0,1,0,0,0,1,False,TEUSAQUILLO,RAFAEL NUNEZ,Quinta Paredes,750.83,0,PARQUE ZONAL NICOLAS DE FEDERMAN 3,991.33,0,0.22,,0.25,1.33,0.0,,0.04,419.12,1.0
800-M3923030,APARTAMENTO,VENTA,21.31,264.0,3.0,4.0,1665000.0,2.0,CHICO,6,MAS DE 20 ANOS,4.66,-74.05,USADO,,0,1,0,0,0,1,0,0,0,1,False,CHAPINERO,LOS ROSALES,Calle 76 - San Felipe,1358.2,0,PARQUE ZONAL SAN ANDRÉS,500.98,0,0.08,,0.67,0.75,0.0,,0.01,685.45,0.0
800-M3847254,APARTAMENTO,VENTA,20.38,116.0,2.0,2.0,670000.0,2.0,CHICO,6,MAS DE 20 ANOS,4.66,-74.05,USADO,,0,0,0,0,0,1,0,0,0,1,False,CHAPINERO,LOS ROSALES,Calle 72,1429.61,0,PARQUE ZONAL GUSTAVO URIBE BOTERO,757.66,0,0.18,,1.0,1.0,0.0,,0.02,681.7,0.0
836-M4742411,APARTAMENTO,VENTA,19.78,72.0,3.0,2.0,250000.0,2.0,COLINA Y ALREDEDORES,3,ENTRE 10 Y 20 ANOS,4.75,-74.06,USADO,,0,0,0,0,1,1,0,0,0,1,False,SUBA,VILLA JULIA,Portal Norte,1617.57,0,PARQUE ZONAL SAN JOSÉ DE BAVARIA,365.09,1,0.27,,0.67,1.5,0.0,,0.04,1974.33,0.0
3664-M3001047,APARTAMENTO,VENTA,21.42,234.0,3.0,5.0,2300000.0,3.0,CHICO,6,ENTRE 5 Y 10 ANOS,4.67,-74.05,USADO,,0,1,0,1,1,0,0,0,0,1,False,CHAPINERO,EL RETIRO - VILLA ANDINA,Héroes - Gel´Hada,848.32,0,PARQUE ZONAL SAN ANDRÉS,135.31,1,0.09,,1.0,0.6,0.0,,0.01,125.85,4.0
4336-M4661683,APARTAMENTO,VENTA,19.57,52.0,2.0,1.0,327000.0,1.0,CHAPINERO ALTO,4,MAS DE 20 ANOS,4.64,-74.06,USADO,,0,1,0,0,1,1,0,0,0,1,False,CHAPINERO,S.C. BOSQUE CALDERON,Calle 57,670.05,0,PARQUE ZONAL GUSTAVO URIBE BOTERO,1523.21,0,0.38,,0.5,2.0,0.0,,0.04,993.44,0.0
800-M4417176,APARTAMENTO,VENTA,19.81,67.0,2.0,2.0,391000.0,0.0,CHAPINERO ALTO,4,MAS DE 20 ANOS,4.64,-74.06,USADO,,0,1,0,0,0,1,0,0,0,1,False,CHAPINERO,S.C. LA SALLE,Calle 57,610.72,0,PARQUE ZONAL GUSTAVO URIBE BOTERO,1140.24,0,0.3,,0.0,1.0,0.0,,0.03,962.57,0.0
13436-M4704820,APARTAMENTO,VENTA,19.55,65.0,2.0,2.0,556000.0,1.0,CEDRITOS,4,MAS DE 20 ANOS,4.72,-74.04,USADO,,0,0,0,0,0,1,0,0,0,1,False,USAQUEN,ACACIAS USAQUEN,Calle 142,1553.89,0,PARQUE VECINAL NUEVA URBANIZACIÓN EL CEDRITO,368.94,1,0.3,,0.5,1.0,0.0,,0.03,538.78,0.0
13436-M4705064,APARTAMENTO,VENTA,21.12,152.0,3.0,5.0,723000.0,2.0,COUNTRY,5,ENTRE 0 Y 5 ANOS,4.71,-74.05,USADO,,0,0,0,1,1,1,0,0,0,1,False,USAQUEN,LA CALLEJA,Prado,457.01,1,PARQUE ZONAL ATABANZA,863.92,0,0.14,,0.67,0.6,0.0,,0.02,485.94,1.0
13436-M4704824,APARTAMENTO,VENTA,19.64,77.0,3.0,3.0,357000.0,1.0,CEDRITOS,4,MAS DE 20 ANOS,4.73,-74.04,USADO,,0,0,0,0,0,1,0,0,0,1,False,USAQUEN,LA LIBERIA,Mazurén,1372.32,0,PARQUE ZONAL LA VIDA,457.79,1,0.26,,0.33,1.0,0.0,,0.04,658.17,0.0
754-M3866175,APARTAMENTO,VENTA,20.68,174.0,3.0,4.0,960000.0,1.0,SANTA BARBARA,5,MAS DE 20 ANOS,4.69,-74.05,USADO,,0,0,0,0,0,1,0,0,0,1,False,USAQUEN,SANTA BIBIANA,Calle 100 - Marketmedios,764.91,0,PARQUE VECINAL URBANIZACIÓN NORMANDIA I II II Y IV SECTOR,1271.67,0,0.12,,0.33,0.75,0.0,,0.02,237.26,2.0
13436-M4705027,APARTAMENTO,VENTA,20.72,163.0,2.0,3.0,1382000.0,2.0,CHICO,6,MAS DE 20 ANOS,4.65,-74.05,USADO,,0,1,0,1,1,1,0,0,0,1,False,CHAPINERO,S.C. BELLAVISTA,Calle 72,1487.78,0,PARQUE ZONAL GUSTAVO URIBE BOTERO,593.16,0,0.13,,1.0,0.67,0.0,,0.01,738.93,0.0
754-M3195619,APARTAMENTO,VENTA,20.19,67.0,2.0,2.0,526000.0,1.0,NIZA ALHAMBRA,5,ENTRE 0 Y 5 ANOS,4.7,-74.06,USADO,,0,0,0,0,0,1,0,0,0,1,False,SUBA,EL ESTORIL,Calle 106,518.53,0,PARQUE ZONAL CANAL CORDOBA,872.74,0,0.3,,0.5,1.0,0.0,,0.03,1018.21,0.0
717-1569471,APARTAMENTO,VENTA,20.57,220.0,3.0,3.0,1250000.0,3.0,SANTA BARBARA,6,ENTRE 10 Y 20 ANOS,4.7,-74.05,USADO,,0,0,0,0,0,0,0,0,0,0,False,USAQUEN,SAN PATRICIO,Pepe Sierra,170.75,1,PARQUE ZONAL ATABANZA,1275.43,0,0.09,,1.0,1.0,0.0,,0.01,492.42,1.0
754-M3096124,APARTAMENTO,VENTA,20.56,72.0,1.0,2.0,650000.0,2.0,CHICO,6,ENTRE 0 Y 5 ANOS,4.68,-74.04,USADO,,0,0,0,1,1,1,1,0,0,1,False,CHAPINERO,S.C. CHICO NORTE,Virrey,1840.36,0,PARQUE VECINAL URBANIZACIÓN LA CABRERA,1162.85,0,0.29,,2.0,0.5,0.0,,0.01,486.44,1.0
171-M4543587,APARTAMENTO,VENTA,19.86,82.38,2.0,2.0,780000.0,2.0,COUNTRY,5,MAS DE 20 ANOS,4.7,-74.03,USADO,,0,0,0,0,0,0,0,0,0,1,False,USAQUEN,BELLA SUIZA,Calle 127,2769.15,0,PARQUE METROPOLITANO EL COUNTRY,1027.21,0,0.24,,1.0,1.0,0.0,,0.02,802.77,0.0
416-M4563214,APARTAMENTO,VENTA,20.84,140.0,3.0,3.0,751000.0,3.0,,5,ENTRE 10 Y 20 ANOS,4.66,-74.11,USADO,,0,0,0,1,1,0,0,0,0,0,False,FONTIBON,LA ESPERANZA NORTE,AV. Rojas,682.59,0,PARQUE VECINAL CARLOS LLERAS (EL FUEGO),421.22,1,0.15,,1.0,1.0,0.0,,0.02,748.11,0.0
2266-M2589406,APARTAMENTO,VENTA,20.13,80.0,1.0,2.0,544000.0,2.0,SANTA BARBARA,6,ENTRE 5 Y 10 ANOS,4.7,-74.04,USADO,,0,0,0,0,0,0,0,0,0,0,False,USAQUEN,SANTA BARBARA OCCIDENTAL,Calle 127,1191.08,0,PARQUE METROPOLITANO EL COUNTRY,557.66,0,0.25,,2.0,0.5,0.0,,0.01,210.39,1.0
384-M4070733,APARTAMENTO,VENTA,19.84,73.0,3.0,2.0,377000.0,1.0,COLINA Y ALREDEDORES,4,ENTRE 10 Y 20 ANOS,4.72,-74.06,USADO,,0,0,0,0,0,0,0,0,0,0,False,SUBA,URB. SAN RAFAEL NORTE II,Prado,1041.99,0,PARQUE ZONAL ATABANZA,1010.23,0,0.27,,0.33,1.5,0.0,,0.04,593.42,0.0
384-M4549410,APARTAMENTO,VENTA,19.32,64.0,3.0,2.0,189000.0,0.0,ENGATIVA,3,ENTRE 5 Y 10 ANOS,4.72,-74.13,USADO,,0,0,0,0,0,0,0,0,0,0,False,ENGATIVA,VILLAS DE ALCALA - LOS CEREZOS,Portal 80,2162.87,0,PARQUE ZONAL VILLAS DE GRANADA,768.32,0,0.3,,0.0,1.5,0.0,,0.05,1957.42,0.0
717-M4306672,APARTAMENTO,VENTA,20.77,134.0,3.0,3.0,603000.0,2.0,SANTA BARBARA,5,ENTRE 10 Y 20 ANOS,4.69,-74.04,USADO,,0,0,0,1,1,1,0,0,0,1,False,USAQUEN,SANTA ANA OCCIDENTAL,Calle 106,2145.04,0,PARQUE METROPOLITANO EL COUNTRY,1899.39,0,0.16,,0.67,1.0,0.0,,0.02,336.65,1.0
2469-M4616103,APARTAMENTO,VENTA,19.57,38.5,1.0,2.0,225000.0,1.0,SANTA BARBARA,6,ENTRE 0 Y 5 ANOS,4.7,-74.05,USADO,,0,0,0,0,0,1,0,0,0,1,False,USAQUEN,SANTA BARBARA OCCIDENTAL,Pepe Sierra,1041.32,0,PARQUE METROPOLITANO EL COUNTRY,1003.79,0,0.51,,1.0,0.5,0.0,,0.03,255.32,1.0
4933-M4515597,APARTAMENTO,VENTA,19.42,40.4,1.0,1.0,201000.0,1.0,NIZA ALHAMBRA,5,MAS DE 20 ANOS,4.7,-74.06,USADO,,0,1,0,0,1,1,0,0,0,1,False,SUBA,LA ALHAMBRA SECTOR SUR,Suba - Calle 116,689.79,0,PARQUE ZONAL CANAL CORDOBA,223.59,1,0.48,,1.0,1.0,0.0,,0.02,1184.7,0.0
15997-M4704606,APARTAMENTO,VENTA,19.6,76.0,3.0,2.0,280000.0,1.0,COLINA Y ALREDEDORES,4,MAS DE 20 ANOS,4.74,-74.05,USADO,,0,0,0,0,0,1,0,0,0,1,False,SUBA,MAZUREN,Mazurén,193.69,1,PARQUE VECINAL URBANIZACIÓN VICTORIA NORTE,295.46,1,0.26,,0.33,1.5,0.0,,0.04,1759.69,0.0
683-M4613374,APARTAMENTO,VENTA,20.03,88.0,3.0,2.0,516000.0,2.0,SANTA BARBARA,6,MAS DE 20 ANOS,4.7,-74.04,USADO,,0,0,0,0,1,0,0,0,0,1,False,USAQUEN,SANTA BARBARA CENTRAL I SECTOR,Calle 127,1988.65,0,PARQUE METROPOLITANO EL COUNTRY,561.08,0,0.23,,0.67,1.5,0.0,,0.03,641.89,0.0
515-M3360700,APARTAMENTO,VENTA,20.29,115.0,3.0,3.0,407000.0,2.0,SANTA BARBARA,6,MAS DE 20 ANOS,4.7,-74.05,USADO,,0,1,0,0,1,0,0,0,0,1,False,USAQUEN,SAN PATRICIO,Pepe Sierra,834.43,0,PARQUE METROPOLITANO EL COUNTRY,1260.08,0,0.18,,0.67,1.0,0.0,,0.03,8.87,3.0
3390-M3254744,APARTAMENTO,VENTA,20.82,200.0,4.0,4.0,770000.0,2.0,SANTA BARBARA,6,MAS DE 20 ANOS,4.7,-74.04,USADO,,0,1,0,0,0,1,0,0,0,1,False,USAQUEN,SANTA BARBARA CENTRAL IV SECTOR,Pepe Sierra,2188.55,0,PARQUE METROPOLITANO EL COUNTRY,784.84,0,0.1,,0.5,1.0,0.0,,0.02,412.17,1.0
2238-M4564462,APARTAMENTO,VENTA,20.37,86.0,2.0,3.0,620000.0,2.0,SANTA BARBARA,6,ENTRE 10 Y 20 ANOS,4.69,-74.05,USADO,,0,1,0,1,1,1,0,0,0,1,False,USAQUEN,SANTA BIBIANA,Calle 106,930.42,0,PARQUE VECINAL URBANIZACIÓN NORMANDIA I II II Y IV SECTOR,1622.65,0,0.24,,1.0,0.67,0.0,,0.02,516.41,0.0
3390-M4505896,APARTAMENTO,VENTA,19.88,48.0,1.0,2.0,505000.0,1.0,CENTRO Y ZONA COLONIAL,2,ENTRE 0 Y 5 ANOS,4.59,-74.07,USADO,,0,0,0,1,1,0,0,0,0,1,False,CANDELARIA,EGIPTO 2,Museo del Oro,963.04,0,PARQUE VECINAL DESARROLLO LOURDES,596.53,0,0.41,,1.0,0.5,0.0,,0.02,511.42,0.0
15453-M4575502,APARTAMENTO,VENTA,20.86,150.0,4.0,4.0,760000.0,2.0,COUNTRY,6,ENTRE 10 Y 20 ANOS,4.71,-74.04,USADO,,0,0,0,0,1,1,1,0,0,1,False,USAQUEN,LA_CAROLINA,Prado,1531.93,0,PARQUE METROPOLITANO EL COUNTRY,427.2,1,0.14,,0.5,1.0,0.0,,0.03,534.08,0.0
374-M4691833,APARTAMENTO,VENTA,21.56,392.0,4.0,5.0,2650000.0,4.0,COUNTRY,6,MAS DE 20 ANOS,4.72,-74.03,USADO,,1,1,0,1,1,1,0,0,0,1,False,USAQUEN,MONTEARROYO,Alcalá,2769.83,0,PARQUE VECINAL NUEVA URBANIZACIÓN EL CEDRITO,1044.56,0,0.05,,1.0,0.8,0.0,,0.01,307.42,1.0
717-M3346454,APARTAMENTO,VENTA,20.49,103.0,3.0,3.0,1080000.0,2.0,SANTA BARBARA,6,ENTRE 5 Y 10 ANOS,4.69,-74.05,USADO,,0,1,0,0,1,1,0,0,0,1,False,USAQUEN,SAN PATRICIO,Calle 106,827.29,0,PARQUE METROPOLITANO EL COUNTRY,1640.5,0,0.2,,0.67,1.0,0.0,,0.03,127.54,3.0
5586-M4730694,APARTAMENTO,VENTA,21.28,157.0,3.0,3.0,1200000.0,3.0,SANTA BARBARA,6,ENTRE 0 Y 5 ANOS,4.69,-74.05,USADO,,0,0,0,0,1,0,0,0,0,1,False,USAQUEN,SANTA BIBIANA,Calle 106,348.02,1,PARQUE VECINAL URBANIZACIÓN NORMANDIA I II II Y IV SECTOR,1640.73,0,0.14,,1.0,1.0,0.0,,0.02,644.84,0.0
10312-M4130628,APARTAMENTO,VENTA,21.41,285.0,3.0,4.0,2300000.0,3.0,CHAPINERO ALTO,6,MAS DE 20 ANOS,4.65,-74.05,USADO,,0,1,0,0,1,1,0,0,0,1,False,CHAPINERO,S.C. LAS ACACIAS,Flores – Areandina,1273.03,0,PARQUE ZONAL GUSTAVO URIBE BOTERO,125.93,1,0.08,,1.0,0.75,0.0,,0.01,439.19,1.0
717-M2582020,APARTAMENTO,VENTA,20.32,98.0,2.0,3.0,780000.0,2.0,SANTA BARBARA,5,ENTRE 10 Y 20 ANOS,4.7,-74.06,USADO,,0,1,0,0,1,1,0,0,0,1,False,USAQUEN,SANTA BARBARA OCCIDENTAL,Pepe Sierra,160.14,1,PARQUE ZONAL ATABANZA,1124.42,0,0.21,,1.0,0.67,0.0,,0.02,663.14,0.0
34-M4339082,APARTAMENTO,VENTA,20.13,100.98,3.0,3.0,3921395.93,4.0,NORMANDIA,4,MAS DE 20 ANOS,4.67,-74.11,USADO,,0,0,0,0,0,0,0,0,0,0,False,ENGATIVA,NORMANDIA OCCIDENTAL,Normandía,247.36,1,PARQUE VECINAL MODELIA SECTOR A,919.11,0,0.2,,1.33,1.0,0.0,,0.03,801.61,0.0
9947-M4047636,APARTAMENTO,VENTA,19.25,72.0,3.0,2.0,180000.0,0.0,ORQUIDEAS,3,ENTRE 5 Y 10 ANOS,4.76,-74.03,USADO,,0,0,0,1,0,0,0,0,0,0,False,USAQUEN,VILLAS DE ANDALUCIA,Calle 187,1305.11,0,PARQUE VECINAL URBANIZACIÓN CALLE 170 / ALAMEDA,611.15,0,0.27,,0.0,1.5,0.0,,0.04,1202.27,0.0
3438-M3645959,APARTAMENTO,VENTA,20.31,86.0,3.0,2.0,703000.0,2.0,CHAPINERO ALTO,4,ENTRE 0 Y 5 ANOS,4.65,-74.06,USADO,,0,0,0,0,0,0,0,0,0,0,False,CHAPINERO,S.C. GRANADA,Flores – Areandina,1063.9,0,PARQUE ZONAL GUSTAVO URIBE BOTERO,351.09,1,0.24,,0.67,1.5,0.0,,0.03,316.13,1.0
11233-M3772795,APARTAMENTO,VENTA,19.23,53.0,3.0,2.0,180000.0,1.0,COLINA Y ALREDEDORES,3,MAS DE 20 ANOS,4.75,-74.05,USADO,,0,0,0,0,0,1,0,0,0,0,False,SUBA,RINCON DEL KARMEL,Toberin - Foundever,409.62,1,PARQUE VECINAL DESARROLLO CANTALEJO URBANIZACIÓN CANTALEJO MANZANA B,861.19,0,0.36,,0.33,1.5,0.0,,0.06,1627.68,0.0
470-M1609769,APARTAMENTO,VENTA,21.12,180.0,3.0,3.0,940.0,3.0,CHICO,6,MAS DE 20 ANOS,4.67,-74.04,USADO,8250000.0,0,0,0,0,0,0,0,0,0,1,False,CHAPINERO,CHICO ORIENTAL,Calle 85,1770.1,0,PARQUE VECINAL URBANIZACIÓN LA CABRERA,714.66,0,0.12,45833.33,1.0,1.0,0.02,8776.6,0.02,661.96,0.0
2699-M2106195,APARTAMENTO,VENTA,20.45,80.0,2.0,2.0,500000.0,2.0,CHICO,6,ENTRE 5 Y 10 ANOS,4.68,-74.05,USADO,,0,1,0,0,0,1,0,0,0,1,False,CHAPINERO,S.C. CHICO NORTE III SECTOR,Calle 100 - Marketmedios,395.2,1,PARQUE VECINAL URBANIZACIÓN NORMANDIA I II II Y IV SECTOR,892.99,0,0.26,,1.0,1.0,0.0,,0.02,353.83,2.0
4957-M4288944,APARTAMENTO,VENTA,20.24,90.0,3.0,2.0,420000.0,2.0,COUNTRY,6,ENTRE 10 Y 20 ANOS,4.71,-74.03,USADO,,0,0,0,1,1,0,0,0,0,1,False,USAQUEN,LISBOA_,Prado,2517.14,0,PARQUE VECINAL NUEVA URBANIZACIÓN EL CEDRITO,1117.86,0,0.22,,0.67,1.5,0.0,,0.03,162.44,2.0
920-42145371,APARTAMENTO,VENTA,20.99,249.0,3.0,3.0,1000000.0,3.0,CHICO,6,MAS DE 20 ANOS,4.68,-74.05,USADO,,0,1,0,0,1,0,0,0,0,1,False,CHAPINERO,S.C. CHICO NORTE III SECTOR,Calle 100 - Marketmedios,772.99,0,PARQUE VECINAL URBANIZACIÓN NORMANDIA I II II Y IV SECTOR,984.68,0,0.08,,1.0,1.0,0.0,,0.01,225.74,3.0
2699-M2153959,APARTAMENTO,VENTA,20.91,135.0,2.0,4.0,600000.0,3.0,CHICO,6,ENTRE 10 Y 20 ANOS,4.68,-74.04,USADO,,0,0,0,0,0,0,0,0,0,1,False,CHAPINERO,S.C. CHICO NORTE,Virrey,1724.9,0,PARQUE VECINAL URBANIZACIÓN LA CABRERA,990.55,0,0.15,,1.5,0.5,0.0,,0.01,546.16,0.0
2699-M2017734,APARTAMENTO,VENTA,20.95,271.0,3.0,5.0,693000.0,2.0,COUNTRY,6,REMODELADO,4.71,-74.04,USADO,,0,1,0,0,1,1,0,0,0,0,False,USAQUEN,PLENITUD LA CALLEJA,Prado,1283.57,0,PARQUE METROPOLITANO EL COUNTRY,650.34,0,0.08,,0.67,0.6,0.0,,0.01,613.2,0.0
2748-M3230107,APARTAMENTO,VENTA,20.2,106.0,3.0,3.0,420000.0,2.0,NIZA ALHAMBRA,5,ENTRE 5 Y 10 ANOS,4.7,-74.07,USADO,,0,0,0,1,1,1,0,0,0,1,False,SUBA,LAGOS DE CORDOBA,Humedal Córdoba,213.48,1,PARQUE ZONAL CANAL CORDOBA,663.94,0,0.19,,0.67,1.0,0.0,,0.03,709.31,0.0
2699-M2016099,APARTAMENTO,VENTA,21.63,230.0,3.0,4.0,1500000.0,3.0,CHICO,6,ENTRE 5 Y 10 ANOS,4.68,-74.04,USADO,,0,0,0,0,0,0,0,0,0,1,False,CHAPINERO,CHICO RESERVADO,Virrey,1953.92,0,PARQUE VECINAL URBANIZACIÓN LA CABRERA,1246.49,0,0.09,,1.0,0.75,0.0,,0.01,462.69,1.0
5545-M3694772,APARTAMENTO,VENTA,20.01,70.0,2.0,2.0,746000.0,2.0,CHICO,5,MAS DE 20 ANOS,4.67,-74.06,USADO,,0,0,0,0,1,1,0,0,0,1,False,CHAPINERO,S.C. ANTIGUO COUNTRY,Calle 85,460.51,1,PARQUE ZONAL CANAL EL VIRREY EL CHICO,208.4,1,0.29,,1.0,1.0,0.0,,0.03,176.83,2.0
2123-M1943425,APARTAMENTO,VENTA,20.61,174.0,3.0,3.0,700000.0,3.0,SANTA BARBARA,6,MAS DE 20 ANOS,4.7,-74.04,USADO,,0,0,0,1,0,1,0,0,0,0,False,USAQUEN,SANTA BARBARA OCCIDENTAL,Pepe Sierra,1317.81,0,PARQUE METROPOLITANO EL COUNTRY,932.82,0,0.12,,1.0,1.0,0.0,,0.02,477.14,1.0
16452-M4704119,APARTAMENTO,VENTA,19.67,65.5,3.0,2.0,3921395.93,1.0,170 Y ALREDORES,4,ENTRE 5 Y 10 ANOS,4.76,-74.05,USADO,,0,0,0,0,1,1,0,0,0,1,False,SUBA,URB. PLAZA BAVIERA,Portal Norte,275.77,1,PARQUE VECINAL URBANIZACIÓN VILANOVA,807.05,0,0.3,,0.33,1.5,0.0,,0.05,720.43,0.0
4423-M4661702,APARTAMENTO,VENTA,19.58,65.0,3.0,2.0,150000.0,1.0,CORTIJO AUTOPISTA MEDELLIN,3,ENTRE 10 Y 20 ANOS,4.73,-74.12,USADO,,0,0,0,0,0,1,0,0,0,0,False,ENGATIVA,CIUDADELA COLSUBSIDIO 4 SECTOR,Portal 80,2342.14,0,PARQUE METROPOLITANO PLANTA DE TRATAMIENTO SALITRE,1023.14,0,0.3,,0.33,1.5,0.0,,0.05,2187.34,0.0
754-M4613603,APARTAMENTO,VENTA,21.75,230.0,3.0,5.0,2703000.0,4.0,CHICO,6,ENTRE 5 Y 10 ANOS,4.67,-74.04,USADO,,0,1,0,1,1,1,0,0,0,1,False,CHAPINERO,CHICO ORIENTAL,Calle 85,1688.13,0,PARQUE VECINAL URBANIZACIÓN LA CABRERA,629.66,0,0.09,,1.33,0.6,0.0,,0.01,581.72,0.0
368-M4513608,APARTAMENTO,VENTA,21.37,240.0,3.0,4.0,1279000.0,2.0,CHAPINERO ALTO,5,ENTRE 5 Y 10 ANOS,4.64,-74.06,USADO,,0,0,0,1,1,1,1,0,0,1,False,CHAPINERO,VISTA HERMOSA - MARIA CRISTINA,Calle 57,1153.71,0,PARQUE ZONAL GUSTAVO URIBE BOTERO,844.28,0,0.09,,0.67,0.75,0.0,,0.01,937.91,0.0
11712-M4588537,APARTAMENTO,VENTA,20.98,168.0,4.0,5.0,1083000.0,2.0,NIZA ALHAMBRA,5,ENTRE 0 Y 5 ANOS,4.69,-74.06,USADO,,0,1,0,1,1,1,0,0,0,1,False,SUBA,SANTA MARGARITA,Calle 106,535.79,0,PARQUE VECINAL URBANIZACIÓN NORMANDIA I II II Y IV SECTOR,1392.13,0,0.12,,0.5,0.8,0.0,,0.02,546.85,0.0
13436-M4705023,APARTAMENTO,VENTA,20.13,98.0,3.0,2.0,470000.0,1.0,CEDRITOS,4,MAS DE 20 ANOS,4.72,-74.04,USADO,,0,1,0,0,1,1,0,0,0,1,False,USAQUEN,ACACIAS USAQUEN,Calle 142,1667.67,0,PARQUE VECINAL NUEVA URBANIZACIÓN EL CEDRITO,272.36,1,0.21,,0.33,1.5,0.0,,0.03,412.25,1.0
13436-M4705054,APARTAMENTO,VENTA,19.41,50.0,2.0,2.0,331000.0,1.0,CEDRITOS,4,MAS DE 20 ANOS,4.73,-74.03,USADO,,0,0,0,0,0,1,0,0,0,1,False,USAQUEN,BARRANCAS PERLAS DEL NORTE,Mazurén,2449.08,0,PARQUE ZONAL ALTA BLANCA,409.17,1,0.39,,0.5,1.0,0.0,,0.04,576.23,0.0
2456-1109314,APARTAMENTO,VENTA,20.41,142.0,3.0,3.0,390000.0,2.0,COLINA Y ALREDEDORES,5,ENTRE 0 Y 5 ANOS,4.74,-74.06,USADO,,0,1,0,0,1,1,0,0,0,0,False,SUBA,URB. LA SIRENA,Mazurén,1701.86,0,PARQUE VECINAL DESARROLLO CANTALEJO URBANIZACIÓN CANTALEJO MANZANA B,796.06,0,0.14,,0.67,1.0,0.0,,0.02,767.68,0.0
4969-M4596556,APARTAMENTO,VENTA,19.96,79.0,2.0,3.0,470000.0,1.0,CEDRITOS,4,ENTRE 5 Y 10 ANOS,4.72,-74.04,USADO,,0,0,0,1,1,0,0,0,0,1,False,USAQUEN,CEDRITOS,Alcalá,1591.17,0,PARQUE VECINAL NUEVA URBANIZACIÓN EL CEDRITO,486.83,1,0.25,,0.5,0.67,0.0,,0.03,140.64,1.0
4428-M3348792,APARTAMENTO,VENTA,20.25,80.0,2.0,3.0,800000.0,2.0,CHAPINERO ALTO,6,ENTRE 10 Y 20 ANOS,4.65,-74.05,USADO,,0,0,0,0,1,1,0,0,0,1,False,CHAPINERO,S.C. LAS ACACIAS,Flores – Areandina,1571.95,0,PARQUE ZONAL GUSTAVO URIBE BOTERO,330.98,1,0.25,,1.0,0.67,0.0,,0.02,741.27,0.0
2359-M4543473,APARTAMENTO,VENTA,20.13,89.0,2.0,2.0,300000.0,1.0,CHICO,5,MAS DE 20 ANOS,4.66,-74.06,USADO,,0,0,0,0,1,1,0,0,0,0,False,CHAPINERO,S.C. PORCIUNCULA,Calle 76 - San Felipe,496.74,1,PARQUE ZONAL SAN ANDRÉS,697.94,0,0.23,,0.5,1.0,0.0,,0.02,465.87,3.0
16466-M4645583,APARTAMENTO,VENTA,19.79,74.0,2.0,2.0,365000.0,2.0,COUNTRY,4,ENTRE 10 Y 20 ANOS,4.72,-74.03,USADO,,0,0,0,1,1,0,0,0,0,1,False,USAQUEN,LISBOA_,Alcalá,2413.87,0,PARQUE VECINAL NUEVA URBANIZACIÓN EL CEDRITO,973.64,0,0.27,,1.0,1.0,0.0,,0.03,143.6,1.0
2266-M2995638,APARTAMENTO,VENTA,20.14,90.0,2.0,3.0,570000.0,2.0,GUAYMARAL,6,ENTRE 0 Y 5 ANOS,4.82,-74.04,USADO,,0,0,0,0,0,1,0,0,0,0,False,SUBA,SAN SIMON (HACIENDA),Terminal,5416.79,0,PARQUE VECINAL DESARROLLO VERBENAL I,5865.3,0,0.22,,1.0,0.67,0.0,,0.02,5079.05,0.0
14268-M4596404,APARTAMENTO,VENTA,19.45,18.0,1.0,1.0,250000.0,0.0,CHICO,6,ENTRE 0 Y 5 ANOS,4.68,-74.06,USADO,,0,0,0,1,1,1,0,0,0,1,False,CHAPINERO,S.C. CHICO NORTE III SECTOR,Calle 100 - Marketmedios,77.83,1,PARQUE VECINAL URBANIZACIÓN NORMANDIA I II II Y IV SECTOR,812.59,0,1.08,,0.0,1.0,0.0,,0.06,526.48,0.0
3229-M3667876,APARTAMENTO,VENTA,20.57,108.0,3.0,3.0,467000.0,2.0,SALITRE MODELIA,5,ENTRE 5 Y 10 ANOS,4.66,-74.11,USADO,,0,0,0,0,0,0,0,0,0,0,False,FONTIBON,LA ESPERANZA NORTE,AV. Rojas,563.92,0,PARQUE ZONAL CANAL BOYACA,557.03,0,0.19,,0.67,1.0,0.0,,0.03,727.94,0.0
3888-1196394,APARTAMENTO,VENTA,19.45,68.0,3.0,2.0,130000.0,0.0,PUENTE ARANDA,3,ENTRE 0 Y 5 ANOS,4.61,-74.11,USADO,,0,0,0,0,1,1,0,0,0,1,False,PUENTE ARANDA,TIBANA II SECTOR - PARQUES DE PRIMAVERA,Comuneros,1286.28,0,PARQUE VECINAL GORGONZOLA,251.77,1,0.29,,0.0,1.5,0.0,,0.04,2323.04,0.0
478-M2919126,APARTAMENTO,VENTA,19.63,51.0,1.0,1.0,379000.0,1.0,CHICO,5,MAS DE 20 ANOS,4.68,-74.04,USADO,,0,0,0,0,0,0,0,0,0,0,False,CHAPINERO,CHICO RESERVADO II SECTOR,Calle 100 - Marketmedios,1486.24,0,PARQUE ZONAL CANAL EL VIRREY EL CHICO,1319.06,0,0.38,,1.0,1.0,0.0,,0.02,86.43,2.0
384-M4428190,APARTAMENTO,VENTA,19.69,40.0,1.0,1.0,370000.0,1.0,CHAPINERO ALTO,4,MAS DE 20 ANOS,4.65,-74.05,USADO,,0,0,0,0,1,0,0,0,0,1,False,CHAPINERO,SANTO DOMINGO,Calle 63,1418.71,0,PARQUE ZONAL GUSTAVO URIBE BOTERO,332.92,1,0.49,,1.0,1.0,0.0,,0.02,663.0,0.0
4933-M4558638,APARTAMENTO,VENTA,19.38,64.0,3.0,1.0,175000.0,0.0,CORTIJO AUTOPISTA MEDELLIN,3,MAS DE 20 ANOS,4.73,-74.12,USADO,,0,0,0,0,0,1,0,0,0,1,False,ENGATIVA,CIUDADELA COLSUBSIDIO 4 SECTOR,Portal 80,2676.63,0,PARQUE VECINAL URBANIZACIÓN NUEVA TIBABUYES 1,1093.56,0,0.3,,0.0,3.0,0.0,,0.05,2523.92,0.0
384-M4592016,APARTAMENTO,VENTA,19.21,24.1,1.0,1.0,3921395.93,0.0,LA SOLEDAD,3,REMODELADO,4.64,-74.07,USADO,,0,0,0,1,1,0,0,0,0,1,False,TEUSAQUILLO,QUESADA,Marly,223.05,1,PARQUE METROPOLITANO PARQUE NACIONAL (PM2A) ENRIQUE OLAYA HERRERA (SECTOR HISTORICO),1283.57,0,0.8,,0.0,1.0,0.0,,0.04,442.24,1.0
717-M2409676,APARTAMENTO,VENTA,20.07,152.0,3.0,2.0,320000.0,2.0,CEDRITOS,5,MAS DE 20 ANOS,4.74,-74.04,USADO,,0,1,0,0,0,1,0,0,0,1,False,USAQUEN,VILLA MAGDALA,Calle 161,1146.87,0,PARQUE ZONAL LA VIDA,159.14,1,0.13,,0.67,1.5,0.0,,0.02,1079.44,0.0
800-M3643083,APARTAMENTO,VENTA,19.76,68.0,2.0,3.0,3921395.93,1.0,CHAPINERO ALTO,2,MAS DE 20 ANOS,4.65,-74.05,USADO,,0,0,0,0,0,1,0,0,0,0,False,CHAPINERO,S.C. MARIA CRISTINA,Calle 63,1306.97,0,PARQUE ZONAL GUSTAVO URIBE BOTERO,401.55,1,0.29,,0.5,0.67,0.0,,0.03,641.6,0.0
3165-M4510763,APARTAMENTO,VENTA,20.66,140.0,3.0,3.0,870000.0,2.0,SANTA BARBARA,6,ENTRE 10 Y 20 ANOS,4.69,-74.05,USADO,,0,0,0,0,0,1,0,0,0,0,False,USAQUEN,SAN PATRICIO,Calle 106,299.09,1,PARQUE ZONAL CANAL CORDOBA,1467.5,0,0.15,,0.67,1.0,0.0,,0.02,439.99,1.0
2456-M2568301,APARTAMENTO,VENTA,20.14,107.0,3.0,2.0,390000.0,2.0,COLINA Y ALREDEDORES,5,ENTRE 5 Y 10 ANOS,4.73,-74.06,USADO,,0,0,0,1,1,1,0,0,0,1,False,SUBA,SANTA HELENA - PUERTA DE HIERRO LAS ACACIAS,Gratamira,1227.28,0,PARQUE VECINAL PRADO PINZÓN,1128.93,0,0.19,,0.67,1.5,0.0,,0.03,181.24,1.0
246-M4554832,APARTAMENTO,VENTA,20.49,74.0,2.0,3.0,875000.0,1.0,SANTA BARBARA,6,ENTRE 5 Y 10 ANOS,4.7,-74.05,USADO,,0,1,0,1,1,1,0,0,0,1,False,USAQUEN,SAN PATRICIO,Pepe Sierra,459.65,1,PARQUE ZONAL ATABANZA,1453.89,0,0.28,,0.5,0.67,0.0,,0.03,263.11,2.0
10797-M4354134,APARTAMENTO,VENTA,20.99,230.0,4.0,5.0,1400000.0,2.0,COUNTRY,6,REMODELADO,4.71,-74.04,USADO,,0,1,0,0,1,1,0,0,0,1,False,USAQUEN,LA_CAROLINA,Calle 127,1298.82,0,PARQUE METROPOLITANO EL COUNTRY,483.74,1,0.09,,0.5,0.8,0.0,,0.02,345.94,1.0
717-M2835643,APARTAMENTO,VENTA,20.67,125.0,3.0,3.0,3921395.93,2.0,SANTA BARBARA,6,ENTRE 0 Y 5 ANOS,4.69,-74.05,USADO,,0,1,0,0,1,1,0,0,0,1,False,USAQUEN,SAN PATRICIO,Calle 106,316.79,1,PARQUE ZONAL CANAL CORDOBA,1463.53,0,0.17,,0.67,1.0,0.0,,0.02,426.5,1.0
34-54972,APARTAMENTO,VENTA,21.51,355.0,3.0,4.0,1595000.0,3.0,,6,ENTRE 10 Y 20 ANOS,4.67,-74.04,USADO,,0,1,0,0,0,0,0,0,0,1,False,CHAPINERO,CHICO ALTO,Calle 85,1886.77,0,PARQUE VECINAL URBANIZACIÓN LA CABRERA,826.64,0,0.06,,1.0,0.75,0.0,,0.01,784.09,0.0
34-58553,APARTAMENTO,VENTA,20.44,178.6,3.0,4.0,448000.0,4.0,SANTA BARBARA,6,MAS DE 20 ANOS,4.69,-74.05,USADO,,0,0,0,0,0,0,0,0,0,0,False,USAQUEN,SANTA BIBIANA,Calle 106,539.16,0,PARQUE VECINAL URBANIZACIÓN NORMANDIA I II II Y IV SECTOR,1290.1,0,0.11,,1.33,0.75,0.0,,0.02,699.8,0.0
821-M4436893,APARTAMENTO,VENTA,20.32,100.0,2.0,3.0,700000.0,2.0,NIZA ALHAMBRA,5,ENTRE 10 Y 20 ANOS,4.7,-74.06,USADO,,0,0,0,0,1,0,0,0,0,1,False,SUBA,S.C. PASADENA,Puentelargo,624.17,0,PARQUE ZONAL CANAL CORDOBA,640.76,0,0.2,,1.0,0.67,0.0,,0.02,945.7,0.0
684-1811,APARTAMENTO,VENTA,21.19,300.0,3.0,5.0,1950000.0,3.0,CHICO,6,ENTRE 10 Y 20 ANOS,4.67,-74.04,USADO,,0,0,0,0,0,0,0,0,0,0,False,CHAPINERO,CHICO ORIENTAL,Calle 85,2013.38,0,PARQUE VECINAL URBANIZACIÓN LA CABRERA,968.56,0,0.07,,1.0,0.6,0.0,,0.01,908.24,0.0
223-10007,APARTAMENTO,VENTA,19.61,37.0,1.0,2.0,315000.0,1.0,SANTA BARBARA,6,ENTRE 0 Y 5 ANOS,4.7,-74.04,USADO,,0,0,0,0,0,0,0,0,0,1,False,USAQUEN,SANTA BARBARA CENTRAL I SECTOR,Pepe Sierra,1449.35,0,PARQUE METROPOLITANO EL COUNTRY,895.12,0,0.53,,1.0,0.5,0.0,,0.03,609.15,0.0
16475-M4653691,APARTAMENTO,VENTA,20.82,110.0,2.0,2.0,900000.0,1.0,ENGATIVA,5,ENTRE 0 Y 5 ANOS,4.64,-74.1,USADO,,0,0,0,1,1,1,1,0,0,1,False,TEUSAQUILLO,CIUDAD SALITRE NORORIENTAL,CAN,209.21,1,PARQUE VECINAL URBANIZACIÓN SALITRE (GRECO),849.01,0,0.19,,0.5,1.0,0.0,,0.02,420.98,4.0
13436-M4704849,APARTAMENTO,VENTA,19.88,89.0,3.0,2.0,430000.0,1.0,CEDRITOS,4,MAS DE 20 ANOS,4.73,-74.03,USADO,,0,0,0,0,0,1,0,0,0,1,False,USAQUEN,CEDRO SALAZAR,Calle 146,2064.88,0,PARQUE ZONAL ALTA BLANCA,624.89,0,0.22,,0.33,1.5,0.0,,0.03,169.55,1.0
11369-M4115312,APARTAMENTO,VENTA,20.2,220.0,3.0,3.0,240000.0,2.0,CEDRITOS,4,MAS DE 20 ANOS,4.73,-74.03,USADO,,0,1,0,0,1,0,0,0,0,1,False,USAQUEN,CEDRO SALAZAR,Calle 146,2287.4,0,PARQUE ZONAL ALTA BLANCA,662.88,0,0.09,,0.67,1.0,0.0,,0.01,403.8,1.0
4933-M3876611,APARTAMENTO,VENTA,19.44,67.41,3.0,2.0,181000.0,1.0,CORTIJO AUTOPISTA MEDELLIN,3,MAS DE 20 ANOS,4.73,-74.12,USADO,,0,0,0,0,0,1,0,0,0,1,False,ENGATIVA,EL_CORTIJO,Portal 80,2398.88,0,PARQUE METROPOLITANO PLANTA DE TRATAMIENTO SALITRE,234.85,1,0.29,,0.33,1.5,0.0,,0.04,2202.13,0.0
3390-M4596178,APARTAMENTO,VENTA,20.82,150.68,3.0,4.0,1073000.0,2.0,SANTA BARBARA,5,ENTRE 0 Y 5 ANOS,4.7,-74.05,USADO,,0,0,0,0,1,1,0,0,0,1,False,USAQUEN,SANTA BARBARA OCCIDENTAL,Calle 127,734.49,0,PARQUE METROPOLITANO EL COUNTRY,1172.92,0,0.14,,0.67,0.75,0.0,,0.02,390.24,1.0
717-M1559502,APARTAMENTO,VENTA,21.53,265.0,3.0,4.0,850000.0,3.0,CHICO,6,ENTRE 10 Y 20 ANOS,4.65,-74.05,USADO,,0,0,0,1,0,0,0,0,0,1,False,CHAPINERO,S.C. BELLAVISTA,Flores – Areandina,1364.2,0,PARQUE ZONAL GUSTAVO URIBE BOTERO,262.77,1,0.08,,1.0,0.75,0.0,,0.01,555.24,0.0
3390-M3896107,APARTAMENTO,VENTA,20.55,120.0,2.0,2.0,768000.0,1.0,CHICO,6,MAS DE 20 ANOS,4.66,-74.05,USADO,,0,0,0,0,0,1,0,0,0,1,False,CHAPINERO,S.C. EL NOGAL,Calle 76 - San Felipe,1065.5,0,PARQUE ZONAL SAN ANDRÉS,440.58,1,0.17,,0.5,1.0,0.0,,0.02,607.2,0.0
717-M3057852,APARTAMENTO,VENTA,20.27,90.0,2.0,3.0,3921395.93,2.0,SANTA BARBARA,6,ENTRE 5 Y 10 ANOS,4.69,-74.04,USADO,,0,0,0,0,1,1,0,0,0,1,False,USAQUEN,SANTA BARBARA CENTRAL I Y II,Pepe Sierra,1729.76,0,PARQUE METROPOLITANO EL COUNTRY,1207.13,0,0.23,,1.0,0.67,0.0,,0.02,494.19,1.0
754-1417459,APARTAMENTO,VENTA,21.47,204.0,3.0,4.0,1144000.0,3.0,CHICO,6,ENTRE 5 Y 10 ANOS,4.68,-74.05,USADO,,0,0,0,0,0,0,0,0,0,0,False,CHAPINERO,S.C. CHICO NORTE,Virrey,1483.2,0,PARQUE VECINAL URBANIZACIÓN LA CABRERA,852.34,0,0.11,,1.0,0.75,0.0,,0.01,300.67,1.0
3390-M4118220,APARTAMENTO,VENTA,21.18,171.0,3.0,4.0,1350000.0,2.0,CHICO,5,ENTRE 10 Y 20 ANOS,4.67,-74.06,USADO,,0,0,0,0,1,1,0,0,0,1,False,CHAPINERO,S.C. ANTIGUO COUNTRY,Calle 85,355.52,1,PARQUE METROPOLITANO RECONCILIACIÓN,288.45,1,0.12,,0.67,0.75,0.0,,0.02,229.68,3.0
754-901664,APARTAMENTO,VENTA,20.86,160.0,3.0,4.0,400000.0,2.0,CHICO,6,MAS DE 20 ANOS,4.66,-74.05,USADO,,0,0,0,0,0,0,0,0,0,0,False,CHAPINERO,LOS ROSALES,Calle 76 - San Felipe,1170.51,0,PARQUE ZONAL SAN ANDRÉS,620.87,0,0.13,,0.67,0.75,0.0,,0.02,538.77,0.0
3774-M4662906,APARTAMENTO,VENTA,20.68,110.0,2.0,3.0,850000.0,2.0,CHICO,5,ENTRE 10 Y 20 ANOS,4.66,-74.05,USADO,,0,1,0,1,0,1,0,0,0,1,False,CHAPINERO,S.C. PORCIUNCULA,Calle 72,871.5,0,PARQUE ZONAL SAN ANDRÉS,774.21,0,0.19,,1.0,0.67,0.0,,0.02,213.47,4.0
3774-M3325324,APARTAMENTO,VENTA,20.9,174.0,3.0,4.0,969000.0,2.0,CHICO,6,MAS DE 20 ANOS,4.67,-74.05,USADO,,0,1,0,0,1,0,0,0,0,0,False,CHAPINERO,LA CABRERA,Héroes - Gel´Hada,1177.51,0,PARQUE ZONAL SAN ANDRÉS,335.26,1,0.12,,0.67,0.75,0.0,,0.02,317.05,4.0
44-M4467039,APARTAMENTO,VENTA,20.39,96.0,3.0,3.0,380000.0,1.0,SALITRE MODELIA,4,ENTRE 10 Y 20 ANOS,4.64,-74.1,USADO,,0,0,0,1,1,1,0,0,0,1,False,TEUSAQUILLO,CIUDAD SALITRE SURORIENTAL,Quinta Paredes,652.37,0,PARQUE VECINAL SANTA CLARA,471.24,1,0.21,,0.33,1.0,0.0,,0.03,115.34,2.0
800-M3838040,APARTAMENTO,VENTA,19.58,75.0,3.0,2.0,363600.0,1.0,CEDRITOS,4,MAS DE 20 ANOS,4.73,-74.04,USADO,,0,0,0,0,0,1,0,0,0,1,False,USAQUEN,CAOBOS SALAZAR,Calle 142,1416.56,0,PARQUE VECINAL NUEVA URBANIZACIÓN EL CEDRITO,584.95,0,0.26,,0.33,1.5,0.0,,0.04,692.42,0.0
2238-M3428622,APARTAMENTO,VENTA,20.44,180.0,4.0,4.0,800000.0,2.0,SANTA BARBARA,6,MAS DE 20 ANOS,4.69,-74.04,USADO,,0,1,0,0,0,0,0,0,0,1,False,USAQUEN,SANTA BARBARA CENTRAL III SECTOR,Pepe Sierra,2084.44,0,PARQUE METROPOLITANO EL COUNTRY,1183.98,0,0.11,,0.5,1.0,0.0,,0.02,388.57,1.0
2359-M4709017,APARTAMENTO,VENTA,20.81,142.0,3.0,4.0,640000.0,2.0,SALITRE MODELIA,5,ENTRE 10 Y 20 ANOS,4.65,-74.11,USADO,,0,1,0,1,1,1,1,0,0,1,False,FONTIBON,CIUDAD SALITRE OCCIDENTAL,El Tiempo - Maloka,251.89,1,PARQUE ZONAL SAUZALITO,637.36,0,0.15,,0.67,0.75,0.0,,0.02,173.43,4.0
171-M4459363,APARTAMENTO,VENTA,21.44,199.4,3.0,4.0,1609700.0,3.0,CHICO,6,ENTRE 10 Y 20 ANOS,4.65,-74.05,USADO,,0,1,0,0,0,0,0,0,0,1,False,CHAPINERO,S.C. BELLAVISTA,Flores – Areandina,1231.51,0,PARQUE ZONAL GUSTAVO URIBE BOTERO,240.52,1,0.11,,1.0,0.75,0.0,,0.02,425.85,1.0
16117-M4702544,APARTAMENTO,VENTA,21.25,276.0,3.0,3.0,1800000.0,2.0,CHICO,6,MAS DE 20 ANOS,4.65,-74.05,USADO,,0,1,0,0,1,0,0,0,0,1,False,CHAPINERO,S.C. BELLAVISTA,Calle 72,1121.72,0,PARQUE ZONAL GUSTAVO URIBE BOTERO,444.8,1,0.08,,0.67,1.0,0.0,,0.01,406.75,2.0
12673-M4556932,APARTAMENTO,VENTA,20.12,66.0,1.0,2.0,606000.0,2.0,SANTA BARBARA,6,ENTRE 0 Y 5 ANOS,4.7,-74.04,USADO,,0,0,0,0,1,0,0,0,0,1,False,USAQUEN,SANTA BARBARA CENTRAL I Y II,Pepe Sierra,1456.39,0,PARQUE METROPOLITANO EL COUNTRY,1114.74,0,0.3,,2.0,0.5,0.0,,0.02,586.41,0.0
2456-M2489018,APARTAMENTO,VENTA,20.44,156.0,3.0,4.0,500000.0,2.0,COLINA Y ALREDEDORES,4,ENTRE 5 Y 10 ANOS,4.73,-74.06,USADO,,0,1,0,1,1,1,1,0,0,0,False,SUBA,COLPATRIA SANTA HELENA,Calle 146,711.12,0,PARQUE VECINAL URBANIZACIÓN LA LAGUNA,313.28,1,0.13,,0.67,0.75,0.0,,0.02,1085.74,0.0
2456-M3691684,APARTAMENTO,VENTA,19.88,90.0,3.0,3.0,350000.0,1.0,COLINA Y ALREDEDORES,4,ENTRE 5 Y 10 ANOS,4.74,-74.06,USADO,,0,1,0,0,1,1,0,0,0,1,False,SUBA,MAZUREN,Mazurén,880.87,0,PARQUE VECINAL URBANIZACIÓN LA LAGUNA,365.88,1,0.22,,0.33,1.0,0.0,,0.03,1120.28,0.0
11293-M4055828,APARTAMENTO,VENTA,20.31,107.0,3.0,2.0,590000.0,2.0,COUNTRY,5,ENTRE 0 Y 5 ANOS,4.72,-74.05,USADO,,0,1,0,0,1,1,0,0,0,1,False,USAQUEN,LOS CEDROS,Alcalá,344.88,1,PARQUE VECINAL PRADO PINZÓN,881.09,0,0.19,,0.67,1.5,0.0,,0.03,173.78,1.0
2238-M4176510,APARTAMENTO,VENTA,19.09,37.0,1.0,2.0,170000.0,1.0,ENGATIVA,3,ENTRE 0 Y 5 ANOS,4.69,-74.09,USADO,,0,0,0,0,1,0,0,0,0,0,False,ENGATIVA,SANTA MARIA I Y II SECTOR,Minuto de Dios,638.96,0,PARQUE ZONAL BONANZA,435.8,1,0.52,,1.0,0.5,0.0,,0.03,858.86,0.0
717-M2724136,APARTAMENTO,VENTA,21.02,172.0,3.0,3.0,3921395.93,3.0,CHICO,5,ENTRE 5 Y 10 ANOS,4.67,-74.06,USADO,,0,0,0,0,1,1,0,0,0,1,False,CHAPINERO,S.C. ANTIGUO COUNTRY,Calle 85,455.03,1,PARQUE ZONAL CANAL EL VIRREY EL CHICO,256.61,1,0.12,,1.0,1.0,0.0,,0.02,196.43,3.0
368-M4200116,APARTAMENTO,VENTA,21.02,168.0,4.0,4.0,1040000.0,2.0,SALITRE MODELIA,4,ENTRE 10 Y 20 ANOS,4.64,-74.1,USADO,,0,0,0,1,1,1,0,0,0,1,False,TEUSAQUILLO,PRADOS DEL_SALITRE,Gobernación,853.22,0,PARQUE VECINAL SANTA CLARA,724.7,0,0.13,,0.5,1.0,0.0,,0.02,341.2,2.0
4957-M4545346,APARTAMENTO,VENTA,21.37,193.0,3.0,3.0,1100000.0,4.0,CHICO,6,ENTRE 10 Y 20 ANOS,4.68,-74.04,USADO,,0,0,0,1,1,0,0,0,0,1,False,CHAPINERO,CHICO RESERVADO,Calle 100 - Marketmedios,1684.51,0,PARQUE VECINAL URBANIZACIÓN LA CABRERA,1215.68,0,0.11,,1.33,1.0,0.0,,0.02,333.23,2.0
3553-M4702451,APARTAMENTO,VENTA,20.31,111.77,3.0,3.0,750000.0,2.0,NIZA ALHAMBRA,5,ENTRE 10 Y 20 ANOS,4.69,-74.06,USADO,,0,0,0,0,1,0,0,0,0,1,False,SUBA,S.C. PASADENA,Calle 106,595.12,0,PARQUE ZONAL CANAL CORDOBA,952.99,0,0.18,,0.67,1.0,0.0,,0.03,720.95,0.0
15319-M4740165,APARTAMENTO,VENTA,20.03,106.0,3.0,2.0,750000.0,1.0,COUNTRY,5,MAS DE 20 ANOS,4.7,-74.03,USADO,,0,1,0,0,1,1,0,0,0,1,False,USAQUEN,BELLA SUIZA,Calle 127,2480.48,0,PARQUE METROPOLITANO EL COUNTRY,741.59,0,0.19,,0.33,1.5,0.0,,0.03,763.46,0.0
617-M4198709,APARTAMENTO,VENTA,21.19,210.0,2.0,3.0,1810000.0,2.0,CHICO,6,MAS DE 20 ANOS,4.66,-74.05,USADO,,0,0,0,0,0,0,0,0,0,1,False,CHAPINERO,LOS ROSALES,Calle 76 - San Felipe,1665.47,0,PARQUE ZONAL SAN ANDRÉS,942.95,0,0.1,,1.0,0.67,0.0,,0.01,939.34,0.0
2238-M3114447,APARTAMENTO,VENTA,20.97,188.0,3.0,5.0,1586000.0,3.0,SANTA BARBARA,5,ENTRE 10 Y 20 ANOS,4.7,-74.04,USADO,,0,1,0,0,1,0,0,0,0,1,False,USAQUEN,SANTA BARBARA CENTRAL I SECTOR,Pepe Sierra,1431.38,0,PARQUE METROPOLITANO EL COUNTRY,883.14,0,0.11,,1.0,0.6,0.0,,0.02,590.84,0.0
3507-M4078596,APARTAMENTO,VENTA,19.19,50.0,2.0,1.0,105000.0,0.0,PUENTE ARANDA,3,ENTRE 10 Y 20 ANOS,4.6,-74.1,USADO,,0,0,0,0,0,1,0,0,0,1,False,PUENTE ARANDA,SANTA ISABEL OCCIDENTAL,Santa Isabel,171.82,1,PARQUE ZONAL SANTA ISABEL,415.43,1,0.38,,0.0,2.0,0.0,,0.04,2687.3,0.0
4957-M4617142,APARTAMENTO,VENTA,20.63,105.0,2.0,3.0,730000.0,2.0,SANTA BARBARA,6,ENTRE 5 Y 10 ANOS,4.69,-74.04,USADO,,0,0,0,0,1,0,0,0,0,1,False,USAQUEN,SANTA BARBARA CENTRAL I Y II,Calle 106,1335.73,0,PARQUE METROPOLITANO EL COUNTRY,1742.13,0,0.2,,1.0,0.67,0.0,,0.02,550.1,0.0
3325-M3041763,APARTAMENTO,VENTA,19.55,72.0,3.0,3.0,160000.0,1.0,ALTOS DE SUBA Y CERROS DE SAN JORGE,3,ENTRE 0 Y 5 ANOS,4.75,-74.1,USADO,,0,0,0,0,1,1,0,0,0,1,False,SUBA,URB. LAS FLORES,Portal Suba,634.6,0,PARQUE VECINAL URBANIZACIÓN LOMBARDIA II ETAPA,386.5,1,0.27,,0.33,1.0,0.0,,0.04,390.88,1.0
183-M3906397,APARTAMENTO,VENTA,19.45,57.0,2.0,2.0,441000.0,1.0,COUNTRY,5,MAS DE 20 ANOS,4.72,-74.04,USADO,,0,1,0,0,0,0,0,0,0,1,True,USAQUEN,NUEVO COUNTRY,Prado,1164.61,0,PARQUE VECINAL NUEVA URBANIZACIÓN EL CEDRITO,1260.61,0,0.34,,0.5,1.0,0.0,,0.04,652.41,0.0
512-M3109719,APARTAMENTO,VENTA,19.19,54.0,3.0,2.0,139000.0,1.0,COLINA Y ALREDEDORES,3,ENTRE 10 Y 20 ANOS,4.75,-74.06,USADO,,0,0,0,0,0,1,0,0,0,1,False,SUBA,BRITALIA SAN DIEGO 2,Toberin - Foundever,1088.04,0,PARQUE VECINAL DESARROLLO CANTALEJO URBANIZACIÓN CANTALEJO MANZANA B,720.84,0,0.36,,0.33,1.5,0.0,,0.06,1947.62,0.0
3229-1335749,APARTAMENTO,VENTA,21.42,313.3,3.0,4.0,1374000.0,3.0,COUNTRY,6,MAS DE 20 ANOS,4.71,-74.03,USADO,,0,1,0,0,1,0,0,0,0,0,False,USAQUEN,EL_VERGEL,Prado,2135.78,0,PARQUE METROPOLITANO EL COUNTRY,754.51,0,0.07,,1.0,0.75,0.0,,0.01,220.11,2.0
93-2995,APARTAMENTO,VENTA,21.04,210.0,3.0,4.0,780000.0,2.0,CHICO,6,MAS DE 20 ANOS,4.66,-74.05,USADO,,0,0,0,0,0,0,0,0,0,1,False,CHAPINERO,LOS ROSALES,Calle 76 - San Felipe,1399.92,0,PARQUE ZONAL SAN ANDRÉS,659.47,0,0.1,,0.67,0.75,0.0,,0.01,783.28,0.0
11814-1141726,APARTAMENTO,VENTA,20.2,82.0,3.0,3.0,340000.0,1.0,COUNTRY,6,ENTRE 0 Y 5 ANOS,4.7,-74.04,USADO,,0,0,0,0,0,0,0,0,0,0,False,USAQUEN,PLENITUD LA CALLEJA,Calle 127,1179.32,0,PARQUE METROPOLITANO EL COUNTRY,563.68,0,0.25,,0.33,1.0,0.0,,0.04,253.95,1.0
2671-M4582817,APARTAMENTO,VENTA,21.49,250.0,3.0,4.0,1854000.0,4.0,CHICO,6,MAS DE 20 ANOS,4.66,-74.05,USADO,,0,1,0,1,1,0,0,0,0,1,False,CHAPINERO,S.C. BELLAVISTA,Calle 72,1234.41,0,PARQUE ZONAL GUSTAVO URIBE BOTERO,723.73,0,0.09,,1.33,0.75,0.0,,0.01,487.57,1.0
34-64456,APARTAMENTO,VENTA,20.55,123.9,2.0,3.0,1200000.0,2.0,CHAPINERO ALTO,5,MAS DE 20 ANOS,4.65,-74.05,USADO,,0,1,0,0,1,0,0,0,0,1,False,CHAPINERO,S.C. GRANADA,Flores – Areandina,1130.98,0,PARQUE ZONAL GUSTAVO URIBE BOTERO,305.44,1,0.17,,1.0,0.67,0.0,,0.02,362.88,1.0
603-M4420999,APARTAMENTO,VENTA,20.25,115.0,3.0,2.0,3921395.93,1.0,SANTA BARBARA,5,MAS DE 20 ANOS,4.71,-74.05,USADO,,0,0,0,0,0,0,0,0,0,1,True,USAQUEN,SANTA BARBARA OCCIDENTAL,Calle 127,174.14,1,PARQUE ZONAL ATABANZA,581.03,0,0.18,,0.33,1.5,0.0,,0.03,168.14,5.0
12375-M4683116,APARTAMENTO,VENTA,21.59,200.0,3.0,3.0,1263000000.0,3.0,CHICO,6,ENTRE 10 Y 20 ANOS,4.67,-74.05,USADO,,0,0,0,1,1,0,0,0,0,1,False,CHAPINERO,S.C. EL CHICO,Virrey,1508.94,0,PARQUE VECINAL URBANIZACIÓN LA CABRERA,525.82,0,0.11,,1.0,1.0,0.0,,0.02,443.42,1.0
2671-M4726040,APARTAMENTO,VENTA,21.31,185.91,3.0,4.0,900000.0,3.0,ALTOS DE SUBA Y CERROS DE SAN JORGE,6,ENTRE 5 Y 10 ANOS,4.73,-74.08,USADO,,0,1,0,1,1,1,1,0,0,1,False,SUBA,VILLA ESPERANZA,21 Ángeles,945.75,0,PARQUE ZONAL BELLAVISTA DINDALITO,1351.59,0,0.11,,1.0,0.75,0.0,,0.02,2094.92,0.0
12364-M4194775,APARTAMENTO,VENTA,19.7,82.0,3.0,2.0,274000.0,1.0,ORQUIDEAS,4,ENTRE 5 Y 10 ANOS,4.74,-74.04,USADO,,0,0,0,1,1,1,0,0,0,1,False,USAQUEN,BABILONIA,Toberin - Foundever,1405.07,0,PARQUE VECINAL URBANIZACIÓN TOBERIN,519.15,0,0.24,,0.33,1.5,0.0,,0.04,564.41,0.0
495-M4680146,APARTAMENTO,VENTA,19.67,72.0,3.0,2.0,361000.0,1.0,COLINA Y ALREDEDORES,4,MAS DE 20 ANOS,4.73,-74.05,USADO,,0,0,0,0,0,1,0,0,0,1,False,SUBA,LA VICTORIA NORTE,Calle 146,518.91,0,PARQUE VECINAL URBANIZACIÓN LA LAGUNA,112.63,1,0.27,,0.33,1.5,0.0,,0.04,1358.71,0.0
2751-M4600479,APARTAMENTO,VENTA,20.14,88.0,3.0,2.0,333000000.0,1.0,SALITRE MODELIA,4,ENTRE 10 Y 20 ANOS,4.65,-74.11,USADO,,0,0,0,0,1,1,0,0,0,1,False,TEUSAQUILLO,CIUDAD SALITRE SURORIENTAL,Salitre - El Greco,803.37,0,PARQUE VECINAL URBANIZACIÓN SALITRE (GRECO),1052.18,0,0.23,,0.33,1.5,0.0,,0.03,606.99,0.0
34-M3060257,APARTAMENTO,VENTA,21.09,190.0,3.0,3.0,1360000.0,2.0,CHICO,6,ENTRE 10 Y 20 ANOS,4.65,-74.05,USADO,,0,1,0,0,1,0,0,0,0,1,False,CHAPINERO,S.C. BELLAVISTA,Calle 72,1509.64,0,PARQUE ZONAL GUSTAVO URIBE BOTERO,420.72,1,0.11,,0.67,1.0,0.0,,0.02,729.33,0.0
603-M4418187,APARTAMENTO,VENTA,20.01,85.0,2.0,3.0,400000.0,2.0,SANTA BARBARA,5,ENTRE 5 Y 10 ANOS,4.7,-74.05,USADO,,0,0,0,0,0,1,0,0,0,1,False,USAQUEN,SANTA BARBARA OCCIDENTAL,Pepe Sierra,378.18,1,PARQUE ZONAL ATABANZA,1320.24,0,0.24,,1.0,0.67,0.0,,0.02,393.23,2.0
12503-M4208452,APARTAMENTO,VENTA,20.36,72.0,2.0,2.0,550000.0,2.0,CHICO,5,ENTRE 0 Y 5 ANOS,4.68,-74.05,USADO,,0,1,0,0,1,0,0,0,0,1,False,CHAPINERO,S.C. CHICO NORTE,Virrey,673.41,0,PARQUE ZONAL CANAL EL VIRREY EL CHICO,502.44,0,0.28,,1.0,1.0,0.0,,0.03,224.94,2.0
175-M4709930,APARTAMENTO,VENTA,19.11,52.0,2.0,2.0,148000.0,0.0,COLINA Y ALREDEDORES,3,ENTRE 10 Y 20 ANOS,4.74,-74.07,USADO,,0,0,0,0,0,1,0,0,0,1,False,SUBA,LAS VILLAS DE MARIANA,21 Ángeles,1266.42,0,PARQUE ZONAL EL TOMILLAR,365.34,1,0.37,,0.0,1.0,0.0,,0.04,755.41,0.0
5175-M4731840,APARTAMENTO,VENTA,21.34,205.0,4.0,5.0,1034000.0,2.0,CHICO,6,MAS DE 20 ANOS,4.67,-74.05,USADO,,0,1,0,0,1,0,0,0,0,1,False,CHAPINERO,S.C. EL CHICO,Virrey,1372.27,0,PARQUE VECINAL URBANIZACIÓN LA CABRERA,491.79,1,0.1,,0.5,0.8,0.0,,0.02,400.99,2.0
5031-M3609823,APARTAMENTO,VENTA,20.51,213.72,3.0,5.0,3921395.93,2.0,CEDRITOS,4,MAS DE 20 ANOS,4.73,-74.03,USADO,,1,1,0,0,0,0,0,0,0,1,False,USAQUEN,CEDRO SALAZAR,Calle 146,2456.64,0,PARQUE VECINAL NUEVA URBANIZACIÓN EL CEDRITO,735.31,0,0.1,,0.67,0.6,0.0,,0.01,609.39,0.0
5545-M4264805,APARTAMENTO,VENTA,20.77,100.0,3.0,3.0,1000000.0,2.0,CHICO,6,ENTRE 5 Y 10 ANOS,4.68,-74.05,USADO,,0,1,0,1,1,0,0,0,0,1,False,CHAPINERO,S.C. CHICO NORTE,Virrey,1244.8,0,PARQUE ZONAL CANAL EL VIRREY EL CHICO,825.74,0,0.21,,0.67,1.0,0.0,,0.03,129.97,2.0
164-M4476437,APARTAMENTO,VENTA,19.25,54.0,2.0,1.0,70000.0,0.0,CENTRO NARINO,3,ENTRE 10 Y 20 ANOS,4.62,-74.09,USADO,,0,0,0,0,0,0,0,0,0,0,False,PUENTE ARANDA,CUNDINAMARCA,CAD,547.06,0,PARQUE ZONAL INDUSTRIAL LOS EJIDOS,1273.83,0,0.36,,0.0,2.0,0.0,,0.04,1607.1,0.0
661-M4228921,APARTAMENTO,VENTA,19.81,58.0,2.0,2.0,620800.0,1.0,NIZA ALHAMBRA,4,ENTRE 0 Y 5 ANOS,4.7,-74.06,USADO,,0,0,0,0,1,0,0,0,0,1,False,SUBA,EL BATAN,Calle 127,647.85,0,PARQUE ZONAL CANAL CORDOBA,606.86,0,0.34,,0.5,1.0,0.0,,0.03,816.62,0.0
10159-M4705817,APARTAMENTO,VENTA,19.9,78.95,3.0,2.0,380000.0,2.0,COLINA Y ALREDEDORES,5,ENTRE 10 Y 20 ANOS,4.73,-74.07,USADO,,0,0,0,0,1,1,0,0,0,1,False,SUBA,URB. PLAZA VALLARTA,Gratamira,684.83,0,PARQUE ZONAL EL TOMILLAR,1072.53,0,0.25,,0.67,1.5,0.0,,0.04,400.84,1.0
14925-M4661742,APARTAMENTO,VENTA,20.68,93.0,2.0,3.0,760000.0,2.0,CHICO,6,ENTRE 0 Y 5 ANOS,4.68,-74.06,USADO,,0,1,0,1,1,0,0,0,0,1,False,CHAPINERO,S.C. CHICO NORTE III SECTOR,Calle 100 - Marketmedios,299.97,1,PARQUE VECINAL URBANIZACIÓN NORMANDIA I II II Y IV SECTOR,904.3,0,0.22,,1.0,0.67,0.0,,0.02,437.07,1.0
16039-M4483608,APARTAMENTO,VENTA,21.25,257.14,3.0,4.0,1549000.0,3.0,SANTA BARBARA,6,ENTRE 10 Y 20 ANOS,4.69,-74.04,USADO,,0,1,0,0,1,0,0,0,0,1,False,USAQUEN,SANTA BARBARA CENTRAL I Y II,Pepe Sierra,1606.59,0,PARQUE METROPOLITANO EL COUNTRY,1276.19,0,0.08,,1.0,0.75,0.0,,0.01,575.58,0.0
14925-M4661777,APARTAMENTO,VENTA,21.02,182.0,3.0,5.0,3921395.93,3.0,SANTA BARBARA,6,MAS DE 20 ANOS,4.69,-74.05,USADO,,0,1,0,1,1,0,0,0,0,1,False,USAQUEN,SAN PATRICIO,Calle 106,291.01,1,PARQUE ZONAL CANAL CORDOBA,1471.7,0,0.12,,1.0,0.6,0.0,,0.02,445.85,1.0
847-M4735600,APARTAMENTO,VENTA,20.29,114.0,3.0,3.0,480000.0,1.0,ALTOS DE SUBA Y CERROS DE SAN JORGE,6,ENTRE 10 Y 20 ANOS,4.76,-74.07,USADO,,0,0,1,0,0,1,1,0,0,1,False,SUBA,URB. DEL MONTE,Portal Norte,2500.62,0,PARQUE ZONAL SAN JOSÉ DE BAVARIA,619.62,0,0.18,,0.33,1.0,0.0,,0.03,2613.55,0.0
279-M4696987,APARTAMENTO,VENTA,20.71,160.0,3.0,4.0,3921395.93,2.0,COLINA Y ALREDEDORES,4,ENTRE 10 Y 20 ANOS,4.75,-74.07,USADO,,0,1,0,0,1,0,0,0,0,1,False,SUBA,BURGOS BRITALIA,21 Ángeles,1757.25,0,PARQUE ZONAL EL TOMILLAR,760.98,0,0.13,,0.67,0.75,0.0,,0.02,1478.28,0.0
874-M4599753,APARTAMENTO,VENTA,20.71,98.0,2.0,3.0,1270000.0,2.0,CHICO,6,ENTRE 5 Y 10 ANOS,4.68,-74.04,USADO,,0,1,0,1,1,0,0,0,0,1,False,CHAPINERO,CHICO RESERVADO,Calle 100 - Marketmedios,1608.81,0,PARQUE VECINAL URBANIZACIÓN LA CABRERA,1124.83,0,0.21,,1.0,0.67,0.0,,0.02,361.43,2.0
3606-100279,APARTAMENTO,VENTA,20.56,180.0,4.0,4.0,770000.0,2.0,SANTA BARBARA,6,MAS DE 20 ANOS,4.69,-74.05,USADO,,0,1,0,0,1,1,0,0,0,1,False,USAQUEN,SANTA BIBIANA,Calle 106,264.95,1,PARQUE ZONAL CANAL CORDOBA,1640.71,0,0.11,,0.5,1.0,0.0,,0.02,598.83,0.0
13436-M4704846,APARTAMENTO,VENTA,20.01,106.0,3.0,2.0,480000.0,2.0,NIZA ALHAMBRA,5,MAS DE 20 ANOS,4.69,-74.06,USADO,,0,1,0,0,1,0,0,0,0,0,False,SUBA,S.C. ESTORIL,Suba - Calle 100,482.57,1,PARQUE ZONAL CANAL RIO NEGRO,1337.61,0,0.19,,0.67,1.5,0.0,,0.03,398.63,1.0
14925-M4661754,APARTAMENTO,VENTA,21.06,199.0,3.0,4.0,1318500.0,3.0,SANTA BARBARA,6,ENTRE 10 Y 20 ANOS,4.7,-74.05,USADO,,0,1,0,0,1,0,0,0,0,1,False,USAQUEN,SAN PATRICIO,Pepe Sierra,382.02,1,PARQUE ZONAL CANAL CORDOBA,1492.47,0,0.11,,1.0,0.75,0.0,,0.02,334.8,1.0
14925-M4661767,APARTAMENTO,VENTA,20.56,109.0,2.0,3.0,700000.0,2.0,SANTA BARBARA,6,ENTRE 0 Y 5 ANOS,4.69,-74.05,USADO,,0,1,0,1,1,0,0,0,0,1,False,USAQUEN,RINCON DEL CHICO,Calle 106,1313.13,0,PARQUE METROPOLITANO EL COUNTRY,1861.88,0,0.19,,1.0,0.67,0.0,,0.02,607.51,0.0
14925-M4661736,APARTAMENTO,VENTA,20.14,70.0,2.0,2.0,3921395.93,2.0,CHICO,6,ENTRE 5 Y 10 ANOS,4.68,-74.06,USADO,,0,0,0,1,1,0,1,0,0,1,False,CHAPINERO,S.C. CHICO NORTE III SECTOR,Calle 100 - Marketmedios,299.97,1,PARQUE VECINAL URBANIZACIÓN NORMANDIA I II II Y IV SECTOR,904.3,0,0.29,,1.0,1.0,0.0,,0.03,437.07,1.0
4796-383,APARTAMENTO,VENTA,21.64,387.0,4.0,4.0,1998000.0,4.0,COUNTRY,6,ENTRE 10 Y 20 ANOS,4.7,-74.05,USADO,,0,0,0,1,1,0,0,0,0,1,False,USAQUEN,SANTA BARBARA OCCIDENTAL,Calle 127,914.74,0,PARQUE METROPOLITANO EL COUNTRY,831.74,0,0.06,,1.0,1.0,0.0,,0.01,472.85,1.0
14925-M4661745,APARTAMENTO,VENTA,20.9,170.0,4.0,4.0,3921395.93,3.0,CHICO,6,MAS DE 20 ANOS,4.68,-74.05,USADO,,0,1,0,0,1,0,0,0,0,1,True,CHAPINERO,S.C. CHICO NORTE,Virrey,781.44,0,PARQUE ZONAL CANAL EL VIRREY EL CHICO,558.21,0,0.12,,0.75,1.0,0.0,,0.02,171.8,3.0
488-M4504466,APARTAMENTO,VENTA,21.02,182.0,3.0,5.0,750000.0,3.0,SANTA BARBARA,6,ENTRE 10 Y 20 ANOS,4.69,-74.05,USADO,,0,0,0,0,1,0,0,0,0,1,False,USAQUEN,SAN PATRICIO,Calle 106,249.18,1,PARQUE ZONAL CANAL CORDOBA,1449.75,0,0.12,,1.0,0.6,0.0,,0.02,488.37,1.0
495-M4671590,APARTAMENTO,VENTA,19.77,77.0,2.0,2.0,420000.0,1.0,NIZA ALHAMBRA,5,MAS DE 20 ANOS,4.71,-74.06,USADO,,0,1,0,0,0,1,0,0,0,1,False,SUBA,EL BATAN,Calle 127,247.71,1,PARQUE ZONAL ATABANZA,424.83,1,0.26,,0.5,1.0,0.0,,0.03,374.75,5.0
839-M4527398,APARTAMENTO,VENTA,19.7,71.0,3.0,2.0,352000.0,1.0,SANTA BARBARA,6,MAS DE 20 ANOS,4.7,-74.03,USADO,,0,0,0,0,0,0,0,0,0,1,False,USAQUEN,USAQUEN,Pepe Sierra,2715.03,0,PARQUE METROPOLITANO EL COUNTRY,1332.75,0,0.28,,0.33,1.5,0.0,,0.04,29.56,4.0
3552-M4706046,APARTAMENTO,VENTA,19.84,98.0,3.0,2.0,620000.0,2.0,CEDRITOS,4,MAS DE 20 ANOS,4.73,-74.05,USADO,,0,0,0,0,0,0,0,0,0,1,False,USAQUEN,LOS CEDRITOS,Calle 142,138.11,1,PARQUE VECINAL PRADO PINZÓN,514.52,0,0.2,,0.67,1.5,0.0,,0.03,804.78,0.0
34-M3600787,APARTAMENTO,VENTA,19.67,66.0,2.0,2.0,3921395.93,1.0,COLINA Y ALREDEDORES,4,MAS DE 20 ANOS,4.73,-74.06,USADO,,0,0,0,0,0,0,0,0,0,1,False,SUBA,URB. EL MORAL II,Calle 142,843.34,0,PARQUE VECINAL URBANIZACIÓN LA LAGUNA,553.22,0,0.3,,0.5,1.0,0.0,,0.03,887.64,0.0
34-M4163267,APARTAMENTO,VENTA,19.01,47.0,3.0,2.0,121000.0,0.0,FONTIBON TINTAL,3,ENTRE 0 Y 5 ANOS,4.7,-74.17,USADO,,0,0,0,0,1,0,0,0,0,1,False,FONTIBON,S.C. PUENTE GRANDE,Portal El Dorado,5342.74,0,PARQUE ZONAL LA CONCORDIA,2374.97,0,0.4,,0.0,1.5,0.0,,0.06,2427.75,0.0
12500-M4738041,APARTAMENTO,VENTA,19.45,63.0,3.0,2.0,147000.0,1.0,ALTOS DE SUBA Y CERROS DE SAN JORGE,4,ENTRE 10 Y 20 ANOS,4.74,-74.09,USADO,,0,0,0,0,0,1,0,0,0,1,False,SUBA,URB. EL BOSQUE DE SUBA,Suba - TV. 91,155.43,1,PARQUE ZONAL BELLAVISTA DINDALITO,242.9,1,0.31,,0.33,1.5,0.0,,0.05,1484.07,0.0
5168-M3919534,APARTAMENTO,VENTA,21.7,365.0,4.0,5.0,2044000.0,4.0,CHICO,6,MAS DE 20 ANOS,4.67,-74.05,USADO,,0,1,0,0,1,0,0,0,0,1,False,CHAPINERO,S.C. CHICO NORTE,Virrey,1551.34,0,PARQUE VECINAL URBANIZACIÓN LA CABRERA,753.24,0,0.06,,1.0,0.8,0.0,,0.01,435.26,1.0
342-M4568845,APARTAMENTO,VENTA,21.13,250.51,4.0,4.0,3921395.93,3.0,COUNTRY,6,MAS DE 20 ANOS,4.71,-74.04,USADO,,0,1,0,0,1,0,0,0,0,1,False,USAQUEN,LA_CAROLINA,Prado,1474.87,0,PARQUE METROPOLITANO EL COUNTRY,489.67,1,0.08,,0.75,1.0,0.0,,0.02,575.58,0.0
2266-M3861334,APARTAMENTO,VENTA,20.34,117.0,2.0,2.0,385000.0,2.0,CHICO,6,MAS DE 20 ANOS,4.68,-74.05,USADO,,0,1,0,0,0,0,0,0,0,1,False,CHAPINERO,CHICO RESERVADO II SECTOR,Calle 100 - Marketmedios,1423.46,0,PARQUE ZONAL CANAL EL VIRREY EL CHICO,1295.1,0,0.17,,1.0,1.0,0.0,,0.02,111.52,3.0
356-M4593189,APARTAMENTO,VENTA,21.51,280.0,3.0,4.0,1280000.0,3.0,COUNTRY,6,MAS DE 20 ANOS,4.71,-74.04,USADO,9200000.0,0,1,0,1,0,0,0,0,0,0,False,USAQUEN,LA_CAROLINA,Prado,1333.86,0,PARQUE METROPOLITANO EL COUNTRY,601.21,0,0.08,32857.14,1.0,0.75,0.0,7.19,0.01,582.0,0.0
34-M4660628,APARTAMENTO,VENTA,20.44,107.32,3.0,3.0,930000.0,2.0,SANTA BARBARA,6,ENTRE 5 Y 10 ANOS,4.69,-74.04,USADO,,0,1,0,0,0,0,0,0,0,1,False,USAQUEN,SANTA BARBARA CENTRAL III SECTOR,Pepe Sierra,2121.45,0,PARQUE METROPOLITANO EL COUNTRY,1182.19,0,0.19,,0.67,1.0,0.0,,0.03,402.98,1.0
342-M4540668,APARTAMENTO,VENTA,20.54,90.0,2.0,2.0,3921395.93,2.0,CHICO,6,MAS DE 20 ANOS,4.68,-74.05,USADO,,0,0,0,0,1,0,0,0,0,1,False,CHAPINERO,S.C. CHICO NORTE III SECTOR,Calle 100 - Marketmedios,879.93,0,PARQUE ZONAL CANAL EL VIRREY EL CHICO,1061.06,0,0.23,,1.0,1.0,0.0,,0.02,219.77,3.0
684-M4741641,APARTAMENTO,VENTA,20.25,113.0,3.0,3.0,3921395.93,2.0,SANTA BARBARA,6,MAS DE 20 ANOS,4.68,-74.04,USADO,,0,1,0,0,1,0,0,0,0,1,False,USAQUEN,RINCON DEL CHICO,Calle 100 - Marketmedios,1503.81,0,PARQUE ZONAL CANAL EL VIRREY EL CHICO,1650.43,0,0.18,,0.67,1.0,0.0,,0.03,335.19,2.0
5175-M4694592,APARTAMENTO,VENTA,20.14,83.0,2.0,2.0,627000.0,1.0,CEDRITOS,4,ENTRE 5 Y 10 ANOS,4.73,-74.03,USADO,,0,0,0,0,1,0,0,0,0,1,False,USAQUEN,CEDRO SALAZAR,Calle 146,2220.0,0,PARQUE VECINAL NUEVA URBANIZACIÓN EL CEDRITO,647.95,0,0.24,,0.5,1.0,0.0,,0.02,364.94,1.0
989-M4544297,APARTAMENTO,VENTA,19.51,62.0,3.0,2.0,190000.0,1.0,SALITRE MODELIA,4,ENTRE 10 Y 20 ANOS,4.67,-74.13,USADO,,0,0,0,0,0,0,0,0,0,1,False,FONTIBON,CAPELLANIA,Modelia,1808.8,0,PARQUE VECINAL VILLA HELENA VILLEMAR,841.48,0,0.31,,0.33,1.5,0.0,,0.05,650.46,0.0
16435-M4741624,APARTAMENTO,VENTA,19.8,58.0,3.0,2.0,379000.0,1.0,COLINA Y ALREDEDORES,4,ENTRE 5 Y 10 ANOS,4.72,-74.06,USADO,,0,0,0,1,1,1,0,0,0,1,False,SUBA,S.C. PRADO VERANIEGO NORTE,Prado,980.56,0,PARQUE ZONAL ATABANZA,926.82,0,0.34,,0.33,1.5,0.0,,0.05,672.49,0.0
376-M3118658,APARTAMENTO,VENTA,20.91,160.0,3.0,4.0,650000.0,2.0,COUNTRY,5,ENTRE 10 Y 20 ANOS,4.71,-74.03,USADO,,0,1,0,0,1,0,0,0,0,0,False,USAQUEN,LISBOA_,Prado,2478.13,0,PARQUE VECINAL NUEVA URBANIZACIÓN EL CEDRITO,1155.55,0,0.13,,0.67,0.75,0.0,,0.02,229.75,3.0
4903-M4504383,APARTAMENTO,VENTA,20.13,119.0,3.0,3.0,527000.0,2.0,SANTA BARBARA,6,MAS DE 20 ANOS,4.69,-74.05,USADO,,0,1,0,0,1,0,0,0,0,1,False,USAQUEN,SAN PATRICIO,Pepe Sierra,1194.8,0,PARQUE METROPOLITANO EL COUNTRY,1375.98,0,0.17,,0.67,1.0,0.0,,0.03,253.5,2.0
16040-M4548527,APARTAMENTO,VENTA,20.47,112.0,2.0,2.0,890000.0,2.0,SANTA BARBARA,6,ENTRE 5 Y 10 ANOS,4.7,-74.04,USADO,,0,1,0,0,1,0,0,0,0,1,False,USAQUEN,SANTA BARBARA OCCIDENTAL,Calle 127,1308.61,0,PARQUE METROPOLITANO EL COUNTRY,623.22,0,0.18,,1.0,1.0,0.0,,0.02,240.93,1.0
34-M3546920,APARTAMENTO,VENTA,19.74,65.0,2.0,2.0,308000.0,0.0,COLINA Y ALREDEDORES,3,ENTRE 0 Y 5 ANOS,4.75,-74.06,USADO,,0,0,0,0,1,0,0,0,0,1,False,SUBA,,Toberin - Foundever,1262.04,0,PARQUE ZONAL SAN JOSÉ DE BAVARIA,781.57,0,0.3,,0.0,1.0,0.0,,0.03,1780.55,0.0
684-M3787369,APARTAMENTO,VENTA,20.21,125.0,3.0,2.0,200000.0,1.0,LA SOLEDAD,4,MAS DE 20 ANOS,4.63,-74.08,USADO,,0,0,0,0,0,0,0,0,0,0,False,TEUSAQUILLO,LA SOLEDAD,AV. ElDorado,397.12,1,PARQUE METROPOLITANO EL RENACIMIENTO - PARQUE CEMENTERIO CENTRAL,1196.68,0,0.16,,0.33,1.5,0.0,,0.02,598.9,0.0
3552-M3743953,APARTAMENTO,VENTA,19.91,81.0,3.0,2.0,3921395.93,1.0,NIZA ALHAMBRA,5,MAS DE 20 ANOS,4.7,-74.08,USADO,,0,0,0,0,0,0,0,0,0,1,False,SUBA,POTOSI,Ferias,824.32,0,PARQUE ZONAL MORATO,723.91,0,0.25,,0.33,1.5,0.0,,0.04,699.0,0.0
93-M4538581,APARTAMENTO,VENTA,19.86,71.0,2.0,2.0,300000.0,1.0,CEDRITOS,4,ENTRE 0 Y 5 ANOS,4.74,-74.03,USADO,,0,0,0,0,0,0,0,0,0,1,False,USAQUEN,BARRANCAS NORTE,Calle 161,2660.65,0,PARQUE ZONAL ALTA BLANCA,426.23,1,0.28,,0.5,1.0,0.0,,0.03,1000.09,0.0
2671-M3989872,APARTAMENTO,VENTA,21.02,140.0,2.0,3.0,800000.0,2.0,CHICO,6,ENTRE 10 Y 20 ANOS,4.67,-74.05,USADO,,0,0,0,0,1,0,0,0,0,1,False,CHAPINERO,S.C. EL CHICO,Virrey,808.16,0,PARQUE ZONAL CANAL EL VIRREY EL CHICO,214.19,1,0.15,,1.0,0.67,0.0,,0.01,242.95,3.0
59-M3772813,APARTAMENTO,VENTA,20.64,165.0,4.0,5.0,735500.0,3.0,SANTA BARBARA,6,MAS DE 20 ANOS,4.7,-74.04,USADO,,0,1,0,0,1,1,0,0,0,1,False,USAQUEN,SANTA BARBARA OCCIDENTAL,Calle 127,1245.52,0,PARQUE METROPOLITANO EL COUNTRY,778.93,0,0.13,,0.75,0.8,0.0,,0.02,394.61,2.0
34-M3214925,APARTAMENTO,VENTA,21.22,290.0,4.0,5.0,1000000.0,2.0,CEDRITOS,6,ENTRE 10 Y 20 ANOS,4.73,-74.02,USADO,,0,1,0,0,0,0,0,0,0,0,False,USAQUEN,BOSQUE DE PINOS III,Calle 146,3003.48,0,PARQUE ZONAL ALTA BLANCA,1145.58,0,0.07,,0.5,0.8,0.0,,0.01,1145.2,0.0
897-M3945027,APARTAMENTO,VENTA,19.7,102.59,3.0,3.0,375000.0,2.0,CEDRITOS,4,MAS DE 20 ANOS,4.73,-74.03,USADO,,0,0,0,0,0,0,0,0,0,1,False,USAQUEN,CAOBOS SALAZAR,Calle 142,1832.0,0,PARQUE VECINAL NUEVA URBANIZACIÓN EL CEDRITO,297.48,1,0.19,,0.67,1.0,0.0,,0.03,477.93,1.0
5545-M3340672,APARTAMENTO,VENTA,20.2,131.78,3.0,2.0,300000.0,1.0,CHICO,4,MAS DE 20 ANOS,4.66,-74.06,USADO,,0,0,0,0,0,1,0,0,0,0,False,CHAPINERO,S.C. PORCIUNCULA,Calle 76 - San Felipe,329.84,1,PARQUE ZONAL SAN ANDRÉS,876.07,0,0.15,,0.33,1.5,0.0,,0.02,446.9,1.0
953-M4314976,APARTAMENTO,VENTA,20.6,215.0,4.0,3.0,860000.0,3.0,NIZA ALHAMBRA,5,MAS DE 20 ANOS,4.7,-74.06,USADO,,0,0,0,0,0,0,0,0,0,1,False,SUBA,S.C. PASADENA,Puentelargo,611.46,0,PARQUE ZONAL CANAL CORDOBA,762.88,0,0.1,,0.75,1.33,0.0,,0.02,851.87,0.0
2751-M4670888,APARTAMENTO,VENTA,19.78,67.0,3.0,2.0,201000.0,1.0,SALITRE MODELIA,3,MAS DE 20 ANOS,4.66,-74.12,USADO,,0,0,0,0,0,0,0,0,0,1,False,FONTIBON,LA ESPERANZA_,AV. Rojas,1217.0,0,PARQUE VECINAL CARLOS LLERAS (EL FUEGO),456.54,1,0.3,,0.33,1.5,0.0,,0.04,807.42,0.0
5545-M3446963,APARTAMENTO,VENTA,20.01,75.0,2.0,2.0,600000.0,2.0,CHICO,6,MAS DE 20 ANOS,4.67,-74.06,USADO,,0,0,0,0,1,0,0,0,0,0,False,CHAPINERO,S.C. ANTIGUO COUNTRY,Calle 85,346.63,1,PARQUE METROPOLITANO RECONCILIACIÓN,269.24,1,0.27,,1.0,1.0,0.0,,0.03,282.29,3.0
5545-M3406884,APARTAMENTO,VENTA,20.37,139.0,3.0,5.0,627000.0,2.0,CHICO,6,MAS DE 20 ANOS,4.68,-74.05,USADO,,0,1,0,0,1,0,0,0,0,0,False,CHAPINERO,S.C. CHICO NORTE III SECTOR,Calle 100 - Marketmedios,817.88,0,PARQUE ZONAL CANAL EL VIRREY EL CHICO,955.63,0,0.15,,0.67,0.6,0.0,,0.02,296.42,3.0
771-M4371638,APARTAMENTO,VENTA,20.56,175.0,3.0,3.0,956000.0,2.0,CHICO,6,MAS DE 20 ANOS,4.68,-74.05,USADO,,0,0,0,0,0,0,0,0,0,1,False,CHAPINERO,S.C. CHICO NORTE III SECTOR,Calle 100 - Marketmedios,614.97,0,PARQUE VECINAL URBANIZACIÓN NORMANDIA I II II Y IV SECTOR,738.58,0,0.12,,0.67,1.0,0.0,,0.02,122.73,2.0
897-M3267887,APARTAMENTO,VENTA,20.44,146.0,3.0,3.0,620000.0,2.0,COLINA Y ALREDEDORES,5,MAS DE 20 ANOS,4.73,-74.07,USADO,,0,1,0,0,1,0,0,0,0,1,False,SUBA,ATENAS - HIBERNIA,Gratamira,524.71,0,PARQUE ZONAL EL TOMILLAR,943.6,0,0.14,,0.67,1.0,0.0,,0.02,808.16,0.0
175-M4490055,APARTAMENTO,VENTA,20.2,132.0,3.0,2.0,440000.0,0.0,CHAPINERO ALTO,4,MAS DE 20 ANOS,4.64,-74.06,USADO,,0,0,0,0,1,1,0,0,0,1,False,CHAPINERO,S.C. BOSQUE CALDERON,Calle 57,546.3,0,PARQUE ZONAL GUSTAVO URIBE BOTERO,1222.57,0,0.15,,0.0,1.5,0.0,,0.02,1030.39,0.0
34-M4166557,APARTAMENTO,VENTA,19.72,84.0,3.0,2.0,324000.0,1.0,CEDRITOS,4,MAS DE 20 ANOS,4.72,-74.03,USADO,,0,0,0,0,1,0,0,0,0,1,False,USAQUEN,LAS_ACACIAS,Calle 142,2249.32,0,PARQUE VECINAL NUEVA URBANIZACIÓN EL CEDRITO,344.21,1,0.23,,0.33,1.5,0.0,,0.04,738.57,0.0
13436-M4704851,APARTAMENTO,VENTA,20.03,79.0,3.0,2.0,355600.0,1.0,ORQUIDEAS,4,ENTRE 0 Y 5 ANOS,4.75,-74.03,USADO,,0,0,0,1,0,1,1,0,0,1,False,USAQUEN,SANTA TERESA,Toberin - Foundever,2283.98,0,PARQUE ZONAL SERVITA,407.94,1,0.25,,0.33,1.5,0.0,,0.04,1112.31,0.0
920-M4439192,APARTAMENTO,VENTA,21.3,181.0,3.0,4.0,1600000.0,3.0,CHICO,6,ENTRE 10 Y 20 ANOS,4.66,-74.05,USADO,,0,1,0,0,1,0,0,0,0,1,False,CHAPINERO,EL RETIRO II (PREDIO MABRUK),Calle 76 - San Felipe,1724.48,0,PARQUE ZONAL SAN ANDRÉS,875.38,0,0.12,,1.0,0.75,0.0,,0.02,1047.1,0.0
3535-M4361736,APARTAMENTO,VENTA,20.56,155.0,3.0,3.0,956000.0,2.0,CHICO,6,MAS DE 20 ANOS,4.68,-74.05,USADO,,0,0,0,0,1,0,0,0,0,1,False,CHAPINERO,S.C. CHICO NORTE III SECTOR,Calle 100 - Marketmedios,614.97,0,PARQUE VECINAL URBANIZACIÓN NORMANDIA I II II Y IV SECTOR,738.58,0,0.13,,0.67,1.0,0.0,,0.02,122.73,2.0
839-M4690374,APARTAMENTO,VENTA,19.97,76.0,3.0,2.0,400000.0,1.0,COLINA Y ALREDEDORES,4,ENTRE 5 Y 10 ANOS,4.74,-74.06,USADO,,0,0,0,0,0,0,0,0,0,1,False,SUBA,MAZUREN,Mazurén,659.81,0,PARQUE VECINAL URBANIZACIÓN MAZUREN I SECTOR,205.3,1,0.26,,0.33,1.5,0.0,,0.04,1349.03,0.0
2529-M4485554,APARTAMENTO,VENTA,20.67,208.0,4.0,4.0,1075000.0,2.0,SANTA BARBARA,6,ENTRE 5 Y 10 ANOS,4.69,-74.04,USADO,,0,0,0,0,1,0,0,0,0,1,False,USAQUEN,RINCON DEL CHICO,Calle 106,1406.09,0,PARQUE ZONAL CANAL EL VIRREY EL CHICO,1813.74,0,0.1,,0.5,1.0,0.0,,0.02,517.29,0.0
2671-9744,APARTAMENTO,VENTA,21.68,361.0,3.0,4.0,2217000.0,3.0,,6,MAS DE 20 ANOS,4.65,-74.05,USADO,,0,0,0,0,0,1,0,0,0,1,False,CHAPINERO,S.C. LAS ACACIAS,Flores – Areandina,1613.52,0,PARQUE ZONAL GUSTAVO URIBE BOTERO,354.79,1,0.06,,1.0,0.75,0.0,,0.01,779.07,0.0
34-62877,APARTAMENTO,VENTA,20.66,143.34,3.0,3.0,597200.0,2.0,CHICO,6,REMODELADO,4.68,-74.05,USADO,,0,1,0,0,1,0,0,0,0,0,False,CHAPINERO,S.C. CHICO NORTE,Calle 100 - Marketmedios,1511.03,0,PARQUE VECINAL URBANIZACIÓN LA CABRERA,1085.31,0,0.14,,0.67,1.0,0.0,,0.02,360.05,2.0
34-M4598130,APARTAMENTO,VENTA,20.99,156.0,2.0,2.0,1210000.0,2.0,CHICO,6,ENTRE 10 Y 20 ANOS,4.66,-74.05,USADO,,0,1,0,0,0,0,0,0,0,1,False,CHAPINERO,S.C. BELLAVISTA,Calle 72,1403.08,0,PARQUE ZONAL GUSTAVO URIBE BOTERO,555.25,0,0.13,,1.0,1.0,0.0,,0.01,655.37,0.0
430-M4476516,APARTAMENTO,VENTA,19.58,67.0,3.0,2.0,252700.0,1.0,CEDRITOS,4,MAS DE 20 ANOS,4.73,-74.04,USADO,,0,0,0,0,0,1,0,0,0,1,False,USAQUEN,LOS CEDRITOS,Calle 146,903.09,0,PARQUE ZONAL LA VIDA,1127.37,0,0.29,,0.33,1.5,0.0,,0.04,1032.03,0.0
13436-M4704859,APARTAMENTO,VENTA,19.92,82.0,3.0,2.0,368000.0,1.0,FONTIBON TINTAL,4,ENTRE 5 Y 10 ANOS,4.66,-74.13,USADO,,0,0,0,1,1,0,0,0,0,1,False,FONTIBON,EL TINTAL A.S.D.,Normandía,2064.71,0,PARQUE ZONAL CANAL BOYACA,1339.39,0,0.24,,0.33,1.5,0.0,,0.04,194.09,2.0
14925-M4661733,APARTAMENTO,VENTA,20.62,54.0,2.0,2.0,600000.0,2.0,CENTRO INTERNACIONAL,4,ENTRE 0 Y 5 ANOS,4.62,-74.07,USADO,,0,0,0,1,1,0,1,0,0,1,False,SANTA FE,SAN_MARTIN,Museo Nacional,302.23,1,PARQUE METROPOLITANO INDEPENDENCIA BICENTENARIO,595.39,0,0.38,,1.0,1.0,0.0,,0.04,246.7,4.0
4193-M4463796,APARTAMENTO,VENTA,19.81,93.0,3.0,2.0,343000.0,1.0,COLINA Y ALREDEDORES,5,MAS DE 20 ANOS,4.73,-74.06,USADO,,0,1,0,0,0,0,0,0,0,1,False,SUBA,COLPATRIA SANTA HELENA II SECTOR,Gratamira,1407.29,0,PARQUE VECINAL URBANIZACIÓN LA LAGUNA,970.68,0,0.21,,0.33,1.5,0.0,,0.03,466.13,1.0
897-M4693770,APARTAMENTO,VENTA,19.01,31.75,1.0,1.0,100000.0,0.0,KENNEDY,3,MAS DE 20 ANOS,4.62,-74.13,USADO,,0,0,0,0,1,1,0,0,0,1,False,KENNEDY,HIPOTECHO OCCIDENTAL III,Marsella,1191.8,0,PARQUE VECINAL CARVAJAL,559.94,0,0.6,,0.0,1.0,0.0,,0.03,634.79,0.0
432-M4521493,APARTAMENTO,VENTA,20.16,106.58,2.0,3.0,600000.0,2.0,SANTA BARBARA,6,MAS DE 20 ANOS,4.68,-74.05,USADO,,0,1,0,0,1,0,0,0,0,1,False,USAQUEN,RINCON DEL CHICO,Calle 100 - Marketmedios,1301.46,0,PARQUE ZONAL CANAL EL VIRREY EL CHICO,1566.8,0,0.19,,1.0,0.67,0.0,,0.02,294.47,2.0
5175-M4523879,APARTAMENTO,VENTA,20.33,92.0,2.0,3.0,718000.0,2.0,CHICO,6,MAS DE 20 ANOS,4.66,-74.05,USADO,,0,1,0,0,1,0,0,0,0,1,False,CHAPINERO,BOSQUE EL RETIRO I SECTOR,Héroes - Gel´Hada,1545.4,0,PARQUE ZONAL SAN ANDRÉS,567.7,0,0.22,,1.0,0.67,0.0,,0.02,691.32,0.0
295-M4595779,APARTAMENTO,VENTA,19.01,21.54,1.0,1.0,210000.0,0.0,LA SOLEDAD,3,ENTRE 0 Y 5 ANOS,4.64,-74.08,USADO,,0,0,0,0,1,0,0,0,0,1,False,TEUSAQUILLO,ALFONSO LOPEZ,Universidad Nacional,483.68,1,PARQUE ESCENARIO DEPORTIVO EL CAMPINCITO - CEAD,915.21,0,0.88,,0.0,1.0,0.0,,0.05,468.63,1.0
470-M2983742,APARTAMENTO,VENTA,21.51,210.0,3.0,3.0,1037419.0,3.0,CHICO,6,MAS DE 20 ANOS,4.67,-74.05,USADO,,0,1,0,0,1,0,0,0,0,0,False,CHAPINERO,S.C. EL CHICO,Calle 85,1600.12,0,PARQUE VECINAL URBANIZACIÓN LA CABRERA,561.83,0,0.1,,1.0,1.0,0.0,,0.01,496.08,1.0
34-M4722462,APARTAMENTO,VENTA,20.54,99.0,3.0,2.0,840000.0,2.0,CHICO,6,ENTRE 10 Y 20 ANOS,4.68,-74.06,USADO,,0,1,0,0,0,0,0,0,0,1,False,CHAPINERO,S.C. CHICO NORTE III SECTOR,Calle 100 - Marketmedios,171.9,1,PARQUE VECINAL URBANIZACIÓN NORMANDIA I II II Y IV SECTOR,845.49,0,0.21,,0.67,1.5,0.0,,0.03,474.51,1.0
212-M4616020,APARTAMENTO,VENTA,19.69,69.0,3.0,2.0,176800.0,1.0,CASTILLA MARSELLA,3,ENTRE 0 Y 5 ANOS,4.65,-74.14,USADO,,0,0,0,0,1,1,0,0,0,1,False,KENNEDY,LAGOS DE CASTILLA,Transversal 86,1988.03,0,PARQUE VECINAL VILLA ALSACIA,806.93,0,0.29,,0.33,1.5,0.0,,0.04,1536.64,0.0
920-M4134211,APARTAMENTO,VENTA,19.95,84.0,4.0,3.0,480000.0,1.0,CEDRITOS,4,MAS DE 20 ANOS,4.73,-74.04,USADO,,0,0,0,0,1,0,0,0,0,1,False,USAQUEN,LOS CAOBOS,Calle 146,678.62,0,PARQUE VECINAL PRADO PINZÓN,1135.52,0,0.24,,0.25,1.33,0.0,,0.05,998.53,0.0
416-103854,APARTAMENTO,VENTA,20.44,122.0,3.0,2.0,763000.0,2.0,,5,ENTRE 10 Y 20 ANOS,4.71,-74.04,USADO,,0,0,0,0,1,0,0,0,0,0,False,USAQUEN,LISBOA_,Prado,1809.98,0,PARQUE VECINAL NUEVA URBANIZACIÓN EL CEDRITO,1069.05,0,0.17,,0.67,1.5,0.0,,0.02,273.33,1.0
897-M4058502,APARTAMENTO,VENTA,20.2,74.0,2.0,2.0,861398.0,1.0,CHICO,6,MAS DE 20 ANOS,4.68,-74.06,USADO,,0,0,0,0,1,0,0,0,0,1,False,CHAPINERO,S.C. EL CHICO,Virrey,333.85,1,PARQUE VECINAL URBANIZACIÓN NORMANDIA I II II Y IV SECTOR,305.23,1,0.27,,0.5,1.0,0.0,,0.03,372.92,1.0
73-M4742728,APARTAMENTO,VENTA,19.9,88.0,3.0,2.0,3921395.93,1.0,COLINA Y ALREDEDORES,4,MAS DE 20 ANOS,4.75,-74.07,USADO,,0,0,0,0,1,1,0,0,0,1,False,SUBA,S.C. PORTALES DEL NORTE,Toberin - Foundever,2143.46,0,PARQUE ZONAL SAN JOSÉ DE BAVARIA,532.04,0,0.23,,0.33,1.5,0.0,,0.03,1994.55,0.0
14914-M3848055,APARTAMENTO,VENTA,21.16,233.33,3.0,3.0,1781000.0,3.0,CHICO,6,MAS DE 20 ANOS,4.66,-74.05,USADO,,0,1,0,0,0,0,0,0,0,1,False,CHAPINERO,LOS ROSALES,Calle 76 - San Felipe,1399.92,0,PARQUE ZONAL SAN ANDRÉS,659.47,0,0.09,,1.0,1.0,0.0,,0.01,783.28,0.0
897-M4269932,APARTAMENTO,VENTA,20.08,82.0,3.0,2.0,260000.0,1.0,NICOLAS DE FEDERMAN,4,MAS DE 20 ANOS,4.64,-74.09,USADO,,0,0,0,0,1,1,0,0,0,1,False,TEUSAQUILLO,RAFAEL NUNEZ,Campín - UAN,823.91,0,PARQUE ZONAL NICOLAS DE FEDERMAN 3,681.24,0,0.24,,0.33,1.5,0.0,,0.04,581.66,0.0
3229-M4507922,APARTAMENTO,VENTA,20.47,77.0,2.0,3.0,600000.0,2.0,SANTA BARBARA,6,ENTRE 0 Y 5 ANOS,4.69,-74.04,USADO,,0,0,0,1,1,0,0,0,0,1,False,USAQUEN,SANTA BARBARA CENTRAL I Y II,Calle 106,1559.01,0,PARQUE METROPOLITANO EL COUNTRY,1432.72,0,0.27,,1.0,0.67,0.0,,0.03,560.34,0.0
34-M3060279,APARTAMENTO,VENTA,20.95,183.0,3.0,3.0,3921395.93,2.0,CHICO,6,MAS DE 20 ANOS,4.66,-74.05,USADO,,0,0,0,0,1,0,0,0,0,1,False,CHAPINERO,S.C. BELLAVISTA,Calle 72,1295.1,0,PARQUE ZONAL GUSTAVO URIBE BOTERO,828.19,0,0.11,,0.67,1.0,0.0,,0.02,562.81,0.0
183-M3976964,APARTAMENTO,VENTA,19.72,94.0,3.0,2.0,425000.0,1.0,COLINA Y ALREDEDORES,5,MAS DE 20 ANOS,4.73,-74.06,USADO,,0,1,0,0,1,0,0,0,0,1,False,SUBA,COLPATRIA SANTA HELENA II SECTOR,Gratamira,1201.74,0,PARQUE VECINAL URBANIZACIÓN LA LAGUNA,1194.69,0,0.21,,0.33,1.5,0.0,,0.03,237.88,2.0
34-M4700188,APARTAMENTO,VENTA,20.31,108.5,3.0,2.0,614000.0,2.0,SANTA BARBARA,6,MAS DE 20 ANOS,4.69,-74.04,USADO,,0,0,0,0,1,0,0,0,0,1,False,USAQUEN,SANTA BARBARA CENTRAL II SECTOR,Pepe Sierra,1882.24,0,PARQUE METROPOLITANO EL COUNTRY,1269.06,0,0.19,,0.67,1.5,0.0,,0.03,349.87,1.0
34-M4146576,APARTAMENTO,VENTA,20.6,130.0,3.0,3.0,680000.0,2.0,SANTA BARBARA,6,ENTRE 0 Y 5 ANOS,4.69,-74.04,USADO,,0,1,0,0,1,0,0,0,0,1,False,USAQUEN,SANTA ANA OCCIDENTAL,Calle 106,2363.42,0,PARQUE METROPOLITANO EL COUNTRY,1995.43,0,0.16,,0.67,1.0,0.0,,0.02,445.07,1.0
14573-M4720856,APARTAMENTO,VENTA,19.7,46.95,2.0,1.0,3921395.93,1.0,NIZA ALHAMBRA,5,ENTRE 5 Y 10 ANOS,4.7,-74.06,USADO,,0,0,0,0,1,0,0,0,0,1,False,SUBA,EL BATAN,Calle 127,506.55,0,PARQUE ZONAL ATABANZA,549.65,0,0.42,,0.5,2.0,0.0,,0.04,674.64,0.0
410-M4527780,APARTAMENTO,VENTA,21.06,122.9,3.0,3.0,1061000.0,2.0,SANTA BARBARA,6,ENTRE 0 Y 5 ANOS,4.69,-74.05,USADO,,0,0,0,0,1,0,0,0,0,1,False,USAQUEN,SAN PATRICIO,Calle 106,912.9,0,PARQUE METROPOLITANO EL COUNTRY,1731.58,0,0.17,,0.67,1.0,0.0,,0.02,203.82,2.0
13436-M4704989,APARTAMENTO,VENTA,19.86,46.0,1.0,2.0,350000.0,1.0,COUNTRY,5,ENTRE 0 Y 5 ANOS,4.72,-74.04,USADO,,0,1,0,1,1,0,0,0,0,1,False,USAQUEN,EL CONTADOR,Alcalá,1029.02,0,PARQUE VECINAL NUEVA URBANIZACIÓN EL CEDRITO,992.3,0,0.43,,1.0,0.5,0.0,,0.02,524.11,0.0
14925-M4661761,APARTAMENTO,VENTA,20.56,83.0,2.0,3.0,517000.0,2.0,CHICO,6,ENTRE 5 Y 10 ANOS,4.68,-74.05,USADO,,0,0,0,1,1,0,0,0,0,1,False,CHAPINERO,CHICO RESERVADO II SECTOR,Calle 100 - Marketmedios,1334.74,0,PARQUE ZONAL CANAL EL VIRREY EL CHICO,1109.03,0,0.25,,1.0,0.67,0.0,,0.02,292.59,3.0
34-M4179437,APARTAMENTO,VENTA,19.86,49.0,2.0,1.0,420000.0,1.0,CHICO,5,MAS DE 20 ANOS,4.66,-74.06,USADO,,0,0,0,0,1,0,0,0,0,1,False,CHAPINERO,S.C. PORCIUNCULA,Calle 72,551.24,0,PARQUE ZONAL GUSTAVO URIBE BOTERO,974.35,0,0.41,,0.5,2.0,0.0,,0.04,115.15,4.0
342-M4567374,APARTAMENTO,VENTA,20.82,170.0,3.0,4.0,1832000.0,2.0,SANTA BARBARA,4,ENTRE 5 Y 10 ANOS,4.69,-74.04,USADO,,0,1,0,0,1,0,0,0,0,1,False,USAQUEN,RINCON DEL CHICO,Calle 106,1504.65,0,PARQUE ZONAL CANAL EL VIRREY EL CHICO,1875.47,0,0.12,,0.67,0.75,0.0,,0.02,601.59,0.0
59-M4350197,APARTAMENTO,VENTA,20.85,150.54,3.0,3.0,809700.0,3.0,SANTA BARBARA,6,MAS DE 20 ANOS,4.7,-74.04,USADO,,0,0,0,0,1,0,0,0,0,1,False,USAQUEN,SANTA BARBARA CENTRAL I SECTOR,Calle 127,1904.76,0,PARQUE METROPOLITANO EL COUNTRY,599.32,0,0.14,,1.0,1.0,0.0,,0.02,607.87,0.0
2751-M4670886,APARTAMENTO,VENTA,19.97,92.0,2.0,2.0,516000.0,2.0,NIZA ALHAMBRA,5,ENTRE 10 Y 20 ANOS,4.71,-74.06,USADO,,0,0,0,0,0,0,0,0,0,1,False,SUBA,EL BATAN,Calle 127,173.63,1,PARQUE ZONAL ATABANZA,493.19,1,0.22,,1.0,1.0,0.0,,0.02,269.83,5.0
973-M4372375,APARTAMENTO,VENTA,19.9,70.0,1.0,2.0,417000.0,1.0,CENTRO INTERNACIONAL,4,MAS DE 20 ANOS,4.62,-74.07,USADO,,0,0,0,0,0,0,0,0,0,1,False,SANTA FE,SAMPER,Calle 26,305.84,1,PARQUE METROPOLITANO EL RENACIMIENTO - PARQUE CEMENTERIO CENTRAL,643.11,0,0.28,,1.0,0.5,0.0,,0.01,383.64,4.0
5175-M4651702,APARTAMENTO,VENTA,21.13,210.0,2.0,4.0,1635882.0,2.0,CHICO,6,MAS DE 20 ANOS,4.66,-74.05,USADO,,0,0,0,0,1,0,0,0,0,1,False,CHAPINERO,LOS ROSALES,Calle 76 - San Felipe,1325.97,0,PARQUE ZONAL SAN ANDRÉS,715.98,0,0.1,,1.0,0.5,0.0,,0.01,638.14,0.0
14914-M3970093,APARTAMENTO,VENTA,21.39,207.74,3.0,4.0,1400000.0,4.0,CHICO,6,ENTRE 10 Y 20 ANOS,4.66,-74.05,USADO,,0,0,0,0,0,0,0,0,0,1,False,CHAPINERO,S.C. EL NOGAL,Calle 76 - San Felipe,812.74,0,PARQUE ZONAL SAN ANDRÉS,412.23,1,0.1,,1.33,0.75,0.0,,0.01,489.6,1.0
495-M4689657,APARTAMENTO,VENTA,19.39,65.0,3.0,2.0,140000.0,0.0,PUENTE ARANDA,3,MAS DE 20 ANOS,4.62,-74.12,USADO,,0,0,0,0,0,0,0,0,0,1,False,PUENTE ARANDA,GALAN - URB. LOS BUNGAVILES,Pradera,1117.46,0,PARQUE METROPOLITANO PISTA DE BMX PRD,290.37,1,0.3,,0.0,1.5,0.0,,0.05,1415.73,0.0
34-M3904841,APARTAMENTO,VENTA,20.32,78.0,3.0,2.0,250000.0,1.0,CHAPINERO,3,ENTRE 0 Y 5 ANOS,4.66,-74.08,USADO,,0,0,0,0,1,0,0,0,0,1,False,BARRIOS UNIDOS,BENJAMIN HERRERA,7 de Agosto,167.78,1,PARQUE ZONAL GIMNASIO DEL NORTE,286.46,1,0.26,,0.33,1.5,0.0,,0.04,757.88,0.0
34-M3270329,APARTAMENTO,VENTA,20.56,173.0,4.0,3.0,539000.0,1.0,NIZA ALHAMBRA,4,MAS DE 20 ANOS,4.71,-74.07,USADO,,0,0,0,0,1,0,0,0,0,1,True,SUBA,NIZA SUR,Humedal Córdoba,426.67,1,PARQUE ZONAL LOS LACHES LA MINA,712.44,0,0.12,,0.25,1.33,0.0,,0.02,709.31,0.0
346-M4175650,APARTAMENTO,VENTA,19.45,70.0,3.0,2.0,145000.0,0.0,CORTIJO AUTOPISTA MEDELLIN,3,MAS DE 20 ANOS,4.7,-74.09,USADO,,0,0,0,0,0,0,0,0,0,1,False,ENGATIVA,EL MINUTO DE DIOS - LOS LAGOS,Minuto de Dios,867.79,0,PARQUE ZONAL LA SERENA,782.25,0,0.28,,0.0,1.5,0.0,,0.04,1131.1,0.0
703-2331,APARTAMENTO,VENTA,20.85,184.6,3.0,3.0,906000.0,3.0,SANTA BARBARA,5,MAS DE 20 ANOS,4.7,-74.05,USADO,,0,0,0,0,1,0,0,0,0,1,False,USAQUEN,SAN PATRICIO,Pepe Sierra,476.48,1,PARQUE ZONAL ATABANZA,1472.84,0,0.11,,1.0,1.0,0.0,,0.02,246.06,2.0
661-M4499704,APARTAMENTO,VENTA,19.45,62.0,2.0,2.0,259200.0,1.0,SANTA BARBARA,4,ENTRE 10 Y 20 ANOS,4.7,-74.02,USADO,,0,0,0,0,1,0,0,0,0,1,False,USAQUEN,SAN NORTE,Calle 127,3272.46,0,PARQUE METROPOLITANO EL COUNTRY,1530.36,0,0.31,,0.5,1.0,0.0,,0.03,1034.58,0.0
771-M4371723,APARTAMENTO,VENTA,21.42,250.0,2.0,3.0,2500000.0,3.0,CHICO,6,MAS DE 20 ANOS,4.67,-74.05,USADO,,0,0,0,0,1,0,0,0,0,1,False,CHAPINERO,S.C. EL RETIRO,Héroes - Gel´Hada,1167.32,0,PARQUE ZONAL SAN ANDRÉS,241.8,1,0.09,,1.5,0.67,0.0,,0.01,298.78,3.0
34-M4696218,APARTAMENTO,VENTA,19.67,72.0,3.0,2.0,361000.0,1.0,COLINA Y ALREDEDORES,4,MAS DE 20 ANOS,4.73,-74.05,USADO,,0,0,0,0,0,0,0,0,0,1,False,SUBA,LA VICTORIA NORTE,Calle 146,489.15,1,PARQUE VECINAL URBANIZACIÓN LA LAGUNA,136.86,1,0.27,,0.33,1.5,0.0,,0.04,1375.42,0.0
34-M3745915,APARTAMENTO,VENTA,21.05,187.0,4.0,4.0,960000.0,4.0,COUNTRY,4,ENTRE 10 Y 20 ANOS,4.7,-74.03,USADO,,0,1,0,0,1,0,0,0,0,1,False,USAQUEN,SANTA BARBARA ORIENTAL,Calle 127,2531.36,0,PARQUE METROPOLITANO EL COUNTRY,873.89,0,0.11,,1.0,1.0,0.0,,0.02,425.14,1.0
34-M4269611,APARTAMENTO,VENTA,19.59,68.0,3.0,2.0,175000.0,1.0,CASTILLA MARSELLA,4,ENTRE 0 Y 5 ANOS,4.65,-74.14,USADO,,0,0,0,0,0,0,0,0,0,1,False,KENNEDY,BOSCONIA,Transversal 86,1859.78,0,PARQUE VECINAL VILLA ALSACIA,1059.68,0,0.29,,0.33,1.5,0.0,,0.04,1817.37,0.0
3552-M4070933,APARTAMENTO,VENTA,19.88,98.0,2.0,2.0,3921395.93,0.0,CHAPINERO ALTO,4,MAS DE 20 ANOS,4.65,-74.06,USADO,,0,0,0,0,0,0,0,0,0,1,False,CHAPINERO,S.C. CHAPINERO NORTE,Calle 63,560.11,0,PARQUE ZONAL GUSTAVO URIBE BOTERO,885.13,0,0.2,,0.0,1.0,0.0,,0.02,612.76,0.0
920-42148768,APARTAMENTO,VENTA,20.49,134.0,3.0,3.0,905000.0,2.0,SANTA BARBARA,5,MAS DE 20 ANOS,4.7,-74.05,USADO,,0,1,0,0,1,0,0,0,0,1,False,USAQUEN,SANTA BARBARA OCCIDENTAL,Pepe Sierra,329.1,1,PARQUE ZONAL ATABANZA,1168.81,0,0.15,,0.67,1.0,0.0,,0.02,545.7,0.0
897-M3754759,APARTAMENTO,VENTA,20.49,127.0,3.0,3.0,3921395.93,2.0,CHICO,6,MAS DE 20 ANOS,4.68,-74.05,USADO,,0,0,0,0,0,0,0,0,0,1,True,CHAPINERO,S.C. CHICO NORTE,Virrey,1162.96,0,PARQUE ZONAL CANAL EL VIRREY EL CHICO,732.48,0,0.16,,0.67,1.0,0.0,,0.02,77.28,2.0
504-M3873180,APARTAMENTO,VENTA,19.99,72.0,2.0,2.0,270000.0,1.0,CEDRITOS,4,ENTRE 5 Y 10 ANOS,4.72,-74.03,USADO,,0,0,0,0,0,0,0,0,0,1,False,USAQUEN,CEDRITOS,Alcalá,1949.02,0,PARQUE VECINAL NUEVA URBANIZACIÓN EL CEDRITO,487.89,1,0.28,,0.5,1.0,0.0,,0.03,396.83,1.0
410-M3494865,APARTAMENTO,VENTA,20.67,156.0,3.0,4.0,3921395.93,2.0,SANTA BARBARA,6,ENTRE 10 Y 20 ANOS,4.7,-74.04,USADO,,0,0,0,1,1,0,0,0,0,1,False,USAQUEN,SANTA BARBARA OCCIDENTAL,Calle 127,1171.01,0,PARQUE METROPOLITANO EL COUNTRY,663.51,0,0.13,,0.67,0.75,0.0,,0.02,253.28,1.0
3229-M4051909,APARTAMENTO,VENTA,20.21,66.0,2.0,2.0,225000.0,1.0,SALITRE MODELIA,5,ENTRE 0 Y 5 ANOS,4.64,-74.1,USADO,,0,0,0,1,0,0,1,0,0,0,False,TEUSAQUILLO,CIUDAD SALITRE SURORIENTAL,Gobernación,581.25,0,PARQUE VECINAL SANTA CLARA,954.3,0,0.31,,0.5,1.0,0.0,,0.03,376.94,2.0
13273-M4429231,APARTAMENTO,VENTA,19.77,80.0,3.0,2.0,240000.0,1.0,COLINA Y ALREDEDORES,4,ENTRE 5 Y 10 ANOS,4.73,-74.06,USADO,,0,0,0,0,1,0,0,0,0,1,False,SUBA,PRADO PINZON,Calle 142,608.64,0,PARQUE VECINAL PRADO PINZÓN,252.94,1,0.25,,0.33,1.5,0.0,,0.04,823.64,0.0
34-M4541968,APARTAMENTO,VENTA,19.36,44.0,1.0,1.0,270000.0,1.0,ORQUIDEAS,4,ENTRE 10 Y 20 ANOS,4.75,-74.03,USADO,,0,0,0,0,1,0,0,0,0,1,False,USAQUEN,SANTA TERESA,Toberin - Foundever,1832.5,0,PARQUE ZONAL SERVITA,742.33,0,0.44,,1.0,1.0,0.0,,0.02,689.5,0.0
14925-M4661748,APARTAMENTO,VENTA,21.37,267.0,3.0,4.0,1450000.0,3.0,CHICO,6,MAS DE 20 ANOS,4.67,-74.04,USADO,,0,1,0,1,1,0,1,0,0,1,False,CHAPINERO,CHICO ALTO,Calle 85,1877.45,0,PARQUE VECINAL URBANIZACIÓN LA CABRERA,819.35,0,0.08,,1.0,0.75,0.0,,0.01,770.32,0.0
717-M1433376,APARTAMENTO,VENTA,20.61,148.0,2.0,4.0,860000.0,2.0,CHICO,6,ENTRE 10 Y 20 ANOS,4.68,-74.04,USADO,,0,0,0,0,0,0,0,0,0,1,False,CHAPINERO,S.C. CHICO NORTE,Virrey,1649.34,0,PARQUE VECINAL URBANIZACIÓN LA CABRERA,951.74,0,0.14,,1.0,0.5,0.0,,0.01,467.19,1.0
2396-M4209580,APARTAMENTO,VENTA,20.34,82.0,2.0,2.0,1400000.0,1.0,CHICO,6,ENTRE 10 Y 20 ANOS,4.68,-74.06,USADO,,0,0,0,1,1,0,1,0,0,1,False,CHAPINERO,S.C. CHICO NORTE,Virrey,536.25,0,PARQUE VECINAL URBANIZACIÓN NORMANDIA I II II Y IV SECTOR,416.39,1,0.25,,0.5,1.0,0.0,,0.02,246.16,2.0
15061-M4527476,APARTAMENTO,VENTA,19.65,59.0,1.0,1.0,419000.0,2.0,SANTA BARBARA,6,ENTRE 10 Y 20 ANOS,4.7,-74.04,USADO,,0,0,0,1,1,0,0,0,0,0,False,USAQUEN,SANTA BARBARA CENTRAL I SECTOR,Pepe Sierra,1702.6,0,PARQUE METROPOLITANO EL COUNTRY,927.57,0,0.33,,2.0,1.0,0.0,,0.02,710.76,0.0
771-M4627835,APARTAMENTO,VENTA,20.58,112.0,3.0,3.0,850000.0,2.0,SANTA BARBARA,6,ENTRE 5 Y 10 ANOS,4.7,-74.04,USADO,,0,0,0,0,0,0,0,0,0,1,False,USAQUEN,SANTA BARBARA OCCIDENTAL,Calle 127,1038.93,0,PARQUE METROPOLITANO EL COUNTRY,735.78,0,0.18,,0.67,1.0,0.0,,0.03,345.45,1.0
12511-M4724241,APARTAMENTO,VENTA,19.83,57.0,1.0,2.0,345000.0,1.0,CEDRITOS,4,ENTRE 5 Y 10 ANOS,4.72,-74.04,USADO,,0,0,0,0,1,0,1,0,0,1,False,USAQUEN,CEDRO NARVAEZ,Alcalá,1774.72,0,PARQUE VECINAL NUEVA URBANIZACIÓN EL CEDRITO,309.36,1,0.35,,1.0,0.5,0.0,,0.02,300.01,1.0
897-M3570102,APARTAMENTO,VENTA,20.08,82.0,3.0,2.0,260000.0,1.0,NICOLAS DE FEDERMAN,4,MAS DE 20 ANOS,4.64,-74.09,USADO,,0,0,0,0,1,1,0,0,0,1,False,TEUSAQUILLO,RAFAEL NUNEZ,Campín - UAN,823.91,0,PARQUE ZONAL NICOLAS DE FEDERMAN 3,681.24,0,0.24,,0.33,1.5,0.0,,0.04,581.66,0.0
989-M4555974,APARTAMENTO,VENTA,20.09,81.0,3.0,3.0,490000.0,2.0,NIZA ALHAMBRA,5,ENTRE 10 Y 20 ANOS,4.69,-74.06,USADO,,0,0,0,0,0,0,0,0,0,1,False,SUBA,PUENTE LARGO SECTOR I Y II,Puentelargo,467.42,1,PARQUE ZONAL CANAL CORDOBA,938.51,0,0.25,,0.67,1.0,0.0,,0.04,619.67,0.0
495-M4163291,APARTAMENTO,VENTA,21.37,354.0,5.0,5.0,2000000.0,4.0,SANTA BARBARA,6,MAS DE 20 ANOS,4.69,-74.05,USADO,,0,1,0,0,0,0,0,0,0,1,False,USAQUEN,SANTA BIBIANA,Calle 106,656.46,0,PARQUE VECINAL URBANIZACIÓN NORMANDIA I II II Y IV SECTOR,1344.45,0,0.06,,0.8,1.0,0.0,,0.01,533.38,0.0
34-M3078869,APARTAMENTO,VENTA,20.91,148.56,2.0,2.0,1430000.0,3.0,CHICO,6,MAS DE 20 ANOS,4.67,-74.05,USADO,,0,1,0,0,1,0,0,0,0,1,False,CHAPINERO,S.C. EL CHICO,Virrey,1100.27,0,PARQUE VECINAL URBANIZACIÓN LA CABRERA,460.61,1,0.14,,1.5,1.0,0.0,,0.01,311.12,3.0
3057-M4289443,APARTAMENTO,VENTA,19.23,37.32,2.0,1.0,145000.0,0.0,170 Y ALREDORES,4,ENTRE 0 Y 5 ANOS,4.76,-74.05,USADO,,0,0,0,0,1,0,0,0,0,1,False,SUBA,URB. PLAZA BAVIERA,Portal Norte,824.51,0,PARQUE VECINAL URBANIZACIÓN VILANOVA,777.69,0,0.52,,0.0,2.0,0.0,,0.05,987.69,0.0
2671-M4557186,APARTAMENTO,VENTA,20.91,136.6,3.0,3.0,790000.0,2.0,CHICO,6,ENTRE 5 Y 10 ANOS,4.68,-74.05,USADO,,0,0,0,0,0,0,0,0,0,1,False,CHAPINERO,S.C. CHICO NORTE III SECTOR,Calle 100 - Marketmedios,520.45,0,PARQUE VECINAL URBANIZACIÓN NORMANDIA I II II Y IV SECTOR,968.51,0,0.15,,0.67,1.0,0.0,,0.02,289.42,2.0
2361-M4739984,APARTAMENTO,VENTA,19.9,72.8,2.0,2.0,3921395.93,1.0,CEDRITOS,4,ENTRE 10 Y 20 ANOS,4.73,-74.04,USADO,,0,1,0,0,0,0,0,0,0,1,False,USAQUEN,ACACIAS USAQUEN,Calle 142,1250.39,0,PARQUE VECINAL NUEVA URBANIZACIÓN EL CEDRITO,677.62,0,0.27,,0.5,1.0,0.0,,0.03,664.68,0.0
11139-M4466884,APARTAMENTO,VENTA,20.91,251.0,5.0,4.0,980000.0,0.0,SANTA BARBARA,6,ENTRE 0 Y 5 ANOS,4.7,-74.04,USADO,,0,1,0,0,0,0,0,0,0,0,False,USAQUEN,SANTA BARBARA CENTRAL I SECTOR,Calle 127,1603.14,0,PARQUE METROPOLITANO EL COUNTRY,560.87,0,0.08,,0.0,1.25,0.0,,0.02,370.2,1.0
304-M4656193,APARTAMENTO,VENTA,19.8,50.73,2.0,1.0,520000.0,1.0,SANTA BARBARA,5,REMODELADO,4.7,-74.05,USADO,,0,1,0,0,1,0,0,0,0,1,False,USAQUEN,SAN PATRICIO,Pepe Sierra,239.42,1,PARQUE ZONAL CANAL CORDOBA,1328.32,0,0.39,,0.5,2.0,0.0,,0.04,472.32,1.0
346-M4700940,APARTAMENTO,VENTA,19.61,55.0,1.0,2.0,560000.0,1.0,COUNTRY,5,ENTRE 5 Y 10 ANOS,4.71,-74.03,USADO,,0,0,0,0,1,0,0,0,0,1,False,USAQUEN,BELLA SUIZA,Prado,2462.88,0,PARQUE METROPOLITANO EL COUNTRY,764.58,0,0.36,,1.0,0.5,0.0,,0.02,435.12,1.0
16425-M4625449,APARTAMENTO,VENTA,20.14,104.0,3.0,3.0,574000.0,2.0,CEDRITOS,4,ENTRE 10 Y 20 ANOS,4.73,-74.04,USADO,,0,1,0,0,1,0,0,0,0,1,False,USAQUEN,CAOBOS SALAZAR,Calle 142,1534.99,0,PARQUE VECINAL NUEVA URBANIZACIÓN EL CEDRITO,474.64,1,0.19,,0.67,1.0,0.0,,0.03,619.61,0.0
897-M4191442,APARTAMENTO,VENTA,19.78,72.0,3.0,2.0,3921395.93,1.0,SALITRE MODELIA,4,ENTRE 10 Y 20 ANOS,4.67,-74.13,USADO,,0,0,0,1,0,1,0,0,0,1,False,FONTIBON,RINCON DE MODELIA,Modelia,1082.31,0,PARQUE VECINAL MODELIA SECTOR A,627.86,0,0.27,,0.33,1.5,0.0,,0.04,878.83,0.0
16425-M4625406,APARTAMENTO,VENTA,20.09,106.0,2.0,3.0,636000.0,1.0,SANTA BARBARA,6,REMODELADO,4.7,-74.04,USADO,,0,0,0,0,1,0,0,0,0,1,False,USAQUEN,SANTA BARBARA CENTRAL IV SECTOR,Pepe Sierra,2178.91,0,PARQUE METROPOLITANO EL COUNTRY,802.26,0,0.19,,0.5,0.67,0.0,,0.02,411.95,1.0
897-M4205051,APARTAMENTO,VENTA,20.52,154.46,2.0,2.0,1206000.0,2.0,CHICO,6,MAS DE 20 ANOS,4.68,-74.05,USADO,,0,0,0,0,1,0,0,0,0,1,False,CHAPINERO,S.C. CHICO NORTE,Virrey,648.31,0,PARQUE VECINAL URBANIZACIÓN NORMANDIA I II II Y IV SECTOR,534.17,0,0.13,,1.0,1.0,0.0,,0.01,196.45,2.0
771-M4371624,APARTAMENTO,VENTA,20.03,77.0,1.0,2.0,450000.0,2.0,CHAPINERO ALTO,4,ENTRE 0 Y 5 ANOS,4.65,-74.05,USADO,,0,0,0,0,0,0,0,0,0,1,False,CHAPINERO,NUEVA_GRANADA,Calle 63,1233.11,0,PARQUE ZONAL GUSTAVO URIBE BOTERO,549.77,0,0.26,,2.0,0.5,0.0,,0.01,718.43,0.0
771-M4711601,APARTAMENTO,VENTA,20.11,87.0,2.0,3.0,266000.0,2.0,COLINA Y ALREDEDORES,4,ENTRE 0 Y 5 ANOS,4.72,-74.06,USADO,,0,1,0,1,1,0,0,0,0,1,False,SUBA,SAN RAFAEL NORTE,Alcalá,968.97,0,PARQUE VECINAL PRADO PINZÓN,768.74,0,0.23,,1.0,0.67,0.0,,0.02,248.69,1.0
17-M4639440,APARTAMENTO,VENTA,20.97,130.0,2.0,3.0,740000.0,2.0,SANTA BARBARA,6,ENTRE 0 Y 5 ANOS,4.7,-74.03,USADO,,0,0,0,1,1,0,0,0,0,1,False,USAQUEN,SANTA BARBARA ORIENTAL,Calle 127,2590.96,0,PARQUE METROPOLITANO EL COUNTRY,872.2,0,0.16,,1.0,0.67,0.0,,0.02,638.37,0.0
34-M4177084,APARTAMENTO,VENTA,19.45,71.0,3.0,2.0,274327.0,0.0,ENGATIVA,4,ENTRE 5 Y 10 ANOS,4.72,-74.13,USADO,,0,0,0,0,0,0,0,0,0,1,False,ENGATIVA,EL GACO - EL PORVENIR (PREDIO),Portal 80,2713.64,0,PARQUE METROPOLITANO PLANTA DE TRATAMIENTO SALITRE,1092.41,0,0.27,,0.0,1.5,0.0,,0.04,2501.03,0.0
34-M3600836,APARTAMENTO,VENTA,19.43,65.0,2.0,2.0,142000.0,1.0,CASTILLA MARSELLA,3,ENTRE 0 Y 5 ANOS,4.65,-74.15,USADO,,0,0,0,0,1,0,0,0,0,1,False,KENNEDY,S.C. TINTALA,Biblioteca Tintal,1286.16,0,PARQUE METROPOLITANO BIBLIOTECA EL TINTAL,490.53,1,0.3,,0.5,1.0,0.0,,0.03,2562.23,0.0
34-64236,APARTAMENTO,VENTA,20.01,68.08,1.0,2.0,353000.0,1.0,CENTRO INTERNACIONAL,4,ENTRE 5 Y 10 ANOS,4.62,-74.07,USADO,,0,0,0,0,1,0,0,0,0,1,False,SANTA FE,SAMPER,Calle 34,152.46,1,PARQUE METROPOLITANO PARQUE NACIONAL (PM2A) ENRIQUE OLAYA HERRERA (SECTOR HISTORICO),617.71,0,0.29,,1.0,0.5,0.0,,0.01,534.26,0.0
3229-M3245213,APARTAMENTO,VENTA,20.97,227.0,3.0,3.0,1100000.0,2.0,CHICO,6,MAS DE 20 ANOS,4.66,-74.05,USADO,,0,1,0,0,1,0,0,0,0,1,False,CHAPINERO,S.C. BELLAVISTA,Calle 72,1091.95,0,PARQUE ZONAL GUSTAVO URIBE BOTERO,758.83,0,0.09,,0.67,1.0,0.0,,0.01,352.0,3.0
34-M4146406,APARTAMENTO,VENTA,19.7,68.44,3.0,2.0,247000.0,1.0,FONTIBON TINTAL,4,ENTRE 5 Y 10 ANOS,4.66,-74.14,USADO,,0,0,0,0,1,0,0,0,0,1,False,FONTIBON,URB. PRADO GRANDE,Modelia,2649.99,0,PARQUE VECINAL VILLA HELENA VILLEMAR,973.43,0,0.29,,0.33,1.5,0.0,,0.04,742.62,0.0
34-M3544742,APARTAMENTO,VENTA,19.88,54.0,1.0,2.0,322000.0,0.0,CENTRO INTERNACIONAL,4,ENTRE 0 Y 5 ANOS,4.62,-74.07,USADO,,0,0,0,0,1,0,0,0,0,1,False,SANTA FE,SAN_MARTIN,Museo Nacional,379.46,1,PARQUE METROPOLITANO INDEPENDENCIA BICENTENARIO,655.06,0,0.37,,0.0,0.5,0.0,,0.02,307.11,4.0
34-M3653109,APARTAMENTO,VENTA,20.39,155.51,3.0,1.0,708000.0,2.0,SANTA BARBARA,5,MAS DE 20 ANOS,4.7,-74.05,USADO,,0,1,0,0,1,0,0,0,0,0,False,USAQUEN,SANTA BARBARA OCCIDENTAL,Calle 127,143.15,1,PARQUE ZONAL ATABANZA,768.38,0,0.13,,0.67,3.0,0.0,,0.02,59.75,5.0
346-M4175679,APARTAMENTO,VENTA,19.45,70.0,3.0,2.0,145000.0,0.0,CORTIJO AUTOPISTA MEDELLIN,3,MAS DE 20 ANOS,4.7,-74.09,USADO,,0,0,0,0,0,0,0,0,0,1,False,ENGATIVA,EL MINUTO DE DIOS - LOS LAGOS,Minuto de Dios,867.79,0,PARQUE ZONAL LA SERENA,782.25,0,0.28,,0.0,1.5,0.0,,0.04,1131.1,0.0
10139-M4284871,APARTAMENTO,VENTA,21.31,163.0,3.0,2.0,874000.0,2.0,CHICO,6,ENTRE 10 Y 20 ANOS,4.67,-74.04,USADO,,0,0,0,0,1,0,0,0,0,1,False,CHAPINERO,S.C. EL CHICO,Calle 85,1651.27,0,PARQUE VECINAL URBANIZACIÓN LA CABRERA,614.18,0,0.13,,0.67,1.5,0.0,,0.02,548.22,0.0
897-M4462767,APARTAMENTO,VENTA,20.07,106.0,3.0,2.0,516000.0,2.0,SANTA BARBARA,5,MAS DE 20 ANOS,4.69,-74.04,USADO,,0,1,0,0,1,0,0,0,0,1,False,USAQUEN,SANTA BARBARA CENTRAL III SECTOR,Pepe Sierra,2187.23,0,PARQUE METROPOLITANO EL COUNTRY,1185.61,0,0.19,,0.67,1.5,0.0,,0.03,433.25,4.0
488-1742,APARTAMENTO,VENTA,19.06,55.0,3.0,2.0,3921395.93,1.0,FONTIBON TINTAL,3,ENTRE 0 Y 5 ANOS,4.68,-74.14,USADO,,0,0,0,0,0,0,0,0,0,1,False,FONTIBON,SANTANDER,Portal El Dorado,2245.31,0,PARQUE VECINAL VILLA HELENA VILLEMAR,618.38,0,0.35,,0.33,1.5,0.0,,0.05,1864.71,0.0
2363-M4432003,APARTAMENTO,VENTA,19.86,77.88,3.0,1.0,230000.0,1.0,LA SOLEDAD,4,MAS DE 20 ANOS,4.64,-74.07,USADO,,0,0,0,0,0,0,0,0,0,0,False,TEUSAQUILLO,ALFONSO LOPEZ,Marly,496.32,1,PARQUE ESCENARIO DEPORTIVO EL CAMPINCITO - CEAD,1118.08,0,0.25,,0.33,3.0,0.0,,0.04,569.53,0.0
11369-M4737797,APARTAMENTO,VENTA,20.01,93.4,3.0,2.0,356000.0,1.0,CEDRITOS,4,MAS DE 20 ANOS,4.73,-74.04,USADO,,0,0,0,0,1,1,0,0,0,1,False,USAQUEN,LAS MARGARITAS I SECTOR,Calle 146,601.81,0,PARQUE VECINAL DESARROLLO ESTRELLA DEL NORTE,1076.36,0,0.21,,0.33,1.5,0.0,,0.03,1087.17,0.0
14236-M4657475,APARTAMENTO,VENTA,19.49,60.0,3.0,2.0,231000.0,1.0,ENGATIVA,4,ENTRE 5 Y 10 ANOS,4.72,-74.14,USADO,,0,0,0,1,1,1,0,0,0,1,False,ENGATIVA,S.C. EL GACO,Portal 80,3276.45,0,PARQUE METROPOLITANO PLANTA DE TRATAMIENTO SALITRE,1211.54,0,0.32,,0.33,1.5,0.0,,0.05,2867.93,0.0
495-M3362878,APARTAMENTO,VENTA,20.91,168.0,4.0,5.0,3921395.93,3.0,CEDRITOS,6,MAS DE 20 ANOS,4.72,-74.02,USADO,,0,1,0,0,0,1,0,0,0,1,False,USAQUEN,BOSQUE DE PINOS III,Calle 146,3043.66,0,PARQUE VECINAL NUEVA URBANIZACIÓN EL CEDRITO,1182.34,0,0.12,,0.75,0.8,0.0,,0.02,1199.78,0.0
2751-M4478670,APARTAMENTO,VENTA,19.66,66.0,3.0,2.0,244000.0,1.0,KENNEDY,3,ENTRE 10 Y 20 ANOS,4.63,-74.13,USADO,,0,0,0,0,0,1,0,0,0,1,False,KENNEDY,LAS AMERICAS_,Marsella,361.43,1,PARQUE ZONAL LA IGUALDAD,485.19,1,0.3,,0.33,1.5,0.0,,0.05,1026.93,0.0
10930-M4740469,APARTAMENTO,VENTA,19.11,50.0,2.0,1.0,3921395.93,0.0,,3,ENTRE 10 Y 20 ANOS,4.64,-74.15,USADO,,0,0,0,0,0,0,0,0,0,0,False,KENNEDY,CIUDAD TECHO I,Transversal 86,419.43,1,PARQUE METROPOLITANO BIBLIOTECA EL TINTAL,1007.73,0,0.38,,0.0,2.0,0.0,,0.04,2494.5,0.0
34-M4598724,APARTAMENTO,VENTA,19.25,47.0,2.0,1.0,151000.0,1.0,CASTILLA MARSELLA,3,ENTRE 10 Y 20 ANOS,4.65,-74.14,USADO,,0,0,0,0,1,0,0,0,0,1,False,KENNEDY,SAN JUAN DE CASTILLA,Transversal 86,1637.91,0,PARQUE VECINAL VILLA ALSACIA,858.82,0,0.41,,0.5,2.0,0.0,,0.04,1676.49,0.0
897-M3798573,APARTAMENTO,VENTA,20.02,97.44,1.0,2.0,375000.0,2.0,SANTA BARBARA,6,MAS DE 20 ANOS,4.69,-74.05,USADO,,0,0,0,0,1,1,0,0,0,1,False,USAQUEN,SANTA BIBIANA,Calle 106,483.75,1,PARQUE VECINAL URBANIZACIÓN NORMANDIA I II II Y IV SECTOR,1546.18,0,0.21,,2.0,0.5,0.0,,0.01,720.15,0.0
10159-M4705412,APARTAMENTO,VENTA,20.29,97.2,3.0,2.0,607000.0,2.0,COLINA Y ALREDEDORES,4,ENTRE 10 Y 20 ANOS,4.75,-74.07,USADO,,0,1,0,1,1,1,0,0,0,1,False,SUBA,LA ESMERALDA (PREDIO),21 Ángeles,2302.14,0,PARQUE ZONAL SAN JOSÉ DE BAVARIA,639.23,0,0.21,,0.67,1.5,0.0,,0.03,2098.61,0.0
2123-M4734811,APARTAMENTO,VENTA,21.25,252.0,3.0,5.0,1800000.0,3.0,COUNTRY,6,ENTRE 10 Y 20 ANOS,4.71,-74.03,USADO,,0,1,0,1,1,0,0,0,0,1,False,USAQUEN,CIUDADELA REAL,Prado,2715.54,0,PARQUE VECINAL NUEVA URBANIZACIÓN EL CEDRITO,1261.0,0,0.08,,1.0,0.6,0.0,,0.01,248.78,1.0
175-M4490345,APARTAMENTO,VENTA,20.6,176.0,4.0,4.0,250000.0,1.0,CHAPINERO ALTO,3,MAS DE 20 ANOS,4.65,-74.06,USADO,,0,1,0,0,0,0,0,0,0,1,False,CHAPINERO,S.C. CHAPINERO CENTRAL,Calle 63,211.16,1,PARQUE ZONAL GUSTAVO URIBE BOTERO,1233.93,0,0.12,,0.25,1.0,0.0,,0.02,584.82,0.0
2396-M4684712,APARTAMENTO,VENTA,20.49,102.0,3.0,3.0,488000.0,2.0,CEDRITOS,4,ENTRE 0 Y 5 ANOS,4.73,-74.04,USADO,,0,1,0,1,1,0,0,0,0,0,False,USAQUEN,CAOBOS SALAZAR,Calle 146,1195.37,0,PARQUE VECINAL NUEVA URBANIZACIÓN EL CEDRITO,817.33,0,0.2,,0.67,1.0,0.0,,0.03,819.8,0.0
73-M4130985,APARTAMENTO,VENTA,19.92,109.0,4.0,3.0,3921395.93,1.0,NORMANDIA,4,MAS DE 20 ANOS,4.67,-74.11,USADO,,0,0,0,0,0,0,0,0,0,1,False,ENGATIVA,NORMANDIA IV SECTOR,Normandía,822.82,0,PARQUE ESCENARIO DEPORTIVO UNIDAD DEPORTIVA EL SALITRE SIMON BOLIVAR,1312.95,0,0.18,,0.25,1.33,0.0,,0.04,436.58,1.0
11079-M4442023,APARTAMENTO,VENTA,19.7,75.0,3.0,2.0,286105.0,1.0,COLINA Y ALREDEDORES,3,ENTRE 0 Y 5 ANOS,4.72,-74.07,USADO,,0,0,0,0,1,0,0,0,0,0,False,SUBA,CIUDAD JARDIN NORTE,Suba - AV. Boyacá,602.14,0,PARQUE ZONAL LOS LACHES LA MINA,1065.99,0,0.26,,0.33,1.5,0.0,,0.04,853.26,0.0
34-M2910408,APARTAMENTO,VENTA,19.92,55.0,2.0,2.0,3921395.93,1.0,SANTA BARBARA,6,ENTRE 5 Y 10 ANOS,4.7,-74.04,USADO,,0,1,0,0,0,0,0,0,0,1,False,USAQUEN,SANTA BARBARA CENTRAL I Y II,Pepe Sierra,1568.42,0,PARQUE METROPOLITANO EL COUNTRY,1063.59,0,0.36,,0.5,1.0,0.0,,0.04,702.62,0.0
34-M4205725,APARTAMENTO,VENTA,20.36,107.2,2.0,2.0,645000.0,2.0,CHAPINERO ALTO,6,MAS DE 20 ANOS,4.65,-74.05,USADO,,0,1,0,0,1,0,0,0,0,1,False,CHAPINERO,S.C. LAS ACACIAS,Flores – Areandina,1502.27,0,PARQUE ZONAL GUSTAVO URIBE BOTERO,208.79,1,0.19,,1.0,1.0,0.0,,0.02,659.88,0.0
495-M4689665,APARTAMENTO,VENTA,19.4,65.0,3.0,2.0,198900.0,0.0,CORTIJO AUTOPISTA MEDELLIN,3,ENTRE 10 Y 20 ANOS,4.73,-74.12,USADO,,0,0,0,0,0,0,0,0,0,1,False,ENGATIVA,CIUDADELA COLSUBSIDIO 4 SECTOR,Portal 80,2568.13,0,PARQUE METROPOLITANO PLANTA DE TRATAMIENTO SALITRE,1051.04,0,0.3,,0.0,1.5,0.0,,0.05,2412.1,0.0
16425-M4623004,APARTAMENTO,VENTA,19.61,56.0,1.0,2.0,510000.0,1.0,NIZA ALHAMBRA,5,ENTRE 5 Y 10 ANOS,4.7,-74.06,USADO,,0,1,0,0,0,0,0,0,0,1,False,SUBA,EL BATAN,Calle 127,580.69,0,PARQUE ZONAL ATABANZA,644.2,0,0.35,,1.0,0.5,0.0,,0.02,751.25,0.0
5340-M4478196,APARTAMENTO,VENTA,20.13,102.0,3.0,4.0,770000.0,2.0,SANTA BARBARA,6,MAS DE 20 ANOS,4.7,-74.04,USADO,,0,1,0,0,1,0,0,0,0,1,False,USAQUEN,SANTA BARBARA OCCIDENTAL,Calle 127,1226.99,0,PARQUE METROPOLITANO EL COUNTRY,806.81,0,0.2,,0.67,0.75,0.0,,0.03,419.93,2.0
34-M3850653,APARTAMENTO,VENTA,20.63,126.7,3.0,3.0,723000.0,3.0,COUNTRY,6,ENTRE 10 Y 20 ANOS,4.71,-74.05,USADO,,0,1,0,0,1,0,0,0,0,1,False,USAQUEN,LA CALLEJA,Calle 127,624.66,0,PARQUE ZONAL ATABANZA,948.08,0,0.16,,1.0,1.0,0.0,,0.02,284.55,5.0
16425-M4625530,APARTAMENTO,VENTA,20.25,98.0,3.0,4.0,1160000.0,1.0,CHAPINERO ALTO,6,MAS DE 20 ANOS,4.66,-74.05,USADO,,0,1,0,0,1,0,0,0,0,1,False,CHAPINERO,LOS ROSALES,Calle 72,1564.93,0,PARQUE ZONAL GUSTAVO URIBE BOTERO,781.61,0,0.21,,0.33,0.75,0.0,,0.03,815.01,0.0
4796-50,APARTAMENTO,VENTA,20.67,135.0,3.0,4.0,801000.0,2.0,COUNTRY,6,ENTRE 10 Y 20 ANOS,4.71,-74.03,USADO,,0,1,0,1,1,1,0,0,0,1,False,USAQUEN,LISBOA_,Prado,2506.87,0,PARQUE VECINAL NUEVA URBANIZACIÓN EL CEDRITO,1217.43,0,0.15,,0.67,0.75,0.0,,0.02,271.74,3.0
14380-M4742981,APARTAMENTO,VENTA,19.4,55.0,2.0,2.0,383000.0,1.0,CEDRITOS,4,ENTRE 5 Y 10 ANOS,4.73,-74.03,USADO,,0,0,0,0,0,0,0,0,0,1,False,USAQUEN,CEDRO SALAZAR,Calle 146,2329.7,0,PARQUE ZONAL ALTA BLANCA,702.64,0,0.35,,0.5,1.0,0.0,,0.04,456.61,1.0
897-M4118370,APARTAMENTO,VENTA,19.87,82.83,2.0,2.0,617000.0,1.0,COUNTRY,6,MAS DE 20 ANOS,4.7,-74.03,USADO,,0,1,0,0,1,0,0,0,0,1,False,USAQUEN,BELLA SUIZA,Calle 127,2796.82,0,PARQUE METROPOLITANO EL COUNTRY,1053.99,0,0.24,,0.5,1.0,0.0,,0.02,783.48,0.0
175-M4742596,APARTAMENTO,VENTA,21.0,92.0,2.0,3.0,3921395.93,0.0,CHICO,6,ENTRE 0 Y 5 ANOS,4.67,-74.06,USADO,,0,0,0,1,1,0,0,0,0,1,False,CHAPINERO,S.C. ANTIGUO COUNTRY,Calle 85,185.1,1,PARQUE METROPOLITANO RECONCILIACIÓN,118.52,1,0.23,,0.0,0.67,0.0,,0.02,388.91,3.0
183-M3917645,APARTAMENTO,VENTA,19.84,91.67,3.0,2.0,436900.0,2.0,CEDRITOS,4,MAS DE 20 ANOS,4.73,-74.04,USADO,,0,1,0,0,1,0,0,0,0,1,False,USAQUEN,PARQUES DE LORENA,Mazurén,1239.51,0,PARQUE ZONAL LA VIDA,709.56,0,0.22,,0.67,1.5,0.0,,0.03,675.79,0.0
9816-3809937,APARTAMENTO,VENTA,20.2,132.0,2.0,3.0,810000.0,1.0,SANTA BARBARA,6,MAS DE 20 ANOS,4.69,-74.04,USADO,,0,1,0,0,0,0,0,0,0,1,False,USAQUEN,SANTA BARBARA CENTRAL III SECTOR,Pepe Sierra,2199.17,0,PARQUE METROPOLITANO EL COUNTRY,1088.83,0,0.15,,0.5,0.67,0.0,,0.02,418.19,3.0
34-63732,APARTAMENTO,VENTA,21.06,239.0,3.0,3.0,1600000.0,2.0,CHICO,6,REMODELADO,4.65,-74.05,USADO,,0,1,0,0,1,0,0,0,0,0,False,CHAPINERO,S.C. BELLAVISTA,Calle 72,1027.97,0,PARQUE ZONAL GUSTAVO URIBE BOTERO,460.31,1,0.09,,0.67,1.0,0.0,,0.01,342.08,4.0
34-M4062930,APARTAMENTO,VENTA,21.37,299.1,3.0,4.0,2109000.0,3.0,CHICO,6,MAS DE 20 ANOS,4.66,-74.05,USADO,,0,0,0,0,1,0,0,0,0,0,False,CHAPINERO,S.C. BELLAVISTA,Calle 72,922.03,0,PARQUE ZONAL GUSTAVO URIBE BOTERO,717.99,0,0.07,,1.0,0.75,0.0,,0.01,170.15,4.0
34-M4623665,APARTAMENTO,VENTA,20.49,129.0,3.0,3.0,600000.0,2.0,CHAPINERO ALTO,4,MAS DE 20 ANOS,4.65,-74.06,USADO,,0,0,0,0,0,0,0,0,0,1,False,CHAPINERO,S.C. MARIA CRISTINA,Calle 63,784.2,0,PARQUE ZONAL GUSTAVO URIBE BOTERO,688.89,0,0.16,,0.67,1.0,0.0,,0.02,513.8,0.0
2363-M4385964,APARTAMENTO,VENTA,20.42,126.0,3.0,3.0,580000.0,1.0,NICOLAS DE FEDERMAN,5,MAS DE 20 ANOS,4.65,-74.08,USADO,,0,1,0,0,1,0,0,0,0,1,False,TEUSAQUILLO,NICOLAS DE FEDERMAN,Campín - UAN,573.57,0,PARQUE ZONAL NICOLAS DE FEDERMAN 3,328.8,1,0.16,,0.33,1.0,0.0,,0.02,708.04,0.0
989-M3670747,APARTAMENTO,VENTA,19.88,70.0,3.0,2.0,260000.0,1.0,FONTIBON TINTAL,4,ENTRE 10 Y 20 ANOS,4.66,-74.13,USADO,,0,0,0,0,1,0,0,0,0,1,False,FONTIBON,EL TINTAL A.S.D.,Normandía,2262.37,0,PARQUE ZONAL CANAL BOYACA,1488.05,0,0.28,,0.33,1.5,0.0,,0.04,554.55,0.0
5340-M4440574,APARTAMENTO,VENTA,20.26,90.0,3.0,2.0,1050000.0,2.0,CHICO,5,MAS DE 20 ANOS,4.67,-74.06,USADO,,0,0,0,0,0,0,0,0,0,1,False,CHAPINERO,S.C. ANTIGUO COUNTRY,Calle 85,220.12,1,PARQUE METROPOLITANO RECONCILIACIÓN,152.21,1,0.23,,0.67,1.5,0.0,,0.03,446.88,1.0
12500-M4728505,APARTAMENTO,VENTA,19.32,55.0,3.0,2.0,248000.0,1.0,ALTOS DE SUBA Y CERROS DE SAN JORGE,3,MAS DE 20 ANOS,4.72,-74.09,USADO,,0,0,0,0,0,1,0,0,0,1,False,SUBA,TABERIN,Gratamira,1276.04,0,PARQUE VECINAL AGRUPACIÓN DE VIVIENDA EN BALCON DE LINDARAJA,1327.99,0,0.35,,0.33,1.5,0.0,,0.05,2148.07,0.0
12500-M4738039,APARTAMENTO,VENTA,19.94,97.0,3.0,2.0,340000.0,1.0,COLINA Y ALREDEDORES,5,MAS DE 20 ANOS,4.71,-74.06,USADO,,0,0,0,0,1,1,0,0,0,1,False,SUBA,CANODROMO - URB. ATABANZA,Calle 127,717.29,0,PARQUE ZONAL ATABANZA,107.72,1,0.21,,0.33,1.5,0.0,,0.03,790.07,0.0
717-M1437321,APARTAMENTO,VENTA,20.61,148.0,2.0,4.0,860000.0,2.0,CHICO,6,ENTRE 10 Y 20 ANOS,4.67,-74.04,USADO,,0,0,0,0,0,1,0,0,0,1,False,CHAPINERO,S.C. CHICO NORTE,Virrey,1894.45,0,PARQUE VECINAL URBANIZACIÓN LA CABRERA,1050.83,0,0.14,,1.0,0.5,0.0,,0.01,729.54,0.0
416-M4123820,APARTAMENTO,VENTA,19.8,51.0,1.0,2.0,398000.0,1.0,,5,ENTRE 5 Y 10 ANOS,4.7,-74.06,USADO,,0,1,0,1,1,0,0,0,0,0,False,SUBA,EL ESTORIL,Calle 106,348.33,1,PARQUE ZONAL CANAL CORDOBA,1055.35,0,0.39,,1.0,0.5,0.0,,0.02,837.14,0.0
14236-M4181640,APARTAMENTO,VENTA,19.9,76.0,2.0,3.0,658000.0,2.0,COUNTRY,5,ENTRE 10 Y 20 ANOS,4.72,-74.04,USADO,,0,1,0,0,0,0,0,0,0,0,False,USAQUEN,NUEVO COUNTRY,Alcalá,1273.75,0,PARQUE VECINAL NUEVA URBANIZACIÓN EL CEDRITO,1137.81,0,0.26,,1.0,0.67,0.0,,0.03,528.24,0.0
34-M4600205,APARTAMENTO,VENTA,21.51,311.0,3.0,3.0,2100000.0,4.0,CHICO,6,MAS DE 20 ANOS,4.66,-74.05,USADO,,0,1,0,0,0,0,0,0,0,1,False,CHAPINERO,S.C. EL NOGAL,Calle 76 - San Felipe,1208.16,0,PARQUE ZONAL SAN ANDRÉS,281.32,1,0.07,,1.33,1.0,0.0,,0.01,468.13,2.0
897-1063013,APARTAMENTO,VENTA,19.64,49.0,2.0,1.0,320000.0,1.0,NIZA ALHAMBRA,5,MAS DE 20 ANOS,4.7,-74.06,USADO,,0,0,0,0,1,1,0,0,0,1,False,SUBA,PUENTE LARGO SECTOR I Y II,Puentelargo,383.49,1,PARQUE ZONAL CANAL CORDOBA,649.19,0,0.4,,0.5,2.0,0.0,,0.04,858.98,0.0
920-42148731,APARTAMENTO,VENTA,21.06,255.0,3.0,3.0,1000000.0,3.0,COLINA Y ALREDEDORES,6,ENTRE 10 Y 20 ANOS,4.73,-74.07,USADO,,0,0,0,0,1,0,0,0,0,1,False,SUBA,GRATAMIRA,Gratamira,201.68,1,PARQUE ZONAL EL TOMILLAR,1275.37,0,0.08,,1.0,1.0,0.0,,0.01,913.84,0.0
272-M4670494,APARTAMENTO,VENTA,20.03,85.79,3.0,3.0,367000.0,1.0,COLINA Y ALREDEDORES,4,ENTRE 10 Y 20 ANOS,4.74,-74.06,USADO,,0,1,0,0,1,1,0,0,0,1,False,SUBA,MAZUREN,Mazurén,1224.66,0,PARQUE VECINAL DESARROLLO CANTALEJO URBANIZACIÓN CANTALEJO MANZANA B,694.74,0,0.23,,0.33,1.0,0.0,,0.03,873.84,0.0
495-M4540856,APARTAMENTO,VENTA,19.83,59.0,1.0,2.0,244000.0,1.0,CEDRITOS,4,ENTRE 5 Y 10 ANOS,4.72,-74.04,USADO,,0,0,0,1,1,1,0,0,0,1,False,USAQUEN,CEDRITOS,Alcalá,1158.61,0,PARQUE VECINAL NUEVA URBANIZACIÓN EL CEDRITO,867.25,0,0.34,,1.0,0.5,0.0,,0.02,415.35,1.0
5031-M4290409,APARTAMENTO,VENTA,19.04,50.0,2.0,2.0,3921395.93,1.0,ORQUIDEAS,3,MAS DE 20 ANOS,4.76,-74.04,USADO,,0,0,0,0,1,0,0,0,0,1,False,USAQUEN,SAN JOSE DE USAQUEN - URB. ARGO,Calle 187,1048.36,0,PARQUE VECINAL URBANIZACIÓN CALLE 170 / ALAMEDA,484.26,1,0.38,,0.5,1.0,0.0,,0.04,1122.64,0.0
10278-M4454237,APARTAMENTO,VENTA,19.91,98.06,3.0,2.0,373500.0,1.0,ORQUIDEAS,4,ENTRE 10 Y 20 ANOS,4.74,-74.03,USADO,,0,0,0,1,1,0,1,0,0,1,False,USAQUEN,VILLAS DE ARANJUEZ,Toberin - Foundever,1427.08,0,PARQUE VECINAL URBANIZACIÓN TOBERIN,570.77,0,0.2,,0.33,1.5,0.0,,0.03,456.02,1.0
470-M3019609,APARTAMENTO,VENTA,21.75,327.0,4.0,3.0,1649000.0,3.0,CHICO,6,MAS DE 20 ANOS,4.67,-74.05,USADO,,0,1,0,0,1,0,0,0,0,0,False,CHAPINERO,LA CABRERA,Calle 85,963.04,0,PARQUE VECINAL URBANIZACIÓN LA CABRERA,97.69,1,0.07,,0.75,1.33,0.0,,0.01,158.55,6.0
953-M4652711,APARTAMENTO,VENTA,19.93,79.0,3.0,2.0,660000.0,2.0,COUNTRY,5,ENTRE 10 Y 20 ANOS,4.72,-74.04,USADO,,0,1,0,0,1,0,0,0,0,1,False,USAQUEN,LISBOA_,Alcalá,1925.19,0,PARQUE VECINAL NUEVA URBANIZACIÓN EL CEDRITO,921.08,0,0.25,,0.67,1.5,0.0,,0.04,303.9,1.0
342-M4695007,APARTAMENTO,VENTA,19.5,60.0,3.0,2.0,226000.0,1.0,,4,ENTRE 5 Y 10 ANOS,4.72,-74.13,USADO,,0,0,0,1,0,0,0,0,0,1,False,ENGATIVA,GRAN GRANADA,Portal 80,2161.26,0,PARQUE ZONAL VILLAS DE GRANADA,730.58,0,0.33,,0.33,1.5,0.0,,0.05,1953.26,0.0
183-M3726937,APARTAMENTO,VENTA,19.45,60.9,3.0,2.0,208000.0,1.0,COLINA Y ALREDEDORES,3,MAS DE 20 ANOS,4.75,-74.06,USADO,,0,1,0,0,0,0,0,0,0,1,False,SUBA,S.C. PORTALES DEL NORTE,Portal Norte,1752.5,0,PARQUE ZONAL SAN JOSÉ DE BAVARIA,181.33,1,0.32,,0.33,1.5,0.0,,0.05,2032.63,0.0
59-M4350178,APARTAMENTO,VENTA,20.76,178.0,3.0,4.0,1100000.0,2.0,CHICO,6,MAS DE 20 ANOS,4.66,-74.05,USADO,,0,1,0,0,1,0,0,0,0,1,False,CHAPINERO,S.C. BELLAVISTA,Calle 76 - San Felipe,1222.24,0,PARQUE ZONAL SAN ANDRÉS,689.83,0,0.12,,0.67,0.75,0.0,,0.02,535.46,0.0
10093-M3718485,APARTAMENTO,VENTA,19.77,63.5,2.0,2.0,587000.0,1.0,COUNTRY,5,ENTRE 10 Y 20 ANOS,4.71,-74.03,USADO,,0,0,0,0,1,0,0,0,0,1,False,USAQUEN,BELLA SUIZA,Prado,2448.55,0,PARQUE METROPOLITANO EL COUNTRY,890.84,0,0.31,,0.5,1.0,0.0,,0.03,253.06,1.0
897-M3780117,APARTAMENTO,VENTA,20.99,245.0,3.0,5.0,1300000.0,2.0,SANTA BARBARA,5,MAS DE 20 ANOS,4.71,-74.05,USADO,,0,0,0,0,1,1,0,0,0,1,False,USAQUEN,LA CALLEJA,Prado,487.47,1,PARQUE ZONAL ATABANZA,914.17,0,0.09,,0.67,0.6,0.0,,0.01,504.31,0.0
897-M4332636,APARTAMENTO,VENTA,19.95,66.0,1.0,2.0,916000.0,1.0,CHICO,6,ENTRE 10 Y 20 ANOS,4.68,-74.04,USADO,,0,0,0,0,1,0,0,0,0,1,False,CHAPINERO,CHICO RESERVADO,Calle 100 - Marketmedios,1655.62,0,PARQUE VECINAL URBANIZACIÓN LA CABRERA,1125.94,0,0.3,,1.0,0.5,0.0,,0.02,390.34,3.0
897-M3924531,APARTAMENTO,VENTA,20.68,111.0,3.0,3.0,652500.0,2.0,CHICO,6,ENTRE 10 Y 20 ANOS,4.68,-74.06,USADO,,0,0,0,1,0,1,1,0,0,1,False,CHAPINERO,S.C. CHICO NORTE III SECTOR,Calle 100 - Marketmedios,368.94,1,PARQUE VECINAL URBANIZACIÓN NORMANDIA I II II Y IV SECTOR,657.18,0,0.19,,0.67,1.0,0.0,,0.03,169.44,1.0
546-M4562857,APARTAMENTO,VENTA,19.16,59.0,3.0,2.0,3921395.93,0.0,KENNEDY,3,ENTRE 10 Y 20 ANOS,4.64,-74.15,USADO,,0,0,0,1,1,1,1,0,0,1,False,KENNEDY,CIUDAD TECHO II,Transversal 86,543.79,0,PARQUE METROPOLITANO BIBLIOTECA EL TINTAL,663.72,0,0.32,,0.0,1.5,0.0,,0.05,2811.01,0.0
897-M3334590,APARTAMENTO,VENTA,21.25,209.0,3.0,4.0,1590000.0,3.0,COUNTRY,6,MAS DE 20 ANOS,4.71,-74.03,USADO,,0,1,0,0,1,0,0,0,0,1,False,USAQUEN,BOSQUES DE MEDINA,Prado,2970.64,0,PARQUE METROPOLITANO EL COUNTRY,1569.76,0,0.1,,1.0,0.75,0.0,,0.01,599.81,0.0
343-M3704285,APARTAMENTO,VENTA,19.67,76.0,3.0,2.0,261000.0,2.0,CEDRITOS,4,MAS DE 20 ANOS,4.73,-74.04,USADO,,0,0,0,0,0,1,0,0,0,1,False,USAQUEN,LA EMILIA,Calle 146,1645.48,0,PARQUE VECINAL NUEVA URBANIZACIÓN EL CEDRITO,755.38,0,0.26,,0.67,1.5,0.0,,0.04,270.89,1.0
2195-M4225276,APARTAMENTO,VENTA,19.66,79.6,3.0,3.0,516900.0,1.0,NIZA ALHAMBRA,4,MAS DE 20 ANOS,4.71,-74.08,USADO,,0,1,0,0,0,0,0,0,0,1,True,SUBA,NIZA SUR,Niza - Calle 127,710.62,0,PARQUE VECINAL AGRUPACIÓN DE VIVIENDA EN BALCON DE LINDARAJA,680.29,0,0.25,,0.33,1.0,0.0,,0.04,688.39,0.0
4278-M4699948,APARTAMENTO,VENTA,19.14,53.64,3.0,2.0,170000.0,0.0,ANTONIO NARINO,3,MAS DE 20 ANOS,4.59,-74.1,USADO,,0,0,0,0,0,0,0,0,0,1,False,ANTONIO NARINO,RESTREPO OCCIDENTAL,Santa Isabel,964.71,0,PARQUE ZONAL LA FRAGUA,432.91,1,0.36,,0.0,1.5,0.0,,0.06,2370.04,0.0
717-M1477195,APARTAMENTO,VENTA,21.28,204.0,3.0,3.0,1000000.0,2.0,CHICO,6,ENTRE 5 Y 10 ANOS,4.67,-74.05,USADO,,0,0,0,0,0,0,0,0,0,1,False,CHAPINERO,S.C. EL CHICO,Calle 85,1461.16,0,PARQUE VECINAL URBANIZACIÓN LA CABRERA,439.72,1,0.1,,0.67,1.0,0.0,,0.01,365.24,1.0
669-3769891,APARTAMENTO,VENTA,21.56,270.0,1.0,0.0,1800000.0,3.0,SANTA BARBARA,6,ENTRE 10 Y 20 ANOS,4.69,-74.03,USADO,,0,0,0,0,1,0,0,0,0,1,False,USAQUEN,SANTA ANA ORIENTAL,Calle 106,2755.79,0,PARQUE METROPOLITANO EL COUNTRY,2043.23,0,0.08,,3.0,inf,0.0,,0.0,570.49,0.0
10202-M3809046,APARTAMENTO,VENTA,19.28,57.0,3.0,2.0,3921395.93,1.0,KENNEDY,3,ENTRE 0 Y 5 ANOS,4.65,-74.15,USADO,,0,0,0,0,1,0,0,0,0,1,False,KENNEDY,S.C. TINTALA,Biblioteca Tintal,1920.93,0,PARQUE ZONAL SAN IGNACIO,761.85,0,0.34,,0.33,1.5,0.0,,0.05,2708.62,0.0
920-M4133941,APARTAMENTO,VENTA,21.77,213.0,3.0,4.0,1641000.0,4.0,CHAPINERO ALTO,4,ENTRE 5 Y 10 ANOS,4.65,-74.06,USADO,,0,1,0,1,1,0,1,0,0,1,False,CHAPINERO,URB. NUEVA GRANADA,Calle 63,1093.89,0,PARQUE ZONAL GUSTAVO URIBE BOTERO,425.93,1,0.1,,1.33,0.75,0.0,,0.01,476.05,1.0
2671-M4419541,APARTAMENTO,VENTA,21.25,214.0,3.0,4.0,1346000.0,3.0,CHAPINERO ALTO,6,ENTRE 10 Y 20 ANOS,4.65,-74.05,USADO,,0,0,0,0,1,0,0,0,0,1,False,CHAPINERO,ZAMUDIO,Flores – Areandina,1138.96,0,PARQUE ZONAL GUSTAVO URIBE BOTERO,212.83,1,0.1,,1.0,0.75,0.0,,0.01,323.67,1.0
34-60468,APARTAMENTO,VENTA,20.82,156.0,3.0,4.0,820000.0,2.0,CHICO,6,MAS DE 20 ANOS,4.66,-74.06,USADO,,0,1,0,0,1,0,0,0,0,0,False,CHAPINERO,S.C. ESPARTILLAL,Calle 76 - San Felipe,515.05,0,PARQUE ZONAL SAN ANDRÉS,664.55,0,0.13,,0.67,0.75,0.0,,0.02,491.75,1.0
12503-M4515506,APARTAMENTO,VENTA,19.76,64.0,2.0,2.0,370000.0,1.0,NIZA ALHAMBRA,5,MAS DE 20 ANOS,4.7,-74.06,USADO,,0,1,0,0,0,1,0,0,0,1,False,SUBA,MALIBU,Pepe Sierra,307.01,1,PARQUE ZONAL ATABANZA,966.46,0,0.31,,0.5,1.0,0.0,,0.03,568.9,0.0
504-M4324039,APARTAMENTO,VENTA,19.94,76.67,3.0,2.0,318700.0,1.0,KENNEDY,4,ENTRE 0 Y 5 ANOS,4.63,-74.12,USADO,,0,1,0,1,0,0,1,0,0,1,False,PUENTE ARANDA,LA PRADERA,Pradera,508.94,0,PARQUE ZONAL LA IGUALDAD,568.63,0,0.26,,0.33,1.5,0.0,,0.04,1013.44,0.0
3606-1001304,APARTAMENTO,VENTA,20.09,138.2,3.0,4.0,463000.0,2.0,COLINA Y ALREDEDORES,4,ENTRE 10 Y 20 ANOS,4.75,-74.06,USADO,,0,0,0,1,1,1,0,0,0,1,False,SUBA,,Portal Norte,1249.53,0,PARQUE ZONAL SAN JOSÉ DE BAVARIA,788.5,0,0.15,,0.67,0.75,0.0,,0.02,1749.37,0.0
920-M3625323,APARTAMENTO,VENTA,20.29,103.0,2.0,3.0,700000.0,2.0,CHICO,6,MAS DE 20 ANOS,4.68,-74.06,USADO,,0,0,0,1,1,0,0,0,0,1,False,CHAPINERO,S.C. CHICO NORTE,Calle 100 - Marketmedios,530.9,0,PARQUE VECINAL URBANIZACIÓN NORMANDIA I II II Y IV SECTOR,494.37,1,0.2,,1.0,0.67,0.0,,0.02,132.99,1.0
3568-M4080527,APARTAMENTO,VENTA,19.81,80.0,2.0,3.0,620000.0,1.0,SANTA BARBARA,6,MAS DE 20 ANOS,4.69,-74.05,USADO,,0,1,0,0,0,0,0,0,0,1,False,USAQUEN,SANTA BIBIANA,Calle 106,610.01,0,PARQUE VECINAL URBANIZACIÓN NORMANDIA I II II Y IV SECTOR,1478.76,0,0.25,,0.5,0.67,0.0,,0.02,602.96,0.0
3229-M4431986,APARTAMENTO,VENTA,20.39,83.0,3.0,2.0,3921395.93,1.0,SALITRE MODELIA,4,ENTRE 10 Y 20 ANOS,4.64,-74.1,USADO,,0,0,0,1,1,1,0,0,0,1,False,TEUSAQUILLO,CIUDAD SALITRE NORORIENTAL,CAN,304.24,1,PARQUE VECINAL URBANIZACIÓN SALITRE (GRECO),875.38,0,0.25,,0.33,1.5,0.0,,0.04,346.1,4.0
34-M3850242,APARTAMENTO,VENTA,20.13,86.05,3.0,2.0,3921395.93,1.0,COLINA Y ALREDEDORES,4,ENTRE 5 Y 10 ANOS,4.74,-74.07,USADO,,0,0,0,0,1,0,0,0,0,1,False,SUBA,EL CORTIJO (FINCA),21 Ángeles,1358.33,0,PARQUE ZONAL EL TOMILLAR,337.41,1,0.23,,0.33,1.5,0.0,,0.03,969.8,0.0
10139-M4186452,APARTAMENTO,VENTA,21.64,178.0,3.0,3.0,3921395.93,2.0,CHICO,6,ENTRE 0 Y 5 ANOS,4.67,-74.06,USADO,,0,1,0,1,1,0,0,0,0,1,False,CHAPINERO,S.C. ANTIGUO COUNTRY,Calle 85,410.77,1,PARQUE ZONAL CANAL EL VIRREY EL CHICO,253.71,1,0.12,,0.67,1.0,0.0,,0.02,222.21,2.0
10139-M3568444,APARTAMENTO,VENTA,21.47,181.0,3.0,5.0,3921395.93,3.0,CHICO,6,ENTRE 5 Y 10 ANOS,4.67,-74.04,USADO,,0,0,0,1,1,0,0,0,0,1,False,CHAPINERO,CHICO ORIENTAL,Calle 85,1854.02,0,PARQUE VECINAL URBANIZACIÓN LA CABRERA,815.31,0,0.12,,1.0,0.6,0.0,,0.02,751.31,0.0
183-M4016581,APARTAMENTO,VENTA,19.21,44.78,3.0,2.0,161500.0,0.0,ALTOS DE SUBA Y CERROS DE SAN JORGE,3,ENTRE 0 Y 5 ANOS,4.74,-74.09,USADO,,0,0,0,0,1,0,0,0,0,1,False,SUBA,S.C. VILLA ELISA,Suba - TV. 91,340.76,1,PARQUE ZONAL BELLAVISTA DINDALITO,464.58,1,0.43,,0.0,1.5,0.0,,0.07,1818.16,0.0
771-M4594776,APARTAMENTO,VENTA,20.14,99.0,3.0,2.0,339000.0,1.0,COLINA Y ALREDEDORES,5,ENTRE 10 Y 20 ANOS,4.74,-74.06,USADO,,0,1,0,1,0,0,1,0,0,1,False,SUBA,GILMAR,Calle 161,1789.69,0,PARQUE VECINAL DESARROLLO CANTALEJO URBANIZACIÓN CANTALEJO MANZANA B,725.63,0,0.2,,0.33,1.5,0.0,,0.03,1257.05,0.0
346-M4199138,APARTAMENTO,VENTA,19.89,89.0,3.0,2.0,364000.0,1.0,COUNTRY,4,MAS DE 20 ANOS,4.72,-74.04,USADO,,0,1,0,0,1,0,0,0,0,1,False,USAQUEN,CEDRITOS,Alcalá,1349.05,0,PARQUE VECINAL NUEVA URBANIZACIÓN EL CEDRITO,780.92,0,0.22,,0.33,1.5,0.0,,0.03,208.38,1.0
15333-M4726297,APARTAMENTO,VENTA,19.04,42.39,3.0,1.0,140000.0,0.0,ALTOS DE SUBA Y CERROS DE SAN JORGE,3,MAS DE 20 ANOS,4.75,-74.09,USADO,,0,0,0,1,0,1,0,0,0,1,False,SUBA,EL PINO - URB. ALTAMIRA,La Campiña,399.82,1,PARQUE VECINAL URBANIZACIÓN VALLE DE REFOUS,311.9,1,0.45,,0.0,3.0,0.0,,0.07,776.59,0.0
603-M4639383,APARTAMENTO,VENTA,19.3,31.0,1.0,1.0,189000.0,0.0,CHAPINERO,4,ENTRE 0 Y 5 ANOS,4.65,-74.07,USADO,,0,0,0,0,1,0,0,0,0,1,False,TEUSAQUILLO,EL CAMPIN,Movistar Arena,592.5,0,PARQUE ZONAL GIMNASIO DEL NORTE,526.87,0,0.62,,0.0,1.0,0.0,,0.03,554.49,0.0
2266-M3530661,APARTAMENTO,VENTA,20.82,145.0,2.0,4.0,1300000.0,2.0,CHICO,6,MAS DE 20 ANOS,4.67,-74.05,USADO,,0,1,0,0,1,0,0,0,0,1,False,CHAPINERO,S.C. EL CHICO,Calle 85,1535.27,0,PARQUE VECINAL URBANIZACIÓN LA CABRERA,509.5,0,0.14,,1.0,0.5,0.0,,0.01,437.63,1.0
10139-M3728198,APARTAMENTO,VENTA,21.82,262.0,3.0,4.0,1830000.0,3.0,CHICO,6,MAS DE 20 ANOS,4.67,-74.05,USADO,,0,1,0,1,1,0,0,0,0,1,False,CHAPINERO,S.C. EL NOGAL,Héroes - Gel´Hada,958.65,0,PARQUE ZONAL SAN ANDRÉS,48.2,1,0.08,,1.0,0.75,0.0,,0.01,148.61,4.0
16039-M4353710,APARTAMENTO,VENTA,20.44,101.0,3.0,3.0,991800.0,2.0,SANTA BARBARA,6,ENTRE 5 Y 10 ANOS,4.7,-74.05,USADO,,0,1,0,1,1,0,0,0,0,1,False,USAQUEN,SANTA BARBARA OCCIDENTAL,Pepe Sierra,447.72,1,PARQUE ZONAL ATABANZA,1279.25,0,0.2,,0.67,1.0,0.0,,0.03,444.86,2.0
2398-M4138623,APARTAMENTO,VENTA,20.05,80.0,2.0,2.0,560000.0,1.0,NIZA ALHAMBRA,5,MAS DE 20 ANOS,4.69,-74.06,USADO,,0,0,0,0,1,0,0,0,0,1,False,SUBA,S.C. PASADENA,Calle 106,546.2,0,PARQUE ZONAL CANAL CORDOBA,979.52,0,0.25,,0.5,1.0,0.0,,0.02,739.6,0.0
815-555,APARTAMENTO,VENTA,20.9,174.0,3.0,4.0,969000.0,2.0,CHICO,6,MAS DE 20 ANOS,4.67,-74.05,USADO,,0,0,0,0,1,0,0,0,0,1,False,CHAPINERO,S.C. EL RETIRO,Héroes - Gel´Hada,1276.02,0,PARQUE ZONAL SAN ANDRÉS,346.12,1,0.12,,0.67,0.75,0.0,,0.02,406.15,2.0
603-M4417993,APARTAMENTO,VENTA,19.89,121.0,3.0,2.0,250000.0,2.0,CEDRITOS,4,ENTRE 10 Y 20 ANOS,4.73,-74.04,USADO,,0,0,0,0,0,0,0,0,0,1,False,USAQUEN,LAS MARGARITAS I SECTOR,Calle 146,982.61,0,PARQUE ZONAL LA VIDA,1017.23,0,0.16,,0.67,1.5,0.0,,0.02,936.46,0.0
5545-M4202851,APARTAMENTO,VENTA,20.91,165.8,3.0,4.0,970000.0,4.0,SANTA BARBARA,5,MAS DE 20 ANOS,4.69,-74.05,USADO,,0,1,0,0,1,0,0,0,0,1,False,USAQUEN,SANTA BIBIANA,Calle 106,844.92,0,PARQUE VECINAL URBANIZACIÓN NORMANDIA I II II Y IV SECTOR,1689.87,0,0.13,,1.33,0.75,0.0,,0.02,522.36,0.0
2751-M4076718,APARTAMENTO,VENTA,19.4,78.91,3.0,2.0,100000.0,0.0,KENNEDY,2,MAS DE 20 ANOS,4.63,-74.15,USADO,,0,0,0,0,0,0,0,0,0,1,False,KENNEDY,BANDERAS,Transversal 86,422.91,1,PARQUE METROPOLITANO CAYETANO CAÑIZARES,970.55,0,0.25,,0.0,1.5,0.0,,0.04,1981.98,0.0
3553-M4593832,APARTAMENTO,VENTA,20.43,120.0,3.0,3.0,800000.0,2.0,CHICO,6,MAS DE 20 ANOS,4.68,-74.05,USADO,,0,0,0,0,0,0,0,0,0,1,False,CHAPINERO,S.C. CHICO NORTE III SECTOR,Calle 100 - Marketmedios,902.63,0,PARQUE VECINAL URBANIZACIÓN NORMANDIA I II II Y IV SECTOR,1193.52,0,0.17,,0.67,1.0,0.0,,0.02,117.64,2.0
10159-M4743035,APARTAMENTO,VENTA,19.04,39.56,2.0,1.0,129000.0,0.0,CASTILLA MARSELLA,3,ENTRE 0 Y 5 ANOS,4.65,-74.14,USADO,,0,0,0,0,0,0,0,0,0,0,False,KENNEDY,LAGOS DE CASTILLA,Mandalay,1894.4,0,PARQUE VECINAL VILLA ALSACIA,693.16,0,0.48,,0.0,2.0,0.0,,0.05,1456.56,0.0
3553-M4595085,APARTAMENTO,VENTA,21.02,191.0,4.0,4.0,1346000.0,4.0,CHICO,6,MAS DE 20 ANOS,4.66,-74.05,USADO,,0,1,0,0,1,0,0,0,0,1,False,CHAPINERO,S.C. EL NOGAL,Calle 76 - San Felipe,1028.6,0,PARQUE ZONAL SAN ANDRÉS,489.24,1,0.11,,1.0,1.0,0.0,,0.02,539.13,0.0
4957-M4617137,APARTAMENTO,VENTA,20.52,100.0,2.0,3.0,900000.0,1.0,CHICO,6,MAS DE 20 ANOS,4.66,-74.05,USADO,,0,1,0,0,1,0,0,0,0,1,False,CHAPINERO,S.C. BELLAVISTA,Calle 72,1083.66,0,PARQUE ZONAL GUSTAVO URIBE BOTERO,766.0,0,0.21,,0.5,0.67,0.0,,0.02,345.33,3.0
11369-M4072223,APARTAMENTO,VENTA,19.23,40.43,1.0,1.0,130000.0,0.0,170 Y ALREDORES,4,ENTRE 0 Y 5 ANOS,4.76,-74.05,USADO,,0,0,0,1,0,1,0,0,0,1,False,SUBA,URB. PLAZA BAVIERA,Portal Norte,829.6,0,PARQUE VECINAL URBANIZACIÓN VILANOVA,680.56,0,0.48,,0.0,1.0,0.0,,0.02,905.2,0.0
495-M4263869,APARTAMENTO,VENTA,19.92,90.0,2.0,2.0,3921395.93,0.0,CENTRO Y ZONA COLONIAL,3,MAS DE 20 ANOS,4.6,-74.07,USADO,,0,0,0,0,0,0,0,0,0,1,False,CANDELARIA,CENTRO ADMINISTRATIVO,Museo del Oro,582.41,0,PARQUE VECINAL DESARROLLO LOURDES,939.76,0,0.22,,0.0,1.0,0.0,,0.02,148.39,1.0
2592-M2566568,APARTAMENTO,VENTA Y ARRIENDO,21.19,200.0,4.0,4.0,1500000.0,3.0,CHICO,6,REMODELADO,4.68,-74.04,USADO,7600000.0,0,0,1,0,0,1,0,0,0,1,False,CHAPINERO,S.C. CHICO NORTE,Virrey,1782.69,0,PARQUE VECINAL URBANIZACIÓN LA CABRERA,1029.51,0,0.11,38000.0,0.75,1.0,0.0,5.07,0.02,604.71,0.0
9894-M4277279,APARTAMENTO,VENTA,21.37,227.0,3.0,5.0,1444000.0,2.0,CHICO,6,MAS DE 20 ANOS,4.66,-74.05,USADO,,0,1,0,0,1,1,0,0,0,1,False,CHAPINERO,LOS ROSALES,Calle 76 - San Felipe,1415.33,0,PARQUE ZONAL SAN ANDRÉS,538.92,0,0.09,,0.67,0.6,0.0,,0.01,718.5,0.0
368-M3224544,APARTAMENTO,VENTA,20.52,77.0,2.0,2.0,520000.0,2.0,CHICO,6,ENTRE 0 Y 5 ANOS,4.67,-74.05,USADO,,0,0,0,1,1,1,0,0,0,1,False,CHAPINERO,EL REFUGIO,Héroes - Gel´Hada,1699.79,0,PARQUE VECINAL URBANIZACIÓN LA CABRERA,726.72,0,0.27,,1.0,1.0,0.0,,0.03,719.77,0.0
411-M4733020,APARTAMENTO,VENTA,19.64,93.0,3.0,2.0,211000.0,2.0,NIZA ALHAMBRA,5,MAS DE 20 ANOS,4.71,-74.06,USADO,,0,1,0,0,0,0,0,0,0,1,False,SUBA,EL BATAN,Calle 127,851.96,0,PARQUE ZONAL ATABANZA,439.58,1,0.21,,0.67,1.5,0.0,,0.03,995.88,0.0
4757-M4647113,APARTAMENTO,VENTA,20.41,84.0,2.0,3.0,530000.0,2.0,CHICO,6,ENTRE 0 Y 5 ANOS,4.68,-74.05,USADO,,0,0,0,0,1,1,0,0,0,1,False,CHAPINERO,S.C. CHICO NORTE,Calle 100 - Marketmedios,581.48,0,PARQUE VECINAL URBANIZACIÓN NORMANDIA I II II Y IV SECTOR,517.08,0,0.24,,1.0,0.67,0.0,,0.02,125.24,2.0
2238-M2671282,APARTAMENTO,VENTA,21.72,320.0,3.0,4.0,2300000.0,4.0,SANTA BARBARA,6,MAS DE 20 ANOS,4.69,-74.03,USADO,,0,0,0,0,0,1,0,0,0,0,False,USAQUEN,USAQUEN,Pepe Sierra,2767.85,0,PARQUE METROPOLITANO EL COUNTRY,1407.66,0,0.07,,1.33,0.75,0.0,,0.01,69.27,4.0
5340-M3075346,APARTAMENTO,VENTA,20.21,91.0,3.0,2.0,487000.0,1.0,CHAPINERO ALTO,5,MAS DE 20 ANOS,4.64,-74.06,USADO,,0,1,0,0,1,0,0,0,0,0,False,CHAPINERO,S.C INGEMAR,Calle 57,987.11,0,PARQUE ZONAL GUSTAVO URIBE BOTERO,1093.6,0,0.22,,0.33,1.5,0.0,,0.03,1134.36,0.0
34-56892,APARTAMENTO,VENTA,21.27,210.0,3.0,3.0,1087000.0,1.0,CHICO,6,MAS DE 20 ANOS,4.66,-74.05,USADO,,0,1,0,0,1,0,0,0,0,0,False,CHAPINERO,S.C. EL NOGAL,Calle 76 - San Felipe,953.38,0,PARQUE ZONAL SAN ANDRÉS,647.34,0,0.1,,0.33,1.0,0.0,,0.01,350.44,3.0
15534-M4540142,APARTAMENTO,VENTA,21.06,145.0,3.0,3.0,971000.0,2.0,CHICO,6,ENTRE 5 Y 10 ANOS,4.68,-74.05,USADO,,0,0,0,1,0,0,1,0,0,0,False,CHAPINERO,S.C. CHICO NORTE III SECTOR,Calle 100 - Marketmedios,477.63,1,PARQUE VECINAL URBANIZACIÓN NORMANDIA I II II Y IV SECTOR,896.27,0,0.15,,0.67,1.0,0.0,,0.02,309.96,2.0
3036-M4014337,APARTAMENTO,VENTA,19.41,90.0,3.0,2.0,180000.0,1.0,COLINA Y ALREDEDORES,3,MAS DE 20 ANOS,4.73,-74.05,USADO,,0,0,0,0,0,1,0,0,0,1,False,SUBA,PRADO PINZON,Calle 142,95.33,1,PARQUE VECINAL PRADO PINZÓN,346.07,1,0.22,,0.33,1.5,0.0,,0.03,910.56,0.0
14876-M4576308,APARTAMENTO,VENTA,19.46,56.0,3.0,2.0,160000.0,0.0,CASTILLA MARSELLA,3,ENTRE 5 Y 10 ANOS,4.64,-74.13,USADO,,0,0,0,0,1,1,0,0,0,1,False,KENNEDY,VILLA ALSACIA CIUDADELA,Marsella,1375.35,0,PARQUE VECINAL VILLA ALSACIA,841.64,0,0.35,,0.0,1.5,0.0,,0.05,409.06,1.0
183-M4560852,APARTAMENTO,VENTA,19.49,61.0,2.0,2.0,230000.0,1.0,COLINA Y ALREDEDORES,3,MAS DE 20 ANOS,4.75,-74.05,USADO,,0,0,0,0,0,0,0,0,0,0,False,SUBA,S.C BRITALIA,Toberin - Foundever,162.37,1,PARQUE VECINAL DESARROLLO ESTRELLA DEL NORTE,734.04,0,0.32,,0.5,1.0,0.0,,0.03,1378.34,0.0
2731-1656692,APARTAMENTO,VENTA,19.81,68.0,3.0,2.0,250000.0,1.0,NIZA ALHAMBRA,5,MAS DE 20 ANOS,4.7,-74.06,USADO,,0,1,0,0,0,0,0,0,0,1,False,SUBA,EL BATAN,Calle 127,157.49,1,PARQUE ZONAL ATABANZA,676.66,0,0.29,,0.33,1.5,0.0,,0.04,321.86,4.0
811-M4042215,APARTAMENTO,VENTA,19.52,73.83,3.0,2.0,180000.0,1.0,ALTOS DE SUBA Y CERROS DE SAN JORGE,3,ENTRE 10 Y 20 ANOS,4.74,-74.09,USADO,,0,0,0,0,1,1,0,0,0,1,False,SUBA,TURINGIA (PARCELACION),La Campiña,535.64,0,PARQUE ZONAL BELLAVISTA DINDALITO,548.63,0,0.26,,0.33,1.5,0.0,,0.04,1049.93,0.0
512-M4643038,APARTAMENTO,VENTA,19.36,60.0,3.0,2.0,232000.0,1.0,ORQUIDEAS,4,MAS DE 20 ANOS,4.74,-74.03,USADO,,0,0,0,0,0,1,0,0,0,1,False,USAQUEN,SANTA TERESA,Toberin - Foundever,2077.52,0,PARQUE ZONAL SERVITA,450.62,1,0.32,,0.33,1.5,0.0,,0.05,990.68,0.0
512-M4588659,APARTAMENTO,VENTA,20.47,132.0,4.0,3.0,790000.0,2.0,SANTA BARBARA,5,MAS DE 20 ANOS,4.69,-74.04,USADO,,0,0,0,0,1,1,0,0,0,1,False,USAQUEN,SANTA ANA OCCIDENTAL,Calle 106,2259.59,0,PARQUE METROPOLITANO EL COUNTRY,2009.43,0,0.16,,0.5,1.33,0.0,,0.03,441.92,1.0
771-M4371623,APARTAMENTO,VENTA,20.37,105.0,2.0,3.0,460000.0,2.0,SANTA BARBARA,5,ENTRE 10 Y 20 ANOS,4.69,-74.05,USADO,,0,0,0,0,0,0,0,0,0,0,False,USAQUEN,SAN PATRICIO,Calle 106,803.54,0,PARQUE METROPOLITANO EL COUNTRY,1637.61,0,0.19,,1.0,0.67,0.0,,0.02,156.54,3.0
5545-M4189520,APARTAMENTO,VENTA,20.2,66.0,2.0,2.0,560000.0,2.0,CHICO,6,ENTRE 10 Y 20 ANOS,4.69,-74.05,USADO,,0,0,0,1,1,1,1,0,0,1,False,CHAPINERO,S.C. CHICO NORTE III SECTOR,Calle 100 - Marketmedios,337.43,1,PARQUE VECINAL URBANIZACIÓN NORMANDIA I II II Y IV SECTOR,978.06,0,0.31,,1.0,1.0,0.0,,0.03,507.45,0.0
3325-M3055154,APARTAMENTO,VENTA,19.34,88.0,3.0,2.0,3921395.93,1.0,ALTOS DE SUBA Y CERROS DE SAN JORGE,3,ENTRE 10 Y 20 ANOS,4.75,-74.1,USADO,,0,0,0,1,0,1,0,0,0,1,False,SUBA,URB. LAS FLORES,Portal Suba,770.3,0,PARQUE VECINAL URBANIZACIÓN LOMBARDIA II ETAPA,464.18,1,0.22,,0.33,1.5,0.0,,0.03,517.35,0.0
11203-M2583544,APARTAMENTO,VENTA,20.2,97.0,3.0,3.0,487800.0,2.0,CORTIJO AUTOPISTA MEDELLIN,6,ENTRE 0 Y 5 ANOS,4.71,-74.09,USADO,,0,0,0,1,1,1,1,0,0,1,False,SUBA,AGRUPACION EL RINCON,Suba - AV. Boyacá,1749.69,0,PARQUE METROPOLITANO CEFE COMETAS,633.94,0,0.21,,0.67,1.0,0.0,,0.03,1884.41,0.0
3072-M3053165,APARTAMENTO,VENTA,21.41,170.0,3.0,5.0,970000.0,3.0,CHAPINERO ALTO,5,ENTRE 0 Y 5 ANOS,4.65,-74.06,USADO,,0,0,0,1,1,1,0,0,0,1,False,CHAPINERO,S.C. EMAUS,Flores – Areandina,846.86,0,PARQUE ZONAL GUSTAVO URIBE BOTERO,466.73,1,0.13,,1.0,0.6,0.0,,0.02,95.22,4.0
646-M4729097,APARTAMENTO,VENTA,20.07,94.0,2.0,2.0,606000.0,1.0,CHAPINERO ALTO,4,MAS DE 20 ANOS,4.64,-74.06,USADO,,0,0,0,0,1,0,0,0,0,1,False,CHAPINERO,INGEMAR - EL TRIANGULO,Calle 57,866.93,0,PARQUE ZONAL GUSTAVO URIBE BOTERO,1063.21,0,0.21,,0.5,1.0,0.0,,0.02,1043.82,0.0
11813-M3939055,APARTAMENTO,VENTA,19.86,120.0,3.0,2.0,120000.0,1.0,,5,MAS DE 20 ANOS,4.71,-74.04,USADO,,0,0,1,0,0,0,0,0,0,0,False,USAQUEN,LISBOA_,Prado,1804.38,0,PARQUE VECINAL NUEVA URBANIZACIÓN EL CEDRITO,1032.24,0,0.17,,0.33,1.5,0.0,,0.02,302.97,1.0
183-M3535306,APARTAMENTO,VENTA,19.14,70.0,3.0,2.0,156000.0,0.0,ENGATIVA,3,MAS DE 20 ANOS,4.72,-74.12,USADO,,0,1,0,0,0,0,0,0,0,1,False,ENGATIVA,VILLAS DE GRANADA,Portal 80,1426.66,0,PARQUE ZONAL VILLAS DE GRANADA,437.23,1,0.27,,0.0,1.5,0.0,,0.04,1221.31,0.0
617-M4188600,APARTAMENTO,VENTA,21.51,150.0,2.0,3.0,3921395.93,2.0,CHICO,6,ENTRE 0 Y 5 ANOS,4.67,-74.05,USADO,,0,1,0,1,1,0,1,0,0,0,False,CHAPINERO,LA CABRERA,Héroes - Gel´Hada,1442.92,0,PARQUE ZONAL SAN ANDRÉS,516.08,0,0.14,,1.0,0.67,0.0,,0.01,564.83,0.0
10202-M4021864,APARTAMENTO,VENTA,19.34,57.0,3.0,2.0,3921395.93,1.0,KENNEDY,3,ENTRE 5 Y 10 ANOS,4.66,-74.15,USADO,,0,0,0,0,0,0,0,0,0,1,False,KENNEDY,EL TINTAL,Biblioteca Tintal,2070.56,0,PARQUE ZONAL SAN IGNACIO,959.2,0,0.34,,0.33,1.5,0.0,,0.05,2508.63,0.0
10222-M3993893,APARTAMENTO,VENTA,21.09,190.0,3.0,3.0,870000.0,4.0,CHICO,6,MAS DE 20 ANOS,4.67,-74.05,USADO,,0,0,0,0,0,0,0,0,0,0,False,CHAPINERO,S.C. EL NOGAL,Héroes - Gel´Hada,929.41,0,PARQUE ZONAL SAN ANDRÉS,163.86,1,0.11,,1.33,1.0,0.0,,0.02,60.07,4.0
4428-1755106,APARTAMENTO,VENTA,20.21,90.0,3.0,3.0,600000.0,2.0,CEDRITOS,4,ENTRE 5 Y 10 ANOS,4.72,-74.04,USADO,,0,1,0,1,1,1,1,0,0,1,False,USAQUEN,CEDRO NARVAEZ,Alcalá,1697.61,0,PARQUE VECINAL NUEVA URBANIZACIÓN EL CEDRITO,351.48,1,0.22,,0.67,1.0,0.0,,0.03,265.12,1.0
13436-M4704919,APARTAMENTO,VENTA,20.14,150.0,5.0,5.0,100000.0,1.0,LA SOLEDAD,4,ENTRE 0 Y 5 ANOS,4.64,-74.07,USADO,,0,0,0,0,0,0,0,0,0,0,False,TEUSAQUILLO,ALFONSO LOPEZ,Universidad Nacional,609.75,0,PARQUE ESCENARIO DEPORTIVO EL CAMPINCITO - CEAD,947.15,0,0.13,,0.2,1.0,0.0,,0.03,447.3,1.0
698-M4674762,APARTAMENTO,VENTA,20.67,135.0,3.0,3.0,690000.0,2.0,CHAPINERO ALTO,6,MAS DE 20 ANOS,4.66,-74.05,USADO,,0,0,0,0,0,0,0,0,0,0,False,CHAPINERO,S.C. BELLAVISTA,Calle 72,1040.75,0,PARQUE ZONAL GUSTAVO URIBE BOTERO,522.87,0,0.15,,0.67,1.0,0.0,,0.02,315.92,4.0
633-M3988469,APARTAMENTO,VENTA,19.67,54.0,1.0,2.0,510000.0,1.0,SANTA BARBARA,5,ENTRE 5 Y 10 ANOS,4.7,-74.04,USADO,,0,0,0,0,1,0,0,0,0,1,False,USAQUEN,SANTA BARBARA CENTRAL II SECTOR,Pepe Sierra,1815.09,0,PARQUE METROPOLITANO EL COUNTRY,838.49,0,0.36,,1.0,0.5,0.0,,0.02,740.89,0.0
12364-M3206219,APARTAMENTO,VENTA,20.2,86.0,3.0,2.0,350000.0,2.0,SALITRE MODELIA,4,ENTRE 10 Y 20 ANOS,4.64,-74.1,USADO,,0,0,0,0,1,1,0,0,0,1,False,TEUSAQUILLO,CIUDAD SALITRE SURORIENTAL,Gobernación,497.21,1,PARQUE VECINAL SANTA CLARA,953.18,0,0.23,,0.67,1.5,0.0,,0.03,365.28,2.0
12364-M3072365,APARTAMENTO,VENTA,21.27,313.0,4.0,5.0,1460000.0,3.0,COUNTRY,6,MAS DE 20 ANOS,4.71,-74.04,USADO,,0,1,0,0,1,0,0,0,0,1,False,USAQUEN,LA_CAROLINA,Calle 127,1539.59,0,PARQUE METROPOLITANO EL COUNTRY,358.13,1,0.07,,0.75,0.8,0.0,,0.01,468.87,1.0
10139-M3468423,APARTAMENTO,VENTA,19.57,65.0,2.0,2.0,352000.0,1.0,CEDRITOS,4,REMODELADO,4.73,-74.04,USADO,,0,0,0,0,1,1,0,0,0,1,False,USAQUEN,ACACIAS USAQUEN,Calle 142,1509.8,0,PARQUE VECINAL NUEVA URBANIZACIÓN EL CEDRITO,428.76,1,0.3,,0.5,1.0,0.0,,0.03,610.56,0.0
3229-1191570,APARTAMENTO,VENTA,20.26,95.0,3.0,3.0,250000.0,2.0,COLINA Y ALREDEDORES,4,ENTRE 5 Y 10 ANOS,4.72,-74.07,USADO,2000000.0,0,0,0,0,1,1,1,0,0,1,False,SUBA,S.C. CIUDAD JARDIN NORTE,Suba - AV. Boyacá,254.03,1,PARQUE VECINAL AGRUPACIÓN DE VIVIENDA EN BALCON DE LINDARAJA,1172.82,0,0.21,21052.63,0.67,1.0,0.0,8.0,0.03,1038.18,0.0
717-1635326,APARTAMENTO,VENTA,21.47,270.0,4.0,5.0,800000.0,3.0,CHICO,6,ENTRE 0 Y 5 ANOS,4.66,-74.05,USADO,,0,0,0,0,0,0,0,0,0,0,False,CHAPINERO,LOS ROSALES,Calle 72,1485.94,0,PARQUE ZONAL GUSTAVO URIBE BOTERO,705.01,0,0.08,,0.75,0.8,0.0,,0.01,734.42,0.0
10139-M2790777,APARTAMENTO,VENTA,19.49,47.0,1.0,2.0,250000.0,1.0,CHAPINERO ALTO,3,ENTRE 5 Y 10 ANOS,4.65,-74.06,USADO,,0,0,0,1,1,1,0,0,0,1,False,CHAPINERO,S.C. CHAPINERO CENTRAL,Calle 63,531.57,0,PARQUE ZONAL GUSTAVO URIBE BOTERO,1199.89,0,0.41,,1.0,0.5,0.0,,0.02,910.47,0.0
12364-M3838883,APARTAMENTO,VENTA,20.05,103.0,3.0,3.0,350000.0,2.0,NIZA ALHAMBRA,5,MAS DE 20 ANOS,4.7,-74.06,USADO,,0,1,0,0,1,0,0,0,0,1,False,SUBA,EL BATAN,Calle 127,533.47,0,PARQUE ZONAL ATABANZA,590.42,0,0.19,,0.67,1.0,0.0,,0.03,703.06,0.0
4428-M2670309,APARTAMENTO,VENTA,21.31,186.0,3.0,3.0,1000000.0,4.0,CHICO,6,ENTRE 10 Y 20 ANOS,4.67,-74.05,USADO,,0,1,0,0,1,1,0,0,0,1,False,CHAPINERO,S.C. CHICO NORTE,Virrey,1559.18,0,PARQUE VECINAL URBANIZACIÓN LA CABRERA,755.09,0,0.11,,1.33,1.0,0.0,,0.02,444.53,1.0
13436-M4704924,APARTAMENTO,VENTA,20.48,184.0,4.0,3.0,60000.0,2.0,NICOLAS DE FEDERMAN,5,MAS DE 20 ANOS,4.65,-74.08,USADO,,0,1,0,0,0,0,0,0,0,0,False,TEUSAQUILLO,NICOLAS DE FEDERMAN,Movistar Arena,455.56,1,PARQUE ZONAL NICOLAS DE FEDERMAN 3,137.6,1,0.11,,0.5,1.33,0.0,,0.02,521.88,0.0
13436-M4704991,APARTAMENTO,VENTA,19.86,89.0,3.0,3.0,470000.0,1.0,COLINA Y ALREDEDORES,4,MAS DE 20 ANOS,4.74,-74.07,USADO,,0,1,0,0,0,0,0,0,0,1,False,SUBA,CASABLANCA (HACIENDA),Gratamira,1771.25,0,PARQUE ZONAL EL TOMILLAR,829.08,0,0.22,,0.33,1.0,0.0,,0.03,826.09,0.0
13436-M4704910,APARTAMENTO,VENTA,19.01,59.0,3.0,1.0,60000.0,0.0,TIMIZA LA ALQUERIA,3,MAS DE 20 ANOS,4.61,-74.16,USADO,,0,0,0,0,0,0,0,0,0,1,False,KENNEDY,LAGOS DE TIMIZA II,CC Paseo Villa del Río - Madelena,1683.18,0,PARQUE VECINAL LAGO TIMIZA I ETAPA,413.75,1,0.32,,0.0,3.0,0.0,,0.05,1557.1,0.0
133-M3545173,APARTAMENTO,VENTA,20.56,160.0,3.0,4.0,3921395.93,2.0,COLINA Y ALREDEDORES,4,ENTRE 5 Y 10 ANOS,4.73,-74.07,USADO,,0,0,0,0,0,0,0,0,0,1,False,SUBA,GRATAMIRA,Gratamira,19.24,1,PARQUE ZONAL EL TOMILLAR,1448.97,0,0.13,,0.67,0.75,0.0,,0.02,1068.46,0.0
13436-M4704842,APARTAMENTO,VENTA,19.92,88.0,3.0,2.0,415000.0,1.0,PUENTE ARANDA,4,ENTRE 5 Y 10 ANOS,4.63,-74.11,USADO,,0,0,0,1,0,0,0,0,0,1,False,PUENTE ARANDA,PUENTE ARANDA,Distrito Grafiti,521.94,0,PARQUE METROPOLITANO PARQUE CENTRAL SIMÓN BOLÍVAR,269.71,1,0.23,,0.33,1.5,0.0,,0.03,663.78,0.0
14-M3905271,APARTAMENTO,VENTA,20.02,109.0,3.0,2.0,811893.0,2.0,CEDRITOS,4,ENTRE 10 Y 20 ANOS,4.72,-74.03,USADO,,0,0,0,0,1,0,0,0,0,0,False,USAQUEN,LOS CEDROS ORIENTAL,Calle 142,2196.01,0,PARQUE VECINAL NUEVA URBANIZACIÓN EL CEDRITO,289.43,1,0.18,,0.67,1.5,0.0,,0.03,728.95,0.0
684-M4531951,APARTAMENTO,VENTA,19.21,63.0,3.0,2.0,3921395.93,0.0,COLINA Y ALREDEDORES,3,MAS DE 20 ANOS,4.75,-74.06,USADO,,0,0,0,0,0,0,0,0,0,1,False,SUBA,BURGOS BRITALIA,Toberin - Foundever,1907.72,0,PARQUE ZONAL SAN JOSÉ DE BAVARIA,889.21,0,0.3,,0.0,1.5,0.0,,0.05,1583.58,0.0
10046-M4687772,APARTAMENTO,VENTA,19.97,119.0,3.0,2.0,680000.0,1.0,NIZA ALHAMBRA,4,REMODELADO,4.69,-74.06,USADO,,0,1,0,0,0,0,0,0,0,1,False,SUBA,S.C. ESTORIL,Suba - Calle 95,467.92,1,PARQUE VECINAL URBANIZACIÓN NORMANDIA I II II Y IV SECTOR,1225.01,0,0.17,,0.33,1.5,0.0,,0.03,412.87,1.0
617-M4188586,APARTAMENTO,VENTA,21.53,153.0,3.0,4.0,1327000.0,2.0,CHICO,6,ENTRE 0 Y 5 ANOS,4.67,-74.05,USADO,,0,1,0,1,1,0,1,0,0,0,False,CHAPINERO,LA CABRERA,Héroes - Gel´Hada,1442.92,0,PARQUE ZONAL SAN ANDRÉS,516.08,0,0.14,,0.67,0.75,0.0,,0.02,564.83,0.0
13436-M4704918,APARTAMENTO,VENTA,19.38,69.0,3.0,2.0,221200.0,1.0,ALTOS DE SUBA Y CERROS DE SAN JORGE,3,MAS DE 20 ANOS,4.75,-74.08,USADO,,0,0,0,0,0,0,0,0,0,1,False,SUBA,MONTEREDONDO SALITRE SUBA,Portal Suba,1501.87,0,PARQUE ZONAL CAMPO VERDE,350.88,1,0.28,,0.33,1.5,0.0,,0.04,1509.58,0.0
304-M3104922,APARTAMENTO,VENTA,20.56,156.0,3.0,2.0,520000.0,2.0,SANTA BARBARA,6,ENTRE 10 Y 20 ANOS,4.69,-74.04,USADO,,0,1,0,0,1,0,0,0,0,0,False,USAQUEN,RINCON DEL CHICO,Calle 106,1490.35,0,PARQUE ZONAL CANAL EL VIRREY EL CHICO,1810.31,0,0.13,,0.67,1.5,0.0,,0.02,538.17,0.0
717-M3218570,APARTAMENTO,VENTA,20.41,132.0,3.0,3.0,3921395.93,2.0,COUNTRY,5,ENTRE 10 Y 20 ANOS,4.7,-74.03,USADO,,0,1,0,1,1,1,0,0,0,1,False,USAQUEN,BELLA SUIZA,Calle 127,2699.09,0,PARQUE METROPOLITANO EL COUNTRY,962.37,0,0.15,,0.67,1.0,0.0,,0.02,775.85,0.0
717-M2741302,APARTAMENTO,VENTA,20.16,80.0,2.0,3.0,530000.0,1.0,SANTA BARBARA,6,ENTRE 0 Y 5 ANOS,4.7,-74.05,USADO,,0,0,0,0,1,1,0,0,0,1,False,USAQUEN,SAN PATRICIO,Pepe Sierra,831.15,0,PARQUE METROPOLITANO EL COUNTRY,1337.04,0,0.25,,0.5,0.67,0.0,,0.02,103.46,3.0
11307-M3679558,APARTAMENTO,VENTA,19.8,71.2,2.0,2.0,340000.0,2.0,COUNTRY,4,ENTRE 10 Y 20 ANOS,4.72,-74.04,USADO,,0,1,0,1,1,1,0,0,0,1,False,USAQUEN,CEDRITOS,Alcalá,1856.88,0,PARQUE VECINAL NUEVA URBANIZACIÓN EL CEDRITO,617.93,0,0.28,,1.0,1.0,0.0,,0.03,331.38,1.0
4933-M3985973,APARTAMENTO,VENTA,19.8,67.35,3.0,2.0,187000.0,1.0,CENTRO NARINO,4,MAS DE 20 ANOS,4.63,-74.09,USADO,,0,0,0,0,0,1,0,0,0,1,False,TEUSAQUILLO,EL_RECUERDO,Recinto Ferial,287.6,1,PARQUE VECINAL SANTA CLARA,1022.07,0,0.29,,0.33,1.5,0.0,,0.04,1335.34,0.0
717-1697392,APARTAMENTO,VENTA,20.56,85.0,2.0,2.0,647000.0,2.0,CHICO,6,ENTRE 5 Y 10 ANOS,4.68,-74.04,USADO,,0,0,0,0,0,0,0,0,0,0,False,CHAPINERO,CHICO RESERVADO,Calle 100 - Marketmedios,1968.62,0,PARQUE VECINAL URBANIZACIÓN LA CABRERA,1303.66,0,0.24,,1.0,1.0,0.0,,0.02,399.87,1.0
771-M2618011,APARTAMENTO,VENTA,19.99,83.0,1.0,2.0,375000.0,1.0,SANTA BARBARA,6,ENTRE 10 Y 20 ANOS,4.69,-74.05,USADO,,0,0,0,0,1,0,0,0,0,1,False,USAQUEN,SAN PATRICIO,Calle 106,788.54,0,PARQUE METROPOLITANO EL COUNTRY,1737.71,0,0.24,,1.0,0.5,0.0,,0.01,195.32,2.0
717-M2577066,APARTAMENTO,VENTA,21.13,184.0,3.0,4.0,630000.0,2.0,CHICO,5,ENTRE 5 Y 10 ANOS,4.67,-74.06,USADO,,0,1,0,0,1,1,0,0,0,1,False,CHAPINERO,S.C. ANTIGUO COUNTRY,Calle 85,172.85,1,PARQUE METROPOLITANO RECONCILIACIÓN,108.07,1,0.11,,0.67,0.75,0.0,,0.02,486.3,1.0
4698-M4671782,APARTAMENTO,VENTA,20.14,89.0,3.0,3.0,564000.0,2.0,CEDRITOS,4,ENTRE 10 Y 20 ANOS,4.73,-74.04,USADO,,0,0,0,0,1,1,0,0,0,1,False,USAQUEN,LAS MARGARITAS I SECTOR,Mazurén,982.19,0,PARQUE ZONAL LA VIDA,877.12,0,0.23,,0.67,1.0,0.0,,0.03,942.72,0.0
2266-M1372526,APARTAMENTO,VENTA,21.47,258.0,4.0,5.0,1000000.0,3.0,CHICO,6,ENTRE 0 Y 5 ANOS,4.68,-74.04,USADO,,0,0,0,0,0,0,0,0,0,1,False,CHAPINERO,CHICO RESERVADO,Calle 100 - Marketmedios,1556.65,0,PARQUE VECINAL URBANIZACIÓN LA CABRERA,1185.14,0,0.08,,0.75,0.8,0.0,,0.02,276.0,3.0
13436-M4704902,APARTAMENTO,VENTA,19.45,66.0,3.0,2.0,259400.0,1.0,ENGATIVA,4,ENTRE 5 Y 10 ANOS,4.72,-74.13,USADO,,0,0,0,1,0,0,0,0,0,1,False,ENGATIVA,VILLAS DE ALCALA - LOS CEREZOS,Portal 80,2320.97,0,PARQUE ZONAL VILLAS DE GRANADA,840.31,0,0.29,,0.33,1.5,0.0,,0.05,2108.57,0.0
13436-M4704905,APARTAMENTO,VENTA,19.5,80.0,3.0,2.0,224000.0,1.0,ENGATIVA,4,ENTRE 10 Y 20 ANOS,4.72,-74.14,USADO,,0,0,0,1,0,0,0,0,0,1,False,ENGATIVA,S.C. EL GACO,Portal 80,3172.41,0,PARQUE METROPOLITANO PLANTA DE TRATAMIENTO SALITRE,1207.63,0,0.24,,0.33,1.5,0.0,,0.04,2768.84,0.0
14925-M4661780,APARTAMENTO,VENTA,20.21,110.0,2.0,3.0,629000.0,2.0,COUNTRY,5,MAS DE 20 ANOS,4.71,-74.05,USADO,,0,0,0,0,0,0,0,0,0,0,False,USAQUEN,LA CALLEJA,Calle 127,412.68,1,PARQUE ZONAL ATABANZA,776.01,0,0.18,,1.0,0.67,0.0,,0.02,67.57,5.0
15061-M4064105,APARTAMENTO,VENTA,20.03,98.21,3.0,2.0,370000.0,2.0,COUNTRY,5,MAS DE 20 ANOS,4.72,-74.03,USADO,,0,1,0,0,0,0,0,0,0,0,False,USAQUEN,LISBOA_,Alcalá,2054.47,0,PARQUE VECINAL NUEVA URBANIZACIÓN EL CEDRITO,855.39,0,0.2,,0.67,1.5,0.0,,0.03,343.6,1.0
14925-M4661752,APARTAMENTO,VENTA,20.21,110.0,2.0,3.0,629000.0,2.0,COUNTRY,5,MAS DE 20 ANOS,4.71,-74.05,USADO,,0,0,0,0,0,0,0,0,0,0,False,USAQUEN,LA CALLEJA,Calle 127,412.68,1,PARQUE ZONAL ATABANZA,776.01,0,0.18,,1.0,0.67,0.0,,0.02,67.57,5.0
11813-M4741082,APARTAMENTO,VENTA,19.45,65.0,3.0,2.0,261800.0,1.0,,4,ENTRE 5 Y 10 ANOS,4.72,-74.13,USADO,,0,0,1,1,0,0,0,0,0,0,False,ENGATIVA,VILLAS DE ALCALA - LOS CEREZOS,Portal 80,2288.9,0,PARQUE ZONAL VILLAS DE GRANADA,807.86,0,0.3,,0.33,1.5,0.0,,0.05,2076.38,0.0
11813-M4716568,APARTAMENTO,VENTA,20.16,120.0,3.0,3.0,250000.0,1.0,,5,ENTRE 0 Y 5 ANOS,4.73,-74.04,USADO,,0,0,1,0,0,0,0,0,0,0,False,USAQUEN,CAOBOS SALAZAR URB. CAPRI I Y II SECTOR,Calle 146,1451.1,0,PARQUE VECINAL NUEVA URBANIZACIÓN EL CEDRITO,675.84,0,0.17,,0.33,1.0,0.0,,0.02,523.49,0.0
898-M3606897,APARTAMENTO,VENTA,19.92,67.0,2.0,2.0,492000.0,1.0,SANTA BARBARA,6,MAS DE 20 ANOS,4.7,-74.04,USADO,,0,0,0,0,0,0,0,0,0,0,False,USAQUEN,SANTA BARBARA CENTRAL II SECTOR,Pepe Sierra,1771.41,0,PARQUE METROPOLITANO EL COUNTRY,1040.96,0,0.3,,0.5,1.0,0.0,,0.03,579.42,0.0
703-1778,APARTAMENTO,VENTA,21.13,160.0,3.0,5.0,1000000.0,4.0,CHICO,6,ENTRE 0 Y 5 ANOS,4.67,-74.06,USADO,,0,1,0,0,1,0,0,0,0,1,False,CHAPINERO,S.C. ANTIGUO COUNTRY,Calle 85,410.53,1,PARQUE ZONAL CANAL EL VIRREY EL CHICO,248.33,1,0.13,,1.33,0.6,0.0,,0.02,217.27,2.0
11633-M3015978,APARTAMENTO,VENTA,21.79,264.0,3.0,5.0,2600000.0,3.0,CHICO,6,ENTRE 5 Y 10 ANOS,4.67,-74.04,USADO,,0,1,0,1,1,0,0,0,0,0,False,CHAPINERO,EL REFUGIO,Héroes - Gel´Hada,1857.16,0,PARQUE VECINAL URBANIZACIÓN LA CABRERA,899.77,0,0.08,,1.0,0.6,0.0,,0.01,890.49,0.0
12555-4123345,APARTAMENTO,VENTA,20.72,261.07,4.0,4.0,1500000.0,3.0,SANTA BARBARA,6,MAS DE 20 ANOS,4.7,-74.05,USADO,,0,0,0,0,1,1,0,0,0,1,False,USAQUEN,SAN PATRICIO,Pepe Sierra,346.38,1,PARQUE ZONAL ATABANZA,1423.15,0,0.08,,0.75,1.0,0.0,,0.02,302.77,2.0
13436-M4704854,APARTAMENTO,VENTA,20.13,95.0,3.0,2.0,430000.0,2.0,ORQUIDEAS,4,ENTRE 5 Y 10 ANOS,4.76,-74.02,USADO,,1,0,0,1,0,0,0,0,0,1,False,USAQUEN,EL CODITO,Calle 187,2417.6,0,PARQUE VECINAL URBANIZACIÓN CALLE 170 / ALAMEDA,1721.91,0,0.21,,0.67,1.5,0.0,,0.03,1915.87,0.0
13436-M4704908,APARTAMENTO,VENTA,19.87,83.0,3.0,2.0,450000.0,1.0,CEDRITOS,4,MAS DE 20 ANOS,4.73,-74.04,USADO,,0,1,0,0,0,0,0,0,0,1,False,USAQUEN,ACACIAS USAQUEN,Calle 146,1192.02,0,PARQUE VECINAL NUEVA URBANIZACIÓN EL CEDRITO,811.24,0,0.24,,0.33,1.5,0.0,,0.04,843.36,0.0
183-M3773096,APARTAMENTO,VENTA,19.52,49.0,1.0,1.0,295000.0,1.0,,5,ENTRE 10 Y 20 ANOS,4.67,-74.06,USADO,,0,0,0,0,1,0,0,0,0,1,False,CHAPINERO,S.C. LAGO GAITAN,Héroes - Gel´Hada,328.54,1,PARQUE ZONAL SAN ANDRÉS,740.03,0,0.4,,1.0,1.0,0.0,,0.02,330.07,2.0
2821-M3657827,APARTAMENTO,VENTA,20.29,80.0,2.0,3.0,630000.0,2.0,SANTA BARBARA,6,ENTRE 5 Y 10 ANOS,4.69,-74.05,USADO,,0,1,0,1,1,0,0,0,0,1,False,USAQUEN,SANTA BIBIANA,Calle 106,532.49,0,PARQUE ZONAL CANAL CORDOBA,1824.42,0,0.25,,1.0,0.67,0.0,,0.02,379.14,2.0
800-M4414148,APARTAMENTO,VENTA,20.29,77.0,2.0,3.0,614000.0,2.0,SANTA BARBARA,6,ENTRE 0 Y 5 ANOS,4.7,-74.04,USADO,,0,1,1,0,1,1,0,0,0,1,False,USAQUEN,SANTA BARBARA CENTRAL I SECTOR,Pepe Sierra,1862.89,0,PARQUE METROPOLITANO EL COUNTRY,764.91,0,0.26,,1.0,0.67,0.0,,0.03,704.22,0.0
438-M4085691,APARTAMENTO,VENTA,20.86,280.0,5.0,3.0,2200000.0,4.0,COUNTRY,6,MAS DE 20 ANOS,4.71,-74.04,USADO,,0,1,1,0,1,1,0,0,0,1,False,USAQUEN,LA_CAROLINA,Calle 127,1402.24,0,PARQUE METROPOLITANO EL COUNTRY,401.16,1,0.07,,0.8,1.67,0.0,,0.02,360.66,1.0
10139-M2787118,APARTAMENTO,VENTA,21.77,300.0,4.0,3.0,2000000.0,4.0,CHICO,6,ENTRE 10 Y 20 ANOS,4.68,-74.04,USADO,,0,0,0,0,1,0,0,0,0,1,False,CHAPINERO,CHICO NORTE - URB. LA GRAN VIA,Calle 100 - Marketmedios,1990.87,0,PARQUE VECINAL URBANIZACIÓN LA CABRERA,1509.69,0,0.07,,1.0,1.33,0.0,,0.01,195.7,2.0
10139-M3692828,APARTAMENTO,VENTA,21.17,213.0,3.0,4.0,994000.0,3.0,COUNTRY,3,ENTRE 5 Y 10 ANOS,4.71,-74.03,USADO,,0,0,0,1,1,1,1,0,0,0,False,USAQUEN,GINEBRA,Prado,2769.19,0,PARQUE METROPOLITANO EL COUNTRY,1241.57,0,0.1,,1.0,0.75,0.0,,0.01,468.17,1.0
883-1786773,APARTAMENTO,VENTA,20.14,110.0,3.0,3.0,395000.0,1.0,CEDRITOS,4,ENTRE 10 Y 20 ANOS,4.73,-74.04,USADO,,0,0,0,1,0,1,1,0,0,1,False,USAQUEN,PARQUES DE LORENA,Calle 146,1434.53,0,PARQUE ZONAL LA VIDA,857.55,0,0.18,,0.33,1.0,0.0,,0.03,482.77,1.0
11307-M4384715,APARTAMENTO,VENTA,19.69,45.0,1.0,2.0,370000.0,0.0,CENTRO INTERNACIONAL,4,ENTRE 5 Y 10 ANOS,4.62,-74.07,USADO,,0,0,0,0,1,1,0,0,0,1,False,SANTA FE,SAMPER,Calle 26,133.64,1,PARQUE METROPOLITANO INDEPENDENCIA BICENTENARIO,565.91,0,0.44,,0.0,0.5,0.0,,0.02,208.76,6.0
11307-M3379253,APARTAMENTO,VENTA,20.14,56.94,1.0,2.0,523500.0,2.0,CHICO,6,ENTRE 0 Y 5 ANOS,4.68,-74.04,USADO,,0,0,0,1,1,0,0,0,0,1,False,CHAPINERO,CHICO RESERVADO II SECTOR,Calle 100 - Marketmedios,1423.56,0,PARQUE ZONAL CANAL EL VIRREY EL CHICO,1376.98,0,0.35,,2.0,0.5,0.0,,0.02,98.61,3.0
11278-M4682516,APARTAMENTO,VENTA,20.14,105.0,3.0,2.0,565000.0,1.0,COLINA Y ALREDEDORES,5,MAS DE 20 ANOS,4.72,-74.07,USADO,,0,1,0,0,0,1,0,0,0,1,False,SUBA,NIZA NORTE - URB. TUMANACO,Suba - AV. Boyacá,364.33,1,PARQUE VECINAL AGRUPACIÓN DE VIVIENDA EN BALCON DE LINDARAJA,689.93,0,0.19,,0.33,1.5,0.0,,0.03,755.62,0.0
11307-M3691557,APARTAMENTO,VENTA,19.69,45.0,1.0,2.0,370000.0,0.0,CENTRO INTERNACIONAL,4,ENTRE 5 Y 10 ANOS,4.62,-74.07,USADO,,0,0,0,0,1,1,0,0,0,1,False,SANTA FE,SAMPER,Calle 26,133.64,1,PARQUE METROPOLITANO INDEPENDENCIA BICENTENARIO,565.91,0,0.44,,0.0,0.5,0.0,,0.02,208.76,6.0
4933-M3851583,APARTAMENTO,VENTA,20.13,107.0,3.0,2.0,594000.0,2.0,NIZA ALHAMBRA,5,MAS DE 20 ANOS,4.7,-74.07,USADO,,0,0,0,0,1,1,0,0,0,1,False,SUBA,LAGOS DE CORDOBA,Humedal Córdoba,462.54,1,PARQUE ZONAL CANAL CORDOBA,402.4,1,0.19,,0.67,1.5,0.0,,0.03,880.71,0.0
11813-M4729766,APARTAMENTO,VENTA,19.92,87.0,3.0,2.0,348600.0,1.0,CHICO,3,ENTRE 0 Y 5 ANOS,4.68,-74.05,USADO,,0,0,0,1,0,0,0,0,0,0,True,CHAPINERO,S.C. CHICO NORTE,Virrey,1139.98,0,PARQUE ZONAL CANAL EL VIRREY EL CHICO,725.21,0,0.23,,0.33,1.5,0.0,,0.03,107.72,2.0
495-M4306835,APARTAMENTO,VENTA,20.56,137.0,2.0,3.0,850000.0,2.0,SANTA BARBARA,6,ENTRE 10 Y 20 ANOS,4.7,-74.05,USADO,,0,0,0,1,0,0,0,0,0,1,False,USAQUEN,SANTA BARBARA OCCIDENTAL,Pepe Sierra,924.69,0,PARQUE METROPOLITANO EL COUNTRY,1114.73,0,0.15,,1.0,0.67,0.0,,0.01,159.28,2.0
93-M4018951,APARTAMENTO,VENTA,19.89,64.0,1.0,2.0,295000.0,1.0,COUNTRY,5,MAS DE 20 ANOS,4.71,-74.03,USADO,,0,1,0,0,0,0,0,0,0,1,False,USAQUEN,BELLA SUIZA,Prado,2498.89,0,PARQUE METROPOLITANO EL COUNTRY,924.52,0,0.31,,1.0,0.5,0.0,,0.02,288.64,1.0
717-M2422943,APARTAMENTO,VENTA Y ARRIENDO,19.92,50.0,1.0,1.0,580000.0,2.0,CHICO,6,MAS DE 20 ANOS,4.66,-74.05,USADO,4500000.0,0,0,0,0,1,1,0,0,0,1,False,CHAPINERO,LOS ROSALES,Calle 72,1472.48,0,PARQUE ZONAL GUSTAVO URIBE BOTERO,782.37,0,0.4,90000.0,2.0,1.0,0.0,7.76,0.02,725.31,0.0
4-1409566,APARTAMENTO,VENTA,19.81,87.0,2.0,2.0,578000.0,1.0,SANTA BARBARA,6,MAS DE 20 ANOS,4.7,-74.04,USADO,,0,0,0,0,1,0,0,0,0,1,False,USAQUEN,SANTA BARBARA CENTRAL III SECTOR,Pepe Sierra,2057.33,0,PARQUE METROPOLITANO EL COUNTRY,1054.74,0,0.23,,0.5,1.0,0.0,,0.02,517.71,0.0
34-56309,APARTAMENTO,VENTA,21.23,311.77,4.0,4.0,1100000.0,3.0,SANTA BARBARA,6,ENTRE 10 Y 20 ANOS,4.7,-74.04,USADO,,0,1,0,0,0,1,0,0,0,0,False,USAQUEN,SANTA BARBARA CENTRAL I SECTOR,Calle 127,1865.31,0,PARQUE METROPOLITANO EL COUNTRY,606.81,0,0.07,,0.75,1.0,0.0,,0.01,583.9,0.0
726-M2860127,APARTAMENTO,VENTA,20.03,75.0,2.0,2.0,352000.0,2.0,CEDRITOS,4,ENTRE 0 Y 5 ANOS,4.73,-74.03,USADO,,0,0,0,1,1,1,0,0,0,1,False,USAQUEN,CEDRO MADEIRA,Calle 146,2188.37,0,PARQUE VECINAL NUEVA URBANIZACIÓN EL CEDRITO,443.75,1,0.27,,1.0,1.0,0.0,,0.03,483.86,1.0
800-M3643064,APARTAMENTO,VENTA,19.7,71.0,2.0,2.0,3921395.93,1.0,NIZA ALHAMBRA,5,ENTRE 5 Y 10 ANOS,4.69,-74.06,USADO,,0,0,0,0,0,0,0,0,0,0,False,SUBA,S.C. PASADENA,Suba - Calle 100,415.55,1,PARQUE ZONAL CANAL CORDOBA,1262.45,0,0.28,,0.5,1.0,0.0,,0.03,405.42,1.0
3284-M3763605,APARTAMENTO,VENTA,19.06,52.0,3.0,1.0,3921395.93,0.0,ORQUIDEAS,3,MAS DE 20 ANOS,4.74,-74.04,USADO,,0,0,0,0,0,0,0,0,0,0,False,USAQUEN,TOBERIN,Toberin - Foundever,1063.42,0,PARQUE VECINAL URBANIZACIÓN TOBERIN,187.48,1,0.37,,0.0,3.0,0.0,,0.06,495.34,1.0
11712-M4706349,APARTAMENTO,VENTA,20.07,93.12,3.0,3.0,3921395.93,1.0,COLINA Y ALREDEDORES,4,ENTRE 10 Y 20 ANOS,4.74,-74.06,USADO,,0,1,0,0,1,1,0,0,0,1,False,SUBA,MAZUREN,Mazurén,1200.18,0,PARQUE VECINAL DESARROLLO CANTALEJO URBANIZACIÓN CANTALEJO MANZANA B,626.14,0,0.22,,0.33,1.0,0.0,,0.03,937.93,0.0
12037-M2732423,APARTAMENTO,VENTA Y ARRIENDO,21.68,330.0,4.0,4.0,1950000.0,2.0,COUNTRY,5,ENTRE 10 Y 20 ANOS,4.71,-74.04,USADO,8000000.0,1,1,0,1,1,1,0,0,0,1,False,USAQUEN,COUNTRY CLUB,Prado,1928.5,0,PARQUE METROPOLITANO EL COUNTRY,561.8,0,0.07,24242.42,0.5,1.0,0.0,4.1,0.01,465.34,2.0
3858-M4261639,APARTAMENTO,VENTA,20.3,105.0,3.0,2.0,512000.0,2.0,COUNTRY,5,ENTRE 10 Y 20 ANOS,4.71,-74.03,USADO,,0,0,0,1,1,1,1,0,0,1,False,USAQUEN,LISBOA_,Prado,2286.88,0,PARQUE VECINAL NUEVA URBANIZACIÓN EL CEDRITO,1141.54,0,0.19,,0.67,1.5,0.0,,0.03,265.92,3.0
9816-3612811,APARTAMENTO,VENTA,20.29,103.0,2.0,3.0,678000.0,2.0,CHICO,6,MAS DE 20 ANOS,4.68,-74.06,USADO,,0,1,0,0,0,1,0,0,0,1,False,CHAPINERO,S.C. CHICO NORTE,Virrey,392.84,1,PARQUE VECINAL URBANIZACIÓN NORMANDIA I II II Y IV SECTOR,264.86,1,0.2,,1.0,0.67,0.0,,0.02,369.11,1.0
3568-M4491308,APARTAMENTO,VENTA,20.11,82.0,3.0,2.0,552000.0,2.0,COUNTRY,4,ENTRE 5 Y 10 ANOS,4.72,-74.04,USADO,,0,1,0,1,1,0,0,0,0,1,False,USAQUEN,EL CONTADOR,Alcalá,778.02,0,PARQUE VECINAL PRADO PINZÓN,1288.31,0,0.25,,0.67,1.5,0.0,,0.04,282.12,1.0
11813-M4724826,APARTAMENTO,VENTA,19.06,63.0,3.0,2.0,145000.0,0.0,,3,ENTRE 5 Y 10 ANOS,4.59,-74.16,USADO,,0,0,1,0,0,0,0,0,0,0,False,CIUDAD BOLIVAR,EL ENSUENO,Perdomo,1140.72,0,PARQUE ZONAL EL TALLER EL ENSUEÑO,90.29,1,0.3,,0.0,1.5,0.0,,0.05,1621.68,0.0
11813-M4725711,APARTAMENTO,VENTA,20.18,165.0,3.0,2.0,870000.0,2.0,,5,MAS DE 20 ANOS,4.68,-74.05,USADO,,0,0,1,0,0,0,0,0,0,0,False,CHAPINERO,S.C. CHICO NORTE III SECTOR,Calle 100 - Marketmedios,851.21,0,PARQUE VECINAL URBANIZACIÓN NORMANDIA I II II Y IV SECTOR,1261.3,0,0.12,,0.67,1.5,0.0,,0.02,106.98,2.0
13436-M4704876,APARTAMENTO,VENTA,19.89,95.0,3.0,2.0,390000.0,2.0,COLINA Y ALREDEDORES,5,MAS DE 20 ANOS,4.73,-74.06,USADO,,0,1,0,0,0,0,0,0,0,1,False,SUBA,COLPATRIA SANTA HELENA II SECTOR,Gratamira,1269.17,0,PARQUE VECINAL URBANIZACIÓN LA LAGUNA,1115.32,0,0.21,,0.67,1.5,0.0,,0.03,332.4,2.0
10093-M4096195,APARTAMENTO,VENTA,19.83,86.0,3.0,2.0,450000.0,2.0,CEDRITOS,4,ENTRE 10 Y 20 ANOS,4.73,-74.04,USADO,,0,1,0,0,1,1,0,0,0,1,False,USAQUEN,CAOBOS SALAZAR URB. CAPRI I Y II SECTOR,Calle 146,1459.25,0,PARQUE VECINAL NUEVA URBANIZACIÓN EL CEDRITO,684.24,0,0.23,,0.67,1.5,0.0,,0.03,506.49,0.0
617-M4188512,APARTAMENTO,VENTA,20.54,134.0,3.0,3.0,1000000.0,2.0,CHICO,5,MAS DE 20 ANOS,4.68,-74.06,USADO,,0,1,0,0,1,0,0,0,0,1,False,CHAPINERO,S.C. CHICO NORTE III SECTOR,Calle 100 - Marketmedios,158.03,1,PARQUE VECINAL URBANIZACIÓN NORMANDIA I II II Y IV SECTOR,776.53,0,0.15,,0.67,1.0,0.0,,0.02,417.13,1.0
470-678,APARTAMENTO,VENTA,21.13,178.0,3.0,3.0,3921395.93,2.0,CERROS DE SUBA,6,ENTRE 10 Y 20 ANOS,4.72,-74.08,USADO,4500000.0,0,1,0,0,1,0,0,0,0,0,False,SUBA,NIZA SUBA - EL BALCON DE LINDARAJA,Suba - AV. Boyacá,831.31,0,PARQUE VECINAL AGRUPACIÓN DE VIVIENDA EN BALCON DE LINDARAJA,316.3,1,0.12,25280.9,0.67,1.0,0.0,1.15,0.02,1196.79,0.0
13753-M4421238,APARTAMENTO,VENTA,20.62,143.0,3.0,3.0,532000.0,2.0,SANTA BARBARA,6,MAS DE 20 ANOS,4.7,-74.04,USADO,,0,1,0,1,1,0,0,0,0,1,False,USAQUEN,SANTA BARBARA CENTRAL II,Calle 127,2100.5,0,PARQUE METROPOLITANO EL COUNTRY,370.77,1,0.14,,0.67,1.0,0.0,,0.02,730.66,0.0
164-M4734535,APARTAMENTO,VENTA,20.5,113.26,3.0,2.0,320000.0,1.0,NICOLAS DE FEDERMAN,5,REMODELADO,4.64,-74.08,USADO,,0,0,0,0,1,0,0,0,0,0,False,TEUSAQUILLO,NICOLAS DE FEDERMAN,Campín - UAN,197.87,1,PARQUE ESCENARIO DEPORTIVO EL CAMPINCITO - CEAD,303.03,1,0.18,,0.33,1.5,0.0,,0.03,561.91,0.0
603-M3573911,APARTAMENTO,VENTA,20.6,138.0,3.0,2.0,1000000.0,2.0,SANTA BARBARA,5,ENTRE 5 Y 10 ANOS,4.7,-74.04,USADO,,0,0,0,0,1,0,0,0,0,1,False,USAQUEN,SANTA BARBARA CENTRAL I SECTOR,Calle 127,1800.49,0,PARQUE METROPOLITANO EL COUNTRY,599.25,0,0.15,,0.67,1.5,0.0,,0.02,534.85,0.0
14925-M4661730,APARTAMENTO,VENTA,19.88,80.0,3.0,3.0,630000.0,1.0,CEDRITOS,5,MAS DE 20 ANOS,4.72,-74.04,USADO,,0,0,0,0,0,0,0,0,0,1,False,USAQUEN,EL CONTADOR,Calle 142,937.96,0,PARQUE VECINAL NUEVA URBANIZACIÓN EL CEDRITO,1050.85,0,0.25,,0.33,1.0,0.0,,0.04,508.19,0.0
897-M3801671,APARTAMENTO,VENTA,19.04,69.68,3.0,2.0,40000.0,0.0,ENGATIVA,3,ENTRE 10 Y 20 ANOS,4.71,-74.13,USADO,,0,0,0,0,0,0,0,0,0,1,False,ENGATIVA,LA RIVIERA,Portal 80,2394.12,0,PARQUE ZONAL VILLAS DE GRANADA,1147.69,0,0.27,,0.0,1.5,0.0,,0.04,1887.25,0.0
13436-M4704832,APARTAMENTO,VENTA,19.41,50.0,2.0,2.0,331000.0,1.0,CEDRITOS,4,MAS DE 20 ANOS,4.73,-74.03,USADO,,0,0,0,0,0,0,0,0,0,0,False,USAQUEN,BARRANCAS PERLAS DEL NORTE,Mazurén,2449.08,0,PARQUE ZONAL ALTA BLANCA,409.17,1,0.39,,0.5,1.0,0.0,,0.04,576.23,0.0
384-M3980693,APARTAMENTO,VENTA,19.47,60.3,3.0,2.0,224700.0,1.0,COLINA Y ALREDEDORES,4,ENTRE 10 Y 20 ANOS,4.74,-74.06,USADO,,0,0,0,1,1,0,0,0,0,0,False,SUBA,CANTALEJO,Calle 161,1027.01,0,PARQUE VECINAL DESARROLLO CANTALEJO URBANIZACIÓN CANTALEJO MANZANA B,59.03,1,0.32,,0.33,1.5,0.0,,0.05,1546.55,0.0
16436-M4735989,APARTAMENTO,VENTA,19.81,94.0,4.0,3.0,330000.0,1.0,COLINA Y ALREDEDORES,5,MAS DE 20 ANOS,4.74,-74.07,USADO,,0,1,0,0,0,1,0,0,0,1,False,SUBA,CASABLANCA SECTOR EL PLAN,Gratamira,1345.45,0,PARQUE ZONAL EL TOMILLAR,658.13,0,0.21,,0.25,1.33,0.0,,0.04,498.19,1.0
10858-M4657323,APARTAMENTO,VENTA,19.95,101.66,3.0,3.0,480000.0,2.0,CEDRITOS,4,ENTRE 5 Y 10 ANOS,4.74,-74.03,USADO,,0,0,0,0,0,0,0,0,0,1,False,USAQUEN,VILLAS DEL MEDITERRANEO,Calle 161,1777.62,0,PARQUE ZONAL LA VIDA,515.23,0,0.2,,0.67,1.0,0.0,,0.03,828.21,0.0
34-9815,APARTAMENTO,VENTA,21.19,177.0,3.0,5.0,746000.0,3.0,SANTA BARBARA,6,ENTRE 5 Y 10 ANOS,4.69,-74.04,USADO,,0,1,0,0,1,0,0,0,0,1,False,USAQUEN,SANTA BARBARA CENTRAL I Y II,Calle 106,1337.87,0,PARQUE METROPOLITANO EL COUNTRY,1629.94,0,0.12,,1.0,0.6,0.0,,0.02,488.53,1.0
4957-M4617148,APARTAMENTO,VENTA,20.47,133.0,2.0,3.0,973000.0,2.0,CHICO,6,MAS DE 20 ANOS,4.68,-74.05,USADO,,0,1,0,0,1,0,0,0,0,1,False,CHAPINERO,S.C. CHICO NORTE III SECTOR,Calle 100 - Marketmedios,793.75,0,PARQUE VECINAL URBANIZACIÓN NORMANDIA I II II Y IV SECTOR,973.49,0,0.15,,1.0,0.67,0.0,,0.02,259.14,3.0
11369-M4478714,APARTAMENTO,VENTA,19.83,96.23,3.0,2.0,438000.0,2.0,CEDRITOS,4,MAS DE 20 ANOS,4.73,-74.05,USADO,,0,1,0,0,0,1,0,0,0,1,False,USAQUEN,LOS CAOBOS,Calle 146,231.23,1,PARQUE VECINAL PRADO PINZÓN,616.08,0,0.21,,0.67,1.5,0.0,,0.03,973.32,0.0
34-59620,APARTAMENTO,VENTA,19.99,96.0,3.0,3.0,300000.0,1.0,COLINA Y ALREDEDORES,4,MAS DE 20 ANOS,4.73,-74.05,USADO,,0,1,0,0,0,0,0,0,0,1,False,SUBA,MAZUREN,Mazurén,373.8,1,PARQUE VECINAL URBANIZACIÓN MAZUREN I SECTOR,162.17,1,0.21,,0.33,1.0,0.0,,0.03,1551.22,0.0
RV-M4537669,APARTAMENTO,VENTA,19.81,96.74,3.0,3.0,3921395.93,1.0,FONTIBON TINTAL,4,MAS DE 20 ANOS,4.66,-74.13,USADO,,0,0,0,0,0,0,0,0,0,0,False,FONTIBON,EL TINTAL A.S.D.,Normandía,2158.93,0,PARQUE ZONAL CANAL BOYACA,1420.5,0,0.2,,0.33,1.0,0.0,,0.03,274.37,2.0
771-M4399989,APARTAMENTO,VENTA,20.34,70.0,1.0,2.0,490000.0,2.0,CHICO,6,ENTRE 5 Y 10 ANOS,4.68,-74.06,USADO,,0,0,0,0,0,0,0,0,0,0,False,CHAPINERO,S.C. EL CHICO,Virrey,444.68,1,PARQUE ZONAL CANAL EL VIRREY EL CHICO,336.88,1,0.29,,2.0,0.5,0.0,,0.01,321.8,2.0
766-M4060532,APARTAMENTO,VENTA,19.53,39.98,1.0,2.0,250000.0,1.0,CEDRITOS,4,ENTRE 5 Y 10 ANOS,4.72,-74.03,USADO,,0,0,0,0,1,0,0,0,0,1,False,USAQUEN,CAOBOS SALAZAR,Calle 142,1999.96,0,PARQUE VECINAL NUEVA URBANIZACIÓN EL CEDRITO,192.01,1,0.49,,1.0,0.5,0.0,,0.03,583.11,0.0
RV-M4620007,APARTAMENTO,VENTA,19.45,59.65,3.0,2.0,3921395.93,1.0,CEDRITOS,4,MAS DE 20 ANOS,4.74,-74.04,USADO,,0,0,0,0,0,0,0,0,0,0,False,USAQUEN,URB. JARDINES DEL NORTE,Calle 161,490.25,1,PARQUE VECINAL DESARROLLO ESTRELLA DEL NORTE,123.81,1,0.33,,0.33,1.5,0.0,,0.05,1225.1,0.0
5031-M3577041,APARTAMENTO,VENTA,20.89,174.0,2.0,3.0,890000.0,2.0,CHAPINERO ALTO,6,ENTRE 10 Y 20 ANOS,4.65,-74.05,USADO,,0,0,0,0,0,0,0,0,0,0,False,CHAPINERO,S.C. LAS ACACIAS,Flores – Areandina,1192.55,0,PARQUE ZONAL GUSTAVO URIBE BOTERO,101.72,1,0.12,,1.0,0.67,0.0,,0.01,350.13,1.0
34-58917,APARTAMENTO,VENTA,21.72,290.0,3.0,3.0,3921395.93,3.0,CHICO,6,ENTRE 10 Y 20 ANOS,4.66,-74.05,USADO,,0,1,0,0,0,0,0,0,0,1,False,CHAPINERO,BOSQUE EL RETIRO I SECTOR,Calle 76 - San Felipe,1576.94,0,PARQUE ZONAL SAN ANDRÉS,640.44,0,0.07,,1.0,1.0,0.0,,0.01,800.16,0.0
11369-M3736667,APARTAMENTO,VENTA,20.41,144.0,3.0,4.0,758000.0,2.0,COLINA Y ALREDEDORES,5,MAS DE 20 ANOS,4.73,-74.07,USADO,,0,1,0,0,1,1,0,0,0,1,False,SUBA,URB. COLINA NORTE II ETAPA,Gratamira,1058.77,0,PARQUE VECINAL PRADO PINZÓN,1280.33,0,0.14,,0.67,0.75,0.0,,0.02,267.87,2.0
12503-M4048412,APARTAMENTO,VENTA,19.15,55.0,3.0,2.0,149000.0,0.0,ENGATIVA,4,ENTRE 10 Y 20 ANOS,4.72,-74.14,USADO,,0,0,0,1,1,0,0,0,0,1,False,ENGATIVA,S.C. EL GACO,Portal 80,3189.41,0,PARQUE METROPOLITANO PLANTA DE TRATAMIENTO SALITRE,1225.91,0,0.35,,0.0,1.5,0.0,,0.05,2760.5,0.0
4957-M4617141,APARTAMENTO,VENTA,20.57,115.0,2.0,3.0,863000.0,2.0,SANTA BARBARA,6,ENTRE 10 Y 20 ANOS,4.7,-74.04,USADO,,1,1,0,0,1,0,0,0,0,1,False,USAQUEN,SANTA BARBARA CENTRAL II SECTOR,Pepe Sierra,1850.7,0,PARQUE METROPOLITANO EL COUNTRY,861.21,0,0.18,,1.0,0.67,0.0,,0.02,710.05,0.0
11813-M4716569,APARTAMENTO,VENTA,20.69,139.0,4.0,5.0,490000.0,2.0,,5,ENTRE 10 Y 20 ANOS,4.66,-74.11,USADO,,0,0,1,0,0,0,0,0,0,0,False,FONTIBON,LA ESPERANZA NORTE,AV. Rojas,668.57,0,PARQUE VECINAL CARLOS LLERAS (EL FUEGO),415.22,1,0.15,,0.5,0.8,0.0,,0.03,761.9,0.0
RV-M4642966,APARTAMENTO,VENTA,19.19,39.02,2.0,1.0,3921395.93,1.0,170 Y ALREDORES,4,ENTRE 0 Y 5 ANOS,4.76,-74.05,USADO,,0,0,0,0,0,0,0,0,0,0,False,SUBA,URB. PLAZA BAVIERA,Portal Norte,760.31,0,PARQUE VECINAL URBANIZACIÓN VILANOVA,708.5,0,0.49,,0.5,2.0,0.0,,0.05,898.68,0.0
93-M3678421,APARTAMENTO,VENTA,20.62,134.96,3.0,3.0,844000.0,2.0,CHAPINERO ALTO,4,MAS DE 20 ANOS,4.65,-74.06,USADO,,0,0,0,0,0,0,0,0,0,0,False,CHAPINERO,S.C. GRANADA,Calle 63,1094.98,0,PARQUE ZONAL GUSTAVO URIBE BOTERO,359.92,1,0.15,,0.67,1.0,0.0,,0.02,368.79,1.0
RV-M4529599,APARTAMENTO,VENTA,19.64,76.43,3.0,2.0,3921395.93,1.0,COLINA Y ALREDEDORES,4,MAS DE 20 ANOS,4.74,-74.05,USADO,,0,0,0,0,0,0,0,0,0,0,False,SUBA,MAZUREN,Mazurén,346.15,1,PARQUE VECINAL URBANIZACIÓN VICTORIA NORTE,105.07,1,0.26,,0.33,1.5,0.0,,0.04,1673.52,0.0
RV-M4584517,APARTAMENTO,VENTA,19.19,55.86,3.0,2.0,3921395.93,0.0,CASTILLA MARSELLA,3,ENTRE 10 Y 20 ANOS,4.64,-74.12,USADO,,0,0,0,0,0,0,0,0,0,0,False,KENNEDY,NUESTRA_SENORA DE LA PAZ,Marsella,905.77,0,PARQUE ZONAL MARSELLA,604.36,0,0.34,,0.0,1.5,0.0,,0.05,1139.78,0.0
RV-M4596674,APARTAMENTO,VENTA,19.11,51.2,3.0,2.0,3921395.93,0.0,ALTOS DE SUBA Y CERROS DE SAN JORGE,3,MAS DE 20 ANOS,4.75,-74.1,USADO,,0,0,0,0,0,0,0,0,0,0,False,SUBA,RINCON DE SANTA INES,Portal Suba,1221.81,0,PARQUE VECINAL CIUDADELA CAFAM ANTES URBANIZACIÓN PUERTO SOL,431.32,1,0.37,,0.0,1.5,0.0,,0.06,1016.77,0.0
771-M4371684,APARTAMENTO,VENTA,20.99,100.0,2.0,3.0,3921395.93,2.0,COUNTRY,5,MAS DE 20 ANOS,4.71,-74.05,USADO,,0,0,0,0,0,0,0,0,0,0,False,USAQUEN,LA CALLEJA,Calle 127,948.95,0,PARQUE METROPOLITANO EL COUNTRY,880.84,0,0.21,,1.0,0.67,0.0,,0.02,645.29,0.0
34-7267,APARTAMENTO,VENTA,21.22,209.0,3.0,5.0,1000000.0,3.0,COUNTRY,6,ENTRE 10 Y 20 ANOS,4.71,-74.02,USADO,,0,1,0,0,1,0,0,0,0,1,False,USAQUEN,BOSQUES DE MEDINA,Prado,3082.84,0,PARQUE METROPOLITANO EL COUNTRY,1669.89,0,0.1,,1.0,0.6,0.0,,0.01,674.64,0.0
2671-10869,APARTAMENTO,VENTA,21.53,176.0,3.0,4.0,1442200.0,4.0,CHICO,6,ENTRE 10 Y 20 ANOS,4.68,-74.05,USADO,,0,0,0,0,0,0,0,0,0,0,True,CHAPINERO,S.C. CHICO NORTE,Virrey,1194.32,0,PARQUE VECINAL URBANIZACIÓN LA CABRERA,594.55,0,0.12,,1.33,0.75,0.0,,0.02,187.72,2.0
RV-M4618719,APARTAMENTO,VENTA,19.67,26.6,1.0,1.0,3921395.93,1.0,LA SOLEDAD,4,ENTRE 0 Y 5 ANOS,4.62,-74.07,USADO,,0,0,0,0,0,0,0,0,0,0,False,TEUSAQUILLO,ARMENIA,Calle 26,151.62,1,PARQUE METROPOLITANO EL RENACIMIENTO - PARQUE CEMENTERIO CENTRAL,510.01,0,0.74,,1.0,1.0,0.0,,0.04,360.65,4.0
771-M4371681,APARTAMENTO,VENTA,21.75,242.0,3.0,5.0,2000000.0,4.0,CHICO,6,ENTRE 5 Y 10 ANOS,4.66,-74.05,USADO,,0,0,0,0,0,0,0,0,0,0,False,CHAPINERO,S.C. EL RETIRO,Héroes - Gel´Hada,1408.4,0,PARQUE ZONAL SAN ANDRÉS,443.17,1,0.09,,1.33,0.6,0.0,,0.01,544.89,0.0
14236-M4700285,APARTAMENTO,VENTA,19.52,68.0,3.0,2.0,208000.0,1.0,CORTIJO AUTOPISTA MEDELLIN,3,MAS DE 20 ANOS,4.72,-74.12,USADO,,0,0,0,0,0,1,0,0,0,0,False,ENGATIVA,EL_CORTIJO,Portal 80,1946.37,0,PARQUE METROPOLITANO PLANTA DE TRATAMIENTO SALITRE,653.61,0,0.29,,0.33,1.5,0.0,,0.04,1753.75,0.0
14925-M4661740,APARTAMENTO,VENTA,21.31,254.0,3.0,4.0,2873900.0,3.0,CHAPINERO ALTO,6,MAS DE 20 ANOS,4.65,-74.05,USADO,,0,0,0,0,1,0,0,0,0,1,False,CHAPINERO,S.C. GRANADA,Flores – Areandina,1073.46,0,PARQUE ZONAL GUSTAVO URIBE BOTERO,233.44,1,0.08,,1.0,0.75,0.0,,0.01,242.62,1.0
14925-M4661765,APARTAMENTO,VENTA,20.14,94.0,2.0,2.0,3921395.93,1.0,CHICO,6,MAS DE 20 ANOS,4.67,-74.05,USADO,,0,0,0,0,0,0,0,0,0,1,False,CHAPINERO,S.C. EL CHICO,Virrey,1045.76,0,PARQUE VECINAL URBANIZACIÓN LA CABRERA,403.09,1,0.21,,0.5,1.0,0.0,,0.02,332.94,4.0
4796-M3624655,APARTAMENTO,VENTA,19.99,75.0,3.0,2.0,315000.0,1.0,COLINA Y ALREDEDORES,4,ENTRE 5 Y 10 ANOS,4.75,-74.06,USADO,,0,0,0,1,1,0,0,0,0,1,False,SUBA,PORTALES DEL NORTE - LA CANDELARIA,Toberin - Foundever,1793.96,0,PARQUE ZONAL SAN JOSÉ DE BAVARIA,562.48,0,0.27,,0.33,1.5,0.0,,0.04,1928.27,0.0
603-M4026422,APARTAMENTO,VENTA,19.75,75.0,3.0,2.0,274700.0,1.0,ENGATIVA,3,ENTRE 5 Y 10 ANOS,4.69,-74.1,USADO,,0,0,0,0,1,1,0,0,0,1,False,ENGATIVA,S.C. BOYACA,Minuto de Dios,1514.85,0,PARQUE VECINAL URBANIZACIÓN LA EUROPA,596.31,0,0.26,,0.33,1.5,0.0,,0.04,1727.86,0.0
14925-M4661728,APARTAMENTO,VENTA,19.93,87.0,3.0,2.0,320000.0,2.0,COLINA Y ALREDEDORES,5,ENTRE 5 Y 10 ANOS,4.71,-74.06,USADO,,0,0,0,1,1,0,0,0,0,1,False,SUBA,S.C. PRADO VERANIEGO SUR,Prado,1089.45,0,PARQUE ZONAL ATABANZA,721.84,0,0.23,,0.67,1.5,0.0,,0.03,983.51,0.0
14236-M4699766,APARTAMENTO,VENTA,19.84,88.0,3.0,2.0,324000.0,1.0,ORQUIDEAS,4,ENTRE 10 Y 20 ANOS,4.76,-74.04,USADO,,0,0,0,0,1,0,0,0,0,0,False,USAQUEN,SAN ANTONIO NOROCCIDENTAL,Portal Norte,803.81,0,PARQUE VECINAL URBANIZACIÓN CALLE 170 / ALAMEDA,174.37,1,0.23,,0.33,1.5,0.0,,0.03,985.61,0.0
2731-M4584318,APARTAMENTO,VENTA,19.61,71.0,2.0,2.0,498000.0,1.0,CEDRITOS,4,MAS DE 20 ANOS,4.72,-74.03,USADO,,0,0,0,0,0,1,0,0,0,1,False,USAQUEN,LAS_ACACIAS,Calle 142,2340.52,0,PARQUE VECINAL NUEVA URBANIZACIÓN EL CEDRITO,428.19,1,0.28,,0.5,1.0,0.0,,0.03,722.29,0.0
246-M4637138,APARTAMENTO,VENTA,20.67,137.0,3.0,4.0,837000.0,1.0,COUNTRY,5,ENTRE 5 Y 10 ANOS,4.71,-74.05,USADO,,0,0,0,1,1,1,1,0,0,1,False,USAQUEN,,Prado,466.24,1,PARQUE ZONAL ATABANZA,1228.59,0,0.15,,0.33,0.75,0.0,,0.02,668.31,0.0
15654-M4682673,APARTAMENTO,VENTA,20.82,150.0,2.0,3.0,590000.0,2.0,CHICO,6,REMODELADO,4.68,-74.05,USADO,,0,1,0,0,1,0,0,0,0,1,False,CHAPINERO,S.C. CHICO NORTE III SECTOR,Calle 100 - Marketmedios,731.89,0,PARQUE VECINAL URBANIZACIÓN NORMANDIA I II II Y IV SECTOR,986.86,0,0.14,,1.0,0.67,0.0,,0.01,194.28,3.0
10139-M4726466,APARTAMENTO,VENTA,21.31,312.0,3.0,4.0,1315000.0,4.0,SANTA BARBARA,6,MAS DE 20 ANOS,4.69,-74.05,USADO,,0,1,0,0,1,0,0,0,0,1,False,USAQUEN,SAN PATRICIO,Calle 106,378.14,1,PARQUE ZONAL CANAL CORDOBA,1526.6,0,0.07,,1.33,0.75,0.0,,0.01,356.46,1.0
717-M3817339,APARTAMENTO,VENTA,20.37,103.0,2.0,3.0,680000.0,1.0,CHICO,6,MAS DE 20 ANOS,4.68,-74.06,USADO,,0,1,0,1,1,1,0,0,0,1,False,CHAPINERO,S.C. CHICO NORTE,Virrey,362.46,1,PARQUE VECINAL URBANIZACIÓN NORMANDIA I II II Y IV SECTOR,231.55,1,0.2,,0.5,0.67,0.0,,0.02,398.97,1.0
717-M2553172,APARTAMENTO,VENTA,20.13,85.0,3.0,2.0,389000.0,1.0,CHICO,5,MAS DE 20 ANOS,4.67,-74.06,USADO,,0,1,0,0,1,1,0,0,0,1,False,CHAPINERO,S.C. ANTIGUO COUNTRY,Calle 85,152.09,1,PARQUE METROPOLITANO RECONCILIACIÓN,84.21,1,0.24,,0.33,1.5,0.0,,0.04,422.93,3.0
2238-M3605190,APARTAMENTO,VENTA,19.64,70.0,3.0,2.0,185000.0,1.0,CASTILLA MARSELLA,4,ENTRE 10 Y 20 ANOS,4.64,-74.13,USADO,,0,0,0,0,1,1,0,0,0,0,False,KENNEDY,VILLA ALSACIA CIUDADELA,Marsella,1582.27,0,PARQUE VECINAL VILLA ALSACIA,898.99,0,0.28,,0.33,1.5,0.0,,0.04,220.85,1.0
717-M3117502,APARTAMENTO,VENTA,20.62,135.0,3.0,3.0,3921395.93,2.0,SANTA BARBARA,6,ENTRE 10 Y 20 ANOS,4.7,-74.05,USADO,,0,1,0,0,1,1,0,0,0,1,True,USAQUEN,SANTA BARBARA OCCIDENTAL,Calle 127,624.39,0,PARQUE METROPOLITANO EL COUNTRY,1241.15,0,0.15,,0.67,1.0,0.0,,0.02,480.61,1.0
10139-M2434333,APARTAMENTO,VENTA,20.16,98.0,2.0,3.0,158000.0,2.0,SANTA BARBARA,6,MAS DE 20 ANOS,4.69,-74.06,USADO,,0,1,0,0,0,1,0,0,0,1,False,USAQUEN,SAN PATRICIO,Calle 106,158.23,1,PARQUE ZONAL CANAL CORDOBA,1386.74,0,0.21,,1.0,0.67,0.0,,0.02,590.0,0.0
356-M3666772,APARTAMENTO,VENTA,19.97,86.22,2.0,3.0,643000.0,1.0,SANTA BARBARA,6,MAS DE 20 ANOS,4.69,-74.03,USADO,,0,1,0,0,1,0,0,0,0,1,False,USAQUEN,SANTA BARBARA CENTRAL III SECTOR,Pepe Sierra,2337.96,0,PARQUE METROPOLITANO EL COUNTRY,1195.09,0,0.23,,0.5,0.67,0.0,,0.02,340.26,4.0
717-M2398584,APARTAMENTO,VENTA,20.14,90.0,2.0,2.0,450000.0,2.0,COUNTRY,5,ENTRE 10 Y 20 ANOS,4.71,-74.05,USADO,,0,1,0,0,1,0,0,0,0,1,False,USAQUEN,LA CALLEJA,Prado,594.42,0,PARQUE ZONAL ATABANZA,933.82,0,0.22,,1.0,1.0,0.0,,0.02,434.1,2.0
717-M3215823,APARTAMENTO,VENTA,20.91,220.0,4.0,5.0,3921395.93,2.0,SANTA BARBARA,6,MAS DE 20 ANOS,4.69,-74.05,USADO,,0,1,0,0,1,1,0,0,0,1,False,USAQUEN,SAN PATRICIO,Calle 106,879.99,0,PARQUE METROPOLITANO EL COUNTRY,1715.28,0,0.1,,0.5,0.8,0.0,,0.02,171.97,2.0
2238-M3010016,APARTAMENTO,VENTA,20.86,150.0,2.0,3.0,1723000.0,2.0,CHICO,6,ENTRE 5 Y 10 ANOS,4.67,-74.05,USADO,,0,0,0,0,0,0,0,0,0,0,False,CHAPINERO,EL REFUGIO,Héroes - Gel´Hada,1699.72,0,PARQUE VECINAL URBANIZACIÓN LA CABRERA,676.82,0,0.14,,1.0,0.67,0.0,,0.01,658.67,0.0
717-M3048419,APARTAMENTO,VENTA,20.07,88.0,2.0,2.0,3921395.93,2.0,SANTA BARBARA,6,MAS DE 20 ANOS,4.68,-74.04,USADO,,0,1,0,0,1,1,0,0,0,1,False,USAQUEN,RINCON DEL CHICO,Calle 100 - Marketmedios,1441.38,0,PARQUE ZONAL CANAL EL VIRREY EL CHICO,1620.58,0,0.23,,1.0,1.0,0.0,,0.02,351.73,2.0
10307-M4214016,APARTAMENTO,VENTA,20.61,100.25,3.0,2.0,615000.0,2.0,NIZA ALHAMBRA,5,ENTRE 0 Y 5 ANOS,4.69,-74.06,USADO,,0,0,0,1,1,1,0,0,0,1,False,SUBA,SANTA MARGARITA,Calle 106,479.73,1,PARQUE ZONAL CANAL CORDOBA,1296.96,0,0.21,,0.67,1.5,0.0,,0.03,577.86,0.0
717-M2393763,APARTAMENTO,VENTA,20.64,189.0,3.0,3.0,940000.0,2.0,SANTA BARBARA,6,MAS DE 20 ANOS,4.7,-74.05,USADO,,0,1,0,0,1,1,0,0,0,1,True,USAQUEN,SANTA BARBARA OCCIDENTAL,Calle 127,400.83,1,PARQUE ZONAL ATABANZA,1063.89,0,0.11,,0.67,1.0,0.0,,0.02,366.12,3.0
2238-M3114464,APARTAMENTO,VENTA,20.92,126.0,2.0,4.0,950000.0,3.0,CHICO,6,ENTRE 0 Y 5 ANOS,4.67,-74.05,USADO,,0,1,0,0,1,0,0,0,0,1,False,CHAPINERO,S.C. EL CHICO,Virrey,934.57,0,PARQUE ZONAL CANAL EL VIRREY EL CHICO,371.98,1,0.17,,1.5,0.5,0.0,,0.02,249.25,4.0
3325-M3533479,APARTAMENTO,VENTA,19.97,60.0,1.0,2.0,3921395.93,1.0,CHICO,6,ENTRE 10 Y 20 ANOS,4.68,-74.06,USADO,,0,0,0,0,1,0,0,0,0,1,False,CHAPINERO,S.C. CHICO NORTE III SECTOR,Calle 100 - Marketmedios,140.81,1,PARQUE VECINAL URBANIZACIÓN NORMANDIA I II II Y IV SECTOR,676.63,0,0.33,,1.0,0.5,0.0,,0.02,392.42,1.0
3165-M4467021,APARTAMENTO,VENTA,21.39,190.0,2.0,4.0,900000.0,2.0,SANTA BARBARA,5,ENTRE 0 Y 5 ANOS,4.69,-74.05,USADO,,0,0,0,0,0,1,0,0,0,0,False,USAQUEN,RINCON DEL CHICO,Calle 106,1290.42,0,PARQUE METROPOLITANO EL COUNTRY,1872.28,0,0.11,,1.0,0.5,0.0,,0.01,597.16,0.0
3312-M3785825,APARTAMENTO,VENTA,20.35,149.0,2.0,2.0,630000.0,2.0,COUNTRY,5,ENTRE 5 Y 10 ANOS,4.71,-74.04,USADO,,0,1,0,0,1,0,0,0,0,1,False,USAQUEN,LISBOA_,Prado,1730.75,0,PARQUE VECINAL NUEVA URBANIZACIÓN EL CEDRITO,1064.64,0,0.14,,1.0,1.0,0.0,,0.01,355.24,1.0
14384-M4565874,APARTAMENTO,VENTA,19.54,38.32,1.0,1.0,3921395.93,0.0,RAFAEL URIBE URIBE TUNJUELITO,4,ENTRE 5 Y 10 ANOS,4.57,-74.12,USADO,,0,0,0,0,1,1,0,0,0,1,False,RAFAEL URIBE URIBE,S.C. SAN JORGE SUR,Santa Lucía,444.14,1,PARQUE ZONAL QUIROGA,1373.52,0,0.51,,0.0,1.0,0.0,,0.03,1300.2,0.0
11295-M4566057,APARTAMENTO,VENTA,19.51,75.0,3.0,2.0,3921395.93,1.0,CEDRITOS,4,ENTRE 10 Y 20 ANOS,4.73,-74.03,USADO,,0,0,0,0,0,1,0,0,0,0,False,USAQUEN,CAOBOS SALAZAR URB. CAPRI I Y II SECTOR,Calle 146,1944.56,0,PARQUE VECINAL NUEVA URBANIZACIÓN EL CEDRITO,373.89,1,0.26,,0.33,1.5,0.0,,0.04,380.13,1.0
800-M3104622,APARTAMENTO,VENTA,21.37,300.0,4.0,4.0,1280000.0,3.0,CHAPINERO ALTO,6,MAS DE 20 ANOS,4.65,-74.05,USADO,,0,0,0,1,0,1,1,0,0,0,False,CHAPINERO,S.C. LAS ACACIAS,Flores – Areandina,1580.96,0,PARQUE ZONAL GUSTAVO URIBE BOTERO,310.29,1,0.07,,0.75,1.0,0.0,,0.01,743.11,0.0
2510-M4709357,APARTAMENTO,VENTA,19.69,54.0,1.0,2.0,464000.0,2.0,CEDRITOS,4,ENTRE 5 Y 10 ANOS,4.72,-74.05,USADO,,1,0,0,0,1,0,0,0,0,1,False,USAQUEN,LOS CEDRITOS,Calle 142,432.97,1,PARQUE VECINAL PRADO PINZÓN,761.69,0,0.36,,2.0,0.5,0.0,,0.02,498.72,1.0
2731-M4204608,APARTAMENTO,VENTA,19.41,64.0,2.0,1.0,260000.0,1.0,CEDRITOS,4,MAS DE 20 ANOS,4.73,-74.05,USADO,,0,0,0,0,0,0,0,0,0,1,False,USAQUEN,LOS CEDRITOS,Calle 142,307.98,1,PARQUE VECINAL PRADO PINZÓN,685.53,0,0.3,,0.5,2.0,0.0,,0.03,788.78,0.0
196-M4564736,APARTAMENTO,VENTA,20.52,152.0,3.0,4.0,636000.0,2.0,COUNTRY,5,ENTRE 10 Y 20 ANOS,4.71,-74.03,USADO,,0,1,0,1,1,0,0,0,0,1,False,USAQUEN,BELLA SUIZA,Prado,2541.99,0,PARQUE METROPOLITANO EL COUNTRY,1071.97,0,0.14,,0.67,0.75,0.0,,0.02,243.06,1.0
3204-M4149844,APARTAMENTO,VENTA,21.53,262.0,3.0,5.0,1200000.0,3.0,CHICO,6,MAS DE 20 ANOS,4.66,-74.05,USADO,,0,1,0,1,1,0,0,0,0,1,False,CHAPINERO,S.C. BELLAVISTA,Calle 72,1180.91,0,PARQUE ZONAL SAN ANDRÉS,725.95,0,0.08,,1.0,0.6,0.0,,0.01,476.05,1.0
252-M2845282,APARTAMENTO,VENTA,19.52,39.4,1.0,1.0,137000.0,1.0,CENTRO Y ZONA COLONIAL,3,ENTRE 5 Y 10 ANOS,4.61,-74.07,USADO,,0,0,0,0,1,1,0,0,0,1,False,SANTA FE,VERACRUZ__,Las Nieves,328.58,1,PARQUE METROPOLITANO INDEPENDENCIA BICENTENARIO,879.8,0,0.5,,1.0,1.0,0.0,,0.03,447.95,1.0
2456-M4466943,APARTAMENTO,VENTA,20.16,86.0,3.0,2.0,350000.0,1.0,COLINA Y ALREDEDORES,5,ENTRE 0 Y 5 ANOS,4.74,-74.05,USADO,,0,0,0,1,1,1,1,0,0,1,False,SUBA,CAMPOS DE SILENCIO,Calle 161,783.2,0,PARQUE VECINAL DESARROLLO CANTALEJO URBANIZACIÓN CANTALEJO MANZANA B,369.17,1,0.23,,0.33,1.5,0.0,,0.03,1566.41,0.0
4933-M4084895,APARTAMENTO,VENTA,19.19,57.0,2.0,1.0,232000.0,1.0,ALTOS DE SUBA Y CERROS DE SAN JORGE,2,ENTRE 0 Y 5 ANOS,4.76,-74.08,USADO,,0,0,0,0,1,1,0,0,0,1,False,SUBA,EL PENCIL BARRIO EL SALITRE,Portal Suba,1771.73,0,PARQUE ZONAL CAMPO VERDE,252.77,1,0.34,,0.5,2.0,0.0,,0.04,1735.62,0.0
15534-M4510054,APARTAMENTO,VENTA,20.13,70.0,2.0,2.0,480000.0,1.0,CHICO,6,ENTRE 10 Y 20 ANOS,4.68,-74.06,USADO,,0,0,0,0,0,0,0,0,0,1,False,CHAPINERO,S.C. EL CHICO,Virrey,47.57,1,PARQUE VECINAL URBANIZACIÓN NORMANDIA I II II Y IV SECTOR,141.13,1,0.29,,0.5,1.0,0.0,,0.03,584.31,0.0
800-M3642967,APARTAMENTO,VENTA,19.86,60.0,2.0,2.0,3921395.93,1.0,SANTA BARBARA,5,ENTRE 5 Y 10 ANOS,4.7,-74.05,USADO,,0,0,0,0,0,1,0,0,0,0,False,USAQUEN,SANTA BARBARA OCCIDENTAL,Calle 127,879.96,0,PARQUE METROPOLITANO EL COUNTRY,1071.03,0,0.33,,0.5,1.0,0.0,,0.03,317.25,1.0
2162-M4613880,APARTAMENTO,VENTA,21.14,200.0,3.0,5.0,1800000.0,2.0,CHICO,6,REMODELADO,4.67,-74.05,USADO,,0,1,0,0,1,0,0,0,0,1,False,CHAPINERO,LA CABRERA,Héroes - Gel´Hada,1563.55,0,PARQUE VECINAL URBANIZACIÓN LA CABRERA,526.98,0,0.11,,0.67,0.6,0.0,,0.02,511.35,0.0
2147-M3343846,APARTAMENTO,VENTA,21.0,170.0,3.0,4.0,1165000.0,2.0,SANTA BARBARA,6,ENTRE 10 Y 20 ANOS,4.69,-74.05,USADO,,0,0,0,0,0,1,0,0,0,0,False,USAQUEN,SANTA BIBIANA,Calle 106,973.22,0,PARQUE METROPOLITANO EL COUNTRY,1852.83,0,0.12,,0.67,0.75,0.0,,0.02,366.38,1.0
3604-M3155274,APARTAMENTO,VENTA,20.32,57.78,1.0,2.0,485525.0,1.0,SALITRE MODELIA,0,ENTRE 0 Y 5 ANOS,4.65,-74.1,USADO,,0,0,0,0,1,1,1,0,0,1,False,TEUSAQUILLO,EL_SALITRE,Salitre - El Greco,246.7,1,PARQUE VECINAL URBANIZACIÓN SALITRE (GRECO),278.91,1,0.35,,1.0,0.5,0.0,,0.02,423.32,1.0
3222-M2734509,APARTAMENTO,VENTA,19.67,72.0,5.0,2.0,3921395.93,0.0,RAFAEL URIBE URIBE TUNJUELITO,3,MAS DE 20 ANOS,4.58,-74.13,USADO,,0,0,0,0,0,0,0,0,0,1,False,TUNJUELITO,PARQUE EL TUNAL,Biblioteca,688.15,0,PARQUE METROPOLITANO CEFE EL TUNAL,1064.71,0,0.27,,0.0,2.5,0.0,,0.07,178.88,1.0
9859-M2717090,APARTAMENTO,VENTA,20.29,97.0,2.0,2.0,350000.0,1.0,CENTRO INTERNACIONAL,4,ENTRE 5 Y 10 ANOS,4.62,-74.07,USADO,,0,0,0,0,1,1,1,0,0,1,False,SANTA FE,SAMPER,Museo Nacional,86.88,1,PARQUE METROPOLITANO INDEPENDENCIA BICENTENARIO,391.84,1,0.21,,0.5,1.0,0.0,,0.02,72.1,9.0
2147-M2790830,APARTAMENTO,VENTA,20.25,125.0,3.0,3.0,390000.0,2.0,CEDRITOS,4,MAS DE 20 ANOS,4.72,-74.03,USADO,,0,1,0,0,1,1,0,0,0,1,False,USAQUEN,AGUA DULCE,Alcalá,2728.98,0,PARQUE VECINAL NUEVA URBANIZACIÓN EL CEDRITO,871.22,0,0.16,,0.67,1.0,0.0,,0.02,495.46,1.0
2147-M3226776,APARTAMENTO,VENTA,20.46,106.0,3.0,3.0,3921395.93,2.0,NIZA ALHAMBRA,4,ENTRE 0 Y 5 ANOS,4.69,-74.07,USADO,,0,0,0,0,1,1,0,0,0,0,False,SUBA,S.C. ANDES NORTE,Puentelargo,96.14,1,PARQUE ZONAL MORATO,866.81,0,0.19,,0.67,1.0,0.0,,0.03,541.75,0.0
13016-M4623503,APARTAMENTO,VENTA,20.49,159.0,4.0,4.0,111111.0,2.0,COUNTRY,4,MAS DE 20 ANOS,4.72,-74.04,USADO,,0,0,0,0,0,0,0,0,0,1,False,USAQUEN,CEDRITOS,Alcalá,1743.63,0,PARQUE VECINAL NUEVA URBANIZACIÓN EL CEDRITO,651.16,0,0.13,,0.5,1.0,0.0,,0.03,237.81,1.0
3074-M4454309,APARTAMENTO,VENTA,19.61,86.0,2.0,1.0,580000.0,1.0,SANTA BARBARA,6,MAS DE 20 ANOS,4.69,-74.04,USADO,,0,0,0,0,1,0,0,0,0,1,False,USAQUEN,SANTA BARBARA CENTRAL II SECTOR,Pepe Sierra,1985.45,0,PARQUE METROPOLITANO EL COUNTRY,1220.33,0,0.23,,0.5,2.0,0.0,,0.02,346.77,1.0
16466-M4657398,APARTAMENTO,VENTA,20.18,72.0,2.0,2.0,580000.0,2.0,SANTA BARBARA,6,ENTRE 10 Y 20 ANOS,4.7,-74.05,USADO,,0,1,0,0,1,0,0,0,0,1,False,USAQUEN,SAN PATRICIO,Pepe Sierra,846.82,0,PARQUE METROPOLITANO EL COUNTRY,1292.93,0,0.28,,1.0,1.0,0.0,,0.03,58.36,3.0
800-M4603917,APARTAMENTO,VENTA,19.38,53.0,2.0,2.0,255000.0,1.0,COLINA Y ALREDEDORES,3,ENTRE 5 Y 10 ANOS,4.75,-74.06,USADO,,0,0,0,0,1,1,0,0,0,0,False,SUBA,URB. ARCOS DE CANTALEJO,Calle 161,1141.88,0,PARQUE VECINAL DESARROLLO CANTALEJO URBANIZACIÓN CANTALEJO MANZANA B,261.78,1,0.37,,0.5,1.0,0.0,,0.04,1671.81,0.0
370-M3846461,APARTAMENTO,VENTA,20.62,156.0,3.0,3.0,1010000.0,2.0,SANTA BARBARA,6,MAS DE 20 ANOS,4.7,-74.04,USADO,,0,0,0,1,1,0,0,0,0,1,False,USAQUEN,SANTA BARBARA OCCIDENTAL,Calle 127,1128.99,0,PARQUE METROPOLITANO EL COUNTRY,720.86,0,0.13,,0.67,1.0,0.0,,0.02,310.58,1.0
2996-M4466560,APARTAMENTO,VENTA,20.34,95.0,3.0,3.0,491000.0,2.0,NIZA ALHAMBRA,5,MAS DE 20 ANOS,4.7,-74.06,USADO,,0,0,0,0,1,1,0,0,0,0,False,SUBA,URB. ALHAMBRA SUR ORIENTAL,Pepe Sierra,354.05,1,PARQUE ZONAL CANAL CORDOBA,958.07,0,0.21,,0.67,1.0,0.0,,0.03,877.26,0.0
2510-M4706605,APARTAMENTO,VENTA,19.07,57.0,3.0,2.0,145600.0,0.0,CIUDAD BOLIVAR,2,ENTRE 5 Y 10 ANOS,4.59,-74.16,USADO,,0,0,0,1,1,1,0,0,0,1,False,CIUDAD BOLIVAR,EL ENSUENO,Perdomo,1146.84,0,PARQUE ZONAL EL TALLER EL ENSUEÑO,97.76,1,0.33,,0.0,1.5,0.0,,0.05,1636.66,0.0
2456-M3491292,APARTAMENTO,VENTA,20.25,105.0,3.0,3.0,400000.0,2.0,COLINA Y ALREDEDORES,5,ENTRE 0 Y 5 ANOS,4.74,-74.06,USADO,,0,1,0,1,1,1,1,0,0,1,False,SUBA,URB. CARIMAGUA I,Calle 161,1072.76,0,PARQUE VECINAL DESARROLLO CANTALEJO URBANIZACIÓN CANTALEJO MANZANA B,320.19,1,0.19,,0.67,1.0,0.0,,0.03,1286.22,0.0
10309-M3683435,APARTAMENTO,VENTA,20.13,73.78,2.0,2.0,3921395.93,1.0,COUNTRY,5,ENTRE 0 Y 5 ANOS,4.72,-74.04,USADO,,0,0,0,0,1,1,0,0,0,1,False,USAQUEN,EL CONTADOR,Alcalá,778.18,0,PARQUE VECINAL PRADO PINZÓN,1141.06,0,0.27,,0.5,1.0,0.0,,0.03,314.38,1.0
2120-M3691520,APARTAMENTO,VENTA,21.68,242.0,3.0,5.0,1400000.0,3.0,CHICO,6,ENTRE 10 Y 20 ANOS,4.67,-74.05,USADO,,0,1,0,1,1,1,1,0,0,1,False,CHAPINERO,S.C. CHICO NORTE,Virrey,1413.44,0,PARQUE VECINAL URBANIZACIÓN LA CABRERA,602.09,0,0.09,,1.0,0.6,0.0,,0.01,376.75,1.0
800-M4303851,APARTAMENTO,VENTA,19.77,80.0,3.0,3.0,450000.0,2.0,SANTA BARBARA,6,MAS DE 20 ANOS,4.7,-74.04,USADO,,0,1,0,0,0,1,0,0,0,1,False,USAQUEN,SANTA BARBARA CENTRAL I SECTOR,Pepe Sierra,1600.61,0,PARQUE METROPOLITANO EL COUNTRY,961.29,0,0.25,,0.67,1.0,0.0,,0.04,752.59,0.0
10309-M3572859,APARTAMENTO,VENTA,19.67,70.0,3.0,2.0,3921395.93,1.0,170 Y ALREDORES,4,ENTRE 10 Y 20 ANOS,4.77,-74.05,USADO,,0,0,0,0,0,1,0,0,0,0,False,SUBA,EL ESCORIAL,Calle 187,455.65,1,PARQUE VECINAL URBANIZACIÓN VILANOVA,260.17,1,0.28,,0.33,1.5,0.0,,0.04,416.59,1.0
2456-M2056823,APARTAMENTO,VENTA,20.57,153.0,3.0,5.0,650000.0,2.0,COLINA Y ALREDEDORES,5,ENTRE 0 Y 5 ANOS,4.73,-74.07,USADO,,1,1,0,1,1,1,1,0,0,0,False,SUBA,BOSQUE DE GRATAMIRA I Y II,Gratamira,489.12,1,PARQUE ZONAL EL TOMILLAR,1113.51,0,0.13,,0.67,0.6,0.0,,0.02,606.48,0.0
2456-M2730350,APARTAMENTO,VENTA,20.64,173.0,3.0,5.0,520000000.0,2.0,COLINA Y ALREDEDORES,4,ENTRE 5 Y 10 ANOS,4.74,-74.06,USADO,,0,1,0,1,1,1,1,0,0,1,False,SUBA,URB. LA SIRENA,Gratamira,1641.17,0,PARQUE VECINAL DESARROLLO CANTALEJO URBANIZACIÓN CANTALEJO MANZANA B,919.88,0,0.12,,0.67,0.6,0.0,,0.02,585.13,0.0
2456-M2032266,APARTAMENTO,VENTA,20.71,163.0,3.0,4.0,550000.0,2.0,COLINA Y ALREDEDORES,5,ENTRE 0 Y 5 ANOS,4.73,-74.07,USADO,,1,1,0,1,1,1,0,0,0,0,False,SUBA,URB. ATENAS,Gratamira,1092.83,0,PARQUE VECINAL PRADO PINZÓN,1279.75,0,0.13,,0.67,0.75,0.0,,0.02,150.8,2.0
2456-M3353038,APARTAMENTO,VENTA,20.47,140.0,3.0,4.0,450000.0,2.0,COLINA Y ALREDEDORES,5,ENTRE 0 Y 5 ANOS,4.74,-74.07,USADO,,1,1,0,1,1,1,1,0,0,1,False,SUBA,S.C. GILMAR - LA SIRENA (PREDIO),21 Ángeles,1890.44,0,PARQUE ZONAL EL TOMILLAR,863.0,0,0.15,,0.67,0.75,0.0,,0.02,1154.08,0.0
754-M3887702,APARTAMENTO,VENTA,21.31,199.0,4.0,5.0,1692000.0,3.0,SANTA BARBARA,6,MAS DE 20 ANOS,4.69,-74.03,USADO,,0,1,0,0,0,1,0,0,0,1,False,USAQUEN,CERROS DE SANTA BARBARA,Pepe Sierra,2895.21,0,PARQUE METROPOLITANO EL COUNTRY,1623.23,0,0.11,,0.75,0.8,0.0,,0.02,266.6,4.0
2456-M2235212,APARTAMENTO,VENTA,20.44,158.0,3.0,3.0,450000.0,2.0,COLINA Y ALREDEDORES,4,ENTRE 5 Y 10 ANOS,4.74,-74.06,USADO,,1,1,0,1,1,1,0,0,0,1,False,SUBA,MAZUREN,Mazurén,1339.34,0,PARQUE VECINAL DESARROLLO CANTALEJO URBANIZACIÓN CANTALEJO MANZANA B,692.16,0,0.13,,0.67,1.0,0.0,,0.02,819.63,0.0
754-M4107420,APARTAMENTO,VENTA,20.99,159.0,3.0,5.0,1100000.0,2.0,CHICO,6,ENTRE 5 Y 10 ANOS,4.66,-74.05,USADO,,1,1,0,1,1,1,1,0,0,1,False,CHAPINERO,BOSQUE EL RETIRO I SECTOR,Héroes - Gel´Hada,1575.32,0,PARQUE ZONAL SAN ANDRÉS,600.03,0,0.13,,0.67,0.6,0.0,,0.02,716.97,0.0
4933-M4407649,APARTAMENTO,VENTA,19.61,48.88,1.0,2.0,322000.0,1.0,CEDRITOS,4,ENTRE 0 Y 5 ANOS,4.73,-74.03,USADO,,0,0,0,1,1,1,0,0,0,1,False,USAQUEN,CEDRO SALAZAR,Calle 142,2151.02,0,PARQUE VECINAL NUEVA URBANIZACIÓN EL CEDRITO,324.4,1,0.4,,1.0,0.5,0.0,,0.02,572.22,0.0
754-M4493398,APARTAMENTO,VENTA,21.64,265.0,4.0,4.0,2300000.0,4.0,CEDRITOS,6,MAS DE 20 ANOS,4.72,-74.02,USADO,,0,1,0,0,1,1,0,0,0,1,False,USAQUEN,SIERRAS DEL MORAL,Alcalá,3059.89,0,PARQUE VECINAL NUEVA URBANIZACIÓN EL CEDRITO,1156.97,0,0.08,,1.0,1.0,0.0,,0.02,742.26,0.0
800-M4697090,APARTAMENTO,VENTA,19.85,72.0,2.0,2.0,360000.0,1.0,METROPOLIS,4,ENTRE 5 Y 10 ANOS,4.66,-74.08,USADO,,0,0,0,0,1,0,0,0,0,0,False,BARRIOS UNIDOS,SAN MIGUEL_,7 de Agosto,535.45,0,PARQUE METROPOLITANO PARQUE DE LOS NOVIOS,843.38,0,0.28,,0.5,1.0,0.0,,0.03,1432.71,0.0
754-M3991990,APARTAMENTO,VENTA,20.82,132.0,3.0,3.0,900000.0,2.0,CHICO,5,ENTRE 10 Y 20 ANOS,4.67,-74.06,USADO,,0,1,0,0,1,1,0,0,0,1,False,CHAPINERO,S.C. ANTIGUO COUNTRY,Calle 85,275.7,1,PARQUE METROPOLITANO RECONCILIACIÓN,197.51,1,0.16,,0.67,1.0,0.0,,0.02,355.26,2.0
5483-M4503894,APARTAMENTO,VENTA,21.02,185.0,3.0,4.0,1080000.0,3.0,COUNTRY,5,ENTRE 10 Y 20 ANOS,4.72,-74.05,USADO,,0,1,0,1,1,1,1,0,0,1,False,USAQUEN,LA CALLEJA SANTACOLOMA,Prado,555.49,0,PARQUE VECINAL PRADO PINZÓN,1275.64,0,0.11,,1.0,0.75,0.0,,0.02,461.93,1.0
3664-M4597130,APARTAMENTO,VENTA,21.05,220.97,3.0,4.0,1468000.0,3.0,CHICO,6,ENTRE 10 Y 20 ANOS,4.66,-74.05,USADO,,0,1,0,1,1,0,0,0,0,1,False,CHAPINERO,LOS ROSALES,Calle 72,1604.32,0,PARQUE ZONAL GUSTAVO URIBE BOTERO,821.43,0,0.1,,1.0,0.75,0.0,,0.01,855.6,0.0
3664-M4597131,APARTAMENTO,VENTA,20.62,72.8,2.0,2.0,950000.0,2.0,SANTA BARBARA,6,ENTRE 5 Y 10 ANOS,4.7,-74.05,USADO,,0,0,0,0,1,0,0,0,0,0,False,USAQUEN,SAN PATRICIO,Pepe Sierra,477.25,1,PARQUE ZONAL ATABANZA,1538.92,0,0.28,,1.0,1.0,0.0,,0.03,175.4,2.0
3664-M3181033,APARTAMENTO,VENTA,21.51,263.0,3.0,5.0,1900000.0,2.0,CHAPINERO ALTO,6,ENTRE 5 Y 10 ANOS,4.65,-74.05,USADO,,0,1,0,0,1,0,0,0,0,1,False,CHAPINERO,S.C. LAS ACACIAS,Flores – Areandina,1422.03,0,PARQUE ZONAL GUSTAVO URIBE BOTERO,128.24,1,0.08,,0.67,0.6,0.0,,0.01,579.67,0.0
15519-M4737618,APARTAMENTO,VENTA,19.73,83.0,3.0,3.0,414000.0,2.0,COLINA Y ALREDEDORES,4,MAS DE 20 ANOS,4.75,-74.07,USADO,,0,1,0,1,0,1,0,0,0,1,False,SUBA,URB. DEL MONTE,Toberin - Foundever,2362.07,0,PARQUE ZONAL SAN JOSÉ DE BAVARIA,473.95,1,0.24,,0.67,1.0,0.0,,0.04,2250.97,0.0
5483-M4651445,APARTAMENTO,VENTA,19.61,54.0,1.0,2.0,270000.0,1.0,CEDRITOS,4,ENTRE 5 Y 10 ANOS,4.72,-74.03,USADO,,0,0,0,1,1,0,0,0,0,1,False,USAQUEN,LOS CEDROS ORIENTAL,Calle 142,2482.68,0,PARQUE VECINAL NUEVA URBANIZACIÓN EL CEDRITO,562.85,0,0.36,,1.0,0.5,0.0,,0.02,771.69,0.0
2748-M4002568,APARTAMENTO,VENTA,20.52,92.0,3.0,3.0,469200.0,2.0,NIZA ALHAMBRA,5,ENTRE 0 Y 5 ANOS,4.69,-74.06,USADO,,0,0,0,1,1,1,0,0,0,1,False,SUBA,S.C. PASADENA,Suba - Calle 100,321.8,1,PARQUE ZONAL CANAL RIO NEGRO,1149.59,0,0.22,,0.67,1.0,0.0,,0.03,214.3,1.0
2748-M2850716,APARTAMENTO,VENTA,20.69,133.0,3.0,3.0,350000.0,2.0,NIZA ALHAMBRA,5,ENTRE 5 Y 10 ANOS,4.71,-74.07,USADO,,0,1,0,1,1,1,1,0,0,1,False,SUBA,BATAN LOTE NIZA XII,Humedal Córdoba,233.64,1,PARQUE ZONAL LOS LACHES LA MINA,616.19,0,0.16,,0.67,1.0,0.0,,0.02,614.03,0.0
3702-M3332176,APARTAMENTO,VENTA,20.86,189.0,3.0,4.0,1050000.0,4.0,SANTA BARBARA,5,ENTRE 5 Y 10 ANOS,4.7,-74.05,USADO,,0,1,0,0,1,0,0,0,0,1,False,USAQUEN,SANTA BARBARA OCCIDENTAL,Pepe Sierra,538.67,0,PARQUE ZONAL ATABANZA,1244.29,0,0.11,,1.33,0.75,0.0,,0.02,477.32,1.0
2731-M2084862,APARTAMENTO,VENTA,20.44,121.0,2.0,3.0,800000.0,2.0,SANTA BARBARA,6,MAS DE 20 ANOS,4.7,-74.05,USADO,,0,1,0,0,1,0,0,0,0,1,False,USAQUEN,SANTA BARBARA OCCIDENTAL,Pepe Sierra,887.52,0,PARQUE METROPOLITANO EL COUNTRY,1109.96,0,0.17,,1.0,0.67,0.0,,0.02,250.86,1.0
15833-M4595129,APARTAMENTO,VENTA,20.01,74.0,3.0,2.0,360000.0,1.0,SALITRE MODELIA,4,ENTRE 0 Y 5 ANOS,4.66,-74.12,USADO,,0,0,0,0,0,1,0,0,0,0,False,FONTIBON,LA ESPERANZA_,Normandía,1175.86,0,PARQUE ZONAL CANAL BOYACA,410.65,1,0.27,,0.33,1.5,0.0,,0.04,483.38,1.0
3450-M4409403,APARTAMENTO,VENTA,19.73,76.0,3.0,2.0,365000.0,1.0,COLINA Y ALREDEDORES,4,ENTRE 5 Y 10 ANOS,4.74,-74.06,USADO,,0,0,0,0,1,1,0,0,0,1,False,SUBA,CANTALEJO,Calle 161,1123.73,0,PARQUE VECINAL DESARROLLO CANTALEJO URBANIZACIÓN CANTALEJO MANZANA B,213.98,1,0.26,,0.33,1.5,0.0,,0.04,1636.81,0.0
3264-M4125008,APARTAMENTO,VENTA,19.36,62.0,3.0,2.0,230000.0,1.0,ALTOS DE SUBA Y CERROS DE SAN JORGE,3,ENTRE 5 Y 10 ANOS,4.75,-74.1,USADO,,0,0,0,1,1,1,0,0,0,1,False,SUBA,URB. LAS FLORES,Portal Suba,737.82,0,PARQUE VECINAL URBANIZACIÓN LOMBARDIA II ETAPA,376.0,1,0.31,,0.33,1.5,0.0,,0.05,509.42,0.0
4428-M4508807,APARTAMENTO,VENTA,19.86,70.0,2.0,2.0,390000.0,1.0,SANTA BARBARA,6,MAS DE 20 ANOS,4.69,-74.04,USADO,,0,0,0,0,1,1,0,0,0,1,False,USAQUEN,SANTA BARBARA CENTRAL II SECTOR,Pepe Sierra,1949.52,0,PARQUE METROPOLITANO EL COUNTRY,1064.84,0,0.28,,0.5,1.0,0.0,,0.03,499.33,1.0
4070-M4595575,APARTAMENTO,VENTA,19.96,113.0,4.0,3.0,502000.0,1.0,NIZA ALHAMBRA,4,MAS DE 20 ANOS,4.69,-74.07,USADO,,0,0,0,0,0,1,0,0,0,1,False,SUBA,ANDES NORTE - URB. LA RABIDA,Puentelargo,268.39,1,PARQUE ZONAL CANAL RIO NEGRO,822.24,0,0.18,,0.25,1.33,0.0,,0.04,543.6,0.0
754-M2741726,APARTAMENTO,VENTA,21.19,163.0,3.0,3.0,1800000.0,2.0,CHICO,5,ENTRE 0 Y 5 ANOS,4.67,-74.06,USADO,,0,1,0,1,0,1,0,0,0,1,False,CHAPINERO,S.C. ANTIGUO COUNTRY,Virrey,501.19,0,PARQUE ZONAL CANAL EL VIRREY EL CHICO,164.96,1,0.13,,0.67,1.0,0.0,,0.02,133.62,2.0
2571-M4709420,APARTAMENTO,ARRIENDO,20.32,40.0,2.0,1.0,11111.0,0.0,FONTIBON TINTAL,3,REMODELADO,4.68,-74.14,USADO,1000000.0,0,0,0,0,0,0,0,0,0,1,False,FONTIBON,RUBEN VALLEJO,Portal El Dorado,1590.54,0,PARQUE VECINAL VILLA HELENA VILLEMAR,1087.96,0,0.51,25000.0,0.0,2.0,0.0,90.0,0.05,1350.86,0.0
2162-M4743400,APARTAMENTO,ARRIENDO,20.32,64.0,2.0,2.0,10000.0,0.0,LA SOLEDAD,4,MAS DE 20 ANOS,4.63,-74.07,USADO,1600000.0,0,0,0,0,0,0,0,0,0,1,False,TEUSAQUILLO,LA SOLEDAD,AV. 39,634.87,0,PARQUE METROPOLITANO EL RENACIMIENTO - PARQUE CEMENTERIO CENTRAL,964.43,0,0.32,25000.0,0.0,1.0,0.0,160.0,0.03,336.86,1.0
3038-M4708946,APARTAMENTO,ARRIENDO,20.32,32.0,1.0,1.0,1000.0,0.0,METROPOLIS,3,ENTRE 10 Y 20 ANOS,4.67,-74.06,USADO,1350000.0,0,0,1,0,0,1,0,0,0,1,False,BARRIOS UNIDOS,LA_AURORA,Polo,441.06,1,PARQUE ZONAL LA ESTACIÓN,469.98,1,0.64,42187.5,0.0,1.0,0.02,1350.0,0.03,898.46,0.0
16577-M4709711,APARTAMENTO,ARRIENDO,20.32,206.0,4.0,5.0,1439700.0,3.0,SANTA BARBARA,6,MAS DE 20 ANOS,4.69,-74.04,USADO,12000000.0,0,1,0,0,1,0,0,0,0,1,False,USAQUEN,MOLINOS NORTE,Calle 106,1843.83,0,PARQUE METROPOLITANO EL COUNTRY,1563.6,0,0.1,58252.43,0.75,0.8,0.0,8.34,0.02,263.34,1.0
3038-M4598530,APARTAMENTO,ARRIENDO,20.32,160.0,2.0,3.0,11111.0,3.0,CHICO,6,ENTRE 10 Y 20 ANOS,4.67,-74.05,USADO,7800000.0,0,1,1,0,1,1,0,0,0,1,False,CHAPINERO,S.C. CHICO NORTE,Virrey,1430.54,0,PARQUE VECINAL URBANIZACIÓN LA CABRERA,709.57,0,0.13,48750.0,1.5,0.67,0.0,702.01,0.01,309.52,1.0
5588-M4709070,APARTAMENTO,ARRIENDO,20.32,380.0,4.0,5.0,3921395.93,4.0,SANTA BARBARA,6,REMODELADO,4.69,-74.04,USADO,13000000.0,0,1,1,0,1,0,0,0,0,1,False,USAQUEN,RINCON DEL CHICO,Calle 100 - Marketmedios,1538.61,0,PARQUE ZONAL CANAL EL VIRREY EL CHICO,1800.02,0,0.05,34210.53,1.0,0.8,0.0,3.32,0.01,512.98,0.0
2748-M4153243,APARTAMENTO,ARRIENDO,20.32,140.0,3.0,3.0,530000.0,2.0,SANTA BARBARA,5,ENTRE 10 Y 20 ANOS,4.69,-74.04,USADO,9000000.0,0,0,0,1,1,1,0,0,0,0,False,USAQUEN,SANTA ANA OCCIDENTAL,Calle 106,2328.88,0,PARQUE METROPOLITANO EL COUNTRY,1981.44,0,0.15,64285.71,0.67,1.0,0.0,16.98,0.02,424.47,1.0
5586-M2787382,APARTAMENTO,ARRIENDO,20.32,165.0,3.0,4.0,1300000.0,3.0,CHICO,6,ENTRE 0 Y 5 ANOS,4.67,-74.05,USADO,12000000.0,0,1,0,1,1,0,1,0,0,1,False,CHAPINERO,LA CABRERA,Calle 85,1380.92,0,PARQUE VECINAL URBANIZACIÓN LA CABRERA,337.24,1,0.12,72727.27,1.0,0.75,0.0,9.23,0.02,332.85,1.0
22-M4700420,APARTAMENTO,ARRIENDO,20.32,60.0,3.0,2.0,252000.0,1.0,ALTOS DE SUBA Y CERROS DE SAN JORGE,3,ENTRE 5 Y 10 ANOS,4.74,-74.09,USADO,1300000.0,0,0,1,1,1,0,0,0,0,1,False,SUBA,SAN_JORGE,Suba - TV. 91,507.85,0,PARQUE ZONAL BELLAVISTA DINDALITO,532.85,0,0.34,21666.67,0.33,1.5,0.0,5.16,0.05,1348.18,0.0
10312-M2780923,APARTAMENTO,ARRIENDO,20.32,89.8,2.0,2.0,676000.0,2.0,CHICO,6,ENTRE 0 Y 5 ANOS,4.68,-74.06,USADO,4100000.0,0,0,1,1,1,1,0,0,0,1,False,CHAPINERO,S.C. CHICO NORTE III SECTOR,Calle 100 - Marketmedios,34.25,1,PARQUE VECINAL URBANIZACIÓN NORMANDIA I II II Y IV SECTOR,786.3,0,0.23,45657.02,1.0,1.0,0.0,6.07,0.02,541.98,0.0
5586-M4651870,APARTAMENTO,ARRIENDO,20.32,283.0,3.0,4.0,2395000.0,4.0,CHICO,6,ENTRE 10 Y 20 ANOS,4.66,-74.05,USADO,14500000.0,1,1,0,1,1,1,0,0,0,1,False,CHAPINERO,LOS ROSALES,Calle 72,1430.38,0,PARQUE ZONAL GUSTAVO URIBE BOTERO,819.0,0,0.07,51236.75,1.33,0.75,0.0,6.05,0.01,688.97,0.0
16587-M4708078,APARTAMENTO,VENTA,20.56,103.0,2.0,3.0,832000.0,2.0,COUNTRY,6,ENTRE 5 Y 10 ANOS,4.71,-74.04,USADO,,0,1,0,1,1,1,0,0,0,1,False,USAQUEN,PLENITUD LA CALLEJA,Prado,1193.82,0,PARQUE METROPOLITANO EL COUNTRY,733.77,0,0.2,,1.0,0.67,0.0,,0.02,621.52,0.0
5537-M4412405,APARTAMENTO,ARRIENDO,20.32,170.0,3.0,4.0,900000.0,2.0,SANTA BARBARA,6,ENTRE 5 Y 10 ANOS,4.7,-74.03,USADO,8000000.0,0,1,0,1,0,1,1,0,0,1,False,USAQUEN,RESERVAS DE LA SIERRA - LA ARBOLEDA,Calle 127,2896.41,0,PARQUE METROPOLITANO EL COUNTRY,1184.51,0,0.12,47058.82,0.67,0.75,0.0,8.89,0.02,674.44,0.0
3038-M4699973,APARTAMENTO,ARRIENDO,20.32,51.09,1.0,2.0,1000.0,1.0,CHICO,6,ENTRE 5 Y 10 ANOS,4.68,-74.05,USADO,3100000.0,0,0,1,1,1,1,0,0,0,1,False,CHAPINERO,S.C. CHICO NORTE III SECTOR,Calle 100 - Marketmedios,568.09,0,PARQUE VECINAL URBANIZACIÓN NORMANDIA I II II Y IV SECTOR,880.36,0,0.4,60677.24,1.0,0.5,0.02,3100.0,0.02,258.69,2.0
14255-M4660947,APARTAMENTO,VENTA,20.13,82.0,3.0,2.0,432000.0,2.0,COLINA Y ALREDEDORES,4,ENTRE 0 Y 5 ANOS,4.74,-74.07,USADO,,0,0,0,1,1,1,1,0,0,1,False,SUBA,CASABLANCA (HACIENDA),21 Ángeles,1549.8,0,PARQUE ZONAL EL TOMILLAR,573.05,0,0.25,,0.67,1.5,0.0,,0.04,832.25,0.0
12037-M4711004,APARTAMENTO,ARRIENDO,20.32,120.0,2.0,3.0,1300000.0,2.0,CHICO,6,ENTRE 10 Y 20 ANOS,4.67,-74.05,USADO,7800000.0,0,0,0,0,1,0,0,0,0,1,False,CHAPINERO,S.C. EL RETIRO,Héroes - Gel´Hada,1334.73,0,PARQUE ZONAL SAN ANDRÉS,381.72,1,0.17,65000.0,1.0,0.67,0.0,6.0,0.02,467.77,2.0
12037-M4526337,APARTAMENTO,ARRIENDO,20.32,143.0,3.0,3.0,610000.0,2.0,CHICO,6,ENTRE 10 Y 20 ANOS,4.68,-74.05,USADO,6000000.0,0,0,0,0,1,1,0,0,0,1,False,CHAPINERO,S.C. EL CHICO,Virrey,499.98,1,PARQUE ZONAL CANAL EL VIRREY EL CHICO,256.42,1,0.14,41958.04,0.67,1.0,0.0,9.84,0.02,244.36,2.0
3325-M3193495,APARTAMENTO,ARRIENDO,20.32,165.0,3.0,4.0,850000.0,2.0,SANTA BARBARA,6,MAS DE 20 ANOS,4.7,-74.05,USADO,4000000.0,0,0,0,0,1,0,0,0,0,1,False,USAQUEN,SAN PATRICIO,Pepe Sierra,482.24,1,PARQUE ZONAL ATABANZA,1570.2,0,0.12,24242.42,0.67,0.75,0.0,4.71,0.02,146.88,2.0
2709-M4665313,APARTAMENTO,ARRIENDO,20.32,215.0,3.0,5.0,1400000.0,3.0,CHICO,6,ENTRE 5 Y 10 ANOS,4.67,-74.05,USADO,15000000.0,0,1,0,1,1,1,0,0,0,1,False,CHAPINERO,S.C. EL CHICO,Virrey,572.19,0,PARQUE ZONAL CANAL EL VIRREY EL CHICO,90.79,1,0.09,69767.44,1.0,0.6,0.0,10.71,0.01,70.72,3.0
12037-M4709904,APARTAMENTO,ARRIENDO,20.32,72.0,2.0,3.0,600000.0,2.0,SANTA BARBARA,6,ENTRE 5 Y 10 ANOS,4.7,-74.04,USADO,2650000.0,0,1,0,0,1,0,0,0,0,1,False,USAQUEN,SANTA BARBARA OCCIDENTAL,Pepe Sierra,1228.53,0,PARQUE METROPOLITANO EL COUNTRY,843.85,0,0.28,36805.56,1.0,0.67,0.0,4.42,0.03,423.18,2.0
2238-M4744207,APARTAMENTO,ARRIENDO,20.32,142.0,3.0,3.0,1050000.0,2.0,COUNTRY,5,ENTRE 5 Y 10 ANOS,4.71,-74.03,USADO,5950000.0,1,1,0,1,1,1,1,0,0,1,False,USAQUEN,BELLA SUIZA,Prado,2787.83,0,PARQUE METROPOLITANO EL COUNTRY,1146.2,0,0.14,41901.41,0.67,1.0,0.0,5.67,0.02,537.65,0.0
4186-M4743532,APARTAMENTO,ARRIENDO,20.32,28.0,1.0,1.0,3921395.93,0.0,CHAPINERO ALTO,4,ENTRE 0 Y 5 ANOS,4.65,-74.06,USADO,2000000.0,0,0,1,0,1,0,0,0,0,1,False,CHAPINERO,S.C. CHAPINERO NORTE,Calle 63,408.88,1,PARQUE ZONAL GUSTAVO URIBE BOTERO,1021.43,0,0.73,71428.57,0.0,1.0,0.0,0.51,0.04,521.65,0.0
217-M3508477,APARTAMENTO,ARRIENDO,20.32,330.0,4.0,5.0,2995000.0,4.0,SANTA BARBARA,6,ENTRE 5 Y 10 ANOS,4.69,-74.03,USADO,13950000.0,0,1,0,1,1,1,1,0,0,1,False,USAQUEN,EL PINAR DE SANTA BARBARA,Pepe Sierra,3362.88,0,PARQUE METROPOLITANO EL COUNTRY,1853.01,0,0.06,42272.73,1.0,0.8,0.0,4.66,0.01,660.99,0.0
38-M3790188,APARTAMENTO,VENTA,19.34,25.0,1.0,1.0,168000.0,0.0,CHAPINERO ALTO,3,ENTRE 0 Y 5 ANOS,4.64,-74.06,USADO,,0,0,0,1,1,1,0,0,0,1,False,CHAPINERO,S.C. BOSQUE CALDERON,Calle 57,428.64,1,PARQUE ZONAL GUSTAVO URIBE BOTERO,1390.05,0,0.77,,0.0,1.0,0.0,,0.04,1156.83,0.0
16285-M4616938,APARTAMENTO,ARRIENDO,20.32,160.0,3.0,3.0,815000.0,2.0,SANTA BARBARA,6,ENTRE 10 Y 20 ANOS,4.7,-74.04,USADO,4300000.0,0,0,1,0,1,1,0,0,0,1,False,USAQUEN,SANTA BARBARA CENTRAL I SECTOR,Calle 127,1934.72,0,PARQUE METROPOLITANO EL COUNTRY,638.59,0,0.13,26875.0,0.67,1.0,0.0,5.28,0.02,647.39,0.0
3038-M4700182,APARTAMENTO,ARRIENDO,20.32,343.54,3.0,3.0,1000.0,2.0,COUNTRY,5,ENTRE 10 Y 20 ANOS,4.72,-74.05,USADO,10000000.0,1,1,1,1,1,1,0,0,0,1,False,USAQUEN,LA CALLEJA SANTACOLOMA,Prado,448.06,1,PARQUE ZONAL ATABANZA,1256.26,0,0.06,29108.69,0.67,1.0,0.02,10000.0,0.01,578.76,0.0
14836-M4421682,APARTAMENTO,VENTA,19.14,30.7,2.0,1.0,131000.0,0.0,COLINA Y ALREDEDORES,2,ENTRE 0 Y 5 ANOS,4.75,-74.06,USADO,,0,0,0,1,1,1,1,0,0,1,False,SUBA,S.C. PORTALES DEL NORTE,Toberin - Foundever,1611.97,0,PARQUE VECINAL DESARROLLO CANTALEJO URBANIZACIÓN CANTALEJO MANZANA B,654.39,0,0.62,,0.0,2.0,0.0,,0.07,1632.11,0.0
2748-M2560788,APARTAMENTO,VENTA,21.13,243.0,3.0,5.0,1100000.0,3.0,CERROS DE SUBA,6,ENTRE 0 Y 5 ANOS,4.72,-74.08,USADO,,0,1,0,1,1,1,1,0,0,1,False,SUBA,LOS ARRAYANES SUBA NARANJOS,Suba - AV. Boyacá,944.03,0,PARQUE VECINAL AGRUPACIÓN DE VIVIENDA EN BALCON DE LINDARAJA,494.07,1,0.09,,1.0,0.6,0.0,,0.01,1396.71,0.0
515-M3924697,APARTAMENTO,VENTA,20.37,140.0,3.0,3.0,900000.0,2.0,SANTA BARBARA,6,MAS DE 20 ANOS,4.69,-74.04,USADO,,0,1,0,0,1,0,0,0,0,1,False,USAQUEN,SANTA BARBARA CENTRAL I Y II,Calle 106,1641.14,0,PARQUE METROPOLITANO EL COUNTRY,1316.74,0,0.15,,0.67,1.0,0.0,,0.02,524.64,0.0
2456-M3353022,APARTAMENTO,VENTA,20.2,98.0,3.0,2.0,280000.0,2.0,COLINA Y ALREDEDORES,4,ENTRE 10 Y 20 ANOS,4.74,-74.07,USADO,,0,0,0,1,1,1,0,0,0,1,False,SUBA,EL CORTIJO (FINCA),21 Ángeles,1432.77,0,PARQUE ZONAL EL TOMILLAR,424.54,1,0.21,,0.67,1.5,0.0,,0.03,923.1,0.0
800-M2905570,APARTAMENTO,ARRIENDO,20.32,210.0,3.0,4.0,1600000.0,3.0,CHICO,6,ENTRE 5 Y 10 ANOS,4.67,-74.05,USADO,10800000.0,0,0,0,0,1,1,0,0,0,0,False,CHAPINERO,S.C. EL CHICO,Virrey,1290.6,0,PARQUE VECINAL URBANIZACIÓN LA CABRERA,417.33,1,0.1,51428.57,1.0,0.75,0.0,6.75,0.01,326.03,2.0
12538-M4741697,APARTAMENTO,ARRIENDO,20.32,55.0,3.0,2.0,3921395.93,0.0,KENNEDY,3,ENTRE 5 Y 10 ANOS,4.64,-74.15,USADO,1200000.0,0,0,0,0,1,1,0,0,0,1,False,KENNEDY,CIUDAD TECHO II,Transversal 86,284.09,1,PARQUE METROPOLITANO BIBLIOTECA EL TINTAL,918.63,0,0.37,21818.18,0.0,1.5,0.0,0.31,0.05,2661.27,0.0
12473-M4709295,APARTAMENTO,ARRIENDO,20.32,114.0,3.0,3.0,3921395.93,2.0,COLINA Y ALREDEDORES,5,ENTRE 10 Y 20 ANOS,4.72,-74.06,USADO,3600000.0,0,1,1,1,1,1,1,0,0,1,False,SUBA,URB. COLINA NORTE II ETAPA,Suba - AV. Boyacá,1194.9,0,PARQUE VECINAL PRADO PINZÓN,1179.78,0,0.18,31578.95,0.67,1.0,0.0,0.92,0.03,240.0,2.0
2456-M3060743,APARTAMENTO,VENTA,20.29,104.0,3.0,3.0,380000.0,2.0,COLINA Y ALREDEDORES,4,REMODELADO,4.74,-74.06,USADO,,0,0,0,1,1,1,1,0,0,1,False,SUBA,CAMPOS DE SILENCIO,Calle 161,923.95,0,PARQUE VECINAL DESARROLLO CANTALEJO URBANIZACIÓN CANTALEJO MANZANA B,184.98,1,0.2,,0.67,1.0,0.0,,0.03,1666.72,0.0
2456-M3629529,APARTAMENTO,VENTA,20.07,94.0,3.0,2.0,400000.0,2.0,COLINA Y ALREDEDORES,4,ENTRE 5 Y 10 ANOS,4.74,-74.07,USADO,,0,1,0,1,1,1,1,0,0,1,False,SUBA,CASABLANCA (HACIENDA),21 Ángeles,1756.41,0,PARQUE ZONAL EL TOMILLAR,762.6,0,0.21,,0.67,1.5,0.0,,0.03,926.21,0.0
2456-M3767627,APARTAMENTO,VENTA,20.41,150.0,3.0,4.0,400000.0,2.0,COLINA Y ALREDEDORES,4,ENTRE 5 Y 10 ANOS,4.73,-74.06,USADO,,0,1,0,1,1,1,1,0,0,1,False,SUBA,MAZUREN,Mazurén,1071.86,0,PARQUE VECINAL URBANIZACIÓN LA LAGUNA,511.21,0,0.14,,0.67,0.75,0.0,,0.02,893.88,0.0
2559-M4519233,APARTAMENTO,ARRIENDO,20.32,105.0,3.0,3.0,3921395.93,2.0,COUNTRY,5,ENTRE 10 Y 20 ANOS,4.72,-74.05,USADO,4200000.0,0,1,0,0,1,1,0,0,0,1,False,USAQUEN,COUNTRY CLUB,Prado,643.7,0,PARQUE VECINAL PRADO PINZÓN,1372.36,0,0.19,40000.0,0.67,1.0,0.0,1.07,0.03,493.2,1.0
10139-M4550381,APARTAMENTO,ARRIENDO,20.32,380.0,4.0,4.0,3921395.93,4.0,SANTA BARBARA,6,ENTRE 10 Y 20 ANOS,4.69,-74.03,USADO,20000000.0,1,1,0,1,1,1,1,0,0,1,False,USAQUEN,EL PINAR DE SANTA BARBARA,Pepe Sierra,3307.08,0,PARQUE METROPOLITANO EL COUNTRY,1830.58,0,0.05,52631.58,1.0,1.0,0.0,5.1,0.01,604.41,0.0
10173-M4551267,APARTAMENTO,ARRIENDO,20.32,345.0,4.0,5.0,3000000.0,4.0,SANTA BARBARA,6,ENTRE 10 Y 20 ANOS,4.69,-74.03,USADO,21000000.0,1,1,0,1,1,1,1,0,0,0,False,USAQUEN,EL PINAR DE SANTA BARBARA,Pepe Sierra,3307.08,0,PARQUE METROPOLITANO EL COUNTRY,1830.58,0,0.06,60869.57,1.0,0.8,0.0,7.0,0.01,604.41,0.0
11203-M4598128,APARTAMENTO,ARRIENDO,20.32,135.0,3.0,3.0,1287000.0,2.0,SANTA BARBARA,6,MAS DE 20 ANOS,4.69,-74.05,USADO,3750000.0,0,0,0,0,1,0,0,0,0,1,False,USAQUEN,SANTA BIBIANA,Calle 106,316.79,1,PARQUE ZONAL CANAL CORDOBA,1631.2,0,0.15,27777.78,0.67,1.0,0.0,2.91,0.02,470.8,1.0
3858-M4603427,APARTAMENTO,ARRIENDO,20.32,185.0,3.0,3.0,600000.0,2.0,COUNTRY,5,ENTRE 10 Y 20 ANOS,4.71,-74.05,USADO,4900000.0,0,1,0,1,1,1,0,0,0,1,False,USAQUEN,,Prado,490.94,1,PARQUE ZONAL ATABANZA,939.8,0,0.11,26486.49,0.67,1.0,0.0,8.17,0.02,526.66,0.0
384-M4517583,APARTAMENTO,ARRIENDO,20.32,131.3,2.0,4.0,777000.0,3.0,SANTA BARBARA,6,ENTRE 10 Y 20 ANOS,4.69,-74.04,USADO,6723000.0,0,1,0,0,1,0,0,0,0,1,False,USAQUEN,SANTA BARBARA CENTRAL III SECTOR,Pepe Sierra,2264.71,0,PARQUE METROPOLITANO EL COUNTRY,1251.72,0,0.15,51203.35,1.5,0.5,0.0,8.65,0.02,384.94,5.0
12734-M4289993,APARTAMENTO,ARRIENDO,20.32,52.0,1.0,2.0,50000.0,1.0,COUNTRY,5,ENTRE 10 Y 20 ANOS,4.72,-74.04,USADO,1800000.0,0,0,0,0,0,0,0,0,0,1,False,USAQUEN,EL CONTADOR,Alcalá,848.74,0,PARQUE VECINAL NUEVA URBANIZACIÓN EL CEDRITO,1176.34,0,0.39,34615.38,1.0,0.5,0.0,36.0,0.02,339.83,1.0
10139-M4706146,APARTAMENTO,ARRIENDO,20.32,110.0,2.0,2.0,3921395.93,2.0,CHICO,6,ENTRE 0 Y 5 ANOS,4.67,-74.05,USADO,6900000.0,0,0,0,1,1,0,1,0,0,1,False,CHAPINERO,S.C. EL CHICO,Virrey,844.47,0,PARQUE ZONAL CANAL EL VIRREY EL CHICO,219.65,1,0.18,62727.27,1.0,1.0,0.0,1.76,0.02,251.1,3.0
5395-M4698671,APARTAMENTO,ARRIENDO,20.32,100.0,2.0,3.0,1045000.0,4.0,CHICO,6,ENTRE 5 Y 10 ANOS,4.67,-74.04,USADO,5500000.0,0,1,1,0,1,0,0,0,0,1,False,CHAPINERO,EL REFUGIO,Héroes - Gel´Hada,1856.16,0,PARQUE VECINAL URBANIZACIÓN LA CABRERA,858.86,0,0.2,55000.0,2.0,0.67,0.0,5.26,0.02,841.74,0.0
282-M4725845,APARTAMENTO,ARRIENDO,20.32,150.0,3.0,5.0,1000000.0,2.0,CHICO,6,MAS DE 20 ANOS,4.68,-74.04,USADO,5500000.0,0,1,0,0,1,0,0,0,0,0,False,CHAPINERO,CHICO NORTE - URB. CONJUNTO DE LA CIEN,Calle 100 - Marketmedios,1760.72,0,PARQUE VECINAL URBANIZACIÓN LA CABRERA,1441.51,0,0.14,36666.67,0.67,0.6,0.0,5.5,0.02,186.88,2.0
3774-M4352858,APARTAMENTO,ARRIENDO,20.32,305.0,3.0,5.0,2000000.0,4.0,SANTA BARBARA,6,ENTRE 0 Y 5 ANOS,4.7,-74.03,USADO,18000000.0,0,1,0,1,1,1,1,0,0,1,False,USAQUEN,LA GLORIETA,Pepe Sierra,3069.52,0,PARQUE METROPOLITANO EL COUNTRY,1479.13,0,0.07,59016.39,1.33,0.6,0.0,9.0,0.01,439.53,1.0
10139-M4307390,APARTAMENTO,ARRIENDO,20.32,185.0,3.0,4.0,1400000.0,2.0,SANTA BARBARA,6,ENTRE 10 Y 20 ANOS,4.69,-74.05,USADO,7300000.0,0,0,0,1,1,1,0,0,0,1,False,USAQUEN,SANTA BIBIANA,Calle 106,557.29,0,PARQUE VECINAL URBANIZACIÓN NORMANDIA I II II Y IV SECTOR,1567.69,0,0.11,39459.46,0.67,0.75,0.0,5.21,0.02,673.72,0.0
10312-M4406499,APARTAMENTO,ARRIENDO,20.32,254.0,3.0,4.0,2900000.0,3.0,CHICO,6,MAS DE 20 ANOS,4.66,-74.05,USADO,10100000.0,0,1,1,0,1,1,0,0,0,1,False,CHAPINERO,S.C. EL NOGAL,Calle 76 - San Felipe,1027.62,0,PARQUE ZONAL SAN ANDRÉS,412.27,1,0.08,39763.78,1.0,0.75,0.0,3.48,0.01,596.44,0.0
15534-M4486021,APARTAMENTO,ARRIENDO,20.32,101.0,3.0,2.0,3921395.93,2.0,COUNTRY,5,ENTRE 0 Y 5 ANOS,4.71,-74.03,USADO,4500000.0,0,0,0,0,0,0,0,0,0,0,False,USAQUEN,BELLA SUIZA,Prado,2509.42,0,PARQUE METROPOLITANO EL COUNTRY,948.78,0,0.2,44554.46,0.67,1.5,0.0,1.15,0.03,279.78,1.0
2359-M4677997,APARTAMENTO,ARRIENDO,20.32,121.0,3.0,3.0,906000.0,2.0,NIZA ALHAMBRA,5,ENTRE 10 Y 20 ANOS,4.7,-74.06,USADO,3100000.0,0,1,0,0,1,0,0,0,0,0,False,SUBA,EL BATAN,Calle 127,308.93,1,PARQUE ZONAL ATABANZA,693.39,0,0.17,25619.83,0.67,1.0,0.0,3.42,0.02,474.92,3.0
3340-M4728314,APARTAMENTO,ARRIENDO,20.32,286.0,4.0,4.0,1226000.0,2.0,CHICO,6,REMODELADO,4.66,-74.05,USADO,11974000.0,0,1,1,0,1,1,0,0,0,1,False,CHAPINERO,S.C. EL NOGAL,Calle 76 - San Felipe,780.41,0,PARQUE ZONAL SAN ANDRÉS,544.5,0,0.07,41867.13,0.5,1.0,0.0,9.77,0.01,445.41,3.0
12494-M4340784,APARTAMENTO,ARRIENDO,20.32,120.0,2.0,4.0,1100000.0,2.0,CHICO,6,ENTRE 5 Y 10 ANOS,4.68,-74.04,USADO,10500000.0,0,0,1,1,1,1,1,0,0,1,False,CHAPINERO,CHICO RESERVADO,Calle 100 - Marketmedios,1966.67,0,PARQUE VECINAL URBANIZACIÓN LA CABRERA,1290.32,0,0.17,87500.0,1.0,0.5,0.0,9.55,0.02,413.06,1.0
754-M4519196,APARTAMENTO,VENTA,20.26,83.0,1.0,2.0,715000.0,2.0,CHICO,6,ENTRE 10 Y 20 ANOS,4.68,-74.06,USADO,,0,1,0,0,1,1,0,0,0,1,False,CHAPINERO,S.C. CHICO NORTE III SECTOR,Calle 100 - Marketmedios,182.61,1,PARQUE VECINAL URBANIZACIÓN NORMANDIA I II II Y IV SECTOR,639.53,0,0.24,,2.0,0.5,0.0,,0.01,354.48,1.0
14836-M4564666,APARTAMENTO,VENTA,19.25,48.0,3.0,1.0,150000.0,1.0,ORQUIDEAS,3,ENTRE 10 Y 20 ANOS,4.74,-74.03,USADO,,0,0,0,0,1,1,0,0,0,1,False,USAQUEN,URB. LAS ORQUIDEAS,Calle 161,1651.5,0,PARQUE ZONAL LA VIDA,415.57,1,0.4,,0.33,3.0,0.0,,0.06,966.56,0.0
2147-M2990936,APARTAMENTO,VENTA,20.17,125.0,2.0,3.0,3921395.93,2.0,COUNTRY,5,REMODELADO,4.72,-74.04,USADO,,0,0,0,0,1,1,1,0,0,1,False,USAQUEN,LISBOA_,Alcalá,1636.73,0,PARQUE VECINAL NUEVA URBANIZACIÓN EL CEDRITO,833.17,0,0.16,,1.0,0.67,0.0,,0.02,300.82,1.0
16305-M4709574,APARTAMENTO,VENTA,19.96,89.0,2.0,3.0,601000.0,2.0,CERROS DE SUBA,6,REMODELADO,4.72,-74.08,USADO,,0,1,0,0,1,1,0,0,0,1,False,SUBA,S.C. NIZA SUBA,Suba - AV. Boyacá,277.96,1,PARQUE VECINAL AGRUPACIÓN DE VIVIENDA EN BALCON DE LINDARAJA,643.14,0,0.22,,1.0,0.67,0.0,,0.02,992.84,0.0
10139-M4602085,APARTAMENTO,ARRIENDO,20.32,330.0,4.0,5.0,3000000.0,3.0,SANTA BARBARA,6,ENTRE 10 Y 20 ANOS,4.69,-74.03,USADO,14000000.0,0,0,0,1,1,1,1,0,0,1,False,USAQUEN,EL PINAR DE SANTA BARBARA,Pepe Sierra,3307.08,0,PARQUE METROPOLITANO EL COUNTRY,1830.58,0,0.06,42424.24,0.75,0.8,0.0,4.67,0.01,604.41,0.0
9859-M3447012,APARTAMENTO,VENTA,20.37,80.0,2.0,3.0,600000.0,2.0,CHAPINERO ALTO,4,ENTRE 0 Y 5 ANOS,4.64,-74.06,USADO,,0,0,0,1,1,0,0,0,0,1,False,CHAPINERO,S.C. LA SALLE,Calle 57,762.12,0,PARQUE ZONAL GUSTAVO URIBE BOTERO,1065.99,0,0.25,,1.0,0.67,0.0,,0.02,986.03,0.0
523-M4602752,APARTAMENTO,ARRIENDO,20.32,300.0,3.0,4.0,2800000.0,4.0,CHICO,6,ENTRE 10 Y 20 ANOS,4.67,-74.05,USADO,14500000.0,0,1,0,1,0,1,0,0,0,1,False,CHAPINERO,S.C. EL CHICO,Virrey,1014.67,0,PARQUE ZONAL CANAL EL VIRREY EL CHICO,440.25,1,0.07,48333.33,1.33,0.75,0.0,5.18,0.01,296.93,4.0
800-M4459617,APARTAMENTO,ARRIENDO,20.32,330.0,4.0,5.0,3000000.0,4.0,SANTA BARBARA,6,REMODELADO,4.69,-74.03,USADO,17000000.0,1,1,1,1,0,1,1,0,0,1,False,USAQUEN,SANTA BARBARA ALTA,Calle 106,2892.9,0,PARQUE METROPOLITANO EL COUNTRY,1819.56,0,0.06,51515.15,1.0,0.8,0.0,5.67,0.01,313.94,2.0
22-M4702096,APARTAMENTO,ARRIENDO,20.32,60.0,3.0,2.0,252000.0,1.0,ALTOS DE SUBA Y CERROS DE SAN JORGE,3,ENTRE 5 Y 10 ANOS,4.74,-74.09,USADO,1300000.0,0,0,1,1,1,0,0,0,0,1,False,SUBA,SAN_JORGE,Suba - TV. 91,507.85,0,PARQUE ZONAL BELLAVISTA DINDALITO,532.85,0,0.34,21666.67,0.33,1.5,0.0,5.16,0.05,1348.18,0.0
3340-M4700820,APARTAMENTO,ARRIENDO,20.32,140.0,3.0,2.0,760000.0,2.0,CHAPINERO ALTO,4,REMODELADO,4.65,-74.06,USADO,3240000.0,0,0,0,0,0,0,0,0,0,1,False,CHAPINERO,S.C. GRANADA,Calle 63,963.39,0,PARQUE ZONAL GUSTAVO URIBE BOTERO,474.82,1,0.15,23142.86,0.67,1.5,0.0,4.26,0.02,341.18,1.0
754-M2549136,APARTAMENTO,VENTA,20.9,165.0,3.0,3.0,1100000.0,3.0,CHICO,6,ENTRE 5 Y 10 ANOS,4.67,-74.04,USADO,,0,1,0,1,0,1,0,0,0,1,False,CHAPINERO,EL REFUGIO,Héroes - Gel´Hada,1981.29,0,PARQUE VECINAL URBANIZACIÓN LA CABRERA,1013.29,0,0.13,,1.0,1.0,0.0,,0.02,998.98,0.0
800-M4697208,APARTAMENTO,VENTA,19.98,102.0,3.0,3.0,452000.0,2.0,NIZA ALHAMBRA,5,MAS DE 20 ANOS,4.71,-74.08,USADO,,0,0,0,0,0,1,0,0,0,1,False,SUBA,NIZA SUR,Humedal Córdoba,671.06,0,PARQUE ZONAL LOS LACHES LA MINA,731.96,0,0.2,,0.67,1.0,0.0,,0.03,730.83,0.0
2456-M4597002,APARTAMENTO,VENTA,19.88,90.0,3.0,3.0,330000.0,1.0,COLINA Y ALREDEDORES,4,ENTRE 10 Y 20 ANOS,4.73,-74.06,USADO,,0,1,0,1,1,1,0,0,0,1,False,SUBA,EL PINAR,Mazurén,1084.85,0,PARQUE VECINAL URBANIZACIÓN LA LAGUNA,521.54,0,0.22,,0.33,1.0,0.0,,0.03,877.41,0.0
754-M3732001,APARTAMENTO,VENTA,20.82,179.6,3.0,4.0,931000.0,3.0,COUNTRY,6,ENTRE 10 Y 20 ANOS,4.71,-74.05,USADO,,0,1,0,0,1,1,0,0,0,1,False,USAQUEN,LA CALLEJA,Prado,463.45,1,PARQUE ZONAL ATABANZA,817.63,0,0.12,,1.0,0.75,0.0,,0.02,445.97,2.0
5483-M4073512,APARTAMENTO,VENTA,19.78,79.0,3.0,2.0,420000.0,1.0,CEDRITOS,4,MAS DE 20 ANOS,4.72,-74.03,USADO,,0,1,0,0,0,0,0,0,0,1,False,USAQUEN,LOS CEDROS ORIENTAL,Calle 142,2292.43,0,PARQUE VECINAL NUEVA URBANIZACIÓN EL CEDRITO,394.5,1,0.25,,0.33,1.5,0.0,,0.04,733.69,0.0
16172-M4621186,APARTAMENTO,VENTA,19.88,82.0,3.0,3.0,400000.0,1.0,COLINA Y ALREDEDORES,3,ENTRE 0 Y 5 ANOS,4.72,-74.07,USADO,,0,0,0,1,1,1,0,0,0,1,False,SUBA,CIUDAD JARDIN NORTE,Suba - AV. Boyacá,624.46,0,PARQUE ZONAL LOS LACHES LA MINA,944.0,0,0.24,,0.33,1.0,0.0,,0.04,838.88,0.0
770-M4705693,APARTAMENTO,ARRIENDO,20.32,84.0,2.0,2.0,3921395.93,1.0,SANTA BARBARA,6,ENTRE 10 Y 20 ANOS,4.69,-74.05,USADO,4500000.0,0,1,0,0,1,0,0,0,0,1,False,USAQUEN,SANTA BIBIANA,Calle 106,773.52,0,PARQUE VECINAL URBANIZACIÓN NORMANDIA I II II Y IV SECTOR,1542.98,0,0.24,53571.43,0.5,1.0,0.0,1.15,0.02,526.9,0.0
800-M3236618,APARTAMENTO,ARRIENDO,20.32,248.0,3.0,5.0,1650000.0,2.0,CHICO,6,ENTRE 5 Y 10 ANOS,4.67,-74.05,USADO,12000000.0,0,1,0,0,1,1,0,0,0,0,False,CHAPINERO,LA CABRERA,Héroes - Gel´Hada,1282.1,0,PARQUE VECINAL URBANIZACIÓN LA CABRERA,283.96,1,0.08,48387.1,0.67,0.6,0.0,7.27,0.01,307.58,3.0
523-M4659877,APARTAMENTO,ARRIENDO,20.32,125.0,2.0,3.0,800000.0,2.0,CHICO,5,ENTRE 0 Y 5 ANOS,4.66,-74.05,USADO,9000000.0,0,1,0,0,0,1,0,0,0,1,False,CHAPINERO,S.C. PORCIUNCULA,Calle 72,826.38,0,PARQUE ZONAL GUSTAVO URIBE BOTERO,695.9,0,0.16,72000.0,1.0,0.67,0.0,11.25,0.02,100.79,5.0
22-M4611719,APARTAMENTO,ARRIENDO,20.32,50.0,2.0,1.0,3921395.93,0.0,COLINA Y ALREDEDORES,3,ENTRE 10 Y 20 ANOS,4.71,-74.06,USADO,1328000.0,0,0,1,0,0,1,0,0,0,1,False,SUBA,PRADO SUR,Niza - Calle 127,1034.45,0,PARQUE ZONAL ATABANZA,764.46,0,0.41,26560.0,0.0,2.0,0.0,0.34,0.04,981.22,0.0
272-M4695174,APARTAMENTO,ARRIENDO,20.32,200.0,3.0,2.0,500000.0,1.0,CHICO,4,MAS DE 20 ANOS,4.66,-74.06,USADO,3200000.0,0,1,0,0,0,0,0,0,0,1,False,CHAPINERO,S.C. PORCIUNCULA,Calle 72,488.25,1,PARQUE ZONAL SAN ANDRÉS,922.61,0,0.1,16000.0,0.33,1.5,0.0,6.4,0.02,203.52,4.0
3038-M4660664,APARTAMENTO,ARRIENDO,20.32,40.0,1.0,1.0,1000.0,0.0,CENTRO Y ZONA COLONIAL,3,ENTRE 0 Y 5 ANOS,4.61,-74.08,USADO,1300000.0,0,0,1,0,1,1,0,0,0,1,False,LOS MARTIRES,SAN VICTORINO,De La Sabana,237.97,1,PARQUE METROPOLITANO TERCER MILENIO,968.98,0,0.51,32500.0,0.0,1.0,0.02,1300.0,0.02,1345.04,0.0
523-M4611835,APARTAMENTO,ARRIENDO,20.32,220.0,3.0,3.0,1000000.0,2.0,CHICO,6,ENTRE 10 Y 20 ANOS,4.66,-74.05,USADO,7000000.0,0,0,0,0,0,1,0,0,0,1,False,CHAPINERO,LOS ROSALES,Calle 76 - San Felipe,1242.97,0,PARQUE ZONAL SAN ANDRÉS,639.87,0,0.09,31818.18,0.67,1.0,0.0,7.0,0.01,600.98,0.0
10797-M4666638,APARTAMENTO,ARRIENDO,20.32,108.0,3.0,4.0,1000000.0,2.0,COUNTRY,6,MAS DE 20 ANOS,4.71,-74.04,USADO,3000000.0,0,1,1,0,1,1,0,0,0,1,False,USAQUEN,LA_CAROLINA,Prado,1652.14,0,PARQUE METROPOLITANO EL COUNTRY,376.46,1,0.19,27777.78,0.67,0.75,0.0,3.0,0.03,596.36,0.0
22-M4694561,APARTAMENTO,ARRIENDO,20.32,113.0,3.0,2.0,504600.0,2.0,COLINA Y ALREDEDORES,5,ENTRE 10 Y 20 ANOS,4.73,-74.07,USADO,2200000.0,0,1,1,1,1,1,0,0,0,1,False,SUBA,URB. PARQUES DE LA COLINA,Gratamira,863.57,0,PARQUE VECINAL PRADO PINZÓN,1455.01,0,0.18,19469.03,0.67,1.5,0.0,4.36,0.03,257.36,1.0
5537-M4644023,APARTAMENTO,ARRIENDO,20.32,105.0,3.0,3.0,684000.0,2.0,COUNTRY,5,ENTRE 10 Y 20 ANOS,4.71,-74.05,USADO,4300000.0,0,1,0,0,1,1,0,0,0,1,False,USAQUEN,COUNTRY CLUB,Prado,637.01,0,PARQUE ZONAL ATABANZA,1331.97,0,0.19,40952.38,0.67,1.0,0.0,6.29,0.03,749.51,0.0
11109-M4644778,APARTAMENTO,ARRIENDO,20.32,52.0,2.0,1.0,3921395.93,0.0,ALTOS DE SUBA Y CERROS DE SAN JORGE,3,ENTRE 0 Y 5 ANOS,4.74,-74.08,USADO,1000000.0,0,0,0,0,0,0,0,0,0,0,False,SUBA,S.C. SUBA URBANO,Suba - TV. 91,336.31,1,PARQUE ZONAL BELLAVISTA DINDALITO,377.06,1,0.39,19230.77,0.0,2.0,0.0,0.26,0.04,1707.28,0.0
3072-M4427923,APARTAMENTO,ARRIENDO,20.32,340.0,3.0,5.0,3200000.0,4.0,CHAPINERO ALTO,5,ENTRE 0 Y 5 ANOS,4.65,-74.05,USADO,21000000.0,1,0,0,1,1,1,0,0,0,1,False,CHAPINERO,S.C. EMAUS,Flores – Areandina,956.62,0,PARQUE ZONAL GUSTAVO URIBE BOTERO,338.09,1,0.06,61764.71,1.33,0.6,0.0,6.56,0.01,114.2,1.0
12037-M4276225,APARTAMENTO,ARRIENDO,20.32,230.0,4.0,4.0,1500000.0,3.0,CHICO,6,ENTRE 10 Y 20 ANOS,4.65,-74.05,USADO,12500000.0,1,1,1,0,1,0,0,0,0,1,False,CHAPINERO,S.C. BELLAVISTA,Calle 72,1210.97,0,PARQUE ZONAL GUSTAVO URIBE BOTERO,353.9,1,0.09,54347.83,0.75,1.0,0.0,8.33,0.02,458.0,1.0
3576-M4732248,APARTAMENTO,ARRIENDO,20.32,103.0,3.0,3.0,422000.0,2.0,SALITRE MODELIA,4,MAS DE 20 ANOS,4.66,-74.11,USADO,4878000.0,0,0,0,1,1,1,0,0,0,1,False,FONTIBON,CIUDAD SALITRE,AV. Rojas,496.03,1,PARQUE VECINAL CARLOS LLERAS (EL FUEGO),398.31,1,0.2,47359.22,0.67,1.0,0.0,11.56,0.03,351.64,1.0
4969-M4568189,APARTAMENTO,ARRIENDO,20.32,94.0,2.0,2.0,10000.0,2.0,SANTA BARBARA,6,ENTRE 0 Y 5 ANOS,4.69,-74.04,USADO,5600000.0,0,0,1,1,1,0,1,0,0,1,False,USAQUEN,SANTA BARBARA CENTRAL I Y II,Calle 106,1573.9,0,PARQUE METROPOLITANO EL COUNTRY,1435.61,0,0.22,59574.47,1.0,1.0,0.0,560.0,0.02,544.39,0.0
2147-M2804902,APARTAMENTO,VENTA,19.58,47.0,1.0,2.0,290000.0,1.0,CEDRITOS,4,ENTRE 0 Y 5 ANOS,4.72,-74.05,USADO,,0,1,0,0,1,1,0,0,0,1,False,USAQUEN,LOS CEDRITOS,Calle 142,537.79,0,PARQUE VECINAL PRADO PINZÓN,859.08,0,0.42,,1.0,0.5,0.0,,0.02,443.24,1.0
4186-M4743542,APARTAMENTO,ARRIENDO,20.32,74.83,2.0,2.0,3921395.93,2.0,CHAPINERO ALTO,4,ENTRE 5 Y 10 ANOS,4.64,-74.06,USADO,3600000.0,0,0,1,0,1,1,0,0,0,1,False,CHAPINERO,S.C. PARDO RUBIO,Marly,596.62,0,PARQUE METROPOLITANO PARQUE NACIONAL (PM2A) ENRIQUE OLAYA HERRERA (SECTOR HISTORICO),1349.77,0,0.27,48109.05,1.0,1.0,0.0,0.92,0.03,631.43,0.0
2147-M3047349,APARTAMENTO,VENTA,20.67,110.0,3.0,3.0,876000.0,3.0,CHICO,6,ENTRE 0 Y 5 ANOS,4.68,-74.05,USADO,,0,0,0,1,0,1,1,0,0,1,False,CHAPINERO,S.C. CHICO NORTE III SECTOR,Calle 100 - Marketmedios,748.05,0,PARQUE VECINAL URBANIZACIÓN NORMANDIA I II II Y IV SECTOR,1049.67,0,0.19,,1.0,1.0,0.0,,0.03,123.2,3.0
217-M4708155,APARTAMENTO,ARRIENDO,20.32,360.0,4.0,5.0,2990000.0,3.0,CHICO,6,ENTRE 10 Y 20 ANOS,4.67,-74.04,USADO,18950000.0,1,1,0,1,1,1,0,0,0,1,False,CHAPINERO,S.C. CHICO NORTE,Virrey,1807.79,0,PARQUE VECINAL URBANIZACIÓN LA CABRERA,905.64,0,0.06,52638.89,0.75,0.8,0.0,6.34,0.01,697.44,0.0
10139-M4602231,APARTAMENTO,ARRIENDO,20.32,220.0,3.0,2.0,1600000.0,2.0,CHICO,6,ENTRE 10 Y 20 ANOS,4.67,-74.05,USADO,8000000.0,0,0,0,0,1,0,0,0,0,1,False,CHAPINERO,S.C. EL RETIRO,Héroes - Gel´Hada,1048.36,0,PARQUE ZONAL SAN ANDRÉS,189.85,1,0.09,36363.64,0.67,1.5,0.0,5.0,0.01,178.02,4.0
2147-M2594310,APARTAMENTO,VENTA,19.99,59.0,1.0,2.0,370000.0,1.0,SANTA BARBARA,6,ENTRE 0 Y 5 ANOS,4.69,-74.05,USADO,,0,0,0,0,1,1,0,0,0,0,False,USAQUEN,SANTA BIBIANA,Calle 106,611.67,0,PARQUE VECINAL URBANIZACIÓN NORMANDIA I II II Y IV SECTOR,1539.11,0,0.34,,1.0,0.5,0.0,,0.02,631.15,0.0
851-M4743994,APARTAMENTO,ARRIENDO,20.32,310.0,3.0,4.0,1695000.0,3.0,CHICO,6,MAS DE 20 ANOS,4.65,-74.05,USADO,12000000.0,0,1,0,0,0,0,0,0,0,1,False,CHAPINERO,S.C. BELLAVISTA,Calle 72,1343.76,0,PARQUE ZONAL GUSTAVO URIBE BOTERO,480.68,1,0.07,38709.68,1.0,0.75,0.0,7.08,0.01,603.89,0.0
14836-M4197785,APARTAMENTO,VENTA,19.87,90.0,3.0,2.0,280000.0,1.0,NICOLAS DE FEDERMAN,5,MAS DE 20 ANOS,4.65,-74.08,USADO,,0,0,0,0,0,1,0,0,0,1,False,TEUSAQUILLO,NICOLAS DE FEDERMAN,Campín - UAN,640.14,0,PARQUE ZONAL NICOLAS DE FEDERMAN 3,332.23,1,0.22,,0.33,1.5,0.0,,0.03,760.89,0.0
4969-M4655417,APARTAMENTO,ARRIENDO,20.32,110.0,3.0,3.0,900000.0,2.0,CHICO,6,ENTRE 5 Y 10 ANOS,4.67,-74.05,USADO,6300000.0,0,1,1,0,1,1,0,0,0,1,False,CHAPINERO,LA CABRERA,Calle 85,923.14,0,PARQUE VECINAL URBANIZACIÓN LA CABRERA,182.96,1,0.18,57272.73,0.67,1.0,0.0,7.0,0.03,260.2,6.0
159-M4547566,APARTAMENTO,VENTA,19.92,94.0,2.0,2.0,600000.0,1.0,NIZA ALHAMBRA,5,MAS DE 20 ANOS,4.7,-74.06,USADO,,0,0,0,0,1,1,0,0,0,1,False,SUBA,LA ALHAMBRA SECTOR NORTE,Pepe Sierra,435.08,1,PARQUE ZONAL CANAL CORDOBA,734.12,0,0.21,,0.5,1.0,0.0,,0.02,841.95,0.0
2748-M3331654,APARTAMENTO,VENTA,20.9,157.0,3.0,4.0,430000.0,2.0,NIZA ALHAMBRA,5,ENTRE 0 Y 5 ANOS,4.71,-74.07,USADO,,0,1,0,1,1,1,1,0,0,1,False,SUBA,BATAN LOTE NIZA XII,Humedal Córdoba,228.14,1,PARQUE ZONAL LOS LACHES LA MINA,621.1,0,0.13,,0.67,0.75,0.0,,0.02,618.86,0.0
800-M3686976,APARTAMENTO,ARRIENDO,20.32,324.0,3.0,4.0,2361000.0,3.0,SANTA BARBARA,6,ENTRE 5 Y 10 ANOS,4.69,-74.03,USADO,16750000.0,0,1,0,1,0,1,1,0,0,0,False,USAQUEN,CERROS DE SANTA BARBARA,Pepe Sierra,2935.21,0,PARQUE METROPOLITANO EL COUNTRY,1659.59,0,0.06,51697.53,1.0,0.75,0.0,7.09,0.01,301.85,3.0
2748-M2641045,APARTAMENTO,VENTA,20.19,95.0,3.0,2.0,470000.0,1.0,NIZA ALHAMBRA,5,ENTRE 10 Y 20 ANOS,4.7,-74.07,USADO,,0,0,0,1,0,1,0,0,0,1,False,SUBA,LAGOS DE CORDOBA,Humedal Córdoba,276.86,1,PARQUE ZONAL CANAL CORDOBA,583.28,0,0.21,,0.33,1.5,0.0,,0.03,753.24,0.0
3664-M4601121,APARTAMENTO,ARRIENDO,20.32,312.0,4.0,5.0,4000000.0,4.0,CHICO,6,ENTRE 5 Y 10 ANOS,4.67,-74.05,USADO,15000000.0,0,1,1,0,1,0,0,0,0,1,False,CHAPINERO,S.C. EL CHICO,Calle 85,1244.08,0,PARQUE VECINAL URBANIZACIÓN LA CABRERA,218.0,1,0.07,48076.92,1.0,0.8,0.0,3.75,0.01,140.33,1.0
22-M4702075,APARTAMENTO,ARRIENDO,20.32,50.0,2.0,1.0,128000.0,0.0,COLINA Y ALREDEDORES,3,MAS DE 20 ANOS,4.71,-74.06,USADO,1200000.0,0,0,1,0,0,1,0,0,0,1,False,SUBA,PRADO SUR,Niza - Calle 127,1034.45,0,PARQUE ZONAL ATABANZA,764.46,0,0.41,24000.0,0.0,2.0,0.0,9.38,0.04,981.22,0.0
5099-M3832020,APARTAMENTO,VENTA,19.97,72.0,3.0,2.0,306000.0,1.0,COLINA Y ALREDEDORES,4,ENTRE 0 Y 5 ANOS,4.74,-74.07,USADO,,0,0,0,0,0,1,0,0,0,0,False,SUBA,CASABLANCA (HACIENDA),21 Ángeles,1535.49,0,PARQUE ZONAL EL TOMILLAR,555.36,0,0.28,,0.33,1.5,0.0,,0.04,840.83,0.0
2748-M3589017,APARTAMENTO,VENTA,20.85,163.0,3.0,4.0,420000.0,2.0,NIZA ALHAMBRA,5,ENTRE 0 Y 5 ANOS,4.7,-74.07,USADO,,0,1,0,1,1,1,1,0,0,1,False,SUBA,LAGOS DE CORDOBA,Humedal Córdoba,391.9,1,PARQUE ZONAL CANAL CORDOBA,463.17,1,0.13,,0.67,0.75,0.0,,0.02,842.92,0.0
12285-M4662887,APARTAMENTO,VENTA,19.28,31.0,1.0,1.0,216000.0,1.0,CEDRITOS,4,ENTRE 0 Y 5 ANOS,4.73,-74.02,USADO,,0,0,0,0,1,1,0,0,0,1,False,USAQUEN,BARRANCAS ALTO,Mazurén,3085.58,0,PARQUE ZONAL ALTA BLANCA,918.31,0,0.62,,1.0,1.0,0.0,,0.03,1197.13,0.0
3553-M2730532,APARTAMENTO,VENTA,20.54,180.0,3.0,4.0,500000.0,2.0,SANTA BARBARA,6,MAS DE 20 ANOS,4.7,-74.04,USADO,,0,0,0,0,1,0,0,0,0,1,False,USAQUEN,SANTA BARBARA CENTRAL I SECTOR,Pepe Sierra,1718.56,0,PARQUE METROPOLITANO EL COUNTRY,822.27,0,0.11,,0.67,0.75,0.0,,0.02,679.19,0.0
2748-M4002558,APARTAMENTO,VENTA,20.18,67.0,2.0,2.0,341700.0,1.0,NIZA ALHAMBRA,5,ENTRE 0 Y 5 ANOS,4.69,-74.06,USADO,,0,0,0,1,1,1,0,0,0,1,False,SUBA,S.C. PASADENA,Suba - Calle 100,321.8,1,PARQUE ZONAL CANAL RIO NEGRO,1149.59,0,0.3,,0.5,1.0,0.0,,0.03,214.3,1.0
874-M4708097,APARTAMENTO,VENTA,19.97,65.0,2.0,2.0,648000.0,1.0,COUNTRY,6,ENTRE 10 Y 20 ANOS,4.71,-74.05,USADO,,0,0,0,1,1,1,0,0,0,1,False,USAQUEN,LA CALLEJA,Calle 127,734.36,0,PARQUE METROPOLITANO EL COUNTRY,1018.27,0,0.31,,0.5,1.0,0.0,,0.03,512.39,0.0
800-M4511863,APARTAMENTO,ARRIENDO,20.32,110.0,2.0,2.0,3921395.93,2.0,CHICO,6,ENTRE 0 Y 5 ANOS,4.67,-74.05,USADO,7500000.0,0,1,1,1,1,1,1,0,0,1,False,CHAPINERO,S.C. EL CHICO,Calle 85,829.54,0,PARQUE ZONAL CANAL EL VIRREY EL CHICO,192.14,1,0.18,68181.82,1.0,1.0,0.0,1.91,0.02,222.71,4.0
11104-M4662843,APARTAMENTO,VENTA,19.75,31.0,1.0,1.0,364601.0,1.0,CHICO,6,ENTRE 0 Y 5 ANOS,4.68,-74.06,USADO,,0,0,0,0,1,1,0,0,0,1,False,CHAPINERO,S.C. CHICO NORTE III SECTOR,Calle 100 - Marketmedios,307.93,1,PARQUE VECINAL URBANIZACIÓN NORMANDIA I II II Y IV SECTOR,719.15,0,0.64,,1.0,1.0,0.0,,0.03,252.75,1.0
2821-M4518581,APARTAMENTO,VENTA,20.2,54.0,1.0,2.0,3921395.93,1.0,SANTA BARBARA,6,ENTRE 0 Y 5 ANOS,4.69,-74.05,USADO,,0,0,0,1,1,1,0,0,0,1,False,USAQUEN,SAN PATRICIO,Calle 106,781.65,0,PARQUE METROPOLITANO EL COUNTRY,1632.92,0,0.37,,1.0,0.5,0.0,,0.02,192.22,3.0
3038-M4660881,APARTAMENTO,ARRIENDO,20.32,51.09,1.0,1.0,1000.0,1.0,CHICO,6,ENTRE 0 Y 5 ANOS,4.68,-74.05,USADO,3400000.0,0,0,1,0,1,1,0,0,0,1,False,CHAPINERO,S.C. CHICO NORTE III SECTOR,Calle 100 - Marketmedios,466.78,1,PARQUE VECINAL URBANIZACIÓN NORMANDIA I II II Y IV SECTOR,861.59,0,0.4,66549.23,1.0,1.0,0.02,3400.0,0.02,275.36,2.0
917-M4660358,APARTAMENTO,ARRIENDO,20.32,400.0,4.0,5.0,1000000.0,4.0,SANTA BARBARA,6,MAS DE 20 ANOS,4.69,-74.03,USADO,15000000.0,0,1,1,0,1,1,0,0,0,1,False,USAQUEN,SANTA ANA ORIENTAL,Calle 106,2676.17,0,PARQUE METROPOLITANO EL COUNTRY,1888.67,0,0.05,37500.0,1.0,0.8,0.0,15.0,0.01,426.2,2.0
4698-M4689882,APARTAMENTO,ARRIENDO,20.32,160.0,2.0,3.0,1000000.0,2.0,SANTA BARBARA,6,ENTRE 10 Y 20 ANOS,4.69,-74.04,USADO,4500000.0,0,0,0,0,1,0,0,0,0,1,False,USAQUEN,MOLINOS NORTE,Calle 106,1649.92,0,PARQUE METROPOLITANO EL COUNTRY,1668.32,0,0.13,28125.0,1.0,0.67,0.0,4.5,0.01,480.44,1.0
10312-M4265045,APARTAMENTO,ARRIENDO,20.32,175.0,3.0,3.0,1575000.0,2.0,CHICO,6,MAS DE 20 ANOS,4.66,-74.05,USADO,8000000.0,0,1,1,0,1,1,0,0,0,1,False,CHAPINERO,LOS ROSALES,Calle 76 - San Felipe,1259.47,0,PARQUE ZONAL SAN ANDRÉS,684.19,0,0.12,45714.29,0.67,1.0,0.0,5.08,0.02,582.96,0.0
22-M4611726,APARTAMENTO,ARRIENDO,20.32,50.0,2.0,1.0,128000.0,0.0,COLINA Y ALREDEDORES,3,ENTRE 10 Y 20 ANOS,4.71,-74.06,USADO,1200000.0,0,0,1,0,0,1,0,0,0,1,False,SUBA,PRADO SUR,Niza - Calle 127,1034.45,0,PARQUE ZONAL ATABANZA,764.46,0,0.41,24000.0,0.0,2.0,0.0,9.38,0.04,981.22,0.0
717-M4660079,APARTAMENTO,ARRIENDO,20.32,350.0,3.0,3.0,2000000.0,3.0,CHICO,6,MAS DE 20 ANOS,4.67,-74.04,USADO,12000000.0,1,1,0,0,1,1,0,0,0,1,False,CHAPINERO,CHICO ALTO,Calle 85,2075.6,0,PARQUE VECINAL URBANIZACIÓN LA CABRERA,1020.39,0,0.06,34285.71,1.0,1.0,0.0,6.0,0.01,967.63,0.0
708-M4558652,APARTAMENTO,ARRIENDO,20.32,200.0,3.0,4.0,1600000.0,2.0,CHICO,6,ENTRE 10 Y 20 ANOS,4.66,-74.05,USADO,7500000.0,0,1,1,0,1,1,0,0,0,1,False,CHAPINERO,S.C. BELLAVISTA,Calle 72,1171.54,0,PARQUE ZONAL SAN ANDRÉS,792.08,0,0.1,37500.0,0.67,0.75,0.0,4.69,0.02,446.55,1.0
15654-M4688859,APARTAMENTO,ARRIENDO,20.32,142.0,2.0,2.0,1390000.0,2.0,CHICO,6,MAS DE 20 ANOS,4.67,-74.05,USADO,7300000.0,0,1,0,0,1,0,0,0,0,1,False,CHAPINERO,S.C. CHICO NORTE,Virrey,1355.8,0,PARQUE VECINAL URBANIZACIÓN LA CABRERA,550.06,0,0.14,51408.45,1.0,1.0,0.0,5.25,0.01,359.62,2.0
5588-M4588567,APARTAMENTO,ARRIENDO,20.32,128.0,3.0,3.0,3921395.93,1.0,COUNTRY,5,ENTRE 10 Y 20 ANOS,4.71,-74.05,USADO,4200000.0,0,1,1,0,0,1,0,0,0,1,False,USAQUEN,LA CALLEJA,Calle 127,635.99,0,PARQUE ZONAL ATABANZA,987.51,0,0.16,32812.5,0.33,1.0,0.0,1.07,0.02,307.44,5.0
10139-M4642236,APARTAMENTO,ARRIENDO,20.32,169.0,2.0,3.0,3921395.93,3.0,CHICO,6,ENTRE 5 Y 10 ANOS,4.68,-74.05,USADO,8900000.0,0,0,0,1,1,0,0,0,0,1,False,CHAPINERO,S.C. CHICO NORTE,Virrey,593.54,0,PARQUE VECINAL URBANIZACIÓN NORMANDIA I II II Y IV SECTOR,477.37,1,0.12,52662.72,1.5,0.67,0.0,2.27,0.01,215.74,2.0
3038-M4512156,APARTAMENTO,ARRIENDO,20.32,160.0,2.0,3.0,800000.0,3.0,CHICO,6,ENTRE 5 Y 10 ANOS,4.67,-74.05,USADO,7500000.0,0,1,1,1,1,0,0,0,0,1,False,CHAPINERO,S.C. CHICO NORTE,Virrey,1430.54,0,PARQUE VECINAL URBANIZACIÓN LA CABRERA,709.57,0,0.13,46875.0,1.5,0.67,0.0,9.38,0.01,309.52,1.0
22-M4639648,APARTAMENTO,ARRIENDO,20.32,50.0,2.0,1.0,3921395.93,0.0,COLINA Y ALREDEDORES,3,ENTRE 10 Y 20 ANOS,4.71,-74.06,USADO,1328000.0,0,0,1,0,0,1,0,0,0,1,False,SUBA,PRADO SUR,Niza - Calle 127,1034.45,0,PARQUE ZONAL ATABANZA,764.46,0,0.41,26560.0,0.0,2.0,0.0,0.34,0.04,981.22,0.0
4428-M4352856,APARTAMENTO,ARRIENDO,20.32,175.0,3.0,3.0,1500000.0,2.0,CHICO,6,ENTRE 10 Y 20 ANOS,4.65,-74.05,USADO,8000000.0,0,0,1,0,1,1,0,0,0,1,False,CHAPINERO,S.C. BELLAVISTA,Calle 72,1060.0,0,PARQUE ZONAL GUSTAVO URIBE BOTERO,431.82,1,0.12,45714.29,0.67,1.0,0.0,5.33,0.02,366.17,4.0
79-M4742907,APARTAMENTO,ARRIENDO,20.32,58.0,2.0,2.0,750000.0,2.0,SANTA BARBARA,5,ENTRE 5 Y 10 ANOS,4.7,-74.05,USADO,2200000.0,0,1,1,0,1,0,0,0,0,0,False,USAQUEN,SANTA BARBARA OCCIDENTAL,Calle 127,230.3,1,PARQUE ZONAL ATABANZA,889.26,0,0.35,37931.03,1.0,1.0,0.0,2.93,0.03,257.6,5.0
3204-M4708031,APARTAMENTO,ARRIENDO,20.32,240.0,3.0,4.0,2500000.0,3.0,CHICO,6,ENTRE 0 Y 5 ANOS,4.67,-74.04,USADO,25000000.0,0,1,1,1,1,0,1,0,0,1,False,CHAPINERO,CHICO ORIENTAL,Virrey,1911.76,0,PARQUE VECINAL URBANIZACIÓN LA CABRERA,929.23,0,0.08,104166.67,1.0,0.75,0.0,10.0,0.01,844.43,0.0
10278-M4420829,APARTAMENTO,ARRIENDO,20.32,157.0,3.0,3.0,1100000.0,3.0,CHAPINERO ALTO,6,MAS DE 20 ANOS,4.65,-74.05,USADO,7000000.0,0,0,0,0,0,1,0,0,0,1,False,CHAPINERO,S.C. LAS ACACIAS,Flores – Areandina,1065.18,0,PARQUE ZONAL GUSTAVO URIBE BOTERO,250.14,1,0.13,44585.99,1.0,1.0,0.0,6.36,0.02,232.9,1.0
11199-M4709779,APARTAMENTO,ARRIENDO,20.32,8.1,3.0,3.0,333800.0,1.0,SALITRE MODELIA,4,MAS DE 20 ANOS,4.66,-74.11,USADO,2500000.0,0,0,0,0,0,1,0,0,0,1,False,FONTIBON,CIUDAD SALITRE,AV. Rojas,248.99,1,PARQUE VECINAL CARLOS LLERAS (EL FUEGO),602.19,0,2.51,308641.98,0.33,1.0,0.0,7.49,0.37,198.07,1.0
5545-M4420741,APARTAMENTO,ARRIENDO,20.32,118.0,4.0,4.0,500000.0,2.0,SANTA BARBARA,5,ENTRE 10 Y 20 ANOS,4.69,-74.04,USADO,3500000.0,0,1,1,1,1,1,0,0,0,1,False,USAQUEN,RINCON DEL CHICO,Calle 100 - Marketmedios,1588.05,0,PARQUE ZONAL CANAL EL VIRREY EL CHICO,1804.99,0,0.17,29661.02,0.5,1.0,0.0,7.0,0.03,482.69,1.0
2571-M4709398,APARTAMENTO,ARRIENDO,20.32,40.0,2.0,1.0,11111.0,0.0,FONTIBON TINTAL,3,REMODELADO,4.68,-74.14,USADO,900000.0,0,0,0,0,0,0,0,0,0,1,False,FONTIBON,RUBEN VALLEJO,Portal El Dorado,1590.54,0,PARQUE VECINAL VILLA HELENA VILLEMAR,1087.96,0,0.51,22500.0,0.0,2.0,0.0,81.0,0.05,1350.86,0.0
770-M4419958,APARTAMENTO,ARRIENDO,20.32,283.0,3.0,3.0,10000.0,4.0,CHICO,6,ENTRE 10 Y 20 ANOS,4.66,-74.05,USADO,24500000.0,0,1,0,1,1,0,0,0,0,1,False,CHAPINERO,LOS ROSALES,Calle 76 - San Felipe,1313.69,0,PARQUE ZONAL SAN ANDRÉS,721.87,0,0.07,86572.44,1.33,1.0,0.0,2450.0,0.01,617.95,0.0
14056-M4196093,APARTAMENTO,ARRIENDO,20.32,102.0,2.0,2.0,3921395.93,1.0,SANTA BARBARA,6,MAS DE 20 ANOS,4.69,-74.04,USADO,2900000.0,0,1,0,0,0,1,0,0,0,0,False,USAQUEN,SAN PATRICIO,Calle 106,1276.07,0,PARQUE METROPOLITANO EL COUNTRY,1379.93,0,0.2,28431.37,0.5,1.0,0.0,0.74,0.02,325.16,1.0
4423-M4661618,APARTAMENTO,VENTA,19.25,50.0,2.0,1.0,120000.0,0.0,CORTIJO AUTOPISTA MEDELLIN,3,REMODELADO,4.73,-74.12,USADO,,0,0,0,0,0,1,0,0,0,0,False,ENGATIVA,CIUDADELA COLSUBSIDIO 4 SECTOR,Portal 80,2468.15,0,PARQUE METROPOLITANO PLANTA DE TRATAMIENTO SALITRE,859.77,0,0.39,,0.0,2.0,0.0,,0.04,2302.32,0.0
14733-M4028584,APARTAMENTO,VENTA,19.02,62.0,3.0,2.0,170000.0,0.0,ANTONIO NARINO,2,MAS DE 20 ANOS,4.58,-74.08,USADO,,0,0,0,0,0,1,0,0,0,1,False,SAN CRISTOBAL,S.C. LAS BRISAS,Policarpa,549.57,0,PARQUE ZONAL CIUDAD JARDIN,938.63,0,0.31,,0.0,1.5,0.0,,0.05,1294.01,0.0
3702-M4699954,APARTAMENTO,ARRIENDO,20.32,106.0,2.0,3.0,560000.0,2.0,SANTA BARBARA,6,ENTRE 10 Y 20 ANOS,4.69,-74.05,USADO,4400000.0,0,1,0,1,1,0,0,0,0,1,False,USAQUEN,SANTA BIBIANA,Calle 106,403.21,1,PARQUE ZONAL CANAL CORDOBA,1699.41,0,0.19,41509.43,1.0,0.67,0.0,7.86,0.02,410.85,1.0
416-115415,APARTAMENTO,ARRIENDO,20.32,35.0,1.0,1.0,581000.0,1.0,SANTA BARBARA,6,ENTRE 0 Y 5 ANOS,4.69,-74.03,USADO,5319000.0,0,0,0,1,1,0,0,0,0,0,False,USAQUEN,SANTA ANA ORIENTAL,Calle 106,2595.46,0,PARQUE METROPOLITANO EL COUNTRY,1952.93,0,0.58,151971.43,1.0,1.0,0.0,9.15,0.03,537.59,0.0
3664-M4700553,APARTAMENTO,ARRIENDO,20.32,234.0,3.0,5.0,2300000.0,3.0,CHICO,6,ENTRE 10 Y 20 ANOS,4.67,-74.05,USADO,10500000.0,1,1,0,1,1,0,0,0,0,1,False,CHAPINERO,S.C. EL RETIRO,Héroes - Gel´Hada,1292.88,0,PARQUE ZONAL SAN ANDRÉS,328.39,1,0.09,44871.79,1.0,0.6,0.0,4.57,0.01,432.1,2.0
282-M4654539,APARTAMENTO,ARRIENDO,20.32,230.0,3.0,5.0,2000000.0,3.0,CHICO,6,ENTRE 5 Y 10 ANOS,4.66,-74.05,USADO,13500000.0,0,1,1,1,1,0,0,0,0,1,False,CHAPINERO,S.C. EL RETIRO,Héroes - Gel´Hada,1305.3,0,PARQUE ZONAL SAN ANDRÉS,325.47,1,0.09,58695.65,1.0,0.6,0.0,6.75,0.01,481.3,2.0
3702-M4698726,APARTAMENTO,ARRIENDO,20.32,56.0,2.0,2.0,263000.0,0.0,ORQUIDEAS,4,ENTRE 10 Y 20 ANOS,4.74,-74.04,USADO,1300000.0,0,0,0,0,1,1,0,0,0,1,False,USAQUEN,BALCONES DE ORIENTE,Calle 161,1387.69,0,PARQUE ZONAL LA VIDA,360.97,1,0.36,23214.29,0.0,1.0,0.0,4.94,0.04,761.3,0.0
13674-M4698138,APARTAMENTO,ARRIENDO,20.32,30.0,1.0,1.0,230000.0,0.0,CEDRITOS,6,ENTRE 0 Y 5 ANOS,4.73,-74.02,USADO,1700000.0,0,0,1,1,1,1,0,0,0,1,False,USAQUEN,BOSQUE DE PINOS III,Calle 146,2826.76,0,PARQUE ZONAL ALTA BLANCA,921.65,0,0.68,56666.67,0.0,1.0,0.0,7.39,0.03,941.08,0.0
10162-M2717388,APARTAMENTO,VENTA,21.16,140.0,2.0,3.0,3921395.93,2.0,CHICO,5,ENTRE 0 Y 5 ANOS,4.67,-74.06,USADO,,0,0,0,1,1,1,0,0,0,0,False,CHAPINERO,S.C. ANTIGUO COUNTRY,Calle 85,185.5,1,PARQUE METROPOLITANO RECONCILIACIÓN,149.33,1,0.15,,1.0,0.67,0.0,,0.01,364.42,2.0
717-M4411233,APARTAMENTO,VENTA,21.09,187.0,3.0,3.0,1500000.0,3.0,SANTA BARBARA,6,ENTRE 10 Y 20 ANOS,4.69,-74.05,USADO,,0,1,0,0,1,1,0,0,0,1,False,USAQUEN,SAN PATRICIO,Calle 106,461.33,1,PARQUE ZONAL CANAL CORDOBA,1669.62,0,0.11,,1.0,1.0,0.0,,0.02,293.97,1.0
15833-M4651732,APARTAMENTO,VENTA,19.96,105.0,3.0,3.0,450000.0,1.0,CEDRITOS,4,ENTRE 10 Y 20 ANOS,4.73,-74.05,USADO,,0,1,0,0,1,1,0,0,0,0,False,USAQUEN,LAS_MARGARITAS,Calle 146,262.39,1,PARQUE VECINAL PRADO PINZÓN,801.59,0,0.19,,0.33,1.0,0.0,,0.03,1053.23,0.0
717-M2448760,APARTAMENTO,VENTA,20.27,110.0,3.0,3.0,486000.0,2.0,COUNTRY,5,MAS DE 20 ANOS,4.71,-74.05,USADO,,0,1,0,0,1,1,0,0,0,1,False,USAQUEN,COUNTRY CLUB,Prado,673.78,0,PARQUE ZONAL ATABANZA,1379.22,0,0.18,,0.67,1.0,0.0,,0.03,724.86,0.0
4969-M4697569,APARTAMENTO,VENTA,19.67,54.0,1.0,2.0,320000.0,1.0,SANTA BARBARA,5,ENTRE 5 Y 10 ANOS,4.7,-74.03,USADO,,0,0,0,0,1,1,0,0,0,1,False,USAQUEN,SANTA BARBARA ORIENTAL,Calle 127,2439.68,0,PARQUE METROPOLITANO EL COUNTRY,718.4,0,0.36,,1.0,0.5,0.0,,0.02,668.44,0.0
11204-M4467877,APARTAMENTO,VENTA,20.88,167.0,3.0,4.0,740000.0,3.0,COLINA Y ALREDEDORES,5,REMODELADO,4.74,-74.05,USADO,,0,1,0,0,0,1,0,0,0,0,False,SUBA,CAMPOS DE SILENCIO,Calle 161,783.2,0,PARQUE VECINAL DESARROLLO CANTALEJO URBANIZACIÓN CANTALEJO MANZANA B,369.17,1,0.13,,1.0,0.75,0.0,,0.02,1566.41,0.0
2238-M4467830,APARTAMENTO,VENTA,21.02,168.7,3.0,3.0,1700000.0,2.0,CHICO,1,MAS DE 20 ANOS,4.66,-74.05,USADO,,0,0,0,0,0,0,0,0,0,0,False,CHAPINERO,ALTOS DE BELLAVISTA,Calle 72,1622.54,0,PARQUE ZONAL GUSTAVO URIBE BOTERO,722.5,0,0.12,,0.67,1.0,0.0,,0.02,871.01,0.0
754-M4298478,APARTAMENTO,VENTA,20.91,126.0,2.0,4.0,872000.0,3.0,CHICO,6,ENTRE 5 Y 10 ANOS,4.66,-74.05,USADO,,0,1,0,0,1,1,0,0,0,1,False,CHAPINERO,LOS ROSALES,Calle 72,1448.73,0,PARQUE ZONAL GUSTAVO URIBE BOTERO,839.39,0,0.17,,1.5,0.5,0.0,,0.02,709.1,0.0
10312-M2823773,APARTAMENTO,VENTA,20.25,160.0,2.0,2.0,497000.0,1.0,CHICO,6,MAS DE 20 ANOS,4.68,-74.05,USADO,,0,1,0,0,1,1,0,0,0,1,True,CHAPINERO,S.C. CHICO NORTE,Calle 100 - Marketmedios,650.6,0,PARQUE VECINAL URBANIZACIÓN NORMANDIA I II II Y IV SECTOR,616.06,0,0.13,,0.5,1.0,0.0,,0.01,122.85,2.0
800-M4599032,APARTAMENTO,VENTA,19.25,59.0,3.0,2.0,212000.0,1.0,ALTOS DE SUBA Y CERROS DE SAN JORGE,3,MAS DE 20 ANOS,4.75,-74.08,USADO,,0,0,0,0,0,1,0,0,0,0,False,SUBA,EL PINAR DE SUBA,La Campiña,1016.3,0,PARQUE VECINAL URBANIZACIÓN VALLE DE REFOUS,701.98,0,0.33,,0.33,1.5,0.0,,0.05,1206.43,0.0
171-M3064867,APARTAMENTO,VENTA,21.06,191.41,3.0,3.0,1870000.0,2.0,CHAPINERO ALTO,6,MAS DE 20 ANOS,4.65,-74.05,USADO,,0,1,0,0,1,0,0,0,0,1,False,CHAPINERO,S.C. LAS ACACIAS,Flores – Areandina,1306.16,0,PARQUE ZONAL GUSTAVO URIBE BOTERO,164.49,1,0.11,,0.67,1.0,0.0,,0.02,485.64,1.0
2469-M4651722,APARTAMENTO,VENTA,20.56,84.0,2.0,3.0,880000.0,2.0,SANTA BARBARA,6,ENTRE 5 Y 10 ANOS,4.69,-74.05,USADO,,0,1,0,0,1,1,0,0,0,0,False,USAQUEN,SAN PATRICIO,Calle 106,1026.33,0,PARQUE METROPOLITANO EL COUNTRY,1516.52,0,0.24,,1.0,0.67,0.0,,0.02,76.0,3.0
800-M4696998,APARTAMENTO,VENTA,19.97,90.0,3.0,2.0,350000.0,1.0,COLINA Y ALREDEDORES,4,ENTRE 10 Y 20 ANOS,4.74,-74.06,USADO,,0,0,0,0,1,1,0,0,0,1,False,SUBA,CASABLANCA (HACIENDA),Calle 161,1874.68,0,PARQUE VECINAL DESARROLLO CANTALEJO URBANIZACIÓN CANTALEJO MANZANA B,822.72,0,0.22,,0.33,1.5,0.0,,0.03,973.36,0.0
800-M3837093,APARTAMENTO,VENTA,19.41,61.0,3.0,2.0,3921395.93,1.0,ORQUIDEAS,5,MAS DE 20 ANOS,4.75,-74.04,USADO,,0,0,0,0,1,1,0,0,0,1,False,USAQUEN,URB. LA PRADERA,Toberin - Foundever,970.53,0,PARQUE VECINAL URBANIZACIÓN TOBERIN,508.05,0,0.32,,0.33,1.5,0.0,,0.05,267.41,1.0
2147-M3885479,APARTAMENTO,VENTA,20.03,90.0,2.0,2.0,499000.0,1.0,CHICO,4,MAS DE 20 ANOS,4.66,-74.06,USADO,,0,0,0,0,0,1,0,0,0,0,False,CHAPINERO,S.C. PORCIUNCULA,Calle 72,488.25,1,PARQUE ZONAL SAN ANDRÉS,922.61,0,0.22,,0.5,1.0,0.0,,0.02,203.52,4.0
4933-1784,APARTAMENTO,VENTA,20.52,159.79,4.0,4.0,560700.0,2.0,SANTA BARBARA,6,MAS DE 20 ANOS,4.69,-74.05,USADO,,0,1,0,0,1,0,0,0,0,1,False,USAQUEN,SAN PATRICIO,Calle 106,514.14,0,PARQUE ZONAL CANAL CORDOBA,1745.14,0,0.13,,0.5,1.0,0.0,,0.03,288.17,2.0
748-M3847314,APARTAMENTO,VENTA,19.81,81.0,4.0,2.0,512000.0,1.0,COUNTRY,5,MAS DE 20 ANOS,4.71,-74.03,USADO,,0,0,0,0,0,0,0,0,0,0,False,USAQUEN,LISBOA_,Prado,1996.03,0,PARQUE VECINAL NUEVA URBANIZACIÓN EL CEDRITO,1030.07,0,0.24,,0.25,2.0,0.0,,0.05,172.87,2.0
10797-M4631420,APARTAMENTO,ARRIENDO,20.32,132.0,3.0,5.0,1200000.0,2.0,COUNTRY,6,REMODELADO,4.71,-74.04,USADO,5000000.0,0,1,0,0,1,1,0,0,0,1,False,USAQUEN,LA_CAROLINA,Calle 127,1393.25,0,PARQUE METROPOLITANO EL COUNTRY,421.92,1,0.15,37878.79,0.67,0.6,0.0,4.17,0.02,381.07,1.0
16430-M4706690,APARTAMENTO,ARRIENDO,20.32,94.0,2.0,3.0,524000.0,2.0,COLINA Y ALREDEDORES,5,ENTRE 10 Y 20 ANOS,4.73,-74.06,USADO,2350000.0,0,1,0,0,1,0,0,0,0,1,False,SUBA,OIKOS LA COLINA,Calle 142,1281.7,0,PARQUE VECINAL PRADO PINZÓN,906.6,0,0.22,25000.0,1.0,0.67,0.0,4.48,0.02,317.33,2.0
16288-M4662609,APARTAMENTO,ARRIENDO,20.32,180.0,3.0,3.0,1500000.0,3.0,SANTA BARBARA,5,ENTRE 0 Y 5 ANOS,4.7,-74.04,USADO,5800000.0,0,1,0,0,1,1,0,0,0,1,False,USAQUEN,SANTA BARBARA OCCIDENTAL,Calle 127,1098.67,0,PARQUE METROPOLITANO EL COUNTRY,658.09,0,0.11,32222.22,1.0,1.0,0.0,3.87,0.02,285.31,1.0
523-M2847333,APARTAMENTO,ARRIENDO,20.32,400.0,3.0,5.0,2148000.0,3.0,SANTA BARBARA,6,ENTRE 10 Y 20 ANOS,4.69,-74.03,USADO,24000000.0,0,1,1,1,0,1,1,0,0,1,False,USAQUEN,SANTA ANA ORIENTAL,Calle 106,3325.23,0,PARQUE METROPOLITANO EL COUNTRY,2484.35,0,0.05,60000.0,1.0,0.6,0.0,11.17,0.01,970.91,0.0
523-M2995552,APARTAMENTO,ARRIENDO,20.32,380.0,4.0,5.0,2000000.0,3.0,COUNTRY,6,ENTRE 5 Y 10 ANOS,4.72,-74.04,USADO,20000000.0,0,1,1,1,1,1,1,0,0,1,True,USAQUEN,NUEVO COUNTRY,Alcalá,1144.88,0,PARQUE VECINAL NUEVA URBANIZACIÓN EL CEDRITO,1143.49,0,0.05,52631.58,0.75,0.8,0.0,10.0,0.01,545.34,0.0
10797-M4517548,APARTAMENTO,ARRIENDO,20.32,157.0,3.0,4.0,1400000.0,3.0,CHICO,5,REMODELADO,4.68,-74.05,USADO,5500000.0,0,1,0,0,1,1,0,0,0,1,False,CHAPINERO,S.C. CHICO NORTE III SECTOR,Calle 100 - Marketmedios,863.44,0,PARQUE ZONAL CANAL EL VIRREY EL CHICO,1027.03,0,0.13,35031.85,1.0,0.75,0.0,3.93,0.02,242.68,3.0
2147-M2819367,APARTAMENTO,VENTA,20.71,144.89,3.0,5.0,1159000.0,2.0,SANTA BARBARA,6,ENTRE 0 Y 5 ANOS,4.7,-74.04,USADO,,0,0,0,0,1,1,0,0,0,1,False,USAQUEN,SANTA BARBARA CENTRAL I SECTOR,Calle 127,1447.41,0,PARQUE METROPOLITANO EL COUNTRY,612.12,0,0.14,,0.67,0.6,0.0,,0.02,307.11,1.0
11312-M4518681,APARTAMENTO,ARRIENDO,20.32,205.0,3.0,4.0,1600000.0,2.0,CHICO,6,MAS DE 20 ANOS,4.66,-74.05,USADO,8000000.0,0,1,0,0,1,1,0,0,0,0,False,CHAPINERO,LOS ROSALES,Calle 76 - San Felipe,1449.9,0,PARQUE ZONAL SAN ANDRÉS,678.33,0,0.1,39024.39,0.67,0.75,0.0,5.0,0.01,837.76,0.0
4-M4499452,APARTAMENTO,ARRIENDO,20.32,37.0,1.0,1.0,212000.0,0.0,CHAPINERO ALTO,4,MAS DE 20 ANOS,4.63,-74.07,USADO,1200000.0,0,0,0,0,0,1,0,0,0,1,False,CHAPINERO,S.C. SUCRE,AV. 39,322.49,1,PARQUE METROPOLITANO PARQUE NACIONAL (PM2A) ENRIQUE OLAYA HERRERA (SECTOR HISTORICO),354.17,1,0.55,32432.43,0.0,1.0,0.0,5.66,0.03,103.68,2.0
3340-M4576555,APARTAMENTO,ARRIENDO,20.32,110.0,3.0,3.0,900000.0,2.0,SANTA BARBARA,6,MAS DE 20 ANOS,4.69,-74.04,USADO,2900000.0,0,1,0,0,1,0,0,0,0,1,False,USAQUEN,SANTA BARBARA CENTRAL I Y II,Calle 106,1395.52,0,PARQUE METROPOLITANO EL COUNTRY,1353.38,0,0.18,26363.64,0.67,1.0,0.0,3.22,0.03,448.67,1.0
12037-M4710881,APARTAMENTO,ARRIENDO,20.32,170.0,4.0,3.0,1070000.0,3.0,CHICO,6,MAS DE 20 ANOS,4.68,-74.05,USADO,8000000.0,0,1,1,0,0,0,0,0,0,1,False,CHAPINERO,S.C. EL CHICO,Virrey,556.23,0,PARQUE ZONAL CANAL EL VIRREY EL CHICO,384.22,1,0.12,47058.82,0.75,1.33,0.0,7.48,0.02,291.1,3.0
304-M4731184,APARTAMENTO,ARRIENDO,20.32,54.38,1.0,1.0,390000.0,1.0,CEDRITOS,4,ENTRE 5 Y 10 ANOS,4.73,-74.04,USADO,2850000.0,0,0,0,1,1,1,1,0,0,1,False,USAQUEN,LOS CEDRITOS,Calle 142,889.11,0,PARQUE VECINAL NUEVA URBANIZACIÓN EL CEDRITO,1074.65,0,0.37,52408.97,1.0,1.0,0.0,7.31,0.02,881.08,0.0
990-M4519420,APARTAMENTO,ARRIENDO,20.32,300.0,2.0,4.0,2500000.0,2.0,COUNTRY,6,REMODELADO,4.71,-74.03,USADO,16000000.0,0,1,1,1,1,1,1,0,0,0,False,USAQUEN,BOSQUES DE MEDINA,Prado,2927.92,0,PARQUE METROPOLITANO EL COUNTRY,1481.26,0,0.07,53333.33,1.0,0.5,0.0,6.4,0.01,632.37,0.0
10082-M4664907,APARTAMENTO,ARRIENDO,20.32,45.0,1.0,2.0,250000.0,1.0,CHAPINERO ALTO,5,ENTRE 0 Y 5 ANOS,4.65,-74.05,USADO,2250000.0,0,0,1,1,1,0,0,0,0,1,False,CHAPINERO,S.C. MARIA CRISTINA,Calle 63,1263.35,0,PARQUE ZONAL GUSTAVO URIBE BOTERO,414.39,1,0.45,50000.0,1.0,0.5,0.0,9.0,0.02,620.8,0.0
800-M3846084,APARTAMENTO,ARRIENDO,20.32,325.0,4.0,4.0,3921395.93,4.0,CHICO,6,REMODELADO,4.66,-74.05,USADO,20000000.0,0,1,0,0,1,1,0,0,0,0,False,CHAPINERO,S.C. EL NOGAL,Calle 76 - San Felipe,988.55,0,PARQUE ZONAL SAN ANDRÉS,386.19,1,0.06,61538.46,1.0,1.0,0.0,5.1,0.01,565.73,0.0
438-M4029013,APARTAMENTO,ARRIENDO,20.32,160.0,4.0,4.0,728000.0,1.0,COUNTRY,6,ENTRE 10 Y 20 ANOS,4.71,-74.04,USADO,7000000.0,0,1,1,1,1,1,1,0,0,1,False,USAQUEN,SABANALARGA,Calle 127,1098.11,0,PARQUE METROPOLITANO EL COUNTRY,650.5,0,0.13,43750.0,0.25,1.0,0.0,9.62,0.02,364.49,1.0
800-M4417063,APARTAMENTO,VENTA,19.77,102.0,3.0,3.0,349600.0,2.0,CEDRITOS,4,MAS DE 20 ANOS,4.74,-74.03,USADO,,0,1,0,0,1,1,0,0,0,1,False,USAQUEN,VILLAS DEL MEDITERRANEO,Calle 161,1758.8,0,PARQUE ZONAL LA VIDA,501.45,0,0.19,,0.67,1.0,0.0,,0.03,651.18,0.0
3147-M4616073,APARTAMENTO,ARRIENDO,20.32,95.45,3.0,3.0,568000.0,2.0,SANTA BARBARA,5,MAS DE 20 ANOS,4.71,-74.05,USADO,540000000.0,0,0,0,0,1,0,0,0,0,0,False,USAQUEN,SANTA BARBARA OCCIDENTAL,Calle 127,570.95,0,PARQUE ZONAL ATABANZA,1079.44,0,0.21,5657412.26,0.67,1.0,0.0,950.7,0.03,361.16,5.0
3038-M4560729,APARTAMENTO,ARRIENDO,20.32,202.0,2.0,4.0,11111.0,3.0,CHICO,6,ENTRE 5 Y 10 ANOS,4.67,-74.05,USADO,7800000.0,0,1,1,0,1,1,0,0,0,1,False,CHAPINERO,S.C. CHICO NORTE,Virrey,1430.54,0,PARQUE VECINAL URBANIZACIÓN LA CABRERA,709.57,0,0.1,38613.86,1.5,0.5,0.0,702.01,0.01,309.52,1.0
5586-M4417146,APARTAMENTO,ARRIENDO,20.32,182.0,3.0,4.0,948000.0,2.0,SANTA BARBARA,5,ENTRE 5 Y 10 ANOS,4.7,-74.03,USADO,9000000.0,0,1,0,1,1,1,1,0,0,1,False,USAQUEN,SANTA BARBARA ORIENTAL,Calle 127,2857.9,0,PARQUE METROPOLITANO EL COUNTRY,1153.39,0,0.11,49450.55,0.67,0.75,0.0,9.49,0.02,624.26,0.0
3553-M4301613,APARTAMENTO,VENTA,19.93,80.0,2.0,2.0,679000.0,1.0,SANTA BARBARA,5,MAS DE 20 ANOS,4.7,-74.05,USADO,,0,1,0,1,1,0,0,0,0,1,False,USAQUEN,SANTA BARBARA OCCIDENTAL,Calle 127,506.69,0,PARQUE ZONAL ATABANZA,1142.26,0,0.25,,0.5,1.0,0.0,,0.02,394.32,3.0
717-M2759671,APARTAMENTO,VENTA,19.79,47.0,1.0,1.0,3921395.93,1.0,SANTA BARBARA,6,ENTRE 0 Y 5 ANOS,4.69,-74.04,USADO,,0,1,0,0,1,1,0,0,0,1,False,USAQUEN,SANTA BARBARA CENTRAL I Y II,Calle 106,1417.18,0,PARQUE METROPOLITANO EL COUNTRY,1415.39,0,0.42,,1.0,1.0,0.0,,0.02,485.03,1.0
2162-M4613831,APARTAMENTO,VENTA,21.14,200.0,3.0,5.0,1800000.0,2.0,CHICO,6,MAS DE 20 ANOS,4.67,-74.05,USADO,,0,1,0,0,1,0,0,0,0,1,False,CHAPINERO,LA CABRERA,Héroes - Gel´Hada,1461.93,0,PARQUE VECINAL URBANIZACIÓN LA CABRERA,519.03,0,0.11,,0.67,0.6,0.0,,0.02,531.14,0.0
15921-M4706328,APARTAMENTO,VENTA,20.45,130.0,5.0,5.0,670000.0,2.0,CEDRITOS,4,ENTRE 5 Y 10 ANOS,4.72,-74.04,USADO,,1,1,0,1,0,1,1,0,0,1,False,USAQUEN,CEDRO NARVAEZ,Calle 142,1588.69,0,PARQUE VECINAL NUEVA URBANIZACIÓN EL CEDRITO,417.89,1,0.16,,0.4,1.0,0.0,,0.04,266.68,1.0
2238-M4080799,APARTAMENTO,VENTA,19.84,44.0,1.0,2.0,592000.0,1.0,SANTA BARBARA,6,ENTRE 0 Y 5 ANOS,4.7,-74.04,USADO,,0,0,0,0,1,0,0,0,0,1,False,USAQUEN,SANTA BARBARA CENTRAL II SECTOR,Pepe Sierra,1804.2,0,PARQUE METROPOLITANO EL COUNTRY,860.66,0,0.45,,1.0,0.5,0.0,,0.02,723.53,0.0
717-M2585103,APARTAMENTO,ARRIENDO,20.32,187.0,3.0,3.0,750000.0,2.0,CHAPINERO ALTO,4,ENTRE 5 Y 10 ANOS,4.64,-74.06,USADO,8000000.0,0,1,0,0,1,1,0,0,0,1,False,CHAPINERO,S.C. BOSQUE CALDERON,Calle 57,558.9,0,PARQUE ZONAL GUSTAVO URIBE BOTERO,1451.53,0,0.11,42780.75,0.67,1.0,0.0,10.67,0.02,1078.79,0.0
3187-M4659506,APARTAMENTO,VENTA,19.61,60.0,2.0,2.0,517000.0,1.0,COUNTRY,5,MAS DE 20 ANOS,4.71,-74.03,USADO,,0,1,0,0,0,1,0,0,0,0,False,USAQUEN,BELLA SUIZA,Prado,2489.95,0,PARQUE METROPOLITANO EL COUNTRY,985.09,0,0.33,,0.5,1.0,0.0,,0.03,221.2,1.0
754-M3474834,APARTAMENTO,ARRIENDO,20.32,390.0,3.0,4.0,2100000.0,3.0,CHICO,6,MAS DE 20 ANOS,4.67,-74.04,USADO,25000000.0,0,1,0,1,1,1,0,0,0,1,False,CHAPINERO,CHICO ORIENTAL,Calle 85,2045.01,0,PARQUE VECINAL URBANIZACIÓN LA CABRERA,991.36,0,0.05,64102.56,1.0,0.75,0.0,11.9,0.01,937.1,0.0
5161-M4506469,APARTAMENTO,ARRIENDO,20.32,165.0,3.0,4.0,1200000.0,2.0,SANTA BARBARA,6,MAS DE 20 ANOS,4.7,-74.04,USADO,4300000.0,0,1,0,0,1,1,0,0,0,1,False,USAQUEN,SANTA BARBARA CENTRAL I SECTOR,Calle 127,1981.23,0,PARQUE METROPOLITANO EL COUNTRY,443.91,1,0.12,26060.61,0.67,0.75,0.0,3.58,0.02,612.95,0.0
717-M3091371,APARTAMENTO,VENTA,20.99,160.0,3.0,4.0,3921395.93,2.0,SANTA BARBARA,6,ENTRE 0 Y 5 ANOS,4.7,-74.03,USADO,,0,1,0,1,1,1,1,0,0,1,False,USAQUEN,LOS ALPES II SECTOR,Calle 127,2999.03,0,PARQUE METROPOLITANO EL COUNTRY,1302.5,0,0.13,,0.67,0.75,0.0,,0.02,662.58,0.0
754-M3248721,APARTAMENTO,VENTA,21.34,180.0,3.0,4.0,1350000.0,2.0,CHICO,6,MAS DE 20 ANOS,4.66,-74.05,USADO,,0,1,0,0,1,1,0,0,0,1,False,CHAPINERO,S.C. BELLAVISTA,Calle 76 - San Felipe,1062.44,0,PARQUE ZONAL SAN ANDRÉS,667.88,0,0.12,,0.67,0.75,0.0,,0.02,398.48,3.0
12477-M4567330,APARTAMENTO,VENTA,20.26,87.21,3.0,3.0,500000.0,2.0,COLINA Y ALREDEDORES,5,ENTRE 5 Y 10 ANOS,4.74,-74.06,USADO,,0,1,0,1,0,1,1,0,0,1,False,SUBA,CAMPOS DE SILENCIO,Calle 161,993.75,0,PARQUE VECINAL DESARROLLO CANTALEJO URBANIZACIÓN CANTALEJO MANZANA B,205.68,1,0.23,,0.67,1.0,0.0,,0.03,1411.39,0.0
3204-M4545244,APARTAMENTO,ARRIENDO,20.32,220.0,3.0,5.0,1800000.0,3.0,CHICO,6,MAS DE 20 ANOS,4.65,-74.05,USADO,13500000.0,0,1,0,0,1,0,0,0,0,1,False,CHAPINERO,S.C. BELLAVISTA,Calle 72,1217.91,0,PARQUE ZONAL GUSTAVO URIBE BOTERO,348.22,1,0.09,61363.64,1.0,0.6,0.0,7.5,0.01,460.47,1.0
717-M2584309,APARTAMENTO,ARRIENDO,20.32,180.0,3.0,4.0,3921395.93,2.0,SANTA BARBARA,5,ENTRE 5 Y 10 ANOS,4.7,-74.03,USADO,5000000.0,0,1,0,1,1,1,0,0,0,1,False,USAQUEN,SANTA BARBARA ORIENTAL,Calle 127,2790.66,0,PARQUE METROPOLITANO EL COUNTRY,1120.67,0,0.11,27777.78,0.67,0.75,0.0,1.28,0.02,473.06,1.0
754-M4639242,APARTAMENTO,VENTA,20.77,150.0,3.0,4.0,1179000.0,2.0,CHICO,6,MAS DE 20 ANOS,4.68,-74.04,USADO,,0,1,0,1,1,1,0,0,0,1,False,CHAPINERO,CHICO NORTE - URB. CONJUNTO DE LA CIEN,Calle 100 - Marketmedios,1823.31,0,PARQUE VECINAL URBANIZACIÓN LA CABRERA,1456.92,0,0.14,,0.67,0.75,0.0,,0.02,157.52,2.0
3271-M4134364,APARTAMENTO,VENTA,20.91,232.0,3.0,4.0,1300000.0,3.0,COUNTRY,6,MAS DE 20 ANOS,4.71,-74.03,USADO,,0,1,0,0,1,0,0,0,0,1,False,USAQUEN,BOSQUES DE MEDINA,Prado,2836.03,0,PARQUE METROPOLITANO EL COUNTRY,1349.42,0,0.09,,1.0,0.75,0.0,,0.01,531.42,0.0
2147-M3518501,APARTAMENTO,VENTA,20.54,130.0,3.0,3.0,615000.0,2.0,CEDRITOS,4,ENTRE 0 Y 5 ANOS,4.72,-74.03,USADO,,0,1,0,1,1,1,0,0,0,1,False,USAQUEN,LAS_ACACIAS,Calle 142,2281.16,0,PARQUE VECINAL NUEVA URBANIZACIÓN EL CEDRITO,361.86,1,0.16,,0.67,1.0,0.0,,0.02,831.44,0.0
2147-M3952635,APARTAMENTO,VENTA,19.81,68.5,2.0,2.0,472000.0,2.0,CHICO,6,MAS DE 20 ANOS,4.68,-74.04,USADO,,0,0,0,0,1,1,0,0,0,0,False,CHAPINERO,CHICO RESERVADO II SECTOR,Calle 100 - Marketmedios,1488.16,0,PARQUE ZONAL CANAL EL VIRREY EL CHICO,1239.85,0,0.29,,1.0,1.0,0.0,,0.03,183.37,2.0
800-M4697062,APARTAMENTO,VENTA,19.68,68.0,3.0,2.0,245000.0,1.0,COLINA Y ALREDEDORES,4,MAS DE 20 ANOS,4.75,-74.06,USADO,,0,0,0,0,0,1,0,0,0,1,False,SUBA,PORTALES DEL NORTE URB. SAN PEDRO,Toberin - Foundever,1925.88,0,PARQUE ZONAL SAN JOSÉ DE BAVARIA,275.82,1,0.29,,0.33,1.5,0.0,,0.04,2196.86,0.0
800-M3687113,APARTAMENTO,ARRIENDO,20.32,324.0,3.0,4.0,2361000.0,3.0,SANTA BARBARA,6,ENTRE 5 Y 10 ANOS,4.69,-74.03,USADO,16750000.0,0,1,0,1,0,1,1,0,0,0,False,USAQUEN,SANTA BARBARA ALTA,Pepe Sierra,2910.42,0,PARQUE METROPOLITANO EL COUNTRY,1735.42,0,0.06,51697.53,1.0,0.75,0.0,7.09,0.01,268.43,3.0
754-M4252349,APARTAMENTO,VENTA,21.06,187.0,3.0,3.0,1500000.0,2.0,CHICO,6,MAS DE 20 ANOS,4.66,-74.05,USADO,,0,1,0,1,1,1,0,0,0,1,False,CHAPINERO,ALTOS DE BELLAVISTA,Calle 72,1638.04,0,PARQUE ZONAL GUSTAVO URIBE BOTERO,722.87,0,0.11,,0.67,1.0,0.0,,0.02,886.63,0.0
3702-M4658842,APARTAMENTO,ARRIENDO,20.32,75.0,2.0,3.0,625788.0,2.0,NIZA ALHAMBRA,5,ENTRE 0 Y 5 ANOS,4.69,-74.06,USADO,3000000.0,0,0,0,1,1,0,0,0,0,1,False,SUBA,S.C. ESTORIL,Suba - Calle 100,532.24,0,PARQUE ZONAL CANAL CORDOBA,1186.76,0,0.27,40000.0,1.0,0.67,0.0,4.79,0.03,550.09,0.0
754-M4656442,APARTAMENTO,ARRIENDO,20.32,124.0,2.0,3.0,1030000.0,2.0,CHICO,6,ENTRE 10 Y 20 ANOS,4.68,-74.04,USADO,6000000.0,0,1,0,0,1,1,0,0,0,1,False,CHAPINERO,CHICO RESERVADO,Calle 100 - Marketmedios,1759.37,0,PARQUE VECINAL URBANIZACIÓN LA CABRERA,1298.58,0,0.16,48387.1,1.0,0.67,0.0,5.83,0.02,315.35,2.0
800-M3691157,APARTAMENTO,ARRIENDO,20.32,189.0,3.0,2.0,3921395.93,3.0,CHICO,6,ENTRE 0 Y 5 ANOS,4.67,-74.05,USADO,13000000.0,0,1,0,0,0,1,0,0,0,0,False,CHAPINERO,S.C. EL CHICO,Calle 85,1136.49,0,PARQUE VECINAL URBANIZACIÓN LA CABRERA,184.82,1,0.11,68783.07,1.0,1.5,0.0,3.32,0.02,96.86,1.0
10312-M4023495,APARTAMENTO,ARRIENDO,20.32,70.0,1.0,2.0,670000.0,2.0,COUNTRY,6,ENTRE 5 Y 10 ANOS,4.71,-74.04,USADO,4180000.0,0,0,1,0,1,1,0,0,0,1,False,USAQUEN,LA_CAROLINA,Prado,1389.3,0,PARQUE METROPOLITANO EL COUNTRY,568.44,0,0.29,59714.29,2.0,0.5,0.0,6.24,0.01,611.03,0.0
5586-M4460021,APARTAMENTO,ARRIENDO,20.32,200.0,3.0,4.0,1100000.0,2.0,CHICO,6,MAS DE 20 ANOS,4.67,-74.05,USADO,7900000.0,0,1,0,1,1,0,0,0,0,1,False,CHAPINERO,LA CABRERA,Héroes - Gel´Hada,1385.24,0,PARQUE ZONAL SAN ANDRÉS,458.42,1,0.1,39500.0,0.67,0.75,0.0,7.18,0.02,515.34,0.0
3038-M4658292,APARTAMENTO,ARRIENDO,20.32,30.0,1.0,1.0,1000.0,0.0,METROPOLIS,3,ENTRE 10 Y 20 ANOS,4.67,-74.06,USADO,1350000.0,0,0,1,0,0,0,0,0,0,0,False,BARRIOS UNIDOS,LA_AURORA,Polo,441.06,1,PARQUE ZONAL LA ESTACIÓN,469.98,1,0.68,45000.0,0.0,1.0,0.02,1350.0,0.03,898.46,0.0
13436-M4704967,APARTAMENTO,ARRIENDO,20.32,98.0,3.0,3.0,3921395.93,1.0,SANTA BARBARA,6,MAS DE 20 ANOS,4.69,-74.05,USADO,3800000.0,0,1,0,0,1,0,0,0,0,1,False,USAQUEN,RINCON DEL CHICO,Calle 100 - Marketmedios,1422.79,0,PARQUE ZONAL CANAL EL VIRREY EL CHICO,1729.15,0,0.21,38775.51,0.33,1.0,0.0,0.97,0.03,450.57,1.0
4-M3647390,APARTAMENTO,ARRIENDO,20.32,282.0,3.0,5.0,908000.0,3.0,COLINA Y ALREDEDORES,5,MAS DE 20 ANOS,4.73,-74.07,USADO,4300000.0,0,0,0,0,1,0,0,0,0,1,False,SUBA,ATENAS - HIBERNIA,Gratamira,634.82,0,PARQUE ZONAL EL TOMILLAR,833.32,0,0.07,15248.23,1.0,0.6,0.0,4.74,0.01,800.86,0.0
13974-M4150594,APARTAMENTO,ARRIENDO,20.32,133.0,3.0,2.0,660000.0,1.0,SANTA BARBARA,6,MAS DE 20 ANOS,4.68,-74.04,USADO,3100000.0,0,1,1,0,1,1,0,0,0,1,False,USAQUEN,ESCUELA DE INFANTERIA,Calle 100 - Marketmedios,1511.47,0,PARQUE ZONAL CANAL EL VIRREY EL CHICO,1557.34,0,0.15,23308.27,0.33,1.5,0.0,4.7,0.02,204.52,3.0
4957-M4705018,APARTAMENTO,ARRIENDO,20.32,235.0,3.0,5.0,2500000.0,2.0,CHICO,6,MAS DE 20 ANOS,4.66,-74.05,USADO,15000000.0,0,0,1,0,1,0,0,0,0,1,False,CHAPINERO,S.C. BELLAVISTA,Calle 72,1262.37,0,PARQUE ZONAL SAN ANDRÉS,757.06,0,0.09,63829.79,0.67,0.6,0.0,6.0,0.01,546.92,0.0
10139-M4513722,APARTAMENTO,ARRIENDO,20.32,358.0,4.0,5.0,3000000.0,4.0,CHICO,6,ENTRE 10 Y 20 ANOS,4.67,-74.05,USADO,25000000.0,0,0,0,1,1,0,0,0,0,1,False,CHAPINERO,S.C. EL CHICO,Calle 85,1574.4,0,PARQUE VECINAL URBANIZACIÓN LA CABRERA,531.03,0,0.06,69832.4,1.0,0.8,0.0,8.33,0.01,467.97,1.0
304-M4530794,APARTAMENTO,ARRIENDO,20.32,200.0,3.0,4.0,1200000.0,2.0,CHICO,5,MAS DE 20 ANOS,4.66,-74.05,USADO,7100000.0,0,1,0,0,1,1,0,0,0,1,False,CHAPINERO,S.C. EL NOGAL,Héroes - Gel´Hada,1011.04,0,PARQUE ZONAL SAN ANDRÉS,41.46,1,0.1,35500.0,0.67,0.75,0.0,5.92,0.02,236.44,4.0
523-M4611811,APARTAMENTO,ARRIENDO,20.32,220.0,3.0,3.0,1000000.0,2.0,CHICO,6,ENTRE 10 Y 20 ANOS,4.66,-74.05,USADO,7000000.0,0,0,0,0,0,1,0,0,0,1,False,CHAPINERO,LOS ROSALES,Calle 76 - San Felipe,1242.97,0,PARQUE ZONAL SAN ANDRÉS,639.87,0,0.09,31818.18,0.67,1.0,0.0,7.0,0.01,600.98,0.0
917-M4560743,APARTAMENTO,ARRIENDO,20.32,170.0,3.0,4.0,1700000.0,2.0,SANTA BARBARA,6,MAS DE 20 ANOS,4.69,-74.03,USADO,7000000.0,0,1,0,1,1,1,0,0,0,1,False,USAQUEN,SANTA ANA ORIENTAL,Calle 106,2717.31,0,PARQUE METROPOLITANO EL COUNTRY,1915.33,0,0.12,41176.47,0.67,0.75,0.0,4.12,0.02,437.97,2.0
770-M4203423,APARTAMENTO,ARRIENDO,20.32,115.0,3.0,2.0,3921395.93,2.0,SANTA BARBARA,6,MAS DE 20 ANOS,4.7,-74.04,USADO,4950000.0,0,1,0,0,1,0,0,0,0,1,False,USAQUEN,SANTA BARBARA CENTRAL IV SECTOR,Pepe Sierra,2181.69,0,PARQUE METROPOLITANO EL COUNTRY,798.44,0,0.18,43043.48,0.67,1.5,0.0,1.26,0.03,411.33,1.0
22-M4611707,APARTAMENTO,ARRIENDO,20.32,50.0,2.0,1.0,3921395.93,0.0,COLINA Y ALREDEDORES,3,ENTRE 10 Y 20 ANOS,4.71,-74.06,USADO,1328000.0,0,0,1,0,0,1,0,0,0,1,False,SUBA,PRADO SUR,Niza - Calle 127,1034.45,0,PARQUE ZONAL ATABANZA,764.46,0,0.41,26560.0,0.0,2.0,0.0,0.34,0.04,981.22,0.0
10861-M4515585,APARTAMENTO,VENTA,19.64,65.59,3.0,2.0,250000.0,1.0,SALITRE MODELIA,4,ENTRE 10 Y 20 ANOS,4.67,-74.13,USADO,,0,0,0,0,1,1,0,0,0,1,False,FONTIBON,CAPELLANIA,Modelia,1570.16,0,PARQUE VECINAL VILLA HELENA VILLEMAR,1030.61,0,0.3,,0.33,1.5,0.0,,0.05,734.8,0.0
3147-M4652632,APARTAMENTO,VENTA,19.87,80.33,3.0,2.0,190000.0,1.0,CENTRO Y ZONA COLONIAL,3,ENTRE 0 Y 5 ANOS,4.61,-74.09,USADO,,0,0,0,1,1,1,0,0,0,1,False,LOS MARTIRES,RICAURTE,Ricaurte - CL 13,210.03,1,PARQUE ZONAL INDUSTRIAL LOS EJIDOS,1103.71,0,0.25,,0.33,1.5,0.0,,0.04,2097.29,0.0
14384-M4701321,APARTAMENTO,ARRIENDO,20.32,54.0,2.0,2.0,390000.0,2.0,CHICO,6,ENTRE 5 Y 10 ANOS,4.68,-74.05,USADO,6500000.0,0,0,0,0,1,1,0,0,0,1,False,CHAPINERO,S.C. CHICO NORTE,Virrey,1024.16,0,PARQUE ZONAL CANAL EL VIRREY EL CHICO,565.45,0,0.38,120370.37,1.0,1.0,0.0,16.67,0.04,170.39,2.0
754-M4558825,APARTAMENTO,VENTA,21.24,207.0,3.0,3.0,1468000.0,3.0,CHICO,6,ENTRE 10 Y 20 ANOS,4.67,-74.05,USADO,,0,1,0,0,1,1,0,0,0,0,False,CHAPINERO,EL REFUGIO,Héroes - Gel´Hada,1680.28,0,PARQUE VECINAL URBANIZACIÓN LA CABRERA,647.07,0,0.1,,1.0,1.0,0.0,,0.01,626.93,0.0
515-M4140622,APARTAMENTO,VENTA,20.62,152.0,3.0,3.0,840000.0,2.0,SANTA BARBARA,6,MAS DE 20 ANOS,4.7,-74.04,USADO,,0,1,0,0,1,0,0,0,0,1,False,USAQUEN,SANTA BARBARA CENTRAL I SECTOR,Pepe Sierra,1608.86,0,PARQUE METROPOLITANO EL COUNTRY,794.85,0,0.14,,0.67,1.0,0.0,,0.02,596.58,0.0
482-M4539634,APARTAMENTO,ARRIENDO,20.32,108.0,2.0,3.0,1150000.0,2.0,SANTA BARBARA,6,ENTRE 5 Y 10 ANOS,4.69,-74.05,USADO,5100000.0,0,0,0,1,1,1,0,0,0,1,False,USAQUEN,SANTA BIBIANA,Calle 106,477.54,1,PARQUE ZONAL CANAL CORDOBA,1800.63,0,0.19,47222.22,1.0,0.67,0.0,4.43,0.02,443.12,1.0
16285-M4561356,APARTAMENTO,ARRIENDO,20.32,205.0,4.0,4.0,3921395.93,3.0,SANTA BARBARA,6,ENTRE 10 Y 20 ANOS,4.69,-74.05,USADO,6500000.0,0,1,1,0,1,1,0,0,0,1,False,USAQUEN,SANTA BIBIANA,Calle 106,592.37,0,PARQUE VECINAL URBANIZACIÓN NORMANDIA I II II Y IV SECTOR,1483.15,0,0.1,31707.32,0.75,1.0,0.0,1.66,0.02,618.65,0.0
10921-M4463360,APARTAMENTO,VENTA,19.54,59.88,3.0,2.0,211000.0,1.0,CASTILLA MARSELLA,3,ENTRE 0 Y 5 ANOS,4.65,-74.15,USADO,,0,0,0,1,1,1,1,0,0,1,False,KENNEDY,MONTERREY_,Transversal 86,1292.43,0,PARQUE METROPOLITANO BIBLIOTECA EL TINTAL,695.46,0,0.33,,0.33,1.5,0.0,,0.05,2305.32,0.0
10139-M4452827,APARTAMENTO,ARRIENDO,20.32,60.0,2.0,2.0,560000.0,1.0,CHICO,6,ENTRE 0 Y 5 ANOS,4.68,-74.05,USADO,4800000.0,0,0,0,1,1,0,0,0,0,1,False,CHAPINERO,S.C. CHICO NORTE,Virrey,595.18,0,PARQUE VECINAL URBANIZACIÓN NORMANDIA I II II Y IV SECTOR,495.91,1,0.34,80000.0,0.5,1.0,0.0,8.57,0.03,289.46,2.0
3340-M4595963,APARTAMENTO,ARRIENDO,20.32,230.0,3.0,4.0,1471700.0,4.0,SANTA BARBARA,5,MAS DE 20 ANOS,4.71,-74.05,USADO,6028300.0,0,1,0,0,1,0,0,0,0,1,False,USAQUEN,SANTA BARBARA OCCIDENTAL,Calle 127,425.5,1,PARQUE ZONAL ATABANZA,949.8,0,0.09,26210.0,1.33,0.75,0.0,4.1,0.01,246.67,5.0
16466-M4645737,APARTAMENTO,VENTA,20.05,109.0,3.0,3.0,538000.0,2.0,CEDRITOS,4,ENTRE 10 Y 20 ANOS,4.72,-74.03,USADO,,0,1,0,1,1,0,0,0,0,1,False,USAQUEN,CEDRITOS,Alcalá,1908.48,0,PARQUE VECINAL NUEVA URBANIZACIÓN EL CEDRITO,542.83,0,0.18,,0.67,1.0,0.0,,0.03,362.14,1.0
3204-M2685013,APARTAMENTO,ARRIENDO,20.32,365.0,3.0,5.0,2500000.0,4.0,CHICO,6,ENTRE 10 Y 20 ANOS,4.67,-74.05,USADO,16000000.0,0,1,0,1,1,1,1,0,0,1,False,CHAPINERO,S.C. CHICO NORTE,Virrey,1512.63,0,PARQUE VECINAL URBANIZACIÓN LA CABRERA,721.28,0,0.06,43835.62,1.33,0.6,0.0,6.4,0.01,406.05,1.0
5586-M4644282,APARTAMENTO,ARRIENDO,20.32,300.0,3.0,4.0,1700000.0,4.0,CHICO,6,ENTRE 10 Y 20 ANOS,4.68,-74.06,USADO,13300000.0,1,1,0,1,1,0,0,0,0,1,False,CHAPINERO,S.C. EL CHICO,Virrey,330.17,1,PARQUE VECINAL URBANIZACIÓN NORMANDIA I II II Y IV SECTOR,315.83,1,0.07,44333.33,1.33,0.75,0.0,7.82,0.01,351.27,1.0
717-M3298559,APARTAMENTO,VENTA,20.63,143.0,3.0,3.0,700000.0,2.0,SANTA BARBARA,6,ENTRE 10 Y 20 ANOS,4.7,-74.05,USADO,,0,0,0,1,1,1,0,0,0,1,False,USAQUEN,SAN PATRICIO,Pepe Sierra,994.57,0,PARQUE METROPOLITANO EL COUNTRY,1175.18,0,0.14,,0.67,1.0,0.0,,0.02,159.11,3.0
12374-M4543748,APARTAMENTO,ARRIENDO,20.32,24.0,1.0,1.0,3921395.93,1.0,CENTRO Y ZONA COLONIAL,3,ENTRE 0 Y 5 ANOS,4.6,-74.07,USADO,2300000.0,0,0,0,1,0,1,0,0,0,1,False,SANTA FE,VERACRUZ__,Las Aguas - Centro Colombo Americano,84.61,1,PARQUE ZONAL SENDERO A MONSERRATE,856.05,0,0.85,95833.33,1.0,1.0,0.0,0.59,0.04,197.14,5.0
10312-M3487332,APARTAMENTO,VENTA,20.65,158.0,3.0,3.0,1126000.0,2.0,CERROS DE SUBA,6,MAS DE 20 ANOS,4.72,-74.08,USADO,,1,1,0,0,1,1,0,0,0,1,False,SUBA,EL JORDAN LA ESPERANZA 2,Suba - AV. Boyacá,942.18,0,PARQUE VECINAL AGRUPACIÓN DE VIVIENDA EN BALCON DE LINDARAJA,437.09,1,0.13,,0.67,1.0,0.0,,0.02,1348.42,0.0
3702-M4647567,APARTAMENTO,VENTA,20.25,176.0,3.0,3.0,575000.0,3.0,SANTA BARBARA,6,MAS DE 20 ANOS,4.69,-74.04,USADO,,0,1,0,0,1,0,0,0,0,1,False,USAQUEN,SANTA BARBARA CENTRAL III SECTOR,Pepe Sierra,2179.53,0,PARQUE METROPOLITANO EL COUNTRY,1143.23,0,0.12,,1.0,1.0,0.0,,0.02,473.55,4.0
4969-M4644535,APARTAMENTO,VENTA,19.67,68.0,2.0,2.0,241000.0,1.0,NICOLAS DE FEDERMAN,5,MAS DE 20 ANOS,4.65,-74.08,USADO,,0,0,0,0,1,0,0,0,0,1,False,TEUSAQUILLO,NICOLAS DE FEDERMAN,Movistar Arena,425.77,1,PARQUE ESCENARIO DEPORTIVO COMPLEJO ACUATICO,261.04,1,0.29,,0.5,1.0,0.0,,0.03,527.31,0.0
16400-M4727834,APARTAMENTO,VENTA,19.81,62.0,3.0,2.0,312000.0,1.0,COLINA Y ALREDEDORES,3,ENTRE 0 Y 5 ANOS,4.75,-74.05,USADO,,0,0,0,0,1,1,0,0,0,1,False,SUBA,,Portal Norte,914.49,0,PARQUE VECINAL DESARROLLO CANTALEJO URBANIZACIÓN CANTALEJO MANZANA B,1091.13,0,0.32,,0.33,1.5,0.0,,0.05,1522.99,0.0
16587-M4708040,APARTAMENTO,VENTA,19.69,59.0,1.0,2.0,464000.0,2.0,CEDRITOS,4,ENTRE 5 Y 10 ANOS,4.72,-74.05,USADO,,0,0,0,0,1,1,0,0,0,0,False,USAQUEN,LOS CEDRITOS,Calle 142,539.11,0,PARQUE VECINAL PRADO PINZÓN,862.23,0,0.33,,2.0,0.5,0.0,,0.02,448.85,1.0
2359-M4709099,APARTAMENTO,VENTA,20.82,169.0,2.0,3.0,1700000.0,4.0,CHICO,6,MAS DE 20 ANOS,4.66,-74.05,USADO,,0,1,0,1,1,1,0,0,0,1,False,CHAPINERO,S.C. BELLAVISTA,Calle 72,1121.45,0,PARQUE ZONAL SAN ANDRÉS,805.29,0,0.12,,2.0,0.67,0.0,,0.01,393.8,1.0
3222-M4562850,APARTAMENTO,VENTA,19.28,48.0,2.0,1.0,3921395.93,1.0,CENTRO Y ZONA COLONIAL,3,ENTRE 10 Y 20 ANOS,4.6,-74.09,USADO,,0,0,0,0,0,1,0,0,0,1,False,LOS MARTIRES,EL PROGRESO,Guatoque - Veraguas,410.45,1,PARQUE ZONAL EDUARDO SANTOS,503.54,0,0.4,,0.5,2.0,0.0,,0.04,1861.43,0.0
754-M4149017,APARTAMENTO,VENTA,21.19,200.0,3.0,3.0,1343000.0,2.0,CHICO,6,MAS DE 20 ANOS,4.66,-74.05,USADO,,0,1,0,1,1,1,0,0,0,1,False,CHAPINERO,BOSQUE EL RETIRO I SECTOR,Héroes - Gel´Hada,1511.8,0,PARQUE ZONAL SAN ANDRÉS,539.51,0,0.11,,0.67,1.0,0.0,,0.02,651.31,0.0
754-M3886578,APARTAMENTO,VENTA,21.64,317.0,4.0,5.0,1176000.0,4.0,COUNTRY,6,ENTRE 10 Y 20 ANOS,4.71,-74.03,USADO,,1,1,0,1,1,1,1,0,0,1,False,USAQUEN,GINEBRA,Prado,2762.64,0,PARQUE METROPOLITANO EL COUNTRY,1239.71,0,0.07,,1.0,0.8,0.0,,0.01,461.02,1.0
523-M2864261,APARTAMENTO,VENTA,21.73,254.0,4.0,4.0,2000000.0,2.0,CHICO,6,ENTRE 0 Y 5 ANOS,4.66,-74.05,USADO,,0,1,0,0,1,1,0,0,0,1,False,CHAPINERO,BOSQUE EL RETIRO I SECTOR,Calle 76 - San Felipe,1728.27,0,PARQUE ZONAL SAN ANDRÉS,791.06,0,0.09,,0.5,1.0,0.0,,0.02,943.96,0.0
2748-M4413416,APARTAMENTO,VENTA,20.82,198.0,3.0,5.0,800000.0,3.0,SANTA BARBARA,6,REMODELADO,4.69,-74.06,USADO,,1,1,0,1,1,1,0,0,0,1,False,USAQUEN,SANTA BIBIANA,Calle 100 - Marketmedios,520.87,0,PARQUE VECINAL URBANIZACIÓN NORMANDIA I II II Y IV SECTOR,1237.21,0,0.11,,1.0,0.6,0.0,,0.02,664.29,0.0
2456-M3491269,APARTAMENTO,VENTA,20.32,105.0,3.0,3.0,420000.0,2.0,COLINA Y ALREDEDORES,5,REMODELADO,4.74,-74.06,USADO,,0,1,0,1,1,1,1,0,0,1,False,SUBA,URB. CARIMAGUA I,Calle 161,1121.02,0,PARQUE VECINAL DESARROLLO CANTALEJO URBANIZACIÓN CANTALEJO MANZANA B,271.71,1,0.19,,0.67,1.0,0.0,,0.03,1271.89,0.0
2456-M4140228,APARTAMENTO,VENTA,20.56,139.0,3.0,4.0,400000.0,2.0,COLINA Y ALREDEDORES,5,ENTRE 0 Y 5 ANOS,4.74,-74.07,USADO,,0,1,0,1,1,1,0,0,0,1,False,SUBA,URB. LA SIRENA,Gratamira,1408.37,0,PARQUE ZONAL EL TOMILLAR,1033.33,0,0.15,,0.67,0.75,0.0,,0.02,342.4,1.0
9816-M4642009,APARTAMENTO,ARRIENDO,20.32,90.0,2.0,2.0,764000.0,2.0,SANTA BARBARA,6,ENTRE 10 Y 20 ANOS,4.7,-74.05,USADO,2436000.0,0,1,1,0,1,1,0,0,0,1,False,USAQUEN,SANTA BARBARA OCCIDENTAL,Calle 127,913.84,0,PARQUE METROPOLITANO EL COUNTRY,1019.31,0,0.23,27066.67,1.0,1.0,0.0,3.19,0.02,343.12,1.0
13436-M4743716,APARTAMENTO,ARRIENDO,20.32,195.0,3.0,3.0,1500000.0,3.0,CHICO,6,MAS DE 20 ANOS,4.68,-74.06,USADO,12500000.0,0,0,0,1,1,0,0,0,0,1,False,CHAPINERO,S.C. CHICO NORTE III SECTOR,Calle 100 - Marketmedios,343.97,1,PARQUE VECINAL URBANIZACIÓN NORMANDIA I II II Y IV SECTOR,646.34,0,0.1,64102.56,1.0,1.0,0.0,8.33,0.02,191.0,1.0
10278-M4468760,APARTAMENTO,ARRIENDO,20.32,249.0,4.0,5.0,1990000.0,3.0,CHICO,6,ENTRE 10 Y 20 ANOS,4.67,-74.04,USADO,19000000.0,1,1,0,0,1,1,0,0,0,1,False,CHAPINERO,S.C. EL BAGAZAL,Calle 85,2012.99,0,PARQUE VECINAL URBANIZACIÓN LA CABRERA,952.87,0,0.08,76305.22,0.75,0.8,0.0,9.55,0.02,911.44,0.0
11278-M4680626,APARTAMENTO,ARRIENDO,20.32,63.0,1.0,2.0,3921395.93,1.0,SANTA BARBARA,5,ENTRE 5 Y 10 ANOS,4.69,-74.04,USADO,3500000.0,0,0,0,0,0,0,0,0,0,1,False,USAQUEN,SANTA ANA OCCIDENTAL,Calle 106,2355.18,0,PARQUE METROPOLITANO EL COUNTRY,2096.09,0,0.32,55555.56,1.0,0.5,0.0,0.89,0.02,532.91,0.0
4-M4342141,APARTAMENTO,ARRIENDO,20.32,230.0,3.0,5.0,1150000.0,3.0,CHICO,6,MAS DE 20 ANOS,4.66,-74.05,USADO,11000000.0,0,1,0,1,1,1,0,0,0,1,False,CHAPINERO,EL REFUGIO,Héroes - Gel´Hada,1624.08,0,PARQUE ZONAL SAN ANDRÉS,664.75,0,0.09,47826.09,1.0,0.6,0.0,9.57,0.01,753.97,0.0
2266-M4587719,APARTAMENTO,ARRIENDO,20.32,182.0,3.0,4.0,950000.0,3.0,SANTA BARBARA,6,ENTRE 10 Y 20 ANOS,4.7,-74.03,USADO,9000000.0,0,1,1,1,1,1,1,0,0,1,False,USAQUEN,LOS ALPES II SECTOR,Calle 127,2906.44,0,PARQUE METROPOLITANO EL COUNTRY,1202.85,0,0.11,49450.55,1.0,0.75,0.0,9.47,0.02,641.57,0.0
11278-M4697250,APARTAMENTO,ARRIENDO,20.32,290.0,3.0,4.0,1640000.0,3.0,CHICO,6,ENTRE 10 Y 20 ANOS,4.67,-74.06,USADO,11500000.0,0,1,0,1,0,0,0,0,0,1,False,CHAPINERO,S.C. ANTIGUO COUNTRY,Calle 85,281.91,1,PARQUE METROPOLITANO RECONCILIACIÓN,208.21,1,0.07,39655.17,1.0,0.75,0.0,7.01,0.01,324.11,3.0
800-M4419334,APARTAMENTO,ARRIENDO,20.32,206.0,3.0,5.0,1207000.0,2.0,COUNTRY,6,MAS DE 20 ANOS,4.71,-74.03,USADO,1300000000.0,0,1,1,0,0,1,0,0,0,1,False,USAQUEN,BOSQUES DE MEDINA,Prado,2743.69,0,PARQUE METROPOLITANO EL COUNTRY,1282.4,0,0.1,6310679.61,0.67,0.6,0.0,1077.05,0.01,439.53,1.0
3038-M4516884,APARTAMENTO,ARRIENDO,20.32,170.0,3.0,3.0,500000.0,2.0,COUNTRY,6,ENTRE 10 Y 20 ANOS,4.71,-74.04,USADO,10000000.0,0,1,1,1,1,1,0,0,0,1,False,USAQUEN,PLENITUD LA CALLEJA,Calle 127,1188.6,0,PARQUE METROPOLITANO EL COUNTRY,656.51,0,0.12,58823.53,0.67,1.0,0.0,20.0,0.02,507.52,0.0
3702-M4419109,APARTAMENTO,ARRIENDO,20.32,230.0,3.0,4.0,1800000.0,3.0,CHICO,6,MAS DE 20 ANOS,4.65,-74.05,USADO,8700000.0,0,1,1,0,1,0,0,0,0,1,False,CHAPINERO,S.C. BELLAVISTA,Calle 72,1213.13,0,PARQUE ZONAL GUSTAVO URIBE BOTERO,346.19,1,0.09,37826.09,1.0,0.75,0.0,4.83,0.01,454.12,1.0
272-M4706612,APARTAMENTO,ARRIENDO,20.32,46.0,3.0,2.0,119000.0,0.0,KENNEDY,3,ENTRE 10 Y 20 ANOS,4.64,-74.15,USADO,1150000.0,0,0,0,0,1,1,0,0,0,1,False,KENNEDY,PIO XII,Transversal 86,264.67,1,PARQUE METROPOLITANO BIBLIOTECA EL TINTAL,934.21,0,0.44,25000.0,0.0,1.5,0.0,9.66,0.07,2630.08,0.0
10139-M4657017,APARTAMENTO,VENTA,19.67,53.0,1.0,2.0,258800.0,1.0,CEDRITOS,4,ENTRE 10 Y 20 ANOS,4.73,-74.04,USADO,,0,0,0,1,1,0,0,0,0,1,False,USAQUEN,LOS CEDRITOS,Calle 142,752.03,0,PARQUE VECINAL PRADO PINZÓN,1127.16,0,0.37,,1.0,0.5,0.0,,0.02,819.22,0.0
10921-M4554710,APARTAMENTO,VENTA,20.32,153.4,5.0,3.0,3921395.93,1.0,NICOLAS DE FEDERMAN,4,MAS DE 20 ANOS,4.65,-74.09,USADO,,0,0,0,0,1,1,0,0,0,1,False,TEUSAQUILLO,PABLO VI ETAPA I,Movistar Arena,746.34,0,PARQUE ZONAL NICOLAS DE FEDERMAN 3,230.28,1,0.13,,0.2,1.67,0.0,,0.03,801.17,0.0
717-M2450489,APARTAMENTO,VENTA,21.25,273.0,3.0,5.0,765000.0,3.0,SANTA BARBARA,6,ENTRE 10 Y 20 ANOS,4.69,-74.04,USADO,,0,1,0,0,1,1,0,0,0,1,False,USAQUEN,SANTA BARBARA CENTRAL I Y II,Calle 106,1435.68,0,PARQUE METROPOLITANO EL COUNTRY,1669.79,0,0.08,,1.0,0.6,0.0,,0.01,601.96,0.0
3561-M3777215,APARTAMENTO,VENTA,19.55,67.0,3.0,2.0,3921395.93,1.0,CIUDAD BOLIVAR,3,ENTRE 5 Y 10 ANOS,4.58,-74.16,USADO,,0,0,0,0,0,1,0,0,0,0,False,CIUDAD BOLIVAR,S.C. ATLANTA,CC Paseo Villa del Río - Madelena,1378.37,0,PARQUE ZONAL EL TALLER EL ENSUEÑO,550.45,0,0.29,,0.33,1.5,0.0,,0.04,1635.15,0.0
523-M2909766,APARTAMENTO,ARRIENDO,20.32,380.0,4.0,5.0,2000000.0,3.0,COUNTRY,6,ENTRE 5 Y 10 ANOS,4.72,-74.04,USADO,20000000.0,0,1,1,1,1,1,1,0,0,1,True,USAQUEN,NUEVO COUNTRY,Prado,1253.64,0,PARQUE VECINAL NUEVA URBANIZACIÓN EL CEDRITO,1213.27,0,0.05,52631.58,0.75,0.8,0.0,10.0,0.01,603.65,0.0
2238-M3312553,APARTAMENTO,VENTA,20.13,106.0,2.0,3.0,578000.0,1.0,SANTA BARBARA,6,REMODELADO,4.7,-74.04,USADO,,0,0,0,0,1,0,0,0,0,1,False,USAQUEN,SANTA BARBARA CENTRAL I SECTOR,Calle 127,1916.44,0,PARQUE METROPOLITANO EL COUNTRY,623.28,0,0.19,,0.5,0.67,0.0,,0.02,627.45,0.0
717-M4601346,APARTAMENTO,VENTA,20.71,140.0,3.0,3.0,928000.0,2.0,SANTA BARBARA,6,ENTRE 10 Y 20 ANOS,4.69,-74.05,USADO,,0,1,0,0,1,1,0,0,0,1,False,USAQUEN,SAN PATRICIO,Calle 106,744.86,0,PARQUE METROPOLITANO EL COUNTRY,1818.55,0,0.15,,0.67,1.0,0.0,,0.02,273.0,2.0
15534-M4655993,APARTAMENTO,VENTA,21.25,165.0,3.0,4.0,1170000.0,2.0,CHICO,6,ENTRE 5 Y 10 ANOS,4.68,-74.05,USADO,,0,1,0,1,0,0,0,0,0,0,False,CHAPINERO,S.C. CHICO NORTE,Virrey,1024.16,0,PARQUE ZONAL CANAL EL VIRREY EL CHICO,565.45,0,0.13,,0.67,0.75,0.0,,0.02,170.39,2.0
2571-M4592729,APARTAMENTO,ARRIENDO,20.32,35.0,2.0,1.0,11111.0,0.0,CASTILLA MARSELLA,3,REMODELADO,4.63,-74.15,USADO,920000.0,0,0,0,0,0,0,0,0,0,1,False,KENNEDY,PIO XII,Transversal 86,141.43,1,PARQUE METROPOLITANO CAYETANO CAÑIZARES,1068.75,0,0.58,26285.71,0.0,2.0,0.0,82.8,0.06,2271.99,0.0
3204-M2676045,APARTAMENTO,ARRIENDO,20.32,200.0,1.0,3.0,1500000.0,3.0,CHICO,6,ENTRE 0 Y 5 ANOS,4.65,-74.05,USADO,12000000.0,0,1,1,1,1,1,1,0,0,1,False,CHAPINERO,S.C. BELLAVISTA,Calle 72,1294.88,0,PARQUE ZONAL GUSTAVO URIBE BOTERO,398.88,1,0.1,60000.0,3.0,0.33,0.0,8.0,0.0,564.61,0.0
22-M4694550,APARTAMENTO,ARRIENDO,20.32,113.0,3.0,2.0,504600.0,2.0,COLINA Y ALREDEDORES,5,ENTRE 10 Y 20 ANOS,4.73,-74.07,USADO,2200000.0,0,1,1,1,1,1,0,0,0,1,False,SUBA,URB. PARQUES DE LA COLINA,Gratamira,863.57,0,PARQUE VECINAL PRADO PINZÓN,1455.01,0,0.18,19469.03,0.67,1.5,0.0,4.36,0.03,257.36,1.0
3340-M4694066,APARTAMENTO,ARRIENDO,20.32,231.0,3.0,5.0,2613000.0,4.0,CHICO,6,ENTRE 10 Y 20 ANOS,4.68,-74.05,USADO,12000000.0,0,1,0,0,1,0,0,0,0,1,False,CHAPINERO,S.C. CHICO NORTE,Virrey,1448.93,0,PARQUE VECINAL URBANIZACIÓN LA CABRERA,783.97,0,0.09,51948.05,1.33,0.6,0.0,4.59,0.01,286.68,1.0
10139-M3647400,APARTAMENTO,VENTA,21.34,257.0,3.0,4.0,1575000.0,4.0,SANTA BARBARA,6,ENTRE 10 Y 20 ANOS,4.7,-74.06,USADO,,0,0,0,0,1,1,0,0,0,0,False,USAQUEN,SAN PATRICIO,Pepe Sierra,47.18,1,PARQUE ZONAL CANAL CORDOBA,1182.43,0,0.08,,1.33,0.75,0.0,,0.01,583.62,0.0
717-M3053903,APARTAMENTO,VENTA,20.91,177.0,3.0,3.0,3921395.93,2.0,SANTA BARBARA,6,ENTRE 5 Y 10 ANOS,4.7,-74.05,USADO,,0,1,0,0,1,1,0,0,0,1,False,USAQUEN,SAN PATRICIO,Pepe Sierra,911.61,0,PARQUE METROPOLITANO EL COUNTRY,1254.62,0,0.12,,0.67,1.0,0.0,,0.02,98.76,3.0
5586-M4644508,APARTAMENTO,ARRIENDO,20.32,299.0,4.0,5.0,2064000.0,3.0,CHICO,6,MAS DE 20 ANOS,4.66,-74.05,USADO,9000000.0,0,1,0,1,1,0,0,0,0,1,False,CHAPINERO,S.C. BELLAVISTA,Calle 72,1083.75,0,PARQUE ZONAL GUSTAVO URIBE BOTERO,578.72,0,0.07,30100.33,0.75,0.8,0.0,4.36,0.01,337.34,3.0
434-M3558161,APARTAMENTO,VENTA,19.49,69.0,3.0,2.0,160000.0,0.0,ORQUIDEAS,3,ENTRE 0 Y 5 ANOS,4.76,-74.03,USADO,,0,1,0,1,1,1,0,0,0,1,False,USAQUEN,SAN JOSE DE USAQUEN,Portal Norte,1424.29,0,PARQUE VECINAL URBANIZACIÓN CALLE 170 / ALAMEDA,544.91,0,0.28,,0.0,1.5,0.0,,0.04,988.42,0.0
717-M2371702,APARTAMENTO,VENTA,21.39,143.0,2.0,4.0,888000.0,3.0,CHICO,5,ENTRE 0 Y 5 ANOS,4.66,-74.06,USADO,,0,1,0,0,1,1,0,0,0,1,False,CHAPINERO,S.C. PORCIUNCULA,Calle 76 - San Felipe,511.49,0,PARQUE ZONAL SAN ANDRÉS,830.22,0,0.15,,1.5,0.5,0.0,,0.01,322.15,4.0
11293-M4120594,APARTAMENTO,VENTA,20.23,120.0,3.0,3.0,850000000.0,2.0,NIZA ALHAMBRA,5,ENTRE 10 Y 20 ANOS,4.69,-74.06,USADO,,1,1,0,0,1,1,0,0,0,1,False,SUBA,PUENTE LARGO SECTOR I Y II,Puentelargo,349.94,1,PARQUE ZONAL CANAL CORDOBA,854.76,0,0.17,,0.67,1.0,0.0,,0.02,658.84,0.0
2162-M4613913,APARTAMENTO,VENTA,21.14,200.0,3.0,5.0,1800000.0,2.0,CHICO,6,REMODELADO,4.67,-74.05,USADO,,0,1,0,0,1,0,0,0,0,1,False,CHAPINERO,LA CABRERA,Héroes - Gel´Hada,1461.93,0,PARQUE VECINAL URBANIZACIÓN LA CABRERA,519.03,0,0.11,,0.67,0.6,0.0,,0.02,531.14,0.0
2456-M3105739,APARTAMENTO,VENTA,20.57,155.0,3.0,4.0,400000.0,2.0,COLINA Y ALREDEDORES,5,ENTRE 0 Y 5 ANOS,4.73,-74.06,USADO,,0,1,0,1,1,1,0,0,0,1,False,SUBA,URB. EUCALIPTOS DE LA COLINA,Gratamira,1235.23,0,PARQUE VECINAL URBANIZACIÓN LA LAGUNA,1145.83,0,0.13,,0.67,0.75,0.0,,0.02,301.11,2.0
717-M4463746,APARTAMENTO,VENTA,20.25,100.0,3.0,3.0,3921395.93,1.0,SANTA BARBARA,6,MAS DE 20 ANOS,4.69,-74.05,USADO,,0,1,0,0,0,1,0,0,0,1,False,USAQUEN,SAN PATRICIO,Calle 106,578.96,0,PARQUE ZONAL CANAL CORDOBA,1713.79,0,0.2,,0.33,1.0,0.0,,0.03,167.15,2.0
2162-M4613896,APARTAMENTO,VENTA,21.14,200.0,3.0,5.0,1800000.0,2.0,CHICO,6,MAS DE 20 ANOS,4.67,-74.05,USADO,,0,1,0,0,1,0,0,0,0,1,False,CHAPINERO,LA CABRERA,Héroes - Gel´Hada,1461.93,0,PARQUE VECINAL URBANIZACIÓN LA CABRERA,519.03,0,0.11,,0.67,0.6,0.0,,0.02,531.14,0.0
2456-M4416830,APARTAMENTO,VENTA,20.2,112.0,3.0,3.0,340000.0,2.0,COLINA Y ALREDEDORES,5,ENTRE 0 Y 5 ANOS,4.74,-74.06,USADO,,0,1,0,0,1,1,0,0,0,1,False,SUBA,CAMPOS DE SILENCIO,Calle 161,933.85,0,PARQUE VECINAL DESARROLLO CANTALEJO URBANIZACIÓN CANTALEJO MANZANA B,136.43,1,0.18,,0.67,1.0,0.0,,0.03,1551.54,0.0
2456-M2779354,APARTAMENTO,VENTA,20.91,208.0,3.0,5.0,580000.0,2.0,COLINA Y ALREDEDORES,5,ENTRE 5 Y 10 ANOS,4.75,-74.07,USADO,,1,1,0,1,1,1,1,0,0,1,False,SUBA,BURGOS BRITALIA,21 Ángeles,1809.45,0,PARQUE ZONAL EL TOMILLAR,804.67,0,0.1,,0.67,0.6,0.0,,0.01,1479.28,0.0
2456-M2780020,APARTAMENTO,VENTA,20.34,120.0,3.0,3.0,360000.0,2.0,COLINA Y ALREDEDORES,5,ENTRE 5 Y 10 ANOS,4.74,-74.07,USADO,,0,1,0,1,1,1,1,0,0,1,False,SUBA,S.C. GILMAR - LA SIRENA (PREDIO),21 Ángeles,1783.48,0,PARQUE ZONAL EL TOMILLAR,751.66,0,0.17,,0.67,1.0,0.0,,0.02,1147.52,0.0
2456-M3353009,APARTAMENTO,VENTA,20.82,174.0,3.0,5.0,550000.0,4.0,COLINA Y ALREDEDORES,4,ENTRE 0 Y 5 ANOS,4.74,-74.05,USADO,,0,1,0,1,1,1,1,0,0,1,False,SUBA,CANTAGALLO - CARMEL CLUB CAMPESTRE,Calle 161,632.58,0,PARQUE VECINAL DESARROLLO CANTALEJO URBANIZACIÓN CANTALEJO MANZANA B,435.6,1,0.12,,1.33,0.6,0.0,,0.02,1770.59,0.0
2456-M3683520,APARTAMENTO,VENTA,20.44,142.0,3.0,3.0,400000.0,2.0,COLINA Y ALREDEDORES,5,ENTRE 5 Y 10 ANOS,4.74,-74.06,USADO,,0,1,0,1,1,1,1,0,0,1,False,SUBA,CASABLANCA (HACIENDA),Gratamira,1790.72,0,PARQUE VECINAL DESARROLLO CANTALEJO URBANIZACIÓN CANTALEJO MANZANA B,858.28,0,0.14,,0.67,1.0,0.0,,0.02,813.13,0.0
2456-M3412352,APARTAMENTO,VENTA,20.62,143.0,3.0,3.0,520000.0,2.0,COLINA Y ALREDEDORES,5,ENTRE 5 Y 10 ANOS,4.73,-74.06,USADO,,1,1,0,1,1,1,0,0,0,1,False,SUBA,IBERIA PORTOALEGRE,Gratamira,1137.55,0,PARQUE VECINAL PRADO PINZÓN,1196.73,0,0.14,,0.67,1.0,0.0,,0.02,75.23,1.0
2456-M3129377,APARTAMENTO,VENTA,20.26,112.0,3.0,2.0,380000.0,2.0,COLINA Y ALREDEDORES,5,ENTRE 5 Y 10 ANOS,4.74,-74.06,USADO,,0,1,0,1,1,1,1,0,0,1,False,SUBA,URB. LA SIRENA,Mazurén,1652.95,0,PARQUE VECINAL DESARROLLO CANTALEJO URBANIZACIÓN CANTALEJO MANZANA B,906.62,0,0.18,,0.67,1.5,0.0,,0.03,598.84,0.0
496-M4702548,APARTAMENTO,ARRIENDO,20.32,130.0,3.0,3.0,850000.0,2.0,NICOLAS DE FEDERMAN,5,ENTRE 5 Y 10 ANOS,4.65,-74.08,USADO,3600000.0,0,0,0,1,1,1,0,0,0,1,False,TEUSAQUILLO,NICOLAS DE FEDERMAN,Campín - UAN,354.84,1,PARQUE ESCENARIO DEPORTIVO EL CAMPINCITO - CEAD,435.01,1,0.16,27692.31,0.67,1.0,0.0,4.24,0.02,598.78,0.0
3038-M4660984,APARTAMENTO,ARRIENDO,20.32,160.0,2.0,3.0,1000.0,3.0,CHICO,6,ENTRE 10 Y 20 ANOS,4.67,-74.05,USADO,7500000.0,0,1,1,0,1,1,0,0,0,1,False,CHAPINERO,S.C. CHICO NORTE,Virrey,1430.54,0,PARQUE VECINAL URBANIZACIÓN LA CABRERA,709.57,0,0.13,46875.0,1.5,0.67,0.02,7500.0,0.01,309.52,1.0
800-M4558980,APARTAMENTO,ARRIENDO,20.32,110.0,2.0,2.0,3921395.93,2.0,CHICO,6,ENTRE 0 Y 5 ANOS,4.67,-74.05,USADO,7500000.0,0,1,1,1,1,1,1,0,0,1,False,CHAPINERO,S.C. EL CHICO,Calle 85,923.27,0,PARQUE ZONAL CANAL EL VIRREY EL CHICO,277.08,1,0.18,68181.82,1.0,1.0,0.0,1.91,0.02,285.85,3.0
523-M4602747,APARTAMENTO,ARRIENDO,20.32,300.0,3.0,4.0,2800000.0,4.0,CHICO,6,ENTRE 10 Y 20 ANOS,4.67,-74.05,USADO,14500000.0,0,1,0,1,0,1,0,0,0,1,False,CHAPINERO,S.C. CHICO NORTE,Virrey,1041.73,0,PARQUE ZONAL CANAL EL VIRREY EL CHICO,476.97,1,0.07,48333.33,1.33,0.75,0.0,5.18,0.01,278.85,3.0
4933-M4651473,APARTAMENTO,VENTA,20.35,104.46,3.0,3.0,482000.0,1.0,NIZA ALHAMBRA,5,ENTRE 10 Y 20 ANOS,4.71,-74.07,USADO,,0,1,0,1,1,1,0,0,0,1,False,SUBA,BATAN LOTE NIZA XII,Humedal Córdoba,198.16,1,PARQUE ZONAL LOS LACHES LA MINA,514.24,0,0.19,,0.33,1.0,0.0,,0.03,512.5,0.0
800-M4025104,APARTAMENTO,ARRIENDO,20.32,202.0,3.0,4.0,2000000.0,2.0,CHICO,6,REMODELADO,4.67,-74.05,USADO,10000000.0,0,0,0,0,1,1,0,0,0,0,False,CHAPINERO,S.C. CHICO NORTE,Virrey,1186.23,0,PARQUE VECINAL URBANIZACIÓN LA CABRERA,479.1,1,0.1,49504.95,0.67,0.75,0.0,5.0,0.01,303.49,3.0
2456-M4411711,APARTAMENTO,VENTA,20.2,112.0,3.0,2.0,420000.0,2.0,COLINA Y ALREDEDORES,4,ENTRE 5 Y 10 ANOS,4.73,-74.06,USADO,,0,1,0,1,1,1,0,0,0,1,False,SUBA,EL PINAR,Mazurén,894.32,0,PARQUE VECINAL URBANIZACIÓN LA LAGUNA,327.42,1,0.18,,0.67,1.5,0.0,,0.03,1062.18,0.0
2456-M2820544,APARTAMENTO,VENTA,20.34,123.0,3.0,4.0,420000.0,2.0,COLINA Y ALREDEDORES,5,ENTRE 5 Y 10 ANOS,4.73,-74.05,USADO,,1,1,0,1,1,1,0,0,0,1,False,SUBA,LA VICTORIA NORTE,Calle 146,585.35,0,PARQUE VECINAL URBANIZACIÓN LA LAGUNA,164.85,1,0.17,,0.67,0.75,0.0,,0.02,1254.98,0.0
2456-M3061014,APARTAMENTO,VENTA,20.14,143.0,2.0,2.0,320000.0,2.0,COLINA Y ALREDEDORES,5,ENTRE 5 Y 10 ANOS,4.74,-74.06,USADO,,0,1,0,1,1,1,1,0,0,1,False,SUBA,URB. LA SIRENA,Mazurén,1602.98,0,PARQUE VECINAL DESARROLLO CANTALEJO URBANIZACIÓN CANTALEJO MANZANA B,661.1,0,0.14,,1.0,1.0,0.0,,0.01,874.41,0.0
2456-M2641705,APARTAMENTO,VENTA,20.91,202.0,3.0,5.0,570000.0,2.0,COLINA Y ALREDEDORES,5,ENTRE 0 Y 5 ANOS,4.74,-74.06,USADO,,1,1,0,1,1,1,1,0,0,1,False,SUBA,URB. LA SIRENA,Mazurén,1667.96,0,PARQUE VECINAL DESARROLLO CANTALEJO URBANIZACIÓN CANTALEJO MANZANA B,828.63,0,0.1,,0.67,0.6,0.0,,0.01,701.78,0.0
3204-M3021938,APARTAMENTO,ARRIENDO,20.32,300.0,4.0,5.0,2200000.0,2.0,CHICO,6,MAS DE 20 ANOS,4.66,-74.05,USADO,18000000.0,0,1,0,0,1,0,0,0,0,1,False,CHAPINERO,PINAR ALTO - PINAR II,Calle 76 - San Felipe,1518.89,0,PARQUE ZONAL SAN ANDRÉS,613.33,0,0.07,60000.0,0.5,0.8,0.0,8.18,0.01,783.1,0.0
10312-M4130668,APARTAMENTO,ARRIENDO,20.32,285.0,3.0,4.0,2300000.0,3.0,CHAPINERO ALTO,6,MAS DE 20 ANOS,4.65,-74.05,USADO,11700000.0,0,1,1,0,1,1,0,0,0,1,False,CHAPINERO,S.C. LAS ACACIAS,Flores – Areandina,1273.03,0,PARQUE ZONAL GUSTAVO URIBE BOTERO,125.93,1,0.07,41052.63,1.0,0.75,0.0,5.09,0.01,439.19,1.0
2162-M4540966,APARTAMENTO,ARRIENDO,20.32,250.0,3.0,5.0,1657000.0,3.0,COUNTRY,6,ENTRE 10 Y 20 ANOS,4.71,-74.03,USADO,11100000.0,0,1,1,1,1,1,0,0,0,1,False,USAQUEN,BOSQUES DE MEDINA,Prado,2825.14,0,PARQUE METROPOLITANO EL COUNTRY,1476.78,0,0.08,44400.0,1.0,0.6,0.0,6.7,0.01,478.67,1.0
2571-M4639555,APARTAMENTO,ARRIENDO,20.32,58.0,2.0,2.0,20000.0,2.0,COLINA Y ALREDEDORES,4,ENTRE 10 Y 20 ANOS,4.72,-74.07,USADO,2280000.0,0,0,1,0,1,1,0,0,0,1,False,SUBA,S.C. LAS VILLAS,Niza - Calle 127,507.16,0,PARQUE ZONAL LOS LACHES LA MINA,613.3,0,0.35,39310.34,1.0,1.0,0.0,114.0,0.03,522.27,0.0
22-M4639628,APARTAMENTO,ARRIENDO,20.32,50.0,2.0,1.0,3921395.93,0.0,COLINA Y ALREDEDORES,3,MAS DE 20 ANOS,4.71,-74.06,USADO,1328000.0,0,0,1,0,0,1,0,0,0,1,False,SUBA,PRADO SUR,Niza - Calle 127,1034.45,0,PARQUE ZONAL ATABANZA,764.46,0,0.41,26560.0,0.0,2.0,0.0,0.34,0.04,981.22,0.0
3036-M3600706,APARTAMENTO,VENTA,21.5,203.0,3.0,5.0,1220000.0,3.0,CHICO,6,ENTRE 0 Y 5 ANOS,4.67,-74.05,USADO,,0,1,0,1,1,1,0,0,0,1,False,CHAPINERO,LA CABRERA,Héroes - Gel´Hada,1598.2,0,PARQUE VECINAL URBANIZACIÓN LA CABRERA,574.0,0,0.11,,1.0,0.6,0.0,,0.01,559.96,0.0
3774-M4356934,APARTAMENTO,ARRIENDO,20.32,250.0,3.0,4.0,2000000.0,2.0,CHICO,6,ENTRE 0 Y 5 ANOS,4.67,-74.05,USADO,14000000.0,0,1,0,0,1,1,0,0,0,1,False,CHAPINERO,LA CABRERA,Calle 85,996.64,0,PARQUE VECINAL URBANIZACIÓN LA CABRERA,101.67,1,0.08,56000.0,0.67,0.75,0.0,7.0,0.01,112.58,6.0
717-M2576141,APARTAMENTO,VENTA,20.44,87.0,3.0,3.0,573000.0,2.0,SANTA BARBARA,5,ENTRE 10 Y 20 ANOS,4.7,-74.05,USADO,,0,1,0,0,1,1,0,0,0,1,False,USAQUEN,SANTA BARBARA OCCIDENTAL,Calle 127,361.59,1,PARQUE ZONAL ATABANZA,966.78,0,0.23,,0.67,1.0,0.0,,0.03,440.4,3.0
512-M4671952,APARTAMENTO,VENTA,19.42,63.0,3.0,2.0,300000.0,1.0,ORQUIDEAS,4,MAS DE 20 ANOS,4.74,-74.03,USADO,,0,0,0,0,0,1,0,0,0,1,False,USAQUEN,SANTA TERESA,Toberin - Foundever,1827.43,0,PARQUE ZONAL SERVITA,715.63,0,0.31,,0.33,1.5,0.0,,0.05,723.26,0.0
12037-M3212296,APARTAMENTO,VENTA,19.91,99.0,3.0,2.0,490000.0,1.0,COLINA Y ALREDEDORES,5,MAS DE 20 ANOS,4.73,-74.07,USADO,,0,0,0,0,1,1,0,0,0,1,False,SUBA,S.C. ATENAS,Gratamira,888.17,0,PARQUE ZONAL EL TOMILLAR,1311.04,0,0.2,,0.33,1.5,0.0,,0.03,319.6,2.0
16297-M4672983,APARTAMENTO,VENTA,20.2,96.0,3.0,2.0,390000.0,1.0,SALITRE MODELIA,4,MAS DE 20 ANOS,4.66,-74.11,USADO,,0,0,0,0,1,1,0,0,0,1,False,FONTIBON,CIUDAD SALITRE,AV. Rojas,577.13,0,PARQUE ZONAL SAUZALITO,324.5,1,0.21,,0.33,1.5,0.0,,0.03,370.0,4.0
9816-M2474694,APARTAMENTO,VENTA,20.91,250.0,3.0,3.0,1000000.0,2.0,CERROS DE SUBA,6,MAS DE 20 ANOS,4.72,-74.08,USADO,,1,1,0,0,1,1,0,0,0,0,False,SUBA,EL TIROL,Suba - AV. Boyacá,379.49,1,PARQUE VECINAL AGRUPACIÓN DE VIVIENDA EN BALCON DE LINDARAJA,554.35,0,0.08,,0.67,1.0,0.0,,0.01,865.69,0.0
515-M3697262,APARTAMENTO,VENTA,20.13,153.0,4.0,3.0,150000.0,0.0,LA SOLEDAD,4,MAS DE 20 ANOS,4.63,-74.08,USADO,,0,0,0,0,0,0,0,0,0,1,False,TEUSAQUILLO,LA SOLEDAD,Universidad Nacional,428.12,1,PARQUE ESCENARIO DEPORTIVO EL CAMPINCITO - CEAD,1370.17,0,0.13,,0.0,1.33,0.0,,0.03,930.48,0.0
770-M2602456,APARTAMENTO,VENTA,20.52,107.0,3.0,2.0,650000.0,2.0,CENTRO INTERNACIONAL,4,ENTRE 10 Y 20 ANOS,4.62,-74.07,USADO,,1,0,0,1,1,1,0,0,0,1,False,SANTA FE,SAMPER,Calle 34,330.24,1,PARQUE METROPOLITANO INDEPENDENCIA BICENTENARIO,691.3,0,0.19,,0.67,1.5,0.0,,0.03,360.59,4.0
434-M3100295,APARTAMENTO,VENTA,19.91,119.0,2.0,2.0,480000.0,1.0,SANTA BARBARA,6,ENTRE 10 Y 20 ANOS,4.7,-74.04,USADO,,0,1,0,0,0,1,0,0,0,0,False,USAQUEN,SANTA BARBARA OCCIDENTAL,Pepe Sierra,1336.01,0,PARQUE METROPOLITANO EL COUNTRY,1031.81,0,0.17,,0.5,1.0,0.0,,0.02,504.31,0.0
10139-M4656566,APARTAMENTO,VENTA,19.67,53.0,1.0,2.0,258800.0,1.0,CEDRITOS,4,ENTRE 10 Y 20 ANOS,4.73,-74.04,USADO,,0,0,0,1,1,0,0,0,0,1,False,USAQUEN,LOS CEDRITOS,Calle 142,752.03,0,PARQUE VECINAL PRADO PINZÓN,1127.16,0,0.37,,1.0,0.5,0.0,,0.02,819.22,0.0
13674-M3694349,APARTAMENTO,VENTA,20.22,52.91,1.0,2.0,3921395.93,1.0,SANTA BARBARA,5,ENTRE 0 Y 5 ANOS,4.7,-74.05,USADO,,0,1,0,0,1,0,0,0,0,1,False,USAQUEN,SANTA BARBARA OCCIDENTAL,Calle 127,411.31,1,PARQUE ZONAL ATABANZA,1072.27,0,0.38,,1.0,0.5,0.0,,0.02,353.52,3.0
2803-M2735659,APARTAMENTO,VENTA,19.01,29.3,1.0,1.0,348500.0,1.0,CHAPINERO ALTO,4,ENTRE 10 Y 20 ANOS,4.63,-74.07,USADO,,0,0,0,0,0,0,0,0,0,1,False,CHAPINERO,S.C. SUCRE,Calle 45 - American School Way,161.68,1,PARQUE METROPOLITANO PARQUE NACIONAL (PM2A) ENRIQUE OLAYA HERRERA (SECTOR HISTORICO),707.13,0,0.65,,1.0,1.0,0.0,,0.03,175.75,2.0
15920-M4507164,APARTAMENTO,VENTA,20.03,83.0,2.0,3.0,483000.0,1.0,NIZA ALHAMBRA,5,ENTRE 0 Y 5 ANOS,4.7,-74.06,USADO,,0,0,0,0,1,1,0,0,0,1,False,SUBA,EL BATAN,Calle 127,126.73,1,PARQUE ZONAL ATABANZA,638.73,0,0.24,,0.5,0.67,0.0,,0.02,296.64,5.0
496-M3574076,APARTAMENTO,VENTA,19.38,64.59,2.0,2.0,460000.0,1.0,COUNTRY,5,MAS DE 20 ANOS,4.72,-74.05,USADO,,0,1,0,0,0,1,0,0,0,1,False,USAQUEN,EL CONTADOR,Alcalá,593.25,0,PARQUE VECINAL PRADO PINZÓN,971.55,0,0.3,,0.5,1.0,0.0,,0.03,190.4,1.0
2748-M4103721,APARTAMENTO,VENTA,21.51,334.0,3.0,4.0,1650000.0,2.0,SANTA BARBARA,6,ENTRE 5 Y 10 ANOS,4.7,-74.03,USADO,,1,0,0,1,1,1,1,0,0,1,False,USAQUEN,SANTA BARBARA CENTRAL II,Calle 127,2185.21,0,PARQUE METROPOLITANO EL COUNTRY,460.78,1,0.06,,0.67,0.75,0.0,,0.01,780.78,0.0
282-M4726464,APARTAMENTO,ARRIENDO,20.32,40.0,1.0,1.0,500000.0,1.0,CHICO,6,MAS DE 20 ANOS,4.66,-74.05,USADO,2000000.0,0,1,1,0,1,0,0,0,0,0,False,CHAPINERO,S.C. EL NOGAL,Héroes - Gel´Hada,1049.01,0,PARQUE ZONAL SAN ANDRÉS,69.0,1,0.51,50000.0,1.0,1.0,0.0,4.0,0.02,250.07,4.0
917-M4260515,APARTAMENTO,ARRIENDO,20.32,240.0,4.0,5.0,1000000.0,4.0,SANTA BARBARA,6,REMODELADO,4.69,-74.03,USADO,15000000.0,0,1,0,1,1,0,0,0,0,1,False,USAQUEN,SANTA ANA ORIENTAL,Calle 106,2717.31,0,PARQUE METROPOLITANO EL COUNTRY,1915.33,0,0.08,62500.0,1.0,0.8,0.0,15.0,0.02,437.97,2.0
2748-M2791627,APARTAMENTO,VENTA,21.06,175.0,3.0,4.0,1300000.0,3.0,CERROS DE SUBA,6,ENTRE 0 Y 5 ANOS,4.72,-74.08,USADO,,1,1,0,1,1,1,1,0,0,1,False,SUBA,REFUGIO DE LA COLINA,Gratamira,656.17,0,PARQUE VECINAL AGRUPACIÓN DE VIVIENDA EN BALCON DE LINDARAJA,1065.65,0,0.12,,1.0,0.75,0.0,,0.02,1651.92,0.0
2748-M3527360,APARTAMENTO,VENTA,20.29,65.0,1.0,2.0,700000.0,2.0,CHICO,6,ENTRE 0 Y 5 ANOS,4.68,-74.04,USADO,,0,0,0,0,1,1,1,0,0,1,False,CHAPINERO,SIERRAS DEL CHICO,Virrey,2057.57,0,PARQUE VECINAL URBANIZACIÓN LA CABRERA,1298.94,0,0.31,,2.0,0.5,0.0,,0.02,518.0,0.0
14653-M4679381,APARTAMENTO,ARRIENDO,20.32,96.0,2.0,2.0,639000.0,2.0,SANTA BARBARA,6,ENTRE 5 Y 10 ANOS,4.69,-74.04,USADO,2800000.0,0,1,1,1,1,1,0,0,0,1,False,USAQUEN,SANTA BARBARA CENTRAL I Y II,Calle 106,1537.43,0,PARQUE METROPOLITANO EL COUNTRY,1644.9,0,0.21,29166.67,1.0,1.0,0.0,4.38,0.02,579.9,0.0
3340-M4723233,APARTAMENTO,ARRIENDO,20.32,66.0,3.0,2.0,200000.0,1.0,ORQUIDEAS,3,ENTRE 10 Y 20 ANOS,4.76,-74.04,USADO,1790000.0,0,0,0,0,1,0,0,0,0,1,False,USAQUEN,SAN ANTONIO NOROCCIDENTAL,Portal Norte,504.53,0,PARQUE VECINAL URBANIZACIÓN CALLE 170 / ALAMEDA,391.37,1,0.31,27121.21,0.33,1.5,0.0,8.95,0.05,899.77,0.0
14896-M4535800,APARTAMENTO,ARRIENDO,20.32,70.0,2.0,2.0,3921395.93,0.0,SANTA BARBARA,6,MAS DE 20 ANOS,4.7,-74.04,USADO,3500000.0,0,0,0,0,0,1,0,0,0,1,False,USAQUEN,SANTA BARBARA CENTRAL I SECTOR,Pepe Sierra,1635.18,0,PARQUE METROPOLITANO EL COUNTRY,645.55,0,0.29,50000.0,0.0,1.0,0.0,0.89,0.03,459.32,1.0
15333-M4217675,APARTAMENTO,VENTA,19.64,42.13,1.0,1.0,495000.0,1.0,CHICO,6,MAS DE 20 ANOS,4.68,-74.04,USADO,,0,0,0,0,0,0,0,0,0,0,False,CHAPINERO,CHICO RESERVADO,Calle 100 - Marketmedios,1834.02,0,PARQUE VECINAL URBANIZACIÓN LA CABRERA,1230.58,0,0.47,,1.0,1.0,0.0,,0.02,401.06,2.0
512-M4478999,APARTAMENTO,VENTA,19.81,62.0,2.0,2.0,570000.0,1.0,COUNTRY,5,ENTRE 10 Y 20 ANOS,4.71,-74.03,USADO,,0,1,0,0,1,1,0,0,0,1,False,USAQUEN,LISBOA_,Prado,2040.28,0,PARQUE VECINAL NUEVA URBANIZACIÓN EL CEDRITO,1022.75,0,0.32,,0.5,1.0,0.0,,0.03,174.41,2.0
512-M4621408,APARTAMENTO,VENTA,20.56,150.0,3.0,3.0,930000.0,2.0,CHICO,6,MAS DE 20 ANOS,4.68,-74.05,USADO,,0,1,0,0,1,1,0,0,0,1,False,CHAPINERO,S.C. CHICO NORTE III SECTOR,Calle 100 - Marketmedios,792.21,0,PARQUE ZONAL CANAL EL VIRREY EL CHICO,891.52,0,0.14,,0.67,1.0,0.0,,0.02,313.32,4.0
512-M4154169,APARTAMENTO,VENTA,20.57,118.0,3.0,3.0,500000.0,1.0,COLINA Y ALREDEDORES,5,ENTRE 5 Y 10 ANOS,4.73,-74.06,USADO,,0,1,0,1,1,1,1,0,0,1,False,SUBA,SAN JOSE DEL PRADO - URB. ECHEVERRIA,Alcalá,1181.25,0,PARQUE VECINAL PRADO PINZÓN,843.89,0,0.17,,0.33,1.0,0.0,,0.03,247.3,1.0
14384-M4698455,APARTAMENTO,VENTA,20.07,69.0,2.0,2.0,682800.0,2.0,ENGATIVA,5,ENTRE 10 Y 20 ANOS,4.69,-74.09,USADO,,0,0,0,0,0,1,0,0,0,1,False,ENGATIVA,SANTA MARIA DEL LAGO,Minuto de Dios,535.69,0,PARQUE ZONAL BONANZA,554.61,0,0.29,,1.0,1.0,0.0,,0.03,861.94,0.0
271-M2787165,APARTAMENTO,VENTA,20.59,170.0,3.0,3.0,667000.0,2.0,SANTA BARBARA,6,MAS DE 20 ANOS,4.7,-74.04,USADO,,0,0,0,0,1,0,0,0,0,1,False,USAQUEN,SANTA BARBARA OCCIDENTAL,Calle 127,1318.24,0,PARQUE METROPOLITANO EL COUNTRY,688.8,0,0.12,,0.67,1.0,0.0,,0.02,320.47,1.0
4428-M4466849,APARTAMENTO,VENTA,19.81,83.0,3.0,2.0,450000.0,1.0,CEDRITOS,5,MAS DE 20 ANOS,4.73,-74.03,USADO,,0,0,0,0,1,1,0,0,0,1,False,USAQUEN,CAOBOS SALAZAR URB. CAPRI I Y II SECTOR,Calle 146,1940.77,0,PARQUE VECINAL NUEVA URBANIZACIÓN EL CEDRITO,370.87,1,0.24,,0.33,1.5,0.0,,0.04,382.57,1.0
512-M4601969,APARTAMENTO,VENTA,19.72,70.0,3.0,2.0,320000.0,1.0,ORQUIDEAS,4,ENTRE 5 Y 10 ANOS,4.75,-74.03,USADO,,1,0,0,1,0,1,0,0,0,1,False,USAQUEN,SANTA TERESA,Toberin - Foundever,2266.66,0,PARQUE ZONAL SERVITA,427.96,1,0.28,,0.33,1.5,0.0,,0.04,1092.52,0.0
800-M4603594,APARTAMENTO,VENTA,19.9,86.0,3.0,2.0,666700.0,2.0,COUNTRY,5,MAS DE 20 ANOS,4.72,-74.04,USADO,,0,0,0,0,0,1,0,0,0,0,False,USAQUEN,EL CONTADOR,Alcalá,848.74,0,PARQUE VECINAL NUEVA URBANIZACIÓN EL CEDRITO,1176.34,0,0.23,,0.67,1.5,0.0,,0.03,339.83,1.0
3519-M4200103,APARTAMENTO,VENTA,20.67,166.0,3.0,4.0,590000.0,2.0,SANTA BARBARA,6,MAS DE 20 ANOS,4.69,-74.04,USADO,,0,0,0,0,1,0,0,0,0,0,False,USAQUEN,SANTA BARBARA CENTRAL I Y II,Calle 106,1598.7,0,PARQUE METROPOLITANO EL COUNTRY,1411.91,0,0.12,,0.67,0.75,0.0,,0.02,525.98,0.0
800-M3577121,APARTAMENTO,VENTA,20.48,136.0,2.0,4.0,3921395.93,2.0,CHICO,6,REMODELADO,4.68,-74.05,USADO,,0,0,0,0,0,1,0,0,0,0,False,CHAPINERO,S.C. CHICO NORTE III SECTOR,Calle 100 - Marketmedios,742.7,0,PARQUE VECINAL URBANIZACIÓN NORMANDIA I II II Y IV SECTOR,902.43,0,0.15,,1.0,0.5,0.0,,0.01,294.86,3.0
2748-M4002574,APARTAMENTO,VENTA,20.52,92.0,3.0,3.0,469200.0,2.0,NIZA ALHAMBRA,5,ENTRE 0 Y 5 ANOS,4.69,-74.06,USADO,,0,0,0,1,1,1,0,0,0,1,False,SUBA,S.C. PASADENA,Suba - Calle 100,321.8,1,PARQUE ZONAL CANAL RIO NEGRO,1149.59,0,0.22,,0.67,1.0,0.0,,0.03,214.3,1.0
3702-M4647603,APARTAMENTO,VENTA,19.97,105.0,3.0,3.0,497000.0,1.0,CEDRITOS,4,MAS DE 20 ANOS,4.72,-74.04,USADO,,0,1,0,0,1,1,0,0,0,1,False,USAQUEN,ACACIAS USAQUEN,Calle 142,1668.04,0,PARQUE VECINAL NUEVA URBANIZACIÓN EL CEDRITO,270.85,1,0.19,,0.33,1.0,0.0,,0.03,415.19,1.0
814-M3622027,APARTAMENTO,VENTA,21.16,176.0,3.0,4.0,900000.0,2.0,SALITRE MODELIA,5,ENTRE 5 Y 10 ANOS,4.66,-74.11,USADO,,0,1,0,1,1,1,0,0,0,1,False,FONTIBON,LA ESPERANZA NORTE,AV. Rojas,597.21,0,PARQUE VECINAL CARLOS LLERAS (EL FUEGO),526.47,0,0.12,,0.67,0.75,0.0,,0.02,737.68,0.0
3264-M4478691,APARTAMENTO,VENTA,19.81,72.0,3.0,2.0,300000.0,1.0,ORQUIDEAS,4,ENTRE 5 Y 10 ANOS,4.76,-74.04,USADO,,0,0,0,1,1,1,0,0,0,1,False,USAQUEN,SAN ANTONIO NOROCCIDENTAL,Portal Norte,591.93,0,PARQUE VECINAL URBANIZACIÓN CALLE 170 / ALAMEDA,296.37,1,0.28,,0.33,1.5,0.0,,0.04,954.32,0.0
754-M4228534,APARTAMENTO,VENTA,20.44,118.0,2.0,3.0,560000.0,2.0,COUNTRY,5,ENTRE 10 Y 20 ANOS,4.7,-74.03,USADO,,0,0,0,0,1,1,0,0,0,1,False,USAQUEN,BELLA SUIZA,Calle 127,2682.0,0,PARQUE METROPOLITANO EL COUNTRY,939.52,0,0.17,,1.0,0.67,0.0,,0.02,751.05,0.0
2821-M4080183,APARTAMENTO,VENTA,20.25,142.0,3.0,3.0,724000.0,2.0,NIZA ALHAMBRA,5,ENTRE 10 Y 20 ANOS,4.7,-74.06,USADO,,0,1,0,0,1,0,0,0,0,1,False,SUBA,EL BATAN,Calle 127,649.98,0,PARQUE ZONAL CANAL CORDOBA,591.6,0,0.14,,0.67,1.0,0.0,,0.02,820.26,0.0
10987-M4703928,APARTAMENTO,VENTA,20.5,125.0,3.0,3.0,650000.0,2.0,NIZA ALHAMBRA,5,ENTRE 0 Y 5 ANOS,4.7,-74.06,USADO,,0,1,0,0,0,1,0,0,0,1,False,SUBA,EL BATAN,Calle 127,546.36,0,PARQUE ZONAL ATABANZA,636.85,0,0.16,,0.67,1.0,0.0,,0.02,716.99,0.0
12073-M3561751,APARTAMENTO,VENTA,19.86,92.71,3.0,2.0,434000.0,2.0,CEDRITOS,4,MAS DE 20 ANOS,4.72,-74.04,USADO,,0,1,0,0,0,1,0,0,0,1,False,USAQUEN,CEDRITOS,Alcalá,1525.12,0,PARQUE VECINAL NUEVA URBANIZACIÓN EL CEDRITO,618.21,0,0.21,,0.67,1.5,0.0,,0.03,30.39,1.0
2195-M4055509,APARTAMENTO,VENTA,19.09,53.34,2.0,1.0,3921395.93,0.0,PUENTE ARANDA,3,MAS DE 20 ANOS,4.61,-74.11,USADO,,0,0,0,0,1,0,0,0,0,1,False,PUENTE ARANDA,EL JAZMIN I SECTOR,Santa Isabel,1658.16,0,PARQUE ZONAL EL JAZMIN,429.28,1,0.36,,0.0,2.0,0.0,,0.04,2211.38,0.0
12364-M4078335,APARTAMENTO,VENTA,19.55,74.0,3.0,2.0,230000.0,1.0,ENGATIVA,3,ENTRE 5 Y 10 ANOS,4.7,-74.11,USADO,,0,0,0,0,0,1,0,0,0,1,False,ENGATIVA,LOS PINOS FLORENCIA,Carrera 90,790.55,0,PARQUE VECINAL URBANIZACIÓN FLORENCIA I SECTOR,415.26,1,0.26,,0.33,1.5,0.0,,0.04,973.61,0.0
5545-M4642311,APARTAMENTO,VENTA,20.35,100.0,3.0,3.0,368000.0,2.0,COLINA Y ALREDEDORES,4,ENTRE 0 Y 5 ANOS,4.74,-74.07,USADO,,1,1,0,1,1,1,1,0,0,1,False,SUBA,CASABLANCA (HACIENDA),21 Ángeles,1536.95,0,PARQUE ZONAL EL TOMILLAR,618.27,0,0.2,,0.67,1.0,0.0,,0.03,696.94,0.0
3507-M2440681,APARTAMENTO,VENTA,19.21,36.0,1.0,1.0,100000.0,1.0,LA SOLEDAD,4,MAS DE 20 ANOS,4.64,-74.07,USADO,,0,0,0,0,0,0,0,0,0,1,False,TEUSAQUILLO,ALFONSO LOPEZ,Universidad Nacional,638.05,0,PARQUE ESCENARIO DEPORTIVO EL CAMPINCITO - CEAD,1030.49,0,0.53,,1.0,1.0,0.0,,0.03,524.24,0.0
3576-M4728918,APARTAMENTO,VENTA,20.09,100.0,3.0,2.0,513000.0,2.0,COLINA Y ALREDEDORES,5,MAS DE 20 ANOS,4.73,-74.07,USADO,,0,1,0,1,1,1,0,0,0,1,False,SUBA,IBERIA,Gratamira,503.92,0,PARQUE ZONAL EL TOMILLAR,1540.67,0,0.2,,0.67,1.5,0.0,,0.03,577.74,0.0
15453-M4083244,APARTAMENTO,VENTA,21.64,243.0,4.0,5.0,1500000.0,4.0,CEDRITOS,6,ENTRE 10 Y 20 ANOS,4.72,-74.03,USADO,,0,1,0,1,1,1,0,0,0,1,False,USAQUEN,LA CANADA,Alcalá,2894.7,0,PARQUE VECINAL NUEVA URBANIZACIÓN EL CEDRITO,1067.76,0,0.09,,1.0,0.8,0.0,,0.02,510.36,0.0
10139-M4452362,APARTAMENTO,VENTA,21.42,200.0,3.0,4.0,2250000.0,3.0,CHICO,6,ENTRE 5 Y 10 ANOS,4.68,-74.04,USADO,,0,0,0,1,1,0,0,0,0,1,False,CHAPINERO,S.C. CHICO NORTE,Virrey,1755.54,0,PARQUE VECINAL URBANIZACIÓN LA CABRERA,1067.1,0,0.11,,1.0,0.75,0.0,,0.02,566.23,0.0
5545-M4651444,APARTAMENTO,VENTA,19.49,55.0,2.0,2.0,290000.0,1.0,COLINA Y ALREDEDORES,4,ENTRE 5 Y 10 ANOS,4.73,-74.07,USADO,,0,0,0,1,1,1,0,0,0,1,False,SUBA,IBERIA EL POBLAR,Gratamira,797.75,0,PARQUE VECINAL PRADO PINZÓN,1555.34,0,0.35,,0.5,1.0,0.0,,0.04,419.11,1.0
3553-M3681177,APARTAMENTO,VENTA,20.95,278.0,5.0,4.0,1480000.0,3.0,CHICO,6,MAS DE 20 ANOS,4.67,-74.04,USADO,,0,1,0,0,0,0,0,0,0,1,False,CHAPINERO,CHICO ORIENTAL,Calle 85,2206.52,0,PARQUE VECINAL URBANIZACIÓN LA CABRERA,1161.35,0,0.08,,0.6,1.25,0.0,,0.02,1101.78,0.0
512-M4540937,APARTAMENTO,VENTA,19.97,86.0,3.0,2.0,329000.0,1.0,ORQUIDEAS,4,ENTRE 5 Y 10 ANOS,4.76,-74.04,USADO,,0,0,0,1,1,1,0,0,0,1,False,USAQUEN,SAN ANTONIO NOROCCIDENTAL,Portal Norte,591.93,0,PARQUE VECINAL URBANIZACIÓN CALLE 170 / ALAMEDA,296.37,1,0.23,,0.33,1.5,0.0,,0.03,954.32,0.0
12359-M3752730,APARTAMENTO,VENTA,20.62,198.0,4.0,4.0,885000.0,2.0,CHICO,6,MAS DE 20 ANOS,4.68,-74.04,USADO,,0,0,0,0,1,0,0,0,0,1,False,CHAPINERO,CHICO RESERVADO,Calle 100 - Marketmedios,1545.27,0,PARQUE VECINAL URBANIZACIÓN LA CABRERA,1218.24,0,0.1,,0.5,1.0,0.0,,0.02,238.15,2.0
3204-M4690557,APARTAMENTO,ARRIENDO,20.32,230.0,2.0,4.0,3000000.0,3.0,CHICO,6,ENTRE 10 Y 20 ANOS,4.65,-74.05,USADO,13000000.0,0,1,0,0,1,0,0,0,0,1,False,CHAPINERO,S.C. BELLAVISTA,Flores – Areandina,1344.04,0,PARQUE ZONAL GUSTAVO URIBE BOTERO,244.47,1,0.09,56521.74,1.5,0.5,0.0,4.33,0.01,532.49,0.0
2359-M2691791,APARTAMENTO,ARRIENDO,20.32,256.0,3.0,4.0,1450000.0,4.0,CHICO,6,ENTRE 10 Y 20 ANOS,4.67,-74.05,USADO,12000000.0,0,1,0,1,1,1,1,0,0,0,False,CHAPINERO,S.C. EL CHICO,Calle 85,1492.57,0,PARQUE VECINAL URBANIZACIÓN LA CABRERA,444.75,1,0.08,46875.0,1.33,0.75,0.0,8.28,0.01,384.4,1.0
2359-M4014295,APARTAMENTO,ARRIENDO,20.32,178.0,3.0,4.0,2300000.0,4.0,CHICO,6,ENTRE 0 Y 5 ANOS,4.66,-74.05,USADO,12000000.0,0,0,0,0,1,0,0,0,0,0,False,CHAPINERO,LOS ROSALES,Calle 72,1572.59,0,PARQUE ZONAL GUSTAVO URIBE BOTERO,836.04,0,0.11,67415.73,1.33,0.75,0.0,5.22,0.02,826.2,0.0
4698-M4689769,APARTAMENTO,ARRIENDO,20.32,126.0,3.0,2.0,10000.0,2.0,NIZA ALHAMBRA,5,ENTRE 10 Y 20 ANOS,4.71,-74.06,USADO,3750000.0,0,1,0,1,1,0,0,0,0,1,False,SUBA,EL BATAN,Humedal Córdoba,933.53,0,PARQUE ZONAL ATABANZA,556.27,0,0.16,29761.9,0.67,1.5,0.0,375.0,0.02,1102.4,0.0
3340-M4688455,APARTAMENTO,ARRIENDO,20.32,178.0,3.0,2.0,1190000.0,2.0,CHICO,6,ENTRE 10 Y 20 ANOS,4.67,-74.04,USADO,8800000.0,0,1,0,1,1,0,0,0,0,1,False,CHAPINERO,EL REFUGIO,Héroes - Gel´Hada,1814.43,0,PARQUE VECINAL URBANIZACIÓN LA CABRERA,847.95,0,0.11,49438.2,0.67,1.5,0.0,7.39,0.02,838.25,0.0
10312-M4266267,APARTAMENTO,ARRIENDO,20.32,200.0,3.0,3.0,3921395.93,2.0,CHICO,6,MAS DE 20 ANOS,4.66,-74.05,USADO,9000000.0,0,1,1,0,1,1,0,0,0,1,False,CHAPINERO,S.C. EL NOGAL,Calle 76 - San Felipe,1332.7,0,PARQUE ZONAL SAN ANDRÉS,408.24,1,0.1,45000.0,0.67,1.0,0.0,2.3,0.02,585.57,0.0
3038-M4612517,APARTAMENTO,ARRIENDO,20.32,160.0,2.0,3.0,1000.0,3.0,CHICO,6,ENTRE 10 Y 20 ANOS,4.67,-74.05,USADO,7800000.0,0,1,1,0,1,1,0,0,0,1,False,CHAPINERO,S.C. CHICO NORTE,Virrey,1430.54,0,PARQUE VECINAL URBANIZACIÓN LA CABRERA,709.57,0,0.13,48750.0,1.5,0.67,0.02,7800.0,0.01,309.52,1.0
523-M4659897,APARTAMENTO,ARRIENDO,20.32,125.0,2.0,3.0,800000.0,2.0,CHICO,5,ENTRE 5 Y 10 ANOS,4.66,-74.05,USADO,9000000.0,0,1,0,0,0,1,0,0,0,1,False,CHAPINERO,S.C. PORCIUNCULA,Calle 72,826.38,0,PARQUE ZONAL GUSTAVO URIBE BOTERO,695.9,0,0.16,72000.0,1.0,0.67,0.0,11.25,0.02,100.79,5.0
482-M4139916,APARTAMENTO,ARRIENDO,20.32,120.0,2.0,2.0,3921395.93,2.0,CERROS DE SUBA,5,MAS DE 20 ANOS,4.71,-74.08,USADO,3400000.0,0,0,0,0,1,1,0,0,0,1,False,SUBA,URB. LAS PLEYADES,Humedal Córdoba,1292.22,0,PARQUE METROPOLITANO CEFE COMETAS,588.17,0,0.17,28333.33,1.0,1.0,0.0,0.87,0.02,1279.58,0.0
770-M4511517,APARTAMENTO,ARRIENDO,20.32,215.0,3.0,3.0,3921395.93,4.0,CHICO,6,ENTRE 10 Y 20 ANOS,4.68,-74.04,USADO,10000000.0,0,1,0,1,1,0,0,0,0,1,False,CHAPINERO,CHICO RESERVADO,Calle 100 - Marketmedios,1548.18,0,PARQUE VECINAL URBANIZACIÓN LA CABRERA,1105.31,0,0.09,46511.63,1.33,1.0,0.0,2.55,0.01,351.46,2.0
3340-M4593172,APARTAMENTO,ARRIENDO,20.32,72.0,1.0,2.0,660000.0,1.0,SANTA BARBARA,6,ENTRE 0 Y 5 ANOS,4.69,-74.04,USADO,3840000.0,0,0,0,0,1,0,0,0,0,1,False,USAQUEN,SANTA BARBARA CENTRAL I Y II,Calle 106,1508.15,0,PARQUE METROPOLITANO EL COUNTRY,1422.3,0,0.28,53333.33,1.0,0.5,0.0,5.82,0.01,582.31,0.0
2571-M4592781,APARTAMENTO,ARRIENDO,20.32,32.0,1.0,1.0,11111.0,0.0,CASTILLA MARSELLA,3,REMODELADO,4.63,-74.15,USADO,820000.0,0,0,0,0,0,0,0,0,0,1,False,KENNEDY,PIO XII,Transversal 86,141.43,1,PARQUE METROPOLITANO CAYETANO CAÑIZARES,1068.75,0,0.64,25625.0,0.0,1.0,0.0,73.8,0.03,2271.99,0.0
3038-M4660636,APARTAMENTO,ARRIENDO,20.32,30.0,1.0,1.0,1000.0,0.0,METROPOLIS,3,ENTRE 10 Y 20 ANOS,4.67,-74.06,USADO,1350000.0,0,0,1,0,0,1,0,0,0,1,False,BARRIOS UNIDOS,LA_AURORA,Polo,441.06,1,PARQUE ZONAL LA ESTACIÓN,469.98,1,0.68,45000.0,0.0,1.0,0.02,1350.0,0.03,898.46,0.0
3325-M4694517,APARTAMENTO,ARRIENDO,20.32,80.0,3.0,1.0,3921395.93,0.0,CENTRO Y ZONA COLONIAL,3,MAS DE 20 ANOS,4.6,-74.11,USADO,1200000.0,0,0,0,0,0,0,0,0,0,1,False,LOS MARTIRES,SANTA ISABEL SUR,Santa Isabel,464.75,1,PARQUE ZONAL SANTA ISABEL,497.33,1,0.25,15000.0,0.0,3.0,0.0,0.31,0.04,2185.6,0.0
4137-M4693773,APARTAMENTO,ARRIENDO,20.32,285.0,5.0,4.0,1000000.0,2.0,SANTA BARBARA,6,REMODELADO,4.7,-74.04,USADO,11000000.0,0,0,1,0,1,1,0,0,0,1,False,USAQUEN,SANTA BARBARA OCCIDENTAL,Pepe Sierra,1197.81,0,PARQUE METROPOLITANO EL COUNTRY,932.42,0,0.07,38596.49,0.4,1.25,0.0,11.0,0.02,366.32,1.0
646-M4694523,APARTAMENTO,ARRIENDO,20.32,73.0,3.0,2.0,259000.0,1.0,170 Y ALREDORES,4,ENTRE 10 Y 20 ANOS,4.77,-74.05,USADO,1726000.0,0,0,0,0,0,1,0,0,0,1,False,SUBA,VILLANOVA II,Calle 187,837.12,0,PARQUE VECINAL URBANIZACIÓN VILANOVA,425.65,1,0.28,23643.84,0.33,1.5,0.0,6.66,0.04,779.31,0.0
504-M4242186,APARTAMENTO,ARRIENDO,20.32,398.68,4.0,5.0,1053000.0,3.0,SANTA BARBARA,6,MAS DE 20 ANOS,4.7,-74.04,USADO,8000000.0,1,0,0,0,1,0,0,0,0,1,False,USAQUEN,SANTA BARBARA CENTRAL I SECTOR,Pepe Sierra,1711.7,0,PARQUE METROPOLITANO EL COUNTRY,944.96,0,0.05,20066.22,0.75,0.8,0.0,7.6,0.01,690.9,0.0
164-M4590882,APARTAMENTO,ARRIENDO,20.32,170.0,3.0,5.0,3921395.93,3.0,CEDRITOS,6,ENTRE 5 Y 10 ANOS,4.73,-74.02,USADO,5700000.0,0,1,0,0,1,0,0,0,0,1,False,USAQUEN,BOSQUE DE PINOS III,Calle 146,2914.43,0,PARQUE ZONAL ALTA BLANCA,996.49,0,0.12,33529.41,1.0,0.6,0.0,1.45,0.02,1031.7,0.0
4278-M4742179,APARTAMENTO,ARRIENDO,20.32,150.0,3.0,2.0,3921395.93,1.0,CHAPINERO ALTO,4,MAS DE 20 ANOS,4.64,-74.06,USADO,2800000.0,0,0,0,0,0,0,0,0,0,1,False,CHAPINERO,S.C. MARLY,Marly,346.35,1,PARQUE METROPOLITANO PARQUE NACIONAL (PM2A) ENRIQUE OLAYA HERRERA (SECTOR HISTORICO),1592.64,0,0.14,18666.67,0.33,1.5,0.0,0.71,0.02,734.1,0.0
710-M4705564,APARTAMENTO,ARRIENDO,20.32,37.05,2.0,2.0,3921395.93,0.0,ALTOS DE SUBA Y CERROS DE SAN JORGE,3,ENTRE 10 Y 20 ANOS,4.76,-74.1,USADO,850000.0,0,0,0,0,0,1,0,0,0,1,False,SUBA,LOMBARDIA IV,Portal Suba,1443.42,0,PARQUE VECINAL URBANIZACIÓN LOMBARDIA II ETAPA,1295.17,0,0.55,22941.97,0.0,1.0,0.0,0.22,0.05,1143.65,0.0
164-M4636136,APARTAMENTO,ARRIENDO,20.32,60.0,2.0,2.0,3921395.93,1.0,KENNEDY,3,ENTRE 0 Y 5 ANOS,4.64,-74.15,USADO,2000000.0,0,0,0,0,1,0,0,0,0,1,False,KENNEDY,CIUDAD TECHO II,Biblioteca Tintal,736.5,0,PARQUE METROPOLITANO BIBLIOTECA EL TINTAL,371.11,1,0.34,33333.33,0.5,1.0,0.0,0.51,0.03,2838.06,0.0
10139-M4429879,APARTAMENTO,ARRIENDO,20.32,335.0,3.0,4.0,2300000.0,2.0,CHICO,6,MAS DE 20 ANOS,4.66,-74.05,USADO,9000000.0,0,1,0,0,1,0,0,0,0,1,False,CHAPINERO,LOS ROSALES,Calle 76 - San Felipe,1419.27,0,PARQUE ZONAL SAN ANDRÉS,455.9,1,0.06,26865.67,0.67,0.75,0.0,3.91,0.01,617.47,0.0
847-M4733883,APARTAMENTO,ARRIENDO,20.32,57.0,2.0,2.0,675000.0,1.0,CENTRO INTERNACIONAL,4,ENTRE 5 Y 10 ANOS,4.62,-74.07,USADO,3350000.0,0,0,1,1,0,0,1,0,0,1,False,SANTA FE,SAN_MARTIN,Museo Nacional,379.05,1,PARQUE METROPOLITANO INDEPENDENCIA BICENTENARIO,654.76,0,0.36,58771.93,0.5,1.0,0.0,4.96,0.04,306.78,4.0
5175-M4651706,APARTAMENTO,ARRIENDO,20.32,350.0,3.0,4.0,2100000.0,3.0,CHICO,6,MAS DE 20 ANOS,4.67,-74.04,USADO,12000000.0,0,0,0,0,1,0,0,0,0,1,False,CHAPINERO,CHICO ALTO,Calle 85,1989.42,0,PARQUE VECINAL URBANIZACIÓN LA CABRERA,932.05,0,0.06,34285.71,1.0,0.75,0.0,5.71,0.01,881.81,0.0
164-M4589285,APARTAMENTO,ARRIENDO,20.32,37.0,1.0,1.0,3921395.93,0.0,NIZA ALHAMBRA,4,ENTRE 0 Y 5 ANOS,4.71,-74.07,USADO,1650000.0,0,0,0,0,1,0,0,0,0,1,False,SUBA,S.C. BATAN,Niza - Calle 127,128.37,1,PARQUE ZONAL LOS LACHES LA MINA,25.17,1,0.55,44594.59,0.0,1.0,0.0,0.42,0.03,25.11,10.0
164-M4567698,APARTAMENTO,ARRIENDO,20.32,60.0,1.0,2.0,3921395.93,1.0,CHICO,6,ENTRE 10 Y 20 ANOS,4.68,-74.04,USADO,3000000.0,0,1,0,0,1,0,0,0,0,1,False,CHAPINERO,CHICO RESERVADO,Calle 100 - Marketmedios,1912.44,0,PARQUE VECINAL URBANIZACIÓN LA CABRERA,1317.47,0,0.34,50000.0,1.0,0.5,0.0,0.77,0.02,343.96,2.0
164-M4567650,APARTAMENTO,ARRIENDO,20.32,48.0,3.0,1.0,3921395.93,1.0,CIUDAD BOLIVAR,3,ENTRE 10 Y 20 ANOS,4.59,-74.16,USADO,1200000.0,0,1,0,0,1,0,0,0,0,1,False,CIUDAD BOLIVAR,MADELENA,CC Paseo Villa del Río - Madelena,373.71,1,PARQUE VECINAL URBANIZACIÓN BALMORAL CESIÓN GUADALUPE,943.3,0,0.42,25000.0,0.33,3.0,0.0,0.31,0.06,660.54,0.0
470-M4306613,APARTAMENTO,ARRIENDO,20.32,180.0,3.0,4.0,2100000.0,3.0,KENNEDY,6,MAS DE 20 ANOS,4.66,-74.05,USADO,9900000.0,0,1,0,0,1,0,0,0,0,1,False,CHAPINERO,LOS ROSALES,Calle 76 - San Felipe,1399.37,0,PARQUE ZONAL SAN ANDRÉS,549.29,0,0.11,55000.0,1.0,0.75,0.0,4.71,0.02,732.6,0.0
4278-M4667270,APARTAMENTO,ARRIENDO,20.32,110.0,2.0,3.0,1076000.0,1.0,CHAPINERO ALTO,6,MAS DE 20 ANOS,4.65,-74.06,USADO,6040000.0,0,1,0,0,1,0,0,0,0,1,False,CHAPINERO,S.C. EMAUS,Flores – Areandina,741.45,0,PARQUE ZONAL GUSTAVO URIBE BOTERO,556.94,0,0.18,54909.09,0.5,0.67,0.0,5.61,0.02,122.18,1.0
678-M4703475,APARTAMENTO,ARRIENDO,20.32,98.74,3.0,3.0,481900.0,1.0,CHAPINERO ALTO,5,MAS DE 20 ANOS,4.65,-74.06,USADO,3018100.0,0,0,0,1,0,0,0,0,0,1,False,CHAPINERO,URB. NUEVA GRANADA,Calle 63,1093.89,0,PARQUE ZONAL GUSTAVO URIBE BOTERO,425.93,1,0.21,30566.13,0.33,1.0,0.0,6.26,0.03,476.05,1.0
11079-M4709542,APARTAMENTO,ARRIENDO,20.32,390.0,4.0,5.0,1897200.0,2.0,CHICO,6,ENTRE 10 Y 20 ANOS,4.67,-74.05,USADO,25000000.0,0,0,0,0,1,0,0,0,0,1,False,CHAPINERO,LA CABRERA,Héroes - Gel´Hada,1464.15,0,PARQUE VECINAL URBANIZACIÓN LA CABRERA,503.76,0,0.05,64102.56,0.5,0.8,0.0,13.18,0.01,512.63,0.0
470-M4440430,APARTAMENTO,ARRIENDO,20.32,385.0,3.0,4.0,3921395.93,3.0,CHICO,6,MAS DE 20 ANOS,4.67,-74.04,USADO,22000000.0,0,1,0,0,1,0,0,0,0,1,False,CHAPINERO,S.C. CHICO NORTE,Virrey,1662.73,0,PARQUE VECINAL URBANIZACIÓN LA CABRERA,789.95,0,0.05,57142.86,1.0,0.75,0.0,5.61,0.01,564.76,0.0
164-M4677885,APARTAMENTO,ARRIENDO,20.32,65.0,3.0,2.0,3921395.93,0.0,ENGATIVA,3,ENTRE 0 Y 5 ANOS,4.72,-74.13,USADO,1400000.0,0,0,0,0,1,0,0,0,0,1,False,ENGATIVA,EL DORADO INDUSTRIAL - SANTA ISABEL (HACIENDA),Portal 80,2221.4,0,PARQUE ZONAL VILLAS DE GRANADA,758.73,0,0.31,21538.46,0.0,1.5,0.0,0.36,0.05,2008.17,0.0
164-M4733272,APARTAMENTO,ARRIENDO,20.32,90.0,4.0,3.0,346000.0,1.0,NORMANDIA,4,MAS DE 20 ANOS,4.68,-74.11,USADO,2500000.0,0,0,0,0,1,0,0,0,0,1,False,ENGATIVA,S.C. NORMANDIA OCCIDENTAL,Normandía,1113.4,0,PARQUE VECINAL URBANIZACIÓN LA EUROPA,1180.3,0,0.23,27777.78,0.25,1.33,0.0,7.23,0.04,816.46,0.0
346-M3873937,APARTAMENTO,ARRIENDO,20.32,280.0,3.0,3.0,2200000.0,3.0,CHICO,6,MAS DE 20 ANOS,4.68,-74.06,USADO,13000000.0,0,1,0,0,1,0,0,0,0,1,True,CHAPINERO,S.C. CHICO NORTE,Virrey,406.88,1,PARQUE VECINAL URBANIZACIÓN NORMANDIA I II II Y IV SECTOR,294.99,1,0.07,46428.57,1.0,1.0,0.0,5.91,0.01,371.24,1.0
34-M3936717,APARTAMENTO,ARRIENDO,20.32,245.21,3.0,3.0,1880000.0,1.0,SANTA BARBARA,6,MAS DE 20 ANOS,4.69,-74.03,USADO,8000000.0,0,1,0,0,1,0,0,0,0,1,False,USAQUEN,SANTA ANA ORIENTAL,Calle 106,2887.73,0,PARQUE METROPOLITANO EL COUNTRY,2105.83,0,0.08,32625.1,0.33,1.0,0.0,4.26,0.01,601.86,0.0
847-M4696841,APARTAMENTO,ARRIENDO,20.32,105.0,2.0,2.0,960000.0,2.0,CHICO,6,ENTRE 10 Y 20 ANOS,4.67,-74.04,USADO,5500000.0,0,1,0,1,0,0,0,0,0,1,False,CHAPINERO,EL REFUGIO,Héroes - Gel´Hada,1769.26,0,PARQUE VECINAL URBANIZACIÓN LA CABRERA,755.33,0,0.19,52380.95,1.0,1.0,0.0,5.73,0.02,736.99,0.0
342-M4697177,APARTAMENTO,ARRIENDO,20.32,70.0,2.0,2.0,820900.0,2.0,CENTRO Y ZONA COLONIAL,4,ENTRE 5 Y 10 ANOS,4.61,-74.07,USADO,2500000.0,0,0,0,0,0,0,0,0,0,1,False,SANTA FE,LAS NIEVES,San Diego,347.97,1,PARQUE METROPOLITANO INDEPENDENCIA BICENTENARIO,386.28,1,0.29,35714.29,1.0,1.0,0.0,3.05,0.03,401.81,4.0
164-M4596180,APARTAMENTO,ARRIENDO,20.32,140.0,3.0,3.0,3921395.93,1.0,SANTA BARBARA,6,ENTRE 10 Y 20 ANOS,4.69,-74.05,USADO,6500000.0,0,1,0,0,1,0,0,0,0,1,False,USAQUEN,SANTA BIBIANA,Calle 106,357.76,1,PARQUE VECINAL URBANIZACIÓN NORMANDIA I II II Y IV SECTOR,1637.72,0,0.15,46428.57,0.33,1.0,0.0,1.66,0.02,645.18,0.0
646-M4156545,APARTAMENTO,ARRIENDO,20.32,60.0,3.0,1.0,3921395.93,0.0,,3,MAS DE 20 ANOS,4.6,-74.11,USADO,1021000.0,0,0,0,0,0,0,0,0,0,1,False,ANTONIO NARINO,SANTA ISABEL V SECTOR,SENA,409.75,1,PARQUE ZONAL LA FRAGUA,390.31,1,0.34,17016.67,0.0,3.0,0.0,0.26,0.05,2024.34,0.0
164-M4509193,APARTAMENTO,ARRIENDO,20.32,40.0,2.0,1.0,135000.0,0.0,ALTOS DE SUBA Y CERROS DE SAN JORGE,3,ENTRE 0 Y 5 ANOS,4.74,-74.09,USADO,1300000.0,0,0,0,0,1,0,0,0,0,1,False,SUBA,S.C. VILLA ELISA,Suba - TV. 91,340.76,1,PARQUE ZONAL BELLAVISTA DINDALITO,464.58,1,0.51,32500.0,0.0,2.0,0.0,9.63,0.05,1818.16,0.0
646-M4594799,APARTAMENTO,ARRIENDO,20.32,40.0,2.0,1.0,140000.0,0.0,COLINA Y ALREDEDORES,4,ENTRE 0 Y 5 ANOS,4.72,-74.06,USADO,1686000.0,0,0,0,0,1,1,0,0,0,1,False,SUBA,CIUDADELA EL POBLADO,Prado,1057.53,0,PARQUE ZONAL ATABANZA,870.98,0,0.51,42150.0,0.0,2.0,0.0,12.04,0.05,770.87,0.0
350-M4723581,APARTAMENTO,ARRIENDO,20.32,43.63,3.0,2.0,100200.0,0.0,ENGATIVA,3,MAS DE 20 ANOS,4.7,-74.12,USADO,1300000.0,0,0,0,0,0,1,0,0,0,1,False,ENGATIVA,LOS ANGELES,Quirigua,1457.19,0,PARQUE ZONAL EL CARMELO,413.75,1,0.47,29796.01,0.0,1.5,0.0,12.97,0.07,530.56,0.0
34-M3088647,APARTAMENTO,ARRIENDO,20.32,168.1,3.0,3.0,1200000.0,2.0,CHICO,6,ENTRE 10 Y 20 ANOS,4.67,-74.04,USADO,10000000.0,0,1,0,0,0,0,0,0,0,1,False,CHAPINERO,EL REFUGIO,Héroes - Gel´Hada,1819.31,0,PARQUE VECINAL URBANIZACIÓN LA CABRERA,805.87,0,0.12,59488.4,0.67,1.0,0.0,8.33,0.02,786.15,0.0
164-M4729905,APARTAMENTO,ARRIENDO,20.32,75.0,3.0,2.0,3921395.93,0.0,,4,ENTRE 10 Y 20 ANOS,4.66,-74.13,USADO,1750000.0,0,0,0,0,1,0,0,0,0,1,False,FONTIBON,EL TINTAL A.S.D.,Normandía,2102.04,0,PARQUE ZONAL CANAL BOYACA,1314.79,0,0.27,23333.33,0.0,1.5,0.0,0.45,0.04,655.31,0.0
346-M4368857,APARTAMENTO,ARRIENDO,20.32,225.0,3.0,2.0,2200000.0,2.0,CHICO,6,MAS DE 20 ANOS,4.66,-74.05,USADO,9000000.0,0,1,0,0,1,0,0,0,0,1,False,CHAPINERO,BOSQUE EL RETIRO,Calle 76 - San Felipe,1765.52,0,PARQUE ZONAL SAN ANDRÉS,822.69,0,0.09,40000.0,0.67,1.5,0.0,4.09,0.01,972.49,0.0
2195-M4550680,APARTAMENTO,ARRIENDO,20.32,121.0,3.0,3.0,761000.0,2.0,CEDRITOS,4,REMODELADO,4.73,-74.05,USADO,2700000.0,0,0,0,0,1,0,0,0,0,1,False,USAQUEN,LOS CAOBOS,Calle 146,388.86,1,PARQUE VECINAL PRADO PINZÓN,877.65,0,0.17,22314.05,0.67,1.0,0.0,3.55,0.02,995.63,0.0
346-M3674922,APARTAMENTO,ARRIENDO,20.32,202.0,3.0,4.0,3921395.93,2.0,CHICO,6,MAS DE 20 ANOS,4.65,-74.05,USADO,9000000.0,0,1,0,0,0,0,0,0,0,1,False,CHAPINERO,S.C. BELLAVISTA,Calle 72,984.74,0,PARQUE ZONAL GUSTAVO URIBE BOTERO,490.62,1,0.1,44554.46,0.67,0.75,0.0,2.3,0.01,306.1,4.0
14493-M4422111,APARTAMENTO,ARRIENDO,20.32,300.0,3.0,5.0,2500000.0,4.0,CHICO,6,MAS DE 20 ANOS,4.68,-74.05,USADO,13000000.0,1,0,0,0,1,0,0,0,0,1,False,CHAPINERO,S.C. CHICO NORTE,Virrey,1446.33,0,PARQUE VECINAL URBANIZACIÓN LA CABRERA,727.79,0,0.07,43333.33,1.33,0.6,0.0,5.2,0.01,316.52,1.0
815-M4698032,APARTAMENTO,ARRIENDO,20.32,120.0,4.0,4.0,824000.0,1.0,SANTA BARBARA,5,MAS DE 20 ANOS,4.69,-74.04,USADO,1700000.0,0,1,0,0,1,0,0,0,0,1,False,USAQUEN,SANTA BARBARA CENTRAL I Y II,Calle 106,1349.64,0,PARQUE METROPOLITANO EL COUNTRY,1403.0,0,0.17,14166.67,0.25,1.0,0.0,2.06,0.03,409.45,1.0
93-M4033746,APARTAMENTO,ARRIENDO,20.32,325.85,3.0,4.0,2129000.0,3.0,CHICO,6,MAS DE 20 ANOS,4.67,-74.04,USADO,8300000.0,0,1,0,0,1,0,1,0,0,1,False,CHAPINERO,CHICO ALTO,Calle 85,1989.42,0,PARQUE VECINAL URBANIZACIÓN LA CABRERA,932.05,0,0.06,25471.84,1.0,0.75,0.0,3.9,0.01,881.81,0.0
11307-M4653490,APARTAMENTO,ARRIENDO,20.32,70.0,2.0,2.0,524000.0,2.0,SANTA BARBARA,6,ENTRE 5 Y 10 ANOS,4.71,-74.05,USADO,2976000.0,0,0,0,0,0,0,0,0,0,1,True,USAQUEN,SANTA BARBARA OCCIDENTAL,Calle 127,561.77,0,PARQUE ZONAL ATABANZA,1080.24,0,0.29,42514.29,1.0,1.0,0.0,5.68,0.03,363.85,5.0
920-M4310264,APARTAMENTO,ARRIENDO,20.32,299.0,4.0,4.0,2064000.0,3.0,CHICO,6,MAS DE 20 ANOS,4.66,-74.05,USADO,10000000.0,0,0,0,1,1,0,0,0,0,1,False,CHAPINERO,BELLAVISTA - URB. EL CASTILLO,Calle 72,928.23,0,PARQUE ZONAL GUSTAVO URIBE BOTERO,633.82,0,0.07,33444.82,0.75,1.0,0.0,4.84,0.01,190.06,5.0
11301-M4523447,APARTAMENTO,ARRIENDO,20.32,170.0,3.0,3.0,1550000.0,2.0,CHICO,5,ENTRE 5 Y 10 ANOS,4.67,-74.06,USADO,10000000.0,0,1,0,0,1,0,0,0,0,1,False,CHAPINERO,S.C. ANTIGUO COUNTRY,Virrey,248.5,1,PARQUE METROPOLITANO RECONCILIACIÓN,199.16,1,0.12,58823.53,0.67,1.0,0.0,6.45,0.02,445.27,1.0
342-M4337627,APARTAMENTO,ARRIENDO,20.32,315.0,4.0,5.0,3921395.93,4.0,CHICO,6,MAS DE 20 ANOS,4.68,-74.05,USADO,15000000.0,0,1,0,0,1,0,0,0,0,1,True,CHAPINERO,S.C. CHICO NORTE,Calle 100 - Marketmedios,624.22,0,PARQUE VECINAL URBANIZACIÓN NORMANDIA I II II Y IV SECTOR,589.98,0,0.06,47619.05,1.0,0.8,0.0,3.83,0.01,106.08,2.0
703-M4550877,APARTAMENTO,ARRIENDO,20.32,236.0,3.0,4.0,1758000.0,1.0,CHICO,6,MAS DE 20 ANOS,4.66,-74.05,USADO,9242000.0,0,0,0,0,1,1,0,0,0,1,False,CHAPINERO,BELLAVISTA - URB. EL CASTILLO,Calle 72,928.23,0,PARQUE ZONAL GUSTAVO URIBE BOTERO,633.82,0,0.09,39161.02,0.33,0.75,0.0,5.26,0.01,190.06,5.0
17-M4553768,APARTAMENTO,ARRIENDO,20.32,264.0,4.0,3.0,3921395.93,2.0,,6,MAS DE 20 ANOS,4.68,-74.03,USADO,12000000.0,0,1,0,0,0,0,0,0,0,1,False,USAQUEN,SANTA ANA ORIENTAL,Calle 106,3140.03,0,PARQUE METROPOLITANO EL COUNTRY,2397.21,0,0.08,45454.55,0.5,1.33,0.0,3.06,0.02,881.83,0.0
346-M3838180,APARTAMENTO,ARRIENDO,20.32,335.0,3.0,5.0,3921395.93,4.0,SANTA BARBARA,6,ENTRE 5 Y 10 ANOS,4.69,-74.05,USADO,25000000.0,0,0,0,0,1,0,0,0,0,1,False,USAQUEN,SANTA BIBIANA,Calle 106,607.93,0,PARQUE VECINAL URBANIZACIÓN NORMANDIA I II II Y IV SECTOR,1326.74,0,0.06,74626.87,1.33,0.6,0.0,6.38,0.01,586.95,0.0
346-M4356245,APARTAMENTO,ARRIENDO,20.32,295.36,3.0,3.0,3921395.93,4.0,CHICO,6,MAS DE 20 ANOS,4.66,-74.05,USADO,9500000.0,0,1,0,0,1,0,0,0,0,1,False,CHAPINERO,LOS ROSALES,Calle 72,1337.7,0,PARQUE ZONAL GUSTAVO URIBE BOTERO,805.95,0,0.07,32164.14,1.33,1.0,0.0,2.42,0.01,599.09,0.0
5268-M4735258,APARTAMENTO,ARRIENDO,20.32,75.06,2.0,2.0,490000.0,1.0,,5,MAS DE 20 ANOS,4.62,-74.09,USADO,2210000.0,0,1,0,0,0,0,0,0,0,1,False,PUENTE ARANDA,CUNDINAMARCA,Paloquemao,672.12,0,PARQUE ZONAL INDUSTRIAL LOS EJIDOS,1133.2,0,0.27,29443.11,0.5,1.0,0.0,4.51,0.03,1811.26,0.0
346-M4703170,APARTAMENTO,ARRIENDO,20.32,200.0,3.0,3.0,3921395.93,2.0,CHICO,6,ENTRE 10 Y 20 ANOS,4.68,-74.04,USADO,9650000.0,0,1,0,0,1,0,0,0,0,1,False,CHAPINERO,CHICO RESERVADO,Calle 100 - Marketmedios,1834.27,0,PARQUE VECINAL URBANIZACIÓN LA CABRERA,1292.22,0,0.1,48250.0,0.67,1.0,0.0,2.46,0.02,334.05,2.0
2556-M4725999,APARTAMENTO,ARRIENDO,20.32,85.0,2.0,2.0,520750.0,1.0,NIZA ALHAMBRA,4,ENTRE 10 Y 20 ANOS,4.71,-74.07,USADO,2400000.0,0,0,0,0,0,0,0,0,0,1,True,SUBA,NIZA SUR,Humedal Córdoba,283.71,1,PARQUE ZONAL LOS LACHES LA MINA,296.83,1,0.24,28235.29,0.5,1.0,0.0,4.61,0.02,295.35,10.0
2444-M4733010,APARTAMENTO,ARRIENDO,20.32,62.84,1.0,2.0,500000.0,1.0,SANTA BARBARA,6,ENTRE 0 Y 5 ANOS,4.69,-74.04,USADO,3500000.0,0,0,0,1,1,0,0,0,0,1,False,USAQUEN,RINCON DEL CHICO,Calle 106,1357.03,0,PARQUE ZONAL CANAL EL VIRREY EL CHICO,1908.55,0,0.32,55697.01,1.0,0.5,0.0,7.0,0.02,599.88,0.0
703-M4714791,APARTAMENTO,ARRIENDO,20.32,65.59,3.0,2.0,316000.0,1.0,CEDRITOS,4,ENTRE 10 Y 20 ANOS,4.73,-74.03,USADO,1684000.0,0,0,0,1,1,1,0,0,0,1,False,USAQUEN,CAOBOS SALAZAR,Calle 146,1875.96,0,PARQUE VECINAL NUEVA URBANIZACIÓN EL CEDRITO,629.58,0,0.31,25674.65,0.33,1.5,0.0,5.33,0.05,128.34,1.0
920-M3965936,APARTAMENTO,ARRIENDO,20.32,350.0,4.0,4.0,3008000.0,4.0,CHICO,6,ENTRE 5 Y 10 ANOS,4.66,-74.05,USADO,20000000.0,1,1,0,1,1,0,0,0,0,1,False,CHAPINERO,PINAR ALTO - PINAR II,Calle 76 - San Felipe,1474.04,0,PARQUE ZONAL SAN ANDRÉS,562.9,0,0.06,57142.86,1.0,1.0,0.0,6.65,0.01,733.86,0.0
164-M4640065,APARTAMENTO,ARRIENDO,20.32,61.0,2.0,2.0,200000.0,1.0,ENGATIVA,4,ENTRE 0 Y 5 ANOS,4.72,-74.13,USADO,1550000.0,0,0,0,0,1,0,0,0,0,1,False,ENGATIVA,EL DORADO INDUSTRIAL - SANTA ISABEL (HACIENDA),Portal 80,2213.05,0,PARQUE METROPOLITANO PLANTA DE TRATAMIENTO SALITRE,453.02,1,0.33,25409.84,0.5,1.0,0.0,7.75,0.03,2004.78,0.0
164-M4684946,APARTAMENTO,ARRIENDO,20.32,42.0,3.0,2.0,3921395.93,0.0,FONTIBON TINTAL,3,ENTRE 0 Y 5 ANOS,4.69,-74.15,USADO,1150000.0,0,1,0,0,1,0,0,0,0,1,False,FONTIBON,ALMAGRARIO,Portal El Dorado,3670.56,0,PARQUE ZONAL LA CONCORDIA,622.31,0,0.48,27380.95,0.0,1.5,0.0,0.29,0.07,1561.4,0.0
164-M4678678,APARTAMENTO,ARRIENDO,20.32,42.0,2.0,1.0,3921395.93,0.0,FONTIBON TINTAL,3,REMODELADO,4.67,-74.15,USADO,1100000.0,0,0,0,0,1,0,0,0,0,1,False,FONTIBON,LA LAGUNA FONTIBON,Portal El Dorado,3233.35,0,PARQUE ZONAL CARMEN DE LA LAGUNA,378.91,1,0.48,26190.48,0.0,2.0,0.0,0.28,0.05,2098.03,0.0
164-M4647756,APARTAMENTO,ARRIENDO,20.32,50.0,3.0,1.0,3921395.93,0.0,,3,ENTRE 0 Y 5 ANOS,4.68,-74.16,USADO,1000000.0,0,0,0,0,1,0,0,0,0,1,False,FONTIBON,EL CHARCO,Portal El Dorado,4031.35,0,PARQUE ZONAL LA CONCORDIA,892.87,0,0.41,20000.0,0.0,3.0,0.0,0.26,0.06,2255.24,0.0
164-M4523803,APARTAMENTO,ARRIENDO,20.32,50.0,3.0,2.0,3921395.93,1.0,CORTIJO AUTOPISTA MEDELLIN,3,MAS DE 20 ANOS,4.72,-74.12,USADO,1400000.0,0,0,0,0,0,0,0,0,0,1,False,ENGATIVA,EL_CORTIJO,Portal 80,1909.55,0,PARQUE METROPOLITANO PLANTA DE TRATAMIENTO SALITRE,665.06,0,0.41,28000.0,0.33,1.5,0.0,0.36,0.06,1712.56,0.0
5175-M4507090,APARTAMENTO,ARRIENDO,20.32,240.0,3.0,4.0,1600000.0,3.0,CHICO,6,ENTRE 10 Y 20 ANOS,4.66,-74.05,USADO,11500000.0,1,0,0,0,1,0,0,0,0,1,False,CHAPINERO,LOS ROSALES,Calle 76 - San Felipe,1399.92,0,PARQUE ZONAL SAN ANDRÉS,659.47,0,0.08,47916.67,1.0,0.75,0.0,7.19,0.01,783.28,0.0
684-M4695434,APARTAMENTO,ARRIENDO,20.32,113.0,3.0,3.0,3921395.93,2.0,SANTA BARBARA,6,MAS DE 20 ANOS,4.68,-74.04,USADO,4000000.0,0,1,0,0,1,0,0,0,0,1,False,USAQUEN,RINCON DEL CHICO,Calle 100 - Marketmedios,1503.81,0,PARQUE ZONAL CANAL EL VIRREY EL CHICO,1650.43,0,0.18,35398.23,0.67,1.0,0.0,1.02,0.03,335.19,2.0
2123-M4034118,APARTAMENTO,ARRIENDO,20.32,152.0,3.0,4.0,800000.0,2.0,COUNTRY,6,ENTRE 5 Y 10 ANOS,4.7,-74.03,USADO,6500000.0,0,1,0,0,0,0,0,0,0,0,False,USAQUEN,SANTA BARBARA ORIENTAL,Calle 127,2428.98,0,PARQUE METROPOLITANO EL COUNTRY,693.48,0,0.13,42763.16,0.67,0.75,0.0,8.12,0.02,755.33,0.0
346-M4312957,APARTAMENTO,ARRIENDO,20.32,350.0,3.0,3.0,3921395.93,2.0,CHICO,6,MAS DE 20 ANOS,4.67,-74.06,USADO,22000000.0,0,1,0,0,0,0,0,0,0,1,False,CHAPINERO,S.C. LAGO GAITAN,Héroes - Gel´Hada,480.72,1,PARQUE ZONAL SAN ANDRÉS,507.51,0,0.06,62857.14,0.67,1.0,0.0,5.61,0.01,129.19,6.0
815-M4724170,APARTAMENTO,ARRIENDO,20.32,304.0,5.0,5.0,3921395.93,4.0,SANTA BARBARA,6,MAS DE 20 ANOS,4.68,-74.04,USADO,8000000.0,0,1,0,0,1,0,0,0,0,1,False,USAQUEN,RINCON DEL CHICO,Calle 100 - Marketmedios,1411.87,0,PARQUE ZONAL CANAL EL VIRREY EL CHICO,1630.35,0,0.07,26315.79,0.8,1.0,0.0,2.04,0.02,393.61,2.0
164-M3710678,APARTAMENTO,ARRIENDO,20.32,192.0,2.0,3.0,3921395.93,2.0,COUNTRY,6,ENTRE 10 Y 20 ANOS,4.71,-74.03,USADO,8000000.0,0,1,0,0,1,0,0,0,0,1,False,USAQUEN,BOSQUES DE MEDINA,Prado,2775.02,0,PARQUE METROPOLITANO EL COUNTRY,1415.16,0,0.11,41666.67,1.0,0.67,0.0,2.04,0.01,483.62,1.0
603-M4611529,APARTAMENTO,ARRIENDO,20.32,94.0,3.0,3.0,600000.0,1.0,SANTA BARBARA,6,ENTRE 5 Y 10 ANOS,4.69,-74.06,USADO,3900000.0,0,0,0,1,1,0,0,0,0,1,False,USAQUEN,SANTA BIBIANA,Calle 100 - Marketmedios,488.33,1,PARQUE VECINAL URBANIZACIÓN NORMANDIA I II II Y IV SECTOR,1230.77,0,0.22,41489.36,0.33,1.0,0.0,6.5,0.03,766.75,0.0
342-M4461752,APARTAMENTO,ARRIENDO,20.32,167.0,2.0,3.0,3921395.93,2.0,CHICO,6,MAS DE 20 ANOS,4.66,-74.05,USADO,8750000.0,0,0,0,1,1,1,0,0,0,1,False,CHAPINERO,LOS ROSALES,Calle 76 - San Felipe,1642.73,0,PARQUE ZONAL SAN ANDRÉS,877.68,0,0.12,52395.21,1.0,0.67,0.0,2.23,0.01,957.32,0.0
93-M4578813,APARTAMENTO,ARRIENDO,20.32,140.0,2.0,4.0,1700000.0,2.0,CHICO,6,MAS DE 20 ANOS,4.68,-74.04,USADO,8500000.0,0,1,0,0,1,0,0,0,0,1,False,CHAPINERO,S.C. CHICO NORTE,Virrey,1556.85,0,PARQUE VECINAL URBANIZACIÓN LA CABRERA,805.33,0,0.15,60714.29,1.0,0.5,0.0,5.0,0.01,410.61,1.0
603-M4418071,APARTAMENTO,ARRIENDO,20.32,267.0,3.0,5.0,3921395.93,4.0,COUNTRY,6,MAS DE 20 ANOS,4.73,-74.02,USADO,10000000.0,0,0,0,1,1,1,0,0,0,1,False,USAQUEN,CERROS NORTE,Mazurén,3471.32,0,PARQUE ZONAL ALTA BLANCA,1222.5,0,0.08,37453.18,1.33,0.6,0.0,2.55,0.01,1629.25,0.0
399-M4692799,APARTAMENTO,ARRIENDO,20.32,30.0,1.0,1.0,138000.0,1.0,LA SOLEDAD,3,ENTRE 5 Y 10 ANOS,4.64,-74.08,USADO,1620000.0,0,0,0,0,1,0,0,0,0,1,False,TEUSAQUILLO,BELALCAZAR,Universidad Nacional,437.03,1,PARQUE ESCENARIO DEPORTIVO EL CAMPINCITO - CEAD,1259.71,0,0.68,54000.0,1.0,1.0,0.0,11.74,0.03,858.06,0.0
350-M4726285,APARTAMENTO,ARRIENDO,20.32,72.9,2.0,2.0,640000.0,2.0,CHICO,6,MAS DE 20 ANOS,4.68,-74.04,USADO,2660000.0,0,0,0,0,0,0,0,0,0,1,False,CHAPINERO,S.C. CHICO NORTE,Virrey,1885.4,0,PARQUE VECINAL URBANIZACIÓN LA CABRERA,1134.19,0,0.28,36488.34,1.0,1.0,0.0,4.16,0.03,573.05,0.0
5175-M4601010,APARTAMENTO,ARRIENDO,20.32,373.0,4.0,5.0,2900000.0,4.0,CHICO,6,ENTRE 10 Y 20 ANOS,4.67,-74.05,USADO,25000000.0,0,1,0,1,1,0,0,0,0,1,False,CHAPINERO,S.C. EL CHICO,Calle 85,1533.43,0,PARQUE VECINAL URBANIZACIÓN LA CABRERA,480.97,1,0.05,67024.13,1.0,0.8,0.0,8.62,0.01,424.95,1.0
661-M4429352,APARTAMENTO,ARRIENDO,20.32,180.72,4.0,4.0,1659000.0,2.0,CHICO,6,ENTRE 10 Y 20 ANOS,4.66,-74.05,USADO,9800000.0,0,1,0,0,1,0,0,0,0,1,False,CHAPINERO,LOS ROSALES,Calle 72,1605.59,0,PARQUE ZONAL GUSTAVO URIBE BOTERO,866.05,0,0.11,54227.53,0.5,1.0,0.0,5.91,0.02,860.4,0.0
603-M4696116,APARTAMENTO,ARRIENDO,20.32,46.0,2.0,1.0,3921395.93,1.0,KENNEDY,2,ENTRE 5 Y 10 ANOS,4.65,-74.16,USADO,1100000.0,0,0,0,0,0,1,0,0,0,1,False,KENNEDY,TINTALA,Biblioteca Tintal,974.05,0,PARQUE METROPOLITANO BIBLIOTECA EL TINTAL,183.97,1,0.44,23913.04,0.5,2.0,0.0,0.28,0.04,3045.53,0.0
414-M4656781,APARTAMENTO,ARRIENDO,20.32,57.0,2.0,2.0,312000.0,0.0,COUNTRY,4,MAS DE 20 ANOS,4.7,-74.03,USADO,1600000.0,0,1,0,0,0,1,0,0,0,1,False,USAQUEN,SAN,Calle 127,3128.63,0,PARQUE METROPOLITANO EL COUNTRY,1387.45,0,0.36,28070.18,0.0,1.0,0.0,5.13,0.04,905.04,0.0
5175-M4705560,APARTAMENTO,ARRIENDO,20.32,175.0,2.0,3.0,1722600.0,2.0,CHICO,6,MAS DE 20 ANOS,4.66,-74.05,USADO,6777400.0,0,0,0,0,1,0,0,0,0,1,False,CHAPINERO,EL REFUGIO,Héroes - Gel´Hada,1624.08,0,PARQUE ZONAL SAN ANDRÉS,664.75,0,0.12,38728.0,1.0,0.67,0.0,3.93,0.01,753.97,0.0
2123-M3086793,APARTAMENTO,ARRIENDO,20.32,215.0,3.0,4.0,1200000.0,2.0,COUNTRY,6,ENTRE 10 Y 20 ANOS,4.72,-74.03,USADO,7000000.0,0,1,0,1,1,1,0,0,0,1,False,USAQUEN,LA CANADA,Alcalá,2774.74,0,PARQUE VECINAL NUEVA URBANIZACIÓN EL CEDRITO,969.13,0,0.09,32558.14,0.67,0.75,0.0,5.83,0.01,418.91,1.0
920-M4706510,APARTAMENTO,ARRIENDO,20.32,288.0,3.0,4.0,1700000.0,2.0,CHICO,6,ENTRE 10 Y 20 ANOS,4.67,-74.05,USADO,20000000.0,0,1,0,1,1,0,0,0,0,1,False,CHAPINERO,LA CABRERA,Calle 85,884.98,0,PARQUE VECINAL URBANIZACIÓN LA CABRERA,184.34,1,0.07,69444.44,0.67,0.75,0.0,11.76,0.01,258.24,6.0
350-M4714878,APARTAMENTO,ARRIENDO,20.32,42.99,1.0,2.0,421000.0,1.0,CHICO,6,ENTRE 0 Y 5 ANOS,4.68,-74.05,USADO,2980000.0,0,0,0,1,1,0,0,0,0,1,False,CHAPINERO,S.C. CHICO NORTE III SECTOR,Calle 100 - Marketmedios,422.9,1,PARQUE VECINAL URBANIZACIÓN NORMANDIA I II II Y IV SECTOR,812.59,0,0.47,69318.45,1.0,0.5,0.0,7.08,0.02,246.26,2.0
350-M4548619,APARTAMENTO,ARRIENDO,20.32,125.16,2.0,3.0,595000.0,1.0,CENTRO INTERNACIONAL,4,MAS DE 20 ANOS,4.62,-74.07,USADO,2790000.0,0,1,0,0,1,1,1,0,0,1,False,SANTA FE,SAMPER,Museo Nacional,212.93,1,PARQUE METROPOLITANO INDEPENDENCIA BICENTENARIO,525.2,0,0.16,22291.47,0.5,0.67,0.0,4.69,0.02,187.9,6.0
2671-M4324837,APARTAMENTO,ARRIENDO,20.32,380.0,4.0,5.0,2000000.0,4.0,CHICO,6,MAS DE 20 ANOS,4.65,-74.05,USADO,17000000.0,0,1,0,0,1,0,0,0,0,1,False,CHAPINERO,S.C. BELLAVISTA,Flores – Areandina,1458.61,0,PARQUE ZONAL GUSTAVO URIBE BOTERO,359.86,1,0.05,44736.84,1.0,0.8,0.0,8.5,0.01,662.49,0.0
350-M4712756,APARTAMENTO,ARRIENDO,20.32,83.0,2.0,2.0,420000.0,1.0,NIZA ALHAMBRA,5,MAS DE 20 ANOS,4.7,-74.06,USADO,2100000.0,0,1,0,0,1,0,0,0,0,1,False,SUBA,LA ALHAMBRA SECTOR SUR,Suba - Calle 116,652.6,0,PARQUE ZONAL CANAL CORDOBA,234.31,1,0.24,25301.2,0.5,1.0,0.0,5.0,0.02,1138.58,0.0
10484-M4631364,APARTAMENTO,ARRIENDO,20.32,217.0,3.0,4.0,3921395.93,3.0,CHAPINERO ALTO,6,ENTRE 5 Y 10 ANOS,4.64,-74.06,USADO,9700000.0,0,1,0,1,1,1,0,0,0,1,False,CHAPINERO,S.C INGEMAR,Calle 57,967.45,0,PARQUE ZONAL GUSTAVO URIBE BOTERO,1449.8,0,0.09,44700.46,1.0,0.75,0.0,2.47,0.01,1130.16,0.0
5175-M4701793,APARTAMENTO,ARRIENDO,20.32,165.0,3.0,4.0,1500000.0,2.0,CHICO,6,ENTRE 5 Y 10 ANOS,4.67,-74.05,USADO,13500000.0,0,1,0,1,1,0,1,0,0,1,False,CHAPINERO,LA CABRERA,Calle 85,1555.96,0,PARQUE VECINAL URBANIZACIÓN LA CABRERA,495.83,1,0.12,81818.18,0.67,0.75,0.0,9.0,0.02,457.43,1.0
399-M4583828,APARTAMENTO,ARRIENDO,20.32,37.57,2.0,1.0,336000.0,1.0,CHAPINERO ALTO,4,MAS DE 20 ANOS,4.65,-74.06,USADO,1964000.0,0,0,0,0,1,0,0,0,0,1,False,CHAPINERO,S.C. GRANADA,Calle 63,983.16,0,PARQUE ZONAL GUSTAVO URIBE BOTERO,512.91,0,0.54,52275.75,0.5,2.0,0.0,5.85,0.05,465.12,1.0
272-M4730815,APARTAMENTO,ARRIENDO,20.32,58.13,3.0,2.0,277000.0,1.0,ORQUIDEAS,3,ENTRE 10 Y 20 ANOS,4.74,-74.03,USADO,1300000.0,0,0,0,0,1,1,0,0,0,1,False,USAQUEN,BALCONES DE ORIENTE,Calle 161,1583.34,0,PARQUE ZONAL LA VIDA,356.58,1,0.35,22363.67,0.33,1.5,0.0,4.69,0.05,1000.01,0.0
703-M4084356,APARTAMENTO,ARRIENDO,20.32,270.0,3.0,5.0,3921395.93,4.0,CHICO,6,MAS DE 20 ANOS,4.68,-74.05,USADO,13200000.0,0,1,0,0,1,0,0,0,0,1,False,CHAPINERO,S.C. CHICO NORTE III SECTOR,Calle 100 - Marketmedios,711.21,0,PARQUE VECINAL URBANIZACIÓN NORMANDIA I II II Y IV SECTOR,831.99,0,0.08,48888.89,1.33,0.6,0.0,3.37,0.01,232.46,3.0
59-M4017446,APARTAMENTO,ARRIENDO,20.32,60.2,1.0,1.0,834500.0,1.0,CHICO,6,ENTRE 10 Y 20 ANOS,4.68,-74.04,USADO,2165500.0,0,0,0,1,0,1,0,0,0,1,False,CHAPINERO,CHICO RESERVADO,Calle 100 - Marketmedios,1757.77,0,PARQUE VECINAL URBANIZACIÓN LA CABRERA,1198.22,0,0.34,35971.76,1.0,1.0,0.0,2.59,0.02,413.33,2.0
10323-M4660496,APARTAMENTO,ARRIENDO,20.32,76.0,2.0,2.0,643800.0,1.0,SANTA BARBARA,5,ENTRE 10 Y 20 ANOS,4.7,-74.05,USADO,3856200.0,0,0,0,1,1,1,0,0,0,1,False,USAQUEN,SANTA BARBARA OCCIDENTAL,Calle 127,184.18,1,PARQUE ZONAL ATABANZA,825.29,0,0.27,50739.47,0.5,1.0,0.0,5.99,0.03,267.16,5.0
164-M4744115,APARTAMENTO,ARRIENDO,20.32,68.0,3.0,2.0,3921395.93,1.0,FONTIBON TINTAL,4,ENTRE 0 Y 5 ANOS,4.67,-74.14,USADO,1900000.0,0,0,0,0,1,0,0,0,0,1,False,FONTIBON,S.C. EL TINTAL CENTRAL,Portal El Dorado,2318.9,0,PARQUE VECINAL VILLA HELENA VILLEMAR,441.73,1,0.3,27941.18,0.33,1.5,0.0,0.48,0.04,884.16,0.0
11301-M4140069,APARTAMENTO,ARRIENDO,20.32,213.0,3.0,4.0,1809578.0,4.0,CHAPINERO ALTO,4,ENTRE 5 Y 10 ANOS,4.65,-74.06,USADO,16000000.0,0,0,0,1,1,0,1,0,0,1,False,CHAPINERO,S.C. GRANADA,Calle 63,1094.98,0,PARQUE ZONAL GUSTAVO URIBE BOTERO,359.92,1,0.1,75117.37,1.33,0.75,0.0,8.84,0.01,368.79,1.0
93-M4578371,APARTAMENTO,ARRIENDO,20.32,350.0,4.0,5.0,3300000.0,4.0,CHICO,6,ENTRE 5 Y 10 ANOS,4.66,-74.05,USADO,21700000.0,0,0,0,1,1,0,0,0,0,1,False,CHAPINERO,PINAR ALTO - PINAR II,Calle 76 - San Felipe,1474.04,0,PARQUE ZONAL SAN ANDRÉS,562.9,0,0.06,62000.0,1.0,0.8,0.0,6.58,0.01,733.86,0.0
847-M4742459,APARTAMENTO,ARRIENDO,20.32,191.0,3.0,4.0,2820000.0,4.0,CHICO,6,ENTRE 5 Y 10 ANOS,4.66,-74.05,USADO,15800000.0,0,1,0,1,0,0,0,0,0,1,False,CHAPINERO,S.C. EL RETIRO,Héroes - Gel´Hada,1351.83,0,PARQUE ZONAL SAN ANDRÉS,376.43,1,0.11,82722.51,1.33,0.75,0.0,5.6,0.02,499.0,2.0
205-M4463435,APARTAMENTO,ARRIENDO,20.32,144.0,3.0,3.0,1119000.0,2.0,CHICO,6,MAS DE 20 ANOS,4.66,-74.05,USADO,4000000.0,0,0,0,0,1,1,0,0,0,1,False,CHAPINERO,S.C. EL NOGAL,Calle 76 - San Felipe,811.81,0,PARQUE ZONAL SAN ANDRÉS,254.75,1,0.14,27777.78,0.67,1.0,0.0,3.57,0.02,298.0,4.0
684-M4677955,APARTAMENTO,ARRIENDO,20.32,113.0,3.0,3.0,3921395.93,2.0,SANTA BARBARA,6,MAS DE 20 ANOS,4.68,-74.04,USADO,4000000.0,0,1,0,0,1,0,0,0,0,1,False,USAQUEN,RINCON DEL CHICO,Calle 100 - Marketmedios,1503.81,0,PARQUE ZONAL CANAL EL VIRREY EL CHICO,1650.43,0,0.18,35398.23,0.67,1.0,0.0,1.02,0.03,335.19,2.0
3220-M4495824,APARTAMENTO,ARRIENDO,20.32,105.56,2.0,3.0,1266000.0,2.0,CHICO,5,ENTRE 0 Y 5 ANOS,4.65,-74.05,USADO,7400000.0,0,0,0,1,1,1,1,0,0,1,False,CHAPINERO,S.C. BELLAVISTA,Flores – Areandina,1361.73,0,PARQUE ZONAL GUSTAVO URIBE BOTERO,255.27,1,0.19,70102.31,1.0,0.67,0.0,5.85,0.02,550.99,0.0
12495-M4693144,APARTAMENTO,ARRIENDO,20.32,150.0,3.0,3.0,1237000.0,2.0,CHAPINERO ALTO,6,MAS DE 20 ANOS,4.65,-74.05,USADO,6500000.0,0,1,0,1,1,1,0,0,0,1,False,CHAPINERO,EMAUS,Flores – Areandina,1062.92,0,PARQUE ZONAL GUSTAVO URIBE BOTERO,270.75,1,0.14,43333.33,0.67,1.0,0.0,5.25,0.02,242.19,1.0
646-M4290742,APARTAMENTO,ARRIENDO,20.32,118.0,3.0,3.0,724319.0,1.0,CHICO,6,MAS DE 20 ANOS,4.68,-74.04,USADO,4401000.0,0,0,0,0,1,0,0,0,0,1,False,CHAPINERO,CHICO RESERVADO,Calle 100 - Marketmedios,1642.98,0,PARQUE ZONAL CANAL EL VIRREY EL CHICO,1541.47,0,0.17,37296.61,0.33,1.0,0.0,6.08,0.03,148.5,2.0
16437-M4701162,APARTAMENTO,ARRIENDO,20.32,362.0,3.0,4.0,2500000.0,3.0,,6,MAS DE 20 ANOS,4.65,-74.05,USADO,12000000.0,0,1,0,0,1,0,0,0,0,1,False,CHAPINERO,S.C. LAS ACACIAS,Flores – Areandina,1613.52,0,PARQUE ZONAL GUSTAVO URIBE BOTERO,354.79,1,0.06,33149.17,1.0,0.75,0.0,4.8,0.01,779.07,0.0
2671-M4460722,APARTAMENTO,ARRIENDO,20.32,300.0,4.0,5.0,2000000.0,3.0,CHICO,6,MAS DE 20 ANOS,4.68,-74.04,USADO,14000000.0,0,1,0,0,1,0,0,0,0,1,False,CHAPINERO,S.C. CHICO NORTE,Virrey,1552.93,0,PARQUE VECINAL URBANIZACIÓN LA CABRERA,884.54,0,0.07,46666.67,0.75,0.8,0.0,7.0,0.01,372.44,1.0
2266-M4504363,APARTAMENTO,ARRIENDO,20.32,180.0,3.0,3.0,1100000.0,3.0,SANTA BARBARA,6,MAS DE 20 ANOS,4.7,-74.05,USADO,5000000.0,0,1,0,0,1,0,0,0,0,1,False,USAQUEN,SANTA BARBARA OCCIDENTAL,Calle 127,506.69,0,PARQUE ZONAL ATABANZA,1142.26,0,0.11,27777.78,1.0,1.0,0.0,4.55,0.02,394.32,3.0
34-M4600116,APARTAMENTO,ARRIENDO,20.32,176.0,4.0,5.0,1100000.0,2.0,COUNTRY,5,MAS DE 20 ANOS,4.71,-74.05,USADO,5000000.0,0,1,0,0,1,0,0,0,0,1,False,USAQUEN,URB._EL BOSQUE,Prado,447.09,1,PARQUE ZONAL ATABANZA,657.76,0,0.12,28409.09,0.5,0.8,0.0,4.55,0.02,404.89,2.0
11079-M4616726,APARTAMENTO,ARRIENDO,20.32,91.0,3.0,3.0,300000.0,1.0,COLINA Y ALREDEDORES,5,ENTRE 10 Y 20 ANOS,4.74,-74.06,USADO,3700000.0,0,0,0,1,1,1,0,0,0,1,False,SUBA,MAZUREN,Mazurén,1089.78,0,PARQUE VECINAL URBANIZACIÓN LA LAGUNA,577.21,0,0.22,40659.34,0.33,1.0,0.0,12.33,0.03,961.64,0.0
10323-M4733984,APARTAMENTO,ARRIENDO,20.32,65.0,3.0,2.0,195200.0,1.0,KENNEDY,3,ENTRE 10 Y 20 ANOS,4.64,-74.15,USADO,1083181.0,0,0,0,0,1,1,0,0,0,1,False,KENNEDY,CIUDAD TECHO II,Biblioteca Tintal,838.09,0,PARQUE METROPOLITANO BIBLIOTECA EL TINTAL,387.02,1,0.31,16664.32,0.33,1.5,0.0,5.55,0.05,2742.68,0.0
10323-M4743451,APARTAMENTO,ARRIENDO,20.32,69.0,3.0,2.0,315900.0,1.0,ENGATIVA,4,ENTRE 5 Y 10 ANOS,4.68,-74.1,USADO,1707433.0,0,1,0,1,0,0,0,0,0,1,False,ENGATIVA,EL REAL,Minuto de Dios,1941.14,0,PARQUE VECINAL URBANIZACIÓN LA EUROPA,421.0,1,0.29,24745.41,0.33,1.5,0.0,5.4,0.04,1461.65,0.0
4796-M4368964,APARTAMENTO,ARRIENDO,20.32,340.0,3.0,4.0,2132000.0,4.0,,6,ENTRE 10 Y 20 ANOS,4.67,-74.04,USADO,21010000.0,0,0,0,1,1,0,1,0,0,1,False,CHAPINERO,S.C. CHICO NORTE,Virrey,1588.21,0,PARQUE VECINAL URBANIZACIÓN LA CABRERA,674.55,0,0.06,61794.12,1.33,0.75,0.0,9.85,0.01,549.3,0.0
164-M4698228,APARTAMENTO,ARRIENDO,20.32,35.0,1.0,1.0,3921395.93,0.0,170 Y ALREDORES,3,ENTRE 0 Y 5 ANOS,4.75,-74.05,USADO,1300000.0,0,0,0,0,1,0,0,0,0,1,False,SUBA,VISTA BELLA II SECTOR,Toberin - Foundever,852.02,0,PARQUE VECINAL DESARROLLO CANTALEJO URBANIZACIÓN CANTALEJO MANZANA B,824.97,0,0.58,37142.86,0.0,1.0,0.0,0.33,0.03,1770.28,0.0
34-M4513125,APARTAMENTO,ARRIENDO,20.32,300.0,3.0,5.0,3921395.93,2.0,CHICO,6,ENTRE 10 Y 20 ANOS,4.67,-74.05,USADO,17000000.0,0,1,0,0,1,0,0,0,0,1,True,CHAPINERO,S.C. CHICO NORTE,Virrey,1389.54,0,PARQUE VECINAL URBANIZACIÓN LA CABRERA,658.61,0,0.07,56666.67,0.67,0.6,0.0,4.34,0.01,299.19,1.0
2368-M4689620,APARTAMENTO,ARRIENDO,20.32,90.0,3.0,2.0,3921395.93,0.0,NIZA ALHAMBRA,3,ENTRE 10 Y 20 ANOS,4.71,-74.08,USADO,2100000.0,0,0,0,0,0,0,0,0,0,1,True,SUBA,NIZA SUR,Humedal Córdoba,512.72,0,PARQUE ZONAL LOS LACHES LA MINA,689.44,0,0.23,23333.33,0.0,1.5,0.0,0.54,0.03,687.22,0.0
603-M4656172,APARTAMENTO,ARRIENDO,20.32,120.0,3.0,2.0,3921395.93,2.0,CHICO,6,ENTRE 10 Y 20 ANOS,4.68,-74.06,USADO,5300000.0,0,0,0,1,0,1,1,0,0,1,False,CHAPINERO,S.C. CHICO NORTE III SECTOR,Calle 100 - Marketmedios,368.94,1,PARQUE VECINAL URBANIZACIÓN NORMANDIA I II II Y IV SECTOR,657.18,0,0.17,44166.67,0.67,1.5,0.0,1.35,0.02,169.44,1.0
11301-M4165947,APARTAMENTO,ARRIENDO,20.32,165.0,3.0,4.0,647000.0,2.0,CHAPINERO ALTO,6,MAS DE 20 ANOS,4.65,-74.05,USADO,6080272.0,0,1,0,0,1,0,0,0,0,1,False,CHAPINERO,EMAUS,Flores – Areandina,1156.7,0,PARQUE ZONAL GUSTAVO URIBE BOTERO,180.72,1,0.12,36850.13,0.67,0.75,0.0,9.4,0.02,324.56,1.0
771-M4548345,APARTAMENTO,ARRIENDO,20.32,77.0,2.0,2.0,436000.0,1.0,CHICO,6,MAS DE 20 ANOS,4.68,-74.05,USADO,3900000.0,0,0,0,0,1,0,0,0,0,1,False,CHAPINERO,S.C. CHICO NORTE,Virrey,1335.97,0,PARQUE VECINAL URBANIZACIÓN LA CABRERA,853.12,0,0.26,50649.35,0.5,1.0,0.0,8.94,0.03,145.18,2.0
10093-M4535584,APARTAMENTO,ARRIENDO,20.32,145.0,3.0,3.0,700000.0,2.0,CHICO,6,ENTRE 10 Y 20 ANOS,4.68,-74.06,USADO,6000000.0,0,1,0,0,1,1,0,0,0,1,False,CHAPINERO,S.C. EL CHICO,Virrey,421.41,1,PARQUE ZONAL CANAL EL VIRREY EL CHICO,363.97,1,0.14,41379.31,0.67,1.0,0.0,8.57,0.02,347.62,2.0
5031-M4353801,APARTAMENTO,ARRIENDO,20.32,230.0,4.0,5.0,1800000.0,3.0,CHICO,6,MAS DE 20 ANOS,4.67,-74.04,USADO,10000000.0,0,0,0,0,1,1,0,0,0,1,False,CHAPINERO,CHICO ORIENTAL,Virrey,2261.91,0,PARQUE VECINAL URBANIZACIÓN LA CABRERA,1274.53,0,0.09,43478.26,0.75,0.8,0.0,5.56,0.02,1017.63,0.0
991-M4594665,APARTAMENTO,ARRIENDO,20.32,100.0,3.0,1.0,3921395.93,0.0,PUENTE ARANDA,3,MAS DE 20 ANOS,4.62,-74.12,USADO,1200000.0,0,0,0,0,0,0,0,0,0,1,False,PUENTE ARANDA,COLON,Pradera,857.84,0,PARQUE METROPOLITANO PISTA DE BMX PRD,504.67,0,0.2,12000.0,0.0,3.0,0.0,0.31,0.03,1247.42,0.0
703-M4623950,APARTAMENTO,ARRIENDO,20.32,30.5,1.0,1.0,165600.0,0.0,CHAPINERO ALTO,4,ENTRE 0 Y 5 ANOS,4.64,-74.06,USADO,1450000.0,0,0,0,1,1,0,0,0,0,1,False,CHAPINERO,VISTA HERMOSA - MARIA CRISTINA,Calle 63,1197.65,0,PARQUE ZONAL GUSTAVO URIBE BOTERO,797.62,0,0.67,47540.98,0.0,1.0,0.0,8.76,0.03,913.05,0.0
703-M4684487,APARTAMENTO,ARRIENDO,20.32,54.17,2.0,2.0,418087.0,2.0,LA SOLEDAD,3,ENTRE 0 Y 5 ANOS,4.64,-74.08,USADO,2400000.0,0,0,0,1,1,1,0,0,0,1,False,TEUSAQUILLO,ALFONSO LOPEZ,Universidad Nacional,423.37,1,PARQUE ESCENARIO DEPORTIVO EL CAMPINCITO - CEAD,825.96,0,0.38,44304.97,1.0,1.0,0.0,5.74,0.04,430.94,1.0
4278-M4698627,APARTAMENTO,ARRIENDO,20.32,128.0,3.0,3.0,751000.0,2.0,COUNTRY,5,ENTRE 10 Y 20 ANOS,4.72,-74.03,USADO,4030000.0,0,0,0,1,1,1,1,0,0,1,False,USAQUEN,LISBOA_,Alcalá,2367.81,0,PARQUE VECINAL NUEVA URBANIZACIÓN EL CEDRITO,971.76,0,0.16,31484.38,0.67,1.0,0.0,5.37,0.02,198.19,2.0
920-M4477318,APARTAMENTO,ARRIENDO,20.32,260.0,3.0,4.0,3921395.93,2.0,CHICO,6,MAS DE 20 ANOS,4.68,-74.05,USADO,10000000.0,0,0,0,0,1,0,0,0,0,1,False,CHAPINERO,S.C. CHICO NORTE,Calle 100 - Marketmedios,524.52,0,PARQUE VECINAL URBANIZACIÓN NORMANDIA I II II Y IV SECTOR,650.66,0,0.08,38461.54,0.67,0.75,0.0,2.55,0.01,26.58,1.0
342-M4694946,APARTAMENTO,ARRIENDO,20.32,343.0,4.0,5.0,2500000.0,4.0,,6,MAS DE 20 ANOS,4.74,-74.03,USADO,22000000.0,1,0,0,1,1,0,0,0,0,1,False,USAQUEN,HIPOLITO RESTREPO,Calle 161,2066.62,0,PARQUE ZONAL ALTA BLANCA,327.51,1,0.06,64139.94,1.0,0.8,0.0,8.8,0.01,816.92,0.0
4796-M3977141,APARTAMENTO,ARRIENDO,20.32,365.0,3.0,4.0,3000000.0,4.0,CHICO,6,MAS DE 20 ANOS,4.68,-74.05,USADO,23060000.0,0,0,0,1,1,0,0,0,0,1,False,CHAPINERO,S.C. CHICO NORTE,Virrey,1115.25,0,PARQUE ZONAL CANAL EL VIRREY EL CHICO,674.84,0,0.06,63178.08,1.33,0.75,0.0,7.69,0.01,85.72,2.0
376-M4215583,APARTAMENTO,ARRIENDO,20.32,235.0,3.0,5.0,1190000.0,2.0,CEDRITOS,6,REMODELADO,4.72,-74.03,USADO,10700000.0,0,1,0,0,1,0,0,0,0,1,False,USAQUEN,MONTEARROYO,Alcalá,2594.13,0,PARQUE VECINAL NUEVA URBANIZACIÓN EL CEDRITO,942.56,0,0.09,45531.91,0.67,0.6,0.0,8.99,0.01,155.05,1.0
2671-M4476258,APARTAMENTO,ARRIENDO,20.32,306.0,5.0,4.0,3921395.93,2.0,CHICO,6,MAS DE 20 ANOS,4.66,-74.05,USADO,8500000.0,0,1,0,0,0,0,0,0,0,1,False,CHAPINERO,BOSQUE EL RETIRO I SECTOR,Héroes - Gel´Hada,1685.89,0,PARQUE ZONAL SAN ANDRÉS,705.31,0,0.07,27777.78,0.4,1.25,0.0,2.17,0.02,841.45,0.0
410-M4526659,APARTAMENTO,ARRIENDO,20.32,100.0,3.0,2.0,3921395.93,1.0,METROPOLIS,3,MAS DE 20 ANOS,4.67,-74.08,USADO,2000000.0,0,0,0,0,0,0,0,0,0,1,False,BARRIOS UNIDOS,J.J. VARGAS - JOSE JOAQUIN VARGAS,Carrera 53,1210.56,0,PARQUE VECINAL URBANIZACIÓN METROPOLIS,483.26,1,0.2,20000.0,0.33,1.5,0.0,0.51,0.03,487.39,1.0
14380-M4743506,APARTAMENTO,ARRIENDO,20.32,74.0,3.0,2.0,253000.0,2.0,CEDRITOS,4,MAS DE 20 ANOS,4.73,-74.04,USADO,1900000.0,0,0,0,1,0,1,0,0,0,1,False,USAQUEN,LA EMILIA,Calle 146,1645.48,0,PARQUE VECINAL NUEVA URBANIZACIÓN EL CEDRITO,755.38,0,0.27,25675.68,0.67,1.5,0.0,7.51,0.04,270.89,1.0
2671-M4297992,APARTAMENTO,ARRIENDO,20.32,384.0,4.0,5.0,3921395.93,4.0,,6,MAS DE 20 ANOS,4.68,-74.03,USADO,29500000.0,1,1,0,1,1,0,0,0,0,1,False,USAQUEN,SANTA ANA ORIENTAL,Calle 106,3246.48,0,PARQUE METROPOLITANO EL COUNTRY,2447.92,0,0.05,76822.92,1.0,0.8,0.0,7.52,0.01,931.19,0.0
10323-M4692745,APARTAMENTO,ARRIENDO,20.32,67.96,2.0,2.0,448000.0,1.0,CEDRITOS,4,MAS DE 20 ANOS,4.73,-74.04,USADO,1760000.0,0,0,0,0,1,0,0,0,0,1,False,USAQUEN,CAOBOS SALAZAR,Calle 142,1721.34,0,PARQUE VECINAL NUEVA URBANIZACIÓN EL CEDRITO,334.69,1,0.3,25897.59,0.5,1.0,0.0,3.93,0.03,525.53,0.0
10323-M4610910,APARTAMENTO,ARRIENDO,20.32,82.0,1.0,2.0,775000.0,1.0,CHICO,5,ENTRE 5 Y 10 ANOS,4.67,-74.04,USADO,3925000.0,0,0,0,0,1,0,0,0,0,1,True,CHAPINERO,S.C. CHICO NORTE,Virrey,1797.38,0,PARQUE VECINAL URBANIZACIÓN LA CABRERA,877.34,0,0.25,47865.85,1.0,0.5,0.0,5.06,0.01,701.81,0.0
771-M4371320,APARTAMENTO,ARRIENDO,20.32,220.0,3.0,5.0,1500000.0,2.0,COUNTRY,6,ENTRE 10 Y 20 ANOS,4.7,-74.05,USADO,8000000.0,0,1,0,1,1,0,0,0,0,1,False,USAQUEN,LA CALLEJA,Calle 127,802.14,0,PARQUE METROPOLITANO EL COUNTRY,944.19,0,0.09,36363.64,0.67,0.6,0.0,5.33,0.01,592.06,0.0
205-M4678574,APARTAMENTO,ARRIENDO,20.32,59.0,3.0,2.0,294800.0,1.0,CENTRO Y ZONA COLONIAL,3,ENTRE 0 Y 5 ANOS,4.61,-74.08,USADO,1705200.0,0,0,0,0,1,0,0,0,0,1,False,LOS MARTIRES,EL LISTON,De La Sabana,213.38,1,PARQUE METROPOLITANO TERCER MILENIO,929.84,0,0.34,28901.69,0.33,1.5,0.0,5.78,0.05,1415.41,0.0
12503-M4276889,APARTAMENTO,ARRIENDO,20.32,41.0,1.0,1.0,3921395.93,1.0,CHICO,6,ENTRE 0 Y 5 ANOS,4.68,-74.05,USADO,3900000.0,0,0,0,1,1,0,1,0,0,1,False,CHAPINERO,CHICO RESERVADO II SECTOR,Calle 100 - Marketmedios,1252.13,0,PARQUE ZONAL CANAL EL VIRREY EL CHICO,1203.27,0,0.5,95121.95,1.0,1.0,0.0,0.99,0.02,270.21,3.0
2671-M4517396,APARTAMENTO,ARRIENDO,20.32,396.8,3.0,4.0,3921395.93,3.0,CHICO,6,MAS DE 20 ANOS,4.66,-74.05,USADO,22000000.0,0,1,0,1,1,1,0,0,0,1,False,CHAPINERO,S.C. BELLAVISTA,Calle 72,1492.46,0,PARQUE ZONAL GUSTAVO URIBE BOTERO,602.91,0,0.05,55443.55,1.0,0.75,0.0,5.61,0.01,743.1,0.0
93-M4710490,APARTAMENTO,ARRIENDO,20.32,290.0,3.0,5.0,1640000.0,3.0,CHICO,6,ENTRE 5 Y 10 ANOS,4.67,-74.06,USADO,11500000.0,0,1,0,0,1,0,0,0,0,1,False,CHAPINERO,S.C. ANTIGUO COUNTRY,Calle 85,294.67,1,PARQUE METROPOLITANO RECONCILIACIÓN,223.07,1,0.07,39655.17,1.0,0.6,0.0,7.01,0.01,302.29,3.0
346-M4646959,APARTAMENTO,ARRIENDO,20.32,350.0,3.0,3.0,3921395.93,3.0,CHICO,6,MAS DE 20 ANOS,4.67,-74.04,USADO,14000000.0,0,1,0,0,1,0,0,0,0,1,False,CHAPINERO,CHICO ALTO,Calle 85,1876.28,0,PARQUE VECINAL URBANIZACIÓN LA CABRERA,818.19,0,0.06,40000.0,1.0,1.0,0.0,3.57,0.01,769.14,0.0
12375-M4619842,APARTAMENTO,ARRIENDO,20.32,200.0,3.0,3.0,1430000.0,2.0,CHICO,6,ENTRE 10 Y 20 ANOS,4.67,-74.05,USADO,7570000.0,0,1,0,1,1,0,0,0,0,1,False,CHAPINERO,LA CABRERA,Héroes - Gel´Hada,1370.38,0,PARQUE VECINAL URBANIZACIÓN LA CABRERA,430.14,1,0.1,37850.0,0.67,1.0,0.0,5.29,0.02,451.1,1.0
346-M4514486,APARTAMENTO,ARRIENDO,20.32,384.0,4.0,4.0,2750000.0,4.0,COUNTRY,6,ENTRE 10 Y 20 ANOS,4.72,-74.03,USADO,17000000.0,0,1,0,0,1,0,0,0,0,1,False,USAQUEN,MONTEARROYO,Alcalá,2594.13,0,PARQUE VECINAL NUEVA URBANIZACIÓN EL CEDRITO,942.56,0,0.05,44270.83,1.0,1.0,0.0,6.18,0.01,155.05,1.0
703-M4544533,APARTAMENTO,ARRIENDO,20.32,200.0,3.0,4.0,1438000.0,3.0,CHICO,6,ENTRE 10 Y 20 ANOS,4.66,-74.05,USADO,9562000.0,0,1,0,0,1,0,0,0,0,1,False,CHAPINERO,LOS ROSALES,Calle 72,1337.79,0,PARQUE ZONAL SAN ANDRÉS,822.45,0,0.1,47810.0,1.0,0.75,0.0,6.65,0.02,608.68,0.0
376-M4324447,APARTAMENTO,ARRIENDO,20.32,235.0,3.0,5.0,1190000.0,2.0,CEDRITOS,6,REMODELADO,4.72,-74.03,USADO,10700000.0,0,1,0,0,1,0,0,0,0,1,False,USAQUEN,SIERRAS DEL MORAL,Calle 142,2886.92,0,PARQUE VECINAL NUEVA URBANIZACIÓN EL CEDRITO,971.4,0,0.09,45531.91,0.67,0.6,0.0,8.99,0.01,735.29,0.0
703-M4202120,APARTAMENTO,ARRIENDO,20.32,100.0,2.0,2.0,892700.0,1.0,CHICO,5,MAS DE 20 ANOS,4.66,-74.05,USADO,3107300.0,0,0,0,0,1,0,0,0,0,1,False,CHAPINERO,S.C. EL NOGAL,Calle 76 - San Felipe,921.77,0,PARQUE ZONAL SAN ANDRÉS,167.25,1,0.2,31073.0,0.5,1.0,0.0,3.48,0.02,312.51,4.0
5031-M4740020,APARTAMENTO,ARRIENDO,20.32,58.0,3.0,2.0,3921395.93,0.0,ALTOS DE SUBA Y CERROS DE SAN JORGE,3,MAS DE 20 ANOS,4.75,-74.11,USADO,1000000.0,0,0,0,0,0,1,0,0,0,1,False,SUBA,SABANA DE TIBABUYES,Portal Suba,1523.18,0,PARQUE ZONAL TIBABUYES,255.05,1,0.35,17241.38,0.0,1.5,0.0,0.26,0.05,1460.91,0.0
410-M4667854,APARTAMENTO,ARRIENDO,20.32,43.0,1.0,1.0,264000.0,1.0,COUNTRY,5,MAS DE 20 ANOS,4.71,-74.03,USADO,1536000.0,0,0,0,0,1,0,0,0,0,1,False,USAQUEN,GINEBRA NORTE,Prado,2641.52,0,PARQUE METROPOLITANO EL COUNTRY,1285.81,0,0.47,35720.93,1.0,1.0,0.0,5.82,0.02,363.51,2.0
342-M4082355,APARTAMENTO,ARRIENDO,20.32,221.8,3.0,4.0,3921395.93,4.0,CHICO,6,ENTRE 0 Y 5 ANOS,4.68,-74.05,USADO,25000000.0,0,1,0,1,1,1,1,0,0,1,True,CHAPINERO,S.C. CHICO NORTE,Virrey,1079.2,0,PARQUE ZONAL CANAL EL VIRREY EL CHICO,584.27,0,0.09,112714.16,1.33,0.75,0.0,6.38,0.01,138.13,2.0
920-M3904056,APARTAMENTO,ARRIENDO,20.32,295.0,3.0,4.0,2700000.0,3.0,CHICO,6,ENTRE 10 Y 20 ANOS,4.68,-74.06,USADO,15000000.0,0,0,0,0,1,0,0,0,0,1,False,CHAPINERO,S.C. EL CHICO,Virrey,352.09,1,PARQUE VECINAL URBANIZACIÓN NORMANDIA I II II Y IV SECTOR,275.0,1,0.07,50847.46,1.0,0.75,0.0,5.56,0.01,467.56,2.0
4498-M4660575,APARTAMENTO,ARRIENDO,20.32,88.0,2.0,2.0,600000.0,1.0,SANTA BARBARA,6,ENTRE 5 Y 10 ANOS,4.69,-74.05,USADO,3900000.0,0,1,0,1,1,1,1,0,0,1,False,USAQUEN,SANTA BIBIANA,Calle 106,410.15,1,PARQUE VECINAL URBANIZACIÓN NORMANDIA I II II Y IV SECTOR,1506.17,0,0.23,44318.18,0.5,1.0,0.0,6.5,0.02,773.57,0.0
815-M4522576,APARTAMENTO,ARRIENDO,20.32,116.0,2.0,3.0,3921395.93,2.0,CHAPINERO ALTO,6,MAS DE 20 ANOS,4.65,-74.05,USADO,5700000.0,0,0,0,0,1,0,0,0,0,1,False,CHAPINERO,ZAMUDIO,Flores – Areandina,1196.21,0,PARQUE ZONAL GUSTAVO URIBE BOTERO,269.15,1,0.18,49137.93,1.0,0.67,0.0,1.45,0.02,413.43,1.0
920-M4528039,APARTAMENTO,ARRIENDO,20.32,195.0,3.0,3.0,3921395.93,2.0,COUNTRY,6,MAS DE 20 ANOS,4.71,-74.04,USADO,5500000.0,0,1,0,0,1,0,0,0,0,1,False,USAQUEN,LA_CAROLINA,Calle 127,1380.41,0,PARQUE METROPOLITANO EL COUNTRY,485.68,1,0.1,28205.13,0.67,1.0,0.0,1.4,0.02,456.65,1.0
2529-M4696683,APARTAMENTO,ARRIENDO,20.32,65.59,2.0,2.0,728000.0,2.0,KENNEDY,6,ENTRE 10 Y 20 ANOS,4.67,-74.04,USADO,4200000.0,0,0,0,1,1,0,0,0,0,1,False,CHAPINERO,EL REFUGIO,Calle 85,1798.5,0,PARQUE VECINAL URBANIZACIÓN LA CABRERA,739.86,0,0.31,64034.15,1.0,1.0,0.0,5.77,0.03,705.19,0.0
703-M4712341,APARTAMENTO,ARRIENDO,20.32,63.0,1.0,3.0,907000.0,2.0,SANTA BARBARA,6,ENTRE 0 Y 5 ANOS,4.69,-74.05,USADO,5893000.0,0,0,0,1,1,0,0,0,0,1,False,USAQUEN,SANTA BIBIANA,Calle 106,368.77,1,PARQUE ZONAL CANAL CORDOBA,1724.88,0,0.32,93539.68,2.0,0.33,0.0,6.5,0.02,528.01,0.0
603-M4421075,APARTAMENTO,ARRIENDO,20.32,261.0,3.0,3.0,3921395.93,2.0,,6,MAS DE 20 ANOS,4.68,-74.05,USADO,8500000.0,0,1,0,0,1,0,0,0,0,1,False,CHAPINERO,CHICO RESERVADO II SECTOR,Calle 100 - Marketmedios,1204.96,0,PARQUE ZONAL CANAL EL VIRREY EL CHICO,1230.57,0,0.08,32567.05,0.67,1.0,0.0,2.17,0.01,241.43,3.0
343-M4592602,APARTAMENTO,ARRIENDO,20.32,190.0,3.0,4.0,915000.0,3.0,SALITRE MODELIA,5,MAS DE 20 ANOS,4.65,-74.11,USADO,7000000.0,1,0,0,1,1,1,0,0,0,1,False,FONTIBON,CIUDAD SALITRE OCCIDENTAL,El Tiempo - Maloka,374.89,1,PARQUE ZONAL SAUZALITO,535.09,0,0.11,36842.11,1.0,0.75,0.0,7.65,0.02,264.17,4.0
4278-M4684127,APARTAMENTO,ARRIENDO,20.32,131.0,3.0,3.0,660000.0,2.0,CORTIJO AUTOPISTA MEDELLIN,6,ENTRE 5 Y 10 ANOS,4.71,-74.09,USADO,7774900.0,0,0,0,1,1,1,0,0,0,1,False,SUBA,BOSQUES DE SAN JORGE,Suba - AV. Boyacá,1683.39,0,PARQUE METROPOLITANO CEFE COMETAS,547.14,0,0.16,59350.38,0.67,1.0,0.0,11.78,0.02,1796.06,0.0
920-M4307893,APARTAMENTO,ARRIENDO,20.32,270.0,4.0,4.0,1500000.0,3.0,COUNTRY,6,MAS DE 20 ANOS,4.71,-74.04,USADO,9000000.0,0,0,0,1,1,0,0,0,0,1,False,USAQUEN,S.C. LA CAROLINA,Calle 127,2025.81,0,PARQUE METROPOLITANO EL COUNTRY,331.63,1,0.08,33333.33,0.75,1.0,0.0,6.0,0.01,636.31,0.0
416-116238,APARTAMENTO,ARRIENDO,20.32,269.0,3.0,3.0,1507000.0,4.0,CHICO,6,ENTRE 0 Y 5 ANOS,4.65,-74.05,USADO,23943000.0,0,0,0,1,1,0,0,0,0,0,False,CHAPINERO,S.C. LAS ACACIAS,Flores – Areandina,1693.29,0,PARQUE ZONAL GUSTAVO URIBE BOTERO,408.76,1,0.08,89007.43,1.33,1.0,0.0,15.89,0.01,852.89,0.0
4796-M4598797,APARTAMENTO,ARRIENDO,20.32,220.0,4.0,4.0,1700000.0,3.0,COUNTRY,6,MAS DE 20 ANOS,4.7,-74.04,USADO,10000000.0,0,0,0,0,1,0,0,0,0,1,False,USAQUEN,SANTA BARBARA NORTE,Calle 127,1467.8,0,PARQUE METROPOLITANO EL COUNTRY,279.62,1,0.09,45454.55,0.75,1.0,0.0,5.88,0.02,159.02,1.0
2671-M4161392,APARTAMENTO,ARRIENDO,20.32,400.0,3.0,5.0,3921395.93,4.0,SANTA BARBARA,6,ENTRE 5 Y 10 ANOS,4.69,-74.03,USADO,45000000.0,0,1,0,1,1,1,0,0,0,1,False,USAQUEN,CERROS DE SANTA BARBARA,Pepe Sierra,2992.88,0,PARQUE METROPOLITANO EL COUNTRY,1732.08,0,0.05,112500.0,1.33,0.6,0.0,11.48,0.01,349.73,3.0
2671-M4558000,APARTAMENTO,ARRIENDO,20.32,275.0,3.0,4.0,3921395.93,3.0,SANTA BARBARA,6,MAS DE 20 ANOS,4.69,-74.03,USADO,20000000.0,0,1,0,1,1,1,0,0,0,1,False,USAQUEN,CERROS DE SANTA BARBARA,Calle 106,3154.03,0,PARQUE METROPOLITANO EL COUNTRY,2067.49,0,0.07,72727.27,1.0,0.75,0.0,5.1,0.01,588.14,0.0
384-M4437394,APARTAMENTO,ARRIENDO,20.32,27.45,1.0,1.0,150000.0,0.0,LA SOLEDAD,3,REMODELADO,4.64,-74.07,USADO,1250000.0,0,0,0,1,0,0,0,0,0,1,False,TEUSAQUILLO,QUESADA,Marly,223.05,1,PARQUE METROPOLITANO PARQUE NACIONAL (PM2A) ENRIQUE OLAYA HERRERA (SECTOR HISTORICO),1283.57,0,0.74,45537.34,0.0,1.0,0.0,8.33,0.04,442.24,1.0
34-M3332672,APARTAMENTO,ARRIENDO,20.32,308.43,3.0,4.0,2700000.0,4.0,CHICO,6,MAS DE 20 ANOS,4.66,-74.05,USADO,10000000.0,0,1,0,0,1,0,0,0,0,1,False,CHAPINERO,LOS ROSALES,Calle 76 - San Felipe,1350.85,0,PARQUE ZONAL SAN ANDRÉS,484.01,1,0.07,32422.27,1.33,0.75,0.0,3.7,0.01,667.9,0.0
384-M4525041,APARTAMENTO,ARRIENDO,20.32,207.67,3.0,3.0,1200000.0,3.0,CHICO,6,ENTRE 0 Y 5 ANOS,4.67,-74.05,USADO,24800000.0,0,0,0,0,0,0,0,0,0,0,False,CHAPINERO,S.C. CHICO NORTE,Virrey,1529.01,0,PARQUE VECINAL URBANIZACIÓN LA CABRERA,608.69,0,0.1,119420.23,1.0,1.0,0.0,20.67,0.01,522.07,0.0
34-M3082712,APARTAMENTO,ARRIENDO,20.32,131.0,3.0,3.0,3921395.93,2.0,CORTIJO AUTOPISTA MEDELLIN,6,ENTRE 5 Y 10 ANOS,4.71,-74.09,USADO,8364000.0,0,0,0,0,1,0,0,0,0,1,False,SUBA,OASIS DE SAN JORGE,Suba - AV. Boyacá,1720.04,0,PARQUE METROPOLITANO CEFE COMETAS,555.67,0,0.16,63847.33,0.67,1.0,0.0,2.13,0.02,1813.19,0.0
10139-M4184259,APARTAMENTO,ARRIENDO,20.32,400.0,4.0,4.0,3921395.93,3.0,CHICO,6,ENTRE 0 Y 5 ANOS,4.67,-74.04,USADO,25000000.0,0,0,0,1,1,0,1,0,0,1,False,CHAPINERO,CHICO ORIENTAL,Virrey,1844.07,0,PARQUE VECINAL URBANIZACIÓN LA CABRERA,856.03,0,0.05,62500.0,0.75,1.0,0.0,6.38,0.01,780.96,0.0
815-M4715453,APARTAMENTO,ARRIENDO,20.32,70.0,3.0,2.0,3921395.93,1.0,FONTIBON TINTAL,3,MAS DE 20 ANOS,4.68,-74.13,USADO,1580000.0,0,0,0,0,0,0,0,0,0,1,False,FONTIBON,URB. PARQUE AFIR,Portal El Dorado,1234.4,0,PARQUE ZONAL ATAHUALPA,1471.86,0,0.29,22571.43,0.33,1.5,0.0,0.4,0.04,855.09,0.0
346-M3670751,APARTAMENTO,ARRIENDO,20.32,298.0,3.0,3.0,3921395.93,4.0,CHICO,6,ENTRE 10 Y 20 ANOS,4.68,-74.04,USADO,12400000.0,0,1,0,0,1,0,0,0,0,1,False,CHAPINERO,CHICO RESERVADO,Calle 100 - Marketmedios,1696.59,0,PARQUE VECINAL URBANIZACIÓN LA CABRERA,1288.15,0,0.07,41610.74,1.33,1.0,0.0,3.16,0.01,285.21,2.0
991-M4625664,APARTAMENTO,ARRIENDO,20.32,105.5,3.0,3.0,893200.0,2.0,NIZA ALHAMBRA,5,ENTRE 10 Y 20 ANOS,4.7,-74.06,USADO,2806800.0,0,0,0,1,0,0,0,0,0,1,False,SUBA,EL BATAN,Calle 127,423.9,1,PARQUE ZONAL ATABANZA,581.08,0,0.19,26604.74,0.67,1.0,0.0,3.14,0.03,593.98,0.0
771-M4710934,APARTAMENTO,ARRIENDO,20.32,105.0,4.0,3.0,550000.0,2.0,COLINA Y ALREDEDORES,4,ENTRE 10 Y 20 ANOS,4.74,-74.06,USADO,3050000.0,0,0,0,0,0,0,0,0,0,1,False,SUBA,MAZUREN,Mazurén,1009.59,0,PARQUE VECINAL URBANIZACIÓN LA LAGUNA,529.37,0,0.19,29047.62,0.5,1.33,0.0,5.55,0.04,1070.84,0.0
10323-M4720696,APARTAMENTO,ARRIENDO,20.32,103.0,3.0,2.0,490300.0,2.0,SALITRE MODELIA,4,ENTRE 10 Y 20 ANOS,4.64,-74.11,USADO,3338895.0,0,0,0,1,1,1,0,0,0,1,False,PUENTE ARANDA,CENTRO INDUSTRIAL,Salitre - El Greco,1513.18,0,PARQUE METROPOLITANO PARQUE CENTRAL SIMÓN BOLÍVAR,871.69,0,0.2,32416.46,0.67,1.5,0.0,6.81,0.03,1152.42,0.0
703-M4730565,APARTAMENTO,ARRIENDO,20.32,186.0,3.0,4.0,1300000.0,1.0,CHICO,6,MAS DE 20 ANOS,4.66,-74.05,USADO,5950000.0,0,0,0,0,1,1,0,0,0,1,False,CHAPINERO,BELLAVISTA - URB. EL CASTILLO,Calle 72,928.23,0,PARQUE ZONAL GUSTAVO URIBE BOTERO,633.82,0,0.11,31989.25,0.33,0.75,0.0,4.58,0.02,190.06,5.0
3858-M4710179,APARTAMENTO,ARRIENDO,20.32,180.0,3.0,5.0,3921395.93,2.0,CHICO,6,ENTRE 10 Y 20 ANOS,4.68,-74.04,USADO,9000000.0,0,1,0,1,1,0,0,0,0,1,False,CHAPINERO,CHICO RESERVADO,Virrey,1931.48,0,PARQUE VECINAL URBANIZACIÓN LA CABRERA,1247.98,0,0.11,50000.0,0.67,0.6,0.0,2.3,0.02,434.68,1.0
10300-M4689312,APARTAMENTO,ARRIENDO,20.32,57.0,2.0,2.0,3921395.93,1.0,CEDRITOS,5,MAS DE 20 ANOS,4.72,-74.04,USADO,2400000.0,0,0,0,0,1,0,0,0,0,1,False,USAQUEN,LOS CEDRITOS,Calle 142,890.55,0,PARQUE VECINAL NUEVA URBANIZACIÓN EL CEDRITO,1050.47,0,0.36,42105.26,0.5,1.0,0.0,0.61,0.04,582.04,0.0
12503-M4526580,APARTAMENTO,ARRIENDO,20.32,65.0,1.0,1.0,3921395.93,1.0,CHAPINERO ALTO,5,ENTRE 0 Y 5 ANOS,4.65,-74.06,USADO,4990000.0,1,1,0,0,1,0,0,0,0,0,False,CHAPINERO,S.C. GRANADA,Calle 63,928.01,0,PARQUE ZONAL GUSTAVO URIBE BOTERO,545.33,0,0.31,76769.23,1.0,1.0,0.0,1.27,0.02,443.1,1.0
4660-M4680428,APARTAMENTO,ARRIENDO,20.32,350.0,3.0,5.0,2000000.0,3.0,CHICO,6,ENTRE 10 Y 20 ANOS,4.67,-74.04,USADO,12000000.0,0,0,0,0,1,0,0,0,0,1,False,CHAPINERO,CHICO ALTO,Calle 85,1989.42,0,PARQUE VECINAL URBANIZACIÓN LA CABRERA,932.05,0,0.06,34285.71,1.0,0.6,0.0,6.0,0.01,881.81,0.0
603-M4664421,APARTAMENTO,ARRIENDO,20.32,57.0,3.0,2.0,134000.0,0.0,FONTIBON TINTAL,3,ENTRE 5 Y 10 ANOS,4.68,-74.17,USADO,1040000.0,0,0,0,0,0,1,0,0,0,1,False,FONTIBON,EL CHARCO,Portal El Dorado,4943.45,0,PARQUE METROPOLITANO ZONA FRANCA,1518.5,0,0.36,18245.61,0.0,1.5,0.0,7.76,0.05,2944.96,0.0
4-M4743944,APARTAMENTO,ARRIENDO,20.32,94.6,3.0,3.0,938000.0,1.0,CHICO,5,MAS DE 20 ANOS,4.67,-74.06,USADO,2600000.0,0,0,0,0,0,1,0,0,0,1,False,CHAPINERO,S.C. ANTIGUO COUNTRY,Virrey,248.5,1,PARQUE METROPOLITANO RECONCILIACIÓN,199.16,1,0.21,27484.14,0.33,1.0,0.0,2.77,0.03,445.27,1.0
2266-M4575326,APARTAMENTO,ARRIENDO,20.32,240.0,4.0,4.0,3921395.93,4.0,CERROS DE SUBA,6,ENTRE 10 Y 20 ANOS,4.72,-74.08,USADO,8600000.0,1,1,0,1,1,1,0,0,0,1,False,SUBA,BELLOMONTE SUBA,Suba - AV. Boyacá,467.52,1,PARQUE VECINAL AGRUPACIÓN DE VIVIENDA EN BALCON DE LINDARAJA,1063.12,0,0.08,35833.33,1.0,1.0,0.0,2.19,0.02,1473.73,0.0
2671-M4728031,APARTAMENTO,ARRIENDO,20.32,154.0,3.0,3.0,1100000.0,3.0,CERROS DE SUBA,6,MAS DE 20 ANOS,4.72,-74.08,USADO,3900000.0,0,0,0,0,1,1,0,0,0,1,False,SUBA,S.C. NIZA SUBA,Suba - AV. Boyacá,293.96,1,PARQUE VECINAL AGRUPACIÓN DE VIVIENDA EN BALCON DE LINDARAJA,655.26,0,0.13,25324.68,1.0,1.0,0.0,3.55,0.02,1073.6,0.0
93-M4439563,APARTAMENTO,ARRIENDO,20.32,400.0,4.0,5.0,2000000.0,4.0,SANTA BARBARA,6,MAS DE 20 ANOS,4.69,-74.05,USADO,8000000.0,1,1,0,0,1,0,0,0,0,1,False,USAQUEN,SANTA BIBIANA,Calle 106,569.53,0,PARQUE VECINAL URBANIZACIÓN NORMANDIA I II II Y IV SECTOR,1592.92,0,0.05,20000.0,1.0,0.8,0.0,4.0,0.01,643.82,0.0
815-M4421122,APARTAMENTO,ARRIENDO,20.32,150.0,3.0,5.0,1500000.0,2.0,CHICO,6,ENTRE 5 Y 10 ANOS,4.66,-74.05,USADO,8500000.0,0,0,0,1,0,0,0,0,0,1,False,CHAPINERO,LOS ROSALES,Calle 72,1469.6,0,PARQUE ZONAL GUSTAVO URIBE BOTERO,696.22,0,0.14,56666.67,0.67,0.6,0.0,5.67,0.02,718.02,0.0
416-116235,APARTAMENTO,ARRIENDO,20.32,254.0,3.0,3.0,1492000.0,0.0,CHICO,6,ENTRE 0 Y 5 ANOS,4.65,-74.05,USADO,23708000.0,0,0,0,1,1,0,0,0,0,0,False,CHAPINERO,S.C. LAS ACACIAS,Flores – Areandina,1693.29,0,PARQUE ZONAL GUSTAVO URIBE BOTERO,408.76,1,0.08,93338.58,0.0,1.0,0.0,15.89,0.01,852.89,0.0
16288-M4564421,APARTAMENTO,ARRIENDO,20.32,168.0,3.0,3.0,1550000.0,2.0,CHICO,5,ENTRE 5 Y 10 ANOS,4.67,-74.06,USADO,12000000.0,0,1,0,0,1,1,0,0,0,1,False,CHAPINERO,S.C. ANTIGUO COUNTRY,Calle 85,206.74,1,PARQUE METROPOLITANO RECONCILIACIÓN,137.76,1,0.12,71428.57,0.67,1.0,0.0,7.74,0.02,452.91,1.0
2969-M4544437,APARTAMENTO,ARRIENDO,20.32,95.51,3.0,3.0,360000.0,1.0,NIZA ALHAMBRA,4,ENTRE 0 Y 5 ANOS,4.69,-74.06,USADO,4630000.0,0,0,0,0,1,0,0,0,0,1,False,SUBA,S.C. PASADENA,Suba - Calle 100,430.03,1,PARQUE ZONAL CANAL RIO NEGRO,1218.87,0,0.21,48476.6,0.33,1.0,0.0,12.86,0.03,280.08,1.0
410-M4639210,APARTAMENTO,ARRIENDO,20.32,119.0,3.0,2.0,600000.0,1.0,NIZA ALHAMBRA,5,MAS DE 20 ANOS,4.69,-74.06,USADO,3000000.0,0,1,0,0,1,1,0,0,0,1,False,SUBA,S.C. ESTORIL,Suba - Calle 95,449.43,1,PARQUE VECINAL URBANIZACIÓN NORMANDIA I II II Y IV SECTOR,1232.14,0,0.17,25210.08,0.33,1.5,0.0,5.0,0.03,379.67,1.0
350-M4660416,APARTAMENTO,ARRIENDO,20.32,181.32,2.0,3.0,1224000.0,2.0,COUNTRY,6,MAS DE 20 ANOS,4.71,-74.03,USADO,6300000.0,0,1,0,1,1,1,0,0,0,1,False,USAQUEN,BOSQUES DE MEDINA,Prado,2769.32,0,PARQUE METROPOLITANO EL COUNTRY,1321.87,0,0.11,34745.2,1.0,0.67,0.0,5.15,0.01,467.74,1.0
2671-M4727959,APARTAMENTO,ARRIENDO,20.32,185.91,3.0,4.0,3921395.93,3.0,ALTOS DE SUBA Y CERROS DE SAN JORGE,6,ENTRE 5 Y 10 ANOS,4.74,-74.08,USADO,9500000.0,0,1,0,1,1,1,1,0,0,1,False,SUBA,S.C. SUBA URBANO,Suba - TV. 91,711.59,0,PARQUE ZONAL BELLAVISTA DINDALITO,654.73,0,0.11,51099.99,1.0,0.75,0.0,2.42,0.02,1625.29,0.0
416-M4641569,APARTAMENTO,ARRIENDO,20.32,77.0,2.0,2.0,590000.0,1.0,,5,MAS DE 20 ANOS,4.7,-74.05,USADO,4600000.0,0,0,0,1,1,0,0,0,0,0,False,USAQUEN,SANTA BARBARA OCCIDENTAL,Calle 127,263.76,1,PARQUE ZONAL ATABANZA,907.66,0,0.26,59740.26,0.5,1.0,0.0,7.8,0.03,318.16,3.0
815-M4730961,APARTAMENTO,ARRIENDO,20.32,71.6,3.0,2.0,3921395.93,1.0,COLINA Y ALREDEDORES,4,ENTRE 10 Y 20 ANOS,4.74,-74.06,USADO,1980000.0,0,1,0,0,0,1,0,0,0,1,False,SUBA,MAZUREN,Mazurén,1224.66,0,PARQUE VECINAL DESARROLLO CANTALEJO URBANIZACIÓN CANTALEJO MANZANA B,694.74,0,0.28,27653.63,0.33,1.5,0.0,0.5,0.04,873.84,0.0
11301-M4699652,APARTAMENTO,ARRIENDO,20.32,142.0,3.0,4.0,1375000.0,2.0,CHICO,6,MAS DE 20 ANOS,4.65,-74.05,USADO,7200000.0,0,1,0,0,1,0,0,0,0,1,False,CHAPINERO,S.C. LAS ACACIAS,Flores – Areandina,1263.49,0,PARQUE ZONAL GUSTAVO URIBE BOTERO,157.14,1,0.14,50704.23,0.67,0.75,0.0,5.24,0.02,435.31,1.0
920-M4699359,APARTAMENTO,ARRIENDO,20.32,122.0,2.0,3.0,3921395.93,2.0,CHICO,6,ENTRE 10 Y 20 ANOS,4.67,-74.05,USADO,7500000.0,0,0,0,1,1,0,0,0,0,1,False,CHAPINERO,LA CABRERA,Héroes - Gel´Hada,1260.07,0,PARQUE VECINAL URBANIZACIÓN LA CABRERA,373.96,1,0.17,61475.41,1.0,0.67,0.0,1.91,0.02,397.21,4.0
646-M4455998,APARTAMENTO,ARRIENDO,20.32,103.0,3.0,3.0,535900.0,1.0,NIZA ALHAMBRA,4,MAS DE 20 ANOS,4.71,-74.08,USADO,2581000.0,0,1,0,0,0,1,0,0,0,1,True,SUBA,NIZA SUR,Niza - Calle 127,422.41,1,PARQUE ZONAL LOS LACHES LA MINA,381.79,1,0.2,25058.25,0.33,1.0,0.0,4.82,0.03,381.72,10.0
205-M4205336,APARTAMENTO,ARRIENDO,20.32,93.0,1.0,2.0,500000.0,2.0,CHAPINERO ALTO,6,ENTRE 5 Y 10 ANOS,4.65,-74.05,USADO,5000000.0,0,1,0,1,1,0,0,0,0,1,False,CHAPINERO,S.C. LAS ACACIAS,Flores – Areandina,1290.28,0,PARQUE ZONAL GUSTAVO URIBE BOTERO,199.77,1,0.22,53763.44,2.0,0.5,0.0,10.0,0.01,480.06,1.0
2671-M4274325,APARTAMENTO,ARRIENDO,20.32,300.0,3.0,4.0,3200000.0,3.0,CHAPINERO ALTO,6,ENTRE 5 Y 10 ANOS,4.66,-74.05,USADO,21800000.0,0,1,0,1,1,0,0,0,0,1,False,CHAPINERO,LOS ROSALES,Calle 76 - San Felipe,1399.92,0,PARQUE ZONAL SAN ANDRÉS,659.47,0,0.07,72666.67,1.0,0.75,0.0,6.81,0.01,783.28,0.0
2266-M4259518,APARTAMENTO,ARRIENDO,20.32,182.0,2.0,3.0,3921395.93,3.0,SANTA BARBARA,6,ENTRE 10 Y 20 ANOS,4.69,-74.04,USADO,6500000.0,1,1,0,1,1,1,0,0,0,1,False,USAQUEN,SANTA BARBARA CENTRAL III SECTOR,Pepe Sierra,2276.76,0,PARQUE METROPOLITANO EL COUNTRY,1295.08,0,0.11,35714.29,1.5,0.67,0.0,1.66,0.01,370.13,4.0
920-M4350686,APARTAMENTO,ARRIENDO,20.32,280.0,4.0,5.0,2500000.0,4.0,CHICO,6,MAS DE 20 ANOS,4.67,-74.05,USADO,14000000.0,0,1,0,0,1,0,0,0,0,1,False,CHAPINERO,S.C. CHICO NORTE,Virrey,1459.05,0,PARQUE VECINAL URBANIZACIÓN LA CABRERA,648.5,0,0.07,50000.0,1.0,0.8,0.0,5.6,0.01,393.09,1.0
384-M4550407,APARTAMENTO,ARRIENDO,20.32,25.34,1.0,1.0,128320.0,0.0,CENTRO Y ZONA COLONIAL,3,ENTRE 0 Y 5 ANOS,4.6,-74.07,USADO,1261400.0,0,0,0,1,0,0,0,0,0,1,False,SANTA FE,VERACRUZ__,Las Aguas - Centro Colombo Americano,61.21,1,PARQUE ZONAL SENDERO A MONSERRATE,838.79,0,0.8,49779.01,0.0,1.0,0.0,9.83,0.04,185.63,5.0
205-M4147276,APARTAMENTO,ARRIENDO,20.32,71.0,1.0,2.0,310400.0,1.0,NIZA ALHAMBRA,5,ENTRE 0 Y 5 ANOS,4.7,-74.07,USADO,2890600.0,0,0,0,1,1,1,1,0,0,1,False,SUBA,TEUSACA,Puentelargo,364.92,1,PARQUE ZONAL MORATO,471.93,1,0.29,40712.68,1.0,0.5,0.0,9.31,0.01,441.9,1.0
2444-M4728242,APARTAMENTO,ARRIENDO,20.32,77.74,3.0,2.0,420200.0,2.0,ORQUIDEAS,4,ENTRE 5 Y 10 ANOS,4.75,-74.03,USADO,1850000.0,0,1,0,1,1,1,1,0,0,1,False,USAQUEN,SANTA TERESA,Toberin - Foundever,2467.83,0,PARQUE ZONAL SERVITA,463.13,1,0.26,23797.27,0.67,1.5,0.0,4.4,0.04,1271.19,0.0
384-M4732259,APARTAMENTO,ARRIENDO,20.32,112.89,4.0,2.0,256763.0,0.0,NICOLAS DE FEDERMAN,4,MAS DE 20 ANOS,4.65,-74.09,USADO,2343237.0,0,0,0,1,0,0,0,0,0,1,False,TEUSAQUILLO,PABLO VI ETAPA I,Movistar Arena,1081.04,0,PARQUE ZONAL NICOLAS DE FEDERMAN 3,557.72,0,0.18,20756.82,0.0,2.0,0.0,9.13,0.04,774.89,0.0
11256-M4590071,APARTAMENTO,ARRIENDO,20.32,246.0,4.0,4.0,3921395.93,3.0,CERROS DE SUBA,5,MAS DE 20 ANOS,4.71,-74.08,USADO,9000000.0,0,1,0,0,0,1,0,0,0,1,False,SUBA,NIZA SUBA - MONTENIZA,Niza - Calle 127,1151.13,0,PARQUE METROPOLITANO CEFE COMETAS,101.38,1,0.08,36585.37,0.75,1.0,0.0,2.3,0.02,1181.19,0.0
164-M4580982,APARTAMENTO,ARRIENDO,20.32,106.0,2.0,3.0,3921395.93,2.0,COUNTRY,5,ENTRE 0 Y 5 ANOS,4.71,-74.05,USADO,4100000.0,0,0,0,0,1,0,0,0,0,1,False,USAQUEN,,Prado,503.81,0,PARQUE ZONAL ATABANZA,1168.23,0,0.19,38679.25,1.0,0.67,0.0,1.05,0.02,801.78,0.0
3553-M2824980,APARTAMENTO,ARRIENDO,20.32,287.0,3.0,4.0,1581000.0,3.0,CHICO,6,REMODELADO,4.65,-74.05,USADO,12000000.0,0,1,0,0,0,1,0,0,0,0,False,CHAPINERO,S.C. BELLAVISTA,Calle 72,1471.89,0,PARQUE ZONAL GUSTAVO URIBE BOTERO,394.22,1,0.07,41811.85,1.0,0.75,0.0,7.59,0.01,690.19,0.0
384-M4728472,APARTAMENTO,ARRIENDO,20.32,58.6,2.0,1.0,196000.0,1.0,CORTIJO AUTOPISTA MEDELLIN,3,MAS DE 20 ANOS,4.72,-74.12,USADO,1504000.0,0,0,0,0,0,0,0,0,0,1,False,ENGATIVA,CIUDADELA COLSUBSIDIO,Portal 80,1434.07,0,PARQUE ZONAL VILLAS DE GRANADA,799.42,0,0.35,25665.53,0.5,2.0,0.0,7.67,0.03,1251.23,0.0
2398-M4742439,APARTAMENTO,ARRIENDO,20.32,52.0,1.0,2.0,3921395.93,1.0,CHICO,6,ENTRE 10 Y 20 ANOS,4.68,-74.06,USADO,2500000.0,0,0,0,0,1,0,0,0,0,1,True,CHAPINERO,S.C. CHICO NORTE,Virrey,454.05,1,PARQUE VECINAL URBANIZACIÓN NORMANDIA I II II Y IV SECTOR,306.51,1,0.39,48076.92,1.0,0.5,0.0,0.64,0.02,365.63,1.0
3858-M4634685,APARTAMENTO,ARRIENDO,20.32,180.0,3.0,5.0,3921395.93,2.0,CHICO,6,ENTRE 10 Y 20 ANOS,4.68,-74.04,USADO,10000000.0,0,1,0,1,1,0,0,0,0,1,False,CHAPINERO,CHICO RESERVADO,Virrey,1931.48,0,PARQUE VECINAL URBANIZACIÓN LA CABRERA,1247.98,0,0.11,55555.56,0.67,0.6,0.0,2.55,0.02,434.68,1.0
5545-M4600008,APARTAMENTO,ARRIENDO,20.32,281.0,3.0,4.0,1813000.0,4.0,CHICO,6,ENTRE 10 Y 20 ANOS,4.68,-74.04,USADO,16000000.0,0,1,0,1,1,0,0,0,0,1,False,CHAPINERO,CHICO RESERVADO,Calle 100 - Marketmedios,1825.16,0,PARQUE VECINAL URBANIZACIÓN LA CABRERA,1275.88,0,0.07,56939.5,1.33,0.75,0.0,8.83,0.01,348.88,2.0
646-M4739275,APARTAMENTO,ARRIENDO,20.32,45.0,2.0,1.0,113000.0,0.0,ALTOS DE SUBA Y CERROS DE SAN JORGE,2,ENTRE 5 Y 10 ANOS,4.72,-74.09,USADO,900000.0,0,0,0,0,0,1,0,0,0,1,False,SUBA,CIUDAD HUNZA - EL JORDAN,Suba - AV. Boyacá,1582.26,0,PARQUE METROPOLITANO CEFE COMETAS,1177.17,0,0.45,20000.0,0.0,2.0,0.0,7.96,0.04,2164.37,0.0
12503-M4269705,APARTAMENTO,ARRIENDO,20.32,221.0,3.0,5.0,1200000.0,3.0,ALTOS DE SUBA Y CERROS DE SAN JORGE,6,ENTRE 10 Y 20 ANOS,4.74,-74.07,USADO,7800000.0,1,1,0,1,1,0,0,0,0,1,False,SUBA,EL CORTIJO (FINCA),21 Ángeles,1397.44,0,PARQUE ZONAL EL TOMILLAR,395.95,1,0.09,35294.12,1.0,0.6,0.0,6.5,0.01,903.57,0.0
73-M4708180,APARTAMENTO,ARRIENDO,20.32,67.0,3.0,2.0,314000.0,1.0,CEDRITOS,4,MAS DE 20 ANOS,4.72,-74.04,USADO,1586000.0,0,0,0,0,0,1,0,0,0,1,False,USAQUEN,ACACIAS USAQUEN,Calle 142,1422.08,0,PARQUE VECINAL NUEVA URBANIZACIÓN EL CEDRITO,499.04,1,0.3,23671.64,0.33,1.5,0.0,5.05,0.04,489.6,1.0
414-M4703335,APARTAMENTO,ARRIENDO,20.32,51.32,2.0,2.0,255000.0,1.0,CORTIJO AUTOPISTA MEDELLIN,4,MAS DE 20 ANOS,4.7,-74.08,USADO,1500000.0,0,0,0,0,0,1,0,0,0,1,False,SUBA,URB. BOSQUE DE LOS LAGARTOS,AV. Boyacá,608.18,0,PARQUE ZONAL BONANZA,1169.08,0,0.4,29228.37,0.5,1.0,0.0,5.88,0.04,498.24,2.0
920-M4123910,APARTAMENTO,ARRIENDO,20.32,246.0,4.0,4.0,3921395.93,3.0,CHICO,6,MAS DE 20 ANOS,4.66,-74.05,USADO,13000000.0,0,1,0,0,1,0,0,0,0,1,False,CHAPINERO,S.C. EL NOGAL,Héroes - Gel´Hada,1129.91,0,PARQUE ZONAL SAN ANDRÉS,166.78,1,0.08,52845.53,0.75,1.0,0.0,3.32,0.02,354.87,3.0
603-M4667422,APARTAMENTO,ARRIENDO,20.32,137.0,3.0,4.0,3921395.93,2.0,CEDRITOS,4,ENTRE 5 Y 10 ANOS,4.73,-74.04,USADO,5100000.0,0,0,0,1,1,1,0,0,0,1,False,USAQUEN,PARQUES DE LORENA,Mazurén,1601.54,0,PARQUE ZONAL ALTA BLANCA,735.33,0,0.15,37226.28,0.67,0.75,0.0,1.3,0.02,344.55,1.0
3220-M4465575,APARTAMENTO,ARRIENDO,20.32,128.0,2.0,2.0,762500.0,1.0,CHICO,6,MAS DE 20 ANOS,4.67,-74.05,USADO,4400000.0,0,1,0,0,1,0,0,0,0,0,False,CHAPINERO,S.C. CHICO NORTE,Virrey,1300.44,0,PARQUE VECINAL URBANIZACIÓN LA CABRERA,498.16,1,0.16,34375.0,0.5,1.0,0.0,5.77,0.02,356.75,2.0
410-M4628002,APARTAMENTO,ARRIENDO,20.32,64.0,2.0,2.0,300200.0,0.0,ORQUIDEAS,3,ENTRE 5 Y 10 ANOS,4.74,-74.03,USADO,1280000.0,0,0,0,0,1,0,0,0,0,1,False,USAQUEN,SAN CRISTOBAL NORTE,Calle 161,2388.86,0,PARQUE ZONAL ALTA BLANCA,358.08,1,0.32,20000.0,0.0,1.0,0.0,4.26,0.03,983.44,0.0
2671-M3969832,APARTAMENTO,ARRIENDO,20.32,287.0,3.0,4.0,2280000.0,3.0,CHICO,6,ENTRE 5 Y 10 ANOS,4.66,-74.05,USADO,19000000.0,0,1,0,1,0,0,0,0,0,1,False,CHAPINERO,S.C. BELLAVISTA,Calle 76 - San Felipe,1222.24,0,PARQUE ZONAL SAN ANDRÉS,689.83,0,0.07,66202.09,1.0,0.75,0.0,8.33,0.01,535.46,0.0
2671-M4435512,APARTAMENTO,ARRIENDO,20.32,316.0,3.0,4.0,2200000.0,3.0,CHICO,6,ENTRE 5 Y 10 ANOS,4.66,-74.05,USADO,15000000.0,0,1,0,1,1,0,0,0,0,1,False,CHAPINERO,BOSQUE EL RETIRO I SECTOR,Héroes - Gel´Hada,1685.89,0,PARQUE ZONAL SAN ANDRÉS,705.31,0,0.06,47468.35,1.0,0.75,0.0,6.82,0.01,841.45,0.0
646-M4069517,APARTAMENTO,ARRIENDO,20.32,132.0,3.0,3.0,881600.0,2.0,SANTA BARBARA,6,ENTRE 10 Y 20 ANOS,4.69,-74.04,USADO,5000000.0,0,0,0,1,1,0,0,0,0,1,False,USAQUEN,MOLINOS NORTE,Calle 106,1823.33,0,PARQUE METROPOLITANO EL COUNTRY,1606.05,0,0.15,37878.79,0.67,1.0,0.0,5.67,0.02,293.39,1.0
410-M4420586,APARTAMENTO,ARRIENDO,20.32,97.0,2.0,2.0,450000.0,1.0,SANTA BARBARA,6,MAS DE 20 ANOS,4.7,-74.03,USADO,3050000.0,0,0,0,0,1,0,0,0,0,1,False,USAQUEN,SANTA BARBARA CENTRAL IV SECTOR,Calle 127,2327.9,0,PARQUE METROPOLITANO EL COUNTRY,777.93,0,0.21,31443.3,0.5,1.0,0.0,6.78,0.02,354.74,1.0
205-M4709652,APARTAMENTO,ARRIENDO,20.32,95.0,3.0,2.0,624000.0,2.0,COUNTRY,5,MAS DE 20 ANOS,4.71,-74.03,USADO,2976000.0,0,0,0,0,1,1,0,0,0,1,False,USAQUEN,BELLA SUIZA,Prado,2533.58,0,PARQUE METROPOLITANO EL COUNTRY,881.62,0,0.21,31326.32,0.67,1.5,0.0,4.77,0.03,390.03,1.0
416-116594,APARTAMENTO,ARRIENDO,20.32,264.8,3.0,4.0,1899410.0,4.0,CHICO,6,ENTRE 0 Y 5 ANOS,4.68,-74.06,USADO,15900590.0,0,1,0,0,1,0,0,0,0,0,False,CHAPINERO,S.C. EL CHICO,Virrey,159.41,1,PARQUE VECINAL URBANIZACIÓN NORMANDIA I II II Y IV SECTOR,219.69,1,0.08,60047.55,1.33,0.75,0.0,8.37,0.01,469.16,1.0
59-M4444181,APARTAMENTO,ARRIENDO,20.32,177.74,3.0,3.0,1300000.0,4.0,CERROS DE SUBA,6,MAS DE 20 ANOS,4.72,-74.08,USADO,8000000.0,0,0,0,0,1,1,0,0,0,1,False,SUBA,NIZA SUBA - URB. BALCON DEL LINDARAJA,Suba - AV. Boyacá,789.35,0,PARQUE VECINAL AGRUPACIÓN DE VIVIENDA EN BALCON DE LINDARAJA,381.34,1,0.11,45009.56,1.33,1.0,0.0,6.15,0.02,1230.88,0.0
2529-M4620126,APARTAMENTO,ARRIENDO,20.32,136.0,3.0,5.0,3921395.93,3.0,CERROS DE SUBA,6,MAS DE 20 ANOS,4.72,-74.08,USADO,4400000.0,0,0,0,1,1,1,0,0,0,1,False,SUBA,S.C. NIZA SUBA,Suba - AV. Boyacá,363.95,1,PARQUE VECINAL AGRUPACIÓN DE VIVIENDA EN BALCON DE LINDARAJA,559.49,0,0.15,32352.94,1.0,0.6,0.0,1.12,0.02,982.45,0.0
5031-M4598908,APARTAMENTO,ARRIENDO,20.32,63.0,1.0,2.0,3921395.93,1.0,SANTA BARBARA,6,ENTRE 10 Y 20 ANOS,4.7,-74.05,USADO,2900000.0,0,0,0,0,1,1,0,0,0,1,False,USAQUEN,SANTA BARBARA OCCIDENTAL,Pepe Sierra,1030.47,0,PARQUE METROPOLITANO EL COUNTRY,1091.46,0,0.32,46031.75,1.0,0.5,0.0,0.74,0.02,192.38,2.0
10323-M4710337,APARTAMENTO,ARRIENDO,20.32,65.0,2.0,2.0,379000.0,2.0,COUNTRY,5,ENTRE 0 Y 5 ANOS,4.72,-74.05,USADO,2275000.0,0,0,0,0,1,1,0,0,0,1,False,USAQUEN,LOS CEDRITOS,Calle 142,421.74,1,PARQUE VECINAL PRADO PINZÓN,694.29,0,0.31,35000.0,1.0,1.0,0.0,6.0,0.03,413.42,1.0
416-M4641856,APARTAMENTO,ARRIENDO,20.32,93.0,3.0,2.0,639700.0,2.0,,5,MAS DE 20 ANOS,4.7,-74.06,USADO,3000000.0,0,1,0,0,1,0,0,0,0,0,False,SUBA,LA ALHAMBRA SECTOR SUR,Pepe Sierra,802.87,0,PARQUE ZONAL CANAL CORDOBA,361.84,1,0.22,32258.06,0.67,1.5,0.0,4.69,0.03,1188.12,0.0
416-M4548951,APARTAMENTO,ARRIENDO,20.32,183.0,3.0,4.0,784000.0,2.0,,6,MAS DE 20 ANOS,4.7,-74.04,USADO,4500000.0,0,1,0,0,1,0,0,0,0,0,False,USAQUEN,SANTA BARBARA CENTRAL I SECTOR,Pepe Sierra,1744.78,0,PARQUE METROPOLITANO EL COUNTRY,752.98,0,0.11,24590.16,0.67,0.75,0.0,5.74,0.02,629.91,0.0
603-M4418161,APARTAMENTO,ARRIENDO,20.32,323.0,3.0,5.0,3921395.93,3.0,CHICO,6,MAS DE 20 ANOS,4.68,-74.05,USADO,16200000.0,0,1,0,0,0,0,0,0,0,1,True,CHAPINERO,S.C. CHICO NORTE,Virrey,660.54,0,PARQUE VECINAL URBANIZACIÓN NORMANDIA I II II Y IV SECTOR,557.1,0,0.06,50154.8,1.0,0.6,0.0,4.13,0.01,252.93,2.0
3606-M4476628,APARTAMENTO,ARRIENDO,20.32,285.0,5.0,5.0,1300000.0,2.0,SANTA BARBARA,6,ENTRE 10 Y 20 ANOS,4.7,-74.04,USADO,9600000.0,0,1,0,0,1,0,0,0,0,1,False,USAQUEN,SANTA BARBARA OCCIDENTAL,Pepe Sierra,1141.29,0,PARQUE METROPOLITANO EL COUNTRY,1009.67,0,0.07,33684.21,0.4,1.0,0.0,7.38,0.02,302.61,1.0
11301-M4730326,APARTAMENTO,ARRIENDO,20.32,280.0,4.0,5.0,1813000.0,4.0,CHICO,6,ENTRE 5 Y 10 ANOS,4.68,-74.04,USADO,16000000.0,0,1,0,1,1,0,0,0,0,1,False,CHAPINERO,CHICO RESERVADO,Calle 100 - Marketmedios,1860.93,0,PARQUE VECINAL URBANIZACIÓN LA CABRERA,1276.04,0,0.07,57142.86,1.0,0.8,0.0,8.83,0.01,362.23,2.0
2671-M4400844,APARTAMENTO,ARRIENDO,20.32,275.0,3.0,4.0,3921395.93,3.0,SANTA BARBARA,6,MAS DE 20 ANOS,4.69,-74.03,USADO,18000000.0,0,1,0,0,1,1,0,0,0,1,False,USAQUEN,CERROS DE SANTA BARBARA,Calle 106,3154.03,0,PARQUE METROPOLITANO EL COUNTRY,2067.49,0,0.07,65454.55,1.0,0.75,0.0,4.59,0.01,588.14,0.0
920-M4518497,APARTAMENTO,ARRIENDO,20.32,270.0,4.0,5.0,3921395.93,3.0,CERROS DE SUBA,6,ENTRE 10 Y 20 ANOS,4.73,-74.08,USADO,8000000.0,1,1,0,1,1,0,0,0,0,1,False,SUBA,NIZA SUBA - EL PINAR,Gratamira,146.02,1,PARQUE VECINAL AGRUPACIÓN DE VIVIENDA EN BALCON DE LINDARAJA,1420.03,0,0.08,29629.63,0.75,0.8,0.0,2.04,0.01,1214.46,0.0
10307-M4617061,APARTAMENTO,ARRIENDO,20.32,206.13,4.0,5.0,1100000.0,4.0,GUAYMARAL,6,ENTRE 5 Y 10 ANOS,4.8,-74.07,USADO,7000000.0,0,1,0,1,1,1,1,0,0,1,False,SUBA,URB. LOS ARRAYANES,Terminal,4805.16,0,PARQUE VECINAL URBANIZACIÓN VILANOVA,4876.81,0,0.1,33959.15,1.0,0.8,0.0,6.36,0.02,4742.02,0.0
384-M4512213,APARTAMENTO,ARRIENDO,20.32,66.3,3.0,2.0,287500.0,1.0,COLINA Y ALREDEDORES,4,ENTRE 0 Y 5 ANOS,4.72,-74.06,USADO,3312500.0,1,0,0,0,1,0,0,0,0,1,False,SUBA,S.C. PRADO VERANIEGO NORTE,Prado,863.84,0,PARQUE VECINAL PRADO PINZÓN,1023.05,0,0.31,49962.29,0.33,1.5,0.0,11.52,0.05,582.99,0.0
10312-M4144871,APARTAMENTO,ARRIENDO,20.32,150.0,2.0,3.0,1328000.0,2.0,CHICO,6,MAS DE 20 ANOS,4.67,-74.05,USADO,6200000.0,0,1,1,0,1,1,0,0,0,1,False,CHAPINERO,LA CABRERA,Calle 85,908.11,0,PARQUE VECINAL URBANIZACIÓN LA CABRERA,222.93,1,0.14,41333.33,1.0,0.67,0.0,4.67,0.01,217.65,5.0
689-M4651300,APARTAMENTO,ARRIENDO,20.32,113.0,3.0,3.0,900000.0,2.0,CHICO,6,ENTRE 10 Y 20 ANOS,4.68,-74.06,USADO,4800000.0,0,1,0,0,1,0,0,0,0,1,False,CHAPINERO,S.C. CHICO NORTE III SECTOR,Calle 100 - Marketmedios,331.45,1,PARQUE VECINAL URBANIZACIÓN NORMANDIA I II II Y IV SECTOR,689.43,0,0.18,42477.88,0.67,1.0,0.0,5.33,0.03,216.39,1.0
3115-M4511474,APARTAMENTO,ARRIENDO,20.32,41.0,1.0,2.0,250000.0,0.0,COLINA Y ALREDEDORES,4,ENTRE 0 Y 5 ANOS,4.72,-74.06,USADO,1750000.0,0,0,0,0,1,1,0,0,0,1,False,SUBA,S.C. PRADO VERANIEGO NORTE,Prado,998.59,0,PARQUE ZONAL ATABANZA,892.03,0,0.5,42682.93,0.0,0.5,0.0,7.0,0.02,717.22,0.0
22-M4701959,APARTAMENTO,ARRIENDO,20.32,60.0,3.0,2.0,252000.0,1.0,ALTOS DE SUBA Y CERROS DE SAN JORGE,3,ENTRE 5 Y 10 ANOS,4.74,-74.09,USADO,1300000.0,0,0,1,1,1,0,0,0,0,1,False,SUBA,SAN_JORGE,Suba - TV. 91,507.85,0,PARQUE ZONAL BELLAVISTA DINDALITO,532.85,0,0.34,21666.67,0.33,1.5,0.0,5.16,0.05,1348.18,0.0
22-M4701992,APARTAMENTO,ARRIENDO,20.32,50.0,2.0,1.0,128000.0,0.0,COLINA Y ALREDEDORES,3,MAS DE 20 ANOS,4.71,-74.06,USADO,1200000.0,0,0,1,0,0,1,0,0,0,1,False,SUBA,PRADO SUR,Niza - Calle 127,1034.45,0,PARQUE ZONAL ATABANZA,764.46,0,0.41,24000.0,0.0,2.0,0.0,9.38,0.04,981.22,0.0
10139-M4602001,APARTAMENTO,ARRIENDO,20.32,214.0,2.0,3.0,1950000.0,2.0,CHICO,6,ENTRE 10 Y 20 ANOS,4.66,-74.05,USADO,14000000.0,0,1,0,1,1,0,0,0,0,1,False,CHAPINERO,S.C. EL RETIRO,Héroes - Gel´Hada,1305.3,0,PARQUE ZONAL SAN ANDRÉS,325.47,1,0.09,65420.56,1.0,0.67,0.0,7.18,0.01,481.3,2.0
920-M4104368,APARTAMENTO,ARRIENDO,20.32,223.0,3.0,3.0,1150000.0,3.0,CHICO,6,MAS DE 20 ANOS,4.67,-74.04,USADO,11000000.0,0,0,0,1,1,0,0,0,0,1,False,CHAPINERO,S.C. EL CHICO,Calle 85,1642.78,0,PARQUE VECINAL URBANIZACIÓN LA CABRERA,591.78,0,0.09,49327.35,1.0,1.0,0.0,9.57,0.01,534.54,0.0
815-M3752712,APARTAMENTO,ARRIENDO,20.32,268.0,4.0,4.0,3921395.93,3.0,CHICO,6,ENTRE 5 Y 10 ANOS,4.67,-74.05,USADO,16000000.0,1,0,0,0,1,0,0,0,0,1,True,CHAPINERO,S.C. CHICO NORTE,Virrey,1368.03,0,PARQUE VECINAL URBANIZACIÓN LA CABRERA,496.78,1,0.08,59701.49,0.75,1.0,0.0,4.08,0.01,405.78,2.0
603-M4722148,APARTAMENTO,ARRIENDO,20.32,54.0,3.0,2.0,3921395.93,0.0,ALTOS DE SUBA Y CERROS DE SAN JORGE,3,ENTRE 10 Y 20 ANOS,4.75,-74.11,USADO,1300000.0,0,0,0,0,0,0,0,0,0,1,False,SUBA,SAN ANDRES AFIDRO,Portal Suba,1758.97,0,PARQUE ZONAL TIBABUYES,323.58,1,0.38,24074.07,0.0,1.5,0.0,0.33,0.06,1637.28,0.0
681-M4635373,APARTAMENTO,ARRIENDO,20.32,205.0,3.0,4.0,3921395.93,4.0,CERROS DE SUBA,6,ENTRE 10 Y 20 ANOS,4.71,-74.07,USADO,6300000.0,0,1,0,0,0,0,0,0,0,1,False,SUBA,S.C. BATAN,Niza - Calle 127,107.63,1,PARQUE ZONAL LOS LACHES LA MINA,4.66,1,0.1,30731.71,1.33,0.75,0.0,1.61,0.01,4.66,10.0
164-M4298755,APARTAMENTO,ARRIENDO,20.32,250.0,4.0,5.0,3921395.93,3.0,COLINA Y ALREDEDORES,5,REMODELADO,4.73,-74.07,USADO,6000000.0,0,1,0,0,1,0,0,0,0,1,False,SUBA,GRATAMIRA,Gratamira,168.58,1,PARQUE ZONAL EL TOMILLAR,1319.62,0,0.08,24000.0,0.75,0.8,0.0,1.53,0.02,924.22,0.0
635-M4529778,APARTAMENTO,ARRIENDO,20.32,154.0,3.0,4.0,1042000.0,1.0,COUNTRY,6,MAS DE 20 ANOS,4.71,-74.04,USADO,2958000.0,0,0,0,0,1,0,0,0,0,1,False,USAQUEN,LA_CAROLINA,Calle 127,1489.36,0,PARQUE METROPOLITANO EL COUNTRY,402.85,1,0.13,19207.79,0.33,0.75,0.0,2.84,0.02,467.02,1.0
212-M4709823,APARTAMENTO,ARRIENDO,20.32,58.0,1.0,2.0,154800.0,0.0,CHAPINERO ALTO,3,ENTRE 0 Y 5 ANOS,4.65,-74.06,USADO,2608000.0,0,0,0,1,1,0,0,0,0,1,True,CHAPINERO,S.C. CHAPINERO NORTE,Calle 63,315.57,1,PARQUE ZONAL GUSTAVO URIBE BOTERO,1208.22,0,0.35,44965.52,0.0,0.5,0.0,16.85,0.02,303.96,1.0
4660-M4635107,APARTAMENTO,ARRIENDO,20.32,120.0,3.0,3.0,688000.0,2.0,NIZA ALHAMBRA,5,MAS DE 20 ANOS,4.7,-74.06,USADO,3112000.0,0,0,0,0,0,0,0,0,0,1,False,SUBA,LA ALHAMBRA SECTOR NORTE,Pepe Sierra,364.9,1,PARQUE ZONAL CANAL CORDOBA,805.83,0,0.17,25933.33,0.67,1.0,0.0,4.52,0.02,807.97,0.0
703-M4585696,APARTAMENTO,ARRIENDO,20.32,278.0,3.0,5.0,1850000.0,4.0,COUNTRY,6,MAS DE 20 ANOS,4.71,-74.03,USADO,10150000.0,1,1,0,0,0,0,0,0,0,1,False,USAQUEN,BOSQUES DE MEDINA,Prado,2878.34,0,PARQUE METROPOLITANO EL COUNTRY,1420.43,0,0.07,36510.79,1.33,0.6,0.0,5.49,0.01,578.44,0.0
771-M4672171,APARTAMENTO,ARRIENDO,20.32,145.0,3.0,4.0,3921395.93,2.0,COUNTRY,6,MAS DE 20 ANOS,4.71,-74.04,USADO,5500000.0,0,1,0,0,1,0,0,0,0,1,False,USAQUEN,LA_CAROLINA,Calle 127,1473.84,0,PARQUE METROPOLITANO EL COUNTRY,330.95,1,0.14,37931.03,0.67,0.75,0.0,1.4,0.02,359.69,1.0
5031-M4633681,APARTAMENTO,ARRIENDO,20.32,129.0,3.0,3.0,3921395.93,2.0,COUNTRY,6,ENTRE 10 Y 20 ANOS,4.7,-74.05,USADO,4500000.0,0,1,0,1,1,0,0,0,0,1,False,USAQUEN,LA CALLEJA,Calle 127,802.14,0,PARQUE METROPOLITANO EL COUNTRY,944.19,0,0.16,34883.72,0.67,1.0,0.0,1.15,0.02,592.06,0.0
5340-M4677238,APARTAMENTO,ARRIENDO,20.32,158.0,3.0,3.0,3921395.93,3.0,SANTA BARBARA,6,MAS DE 20 ANOS,4.69,-74.05,USADO,5000000.0,0,0,0,0,1,1,0,0,0,1,False,USAQUEN,SANTA BIBIANA,Calle 106,1097.36,0,PARQUE METROPOLITANO EL COUNTRY,1759.46,0,0.13,31645.57,1.0,1.0,0.0,1.28,0.02,360.41,1.0
343-M4691854,APARTAMENTO,ARRIENDO,20.32,101.0,3.0,3.0,535000.0,2.0,CEDRITOS,4,ENTRE 5 Y 10 ANOS,4.72,-74.03,USADO,2700000.0,0,0,0,1,1,0,0,0,0,1,False,USAQUEN,LOS CEDROS ORIENTAL,Calle 142,2075.55,0,PARQUE VECINAL NUEVA URBANIZACIÓN EL CEDRITO,184.96,1,0.2,26732.67,0.67,1.0,0.0,5.05,0.03,674.44,0.0
2671-M4296577,APARTAMENTO,ARRIENDO,20.32,125.0,2.0,3.0,1000000.0,2.0,CHICO,6,ENTRE 5 Y 10 ANOS,4.65,-74.05,USADO,7800000.0,0,0,0,1,1,0,0,0,0,1,False,CHAPINERO,S.C. BELLAVISTA,Flores – Areandina,1349.05,0,PARQUE ZONAL GUSTAVO URIBE BOTERO,297.21,1,0.16,62400.0,1.0,0.67,0.0,7.8,0.02,552.71,0.0
920-M4470138,APARTAMENTO,ARRIENDO,20.32,270.0,4.0,4.0,1450000.0,3.0,COUNTRY,6,MAS DE 20 ANOS,4.71,-74.04,USADO,8000000.0,0,0,0,1,1,0,0,0,0,1,False,USAQUEN,S.C. LA CAROLINA,Calle 127,2025.81,0,PARQUE METROPOLITANO EL COUNTRY,331.63,1,0.08,29629.63,0.75,1.0,0.0,5.52,0.01,636.31,0.0
205-M4205327,APARTAMENTO,ARRIENDO,20.32,255.0,3.0,3.0,1400000.0,3.0,CHICO,6,ENTRE 10 Y 20 ANOS,4.67,-74.05,USADO,12000000.0,0,1,0,0,1,0,0,0,0,1,False,CHAPINERO,LA CABRERA,Calle 85,1341.65,0,PARQUE VECINAL URBANIZACIÓN LA CABRERA,286.02,1,0.08,47058.82,1.0,1.0,0.0,8.57,0.01,269.81,1.0
272-M4701566,APARTAMENTO,ARRIENDO,20.32,46.0,3.0,2.0,119000.0,0.0,KENNEDY,3,ENTRE 5 Y 10 ANOS,4.64,-74.15,USADO,1150000.0,0,0,0,1,1,1,0,0,0,1,False,KENNEDY,PIO XII,Transversal 86,225.53,1,PARQUE METROPOLITANO BIBLIOTECA EL TINTAL,976.63,0,0.44,25000.0,0.0,1.5,0.0,9.66,0.07,2606.07,0.0
5340-M4692044,APARTAMENTO,ARRIENDO,20.32,67.0,2.0,2.0,3921395.93,1.0,COUNTRY,4,ENTRE 0 Y 5 ANOS,4.72,-74.04,USADO,2700000.0,0,0,0,0,1,1,0,0,0,1,False,USAQUEN,CEDRITOS,Alcalá,1489.82,0,PARQUE VECINAL NUEVA URBANIZACIÓN EL CEDRITO,662.08,0,0.3,40298.51,0.5,1.0,0.0,0.69,0.03,65.19,1.0
11307-M4595490,APARTAMENTO,ARRIENDO,20.32,89.0,2.0,3.0,500000.0,2.0,COUNTRY,5,ENTRE 0 Y 5 ANOS,4.72,-74.04,USADO,3000000.0,0,0,0,1,0,0,0,0,0,1,False,USAQUEN,LISBOA_,Prado,1836.6,0,PARQUE VECINAL NUEVA URBANIZACIÓN EL CEDRITO,969.09,0,0.23,33707.87,1.0,0.67,0.0,6.0,0.02,324.49,1.0
350-M4701161,APARTAMENTO,ARRIENDO,20.32,50.0,1.0,1.0,450000.0,2.0,SANTA BARBARA,5,ENTRE 5 Y 10 ANOS,4.69,-74.04,USADO,3100000.0,0,0,0,0,1,0,0,0,0,1,False,USAQUEN,SANTA ANA OCCIDENTAL,Calle 106,2062.66,0,PARQUE METROPOLITANO EL COUNTRY,1709.58,0,0.41,62000.0,2.0,1.0,0.0,6.89,0.02,162.89,1.0
920-42153803,APARTAMENTO,ARRIENDO,20.32,400.0,4.0,5.0,3921395.93,4.0,COUNTRY,6,ENTRE 10 Y 20 ANOS,4.72,-74.03,USADO,23000000.0,0,1,0,0,1,0,1,0,0,1,False,USAQUEN,CEDRITOS,Alcalá,2580.77,0,PARQUE VECINAL NUEVA URBANIZACIÓN EL CEDRITO,1057.5,0,0.05,57500.0,1.0,0.8,0.0,5.87,0.01,46.25,1.0
920-M3917231,APARTAMENTO,ARRIENDO,20.32,144.0,3.0,3.0,3921395.93,2.0,,6,ENTRE 10 Y 20 ANOS,4.7,-74.03,USADO,8000000.0,0,1,0,1,1,1,1,0,0,1,False,USAQUEN,LOS ALPES II SECTOR,Calle 127,2952.18,0,PARQUE METROPOLITANO EL COUNTRY,1261.23,0,0.14,55555.56,0.67,1.0,0.0,2.04,0.02,615.78,0.0
399-M4709763,APARTAMENTO,ARRIENDO,20.32,65.0,3.0,2.0,216000.0,1.0,KENNEDY,3,MAS DE 20 ANOS,4.62,-74.13,USADO,1550000.0,0,0,0,0,1,1,0,0,0,1,False,KENNEDY,HIPOTECHO OCCIDENTAL III,Marsella,1229.09,0,PARQUE VECINAL CARVAJAL,405.29,1,0.31,23846.15,0.33,1.5,0.0,7.18,0.05,412.87,1.0
11013-M4743872,APARTAMENTO,ARRIENDO,20.32,110.0,3.0,2.0,500000.0,2.0,FONTIBON TINTAL,6,MAS DE 20 ANOS,4.71,-74.05,USADO,3700000.0,0,1,0,0,1,1,0,0,0,1,False,USAQUEN,LA CALLEJA,Prado,487.47,1,PARQUE ZONAL ATABANZA,914.17,0,0.18,33636.36,0.67,1.5,0.0,7.4,0.03,504.31,0.0
2671-M3336808,APARTAMENTO,ARRIENDO,20.32,364.0,4.0,5.0,3921395.93,3.0,CEDRITOS,6,MAS DE 20 ANOS,4.72,-74.02,USADO,12000000.0,0,0,0,0,1,0,0,0,0,1,False,USAQUEN,BOSQUE DE PINOS III,Calle 142,2954.78,0,PARQUE VECINAL NUEVA URBANIZACIÓN EL CEDRITO,1059.8,0,0.06,32967.03,0.75,0.8,0.0,3.06,0.01,1120.81,0.0
920-M3324843,APARTAMENTO,ARRIENDO,20.32,132.0,2.0,2.0,1500000.0,2.0,CHICO,6,MAS DE 20 ANOS,4.66,-74.05,USADO,5000000.0,0,1,0,0,1,0,0,0,0,1,False,CHAPINERO,LOS ROSALES,Calle 72,1578.93,0,PARQUE ZONAL GUSTAVO URIBE BOTERO,758.3,0,0.15,37878.79,1.0,1.0,0.0,3.33,0.02,827.83,0.0
603-M4466637,APARTAMENTO,ARRIENDO,20.32,62.0,1.0,2.0,3921395.93,2.0,CHICO,6,ENTRE 0 Y 5 ANOS,4.68,-74.05,USADO,3400000.0,0,0,0,1,1,1,0,0,0,1,False,CHAPINERO,S.C. CHICO NORTE III SECTOR,Calle 100 - Marketmedios,426.01,1,PARQUE VECINAL URBANIZACIÓN NORMANDIA I II II Y IV SECTOR,998.07,0,0.33,54838.71,2.0,0.5,0.0,0.87,0.02,416.87,2.0
3606-M3440861,APARTAMENTO,ARRIENDO,20.32,285.0,5.0,5.0,1300000.0,2.0,SANTA BARBARA,6,ENTRE 10 Y 20 ANOS,4.7,-74.04,USADO,9600000.0,0,1,0,0,1,0,0,0,0,1,False,USAQUEN,SANTA BARBARA OCCIDENTAL,Pepe Sierra,1141.29,0,PARQUE METROPOLITANO EL COUNTRY,1009.67,0,0.07,33684.21,0.4,1.0,0.0,7.38,0.02,302.61,1.0
3858-M4616806,APARTAMENTO,ARRIENDO,20.32,286.0,3.0,4.0,1987000.0,3.0,CERROS DE SUBA,6,ENTRE 10 Y 20 ANOS,4.71,-74.08,USADO,8500000.0,0,1,0,1,1,1,0,0,0,1,False,SUBA,NIZA SUBA - MONTENIZA,Niza - Calle 127,1151.13,0,PARQUE METROPOLITANO CEFE COMETAS,101.38,1,0.07,29720.28,1.0,0.75,0.0,4.28,0.01,1181.19,0.0
2671-M4268435,APARTAMENTO,ARRIENDO,20.32,326.0,3.0,4.0,3921395.93,3.0,CHICO,6,MAS DE 20 ANOS,4.66,-74.05,USADO,17000000.0,1,0,0,0,1,0,0,0,0,1,False,CHAPINERO,S.C. EL NOGAL,Héroes - Gel´Hada,1029.67,0,PARQUE ZONAL SAN ANDRÉS,124.95,1,0.06,52147.24,1.0,0.75,0.0,4.34,0.01,315.42,4.0
2671-M4531360,APARTAMENTO,ARRIENDO,20.32,260.0,3.0,4.0,2200000.0,4.0,CHICO,6,ENTRE 5 Y 10 ANOS,4.67,-74.05,USADO,25000000.0,0,1,0,1,1,0,0,0,0,1,False,CHAPINERO,LA CABRERA,Calle 85,1206.96,0,PARQUE VECINAL URBANIZACIÓN LA CABRERA,148.71,1,0.08,96153.85,1.33,0.75,0.0,11.36,0.01,113.31,1.0
512-M3958273,APARTAMENTO,ARRIENDO,20.32,327.39,4.0,5.0,2500000.0,3.0,SANTA BARBARA,6,ENTRE 10 Y 20 ANOS,4.69,-74.03,USADO,15192000.0,0,1,0,1,1,1,1,0,0,1,False,USAQUEN,CERROS DE SANTA BARBARA,Pepe Sierra,3296.45,0,PARQUE METROPOLITANO EL COUNTRY,1875.5,0,0.06,46403.37,0.75,0.8,0.0,6.08,0.01,602.62,0.0
754-M4601938,APARTAMENTO,ARRIENDO,20.32,237.33,3.0,4.0,2317000.0,3.0,CHICO,6,MAS DE 20 ANOS,4.66,-74.05,USADO,10000000.0,0,1,0,1,1,1,0,0,0,1,False,CHAPINERO,S.C. EL NOGAL,Calle 76 - San Felipe,889.54,0,PARQUE ZONAL SAN ANDRÉS,543.58,0,0.09,42135.42,1.0,0.75,0.0,4.32,0.01,435.13,3.0
10139-M4657042,APARTAMENTO,ARRIENDO,20.32,60.0,1.0,2.0,3921395.93,2.0,CHICO,6,ENTRE 5 Y 10 ANOS,4.67,-74.05,USADO,5400000.0,0,0,0,1,1,0,0,0,0,1,False,CHAPINERO,S.C. EL CHICO,Virrey,1315.36,0,PARQUE VECINAL URBANIZACIÓN LA CABRERA,387.41,1,0.34,90000.0,2.0,0.5,0.0,1.38,0.02,296.82,2.0
3271-M4600659,APARTAMENTO,ARRIENDO,20.32,290.0,3.0,5.0,2500000.0,3.0,CHICO,6,ENTRE 10 Y 20 ANOS,4.67,-74.05,USADO,16500000.0,0,1,0,0,1,0,0,0,0,1,False,CHAPINERO,LA CABRERA,Calle 85,1153.83,0,PARQUE VECINAL URBANIZACIÓN LA CABRERA,101.6,1,0.07,56896.55,1.0,0.6,0.0,6.6,0.01,127.21,4.0
3038-M4708760,APARTAMENTO,ARRIENDO,20.32,343.54,3.0,3.0,1000.0,2.0,COUNTRY,5,ENTRE 10 Y 20 ANOS,4.72,-74.05,USADO,10000000.0,1,0,1,1,1,1,0,0,0,1,False,USAQUEN,LA CALLEJA SANTACOLOMA,Prado,448.06,1,PARQUE ZONAL ATABANZA,1256.26,0,0.06,29108.69,0.67,1.0,0.02,10000.0,0.01,578.76,0.0
851-M3068727,APARTAMENTO,ARRIENDO,20.32,150.0,3.0,4.0,1000000.0,3.0,CHICO,6,ENTRE 5 Y 10 ANOS,4.67,-74.04,USADO,8000000.0,0,0,0,1,0,0,0,0,0,1,False,CHAPINERO,CHICO ORIENTAL,Calle 85,1976.08,0,PARQUE VECINAL URBANIZACIÓN LA CABRERA,927.65,0,0.14,53333.33,1.0,0.75,0.0,8.0,0.02,869.36,0.0
11199-M4709923,APARTAMENTO,ARRIENDO,20.32,50.0,2.0,2.0,80000.0,0.0,CENTRO Y ZONA COLONIAL,3,ENTRE 10 Y 20 ANOS,4.6,-74.1,USADO,1180000.0,0,0,0,0,0,0,0,0,0,0,False,LOS MARTIRES,SANTA ISABEL,Comuneros,452.55,1,PARQUE ZONAL SANTA ISABEL,329.99,1,0.41,23600.0,0.0,1.0,0.0,14.75,0.04,2321.46,0.0
800-M2787494,APARTAMENTO,VENTA Y ARRIENDO,20.35,97.0,2.0,3.0,3921395.93,2.0,SANTA BARBARA,6,ENTRE 0 Y 5 ANOS,4.69,-74.04,USADO,3000000.0,0,0,0,0,0,1,0,0,0,0,False,USAQUEN,SANTA BARBARA CENTRAL III SECTOR,Pepe Sierra,2135.05,0,PARQUE METROPOLITANO EL COUNTRY,1141.34,0,0.21,30927.84,1.0,0.67,0.0,0.77,0.02,453.06,1.0
79-M4092272,APARTAMENTO,ARRIENDO,20.32,190.0,3.0,3.0,1200000.0,2.0,CHICO,6,REMODELADO,4.67,-74.05,USADO,8000000.0,0,0,1,0,1,0,0,0,0,1,False,CHAPINERO,S.C. EL CHICO,Virrey,1215.32,0,PARQUE VECINAL URBANIZACIÓN LA CABRERA,379.27,1,0.11,42105.26,0.67,1.0,0.0,6.67,0.02,289.85,2.0
342-M4031778,APARTAMENTO,ARRIENDO,20.32,178.69,3.0,5.0,2230000.0,4.0,CHICO,6,ENTRE 0 Y 5 ANOS,4.66,-74.05,USADO,12000000.0,0,1,0,0,0,0,0,0,0,1,False,CHAPINERO,LOS ROSALES,Calle 76 - San Felipe,1399.92,0,PARQUE ZONAL SAN ANDRÉS,659.47,0,0.11,67155.41,1.33,0.6,0.0,5.38,0.02,783.28,0.0
754-M4701904,APARTAMENTO,ARRIENDO,20.32,320.0,3.0,4.0,2300000.0,3.0,CEDRITOS,6,ENTRE 10 Y 20 ANOS,4.72,-74.02,USADO,11500000.0,0,1,0,1,1,1,0,0,0,1,False,USAQUEN,MONTEARROYO,Alcalá,3062.91,0,PARQUE VECINAL NUEVA URBANIZACIÓN EL CEDRITO,1259.87,0,0.06,35937.5,1.0,0.75,0.0,5.0,0.01,596.89,0.0
346-M4293979,APARTAMENTO,ARRIENDO,20.32,136.0,3.0,3.0,3921395.93,1.0,SANTA BARBARA,6,MAS DE 20 ANOS,4.7,-74.04,USADO,4800000.0,0,1,0,0,1,0,0,0,0,1,False,USAQUEN,SANTA BARBARA NORTE,Calle 127,1758.56,0,PARQUE METROPOLITANO EL COUNTRY,254.34,1,0.15,35294.12,0.33,1.0,0.0,1.22,0.02,378.51,1.0
164-M3743699,APARTAMENTO,ARRIENDO,20.32,70.0,3.0,2.0,3921395.93,0.0,KENNEDY,2,REMODELADO,4.65,-74.14,USADO,1050000.0,0,1,0,0,1,0,0,0,0,1,False,KENNEDY,BARRIO EL TINTAL,Mandalay,2389.14,0,PARQUE VECINAL VILLA ALSACIA,926.68,0,0.29,15000.0,0.0,1.5,0.0,0.27,0.04,1444.12,0.0
4278-M4688012,APARTAMENTO,ARRIENDO,20.32,87.0,3.0,2.0,378000.0,1.0,SALITRE MODELIA,4,ENTRE 10 Y 20 ANOS,4.67,-74.13,USADO,2163000.0,0,0,0,0,1,0,0,0,0,1,False,FONTIBON,MODELIA OCCIDENTAL,Modelia,1285.05,0,PARQUE VECINAL MODELIA SECTOR A,727.95,0,0.23,24862.07,0.33,1.5,0.0,5.72,0.03,763.93,0.0
989-M4682974,APARTAMENTO,ARRIENDO,20.32,55.0,3.0,2.0,3921395.93,1.0,ALTOS DE SUBA Y CERROS DE SAN JORGE,3,MAS DE 20 ANOS,4.72,-74.09,USADO,1400000.0,0,0,0,0,0,0,0,0,0,1,False,SUBA,BOSQUES DE SAN JORGE,Suba - AV. Boyacá,1673.27,0,PARQUE METROPOLITANO CEFE COMETAS,754.82,0,0.37,25454.55,0.33,1.5,0.0,0.36,0.05,1947.07,0.0
350-M4560619,APARTAMENTO,ARRIENDO,20.32,41.0,1.0,1.0,341000.0,1.0,CHICO,6,MAS DE 20 ANOS,4.68,-74.06,USADO,2000000.0,0,1,0,0,1,0,0,0,0,1,False,CHAPINERO,S.C. CHICO NORTE III SECTOR,Calle 100 - Marketmedios,215.42,1,PARQUE VECINAL URBANIZACIÓN NORMANDIA I II II Y IV SECTOR,699.79,0,0.5,48780.49,1.0,1.0,0.0,5.87,0.02,325.26,1.0
164-M4684503,APARTAMENTO,ARRIENDO,20.32,70.0,3.0,2.0,3921395.93,1.0,FONTIBON TINTAL,4,ENTRE 5 Y 10 ANOS,4.67,-74.14,USADO,1800000.0,0,0,0,0,0,0,0,0,0,1,False,FONTIBON,BELLAVISTA LOS PANTANOS,Portal El Dorado,1792.66,0,PARQUE VECINAL VILLA HELENA VILLEMAR,513.41,0,0.29,25714.29,0.33,1.5,0.0,0.46,0.04,1145.25,0.0
346-M4033665,APARTAMENTO,ARRIENDO,20.32,256.0,3.0,3.0,1447200.0,4.0,CHICO,6,MAS DE 20 ANOS,4.67,-74.05,USADO,12500000.0,0,1,0,0,1,0,0,0,0,1,False,CHAPINERO,S.C. EL NOGAL,Héroes - Gel´Hada,986.66,0,PARQUE ZONAL SAN ANDRÉS,29.38,1,0.08,48828.12,1.33,1.0,0.0,8.64,0.01,178.22,4.0
3057-M4289447,APARTAMENTO,ARRIENDO,20.32,150.0,3.0,3.0,3921395.93,3.0,NIZA ALHAMBRA,4,ENTRE 10 Y 20 ANOS,4.69,-74.07,USADO,4500000.0,0,1,0,0,1,0,0,0,0,1,False,SUBA,COASMEDAS,Puentelargo,424.52,1,PARQUE ZONAL CANAL RIO NEGRO,675.42,0,0.14,30000.0,1.0,1.0,0.0,1.15,0.02,576.99,0.0
3606-M4204563,APARTAMENTO,ARRIENDO,20.32,102.0,4.0,3.0,90000.0,1.0,LA SOLEDAD,5,MAS DE 20 ANOS,4.64,-74.07,USADO,1910000.0,0,0,0,0,0,0,0,0,0,1,False,TEUSAQUILLO,QUESADA,Marly,363.37,1,PARQUE ESCENARIO DEPORTIVO EL CAMPINCITO - CEAD,1351.73,0,0.2,18725.49,0.25,1.33,0.0,21.22,0.04,638.01,0.0
14493-M4704772,APARTAMENTO,ARRIENDO,20.32,207.0,3.0,4.0,3921395.93,3.0,CHICO,6,ENTRE 0 Y 5 ANOS,4.67,-74.05,USADO,26000000.0,0,0,0,1,1,1,1,0,0,1,False,CHAPINERO,S.C. CHICO NORTE,Virrey,1480.03,0,PARQUE VECINAL URBANIZACIÓN LA CABRERA,579.79,0,0.1,125603.86,1.0,0.75,0.0,6.63,0.01,483.03,2.0
12375-M4573621,APARTAMENTO,ARRIENDO,20.32,67.63,1.0,2.0,435000.0,1.0,CHICO,6,ENTRE 10 Y 20 ANOS,4.68,-74.05,USADO,3200000.0,0,1,0,1,1,1,0,0,0,1,False,CHAPINERO,S.C. CHICO NORTE,Virrey,648.31,0,PARQUE VECINAL URBANIZACIÓN NORMANDIA I II II Y IV SECTOR,534.17,0,0.3,47316.28,1.0,0.5,0.0,7.36,0.01,196.45,2.0
734-M4559055,APARTAMENTO,ARRIENDO,20.32,154.0,4.0,4.0,3921395.93,3.0,CERROS DE SUBA,6,MAS DE 20 ANOS,4.72,-74.08,USADO,6100000.0,0,1,0,0,1,0,0,0,0,1,False,SUBA,S.C. NIZA SUBA,Suba - AV. Boyacá,266.95,1,PARQUE VECINAL AGRUPACIÓN DE VIVIENDA EN BALCON DE LINDARAJA,679.51,0,0.13,39610.39,0.75,1.0,0.0,1.56,0.03,1074.94,0.0
635-M4296772,APARTAMENTO,ARRIENDO,20.32,95.75,2.0,1.0,738101.0,1.0,SANTA BARBARA,6,MAS DE 20 ANOS,4.69,-74.04,USADO,2200000.0,0,1,0,0,1,0,0,0,0,1,False,USAQUEN,SANTA BARBARA CENTRAL I Y II,Pepe Sierra,1649.54,0,PARQUE METROPOLITANO EL COUNTRY,1185.42,0,0.21,22976.5,0.5,2.0,0.0,2.98,0.02,570.96,0.0
495-M4701844,APARTAMENTO,ARRIENDO,20.32,102.0,2.0,3.0,906300.0,2.0,CHICO,6,ENTRE 10 Y 20 ANOS,4.68,-74.04,USADO,4600000.0,0,1,0,1,1,0,0,0,0,1,False,CHAPINERO,CHICO RESERVADO,Virrey,1888.71,0,PARQUE VECINAL URBANIZACIÓN LA CABRERA,1202.07,0,0.2,45098.04,1.0,0.67,0.0,5.08,0.02,466.45,1.0
5175-M4702147,APARTAMENTO,ARRIENDO,20.32,396.0,3.0,4.0,3957000.0,3.0,CHICO,6,MAS DE 20 ANOS,4.65,-74.05,USADO,18043000.0,0,1,0,1,1,0,0,0,0,1,False,CHAPINERO,S.C. LAS ACACIAS,Flores – Areandina,1507.07,0,PARQUE ZONAL GUSTAVO URIBE BOTERO,245.24,1,0.05,45563.13,1.0,0.75,0.0,4.56,0.01,670.02,0.0
12500-M4700736,APARTAMENTO,ARRIENDO,20.32,344.0,3.0,3.0,3921395.93,3.0,CHICO,6,MAS DE 20 ANOS,4.66,-74.05,USADO,17000000.0,1,1,0,1,1,1,0,0,0,1,False,CHAPINERO,EL REFUGIO,Héroes - Gel´Hada,1624.08,0,PARQUE ZONAL SAN ANDRÉS,664.75,0,0.06,49418.6,1.0,1.0,0.0,4.34,0.01,753.97,0.0
416-M4563255,APARTAMENTO,ARRIENDO,20.32,101.0,3.0,2.0,384300.0,2.0,,4,MAS DE 20 ANOS,4.73,-74.04,USADO,3000000.0,0,0,0,0,1,0,0,0,0,0,False,USAQUEN,CAOBOS SALAZAR,Calle 146,1306.11,0,PARQUE VECINAL NUEVA URBANIZACIÓN EL CEDRITO,730.91,0,0.2,29702.97,0.67,1.5,0.0,7.81,0.03,704.95,0.0
771-M4668060,APARTAMENTO,ARRIENDO,20.32,266.0,3.0,4.0,2035000.0,3.0,CHICO,6,MAS DE 20 ANOS,4.68,-74.05,USADO,8965000000.0,0,1,0,0,1,0,0,0,0,1,False,CHAPINERO,S.C. CHICO NORTE III SECTOR,Calle 100 - Marketmedios,811.18,0,PARQUE ZONAL CANAL EL VIRREY EL CHICO,917.05,0,0.08,33703007.52,1.0,0.75,0.0,4405.41,0.01,332.91,4.0
350-M4709403,APARTAMENTO,ARRIENDO,20.32,48.0,1.0,2.0,441000.0,2.0,CHAPINERO ALTO,5,ENTRE 10 Y 20 ANOS,4.65,-74.05,USADO,1800000.0,0,0,0,1,1,1,0,0,0,1,False,CHAPINERO,S.C. MARIA CRISTINA,Calle 63,1323.86,0,PARQUE ZONAL GUSTAVO URIBE BOTERO,410.34,1,0.42,37500.0,2.0,0.5,0.0,4.08,0.02,660.42,0.0
5340-M4692049,APARTAMENTO,ARRIENDO,20.32,67.0,1.0,2.0,3921395.93,1.0,COUNTRY,4,ENTRE 0 Y 5 ANOS,4.72,-74.04,USADO,2400000.0,0,0,0,0,1,1,0,0,0,1,False,USAQUEN,CEDRITOS,Alcalá,1489.82,0,PARQUE VECINAL NUEVA URBANIZACIÓN EL CEDRITO,662.08,0,0.3,35820.9,1.0,0.5,0.0,0.61,0.01,65.19,1.0
11301-M4687434,APARTAMENTO,ARRIENDO,20.32,160.0,2.0,4.0,1670000.0,2.0,CHICO,6,ENTRE 0 Y 5 ANOS,4.66,-74.05,USADO,10000000.0,0,1,0,1,1,1,0,0,0,1,False,CHAPINERO,S.C. EL NOGAL,Calle 76 - San Felipe,1253.18,0,PARQUE ZONAL SAN ANDRÉS,411.85,1,0.13,62500.0,1.0,0.5,0.0,5.99,0.01,602.13,0.0
771-M4370705,APARTAMENTO,ARRIENDO,20.32,120.0,3.0,4.0,3921395.93,2.0,SANTA BARBARA,6,MAS DE 20 ANOS,4.7,-74.05,USADO,4500000.0,0,1,0,0,1,0,0,0,0,1,False,USAQUEN,SAN PATRICIO,Pepe Sierra,504.28,0,PARQUE ZONAL CANAL CORDOBA,1632.33,0,0.17,37500.0,0.67,0.75,0.0,1.15,0.02,217.5,1.0
416-M4616000,APARTAMENTO,ARRIENDO,20.32,137.0,1.0,1.0,1090000.0,3.0,,6,MAS DE 20 ANOS,4.7,-74.04,USADO,9000000.0,0,1,0,1,1,0,0,0,0,0,False,USAQUEN,SANTA BARBARA OCCIDENTAL,Pepe Sierra,1165.62,0,PARQUE METROPOLITANO EL COUNTRY,989.53,0,0.15,65693.43,3.0,1.0,0.0,8.26,0.01,327.29,1.0
22-M4700091,APARTAMENTO,ARRIENDO,20.32,60.0,3.0,2.0,252000.0,1.0,,3,ENTRE 5 Y 10 ANOS,4.74,-74.09,USADO,1300000.0,0,0,0,1,0,0,0,0,0,0,False,SUBA,SAN_JORGE,Suba - TV. 91,498.98,1,PARQUE ZONAL BELLAVISTA DINDALITO,526.04,0,0.34,21666.67,0.33,1.5,0.0,5.16,0.05,1356.25,0.0
416-M4695720,APARTAMENTO,ARRIENDO,20.32,94.0,3.0,3.0,474000.0,2.0,,5,MAS DE 20 ANOS,4.73,-74.07,USADO,3000000.0,0,1,0,1,1,0,0,0,0,0,False,SUBA,URB. ATENAS,Gratamira,995.47,0,PARQUE VECINAL URBANIZACIÓN LA LAGUNA,1382.8,0,0.22,31914.89,0.67,1.0,0.0,6.33,0.03,266.68,2.0
2123-M3094568,APARTAMENTO,ARRIENDO,20.32,224.0,3.0,4.0,1400000.0,3.0,COUNTRY,6,ENTRE 5 Y 10 ANOS,4.72,-74.03,USADO,8700000.0,0,0,0,1,1,1,1,0,0,1,False,USAQUEN,S.C. BARRANCAS ORIENTAL,Calle 142,2811.67,0,PARQUE VECINAL NUEVA URBANIZACIÓN EL CEDRITO,901.86,0,0.09,38839.29,1.0,0.75,0.0,6.21,0.01,966.44,0.0
10323-M4688839,APARTAMENTO,ARRIENDO,20.32,130.0,3.0,3.0,500000.0,2.0,SANTA BARBARA,6,MAS DE 20 ANOS,4.69,-74.04,USADO,3750000.0,0,0,0,0,0,0,0,0,0,1,False,USAQUEN,SANTA BARBARA CENTRAL I Y II,Calle 106,1575.07,0,PARQUE METROPOLITANO EL COUNTRY,1428.63,0,0.16,28846.15,0.67,1.0,0.0,7.5,0.02,545.06,0.0
815-M4469799,APARTAMENTO,ARRIENDO,20.32,280.0,3.0,5.0,2100000.0,3.0,CHICO,6,MAS DE 20 ANOS,4.67,-74.04,USADO,18000000.0,0,0,0,1,1,1,1,0,0,1,False,CHAPINERO,CHICO ALTO,Calle 85,1989.42,0,PARQUE VECINAL URBANIZACIÓN LA CABRERA,932.05,0,0.07,64285.71,1.0,0.6,0.0,8.57,0.01,881.81,0.0
93-M4577967,APARTAMENTO,ARRIENDO,20.32,280.0,3.0,5.0,3921395.93,4.0,CHICO,6,ENTRE 10 Y 20 ANOS,4.67,-74.04,USADO,14500000.0,1,1,0,1,1,0,0,0,0,1,False,CHAPINERO,CHICO ORIENTAL,Calle 85,1849.93,0,PARQUE VECINAL URBANIZACIÓN LA CABRERA,819.66,0,0.07,51785.71,1.33,0.6,0.0,3.7,0.01,752.13,0.0
10139-M4468906,APARTAMENTO,ARRIENDO,20.32,239.0,2.0,2.0,2250000.0,3.0,CHICO,6,ENTRE 5 Y 10 ANOS,4.67,-74.05,USADO,20000000.0,0,0,0,0,1,0,0,0,0,1,False,CHAPINERO,LA CABRERA,Calle 85,851.26,0,PARQUE VECINAL URBANIZACIÓN LA CABRERA,243.79,1,0.09,83682.01,1.5,1.0,0.0,8.89,0.01,264.67,4.0
3340-M4656370,APARTAMENTO,ARRIENDO,20.32,42.0,1.0,2.0,250000.0,1.0,NIZA ALHAMBRA,5,ENTRE 0 Y 5 ANOS,4.71,-74.06,USADO,1750000.0,0,0,1,0,1,0,0,0,0,1,False,SUBA,EL BATAN,Calle 127,494.16,1,PARQUE ZONAL ATABANZA,382.94,1,0.48,41666.67,1.0,0.5,0.0,7.0,0.02,646.26,0.0
10312-M4601411,APARTAMENTO,ARRIENDO,20.32,47.0,1.0,2.0,3921395.93,2.0,SANTA BARBARA,5,ENTRE 5 Y 10 ANOS,4.69,-74.05,USADO,4000000.0,0,0,1,0,0,0,0,0,0,1,False,USAQUEN,RINCON DEL CHICO,Calle 106,1271.21,0,PARQUE VECINAL URBANIZACIÓN NORMANDIA I II II Y IV SECTOR,1862.54,0,0.43,85106.38,2.0,0.5,0.0,1.02,0.02,568.23,0.0
10312-M4655301,APARTAMENTO,ARRIENDO,20.32,315.0,3.0,4.0,2300000.0,4.0,CHAPINERO ALTO,6,ENTRE 10 Y 20 ANOS,4.65,-74.05,USADO,11750000.0,0,1,1,0,0,0,0,0,0,1,False,CHAPINERO,S.C. LAS ACACIAS,Flores – Areandina,1492.16,0,PARQUE ZONAL GUSTAVO URIBE BOTERO,199.77,1,0.06,37301.59,1.33,0.75,0.0,5.11,0.01,650.58,0.0
3340-M4700888,APARTAMENTO,ARRIENDO,20.32,180.0,3.0,2.0,3921395.93,1.0,PUENTE ARANDA,3,ENTRE 10 Y 20 ANOS,4.61,-74.12,USADO,3500000.0,0,1,0,0,0,0,0,0,0,1,False,PUENTE ARANDA,EL SOL,Pradera,1698.86,0,PARQUE ZONAL EL JAZMIN,425.38,1,0.11,19444.44,0.33,1.5,0.0,0.89,0.02,2110.86,0.0
330-M4653756,APARTAMENTO,ARRIENDO,20.32,35.0,1.0,1.0,279600.0,1.0,CENTRO Y ZONA COLONIAL,4,ENTRE 5 Y 10 ANOS,4.61,-74.07,USADO,2020400.0,0,0,0,1,1,1,0,0,0,1,False,SANTA FE,LAS NIEVES,San Diego,395.13,1,PARQUE METROPOLITANO INDEPENDENCIA BICENTENARIO,472.89,1,0.58,57725.71,1.0,1.0,0.0,7.23,0.03,470.93,3.0
10999-M4738751,APARTAMENTO,ARRIENDO,20.32,270.0,3.0,4.0,1900000.0,2.0,CHICO,5,ENTRE 0 Y 5 ANOS,4.67,-74.05,USADO,14000000.0,0,1,1,1,1,1,1,0,0,1,False,CHAPINERO,LA CABRERA,Calle 85,808.86,0,PARQUE ZONAL CANAL EL VIRREY EL CHICO,211.12,1,0.08,51851.85,0.67,0.75,0.0,7.37,0.01,236.7,4.0
164-M3665184,APARTAMENTO,ARRIENDO,20.32,69.0,3.0,2.0,3921395.93,1.0,,4,ENTRE 0 Y 5 ANOS,4.65,-74.13,USADO,2200000.0,0,0,0,0,1,0,0,0,0,1,False,FONTIBON,INTERINDUSTRIAL - EL VERGEL,AV. Américas - AV. Boyacá,2452.48,0,PARQUE VECINAL VILLA ALSACIA,1014.16,0,0.29,31884.06,0.33,1.5,0.0,0.56,0.04,444.79,2.0
164-M3722127,APARTAMENTO,ARRIENDO,20.32,170.0,3.0,2.0,3921395.93,2.0,FONTIBON TINTAL,5,ENTRE 5 Y 10 ANOS,4.66,-74.13,USADO,4500000.0,0,1,0,0,0,0,0,0,0,1,False,FONTIBON,EL TINTAL A.S.D.,Normandía,2110.12,0,PARQUE ZONAL CANAL BOYACA,1320.39,0,0.12,26470.59,0.67,1.5,0.0,1.15,0.02,695.42,0.0
164-M4705961,APARTAMENTO,ARRIENDO,20.32,50.0,1.0,2.0,3921395.93,0.0,CEDRITOS,4,ENTRE 0 Y 5 ANOS,4.73,-74.03,USADO,1800000.0,0,0,0,0,1,0,0,0,0,1,False,USAQUEN,CAOBOS SALAZAR,Calle 146,1901.31,0,PARQUE VECINAL NUEVA URBANIZACIÓN EL CEDRITO,298.18,1,0.41,36000.0,0.0,0.5,0.0,0.46,0.02,454.96,1.0
350-M4669518,APARTAMENTO,ARRIENDO,20.32,27.33,1.0,1.0,216000.0,0.0,CEDRITOS,4,ENTRE 0 Y 5 ANOS,4.73,-74.02,USADO,1300000.0,0,0,0,1,1,0,0,0,0,1,False,USAQUEN,BOSQUE DE PINOS III,Mazurén,2932.54,0,PARQUE ZONAL ALTA BLANCA,739.45,0,0.74,47566.78,0.0,1.0,0.0,6.02,0.04,1065.49,0.0
14380-M4744232,APARTAMENTO,ARRIENDO,20.32,40.0,1.0,1.0,197000.0,0.0,CHAPINERO,4,MAS DE 20 ANOS,4.65,-74.07,USADO,1290000.0,0,0,0,0,0,0,0,0,0,1,False,TEUSAQUILLO,SAN LUIS,Calle 57,571.87,0,PARQUE ESCENARIO DEPORTIVO EL CAMPINCITO - CEAD,890.61,0,0.51,32250.0,0.0,1.0,0.0,6.55,0.02,630.46,0.0
164-M4742652,APARTAMENTO,ARRIENDO,20.32,134.0,3.0,3.0,3921395.93,0.0,CENTRO INTERNACIONAL,4,MAS DE 20 ANOS,4.62,-74.07,USADO,3500000.0,0,1,0,0,1,0,0,0,0,1,True,SANTA FE,SAMPER,Calle 34,149.85,1,PARQUE METROPOLITANO EL RENACIMIENTO - PARQUE CEMENTERIO CENTRAL,663.7,0,0.15,26119.4,0.0,1.0,0.0,0.89,0.02,548.27,0.0
346-M4652725,APARTAMENTO,ARRIENDO,20.32,118.4,3.0,3.0,3921395.93,2.0,COUNTRY,6,MAS DE 20 ANOS,4.71,-74.03,USADO,4700000.0,0,0,0,0,1,0,0,0,0,1,False,USAQUEN,BALCONES Y PORTALES DEL COUNTRY,Prado,2027.66,0,PARQUE METROPOLITANO EL COUNTRY,694.37,0,0.17,39695.95,0.67,1.0,0.0,1.2,0.03,319.91,2.0
164-M4624451,APARTAMENTO,ARRIENDO,20.32,74.0,2.0,2.0,350000.0,2.0,CHAPINERO ALTO,5,REMODELADO,4.64,-74.05,USADO,4250000.0,0,1,0,0,1,0,0,0,0,1,False,CHAPINERO,S.C. MARIA CRISTINA,Calle 63,1185.42,0,PARQUE ZONAL GUSTAVO URIBE BOTERO,695.29,0,0.27,57432.43,1.0,1.0,0.0,12.14,0.03,817.99,0.0
771-M4690314,APARTAMENTO,ARRIENDO,20.32,47.0,1.0,1.0,1000000.0,1.0,SANTA BARBARA,6,ENTRE 0 Y 5 ANOS,4.69,-74.03,USADO,4000000.0,0,0,0,1,0,0,0,0,0,1,False,USAQUEN,SANTA ANA ORIENTAL,Calle 106,2497.42,0,PARQUE METROPOLITANO EL COUNTRY,1780.07,0,0.43,85106.38,1.0,1.0,0.0,4.0,0.02,402.61,3.0
410-M4152685,APARTAMENTO,ARRIENDO,20.32,167.0,3.0,2.0,645000.0,1.0,CHICO,5,MAS DE 20 ANOS,4.68,-74.05,USADO,3055000.0,0,0,0,0,0,0,0,0,0,1,False,CHAPINERO,S.C. CHICO NORTE III SECTOR,Calle 100 - Marketmedios,631.27,0,PARQUE VECINAL URBANIZACIÓN NORMANDIA I II II Y IV SECTOR,1041.5,0,0.12,18293.41,0.33,1.5,0.0,4.74,0.02,178.5,3.0
5031-M4644852,APARTAMENTO,ARRIENDO,20.32,92.0,2.0,2.0,3921395.93,2.0,CHICO,6,ENTRE 5 Y 10 ANOS,4.68,-74.04,USADO,5500000.0,0,0,0,0,1,1,0,0,0,1,False,CHAPINERO,S.C. CHICO NORTE,Virrey,1556.95,0,PARQUE VECINAL URBANIZACIÓN LA CABRERA,970.05,0,0.22,59782.61,1.0,1.0,0.0,1.4,0.02,365.08,1.0
2123-M4702450,APARTAMENTO,ARRIENDO,20.32,160.0,3.0,4.0,1200000.0,2.0,COUNTRY,6,ENTRE 10 Y 20 ANOS,4.72,-74.03,USADO,6500000.0,0,1,0,1,1,1,0,0,0,1,False,USAQUEN,LA CANADA,Alcalá,2664.34,0,PARQUE VECINAL NUEVA URBANIZACIÓN EL CEDRITO,886.25,0,0.13,40625.0,0.67,0.75,0.0,5.42,0.02,345.96,1.0
2671-M4543585,APARTAMENTO,ARRIENDO,20.32,166.3,2.0,3.0,1240000.0,2.0,CHICO,6,ENTRE 0 Y 5 ANOS,4.68,-74.04,USADO,15000000.0,0,0,0,1,1,0,0,0,0,1,False,CHAPINERO,CHICO RESERVADO,Calle 100 - Marketmedios,1614.43,0,PARQUE VECINAL URBANIZACIÓN LA CABRERA,1214.81,0,0.12,90198.44,1.0,0.67,0.0,12.1,0.01,280.15,2.0
603-M4656156,APARTAMENTO,ARRIENDO,20.32,120.0,3.0,2.0,3921395.93,2.0,CHICO,6,ENTRE 10 Y 20 ANOS,4.68,-74.06,USADO,5600000.0,0,0,0,1,0,1,1,0,0,1,False,CHAPINERO,S.C. CHICO NORTE III SECTOR,Calle 100 - Marketmedios,368.94,1,PARQUE VECINAL URBANIZACIÓN NORMANDIA I II II Y IV SECTOR,657.18,0,0.17,46666.67,0.67,1.5,0.0,1.43,0.02,169.44,1.0
10323-M4741718,APARTAMENTO,ARRIENDO,20.32,74.0,3.0,2.0,301500.0,1.0,ORQUIDEAS,4,ENTRE 10 Y 20 ANOS,4.77,-74.04,USADO,1450000.0,0,0,0,1,1,1,0,0,0,1,False,USAQUEN,S.C. TIBABITA,Terminal,958.63,0,PARQUE VECINAL DESARROLLO VERBENAL I,814.66,0,0.27,19594.59,0.33,1.5,0.0,4.81,0.04,740.64,0.0
920-M3732662,APARTAMENTO,ARRIENDO,20.32,142.0,3.0,4.0,830000.0,2.0,CHICO,6,ENTRE 10 Y 20 ANOS,4.66,-74.05,USADO,8000000.0,0,0,0,1,1,0,0,0,0,1,False,CHAPINERO,LOS ROSALES,Calle 76 - San Felipe,1536.4,0,PARQUE ZONAL SAN ANDRÉS,812.32,0,0.14,56338.03,0.67,0.75,0.0,9.64,0.02,849.76,0.0
432-M4692884,APARTAMENTO,ARRIENDO,20.32,85.0,2.0,3.0,417000.0,2.0,COUNTRY,5,ENTRE 10 Y 20 ANOS,4.72,-74.04,USADO,2383000.0,0,0,0,1,1,0,0,0,0,1,False,USAQUEN,EL CONTADOR,Alcalá,721.32,0,PARQUE VECINAL PRADO PINZÓN,1087.73,0,0.24,28035.29,1.0,0.67,0.0,5.71,0.02,269.31,1.0
11301-M4523657,APARTAMENTO,ARRIENDO,20.32,205.0,3.0,3.0,1900000.0,2.0,CHICO,6,MAS DE 20 ANOS,4.66,-74.05,USADO,12100000.0,0,0,0,0,1,0,0,0,0,1,False,CHAPINERO,LOS ROSALES,Calle 76 - San Felipe,1399.92,0,PARQUE ZONAL SAN ANDRÉS,659.47,0,0.1,59024.39,0.67,1.0,0.0,6.37,0.01,783.28,0.0
17-M4654636,APARTAMENTO,ARRIENDO,20.32,243.0,3.0,4.0,2800000.0,4.0,,6,ENTRE 5 Y 10 ANOS,4.66,-74.05,USADO,11500000.0,0,1,0,0,0,0,0,0,0,1,False,CHAPINERO,S.C. BELLAVISTA,Calle 72,1234.41,0,PARQUE ZONAL GUSTAVO URIBE BOTERO,723.73,0,0.08,47325.1,1.33,0.75,0.0,4.11,0.01,487.57,1.0
2398-M4205011,APARTAMENTO,ARRIENDO,20.32,120.0,2.0,3.0,3921395.93,2.0,SANTA BARBARA,6,MAS DE 20 ANOS,4.69,-74.05,USADO,5100000.0,0,0,0,0,1,0,0,0,0,1,False,USAQUEN,SAN PATRICIO,Calle 106,463.06,1,PARQUE ZONAL CANAL CORDOBA,1747.04,0,0.17,42500.0,1.0,0.67,0.0,1.3,0.02,374.68,2.0
432-M4652568,APARTAMENTO,ARRIENDO,20.32,30.08,1.0,1.0,3921395.93,0.0,,3,ENTRE 0 Y 5 ANOS,4.75,-74.03,USADO,1250000.0,0,0,0,0,1,1,0,0,0,1,False,USAQUEN,SAN JOSE DE USAQUEN,Portal Norte,1455.64,0,PARQUE VECINAL URBANIZACIÓN CALLE 170 / ALAMEDA,611.24,0,0.68,41555.85,0.0,1.0,0.0,0.32,0.03,668.72,0.0
5044-M4636991,APARTAMENTO,ARRIENDO,20.32,250.0,4.0,5.0,3921395.93,3.0,COLINA Y ALREDEDORES,6,MAS DE 20 ANOS,4.72,-74.06,USADO,11000000.0,1,1,0,1,1,1,0,0,0,1,False,SUBA,PRADO VERANIEGO,Alcalá,592.21,0,PARQUE VECINAL PRADO PINZÓN,811.85,0,0.08,44000.0,0.75,0.8,0.0,2.81,0.02,748.96,0.0
350-M4589096,APARTAMENTO,ARRIENDO,20.32,394.0,3.0,4.0,2500000.0,3.0,CHICO,6,ENTRE 10 Y 20 ANOS,4.67,-74.05,USADO,16000000.0,0,0,0,0,1,0,0,0,0,1,False,CHAPINERO,S.C. EL CHICO,Virrey,1052.83,0,PARQUE VECINAL URBANIZACIÓN LA CABRERA,326.08,1,0.05,40609.14,1.0,0.75,0.0,6.4,0.01,258.68,4.0
205-M4290450,APARTAMENTO,ARRIENDO,20.32,240.0,3.0,5.0,1296000.0,2.0,CHICO,6,MAS DE 20 ANOS,4.66,-74.05,USADO,8000000.0,0,0,0,0,1,1,0,0,0,1,False,CHAPINERO,PINAR ALTO - PINAR II,Calle 76 - San Felipe,1474.04,0,PARQUE ZONAL SAN ANDRÉS,562.9,0,0.08,33333.33,0.67,0.6,0.0,6.17,0.01,733.86,0.0
2368-M4689628,APARTAMENTO,ARRIENDO,20.32,84.0,3.0,2.0,3921395.93,0.0,NIZA ALHAMBRA,3,ENTRE 10 Y 20 ANOS,4.71,-74.07,USADO,1900000.0,0,0,0,0,0,0,0,0,0,1,True,SUBA,NIZA SUR,Humedal Córdoba,76.56,1,PARQUE ZONAL LOS LACHES LA MINA,565.0,0,0.24,22619.05,0.0,1.5,0.0,0.48,0.04,561.93,0.0
11079-M3857031,APARTAMENTO,ARRIENDO,20.32,200.0,3.0,4.0,1000000.0,2.0,CHICO,6,ENTRE 10 Y 20 ANOS,4.66,-74.05,USADO,12500000.0,0,1,0,0,1,0,0,0,0,1,False,CHAPINERO,S.C. BELLAVISTA,Calle 72,1163.65,0,PARQUE ZONAL GUSTAVO URIBE BOTERO,574.0,0,0.1,62500.0,0.67,0.75,0.0,12.5,0.02,414.66,1.0
4498-M4731078,APARTAMENTO,ARRIENDO,20.32,250.0,3.0,4.0,1623000.0,2.0,CHICO,6,MAS DE 20 ANOS,4.66,-74.05,USADO,10377000.0,0,1,0,0,1,0,0,0,0,1,False,CHAPINERO,S.C. EL NOGAL,Calle 76 - San Felipe,872.33,0,PARQUE ZONAL SAN ANDRÉS,611.46,0,0.08,41508.0,0.67,0.75,0.0,6.39,0.01,366.2,3.0
343-M4534471,APARTAMENTO,ARRIENDO,20.32,195.0,3.0,3.0,983000.0,2.0,CHICO,6,MAS DE 20 ANOS,4.67,-74.04,USADO,5300000.0,0,1,0,0,1,0,0,0,0,1,False,CHAPINERO,CHICO ALTO,Calle 85,1880.62,0,PARQUE VECINAL URBANIZACIÓN LA CABRERA,822.28,0,0.1,27179.49,0.67,1.0,0.0,5.39,0.02,773.68,0.0
2398-M4200358,APARTAMENTO,ARRIENDO,20.32,185.0,2.0,3.0,3921395.93,2.0,CHICO,6,MAS DE 20 ANOS,4.68,-74.05,USADO,8500000.0,0,0,0,0,0,0,0,0,0,1,False,CHAPINERO,S.C. CHICO NORTE,Virrey,1335.97,0,PARQUE VECINAL URBANIZACIÓN LA CABRERA,853.12,0,0.11,45945.95,1.0,0.67,0.0,2.17,0.01,145.18,2.0
293-M4739967,APARTAMENTO,ARRIENDO,20.32,66.0,2.0,2.0,190000.0,1.0,KENNEDY,3,ENTRE 0 Y 5 ANOS,4.64,-74.15,USADO,1650000.0,0,0,0,1,1,1,1,0,0,1,False,KENNEDY,CIUDAD TECHO II,Biblioteca Tintal,838.09,0,PARQUE METROPOLITANO BIBLIOTECA EL TINTAL,387.02,1,0.31,25000.0,0.5,1.0,0.0,8.68,0.03,2742.68,0.0
4660-M4635151,APARTAMENTO,ARRIENDO,20.32,162.0,3.0,4.0,800000.0,2.0,COLINA Y ALREDEDORES,5,ENTRE 10 Y 20 ANOS,4.73,-74.06,USADO,5800000.0,0,1,0,1,1,0,1,0,0,1,False,SUBA,COLPATRIA SANTA HELENA II SECTOR,Gratamira,1345.15,0,PARQUE VECINAL URBANIZACIÓN LA LAGUNA,1077.62,0,0.13,35802.47,0.67,0.75,0.0,7.25,0.02,308.57,1.0
272-M4659205,APARTAMENTO,ARRIENDO,20.32,80.0,2.0,2.0,470000.0,2.0,CEDRITOS,4,MAS DE 20 ANOS,4.72,-74.04,USADO,2200000.0,0,0,0,0,0,1,0,0,0,1,False,USAQUEN,CEDRITOS,Alcalá,1839.09,0,PARQUE VECINAL NUEVA URBANIZACIÓN EL CEDRITO,511.43,0,0.25,27500.0,1.0,1.0,0.0,4.68,0.02,288.03,1.0
73-M4708192,APARTAMENTO,ARRIENDO,20.32,68.83,2.0,2.0,434000.0,2.0,COUNTRY,5,MAS DE 20 ANOS,4.72,-74.04,USADO,2300000.0,0,0,0,0,1,0,0,0,0,1,False,USAQUEN,CEDRITOS,Alcalá,1183.05,0,PARQUE VECINAL NUEVA URBANIZACIÓN EL CEDRITO,958.38,0,0.3,33415.66,1.0,1.0,0.0,5.3,0.03,390.97,1.0
4498-M4504048,APARTAMENTO,ARRIENDO,20.32,150.0,3.0,5.0,1100000.0,2.0,SANTA BARBARA,6,ENTRE 10 Y 20 ANOS,4.69,-74.05,USADO,5900000.0,0,0,0,0,1,1,1,0,0,1,False,USAQUEN,SANTA BIBIANA,Calle 106,241.42,1,PARQUE ZONAL CANAL CORDOBA,1568.75,0,0.14,39333.33,0.67,0.6,0.0,5.36,0.02,524.76,0.0
22-M4622699,APARTAMENTO,ARRIENDO,20.32,50.0,2.0,1.0,144000.0,0.0,,3,MAS DE 20 ANOS,4.71,-74.06,USADO,1200000.0,0,0,0,0,0,0,0,0,0,0,False,SUBA,PRADO SUR,Niza - Calle 127,1010.4,0,PARQUE ZONAL ATABANZA,775.15,0,0.41,24000.0,0.0,2.0,0.0,8.33,0.04,957.07,0.0
10323-M4733782,APARTAMENTO,ARRIENDO,20.32,55.0,3.0,2.0,220000.0,1.0,KENNEDY,3,ENTRE 0 Y 5 ANOS,4.65,-74.15,USADO,1200000.0,0,0,0,0,1,1,0,0,0,1,False,KENNEDY,S.C. TINTALA,Biblioteca Tintal,1885.76,0,PARQUE ZONAL SAN IGNACIO,728.07,0,0.37,21818.18,0.33,1.5,0.0,5.45,0.05,2744.77,0.0
603-M4701476,APARTAMENTO,ARRIENDO,20.32,106.0,2.0,3.0,3921395.93,1.0,SANTA BARBARA,5,ENTRE 0 Y 5 ANOS,4.7,-74.04,USADO,4000000.0,0,1,0,0,1,1,0,0,0,1,False,USAQUEN,SANTA BARBARA CENTRAL I SECTOR,Pepe Sierra,1476.87,0,PARQUE METROPOLITANO EL COUNTRY,711.48,0,0.19,37735.85,0.5,0.67,0.0,1.02,0.02,428.35,1.0
416-M4679408,APARTAMENTO,ARRIENDO,20.32,48.0,1.0,2.0,184000.0,0.0,,3,ENTRE 0 Y 5 ANOS,4.61,-74.08,USADO,1400000.0,0,0,0,1,1,0,0,0,0,0,False,LOS MARTIRES,SAN VICTORINO,De La Sabana,315.47,1,PARQUE METROPOLITANO TERCER MILENIO,1044.54,0,0.42,29166.67,0.0,0.5,0.0,7.61,0.02,1240.96,0.0
93-M4555415,APARTAMENTO,ARRIENDO,20.32,189.0,3.0,5.0,1028340.0,2.0,SANTA BARBARA,6,ENTRE 5 Y 10 ANOS,4.7,-74.03,USADO,7900000.0,0,1,0,1,1,1,1,0,0,1,False,USAQUEN,SANTA BARBARA ORIENTAL,Calle 127,2825.07,0,PARQUE METROPOLITANO EL COUNTRY,1117.75,0,0.11,41798.94,0.67,0.6,0.0,7.68,0.02,624.23,0.0
771-M4629730,APARTAMENTO,ARRIENDO,20.32,300.0,3.0,4.0,1700000.0,2.0,COUNTRY,6,MAS DE 20 ANOS,4.71,-74.03,USADO,11000000.0,1,1,0,0,1,0,0,0,0,1,False,USAQUEN,BOSQUES DE MEDINA,Prado,2751.13,0,PARQUE METROPOLITANO EL COUNTRY,1378.05,0,0.07,36666.67,0.67,0.75,0.0,6.47,0.01,472.58,2.0
603-M4418104,APARTAMENTO,ARRIENDO,20.32,261.0,4.0,4.0,2900000.0,4.0,SANTA BARBARA,6,MAS DE 20 ANOS,4.69,-74.06,USADO,8000000.0,0,1,0,0,1,1,0,0,0,1,False,USAQUEN,SANTA BIBIANA,Calle 100 - Marketmedios,540.74,0,PARQUE VECINAL URBANIZACIÓN NORMANDIA I II II Y IV SECTOR,1260.09,0,0.08,30651.34,1.0,1.0,0.0,2.76,0.02,679.81,0.0
399-M4527980,APARTAMENTO,ARRIENDO,20.32,98.0,3.0,2.0,394000.0,1.0,COLINA Y ALREDEDORES,5,MAS DE 20 ANOS,4.73,-74.06,USADO,2796000.0,0,0,0,0,1,1,0,0,0,1,False,SUBA,URB. NOGALES DE LA COLINA,Gratamira,1202.97,0,PARQUE VECINAL PRADO PINZÓN,1165.81,0,0.21,28530.61,0.33,1.5,0.0,7.1,0.03,181.63,1.0
815-M4743558,APARTAMENTO,ARRIENDO,20.32,220.0,3.0,5.0,1500000.0,2.0,CHICO,6,MAS DE 20 ANOS,4.66,-74.05,USADO,12000000.0,0,1,0,1,1,0,0,0,0,1,False,CHAPINERO,BOSQUE EL RETIRO I SECTOR,Calle 76 - San Felipe,1580.41,0,PARQUE ZONAL SAN ANDRÉS,602.03,0,0.09,54545.45,0.67,0.6,0.0,8.0,0.01,747.32,0.0
410-M4728091,APARTAMENTO,ARRIENDO,20.32,74.0,3.0,2.0,367000.0,1.0,NIZA ALHAMBRA,4,ENTRE 10 Y 20 ANOS,4.69,-74.08,USADO,2600000.0,0,0,0,1,1,1,0,0,0,1,False,SUBA,S.C SANTA ROSA,Ferias,630.85,0,PARQUE ZONAL MORATO,884.4,0,0.27,35135.14,0.33,1.5,0.0,7.08,0.04,752.57,0.0
4562-M4703405,APARTAMENTO,ARRIENDO,20.32,81.0,2.0,3.0,328000.0,1.0,CEDRITOS,4,ENTRE 5 Y 10 ANOS,4.72,-74.03,USADO,2400000.0,0,1,0,1,1,1,1,0,0,1,False,USAQUEN,CEDRO SALAZAR,Calle 142,2514.52,0,PARQUE VECINAL NUEVA URBANIZACIÓN EL CEDRITO,618.23,0,0.25,29629.63,0.5,0.67,0.0,7.32,0.02,840.76,0.0
13294-M4701681,APARTAMENTO,ARRIENDO,20.32,240.0,3.0,3.0,1500000.0,1.0,CHICO,6,MAS DE 20 ANOS,4.66,-74.05,USADO,9500000.0,0,1,0,0,1,0,0,0,0,1,False,CHAPINERO,S.C. BELLAVISTA,Calle 72,964.02,0,PARQUE ZONAL GUSTAVO URIBE BOTERO,529.62,0,0.08,39583.33,0.33,1.0,0.0,6.33,0.01,269.76,4.0
11079-M4666651,APARTAMENTO,ARRIENDO,20.32,268.0,2.0,3.0,2200000.0,3.0,SANTA BARBARA,6,ENTRE 10 Y 20 ANOS,4.7,-74.03,USADO,13200000.0,0,1,0,1,1,1,1,0,0,1,False,USAQUEN,LA GLORIETA,Pepe Sierra,3069.52,0,PARQUE METROPOLITANO EL COUNTRY,1479.13,0,0.08,49253.73,1.5,0.67,0.0,6.0,0.01,439.53,1.0
2398-M4740193,APARTAMENTO,ARRIENDO,20.32,30.0,1.0,1.0,3921395.93,0.0,CHAPINERO ALTO,4,MAS DE 20 ANOS,4.65,-74.06,USADO,1400000.0,0,0,0,0,1,0,0,0,0,1,False,CHAPINERO,S.C. CHAPINERO NORTE,Calle 63,567.3,0,PARQUE ZONAL GUSTAVO URIBE BOTERO,869.7,0,0.68,46666.67,0.0,1.0,0.0,0.36,0.03,435.77,1.0
16475-M4656380,APARTAMENTO,ARRIENDO,20.32,82.0,2.0,3.0,700000.0,1.0,CHICO,6,MAS DE 20 ANOS,4.67,-74.06,USADO,3200000.0,0,1,0,0,1,0,0,0,0,1,False,CHAPINERO,S.C. EL CHICO,Virrey,496.89,1,PARQUE ZONAL CANAL EL VIRREY EL CHICO,160.93,1,0.25,39024.39,0.5,0.67,0.0,4.57,0.02,133.62,3.0
5340-M4734246,APARTAMENTO,ARRIENDO,20.32,70.0,2.0,2.0,3921395.93,1.0,NIZA ALHAMBRA,5,ENTRE 0 Y 5 ANOS,4.7,-74.06,USADO,3400000.0,0,1,0,0,1,1,0,0,0,1,False,SUBA,EL ESTORIL,Calle 106,555.2,0,PARQUE ZONAL CANAL CORDOBA,852.71,0,0.29,48571.43,0.5,1.0,0.0,0.87,0.03,945.15,0.0
2123-M3594833,APARTAMENTO,ARRIENDO,20.32,248.0,3.0,5.0,1260000.0,4.0,COUNTRY,6,ENTRE 5 Y 10 ANOS,4.71,-74.03,USADO,11000000.0,0,1,0,1,1,1,0,0,0,1,False,USAQUEN,BOSQUES DE MEDINA,Prado,2898.43,0,PARQUE METROPOLITANO EL COUNTRY,1405.93,0,0.08,44354.84,1.33,0.6,0.0,8.73,0.01,594.23,0.0
3606-M4045534,APARTAMENTO,ARRIENDO,20.32,98.0,2.0,3.0,750000.0,1.0,SANTA BARBARA,5,ENTRE 10 Y 20 ANOS,4.7,-74.05,USADO,4750000.0,0,0,0,1,1,0,0,0,0,1,False,USAQUEN,SAN PATRICIO,Pepe Sierra,808.86,0,PARQUE METROPOLITANO EL COUNTRY,1268.33,0,0.21,48469.39,0.5,0.67,0.0,6.33,0.02,41.78,3.0
272-M4732217,APARTAMENTO,ARRIENDO,20.32,61.0,3.0,2.0,290000.0,1.0,ORQUIDEAS,4,MAS DE 20 ANOS,4.74,-74.04,USADO,1350000.0,0,0,0,0,0,0,0,0,0,1,False,USAQUEN,LAS ORQUIDEAS,Calle 161,1217.45,0,PARQUE VECINAL URBANIZACIÓN TOBERIN,340.26,1,0.33,22131.15,0.33,1.5,0.0,4.66,0.05,661.06,0.0
4796-M4573669,APARTAMENTO,ARRIENDO,20.32,122.0,3.0,2.0,3921395.93,2.0,COLINA Y ALREDEDORES,4,ENTRE 0 Y 5 ANOS,4.72,-74.07,USADO,6500000.0,0,0,0,1,1,1,1,0,0,1,False,SUBA,CIUDAD JARDIN NORTE,Suba - AV. Boyacá,195.52,1,PARQUE VECINAL AGRUPACIÓN DE VIVIENDA EN BALCON DE LINDARAJA,1019.52,0,0.17,53278.69,0.67,1.5,0.0,1.66,0.02,1022.53,0.0
3606-M4476636,APARTAMENTO,ARRIENDO,20.32,98.0,2.0,3.0,750000.0,1.0,SANTA BARBARA,5,ENTRE 10 Y 20 ANOS,4.7,-74.05,USADO,4750000.0,0,0,0,1,1,0,0,0,0,1,False,USAQUEN,SAN PATRICIO,Pepe Sierra,808.86,0,PARQUE METROPOLITANO EL COUNTRY,1268.33,0,0.21,48469.39,0.5,0.67,0.0,6.33,0.02,41.78,3.0
2359-M3847521,APARTAMENTO,ARRIENDO,20.32,178.0,3.0,3.0,1200000.0,3.0,CHICO,6,MAS DE 20 ANOS,4.68,-74.05,USADO,4300000.0,0,1,0,0,1,0,0,0,0,0,False,CHAPINERO,S.C. CHICO NORTE,Calle 100 - Marketmedios,753.08,0,PARQUE VECINAL URBANIZACIÓN NORMANDIA I II II Y IV SECTOR,772.8,0,0.11,24157.3,1.0,1.0,0.0,3.58,0.02,231.12,3.0
11013-M4743593,APARTAMENTO,ARRIENDO,20.32,372.0,3.0,3.0,2066000.0,4.0,SANTA BARBARA,6,ENTRE 10 Y 20 ANOS,4.69,-74.05,USADO,12600000.0,0,1,0,1,1,0,0,0,0,1,False,USAQUEN,SANTA BIBIANA,Calle 100 - Marketmedios,917.98,0,PARQUE VECINAL URBANIZACIÓN NORMANDIA I II II Y IV SECTOR,1437.66,0,0.05,33870.97,1.33,1.0,0.0,6.1,0.01,340.28,2.0
2671-M4708284,APARTAMENTO,ARRIENDO,20.32,246.6,3.0,4.0,2000000.0,3.0,CHICO,6,ENTRE 0 Y 5 ANOS,4.67,-74.04,USADO,23000000.0,1,0,0,1,1,0,1,0,0,1,False,CHAPINERO,CHICO ORIENTAL,Virrey,1829.31,0,PARQUE VECINAL URBANIZACIÓN LA CABRERA,840.71,0,0.08,93268.45,1.0,0.75,0.0,11.5,0.01,765.48,0.0
12538-M4741699,APARTAMENTO,ARRIENDO,20.32,52.0,2.0,1.0,3921395.93,0.0,ALTOS DE SUBA Y CERROS DE SAN JORGE,2,ENTRE 0 Y 5 ANOS,4.72,-74.09,USADO,990000.0,0,0,0,0,1,1,0,0,0,1,False,SUBA,RINCON DE SUBA,Suba - AV. Boyacá,1857.66,0,PARQUE VECINAL URBANIZACIÓN BACHUE PRIMERA ETAPA,1048.11,0,0.39,19038.46,0.0,2.0,0.0,0.25,0.04,2343.27,0.0
16145-M4705403,APARTAMENTO,ARRIENDO,20.32,247.3,3.0,5.0,1800000.0,4.0,CERROS DE SUBA,6,ENTRE 10 Y 20 ANOS,4.73,-74.08,USADO,10500000.0,0,1,1,1,1,1,0,0,0,1,False,SUBA,S.C. VEREDA SUBA NARANJOS,21 Ángeles,529.47,0,PARQUE ZONAL EL TOMILLAR,1213.04,0,0.08,42458.55,1.33,0.6,0.0,5.83,0.01,1343.03,0.0
4830-M4708203,APARTAMENTO,ARRIENDO,20.32,270.0,3.0,4.0,1300000.0,2.0,COUNTRY,6,ENTRE 10 Y 20 ANOS,4.71,-74.04,USADO,5000000.0,0,0,1,0,1,1,0,0,0,1,False,USAQUEN,LA_CAROLINA,Calle 127,1600.58,0,PARQUE METROPOLITANO EL COUNTRY,300.71,1,0.08,18518.52,0.67,0.75,0.0,3.85,0.01,472.6,1.0
754-M4709468,APARTAMENTO,ARRIENDO,20.32,350.0,4.0,5.0,3309000.0,4.0,CHICO,6,ENTRE 5 Y 10 ANOS,4.66,-74.05,USADO,22000000.0,1,1,0,1,1,1,0,0,0,1,False,CHAPINERO,LOS ROSALES,Calle 76 - San Felipe,1446.81,0,PARQUE ZONAL SAN ANDRÉS,521.47,0,0.06,62857.14,1.0,0.8,0.0,6.65,0.01,691.07,0.0
79-M4742912,APARTAMENTO,ARRIENDO,20.32,40.0,2.0,1.0,200000.0,1.0,FONTIBON TINTAL,4,ENTRE 0 Y 5 ANOS,4.66,-74.13,USADO,1500000.0,0,0,0,1,0,1,1,0,0,1,False,FONTIBON,EL TINTAL A.S.D.,Modelia,2401.21,0,PARQUE VECINAL VILLA HELENA VILLEMAR,1308.08,0,0.51,37500.0,0.5,2.0,0.0,7.5,0.05,383.95,2.0
2941-M4647077,APARTAMENTO,ARRIENDO,20.32,120.0,3.0,3.0,690000.0,2.0,COUNTRY,5,ENTRE 5 Y 10 ANOS,4.71,-74.03,USADO,5500000.0,0,1,1,1,1,1,0,0,0,1,False,USAQUEN,BELLA SUIZA,Prado,2408.87,0,PARQUE METROPOLITANO EL COUNTRY,905.45,0,0.17,45833.33,0.67,1.0,0.0,7.97,0.02,183.58,1.0
22-M4700371,APARTAMENTO,ARRIENDO,20.32,50.0,2.0,1.0,144000.0,0.0,COLINA Y ALREDEDORES,3,MAS DE 20 ANOS,4.71,-74.06,USADO,1200000.0,0,0,1,0,0,1,0,0,0,1,False,SUBA,PRADO SUR,Niza - Calle 127,1034.45,0,PARQUE ZONAL ATABANZA,764.46,0,0.41,24000.0,0.0,2.0,0.0,8.33,0.04,981.22,0.0
14193-M4699223,APARTAMENTO,ARRIENDO,20.32,102.0,2.0,3.0,3921395.93,2.0,SANTA BARBARA,6,ENTRE 10 Y 20 ANOS,4.69,-74.05,USADO,5500000.0,0,0,0,1,1,0,0,0,0,1,False,USAQUEN,SANTA BIBIANA,Calle 100 - Marketmedios,613.99,0,PARQUE VECINAL URBANIZACIÓN NORMANDIA I II II Y IV SECTOR,1244.73,0,0.2,53921.57,1.0,0.67,0.0,1.4,0.02,456.31,1.0
22-M4700462,APARTAMENTO,ARRIENDO,20.32,113.0,3.0,2.0,504600.0,2.0,COLINA Y ALREDEDORES,5,ENTRE 10 Y 20 ANOS,4.73,-74.07,USADO,2200000.0,0,1,1,1,1,1,0,0,0,1,False,SUBA,URB. PARQUES DE LA COLINA,Gratamira,863.57,0,PARQUE VECINAL PRADO PINZÓN,1455.01,0,0.18,19469.03,0.67,1.5,0.0,4.36,0.03,257.36,1.0
10312-M2780541,APARTAMENTO,ARRIENDO,20.32,86.98,2.0,2.0,644000.0,2.0,CHICO,6,ENTRE 0 Y 5 ANOS,4.68,-74.06,USADO,3995000.0,0,0,1,0,1,1,0,0,0,1,False,CHAPINERO,S.C. CHICO NORTE III SECTOR,Calle 100 - Marketmedios,197.55,1,PARQUE VECINAL URBANIZACIÓN NORMANDIA I II II Y IV SECTOR,895.46,0,0.23,45930.1,1.0,1.0,0.0,6.2,0.02,518.35,0.0
3057-M4666909,APARTAMENTO,ARRIENDO,20.32,300.0,3.0,4.0,3921395.93,3.0,CERROS DE SUBA,6,ENTRE 10 Y 20 ANOS,4.73,-74.08,USADO,6350000.0,0,1,0,0,0,0,0,0,0,1,False,SUBA,NIZA SUBA - URB. LA ARBOLEDA DE SUBA,Gratamira,449.39,1,PARQUE ZONAL EL TOMILLAR,1060.57,0,0.07,21166.67,1.0,0.75,0.0,1.62,0.01,1003.02,0.0
73-M4620763,APARTAMENTO,ARRIENDO,20.32,48.0,2.0,2.0,3921395.93,1.0,CENTRO NARINO,4,ENTRE 10 Y 20 ANOS,4.63,-74.08,USADO,2200000.0,0,0,0,0,0,0,0,0,0,1,False,TEUSAQUILLO,ACEVEDO TEJADA,Ciudad Universitaria - Lotería de Bogotá,59.95,1,PARQUE METROPOLITANO EL RENACIMIENTO - PARQUE CEMENTERIO CENTRAL,1424.34,0,0.42,45833.33,0.5,1.0,0.0,0.56,0.04,1067.48,0.0
11301-M4634301,APARTAMENTO,ARRIENDO,20.32,159.0,3.0,3.0,1600000.0,2.0,CHAPINERO ALTO,6,ENTRE 5 Y 10 ANOS,4.65,-74.05,USADO,7400000.0,0,1,0,1,1,0,0,0,0,1,False,CHAPINERO,S.C. LAS ACACIAS,Flores – Areandina,1401.31,0,PARQUE ZONAL GUSTAVO URIBE BOTERO,137.77,1,0.13,46540.88,0.67,1.0,0.0,4.62,0.02,561.72,0.0
2671-8115,APARTAMENTO,ARRIENDO,20.32,357.0,3.0,4.0,2090000.0,3.0,CHICO,6,MAS DE 20 ANOS,4.67,-74.04,USADO,16000000.0,0,1,0,1,1,1,0,0,0,1,False,CHAPINERO,CHICO ALTO,Calle 85,1989.42,0,PARQUE VECINAL URBANIZACIÓN LA CABRERA,932.05,0,0.06,44817.93,1.0,0.75,0.0,7.66,0.01,881.81,0.0
2123-M3073486,APARTAMENTO,ARRIENDO,21.31,323.0,4.0,5.0,1300000.0,3.0,COUNTRY,6,ENTRE 10 Y 20 ANOS,4.72,-74.03,USADO,8000000.0,0,1,0,1,1,1,0,0,0,1,False,USAQUEN,LA CANADA,Alcalá,2763.64,0,PARQUE VECINAL NUEVA URBANIZACIÓN EL CEDRITO,952.99,0,0.07,24767.8,0.75,0.8,0.0,6.15,0.01,422.81,1.0
175-M4708473,APARTAMENTO,ARRIENDO,20.32,64.0,2.0,2.0,393000.0,1.0,CEDRITOS,4,ENTRE 10 Y 20 ANOS,4.73,-74.04,USADO,2107000.0,0,0,0,1,1,0,0,0,0,1,False,USAQUEN,ACACIAS USAQUEN,Calle 142,1500.09,0,PARQUE VECINAL NUEVA URBANIZACIÓN EL CEDRITO,482.44,1,0.32,32921.88,0.5,1.0,0.0,5.36,0.03,667.52,0.0
603-M4560280,APARTAMENTO,ARRIENDO,20.32,250.0,3.0,3.0,3921395.93,3.0,CHICO,6,MAS DE 20 ANOS,4.68,-74.04,USADO,7500000.0,0,1,0,0,1,1,0,0,0,1,False,CHAPINERO,CHICO RESERVADO,Calle 100 - Marketmedios,1757.77,0,PARQUE VECINAL URBANIZACIÓN LA CABRERA,1198.22,0,0.08,30000.0,1.0,1.0,0.0,1.91,0.01,413.33,2.0
272-M4732536,APARTAMENTO,ARRIENDO,20.32,200.0,3.0,2.0,500000.0,1.0,CHICO,4,MAS DE 20 ANOS,4.66,-74.06,USADO,3200000.0,0,1,0,0,0,0,0,0,0,1,False,CHAPINERO,S.C. PORCIUNCULA,Calle 72,458.78,1,PARQUE ZONAL SAN ANDRÉS,952.0,0,0.1,16000.0,0.33,1.5,0.0,6.4,0.02,187.23,4.0
603-M4728290,APARTAMENTO,ARRIENDO,20.32,94.0,3.0,2.0,3921395.93,1.0,SALITRE MODELIA,4,ENTRE 5 Y 10 ANOS,4.67,-74.12,USADO,3800000.0,0,0,0,1,1,0,1,0,0,1,False,FONTIBON,SANTA_CECILIA,Modelia,247.47,1,PARQUE VECINAL MODELIA SECTOR A,453.57,1,0.22,40425.53,0.33,1.5,0.0,0.97,0.03,923.06,0.0
2266-M4654488,APARTAMENTO,ARRIENDO,20.32,140.0,3.0,4.0,3921395.93,2.0,CEDRITOS,4,ENTRE 10 Y 20 ANOS,4.72,-74.03,USADO,4200000.0,0,1,0,0,1,1,0,0,0,1,False,USAQUEN,CEDRO SALAZAR,Calle 142,2445.28,0,PARQUE VECINAL NUEVA URBANIZACIÓN EL CEDRITO,553.65,0,0.15,30000.0,0.67,0.75,0.0,1.07,0.02,787.36,0.0
10323-M4696920,APARTAMENTO,ARRIENDO,20.32,74.3,3.0,3.0,380100.0,1.0,ORQUIDEAS,4,ENTRE 10 Y 20 ANOS,4.75,-74.04,USADO,1719900.0,0,0,0,0,1,1,0,0,0,1,False,USAQUEN,VILLAS DE ARANJUEZ,Toberin - Foundever,1252.05,0,PARQUE VECINAL URBANIZACIÓN TOBERIN,558.5,0,0.27,23148.05,0.33,1.0,0.0,4.52,0.04,108.55,1.0
771-M4666046,APARTAMENTO,ARRIENDO,20.32,108.0,2.0,4.0,3921395.93,2.0,COUNTRY,6,MAS DE 20 ANOS,4.71,-74.04,USADO,4500000.0,0,1,0,0,1,0,0,0,0,1,False,USAQUEN,PLENITUD LA CALLEJA,Calle 127,1271.78,0,PARQUE METROPOLITANO EL COUNTRY,577.96,0,0.19,41666.67,1.0,0.5,0.0,1.15,0.02,472.83,1.0
495-M4680114,APARTAMENTO,ARRIENDO,20.32,102.0,2.0,3.0,850000.0,2.0,SANTA BARBARA,6,ENTRE 5 Y 10 ANOS,4.69,-74.05,USADO,6500000.0,0,0,0,1,1,0,0,0,0,1,False,USAQUEN,SANTA BIBIANA,Calle 100 - Marketmedios,621.37,0,PARQUE VECINAL URBANIZACIÓN NORMANDIA I II II Y IV SECTOR,1246.22,0,0.2,63725.49,1.0,0.67,0.0,7.65,0.02,444.55,1.0
2671-M4161333,APARTAMENTO,ARRIENDO,20.32,195.0,3.0,4.0,1655000.0,2.0,CHICO,6,MAS DE 20 ANOS,4.66,-74.05,USADO,9000000.0,0,1,0,0,1,0,0,0,0,1,False,CHAPINERO,BELLAVISTA - URB. EL CASTILLO,Calle 72,928.23,0,PARQUE ZONAL GUSTAVO URIBE BOTERO,633.82,0,0.1,46153.85,0.67,0.75,0.0,5.44,0.02,190.06,5.0
410-M4499966,APARTAMENTO,ARRIENDO,20.32,141.43,3.0,3.0,800000.0,2.0,SANTA BARBARA,6,MAS DE 20 ANOS,4.69,-74.05,USADO,3200000.0,0,0,0,0,1,0,0,0,0,1,False,USAQUEN,SANTA BIBIANA,Calle 106,415.49,1,PARQUE VECINAL URBANIZACIÓN NORMANDIA I II II Y IV SECTOR,1649.04,0,0.14,22626.03,0.67,1.0,0.0,4.0,0.02,621.67,0.0
2398-M3524271,APARTAMENTO,ARRIENDO,20.32,200.0,3.0,5.0,700000.0,2.0,CHICO,6,MAS DE 20 ANOS,4.67,-74.04,USADO,7300000.0,0,0,0,0,1,0,0,0,0,1,False,CHAPINERO,S.C. EL CHICO,Calle 85,1642.78,0,PARQUE VECINAL URBANIZACIÓN LA CABRERA,591.78,0,0.1,36500.0,0.67,0.6,0.0,10.43,0.02,534.54,0.0
416-M4701794,APARTAMENTO,ARRIENDO,20.32,86.0,3.0,2.0,491100.0,2.0,,4,ENTRE 10 Y 20 ANOS,4.73,-74.04,USADO,2700000.0,0,0,0,1,1,0,0,0,0,0,False,USAQUEN,LOS CEDRITOS,Calle 142,747.19,0,PARQUE VECINAL PRADO PINZÓN,1122.94,0,0.24,31395.35,0.67,1.5,0.0,5.5,0.03,828.89,0.0
212-M4709234,APARTAMENTO,ARRIENDO,20.32,101.0,3.0,2.0,500000.0,1.0,CEDRITOS,4,MAS DE 20 ANOS,4.72,-74.04,USADO,2000000.0,0,0,0,0,0,0,0,0,0,1,False,USAQUEN,CEDRO NARVAEZ,Calle 142,1557.15,0,PARQUE VECINAL NUEVA URBANIZACIÓN EL CEDRITO,385.31,1,0.2,19801.98,0.33,1.5,0.0,4.0,0.03,380.71,1.0
2671-M4326991,APARTAMENTO,ARRIENDO,20.32,215.0,3.0,4.0,1832000.0,4.0,SANTA BARBARA,6,ENTRE 5 Y 10 ANOS,4.7,-74.03,USADO,16000000.0,0,1,0,0,1,0,0,0,0,1,False,USAQUEN,USAQUEN,Pepe Sierra,2715.03,0,PARQUE METROPOLITANO EL COUNTRY,1332.75,0,0.09,74418.6,1.33,0.75,0.0,8.73,0.01,29.56,4.0
59-M3599867,APARTAMENTO,ARRIENDO,20.32,56.0,2.0,1.0,326400.0,1.0,SANTA BARBARA,6,MAS DE 20 ANOS,4.7,-74.04,USADO,1678000.0,0,0,0,0,1,1,0,0,0,1,False,USAQUEN,SANTA BARBARA CENTRAL I SECTOR,Calle 127,1871.09,0,PARQUE METROPOLITANO EL COUNTRY,488.72,1,0.36,29964.29,0.5,2.0,0.0,5.14,0.04,535.76,0.0
5340-M4586786,APARTAMENTO,ARRIENDO,20.32,48.0,1.0,1.0,3921395.93,1.0,NIZA ALHAMBRA,5,ENTRE 0 Y 5 ANOS,4.7,-74.06,USADO,2230000.0,0,1,0,0,1,1,0,0,0,1,False,SUBA,EL ESTORIL,Calle 106,555.2,0,PARQUE ZONAL CANAL CORDOBA,852.71,0,0.42,46458.33,1.0,1.0,0.0,0.57,0.02,945.15,0.0
416-118248,APARTAMENTO,ARRIENDO,20.32,180.0,2.0,3.0,1090000.0,2.0,SANTA BARBARA,6,MAS DE 20 ANOS,4.69,-74.05,USADO,4510000.0,0,1,0,0,1,0,0,0,0,0,False,USAQUEN,SANTA BIBIANA,Calle 106,586.04,0,PARQUE VECINAL URBANIZACIÓN NORMANDIA I II II Y IV SECTOR,1376.42,0,0.11,25055.56,1.0,0.67,0.0,4.14,0.01,603.67,0.0
2396-M4735086,APARTAMENTO,ARRIENDO,20.32,132.0,3.0,3.0,3921395.93,2.0,,5,ENTRE 10 Y 20 ANOS,4.64,-74.05,USADO,5200000.0,0,1,0,1,1,0,1,0,0,0,False,CHAPINERO,VISTA HERMOSA - MARIA CRISTINA,Calle 57,1207.55,0,PARQUE ZONAL GUSTAVO URIBE BOTERO,871.74,0,0.15,39393.94,0.67,1.0,0.0,1.33,0.02,995.87,0.0
10323-M4735102,APARTAMENTO,ARRIENDO,20.32,28.0,1.0,1.0,198400.0,0.0,CENTRO INTERNACIONAL,4,ENTRE 0 Y 5 ANOS,4.62,-74.07,USADO,1701600.0,0,0,0,1,1,1,0,0,0,1,False,SANTA FE,SAN_MARTIN,Museo Nacional,470.72,1,PARQUE METROPOLITANO INDEPENDENCIA BICENTENARIO,684.44,0,0.73,60771.43,0.0,1.0,0.0,8.58,0.04,372.4,3.0
93-M4524562,APARTAMENTO,ARRIENDO,20.32,200.0,3.0,3.0,2002000.0,3.0,SANTA BARBARA,6,MAS DE 20 ANOS,4.69,-74.03,USADO,6000000.0,0,1,0,1,1,0,0,0,0,1,False,USAQUEN,SANTA ANA ORIENTAL,Calle 106,2653.41,0,PARQUE METROPOLITANO EL COUNTRY,2025.09,0,0.1,30000.0,1.0,1.0,0.0,3.0,0.02,596.92,0.0
93-M4512172,APARTAMENTO,ARRIENDO,20.32,148.0,3.0,5.0,904100.0,3.0,SANTA BARBARA,6,MAS DE 20 ANOS,4.7,-74.03,USADO,4000000.0,0,1,0,0,0,1,0,0,0,1,False,USAQUEN,SANTA BARBARA CENTRAL II,Calle 127,2249.22,0,PARQUE METROPOLITANO EL COUNTRY,521.72,0,0.14,27027.03,1.0,0.6,0.0,4.42,0.02,761.88,0.0
991-M4636610,APARTAMENTO,ARRIENDO,20.32,57.0,1.0,2.0,287000.0,1.0,CHAPINERO ALTO,4,ENTRE 10 Y 20 ANOS,4.65,-74.06,USADO,2600000.0,0,0,0,1,1,1,0,0,0,1,False,CHAPINERO,NUEVA_GRANADA,Calle 63,1125.18,0,PARQUE ZONAL GUSTAVO URIBE BOTERO,599.45,0,0.36,45614.04,1.0,0.5,0.0,9.06,0.02,693.71,0.0
603-M4667032,APARTAMENTO,ARRIENDO,20.32,49.0,1.0,2.0,3921395.93,1.0,CHICO,6,ENTRE 0 Y 5 ANOS,4.68,-74.05,USADO,4200000.0,0,0,0,1,1,1,0,0,0,1,False,CHAPINERO,S.C. CHICO NORTE III SECTOR,Calle 100 - Marketmedios,879.93,0,PARQUE ZONAL CANAL EL VIRREY EL CHICO,1061.06,0,0.41,85714.29,1.0,0.5,0.0,1.07,0.02,219.77,3.0
815-M4336954,APARTAMENTO,ARRIENDO,20.32,230.0,4.0,4.0,3921395.93,4.0,CHICO,6,MAS DE 20 ANOS,4.66,-74.05,USADO,9000000.0,0,1,0,1,1,0,0,0,0,1,False,CHAPINERO,LOS ROSALES,Calle 76 - San Felipe,1399.92,0,PARQUE ZONAL SAN ANDRÉS,659.47,0,0.09,39130.43,1.0,1.0,0.0,2.3,0.02,783.28,0.0
2671-M4500084,APARTAMENTO,ARRIENDO,20.32,250.0,3.0,4.0,2500000.0,3.0,COUNTRY,6,MAS DE 20 ANOS,4.72,-74.03,USADO,15000000.0,0,1,0,1,1,1,0,0,0,1,False,USAQUEN,MONTEARROYO,Alcalá,2749.07,0,PARQUE VECINAL NUEVA URBANIZACIÓN EL CEDRITO,1013.09,0,0.08,60000.0,1.0,0.75,0.0,6.0,0.01,309.61,1.0
815-M3725072,APARTAMENTO,ARRIENDO,20.32,299.0,4.0,5.0,2000000.0,3.0,CHICO,6,MAS DE 20 ANOS,4.66,-74.05,USADO,10000000.0,0,1,0,0,1,1,0,0,0,1,False,CHAPINERO,S.C. BELLAVISTA,Calle 72,1226.99,0,PARQUE ZONAL SAN ANDRÉS,799.79,0,0.07,33444.82,0.75,0.8,0.0,5.0,0.01,499.99,1.0
2671-M4699919,APARTAMENTO,ARRIENDO,20.32,335.0,3.0,4.0,3921395.93,3.0,CHICO,6,ENTRE 5 Y 10 ANOS,4.66,-74.05,USADO,26500000.0,0,1,0,1,1,0,0,0,0,1,False,CHAPINERO,S.C. EL RETIRO,Héroes - Gel´Hada,1408.4,0,PARQUE ZONAL SAN ANDRÉS,443.17,1,0.06,79104.48,1.0,0.75,0.0,6.76,0.01,544.89,0.0
2671-M4431312,APARTAMENTO,ARRIENDO,20.32,262.0,3.0,3.0,2054000.0,2.0,CHAPINERO ALTO,6,MAS DE 20 ANOS,4.65,-74.05,USADO,16000000.0,0,1,0,1,1,0,0,0,0,1,False,CHAPINERO,S.C. LAS ACACIAS,Flores – Areandina,1401.31,0,PARQUE ZONAL GUSTAVO URIBE BOTERO,137.77,1,0.08,61068.7,0.67,1.0,0.0,7.79,0.01,561.72,0.0
800-M4030335,APARTAMENTO,ARRIENDO,20.32,75.0,2.0,2.0,3921395.93,1.0,CEDRITOS,4,ENTRE 5 Y 10 ANOS,4.73,-74.05,USADO,3200000.0,0,0,1,1,0,1,0,0,0,1,False,USAQUEN,LOS CEDRITOS,Calle 142,490.89,1,PARQUE VECINAL PRADO PINZÓN,864.69,0,0.27,42666.67,0.5,1.0,0.0,0.82,0.03,712.36,0.0
3353-M4706192,APARTAMENTO,ARRIENDO,20.32,42.0,2.0,1.0,125000.0,0.0,ALTOS DE SUBA Y CERROS DE SAN JORGE,3,ENTRE 5 Y 10 ANOS,4.76,-74.09,USADO,1100000.0,0,0,0,0,1,1,0,0,0,1,False,SUBA,S.C. TUNA BAJA,Portal Suba,1155.25,0,PARQUE VECINAL URBANIZACIÓN VALLE DE REFOUS,881.42,0,0.48,26190.48,0.0,2.0,0.0,8.8,0.05,993.4,0.0
10139-M4706174,APARTAMENTO,ARRIENDO,20.32,233.0,3.0,4.0,3921395.93,3.0,CHICO,6,ENTRE 10 Y 20 ANOS,4.68,-74.04,USADO,14650000.0,0,1,0,1,1,0,0,0,0,1,False,CHAPINERO,S.C. CHICO NORTE,Virrey,1611.35,0,PARQUE VECINAL URBANIZACIÓN LA CABRERA,960.38,0,0.09,62875.54,1.0,0.75,0.0,3.74,0.01,422.55,1.0
368-M4195345,APARTAMENTO,ARRIENDO,20.32,380.0,4.0,5.0,2200000.0,3.0,CHICO,6,ENTRE 10 Y 20 ANOS,4.67,-74.04,USADO,25000000.0,0,1,0,0,1,1,0,0,0,0,False,CHAPINERO,CHICO ALTO,Calle 85,1948.63,0,PARQUE VECINAL URBANIZACIÓN LA CABRERA,892.33,0,0.05,65789.47,0.75,0.8,0.0,11.36,0.01,840.7,0.0
2162-M4551816,APARTAMENTO,ARRIENDO,20.32,322.0,4.0,5.0,2474000.0,4.0,CHICO,6,REMODELADO,4.66,-74.05,USADO,24000000.0,0,1,1,0,1,0,0,0,0,1,False,CHAPINERO,BOSQUE EL RETIRO I SECTOR,Héroes - Gel´Hada,1519.14,0,PARQUE ZONAL SAN ANDRÉS,539.0,0,0.06,74534.16,1.0,0.8,0.0,9.7,0.01,685.18,0.0
93-M4644658,APARTAMENTO,ARRIENDO,20.32,185.0,3.0,4.0,1255120.0,2.0,SANTA BARBARA,6,MAS DE 20 ANOS,4.69,-74.05,USADO,4000000.0,1,1,0,0,1,0,0,0,0,1,False,USAQUEN,SAN PATRICIO,Calle 106,1023.01,0,PARQUE METROPOLITANO EL COUNTRY,1666.55,0,0.11,21621.62,0.67,0.75,0.0,3.19,0.02,209.97,1.0
59-M4657342,APARTAMENTO,ARRIENDO,20.32,120.0,3.0,2.0,771000.0,1.0,CHICO,6,MAS DE 20 ANOS,4.67,-74.05,USADO,7229000.0,0,0,0,0,1,0,0,0,0,1,False,CHAPINERO,LA CABRERA,Calle 85,923.47,0,PARQUE VECINAL URBANIZACIÓN LA CABRERA,220.22,1,0.17,60241.67,0.33,1.5,0.0,9.38,0.02,215.01,5.0
12503-M4264283,APARTAMENTO,ARRIENDO,20.32,38.0,1.0,1.0,3921395.93,1.0,SANTA BARBARA,6,ENTRE 0 Y 5 ANOS,4.69,-74.05,USADO,3900000.0,0,0,0,1,1,0,1,0,0,1,False,USAQUEN,RINCON DEL CHICO,Calle 100 - Marketmedios,1254.15,0,PARQUE ZONAL CANAL EL VIRREY EL CHICO,1647.45,0,0.53,102631.58,1.0,1.0,0.0,0.99,0.03,334.67,2.0
2396-M4671127,APARTAMENTO,ARRIENDO,20.32,122.0,3.0,3.0,543000.0,2.0,,5,ENTRE 10 Y 20 ANOS,4.64,-74.05,USADO,5100000.0,0,0,0,1,1,0,1,0,0,1,False,CHAPINERO,VISTA HERMOSA - MARIA CRISTINA,Calle 57,1221.93,0,PARQUE ZONAL GUSTAVO URIBE BOTERO,867.7,0,0.17,41803.28,0.67,1.0,0.0,9.39,0.02,998.5,0.0
3858-M4453253,APARTAMENTO,ARRIENDO,20.32,170.0,3.0,3.0,836000.0,2.0,COUNTRY,6,ENTRE 10 Y 20 ANOS,4.71,-74.04,USADO,6500000.0,0,1,0,0,1,1,0,0,0,1,False,USAQUEN,SABANALARGA,Calle 127,1107.27,0,PARQUE METROPOLITANO EL COUNTRY,692.49,0,0.12,38235.29,0.67,1.0,0.0,7.78,0.02,481.96,1.0
771-M4371563,APARTAMENTO,ARRIENDO,20.32,250.0,3.0,4.0,1400000.0,2.0,,6,MAS DE 20 ANOS,4.68,-74.06,USADO,9000000.0,1,1,0,0,0,0,0,0,0,1,False,CHAPINERO,S.C. EL CHICO,Virrey,249.69,1,PARQUE VECINAL URBANIZACIÓN NORMANDIA I II II Y IV SECTOR,102.34,1,0.08,36000.0,0.67,0.75,0.0,6.43,0.01,531.98,0.0
5545-M4567177,APARTAMENTO,ARRIENDO,20.32,134.85,3.0,4.0,1000000.0,3.0,SANTA BARBARA,5,ENTRE 0 Y 5 ANOS,4.7,-74.05,USADO,8000000.0,0,1,0,1,1,0,0,0,0,1,True,USAQUEN,SANTA BARBARA OCCIDENTAL,Calle 127,734.4,0,PARQUE METROPOLITANO EL COUNTRY,1039.37,0,0.15,59325.18,1.0,0.75,0.0,8.0,0.02,588.3,0.0
2671-M4727954,APARTAMENTO,ARRIENDO,20.32,275.2,3.0,4.0,3921395.93,3.0,CERROS DE SUBA,6,ENTRE 10 Y 20 ANOS,4.71,-74.08,USADO,8500000.0,0,1,0,1,1,1,0,0,0,1,False,SUBA,NIZA SUBA - MONTENIZA,Niza - Calle 127,1193.76,0,PARQUE METROPOLITANO CEFE COMETAS,132.17,1,0.07,30886.63,1.0,0.75,0.0,2.17,0.01,1230.47,0.0
399-M4653199,APARTAMENTO,ARRIENDO,20.32,61.0,2.0,2.0,310000.0,1.0,CEDRITOS,4,ENTRE 0 Y 5 ANOS,4.74,-74.03,USADO,1980000.0,0,0,0,1,1,1,1,0,0,1,False,USAQUEN,BARRANCAS NORTE,Calle 161,2660.65,0,PARQUE ZONAL ALTA BLANCA,426.23,1,0.33,32459.02,0.5,1.0,0.0,6.39,0.03,1000.09,0.0
771-M4371370,APARTAMENTO,ARRIENDO,20.32,252.0,4.0,5.0,3921395.93,4.0,SANTA BARBARA,6,MAS DE 20 ANOS,4.69,-74.06,USADO,10000000.0,0,1,0,0,1,0,0,0,0,1,False,USAQUEN,SANTA BIBIANA,Calle 100 - Marketmedios,540.74,0,PARQUE VECINAL URBANIZACIÓN NORMANDIA I II II Y IV SECTOR,1260.09,0,0.08,39682.54,1.0,0.8,0.0,2.55,0.02,679.81,0.0
2671-M3394268,APARTAMENTO,ARRIENDO,20.32,323.0,5.0,5.0,1600000.0,4.0,SANTA BARBARA,6,ENTRE 10 Y 20 ANOS,4.69,-74.05,USADO,10500000.0,0,1,0,0,1,0,0,0,0,1,False,USAQUEN,SAN PATRICIO,Calle 106,1017.17,0,PARQUE METROPOLITANO EL COUNTRY,1576.06,0,0.06,32507.74,0.8,1.0,0.0,6.56,0.02,110.91,2.0
13294-M4701682,APARTAMENTO,ARRIENDO,20.32,73.0,2.0,2.0,600000.0,1.0,CHICO,6,ENTRE 5 Y 10 ANOS,4.68,-74.06,USADO,4000000.0,0,0,0,0,1,0,0,0,0,1,False,CHAPINERO,S.C. CHICO NORTE,Virrey,556.29,0,PARQUE VECINAL URBANIZACIÓN NORMANDIA I II II Y IV SECTOR,433.3,1,0.28,54794.52,0.5,1.0,0.0,6.67,0.03,221.04,2.0
2368-M4714989,APARTAMENTO,ARRIENDO,20.32,99.0,3.0,3.0,480000.0,2.0,COLINA Y ALREDEDORES,5,ENTRE 5 Y 10 ANOS,4.72,-74.06,USADO,3120000.0,0,0,0,1,1,1,1,0,0,1,False,SUBA,SAN JOSE DEL PRADO - URB. ECHEVERRIA,Alcalá,1140.91,0,PARQUE VECINAL PRADO PINZÓN,802.87,0,0.21,31515.15,0.67,1.0,0.0,6.5,0.03,263.66,1.0
14121-M4651697,APARTAMENTO,ARRIENDO,20.32,180.0,3.0,4.0,1100000.0,2.0,SANTA BARBARA,6,ENTRE 10 Y 20 ANOS,4.69,-74.04,USADO,9000000.0,0,1,0,1,1,1,0,0,0,1,False,USAQUEN,MOLINOS NORTE,Calle 106,1815.64,0,PARQUE METROPOLITANO EL COUNTRY,1587.83,0,0.11,50000.0,0.67,0.75,0.0,8.18,0.02,296.06,1.0
2671-M4730643,APARTAMENTO,ARRIENDO,20.32,275.0,3.0,4.0,1258900.0,4.0,CERROS DE SUBA,6,ENTRE 10 Y 20 ANOS,4.72,-74.08,USADO,13741000.0,1,1,0,0,1,1,0,0,0,1,False,SUBA,S.C. NIZA SUBA,Gratamira,361.95,1,PARQUE VECINAL AGRUPACIÓN DE VIVIENDA EN BALCON DE LINDARAJA,1175.56,0,0.07,49967.27,1.33,0.75,0.0,10.92,0.01,1357.35,0.0
3038-M4516765,APARTAMENTO,ARRIENDO,20.32,160.0,2.0,3.0,800000.0,3.0,CHICO,6,ENTRE 10 Y 20 ANOS,4.67,-74.05,USADO,7000000.0,0,1,1,0,1,1,0,0,0,0,False,CHAPINERO,S.C. CHICO NORTE,Virrey,1430.54,0,PARQUE VECINAL URBANIZACIÓN LA CABRERA,709.57,0,0.13,43750.0,1.5,0.67,0.0,8.75,0.01,309.52,1.0
171-M4454769,APARTAMENTO,ARRIENDO,20.32,49.0,1.0,2.0,425300.0,1.0,CHICO,6,ENTRE 10 Y 20 ANOS,4.68,-74.05,USADO,3000000.0,0,0,0,1,1,0,0,0,0,1,False,CHAPINERO,S.C. CHICO NORTE III SECTOR,Calle 100 - Marketmedios,501.88,0,PARQUE VECINAL URBANIZACIÓN NORMANDIA I II II Y IV SECTOR,1038.51,0,0.41,61224.49,1.0,0.5,0.0,7.05,0.02,341.57,2.0
873-M3851292,APARTAMENTO,ARRIENDO,20.32,178.0,3.0,4.0,200000.0,2.0,SANTA BARBARA,6,ENTRE 10 Y 20 ANOS,4.7,-74.05,USADO,5800000.0,0,1,1,0,1,1,0,0,0,1,False,USAQUEN,SANTA BARBARA OCCIDENTAL,Calle 127,1032.2,0,PARQUE METROPOLITANO EL COUNTRY,819.26,0,0.11,32584.27,0.67,0.75,0.0,29.0,0.02,410.03,1.0
416-M4697678,APARTAMENTO,ARRIENDO,20.32,20.0,1.0,1.0,196000.0,0.0,,4,ENTRE 0 Y 5 ANOS,4.65,-74.08,USADO,1500000.0,0,0,0,0,1,0,0,0,0,0,False,TEUSAQUILLO,CAMPIN OCCIDENTAL,Campín - UAN,247.37,1,PARQUE ESCENARIO DEPORTIVO EL CAMPINCITO - CEAD,216.75,1,1.02,75000.0,0.0,1.0,0.0,7.65,0.05,247.87,1.0
416-M4742376,APARTAMENTO,ARRIENDO,20.32,101.0,3.0,3.0,433260.0,2.0,,4,ENTRE 0 Y 5 ANOS,4.74,-74.06,USADO,3800000.0,0,1,0,1,1,0,0,0,0,0,False,SUBA,URB. VERSALLES,Mazurén,1389.17,0,PARQUE VECINAL DESARROLLO CANTALEJO URBANIZACIÓN CANTALEJO MANZANA B,592.69,0,0.2,37623.76,0.67,1.0,0.0,8.77,0.03,897.75,0.0
2266-M4580187,APARTAMENTO,ARRIENDO,20.32,160.0,3.0,3.0,3921395.93,2.0,SANTA BARBARA,6,ENTRE 10 Y 20 ANOS,4.7,-74.03,USADO,5900000.0,0,1,0,1,1,1,0,0,0,1,False,USAQUEN,LOS ALPES II SECTOR,Calle 127,2948.69,0,PARQUE METROPOLITANO EL COUNTRY,1251.44,0,0.13,36875.0,0.67,1.0,0.0,1.5,0.02,637.1,0.0
771-M4638917,APARTAMENTO,ARRIENDO,20.32,120.0,3.0,3.0,3921395.93,1.0,SANTA BARBARA,6,MAS DE 20 ANOS,4.68,-74.04,USADO,3550000.0,0,1,0,0,1,0,0,0,0,1,False,USAQUEN,RINCON DEL CHICO,Calle 100 - Marketmedios,1407.02,0,PARQUE ZONAL CANAL EL VIRREY EL CHICO,1542.51,0,0.17,29583.33,0.33,1.0,0.0,0.91,0.02,286.48,2.0
4660-M4642349,APARTAMENTO,ARRIENDO,20.32,182.0,3.0,5.0,948000.0,2.0,,6,ENTRE 5 Y 10 ANOS,4.7,-74.03,USADO,9000000.0,0,1,0,1,1,0,1,0,0,1,False,USAQUEN,SANTA BARBARA ORIENTAL,Calle 127,2715.44,0,PARQUE METROPOLITANO EL COUNTRY,1014.01,0,0.11,49450.55,0.67,0.6,0.0,9.49,0.02,568.63,0.0
399-M4690181,APARTAMENTO,ARRIENDO,20.32,136.0,3.0,4.0,585500.0,2.0,COUNTRY,5,MAS DE 20 ANOS,4.72,-74.05,USADO,4914000.0,0,1,0,1,1,0,0,0,0,1,False,USAQUEN,COUNTRY CLUB,Prado,618.88,0,PARQUE ZONAL ATABANZA,1383.14,0,0.15,36132.35,0.67,0.75,0.0,8.39,0.02,601.7,0.0
495-M4468180,APARTAMENTO,ARRIENDO,20.32,207.0,3.0,3.0,2500000.0,3.0,CHICO,6,MAS DE 20 ANOS,4.67,-74.04,USADO,8000000.0,0,1,0,0,0,0,0,0,0,1,False,CHAPINERO,S.C. EL CHICO,Calle 85,1642.78,0,PARQUE VECINAL URBANIZACIÓN LA CABRERA,591.78,0,0.1,38647.34,1.0,1.0,0.0,3.2,0.01,534.54,0.0
399-M4626249,APARTAMENTO,ARRIENDO,20.32,46.0,2.0,2.0,166000.0,0.0,FONTIBON TINTAL,3,ENTRE 0 Y 5 ANOS,4.68,-74.16,USADO,1000000.0,0,0,0,1,1,1,0,0,0,1,False,FONTIBON,EL CHARCO,Portal El Dorado,4618.46,0,PARQUE ZONAL LA CONCORDIA,1462.73,0,0.44,21739.13,0.0,1.0,0.0,6.02,0.04,2547.01,0.0
920-M4130301,APARTAMENTO,ARRIENDO,20.32,300.0,3.0,4.0,3921395.93,4.0,CHICO,6,ENTRE 10 Y 20 ANOS,4.67,-74.06,USADO,18000000.0,1,1,0,1,1,0,0,0,0,1,False,CHAPINERO,S.C. ANTIGUO COUNTRY,Calle 85,515.42,0,PARQUE ZONAL CANAL EL VIRREY EL CHICO,192.94,1,0.07,60000.0,1.33,0.75,0.0,4.59,0.01,173.15,3.0
432-M4738497,APARTAMENTO,ARRIENDO,20.32,60.0,2.0,2.0,200000.0,1.0,COLINA Y ALREDEDORES,4,ENTRE 10 Y 20 ANOS,4.74,-74.06,USADO,1400000.0,0,0,0,0,1,1,0,0,0,1,False,SUBA,URB. CARIMAGUA I,Calle 161,1224.72,0,PARQUE VECINAL DESARROLLO CANTALEJO URBANIZACIÓN CANTALEJO MANZANA B,251.74,1,0.34,23333.33,0.5,1.0,0.0,7.0,0.03,1237.63,0.0
646-M4735536,APARTAMENTO,ARRIENDO,20.32,108.0,3.0,2.0,499000.0,2.0,CEDRITOS,4,ENTRE 10 Y 20 ANOS,4.72,-74.03,USADO,2731000.0,0,0,0,0,1,1,0,0,0,1,False,USAQUEN,CEDRO NARVAEZ,Calle 142,1907.43,0,PARQUE VECINAL NUEVA URBANIZACIÓN EL CEDRITO,159.92,1,0.19,25287.04,0.67,1.5,0.0,5.47,0.03,472.92,1.0
410-M4656023,APARTAMENTO,ARRIENDO,20.32,130.0,3.0,3.0,1061000.0,2.0,SANTA BARBARA,6,ENTRE 5 Y 10 ANOS,4.69,-74.05,USADO,4939000.0,0,0,0,1,1,0,0,0,0,1,False,USAQUEN,SAN PATRICIO,Calle 106,912.9,0,PARQUE METROPOLITANO EL COUNTRY,1731.58,0,0.16,37992.31,0.67,1.0,0.0,4.66,0.02,203.82,2.0
3606-M4075921,APARTAMENTO,ARRIENDO,20.32,120.0,3.0,3.0,3921395.93,2.0,SANTA BARBARA,5,ENTRE 10 Y 20 ANOS,4.7,-74.05,USADO,4100000.0,0,0,0,0,1,0,0,0,0,1,False,USAQUEN,SANTA BARBARA OCCIDENTAL,Calle 127,323.67,1,PARQUE ZONAL ATABANZA,979.44,0,0.17,34166.67,0.67,1.0,0.0,1.05,0.02,340.23,3.0
2671-M4431337,APARTAMENTO,ARRIENDO,20.32,262.0,3.0,3.0,2054000.0,2.0,CHAPINERO ALTO,6,MAS DE 20 ANOS,4.65,-74.05,USADO,18000000.0,0,1,0,1,1,0,0,0,0,1,False,CHAPINERO,S.C. LAS ACACIAS,Flores – Areandina,1401.31,0,PARQUE ZONAL GUSTAVO URIBE BOTERO,137.77,1,0.08,68702.29,0.67,1.0,0.0,8.76,0.01,561.72,0.0
72-M4703694,APARTAMENTO,ARRIENDO,20.32,317.0,3.0,4.0,3921395.93,3.0,CEDRITOS,6,ENTRE 10 Y 20 ANOS,4.72,-74.03,USADO,17000000.0,0,1,0,1,1,1,0,0,0,1,False,USAQUEN,MONTEARROYO,Alcalá,2967.79,0,PARQUE VECINAL NUEVA URBANIZACIÓN EL CEDRITO,1181.88,0,0.06,53627.76,1.0,0.75,0.0,4.34,0.01,505.63,0.0
2671-M4177902,APARTAMENTO,ARRIENDO,20.32,326.0,3.0,4.0,2000000.0,3.0,CHICO,6,MAS DE 20 ANOS,4.66,-74.05,USADO,15000000.0,1,1,0,1,1,0,0,0,0,1,False,CHAPINERO,S.C. BELLAVISTA,Calle 76 - San Felipe,1222.24,0,PARQUE ZONAL SAN ANDRÉS,689.83,0,0.06,46012.27,1.0,0.75,0.0,7.5,0.01,535.46,0.0
815-M4151322,APARTAMENTO,ARRIENDO,20.32,385.0,3.0,5.0,3000000.0,3.0,CHICO,6,ENTRE 10 Y 20 ANOS,4.67,-74.05,USADO,20000000.0,0,0,0,0,1,1,0,0,0,1,False,CHAPINERO,S.C. EL CHICO,Calle 85,1188.22,0,PARQUE VECINAL URBANIZACIÓN LA CABRERA,179.8,1,0.05,51948.05,1.0,0.6,0.0,6.67,0.01,92.92,1.0
10139-M4513983,APARTAMENTO,ARRIENDO,20.32,358.0,4.0,5.0,3000000.0,4.0,CHICO,6,ENTRE 10 Y 20 ANOS,4.67,-74.05,USADO,25000000.0,0,0,0,1,1,0,0,0,0,1,False,CHAPINERO,S.C. EL CHICO,Calle 85,1574.4,0,PARQUE VECINAL URBANIZACIÓN LA CABRERA,531.03,0,0.06,69832.4,1.0,0.8,0.0,8.33,0.01,467.97,1.0
5537-M4560651,APARTAMENTO,ARRIENDO,20.32,319.0,4.0,5.0,3921395.93,4.0,SANTA BARBARA,6,ENTRE 10 Y 20 ANOS,4.69,-74.05,USADO,13400000.0,0,1,0,0,1,0,0,0,0,1,False,USAQUEN,SANTA BIBIANA,Calle 106,941.01,0,PARQUE VECINAL URBANIZACIÓN NORMANDIA I II II Y IV SECTOR,1725.59,0,0.06,42006.27,1.0,0.8,0.0,3.42,0.01,520.52,0.0
2671-M4600268,APARTAMENTO,ARRIENDO,20.32,328.0,4.0,5.0,2581000.0,3.0,COUNTRY,6,MAS DE 20 ANOS,4.72,-74.03,USADO,18000000.0,1,1,0,1,1,0,1,0,0,1,False,USAQUEN,CIUDADELA REAL,Alcalá,2687.78,0,PARQUE VECINAL NUEVA URBANIZACIÓN EL CEDRITO,1114.52,0,0.06,54878.05,0.75,0.8,0.0,6.97,0.01,143.17,1.0
2671-M4542529,APARTAMENTO,ARRIENDO,20.32,372.6,4.0,5.0,2394000.0,4.0,CEDRITOS,6,MAS DE 20 ANOS,4.72,-74.03,USADO,18000000.0,0,1,0,1,1,1,0,0,0,1,False,USAQUEN,MONTEARROYO,Alcalá,2858.38,0,PARQUE VECINAL NUEVA URBANIZACIÓN EL CEDRITO,1095.14,0,0.05,48309.18,1.0,0.8,0.0,7.52,0.01,404.29,1.0
3553-M4512914,APARTAMENTO,ARRIENDO,20.32,300.0,3.0,4.0,1625000.0,3.0,CHICO,5,ENTRE 5 Y 10 ANOS,4.67,-74.06,USADO,13500000.0,0,1,0,0,0,0,0,0,0,1,False,CHAPINERO,S.C. ANTIGUO COUNTRY,Calle 85,287.43,1,PARQUE METROPOLITANO RECONCILIACIÓN,215.27,1,0.07,45000.0,1.0,0.75,0.0,8.31,0.01,311.01,3.0
523-M2869388,APARTAMENTO,ARRIENDO,20.32,400.0,4.0,4.0,4000000.0,3.0,SANTA BARBARA,6,ENTRE 10 Y 20 ANOS,4.69,-74.03,USADO,20000000.0,0,1,1,1,0,1,0,0,0,1,False,USAQUEN,SANTA ANA ORIENTAL,Calle 106,3257.83,0,PARQUE METROPOLITANO EL COUNTRY,2402.6,0,0.05,50000.0,0.75,1.0,0.0,5.0,0.01,888.7,0.0
10139-M4462461,APARTAMENTO,ARRIENDO,20.32,105.0,3.0,2.0,3921395.93,2.0,SANTA BARBARA,5,ENTRE 5 Y 10 ANOS,4.7,-74.05,USADO,4700000.0,0,1,0,0,1,0,0,0,0,1,False,USAQUEN,SANTA BARBARA OCCIDENTAL,Pepe Sierra,417.48,1,PARQUE ZONAL ATABANZA,1231.37,0,0.19,44761.9,0.67,1.5,0.0,1.2,0.03,486.45,1.0
10312-M4463145,APARTAMENTO,ARRIENDO,20.32,154.7,2.0,3.0,2030000.0,2.0,CHICO,6,ENTRE 10 Y 20 ANOS,4.68,-74.04,USADO,7000000.0,1,1,1,0,1,1,0,0,0,1,False,CHAPINERO,S.C. CHICO NORTE,Virrey,1812.45,0,PARQUE VECINAL URBANIZACIÓN LA CABRERA,1091.39,0,0.13,45248.87,1.0,0.67,0.0,3.45,0.01,570.94,0.0
873-M4437556,APARTAMENTO,ARRIENDO,20.32,145.0,3.0,4.0,800000.0,2.0,FONTIBON TINTAL,5,ENTRE 0 Y 5 ANOS,4.68,-74.16,USADO,5900000.0,0,0,1,0,1,1,0,0,0,1,False,FONTIBON,EL CHARCO,Portal El Dorado,3777.79,0,PARQUE ZONAL LA CONCORDIA,734.35,0,0.14,40689.66,0.67,0.75,0.0,7.38,0.02,2314.12,0.0
12477-M4621927,APARTAMENTO,ARRIENDO,20.32,160.0,3.0,5.0,1170320.0,2.0,SANTA BARBARA,6,ENTRE 5 Y 10 ANOS,4.7,-74.03,USADO,8500000.0,0,1,1,1,1,1,1,0,0,1,False,USAQUEN,RESERVAS DE LA SIERRA - LA ARBOLEDA,Calle 127,2883.84,0,PARQUE METROPOLITANO EL COUNTRY,1173.96,0,0.13,53125.0,0.67,0.6,0.0,7.26,0.02,659.31,0.0
9890-M3679716,APARTAMENTO,ARRIENDO,20.32,256.0,4.0,4.0,1400000.0,4.0,CHAPINERO ALTO,5,ENTRE 10 Y 20 ANOS,4.65,-74.05,USADO,10300000.0,0,1,0,1,1,0,0,0,0,1,False,CHAPINERO,S.C. LAS ACACIAS,Flores – Areandina,1396.59,0,PARQUE ZONAL GUSTAVO URIBE BOTERO,204.65,1,0.08,40234.38,1.0,1.0,0.0,7.36,0.02,575.33,0.0
205-M4205325,APARTAMENTO,ARRIENDO,20.32,187.0,3.0,4.0,3921395.93,2.0,CHICO,6,ENTRE 0 Y 5 ANOS,4.67,-74.05,USADO,13000000.0,0,0,0,1,1,0,0,0,0,1,False,CHAPINERO,LA CABRERA,Calle 85,1555.96,0,PARQUE VECINAL URBANIZACIÓN LA CABRERA,495.83,1,0.11,69518.72,0.67,0.75,0.0,3.32,0.02,457.43,1.0
2266-M2333500,APARTAMENTO,ARRIENDO,20.32,288.0,3.0,2.0,1500000.0,3.0,SANTA BARBARA,6,ENTRE 10 Y 20 ANOS,4.7,-74.03,USADO,14000000.0,0,0,0,0,1,1,0,0,0,0,False,USAQUEN,CERROS DE LOS ALPES,Calle 127,3123.19,0,PARQUE METROPOLITANO EL COUNTRY,1482.67,0,0.07,48611.11,1.0,1.5,0.0,9.33,0.01,567.9,0.0
3340-M4731993,APARTAMENTO,ARRIENDO,20.32,112.0,3.0,3.0,800000.0,2.0,SANTA BARBARA,6,MAS DE 20 ANOS,4.69,-74.05,USADO,3200000.0,0,1,0,0,1,0,0,0,0,1,False,USAQUEN,SAN PATRICIO,Calle 106,852.68,0,PARQUE METROPOLITANO EL COUNTRY,1641.48,0,0.18,28571.43,0.67,1.0,0.0,4.0,0.03,105.84,3.0
2266-M4187047,APARTAMENTO,ARRIENDO,20.32,182.0,2.0,3.0,3921395.93,3.0,SANTA BARBARA,6,ENTRE 10 Y 20 ANOS,4.69,-74.04,USADO,7500000.0,1,1,0,1,1,1,0,0,0,1,False,USAQUEN,SANTA BARBARA CENTRAL III SECTOR,Pepe Sierra,2276.76,0,PARQUE METROPOLITANO EL COUNTRY,1295.08,0,0.11,41208.79,1.5,0.67,0.0,1.91,0.01,370.13,4.0
873-M4045238,APARTAMENTO,ARRIENDO,20.32,180.0,3.0,4.0,1500000.0,3.0,CHICO,6,ENTRE 0 Y 5 ANOS,4.66,-74.05,USADO,8500000.0,0,1,1,1,1,1,1,0,0,1,False,CHAPINERO,BOSQUE EL RETIRO I SECTOR,Héroes - Gel´Hada,1540.82,0,PARQUE ZONAL SAN ANDRÉS,569.27,0,0.11,47222.22,1.0,0.75,0.0,5.67,0.02,679.23,0.0
2671-M4504167,APARTAMENTO,ARRIENDO,20.32,270.0,3.0,4.0,1900000.0,3.0,CHAPINERO ALTO,6,MAS DE 20 ANOS,4.65,-74.05,USADO,15000000.0,1,1,0,1,0,0,0,0,0,1,False,CHAPINERO,S.C. LAS ACACIAS,Flores – Areandina,1401.31,0,PARQUE ZONAL GUSTAVO URIBE BOTERO,137.77,1,0.08,55555.56,1.0,0.75,0.0,7.89,0.01,561.72,0.0
920-M4709013,APARTAMENTO,ARRIENDO,20.32,93.0,2.0,3.0,805000.0,2.0,SANTA BARBARA,6,ENTRE 10 Y 20 ANOS,4.69,-74.05,USADO,4500000.0,0,1,0,0,1,0,0,0,0,1,False,USAQUEN,SANTA BIBIANA,Calle 106,410.15,1,PARQUE VECINAL URBANIZACIÓN NORMANDIA I II II Y IV SECTOR,1506.17,0,0.22,48387.1,1.0,0.67,0.0,5.59,0.02,773.57,0.0
815-M4270946,APARTAMENTO,ARRIENDO,20.32,200.0,3.0,5.0,1500000.0,3.0,CHICO,6,ENTRE 5 Y 10 ANOS,4.68,-74.05,USADO,10000000.0,0,1,0,1,1,1,0,0,0,1,False,CHAPINERO,S.C. CHICO NORTE,Calle 100 - Marketmedios,524.52,0,PARQUE VECINAL URBANIZACIÓN NORMANDIA I II II Y IV SECTOR,650.66,0,0.1,50000.0,1.0,0.6,0.0,6.67,0.02,26.58,1.0
815-M3427196,APARTAMENTO,ARRIENDO,20.32,280.0,4.0,5.0,2000000.0,4.0,COUNTRY,6,ENTRE 10 Y 20 ANOS,4.71,-74.03,USADO,14000000.0,0,1,0,1,0,1,1,0,0,1,False,USAQUEN,GINEBRA,Prado,2791.82,0,PARQUE METROPOLITANO EL COUNTRY,1272.95,0,0.07,50000.0,1.0,0.8,0.0,7.0,0.01,488.55,1.0
2368-M4721328,APARTAMENTO,ARRIENDO,20.32,102.0,3.0,4.0,520000.0,2.0,COLINA Y ALREDEDORES,5,ENTRE 5 Y 10 ANOS,4.72,-74.06,USADO,3100000.0,0,0,0,1,1,1,1,0,0,1,False,SUBA,SAN JOSE DEL PRADO - URB. ECHEVERRIA,Alcalá,1140.91,0,PARQUE VECINAL PRADO PINZÓN,802.87,0,0.2,30392.16,0.67,0.75,0.0,5.96,0.03,263.66,1.0
2671-M4594843,APARTAMENTO,ARRIENDO,20.32,246.6,3.0,4.0,1822300.0,3.0,CHICO,6,ENTRE 0 Y 5 ANOS,4.68,-74.05,USADO,26000000.0,1,1,0,1,1,0,1,0,0,1,False,CHAPINERO,S.C. CHICO NORTE,Virrey,785.16,0,PARQUE ZONAL CANAL EL VIRREY EL CHICO,462.98,1,0.08,105433.9,1.0,0.75,0.0,14.27,0.01,72.0,4.0
2359-M4704734,APARTAMENTO,ARRIENDO,20.32,58.0,1.0,2.0,301000.0,2.0,COUNTRY,5,ENTRE 0 Y 5 ANOS,4.71,-74.05,USADO,3200000.0,0,1,0,1,1,1,0,0,0,0,False,USAQUEN,LA CALLEJA,Prado,592.78,0,PARQUE ZONAL ATABANZA,843.03,0,0.35,55172.41,2.0,0.5,0.0,10.63,0.02,349.25,2.0
800-M4463596,APARTAMENTO,ARRIENDO,20.32,330.0,4.0,5.0,3000000.0,4.0,SANTA BARBARA,6,REMODELADO,4.69,-74.03,USADO,17000000.0,1,1,1,1,1,1,1,0,0,1,False,USAQUEN,EL PINAR DE SANTA BARBARA,Pepe Sierra,3307.08,0,PARQUE METROPOLITANO EL COUNTRY,1830.58,0,0.06,51515.15,1.0,0.8,0.0,5.67,0.01,604.41,0.0
11307-M4702816,APARTAMENTO,ARRIENDO,20.32,135.0,3.0,3.0,800000.0,2.0,COLINA Y ALREDEDORES,5,ENTRE 10 Y 20 ANOS,4.73,-74.06,USADO,4000000.0,1,1,0,1,1,1,1,0,0,1,False,SUBA,COLPATRIA SANTA HELENA II SECTOR,Gratamira,1345.15,0,PARQUE VECINAL URBANIZACIÓN LA LAGUNA,1077.62,0,0.15,29629.63,0.67,1.0,0.0,5.0,0.02,308.57,1.0
10101-M4302009,APARTAMENTO,ARRIENDO,20.32,95.0,3.0,3.0,750000.0,2.0,COUNTRY,5,MAS DE 20 ANOS,4.71,-74.05,USADO,2700000.0,0,1,1,0,1,1,0,0,0,1,False,USAQUEN,LA CALLEJA,Prado,604.81,0,PARQUE ZONAL ATABANZA,1056.32,0,0.21,28421.05,0.67,1.0,0.0,3.6,0.03,566.3,0.0
800-M3315437,APARTAMENTO,ARRIENDO,20.32,66.0,1.0,2.0,321500.0,1.0,SANTA BARBARA,5,ENTRE 5 Y 10 ANOS,4.69,-74.04,USADO,3000000.0,0,0,0,0,0,1,0,0,0,1,False,USAQUEN,SANTA BARBARA CENTRAL I Y II,Calle 106,1356.35,0,PARQUE METROPOLITANO EL COUNTRY,1735.13,0,0.31,45454.55,1.0,0.5,0.0,9.33,0.02,564.21,0.0
14896-M4604578,APARTAMENTO,ARRIENDO,20.32,80.0,2.0,2.0,3921395.93,1.0,NIZA ALHAMBRA,5,ENTRE 0 Y 5 ANOS,4.7,-74.07,USADO,4500000.0,0,0,0,0,1,1,0,0,0,1,True,SUBA,NIZA SUR,Suba - Calle 116,580.9,0,PARQUE ZONAL MORATO,556.36,0,0.25,56250.0,0.5,1.0,0.0,1.15,0.02,856.92,0.0
753-M4558690,APARTAMENTO,ARRIENDO,20.32,100.0,3.0,3.0,721000.0,2.0,SANTA BARBARA,5,ENTRE 10 Y 20 ANOS,4.7,-74.03,USADO,3900000.0,0,0,0,0,1,1,1,0,0,1,False,USAQUEN,S.C. SAN NORTE,Calle 127,2966.3,0,PARQUE METROPOLITANO EL COUNTRY,1225.98,0,0.2,39000.0,0.67,1.0,0.0,5.41,0.03,921.63,0.0
10139-M4500515,APARTAMENTO,ARRIENDO,20.32,145.0,2.0,3.0,3921395.93,2.0,CHICO,6,ENTRE 5 Y 10 ANOS,4.67,-74.05,USADO,8500000.0,0,0,0,0,1,0,0,0,0,1,False,CHAPINERO,S.C. EL CHICO,Virrey,567.34,0,PARQUE ZONAL CANAL EL VIRREY EL CHICO,137.77,1,0.14,58620.69,1.0,0.67,0.0,2.17,0.01,128.92,3.0
15453-M4694596,APARTAMENTO,ARRIENDO,20.32,354.0,4.0,5.0,3500000.0,4.0,SANTA BARBARA,6,ENTRE 0 Y 5 ANOS,4.69,-74.03,USADO,26500000.0,0,0,0,0,1,1,0,0,0,1,False,USAQUEN,SANTA ANA ORIENTAL,Calle 106,2865.75,0,PARQUE METROPOLITANO EL COUNTRY,2275.37,0,0.06,74858.76,1.0,0.8,0.0,7.57,0.01,800.64,0.0
14655-M4596216,APARTAMENTO,ARRIENDO,20.32,165.0,3.0,4.0,3921395.93,2.0,SANTA BARBARA,6,ENTRE 5 Y 10 ANOS,4.69,-74.05,USADO,15000000.0,0,0,1,0,1,1,0,0,0,1,False,USAQUEN,SANTA BIBIANA,Calle 106,794.38,0,PARQUE VECINAL URBANIZACIÓN NORMANDIA I II II Y IV SECTOR,1542.7,0,0.12,90909.09,0.67,0.75,0.0,3.83,0.02,514.19,0.0
10312-M4452065,APARTAMENTO,ARRIENDO,20.32,245.64,4.0,4.0,1440000.0,4.0,SANTA BARBARA,6,ENTRE 10 Y 20 ANOS,4.69,-74.06,USADO,14000000.0,0,1,1,1,1,1,0,0,0,1,False,USAQUEN,SANTA BIBIANA,Calle 106,125.67,1,PARQUE ZONAL CANAL CORDOBA,1494.24,0,0.08,56993.97,1.0,1.0,0.0,9.72,0.02,633.95,0.0
11203-M4590136,APARTAMENTO,ARRIENDO,20.32,68.0,1.0,2.0,790000.0,1.0,CHICO,5,ENTRE 0 Y 5 ANOS,4.67,-74.06,USADO,4800000.0,0,0,0,0,1,0,0,0,0,1,False,CHAPINERO,S.C. ANTIGUO COUNTRY,Calle 85,209.1,1,PARQUE METROPOLITANO RECONCILIACIÓN,131.08,1,0.3,70588.24,1.0,0.5,0.0,6.08,0.01,421.67,2.0
748-M4643077,APARTAMENTO,ARRIENDO,20.32,182.0,3.0,4.0,1100000.0,2.0,COUNTRY,5,ENTRE 10 Y 20 ANOS,4.71,-74.05,USADO,8000000.0,0,0,0,0,1,1,0,0,0,0,False,USAQUEN,LA CALLEJA,Calle 127,658.9,0,PARQUE ZONAL ATABANZA,936.93,0,0.11,43956.04,0.67,0.75,0.0,7.27,0.02,309.46,2.0
164-M3454225,APARTAMENTO,ARRIENDO,20.32,45.0,3.0,2.0,3921395.93,0.0,FONTIBON TINTAL,3,ENTRE 0 Y 5 ANOS,4.7,-74.17,USADO,820000.0,0,0,0,0,0,0,0,0,0,1,False,FONTIBON,S.C. PUENTE GRANDE,Portal El Dorado,5427.89,0,PARQUE ZONAL LA CONCORDIA,2422.6,0,0.45,18222.22,0.0,1.5,0.0,0.21,0.07,2562.58,0.0
164-M4689239,APARTAMENTO,ARRIENDO,20.32,47.0,3.0,1.0,3921395.93,0.0,BOSA SOACHA,2,ENTRE 5 Y 10 ANOS,4.63,-74.19,USADO,900000.0,0,0,0,0,1,0,0,0,0,1,False,BOSA,S.C. LAS_MARGARITAS,Portal Américas,2147.42,0,PARQUE VECINAL URBANIZACIÓN SANTIAGO DE ATALAYAS,1098.72,0,0.43,19148.94,0.0,3.0,0.0,0.23,0.06,2750.69,0.0
164-M4589670,APARTAMENTO,ARRIENDO,20.32,62.0,3.0,2.0,3921395.93,0.0,ALTOS DE SUBA Y CERROS DE SAN JORGE,3,REMODELADO,4.74,-74.08,USADO,1000000.0,0,0,0,0,0,0,0,0,0,1,False,SUBA,BALCONES DE SUBA,21 Ángeles,376.77,1,PARQUE ZONAL BELLAVISTA DINDALITO,643.51,0,0.33,16129.03,0.0,1.5,0.0,0.26,0.05,1743.0,0.0
164-M4503993,APARTAMENTO,ARRIENDO,20.32,69.0,3.0,2.0,3921395.93,1.0,SALITRE MODELIA,4,ENTRE 0 Y 5 ANOS,4.66,-74.12,USADO,2350000.0,0,0,0,0,0,0,0,0,0,1,False,FONTIBON,EL TINTAL A.S.D.,AV. Rojas,1793.51,0,PARQUE ZONAL CANAL BOYACA,1008.21,0,0.29,34057.97,0.33,1.5,0.0,0.6,0.04,637.33,0.0
164-M4493639,APARTAMENTO,ARRIENDO,20.32,65.0,3.0,2.0,3921395.93,0.0,CORTIJO AUTOPISTA MEDELLIN,3,MAS DE 20 ANOS,4.73,-74.12,USADO,1300000.0,0,0,0,0,0,0,0,0,0,1,False,ENGATIVA,EL_CORTIJO,Portal 80,2210.65,0,PARQUE METROPOLITANO PLANTA DE TRATAMIENTO SALITRE,360.39,1,0.31,20000.0,0.0,1.5,0.0,0.33,0.05,2010.61,0.0
34-M4380703,APARTAMENTO,ARRIENDO,20.32,74.0,1.0,2.0,3921395.93,2.0,CHICO,6,ENTRE 10 Y 20 ANOS,4.68,-74.05,USADO,4500000.0,0,1,0,0,1,0,0,0,0,1,False,CHAPINERO,S.C. CHICO NORTE,Virrey,1518.76,0,PARQUE VECINAL URBANIZACIÓN LA CABRERA,980.55,0,0.27,60810.81,2.0,0.5,0.0,1.15,0.01,330.0,2.0
164-M3678975,APARTAMENTO,ARRIENDO,20.32,58.0,3.0,2.0,3921395.93,0.0,FONTIBON TINTAL,2,REMODELADO,4.68,-74.17,USADO,1000000.0,0,0,0,0,1,0,0,0,0,1,False,FONTIBON,EL CHARCO,Biblioteca Tintal,4781.61,0,PARQUE METROPOLITANO ZONA FRANCA,1340.38,0,0.35,17241.38,0.0,1.5,0.0,0.26,0.05,3019.56,0.0
164-M4636997,APARTAMENTO,ARRIENDO,20.32,51.0,3.0,1.0,3921395.93,0.0,ALTOS DE SUBA Y CERROS DE SAN JORGE,3,ENTRE 0 Y 5 ANOS,4.75,-74.11,USADO,1000000.0,0,0,0,0,1,0,0,0,0,1,False,SUBA,CONJUNTO RESIDENCIAL KUMARU,Portal Suba,1580.43,0,PARQUE ZONAL CEFE FONTANAR DEL RIO,561.47,0,0.4,19607.84,0.0,3.0,0.0,0.26,0.06,1374.61,0.0
164-M4180201,APARTAMENTO,ARRIENDO,20.32,50.0,3.0,1.0,3921395.93,0.0,KENNEDY,2,ENTRE 10 Y 20 ANOS,4.64,-74.18,USADO,750000.0,0,0,0,0,0,0,0,0,0,1,False,BOSA,S.C OSORIO DIEZ,Portal Américas,1462.45,0,PARQUE METROPOLITANO EL PORVENIR (GIBRALTAR),353.71,1,0.41,15000.0,0.0,3.0,0.0,0.19,0.06,3768.59,0.0
164-M4008419,APARTAMENTO,ARRIENDO,20.32,75.0,3.0,2.0,3921395.93,1.0,FONTIBON TINTAL,4,ENTRE 0 Y 5 ANOS,4.67,-74.14,USADO,2200000.0,0,0,0,0,1,0,0,0,0,1,False,FONTIBON,S.C. EL TINTAL CENTRAL,Portal El Dorado,2326.57,0,PARQUE VECINAL VILLA HELENA VILLEMAR,445.26,1,0.27,29333.33,0.33,1.5,0.0,0.56,0.04,883.75,0.0
34-M4577665,APARTAMENTO,ARRIENDO,20.32,230.0,3.0,4.0,1460000.0,4.0,CHICO,6,ENTRE 5 Y 10 ANOS,4.66,-74.05,USADO,12000000.0,0,1,0,0,0,0,0,0,0,1,False,CHAPINERO,LOS ROSALES,Calle 76 - San Felipe,1399.37,0,PARQUE ZONAL SAN ANDRÉS,549.29,0,0.09,52173.91,1.33,0.75,0.0,8.22,0.01,732.6,0.0
164-M4667396,APARTAMENTO,ARRIENDO,20.32,63.0,3.0,2.0,3921395.93,0.0,CIUDAD BOLIVAR,3,ENTRE 5 Y 10 ANOS,4.59,-74.16,USADO,1200000.0,0,0,0,0,1,0,0,0,0,1,False,CIUDAD BOLIVAR,ISMAEL PERDOMO,Perdomo,809.29,0,PARQUE ZONAL EL TALLER EL ENSUEÑO,430.8,1,0.32,19047.62,0.0,1.5,0.0,0.31,0.05,1542.21,0.0
164-M4714897,APARTAMENTO,ARRIENDO,20.32,48.0,2.0,1.0,3921395.93,0.0,,3,ENTRE 5 Y 10 ANOS,4.65,-74.17,USADO,900000.0,0,0,0,0,1,0,0,0,0,1,False,KENNEDY,CALANDAIMA - LOS PANTANOS,Biblioteca Tintal,1790.84,0,PARQUE VECINAL PRIMAVERA,764.36,0,0.42,18750.0,0.0,2.0,0.0,0.23,0.04,4272.69,0.0
164-M4146420,APARTAMENTO,ARRIENDO,20.32,48.0,3.0,1.0,3921395.93,0.0,KENNEDY,2,ENTRE 10 Y 20 ANOS,4.65,-74.14,USADO,900000.0,0,0,0,0,0,0,0,0,0,1,False,KENNEDY,BARRIO EL TINTAL,Mandalay,2389.14,0,PARQUE VECINAL VILLA ALSACIA,926.68,0,0.42,18750.0,0.0,3.0,0.0,0.23,0.06,1444.12,0.0
164-M4669000,APARTAMENTO,ARRIENDO,20.32,58.0,1.0,2.0,3921395.93,1.0,CEDRITOS,3,ENTRE 5 Y 10 ANOS,4.72,-74.04,USADO,2600000.0,0,0,0,0,0,0,0,0,0,1,False,USAQUEN,CEDRITOS,Alcalá,1215.28,0,PARQUE VECINAL NUEVA URBANIZACIÓN EL CEDRITO,787.99,0,0.35,44827.59,1.0,0.5,0.0,0.66,0.02,425.24,1.0
2379-M4742306,APARTAMENTO,ARRIENDO,20.32,62.0,2.0,2.0,382000.0,1.0,CENTRO NARINO,4,ENTRE 10 Y 20 ANOS,4.64,-74.09,USADO,2376000.0,0,0,0,0,1,0,0,0,0,1,False,TEUSAQUILLO,QUINTA PAREDES,Quinta Paredes,219.33,1,PARQUE VECINAL SANTA CLARA,594.89,0,0.33,38322.58,0.5,1.0,0.0,6.22,0.03,732.74,0.0
164-M4744038,APARTAMENTO,ARRIENDO,20.32,58.0,3.0,1.0,3921395.93,0.0,BOSA SOACHA,2,ENTRE 5 Y 10 ANOS,4.62,-74.21,USADO,750000.0,0,0,0,0,0,0,0,0,0,1,False,BOSA,S.C. SAN BERNARDINO XXII,Portal Américas,4021.55,0,PARQUE VECINAL URBANIZACIÓN PORTAL DEL SOL,881.6,0,0.35,12931.03,0.0,3.0,0.0,0.19,0.05,3536.24,0.0
164-M4567341,APARTAMENTO,ARRIENDO,20.32,55.0,3.0,2.0,156500.0,0.0,ENGATIVA,3,MAS DE 20 ANOS,4.7,-74.12,USADO,1043500.0,0,0,0,0,0,0,0,0,0,1,False,ENGATIVA,VILLA DEL MAR - URB. TIERRAGRATA,Quirigua,1242.8,0,PARQUE ZONAL EL CARMELO,137.99,1,0.37,18972.73,0.0,1.5,0.0,6.67,0.05,442.79,1.0
164-M4742255,APARTAMENTO,ARRIENDO,20.32,44.0,2.0,2.0,3921395.93,0.0,FONTIBON TINTAL,4,ENTRE 0 Y 5 ANOS,4.66,-74.12,USADO,1300000.0,0,0,0,0,0,0,0,0,0,1,False,FONTIBON,EL TINTAL A.S.D.,Normandía,1730.55,0,PARQUE ZONAL CANAL BOYACA,935.24,0,0.46,29545.45,0.0,1.0,0.0,0.33,0.05,794.43,0.0
164-M4611583,APARTAMENTO,ARRIENDO,20.32,50.0,3.0,2.0,135000.0,0.0,ALTOS DE SUBA Y CERROS DE SAN JORGE,3,ENTRE 5 Y 10 ANOS,4.75,-74.11,USADO,1050000.0,0,0,0,0,1,0,0,0,0,1,False,SUBA,CONJUNTO RESIDENCIAL KUMARU,Portal Suba,1674.61,0,PARQUE ZONAL CEFE FONTANAR DEL RIO,462.06,1,0.41,21000.0,0.0,1.5,0.0,7.78,0.06,1472.47,0.0
164-M4604062,APARTAMENTO,ARRIENDO,20.32,30.0,1.0,1.0,3921395.93,0.0,FONTIBON TINTAL,3,ENTRE 5 Y 10 ANOS,4.68,-74.17,USADO,850000.0,0,0,0,0,0,0,0,0,0,1,False,FONTIBON,EL CHARCO,Portal El Dorado,4858.45,0,PARQUE METROPOLITANO ZONA FRANCA,1572.41,0,0.68,28333.33,0.0,1.0,0.0,0.22,0.03,2826.32,0.0
164-M4561272,APARTAMENTO,ARRIENDO,20.32,75.51,3.0,2.0,3921395.93,0.0,CENTRO Y ZONA COLONIAL,3,MAS DE 20 ANOS,4.61,-74.07,USADO,1850000.0,0,0,0,0,1,0,0,0,0,1,False,SANTA FE,LAS NIEVES,Universidades,430.25,1,PARQUE METROPOLITANO INDEPENDENCIA BICENTENARIO,489.28,1,0.27,24500.07,0.0,1.5,0.0,0.47,0.04,591.52,0.0
164-M4699676,APARTAMENTO,ARRIENDO,20.32,50.0,3.0,1.0,3921395.93,0.0,BOSA SOACHA,1,ENTRE 0 Y 5 ANOS,4.62,-74.21,USADO,700000.0,0,0,0,0,0,0,0,0,0,1,False,BOSA,S.C. SAN BERNARDINO XXII,Terreros - Hospital Cardio Vascular,3778.39,0,PARQUE ZONAL PARQUE DEL RIO (SAN JOSE DE MARYLAND),1301.54,0,0.41,14000.0,0.0,3.0,0.0,0.18,0.06,3588.48,0.0
164-M4744141,APARTAMENTO,ARRIENDO,20.32,39.0,1.0,2.0,3921395.93,0.0,,4,ENTRE 0 Y 5 ANOS,4.58,-74.1,USADO,1470000.0,0,0,0,0,1,0,0,0,0,1,False,ANTONIO NARINO,RESTREPO,Restrepo,69.89,1,PARQUE ESCENARIO DEPORTIVO GIMNASIO DEL SUR,475.42,1,0.52,37692.31,0.0,0.5,0.0,0.37,0.03,2745.54,0.0
164-M4568312,APARTAMENTO,ARRIENDO,20.32,80.0,2.0,2.0,3921395.93,1.0,CHICO,6,MAS DE 20 ANOS,4.67,-74.05,USADO,4400000.0,0,1,0,0,1,0,0,0,0,1,False,CHAPINERO,S.C. EL CHICO,Virrey,541.33,0,PARQUE ZONAL CANAL EL VIRREY EL CHICO,120.95,1,0.25,55000.0,0.5,1.0,0.0,1.12,0.02,98.03,3.0
164-M4654791,APARTAMENTO,ARRIENDO,20.32,45.0,2.0,1.0,3921395.93,0.0,CIUDAD BOLIVAR,3,ENTRE 0 Y 5 ANOS,4.59,-74.16,USADO,1000000.0,0,0,0,0,1,0,0,0,0,1,False,CIUDAD BOLIVAR,MADELENA,CC Paseo Villa del Río - Madelena,371.6,1,PARQUE VECINAL URBANIZACIÓN BALMORAL CESIÓN GUADALUPE,933.04,0,0.45,22222.22,0.0,2.0,0.0,0.26,0.04,666.49,0.0
164-M4710649,APARTAMENTO,ARRIENDO,20.32,30.0,1.0,1.0,3921395.93,0.0,CENTRO Y ZONA COLONIAL,3,REMODELADO,4.61,-74.08,USADO,1500000.0,0,0,0,0,1,0,0,0,0,1,False,LOS MARTIRES,EL LISTON,San Facon Carrera 22,506.85,0,PARQUE METROPOLITANO TERCER MILENIO,1253.81,0,0.68,50000.0,0.0,1.0,0.0,0.38,0.03,1200.07,0.0
13436-M4743720,APARTAMENTO,ARRIENDO,20.32,19.0,1.0,1.0,225000.0,0.0,CHICO,6,ENTRE 0 Y 5 ANOS,4.68,-74.06,USADO,3225000.0,0,0,0,1,1,0,0,0,0,1,False,CHAPINERO,S.C. CHICO NORTE III SECTOR,Calle 100 - Marketmedios,21.75,1,PARQUE VECINAL URBANIZACIÓN NORMANDIA I II II Y IV SECTOR,737.38,0,1.07,169736.84,0.0,1.0,0.0,14.33,0.05,511.85,0.0
12503-M4276979,APARTAMENTO,ARRIENDO,20.32,45.0,1.0,1.0,3921395.93,1.0,CHAPINERO ALTO,3,ENTRE 10 Y 20 ANOS,4.64,-74.06,USADO,2300000.0,0,0,0,0,1,0,0,0,0,1,False,CHAPINERO,S.C. MARLY,Marly,338.88,1,PARQUE METROPOLITANO PARQUE NACIONAL (PM2A) ENRIQUE OLAYA HERRERA (SECTOR HISTORICO),1163.01,0,0.45,51111.11,1.0,1.0,0.0,0.59,0.02,312.02,1.0
164-M4543621,APARTAMENTO,ARRIENDO,20.32,63.0,2.0,2.0,3921395.93,1.0,COLINA Y ALREDEDORES,4,ENTRE 0 Y 5 ANOS,4.74,-74.05,USADO,1700000.0,0,0,0,0,0,0,0,0,0,1,False,SUBA,MAZUREN,Mazurén,334.25,1,PARQUE VECINAL URBANIZACIÓN VICTORIA NORTE,110.47,1,0.32,26984.13,0.5,1.0,0.0,0.43,0.03,1678.97,0.0
164-M4542426,APARTAMENTO,ARRIENDO,20.32,85.0,3.0,2.0,3921395.93,1.0,ENGATIVA,4,ENTRE 5 Y 10 ANOS,4.72,-74.13,USADO,2300000.0,0,0,0,0,1,0,0,0,0,1,False,ENGATIVA,EL DORADO INDUSTRIAL - SANTA ISABEL (HACIENDA),Portal 80,2401.3,0,PARQUE METROPOLITANO PLANTA DE TRATAMIENTO SALITRE,652.45,0,0.24,27058.82,0.33,1.5,0.0,0.59,0.04,2188.43,0.0
342-M4700558,APARTAMENTO,ARRIENDO,20.32,23.7,1.0,1.0,143000.0,0.0,CENTRO Y ZONA COLONIAL,3,ENTRE 0 Y 5 ANOS,4.6,-74.07,USADO,1350000.0,0,0,0,1,1,0,0,0,0,1,False,CANDELARIA,LAS AGUAS_,Las Aguas - Centro Colombo Americano,181.21,1,PARQUE ZONAL SENDERO A MONSERRATE,780.67,0,0.86,56962.03,0.0,1.0,0.0,9.44,0.04,175.55,5.0
164-M4011886,APARTAMENTO,ARRIENDO,20.32,40.0,2.0,1.0,3921395.93,0.0,ORQUIDEAS,3,MAS DE 20 ANOS,4.76,-74.04,USADO,1000000.0,0,0,0,0,0,0,0,0,0,1,False,USAQUEN,SAN ANTONIO (HACIENDA),Calle 187,470.13,1,PARQUE VECINAL DESARROLLO VERBENAL I,265.85,1,0.51,25000.0,0.0,2.0,0.0,0.26,0.05,573.39,0.0
164-M4675567,APARTAMENTO,ARRIENDO,20.32,49.0,3.0,2.0,3921395.93,0.0,KENNEDY,2,ENTRE 5 Y 10 ANOS,4.65,-74.17,USADO,800000.0,0,0,0,0,0,0,0,0,0,1,False,KENNEDY,TIERRA BUENA RESERVADO II,Biblioteca Tintal,1854.8,0,PARQUE VECINAL PRIMAVERA,845.27,0,0.41,16326.53,0.0,1.5,0.0,0.2,0.06,4424.89,0.0
164-M4699427,APARTAMENTO,ARRIENDO,20.32,40.0,2.0,1.0,3921395.93,0.0,PUENTE ARANDA,3,ENTRE 10 Y 20 ANOS,4.63,-74.11,USADO,1550000.0,0,1,0,0,1,0,0,0,0,1,False,PUENTE ARANDA,PUENTE ARANDA,Puente Aranda,462.54,1,PARQUE METROPOLITANO PARQUE CENTRAL SIMÓN BOLÍVAR,693.95,0,0.51,38750.0,0.0,2.0,0.0,0.4,0.05,1003.32,0.0
164-M3779742,APARTAMENTO,ARRIENDO,20.32,49.0,3.0,2.0,3921395.93,0.0,KENNEDY,2,ENTRE 5 Y 10 ANOS,4.65,-74.14,USADO,1000000.0,0,0,0,0,0,0,0,0,0,1,False,KENNEDY,BARRIO EL TINTAL,Mandalay,2389.14,0,PARQUE VECINAL VILLA ALSACIA,926.68,0,0.41,20408.16,0.0,1.5,0.0,0.26,0.06,1444.12,0.0
164-M4460573,APARTAMENTO,ARRIENDO,20.32,45.0,3.0,1.0,3921395.93,0.0,ORQUIDEAS,3,ENTRE 10 Y 20 ANOS,4.76,-74.04,USADO,1000000.0,0,0,0,0,0,0,0,0,0,1,False,USAQUEN,SAN ANTONIO NOROCCIDENTAL,Portal Norte,765.2,0,PARQUE VECINAL URBANIZACIÓN CALLE 170 / ALAMEDA,314.34,1,0.45,22222.22,0.0,3.0,0.0,0.26,0.07,858.35,0.0
164-M4726061,APARTAMENTO,ARRIENDO,20.32,68.7,2.0,1.0,3921395.93,0.0,TIMIZA LA ALQUERIA,3,MAS DE 20 ANOS,4.61,-74.15,USADO,1100000.0,0,0,0,0,0,0,0,0,0,1,False,KENNEDY,TIMIZA,CC Paseo Villa del Río - Madelena,1906.59,0,PARQUE METROPOLITANO TIMIZA,147.73,1,0.3,16011.64,0.0,2.0,0.0,0.28,0.03,1620.05,0.0
164-M4744309,APARTAMENTO,ARRIENDO,20.32,38.0,1.0,1.0,3921395.93,0.0,,4,ENTRE 0 Y 5 ANOS,4.58,-74.1,USADO,1470000.0,0,0,0,0,1,0,0,0,0,1,False,ANTONIO NARINO,RESTREPO,Restrepo,69.89,1,PARQUE ESCENARIO DEPORTIVO GIMNASIO DEL SUR,475.42,1,0.53,38684.21,0.0,1.0,0.0,0.37,0.03,2745.54,0.0
13439-M4706232,APARTAMENTO,ARRIENDO,20.32,297.0,3.0,3.0,3000000.0,3.0,CHICO,6,ENTRE 0 Y 5 ANOS,4.68,-74.06,USADO,25000000.0,0,0,0,0,1,0,0,0,0,0,True,CHAPINERO,S.C. CHICO NORTE,Calle 100 - Marketmedios,529.01,0,PARQUE VECINAL URBANIZACIÓN NORMANDIA I II II Y IV SECTOR,400.64,1,0.07,84175.08,1.0,1.0,0.0,8.33,0.01,227.56,1.0
164-M4744378,APARTAMENTO,ARRIENDO,20.32,38.0,1.0,2.0,3921395.93,0.0,,4,ENTRE 0 Y 5 ANOS,4.58,-74.1,USADO,1470000.0,0,0,0,0,1,0,0,0,0,1,False,ANTONIO NARINO,RESTREPO,Restrepo,69.89,1,PARQUE ESCENARIO DEPORTIVO GIMNASIO DEL SUR,475.42,1,0.53,38684.21,0.0,0.5,0.0,0.37,0.03,2745.54,0.0
164-M4741968,APARTAMENTO,ARRIENDO,20.32,45.0,3.0,1.0,3921395.93,0.0,CIUDAD BOLIVAR,3,ENTRE 0 Y 5 ANOS,4.59,-74.17,USADO,800000.0,0,0,0,0,1,0,0,0,0,1,False,CIUDAD BOLIVAR,S.C. GALICIA,Portal Sur - JFK Coop. Financiera,588.53,0,PARQUE ZONAL LA ESTANCIA,482.53,1,0.45,17777.78,0.0,3.0,0.0,0.2,0.07,1942.37,0.0
164-M4461736,APARTAMENTO,ARRIENDO,20.32,53.0,2.0,2.0,3921395.93,1.0,KENNEDY,3,ENTRE 0 Y 5 ANOS,4.64,-74.14,USADO,1300000.0,0,0,0,0,1,0,0,0,0,1,False,KENNEDY,BAVARIA TECHO II SECTOR,AV. Américas - AV. Boyacá,799.74,0,PARQUE ZONAL CASTILLA,415.57,1,0.38,24528.3,0.5,1.0,0.0,0.33,0.04,1363.85,0.0
3325-M4661020,APARTAMENTO,ARRIENDO,20.32,42.0,2.0,1.0,110000.0,0.0,CIUDAD BOLIVAR,3,ENTRE 0 Y 5 ANOS,4.6,-74.16,USADO,1000000.0,0,0,0,0,1,0,0,0,0,1,False,BOSA,VILLA DEL RIO II SECTOR,CC Paseo Villa del Río - Madelena,272.54,1,PARQUE VECINAL URBANIZACIÓN BALMORAL CESIÓN GUADALUPE,763.24,0,0.48,23809.52,0.0,2.0,0.0,9.09,0.05,505.56,0.0
410-M4658826,APARTAMENTO,ARRIENDO,20.32,37.0,1.0,1.0,67300.0,0.0,FONTIBON TINTAL,3,ENTRE 5 Y 10 ANOS,4.67,-74.14,USADO,1132700.0,0,0,0,0,1,0,0,0,0,1,False,FONTIBON,VILLEMAR,Portal El Dorado,2127.64,0,PARQUE VECINAL VILLA HELENA VILLEMAR,173.23,1,0.55,30613.51,0.0,1.0,0.0,16.83,0.03,1211.67,0.0
164-M4703945,APARTAMENTO,ARRIENDO,20.32,63.0,2.0,2.0,3921395.93,2.0,COUNTRY,5,ENTRE 0 Y 5 ANOS,4.72,-74.04,USADO,2500000.0,0,0,0,0,1,0,0,0,0,1,False,USAQUEN,EL CONTADOR,Alcalá,1075.36,0,PARQUE VECINAL NUEVA URBANIZACIÓN EL CEDRITO,976.21,0,0.32,39682.54,1.0,1.0,0.0,0.64,0.03,478.95,1.0
164-M4702676,APARTAMENTO,ARRIENDO,20.32,42.0,2.0,1.0,3921395.93,0.0,BOSA SOACHA,2,MAS DE 20 ANOS,4.63,-74.2,USADO,780000.0,0,0,0,0,0,0,0,0,0,1,False,BOSA,CONDOMINIOS DEL RECREO,Portal Américas,3316.14,0,PARQUE VECINAL URBANIZACIÓN PORTAL DEL SOL,307.68,1,0.48,18571.43,0.0,2.0,0.0,0.2,0.05,3513.25,0.0
342-M4660869,APARTAMENTO,ARRIENDO,20.32,40.24,2.0,1.0,120000.0,0.0,ALTOS DE SUBA Y CERROS DE SAN JORGE,3,ENTRE 5 Y 10 ANOS,4.72,-74.09,USADO,980000.0,0,0,0,0,0,0,0,0,0,1,False,SUBA,RINCON EL CONDOR,Suba - AV. Boyacá,1583.34,0,PARQUE METROPOLITANO CEFE COMETAS,1273.72,0,0.51,24353.88,0.0,2.0,0.0,8.17,0.05,2218.3,0.0
639-M4743539,APARTAMENTO,ARRIENDO,20.32,45.0,2.0,1.0,3921395.93,0.0,,3,ENTRE 0 Y 5 ANOS,4.56,-74.12,USADO,800000.0,0,0,0,0,1,0,0,0,0,1,False,RAFAEL URIBE URIBE,SAN FELIX,Molinos,576.39,0,PARQUE VECINAL URBANIZACIÓN MARRUECOS II SECTOR,1027.4,0,0.45,17777.78,0.0,2.0,0.0,0.2,0.04,2255.38,0.0
164-M4735294,APARTAMENTO,ARRIENDO,20.32,53.4,3.0,2.0,3921395.93,1.0,ALTOS DE SUBA Y CERROS DE SAN JORGE,3,ENTRE 0 Y 5 ANOS,4.75,-74.08,USADO,1200000.0,0,1,0,0,0,0,0,0,0,1,False,SUBA,URB. ARAGON,La Campiña,1813.43,0,PARQUE ZONAL CAMPO VERDE,24.95,1,0.38,22471.91,0.33,1.5,0.0,0.31,0.06,1831.74,0.0
2361-M4738368,APARTAMENTO,ARRIENDO,20.32,45.0,3.0,1.0,3921395.93,1.0,ENGATIVA,3,ENTRE 0 Y 5 ANOS,4.71,-74.12,USADO,1450000.0,0,0,0,0,0,0,0,0,0,1,False,ENGATIVA,GARCES NAVAS ORIENTAL - URB. EL PIREO,Portal 80,1065.06,0,PARQUE ZONAL EL CARMELO,528.95,0,0.45,32222.22,0.33,3.0,0.0,0.37,0.07,914.31,0.0
164-M3627407,APARTAMENTO,ARRIENDO,20.32,40.0,2.0,1.0,3921395.93,0.0,KENNEDY,3,REMODELADO,4.65,-74.14,USADO,1200000.0,0,0,0,0,1,0,0,0,0,1,False,KENNEDY,BARRIO EL TINTAL,Mandalay,2389.14,0,PARQUE VECINAL VILLA ALSACIA,926.68,0,0.51,30000.0,0.0,2.0,0.0,0.31,0.05,1444.12,0.0
164-M4504271,APARTAMENTO,ARRIENDO,20.32,48.15,3.0,2.0,3921395.93,1.0,ORQUIDEAS,3,ENTRE 10 Y 20 ANOS,4.76,-74.04,USADO,1200000.0,0,0,0,0,0,0,0,0,0,1,False,USAQUEN,TARDES DE SAN JOSE,Calle 187,791.08,0,PARQUE VECINAL URBANIZACIÓN CALLE 170 / ALAMEDA,538.78,0,0.42,24922.12,0.33,1.5,0.0,0.31,0.06,866.17,0.0
164-M3199239,APARTAMENTO,ARRIENDO,20.32,49.49,3.0,1.0,3921395.93,0.0,,3,ENTRE 5 Y 10 ANOS,4.76,-74.12,USADO,950000.0,0,0,0,0,1,0,0,0,0,0,False,SUBA,CAMINOS DE ESPERANZA,Portal Suba,2716.27,0,PARQUE ZONAL CEFE FONTANAR DEL RIO,623.42,0,0.41,19195.8,0.0,3.0,0.0,0.24,0.06,2503.09,0.0
34-M4496980,APARTAMENTO,ARRIENDO,20.32,162.0,3.0,2.0,3921395.93,2.0,CHICO,6,MAS DE 20 ANOS,4.67,-74.04,USADO,4500000.0,0,1,0,0,1,0,0,0,0,1,False,CHAPINERO,EL REFUGIO,Héroes - Gel´Hada,1819.31,0,PARQUE VECINAL URBANIZACIÓN LA CABRERA,805.87,0,0.13,27777.78,0.67,1.5,0.0,1.15,0.02,786.15,0.0
734-M4731751,APARTAMENTO,ARRIENDO,20.32,127.0,4.0,3.0,650000.0,1.0,NIZA ALHAMBRA,5,MAS DE 20 ANOS,4.7,-74.07,USADO,3300000.0,0,0,0,0,0,0,0,0,0,1,False,SUBA,NIZA SUR,Humedal Córdoba,297.71,1,PARQUE ZONAL CANAL CORDOBA,748.54,0,0.16,25984.25,0.25,1.33,0.0,5.08,0.03,789.1,0.0
164-M4215739,APARTAMENTO,ARRIENDO,20.32,54.0,2.0,1.0,3921395.93,0.0,ALTOS DE SUBA Y CERROS DE SAN JORGE,3,ENTRE 10 Y 20 ANOS,4.75,-74.11,USADO,950000.0,0,0,0,0,0,0,0,0,0,1,False,SUBA,SABANA DE TIBABUYES,Portal Suba,1870.87,0,PARQUE ZONAL TIBABUYES,346.26,1,0.38,17592.59,0.0,2.0,0.0,0.24,0.04,1747.99,0.0
164-M4491035,APARTAMENTO,ARRIENDO,20.32,58.0,3.0,2.0,3921395.93,1.0,TIMIZA LA ALQUERIA,3,ENTRE 10 Y 20 ANOS,4.62,-74.15,USADO,1100000.0,0,0,0,0,0,0,0,0,0,1,False,KENNEDY,CARVAJAL,Banderas,1471.24,0,PARQUE VECINAL LAS AMÉRICAS OCCIDENTAL IV ETAPA,616.77,0,0.35,18965.52,0.33,1.5,0.0,0.28,0.05,927.61,0.0
164-M4572135,APARTAMENTO,ARRIENDO,20.32,33.0,1.0,1.0,144200.0,0.0,CENTRO Y ZONA COLONIAL,3,REMODELADO,4.6,-74.09,USADO,1250000.0,0,0,0,0,1,0,0,0,0,1,False,LOS MARTIRES,LA ESTANZUELA_,Tygua - San José,100.46,1,PARQUE ZONAL EDUARDO SANTOS,357.45,1,0.62,37878.79,0.0,1.0,0.0,8.67,0.03,1210.02,0.0
164-M4726080,APARTAMENTO,ARRIENDO,20.32,33.0,1.0,1.0,3921395.93,0.0,CENTRO Y ZONA COLONIAL,3,ENTRE 0 Y 5 ANOS,4.59,-74.07,USADO,1350000.0,0,0,0,0,1,0,0,0,0,1,False,CANDELARIA,SANTA BARBARA_,Bicentenario,862.4,0,PARQUE VECINAL DESARROLLO LOURDES,401.12,1,0.62,40909.09,0.0,1.0,0.0,0.34,0.03,569.7,0.0
164-M4722966,APARTAMENTO,ARRIENDO,20.32,65.0,3.0,1.0,3921395.93,0.0,ORQUIDEAS,3,ENTRE 10 Y 20 ANOS,4.76,-74.04,USADO,1400000.0,0,0,0,0,0,0,0,0,0,1,False,USAQUEN,TARDES DE SAN JOSE,Calle 187,782.19,0,PARQUE VECINAL URBANIZACIÓN CALLE 170 / ALAMEDA,470.88,1,0.31,21538.46,0.0,3.0,0.0,0.36,0.05,845.07,0.0
164-M4572517,APARTAMENTO,ARRIENDO,20.32,24.0,1.0,1.0,3921395.93,0.0,CIUDAD BOLIVAR,3,ENTRE 0 Y 5 ANOS,4.6,-74.16,USADO,850000.0,0,1,0,0,1,0,0,0,0,1,False,BOSA,VILLA DEL RIO II SECTOR,CC Paseo Villa del Río - Madelena,272.54,1,PARQUE VECINAL URBANIZACIÓN BALMORAL CESIÓN GUADALUPE,763.24,0,0.85,35416.67,0.0,1.0,0.0,0.22,0.04,505.56,0.0
12503-M4430310,APARTAMENTO,ARRIENDO,20.32,85.0,1.0,1.0,1200000.0,1.0,CHAPINERO ALTO,6,ENTRE 0 Y 5 ANOS,4.65,-74.06,USADO,8000000.0,1,0,0,0,1,0,0,0,0,1,False,CHAPINERO,S.C. GRANADA,Calle 63,964.85,0,PARQUE ZONAL GUSTAVO URIBE BOTERO,519.24,0,0.24,94117.65,1.0,1.0,0.0,6.67,0.01,450.24,1.0
164-M4669675,APARTAMENTO,ARRIENDO,20.32,30.0,1.0,1.0,3921395.93,0.0,CEDRITOS,4,REMODELADO,4.74,-74.02,USADO,1300000.0,0,0,0,0,1,0,0,0,0,1,False,USAQUEN,LA PERLA ORIENTAL,Calle 161,2875.68,0,PARQUE ZONAL SERVITA,572.62,0,0.68,43333.33,0.0,1.0,0.0,0.33,0.03,1377.8,0.0
164-M4503035,APARTAMENTO,ARRIENDO,20.32,55.0,1.0,1.0,3921395.93,1.0,CHAPINERO ALTO,3,ENTRE 0 Y 5 ANOS,4.65,-74.06,USADO,1900000.0,0,0,0,0,1,0,0,0,0,1,True,CHAPINERO,S.C. CHAPINERO NORTE,Calle 63,552.71,0,PARQUE ZONAL GUSTAVO URIBE BOTERO,874.96,0,0.37,34545.45,1.0,1.0,0.0,0.48,0.02,488.36,1.0
164-M4733343,APARTAMENTO,ARRIENDO,20.32,60.0,3.0,2.0,3921395.93,1.0,ENGATIVA,3,ENTRE 10 Y 20 ANOS,4.72,-74.13,USADO,1500000.0,0,0,0,0,0,0,0,0,0,1,False,ENGATIVA,VILLAS DE ALCALA - LOS CEREZOS,Portal 80,2132.95,0,PARQUE ZONAL VILLAS DE GRANADA,724.97,0,0.34,25000.0,0.33,1.5,0.0,0.38,0.05,1926.41,0.0
16474-M4645002,APARTAMENTO,ARRIENDO,20.32,167.0,4.0,4.0,3921395.93,2.0,CHICO,6,MAS DE 20 ANOS,4.67,-74.06,USADO,5500000.0,0,0,0,0,0,0,0,0,0,1,False,CHAPINERO,S.C. LAGO GAITAN,Calle 76 - San Felipe,286.96,1,PARQUE ZONAL LA ESTACIÓN,797.06,0,0.12,32934.13,0.5,1.0,0.0,1.4,0.02,460.79,2.0
164-M4732945,APARTAMENTO,ARRIENDO,20.32,92.0,3.0,3.0,3921395.93,1.0,COLINA Y ALREDEDORES,5,ENTRE 0 Y 5 ANOS,4.74,-74.06,USADO,4500000.0,0,0,0,0,0,0,0,0,0,1,False,SUBA,URB. LA SIRENA,Gratamira,1563.68,0,PARQUE VECINAL DESARROLLO CANTALEJO URBANIZACIÓN CANTALEJO MANZANA B,1016.39,0,0.22,48913.04,0.33,1.0,0.0,1.15,0.03,482.23,1.0
34-M3669282,APARTAMENTO,ARRIENDO,20.32,84.0,1.0,2.0,820000.0,1.0,CHICO,6,ENTRE 10 Y 20 ANOS,4.66,-74.05,USADO,4180000.0,0,1,0,0,1,0,0,0,0,1,False,CHAPINERO,LOS ROSALES,Calle 76 - San Felipe,1266.57,0,PARQUE ZONAL SAN ANDRÉS,597.18,0,0.24,49761.9,1.0,0.5,0.0,5.1,0.01,664.98,0.0
488-M4661233,APARTAMENTO,ARRIENDO,20.32,74.0,3.0,3.0,3921395.93,2.0,NIZA ALHAMBRA,5,ENTRE 0 Y 5 ANOS,4.69,-74.06,USADO,3999999.0,0,0,0,0,1,0,0,0,0,1,False,SUBA,S.C. PASADENA,Suba - Calle 100,397.56,1,PARQUE ZONAL CANAL RIO NEGRO,1198.31,0,0.27,54054.04,0.67,1.0,0.0,1.02,0.04,258.12,1.0
164-M4544763,APARTAMENTO,ARRIENDO,20.32,65.0,3.0,2.0,3921395.93,1.0,ENGATIVA,3,ENTRE 10 Y 20 ANOS,4.72,-74.13,USADO,1500000.0,0,0,0,0,0,0,0,0,0,1,False,ENGATIVA,VILLAS DE ALCALA - LOS CEREZOS,Portal 80,2190.27,0,PARQUE ZONAL VILLAS DE GRANADA,796.33,0,0.31,23076.92,0.33,1.5,0.0,0.38,0.05,1985.01,0.0
164-M4290999,APARTAMENTO,ARRIENDO,20.32,52.0,2.0,2.0,3921395.93,1.0,FONTIBON TINTAL,4,ENTRE 0 Y 5 ANOS,4.67,-74.14,USADO,1700000.0,0,0,0,0,1,0,0,0,0,1,False,FONTIBON,VILLEMAR,Portal El Dorado,2338.84,0,PARQUE VECINAL VILLA HELENA VILLEMAR,56.18,1,0.39,32692.31,0.5,1.0,0.0,0.43,0.04,1346.39,0.0
639-M4701243,APARTAMENTO,ARRIENDO,20.32,52.0,2.0,2.0,3921395.93,1.0,CORTIJO AUTOPISTA MEDELLIN,4,ENTRE 10 Y 20 ANOS,4.7,-74.08,USADO,1520000.0,0,0,0,0,0,0,0,0,0,1,False,SUBA,S.C. CLUB DE LOS LAGARTOS,AV. Boyacá,1047.22,0,PARQUE METROPOLITANO CEFE COMETAS,1076.94,0,0.39,29230.77,0.5,1.0,0.0,0.39,0.04,930.93,0.0
478-M4498407,APARTAMENTO,ARRIENDO,20.32,90.0,3.0,2.0,3921395.93,1.0,NIZA ALHAMBRA,4,MAS DE 20 ANOS,4.69,-74.07,USADO,2700000.0,0,1,0,0,1,0,0,0,0,1,False,SUBA,S.C. ANDES NORTE,Suba - Calle 100,103.29,1,PARQUE ZONAL CANAL RIO NEGRO,852.7,0,0.23,30000.0,0.33,1.5,0.0,0.69,0.03,295.81,1.0
164-M4291011,APARTAMENTO,ARRIENDO,20.32,46.0,2.0,2.0,3921395.93,0.0,KENNEDY,3,REMODELADO,4.65,-74.14,USADO,1200000.0,0,0,0,0,1,0,0,0,0,1,False,KENNEDY,BARRIO EL TINTAL,Mandalay,2389.14,0,PARQUE VECINAL VILLA ALSACIA,926.68,0,0.44,26086.96,0.0,1.0,0.0,0.31,0.04,1444.12,0.0
164-M4590318,APARTAMENTO,ARRIENDO,20.32,27.0,2.0,1.0,3921395.93,0.0,RAFAEL URIBE URIBE TUNJUELITO,3,ENTRE 0 Y 5 ANOS,4.58,-74.13,USADO,1000000.0,0,1,0,0,0,0,0,0,0,1,False,TUNJUELITO,EL CARMEN_,Biblioteca,1144.77,0,PARQUE METROPOLITANO TIMIZA (SECTOR VILLA DEL RIO),974.96,0,0.75,37037.04,0.0,2.0,0.0,0.26,0.07,452.93,1.0
164-M4594595,APARTAMENTO,ARRIENDO,20.32,80.0,3.0,2.0,3921395.93,1.0,ENGATIVA,4,ENTRE 0 Y 5 ANOS,4.72,-74.14,USADO,2000000.0,0,0,0,0,1,0,0,0,0,1,False,ENGATIVA,S.C. EL GACO,Portal 80,3236.5,0,PARQUE METROPOLITANO PLANTA DE TRATAMIENTO SALITRE,1291.3,0,0.25,25000.0,0.33,1.5,0.0,0.51,0.04,2718.51,0.0
164-M4593352,APARTAMENTO,ARRIENDO,20.32,40.0,2.0,1.0,3921395.93,0.0,ALTOS DE SUBA Y CERROS DE SAN JORGE,3,REMODELADO,4.72,-74.09,USADO,800000.0,0,0,0,0,1,0,0,0,0,1,False,SUBA,PALMA ALDEA,21 Ángeles,1423.01,0,PARQUE VECINAL AGRUPACIÓN DE VIVIENDA EN BALCON DE LINDARAJA,1458.96,0,0.51,20000.0,0.0,2.0,0.0,0.2,0.05,2323.76,0.0
164-M4709088,APARTAMENTO,ARRIENDO,20.32,95.0,3.0,2.0,3921395.93,1.0,CENTRO NARINO,4,ENTRE 0 Y 5 ANOS,4.63,-74.09,USADO,2000000.0,0,0,0,0,1,0,0,0,0,1,False,TEUSAQUILLO,ORTEZAL_,Recinto Ferial,590.02,0,PARQUE VECINAL SANTA CLARA,520.94,0,0.21,21052.63,0.33,1.5,0.0,0.51,0.03,1050.22,0.0
646-M4519444,APARTAMENTO,ARRIENDO,20.32,59.0,2.0,2.0,471000.0,1.0,CEDRITOS,4,ENTRE 10 Y 20 ANOS,4.72,-74.04,USADO,1729000.0,0,1,0,0,1,0,0,0,0,1,False,USAQUEN,ACACIAS USAQUEN,Calle 142,1530.31,0,PARQUE VECINAL NUEVA URBANIZACIÓN EL CEDRITO,389.66,1,0.34,29305.08,0.5,1.0,0.0,3.67,0.03,490.28,1.0
164-M4742241,APARTAMENTO,ARRIENDO,20.32,32.0,1.0,1.0,3921395.93,0.0,CENTRO INTERNACIONAL,4,ENTRE 0 Y 5 ANOS,4.62,-74.07,USADO,2000000.0,0,0,0,0,1,0,0,0,0,1,False,SANTA FE,SAN_MARTIN,Museo Nacional,387.12,1,PARQUE METROPOLITANO INDEPENDENCIA BICENTENARIO,639.11,0,0.64,62500.0,0.0,1.0,0.0,0.51,0.03,300.72,4.0
639-M4731158,APARTAMENTO,ARRIENDO,20.32,62.0,3.0,2.0,3921395.93,0.0,NORMANDIA,3,MAS DE 20 ANOS,4.68,-74.11,USADO,1450000.0,0,0,0,0,0,0,0,0,0,1,False,ENGATIVA,SANTA CECILIA_,Modelia,594.82,0,PARQUE VECINAL MODELIA SECTOR A,1191.15,0,0.33,23387.1,0.0,1.5,0.0,0.37,0.05,977.82,0.0
164-M4629595,APARTAMENTO,ARRIENDO,20.32,32.0,1.0,1.0,3921395.93,0.0,CEDRITOS,6,ENTRE 0 Y 5 ANOS,4.72,-74.04,USADO,1400000.0,0,0,0,0,1,0,0,0,0,1,True,USAQUEN,CEDRITOS,Alcalá,1498.21,0,PARQUE VECINAL NUEVA URBANIZACIÓN EL CEDRITO,720.37,0,0.64,43750.0,0.0,1.0,0.0,0.36,0.03,112.71,1.0
164-M4449975,APARTAMENTO,ARRIENDO,20.32,72.0,3.0,2.0,3921395.93,1.0,CORTIJO AUTOPISTA MEDELLIN,3,MAS DE 20 ANOS,4.73,-74.12,USADO,1600000.0,0,0,0,0,0,0,0,0,0,1,False,ENGATIVA,CIUDADELA COLSUBSIDIO 4 SECTOR,Portal 80,2343.87,0,PARQUE VECINAL URBANIZACIÓN NUEVA TIBABUYES 1,1111.17,0,0.28,22222.22,0.33,1.5,0.0,0.41,0.04,2196.59,0.0
34-M3573146,APARTAMENTO,ARRIENDO,20.32,220.3,4.0,4.0,1050000.0,2.0,CHICO,6,MAS DE 20 ANOS,4.67,-74.05,USADO,9000000.0,0,1,0,0,1,0,0,0,0,1,False,CHAPINERO,S.C. EL CHICO,Virrey,933.09,0,PARQUE ZONAL CANAL EL VIRREY EL CHICO,375.71,1,0.09,40853.38,0.5,1.0,0.0,8.57,0.02,240.74,4.0
14493-M4308516,APARTAMENTO,ARRIENDO,20.32,207.0,3.0,3.0,2400000.0,3.0,CHICO,6,MAS DE 20 ANOS,4.67,-74.05,USADO,11500000.0,0,1,0,0,0,0,0,0,0,1,False,CHAPINERO,EL REFUGIO,Héroes - Gel´Hada,1603.88,0,PARQUE VECINAL URBANIZACIÓN LA CABRERA,661.64,0,0.1,55555.56,1.0,1.0,0.0,4.79,0.01,664.81,0.0
164-M4688096,APARTAMENTO,ARRIENDO,20.32,30.0,1.0,1.0,3921395.93,0.0,CHAPINERO ALTO,4,ENTRE 0 Y 5 ANOS,4.63,-74.07,USADO,1300000.0,0,0,0,0,1,0,0,0,0,1,False,CHAPINERO,S.C. SUCRE,Calle 45 - American School Way,240.45,1,PARQUE METROPOLITANO PARQUE NACIONAL (PM2A) ENRIQUE OLAYA HERRERA (SECTOR HISTORICO),584.81,0,0.68,43333.33,0.0,1.0,0.0,0.33,0.03,271.75,2.0
164-M4502552,APARTAMENTO,ARRIENDO,20.32,60.0,3.0,2.0,3921395.93,0.0,FONTIBON TINTAL,3,ENTRE 0 Y 5 ANOS,4.69,-74.15,USADO,1150000.0,0,0,0,0,1,0,0,0,0,1,False,FONTIBON,ALMAGRARIO,Portal El Dorado,3670.56,0,PARQUE ZONAL LA CONCORDIA,622.31,0,0.34,19166.67,0.0,1.5,0.0,0.29,0.05,1561.4,0.0
34-M3864035,APARTAMENTO,ARRIENDO,20.32,150.0,3.0,3.0,1350000.0,2.0,CHICO,6,REMODELADO,4.67,-74.05,USADO,6500000.0,0,1,0,0,1,0,0,0,0,1,False,CHAPINERO,S.C. EL CHICO,Virrey,1085.88,0,PARQUE VECINAL URBANIZACIÓN LA CABRERA,436.62,1,0.14,43333.33,0.67,1.0,0.0,4.81,0.02,336.58,3.0
14-M4743505,APARTAMENTO,ARRIENDO,20.32,74.0,3.0,2.0,404000.0,2.0,CEDRITOS,4,MAS DE 20 ANOS,4.73,-74.04,USADO,2000000.0,0,0,0,0,0,1,0,0,0,1,False,USAQUEN,CAOBOS SALAZAR,Calle 146,1552.13,0,PARQUE VECINAL NUEVA URBANIZACIÓN EL CEDRITO,507.31,0,0.27,27027.03,0.67,1.5,0.0,4.95,0.04,548.59,0.0
5031-M4620348,APARTAMENTO,ARRIENDO,20.32,118.0,2.0,3.0,3921395.93,2.0,CHICO,6,MAS DE 20 ANOS,4.65,-74.05,USADO,7000000.0,0,0,0,0,0,0,0,0,0,1,False,CHAPINERO,S.C. BELLAVISTA,Flores – Areandina,1349.05,0,PARQUE ZONAL GUSTAVO URIBE BOTERO,297.21,1,0.17,59322.03,1.0,0.67,0.0,1.79,0.02,552.71,0.0
34-M4565775,APARTAMENTO,ARRIENDO,20.32,165.0,3.0,4.0,869200.0,2.0,COLINA Y ALREDEDORES,5,ENTRE 10 Y 20 ANOS,4.73,-74.07,USADO,5850000.0,0,1,0,0,1,0,0,0,0,1,False,SUBA,GRATAMIRA,Gratamira,19.24,1,PARQUE ZONAL EL TOMILLAR,1448.97,0,0.12,35454.55,0.67,0.75,0.0,6.73,0.02,1068.46,0.0
9947-M4189651,APARTAMENTO,ARRIENDO,20.32,380.0,4.0,5.0,3921395.93,4.0,CHICO,6,ENTRE 5 Y 10 ANOS,4.68,-74.04,USADO,17000000.0,1,1,0,0,1,0,0,0,0,0,False,CHAPINERO,CHICO RESERVADO,Virrey,1942.13,0,PARQUE VECINAL URBANIZACIÓN LA CABRERA,1246.72,0,0.05,44736.84,1.0,0.8,0.0,4.34,0.01,448.45,1.0
164-M4504267,APARTAMENTO,ARRIENDO,20.32,33.0,2.0,1.0,3921395.93,0.0,CENTRO Y ZONA COLONIAL,3,ENTRE 0 Y 5 ANOS,4.6,-74.09,USADO,1200000.0,0,0,0,0,1,0,0,0,0,1,False,LOS MARTIRES,LA ESTANZUELA_,Tygua - San José,100.46,1,PARQUE ZONAL EDUARDO SANTOS,357.45,1,0.62,36363.64,0.0,2.0,0.0,0.31,0.06,1210.02,0.0
212-M4677396,APARTAMENTO,ARRIENDO,20.32,50.0,1.0,1.0,130000.0,1.0,CHAPINERO ALTO,4,MAS DE 20 ANOS,4.65,-74.06,USADO,1700000.0,0,0,0,0,0,0,0,0,0,1,False,CHAPINERO,S.C. QUINTA CAMACHO,Flores – Areandina,465.33,1,PARQUE ZONAL GUSTAVO URIBE BOTERO,881.06,0,0.41,34000.0,1.0,1.0,0.0,13.08,0.02,283.95,2.0
164-M3730022,APARTAMENTO,ARRIENDO,20.32,50.0,3.0,2.0,3921395.93,1.0,FONTIBON TINTAL,2,REMODELADO,4.67,-74.16,USADO,1200000.0,0,0,0,0,0,0,0,0,0,1,False,FONTIBON,SABANA GRANDE,Biblioteca Tintal,3641.02,0,PARQUE METROPOLITANO ZONA FRANCA,564.19,0,0.41,24000.0,0.33,1.5,0.0,0.31,0.06,2945.12,0.0
164-M4491364,APARTAMENTO,ARRIENDO,20.32,34.0,1.0,1.0,3921395.93,0.0,FONTIBON TINTAL,3,ENTRE 0 Y 5 ANOS,4.68,-74.15,USADO,1000000.0,0,0,0,0,0,0,0,0,0,1,False,FONTIBON,S.C VILLA CARMENZA,Portal El Dorado,3186.85,0,PARQUE ZONAL LA CONCORDIA,366.46,1,0.6,29411.76,0.0,1.0,0.0,0.26,0.03,2071.37,0.0
164-M4635340,APARTAMENTO,ARRIENDO,20.32,62.0,3.0,2.0,3921395.93,1.0,ORQUIDEAS,3,MAS DE 20 ANOS,4.74,-74.03,USADO,1600000.0,0,0,0,0,1,0,0,0,0,1,False,USAQUEN,BALCONES DE ORIENTE,Calle 161,1514.9,0,PARQUE ZONAL LA VIDA,343.55,1,0.33,25806.45,0.33,1.5,0.0,0.41,0.05,914.64,0.0
164-M4723953,APARTAMENTO,ARRIENDO,20.32,63.0,3.0,2.0,3921395.93,1.0,FONTIBON TINTAL,4,ENTRE 5 Y 10 ANOS,4.65,-74.13,USADO,2000000.0,0,0,0,0,1,0,0,0,0,1,False,FONTIBON,INTERINDUSTRIAL - EL VERGEL,AV. Américas - AV. Boyacá,2452.48,0,PARQUE VECINAL VILLA ALSACIA,1014.16,0,0.32,31746.03,0.33,1.5,0.0,0.51,0.05,444.79,2.0
164-M4694469,APARTAMENTO,ARRIENDO,20.32,35.0,1.0,1.0,3921395.93,0.0,,3,ENTRE 0 Y 5 ANOS,4.75,-74.03,USADO,1220000.0,0,0,0,0,1,0,0,0,0,1,False,USAQUEN,LA GRANJA NORTE,Portal Norte,2153.72,0,PARQUE ZONAL SERVITA,871.67,0,0.58,34857.14,0.0,1.0,0.0,0.31,0.03,1003.56,0.0
639-M4731708,APARTAMENTO,ARRIENDO,20.32,34.0,2.0,1.0,3921395.93,0.0,TIMIZA LA ALQUERIA,3,ENTRE 0 Y 5 ANOS,4.61,-74.16,USADO,1000000.0,0,0,0,0,1,0,0,0,0,1,False,KENNEDY,TIMIZA,CC Paseo Villa del Río - Madelena,1631.74,0,PARQUE VECINAL LAGO TIMIZA I ETAPA,356.59,1,0.6,29411.76,0.0,2.0,0.0,0.26,0.06,1483.75,0.0
164-M4120622,APARTAMENTO,ARRIENDO,20.32,33.0,1.0,1.0,3921395.93,1.0,CENTRO Y ZONA COLONIAL,3,ENTRE 0 Y 5 ANOS,4.59,-74.07,USADO,1300000.0,0,0,0,0,1,0,0,0,0,1,False,CANDELARIA,SANTA BARBARA_,Bicentenario,862.4,0,PARQUE VECINAL DESARROLLO LOURDES,401.12,1,0.62,39393.94,1.0,1.0,0.0,0.33,0.03,569.7,0.0
2363-M4495457,APARTAMENTO,ARRIENDO,20.32,120.0,2.0,3.0,3921395.93,2.0,COUNTRY,5,ENTRE 5 Y 10 ANOS,4.71,-74.05,USADO,3900000.0,0,1,0,0,0,0,0,0,0,1,False,USAQUEN,COUNTRY CLUB,Prado,628.33,0,PARQUE ZONAL ATABANZA,1223.76,0,0.17,32500.0,1.0,0.67,0.0,0.99,0.02,774.13,0.0
164-M4434735,APARTAMENTO,ARRIENDO,20.32,48.0,2.0,1.0,100000.0,0.0,KENNEDY,2,ENTRE 10 Y 20 ANOS,4.65,-74.17,USADO,580000.0,0,0,0,0,0,0,0,0,0,1,False,KENNEDY,PRADOS DEL TINTAL,Biblioteca Tintal,1967.34,0,PARQUE VECINAL PRIMAVERA,989.01,0,0.42,12083.33,0.0,2.0,0.0,5.8,0.04,4621.27,0.0
164-M4483635,APARTAMENTO,ARRIENDO,20.32,65.01,3.0,1.0,3921395.93,0.0,COLINA Y ALREDEDORES,4,ENTRE 10 Y 20 ANOS,4.74,-74.06,USADO,1350000.0,0,0,0,0,0,0,0,0,0,1,False,SUBA,S.C. GILMAR - LA SIRENA (PREDIO),Calle 161,1506.6,0,PARQUE VECINAL DESARROLLO CANTALEJO URBANIZACIÓN CANTALEJO MANZANA B,449.73,1,0.31,20766.04,0.0,3.0,0.0,0.34,0.05,1164.78,0.0
164-M4487026,APARTAMENTO,ARRIENDO,20.32,76.0,3.0,2.0,340000.0,1.0,NIZA ALHAMBRA,4,MAS DE 20 ANOS,4.7,-74.08,USADO,2160000.0,0,0,0,0,1,0,0,0,0,1,False,SUBA,POTOSI,AV. Boyacá,741.08,0,PARQUE ZONAL MORATO,965.18,0,0.27,28421.05,0.33,1.5,0.0,6.35,0.04,578.05,0.0
164-M3644834,APARTAMENTO,ARRIENDO,20.32,40.0,2.0,1.0,3921395.93,0.0,,3,ENTRE 0 Y 5 ANOS,4.65,-74.15,USADO,1150000.0,0,1,0,0,1,0,0,0,0,1,False,KENNEDY,BOSCONIA,Transversal 86,1879.05,0,PARQUE VECINAL VILLA ALSACIA,1192.32,0,0.51,28750.0,0.0,2.0,0.0,0.29,0.05,1942.7,0.0
164-M4660462,APARTAMENTO,ARRIENDO,20.32,50.0,2.0,1.0,3921395.93,0.0,ANTONIO NARINO,3,REMODELADO,4.58,-74.08,USADO,850000.0,0,0,0,0,1,0,0,0,0,1,False,SAN CRISTOBAL,EL ALTO DE LAS BRISAS,Policarpa,769.71,0,PARQUE VECINAL DESARROLLO LOURDES,1001.42,0,0.41,17000.0,0.0,2.0,0.0,0.22,0.04,1361.06,0.0
164-M3874465,APARTAMENTO,ARRIENDO,20.32,50.0,1.0,2.0,300000.0,1.0,CHICO,6,ENTRE 0 Y 5 ANOS,4.67,-74.05,USADO,3500000.0,0,0,0,0,1,0,0,0,0,1,True,CHAPINERO,S.C. CHICO NORTE,Virrey,1567.08,0,PARQUE VECINAL URBANIZACIÓN LA CABRERA,725.87,0,0.41,70000.0,1.0,0.5,0.0,11.67,0.02,476.4,1.0
164-M4280444,APARTAMENTO,ARRIENDO,20.32,60.0,3.0,2.0,3921395.93,0.0,KENNEDY,3,ENTRE 5 Y 10 ANOS,4.64,-74.15,USADO,1400000.0,0,0,0,0,0,0,0,0,0,1,False,KENNEDY,CIUDAD TECHO II,Transversal 86,578.67,0,PARQUE METROPOLITANO BIBLIOTECA EL TINTAL,620.52,0,0.34,23333.33,0.0,1.5,0.0,0.36,0.05,2871.61,0.0
478-M4611411,APARTAMENTO,ARRIENDO,20.32,90.0,2.0,2.0,583000.0,2.0,COLINA Y ALREDEDORES,5,REMODELADO,4.73,-74.07,USADO,2317000.0,0,0,0,0,1,0,0,0,0,1,False,SUBA,COLINA CAMPESTRE III SECTOR,Gratamira,917.62,0,PARQUE VECINAL PRADO PINZÓN,1436.86,0,0.23,25744.44,1.0,1.0,0.0,3.97,0.02,198.54,2.0
164-M4586669,APARTAMENTO,ARRIENDO,20.32,56.0,2.0,1.0,3921395.93,1.0,CHAPINERO ALTO,4,MAS DE 20 ANOS,4.64,-74.06,USADO,2500000.0,0,0,0,0,1,0,0,0,0,1,False,CHAPINERO,S.C. BOSQUE CALDERON,Marly,638.53,0,PARQUE ZONAL GUSTAVO URIBE BOTERO,1624.59,0,0.36,44642.86,0.5,2.0,0.0,0.64,0.04,892.36,0.0
164-M4586516,APARTAMENTO,ARRIENDO,20.32,48.0,3.0,1.0,3921395.93,0.0,PUENTE ARANDA,3,ENTRE 10 Y 20 ANOS,4.61,-74.11,USADO,950000.0,0,0,0,0,1,0,0,0,0,1,False,PUENTE ARANDA,TIBANA II SECTOR - PARQUES DE PRIMAVERA,Carrera 43 - Comapan,1326.2,0,PARQUE VECINAL GORGONZOLA,187.05,1,0.42,19791.67,0.0,3.0,0.0,0.24,0.06,2235.51,0.0
34-M4144987,APARTAMENTO,ARRIENDO,20.32,132.55,3.0,3.0,1060000.0,2.0,SANTA BARBARA,4,ENTRE 5 Y 10 ANOS,4.69,-74.04,USADO,10500000.0,0,0,0,0,1,0,0,0,0,1,False,USAQUEN,RINCON DEL CHICO,Calle 106,1576.46,0,PARQUE ZONAL CANAL EL VIRREY EL CHICO,1946.4,0,0.15,79215.39,0.67,1.0,0.0,9.91,0.02,638.93,0.0
164-M4174948,APARTAMENTO,ARRIENDO,20.32,50.0,3.0,1.0,3921395.93,0.0,KENNEDY,2,ENTRE 10 Y 20 ANOS,4.64,-74.18,USADO,800000.0,0,0,0,0,0,0,0,0,0,1,False,BOSA,S.C OSORIO DIEZ,Portal Américas,1462.45,0,PARQUE METROPOLITANO EL PORVENIR (GIBRALTAR),353.71,1,0.41,16000.0,0.0,3.0,0.0,0.2,0.06,3768.59,0.0
164-M4622170,APARTAMENTO,ARRIENDO,20.32,56.0,3.0,2.0,3921395.93,1.0,CIUDAD BOLIVAR,3,ENTRE 5 Y 10 ANOS,4.58,-74.16,USADO,1050000.0,0,0,0,0,1,0,0,0,0,1,False,CIUDAD BOLIVAR,EL ENSUENO,CC Paseo Villa del Río - Madelena,1314.35,0,PARQUE ZONAL EL TALLER EL ENSUEÑO,402.0,1,0.36,18750.0,0.33,1.5,0.0,0.27,0.05,1607.31,0.0
3325-M4712770,APARTAMENTO,ARRIENDO,20.32,70.0,3.0,2.0,205000.0,1.0,FONTIBON TINTAL,4,ENTRE 10 Y 20 ANOS,4.67,-74.13,USADO,1350000.0,0,0,0,0,0,0,0,0,0,1,False,FONTIBON,URB. LOS HAYUELOS,Modelia,2016.52,0,PARQUE VECINAL VILLA HELENA VILLEMAR,984.35,0,0.29,19285.71,0.33,1.5,0.0,6.59,0.04,327.23,2.0
164-M4712743,APARTAMENTO,ARRIENDO,20.32,72.0,3.0,2.0,3921395.93,4.0,COLINA Y ALREDEDORES,4,ENTRE 10 Y 20 ANOS,4.73,-74.05,USADO,1900000.0,0,0,0,0,1,0,0,0,0,1,False,SUBA,LA VICTORIA NORTE,Mazurén,580.11,0,PARQUE VECINAL URBANIZACIÓN LA LAGUNA,27.45,1,0.28,26388.89,1.33,1.5,0.0,0.48,0.04,1357.47,0.0
164-M4705841,APARTAMENTO,ARRIENDO,20.32,40.0,2.0,1.0,3921395.93,0.0,KENNEDY,3,ENTRE 10 Y 20 ANOS,4.65,-74.14,USADO,1050000.0,0,0,0,0,1,0,0,0,0,1,False,KENNEDY,BARRIO EL TINTAL,Mandalay,2389.14,0,PARQUE VECINAL VILLA ALSACIA,926.68,0,0.51,26250.0,0.0,2.0,0.0,0.27,0.05,1444.12,0.0
164-M3972515,APARTAMENTO,ARRIENDO,20.32,187.0,4.0,4.0,3921395.93,2.0,CHICO,6,MAS DE 20 ANOS,4.67,-74.05,USADO,6500000.0,0,1,0,0,0,0,0,0,0,1,False,CHAPINERO,S.C. EL CHICO,Virrey,711.33,0,PARQUE ZONAL CANAL EL VIRREY EL CHICO,226.37,1,0.11,34759.36,0.5,1.0,0.0,1.66,0.02,240.29,2.0
164-M3777783,APARTAMENTO,ARRIENDO,20.32,40.0,2.0,1.0,3921395.93,0.0,170 Y ALREDORES,3,ENTRE 0 Y 5 ANOS,4.76,-74.05,USADO,1400000.0,0,0,0,0,1,0,0,0,0,1,False,SUBA,URB. PLAZA BAVIERA,Portal Norte,868.54,0,PARQUE VECINAL URBANIZACIÓN VILANOVA,794.59,0,0.51,35000.0,0.0,2.0,0.0,0.36,0.05,1020.02,0.0
734-M4705774,APARTAMENTO,ARRIENDO,20.32,50.0,1.0,1.0,3921395.93,1.0,SALITRE MODELIA,5,ENTRE 5 Y 10 ANOS,4.66,-74.12,USADO,2200000.0,0,0,0,0,1,0,0,0,0,1,False,FONTIBON,LA ESPERANZA NORTE,AV. Rojas,704.97,0,PARQUE VECINAL CARLOS LLERAS (EL FUEGO),417.44,1,0.41,44000.0,1.0,1.0,0.0,0.56,0.02,731.55,0.0
2882-M4660344,APARTAMENTO,ARRIENDO,20.32,122.0,3.0,4.0,910000.0,2.0,CHICO,6,MAS DE 20 ANOS,4.68,-74.06,USADO,3290000.0,0,1,0,0,1,0,0,0,0,1,False,CHAPINERO,S.C. CHICO NORTE III SECTOR,Calle 100 - Marketmedios,308.89,1,PARQUE VECINAL URBANIZACIÓN NORMANDIA I II II Y IV SECTOR,915.97,0,0.17,26967.21,0.67,0.75,0.0,3.62,0.02,444.91,1.0
164-M4656758,APARTAMENTO,ARRIENDO,20.32,45.0,3.0,1.0,3921395.93,0.0,RAFAEL URIBE URIBE TUNJUELITO,1,ENTRE 0 Y 5 ANOS,4.49,-74.11,USADO,600000.0,0,0,0,0,1,0,0,0,0,1,False,USME,VILLA ALEMANIA II SECTOR,Portal Usme,4758.29,0,PARQUE ZONAL VILLA ALEMANA,589.68,0,0.45,13333.33,0.0,3.0,0.0,0.15,0.07,9965.0,0.0
164-M4191226,APARTAMENTO,ARRIENDO,20.32,75.0,2.0,2.0,3921395.93,0.0,SANTA BARBARA,6,MAS DE 20 ANOS,4.69,-74.05,USADO,2800000.0,0,1,0,0,1,0,0,0,0,1,False,USAQUEN,SAN PATRICIO,Pepe Sierra,886.16,0,PARQUE METROPOLITANO EL COUNTRY,1550.68,0,0.27,37333.33,0.0,1.0,0.0,0.71,0.03,94.8,3.0
4-M4701689,APARTAMENTO,ARRIENDO,20.32,70.0,3.0,2.0,338000.0,1.0,SALITRE MODELIA,4,MAS DE 20 ANOS,4.67,-74.12,USADO,1800000.0,0,0,0,0,0,0,0,0,0,1,False,FONTIBON,BOSQUE DE MODELIA,Modelia,734.62,0,PARQUE VECINAL MODELIA SECTOR A,375.27,1,0.29,25714.29,0.33,1.5,0.0,5.33,0.04,804.69,0.0
10151-M4710028,APARTAMENTO,ARRIENDO,20.32,100.0,2.0,2.0,580000.0,1.0,CHAPINERO ALTO,6,REMODELADO,4.64,-74.06,USADO,3100000.0,0,1,0,0,1,0,0,0,0,1,False,CHAPINERO,S.C. BOSQUE CALDERON,Calle 57,496.55,1,PARQUE ZONAL GUSTAVO URIBE BOTERO,1457.97,0,0.2,31000.0,0.5,1.0,0.0,5.34,0.02,1089.61,0.0
164-M4617951,APARTAMENTO,ARRIENDO,20.32,38.0,2.0,1.0,3921395.93,0.0,FONTIBON TINTAL,2,ENTRE 0 Y 5 ANOS,4.67,-74.15,USADO,1050000.0,0,0,0,0,1,0,0,0,0,1,False,FONTIBON,LA LAGUNA FONTIBON,Portal El Dorado,3233.35,0,PARQUE ZONAL CARMEN DE LA LAGUNA,378.91,1,0.53,27631.58,0.0,2.0,0.0,0.27,0.05,2098.03,0.0
164-M4160251,APARTAMENTO,ARRIENDO,20.32,40.0,2.0,1.0,3921395.93,0.0,,3,REMODELADO,4.6,-74.16,USADO,950000.0,0,0,0,0,1,0,0,0,0,1,False,BOSA,VILLA DEL RIO II SECTOR,CC Paseo Villa del Río - Madelena,457.17,1,PARQUE VECINAL URBANIZACIÓN BALMORAL CESIÓN GUADALUPE,379.77,1,0.51,23750.0,0.0,2.0,0.0,0.24,0.05,865.71,0.0
164-M4652959,APARTAMENTO,ARRIENDO,20.32,72.0,3.0,2.0,3921395.93,4.0,COLINA Y ALREDEDORES,4,ENTRE 10 Y 20 ANOS,4.74,-74.05,USADO,1980000.0,0,0,0,0,1,0,0,0,0,1,False,SUBA,MAZUREN,Mazurén,665.68,0,PARQUE VECINAL URBANIZACIÓN VICTORIA NORTE,239.69,1,0.28,27500.0,1.33,1.5,0.0,0.5,0.04,1400.26,0.0
164-M4625691,APARTAMENTO,ARRIENDO,20.32,50.0,3.0,2.0,3921395.93,0.0,FONTIBON TINTAL,3,ENTRE 0 Y 5 ANOS,4.69,-74.15,USADO,1300000.0,0,0,0,0,1,0,0,0,0,1,False,FONTIBON,ALMAGRARIO,Portal El Dorado,3670.56,0,PARQUE ZONAL LA CONCORDIA,622.31,0,0.41,26000.0,0.0,1.5,0.0,0.33,0.06,1561.4,0.0
164-M4320766,APARTAMENTO,ARRIENDO,20.32,50.0,3.0,1.0,3921395.93,0.0,FONTIBON TINTAL,3,ENTRE 0 Y 5 ANOS,4.69,-74.16,USADO,1000000.0,0,0,0,0,1,0,0,0,0,1,False,FONTIBON,SAN PABLO JERICO,Portal El Dorado,4287.01,0,PARQUE ZONAL LA CONCORDIA,1284.7,0,0.41,20000.0,0.0,3.0,0.0,0.26,0.06,1743.02,0.0
164-M4661894,APARTAMENTO,ARRIENDO,20.32,50.0,3.0,1.0,3921395.93,0.0,ENGATIVA,3,ENTRE 5 Y 10 ANOS,4.72,-74.13,USADO,1100000.0,0,0,0,0,0,0,0,0,0,1,False,ENGATIVA,VILLAS DE ALCALA - LOS CEREZOS,Portal 80,2259.95,0,PARQUE ZONAL VILLAS DE GRANADA,788.05,0,0.41,22000.0,0.0,3.0,0.0,0.28,0.06,2048.76,0.0
14737-M4453021,APARTAMENTO,ARRIENDO,20.32,90.0,3.0,3.0,3921395.93,1.0,COLINA Y ALREDEDORES,4,ENTRE 0 Y 5 ANOS,4.73,-74.07,USADO,3000000.0,0,0,0,0,1,0,0,0,0,1,False,SUBA,GRATAMIRA,Gratamira,19.24,1,PARQUE ZONAL EL TOMILLAR,1448.97,0,0.23,33333.33,0.33,1.0,0.0,0.77,0.03,1068.46,0.0
164-M4523728,APARTAMENTO,ARRIENDO,20.32,77.0,3.0,2.0,3921395.93,1.0,ENGATIVA,4,REMODELADO,4.72,-74.13,USADO,1600000.0,0,0,0,0,1,0,0,0,0,1,False,ENGATIVA,S.C. ENGATIVA EL DORADO,Portal 80,2604.73,0,PARQUE METROPOLITANO PLANTA DE TRATAMIENTO SALITRE,934.49,0,0.26,20779.22,0.33,1.5,0.0,0.41,0.04,2391.41,0.0
410-M4713948,APARTAMENTO,ARRIENDO,20.32,21.0,1.0,1.0,141000.0,0.0,LA SOLEDAD,4,ENTRE 0 Y 5 ANOS,4.64,-74.07,USADO,1159000.0,0,0,0,0,1,0,0,0,0,1,False,TEUSAQUILLO,QUESADA,Marly,220.39,1,PARQUE METROPOLITANO PARQUE NACIONAL (PM2A) ENRIQUE OLAYA HERRERA (SECTOR HISTORICO),1263.54,0,0.97,55190.48,0.0,1.0,0.0,8.22,0.05,417.1,1.0
164-M4689829,APARTAMENTO,ARRIENDO,20.32,84.0,2.0,3.0,485000.0,1.0,COUNTRY,5,ENTRE 0 Y 5 ANOS,4.72,-74.05,USADO,4000000.0,0,0,0,0,0,0,0,0,0,1,False,USAQUEN,LA CALLEJA SANTACOLOMA,Prado,560.05,0,PARQUE VECINAL PRADO PINZÓN,1250.15,0,0.24,47619.05,0.5,0.67,0.0,8.25,0.02,438.47,1.0
164-M4660277,APARTAMENTO,ARRIENDO,20.32,45.0,2.0,1.0,3921395.93,0.0,,3,ENTRE 0 Y 5 ANOS,4.6,-74.15,USADO,950000.0,0,0,0,0,1,0,0,0,0,1,False,CIUDAD BOLIVAR,URB. VILLA DEL RIO ZONA COMERCIAL,CC Paseo Villa del Río - Madelena,490.6,1,PARQUE VECINAL LA ALEJANDRA,951.97,0,0.45,21111.11,0.0,2.0,0.0,0.24,0.04,56.34,1.0
164-M4539226,APARTAMENTO,ARRIENDO,20.32,90.0,3.0,3.0,3921395.93,1.0,COLINA Y ALREDEDORES,3,ENTRE 0 Y 5 ANOS,4.72,-74.05,USADO,3300000.0,0,0,0,0,0,0,0,0,0,1,False,SUBA,SAN JOSE DEL PRADO,Alcalá,192.67,1,PARQUE VECINAL PRADO PINZÓN,556.9,0,0.23,36666.67,0.33,1.0,0.0,0.84,0.03,707.57,0.0
164-M3748573,APARTAMENTO,ARRIENDO,20.32,68.0,3.0,2.0,3921395.93,1.0,KENNEDY,3,ENTRE 0 Y 5 ANOS,4.65,-74.15,USADO,1600000.0,0,0,0,0,1,0,0,0,0,1,False,KENNEDY,S.C. TINTALA,Biblioteca Tintal,1286.16,0,PARQUE METROPOLITANO BIBLIOTECA EL TINTAL,490.53,1,0.3,23529.41,0.33,1.5,0.0,0.41,0.04,2562.23,0.0
164-M4539971,APARTAMENTO,ARRIENDO,20.32,43.0,2.0,1.0,3921395.93,0.0,FONTIBON TINTAL,3,ENTRE 0 Y 5 ANOS,4.67,-74.15,USADO,1100000.0,0,0,0,0,1,0,0,0,0,1,False,FONTIBON,LA LAGUNA FONTIBON,Portal El Dorado,3233.35,0,PARQUE ZONAL CARMEN DE LA LAGUNA,378.91,1,0.47,25581.4,0.0,2.0,0.0,0.28,0.05,2098.03,0.0
5340-M4373325,APARTAMENTO,ARRIENDO,20.32,237.0,3.0,4.0,3921395.93,2.0,CHICO,6,MAS DE 20 ANOS,4.66,-74.05,USADO,7000000.0,0,1,0,0,1,0,0,0,0,1,False,CHAPINERO,LOS ROSALES,Calle 72,1431.87,0,PARQUE ZONAL GUSTAVO URIBE BOTERO,794.03,0,0.09,29535.86,0.67,0.75,0.0,1.79,0.01,687.37,0.0
12503-M4681202,APARTAMENTO,ARRIENDO,20.32,350.0,3.0,5.0,2000000.0,3.0,CHICO,6,ENTRE 10 Y 20 ANOS,4.67,-74.04,USADO,12000000.0,0,1,0,0,1,0,0,0,0,1,False,CHAPINERO,CHICO ALTO,Calle 85,1877.45,0,PARQUE VECINAL URBANIZACIÓN LA CABRERA,819.35,0,0.06,34285.71,1.0,0.6,0.0,6.0,0.01,770.32,0.0
164-M4525454,APARTAMENTO,ARRIENDO,20.32,85.0,2.0,2.0,3921395.93,1.0,CENTRO NARINO,4,ENTRE 5 Y 10 ANOS,4.64,-74.09,USADO,3150000.0,0,0,0,0,1,0,0,0,0,1,False,TEUSAQUILLO,QUINTA PAREDES,Quinta Paredes,220.86,1,PARQUE VECINAL SANTA CLARA,600.0,0,0.24,37058.82,0.5,1.0,0.0,0.8,0.02,737.41,0.0
164-M4669536,APARTAMENTO,ARRIENDO,20.32,60.0,3.0,2.0,113000.0,0.0,ALTOS DE SUBA Y CERROS DE SAN JORGE,3,ENTRE 10 Y 20 ANOS,4.74,-74.1,USADO,1187000.0,0,0,0,0,0,0,0,0,0,1,False,SUBA,LOS ALCAPARROS DE SUBA,La Campiña,1244.71,0,PARQUE VECINAL URBANIZACIÓN NUEVA TIBABUYES 1,693.92,0,0.34,19783.33,0.0,1.5,0.0,10.5,0.05,1431.44,0.0
34-M4663350,APARTAMENTO,ARRIENDO,20.32,72.0,2.0,2.0,544000.0,2.0,CHAPINERO ALTO,6,ENTRE 0 Y 5 ANOS,4.66,-74.05,USADO,3500000.0,0,0,0,0,1,0,0,0,0,1,False,CHAPINERO,LOS ROSALES,Calle 76 - San Felipe,1399.37,0,PARQUE ZONAL SAN ANDRÉS,549.29,0,0.28,48611.11,1.0,1.0,0.0,6.43,0.03,732.6,0.0
164-M4502554,APARTAMENTO,ARRIENDO,20.32,44.0,2.0,1.0,3921395.93,0.0,TIMIZA LA ALQUERIA,3,REMODELADO,4.6,-74.16,USADO,980000.0,0,0,0,0,1,0,0,0,0,1,False,BOSA,VILLA DEL RIO II SECTOR,CC Paseo Villa del Río - Madelena,249.67,1,PARQUE VECINAL URBANIZACIÓN BALMORAL CESIÓN GUADALUPE,667.38,0,0.46,22272.73,0.0,2.0,0.0,0.25,0.05,580.62,0.0
2195-M4732538,APARTAMENTO,ARRIENDO,20.32,30.0,1.0,2.0,3921395.93,0.0,CHAPINERO ALTO,5,REMODELADO,4.64,-74.06,USADO,2800000.0,0,0,0,0,1,0,0,0,0,1,False,CHAPINERO,S.C. PARDO RUBIO,Marly,588.11,0,PARQUE METROPOLITANO PARQUE NACIONAL (PM2A) ENRIQUE OLAYA HERRERA (SECTOR HISTORICO),1558.06,0,0.68,93333.33,0.0,0.5,0.0,0.71,0.03,786.98,0.0
164-M4476087,APARTAMENTO,ARRIENDO,20.32,40.0,1.0,1.0,3921395.93,0.0,CIUDAD BOLIVAR,3,ENTRE 0 Y 5 ANOS,4.59,-74.17,USADO,800000.0,0,0,0,0,0,0,0,0,0,1,False,CIUDAD BOLIVAR,S.C. GALICIA,Portal Sur - JFK Coop. Financiera,586.31,0,PARQUE ZONAL LA ESTANCIA,480.82,1,0.51,20000.0,0.0,1.0,0.0,0.2,0.02,1942.56,0.0
164-M4422406,APARTAMENTO,ARRIENDO,20.32,56.0,1.0,1.0,254000.0,1.0,CHAPINERO ALTO,4,MAS DE 20 ANOS,4.64,-74.06,USADO,1200000.0,0,0,0,0,0,0,0,0,0,1,False,CHAPINERO,S.C. MARLY,Marly,322.16,1,PARQUE METROPOLITANO PARQUE NACIONAL (PM2A) ENRIQUE OLAYA HERRERA (SECTOR HISTORICO),1413.48,0,0.36,21428.57,1.0,1.0,0.0,4.72,0.02,570.82,0.0
11307-M4640457,APARTAMENTO,ARRIENDO,20.32,41.56,1.0,1.0,415000.0,1.0,CHICO,6,ENTRE 5 Y 10 ANOS,4.68,-74.06,USADO,2685000.0,0,0,0,0,0,0,0,0,0,1,False,CHAPINERO,S.C. CHICO NORTE,Calle 100 - Marketmedios,530.9,0,PARQUE VECINAL URBANIZACIÓN NORMANDIA I II II Y IV SECTOR,494.37,1,0.49,64605.39,1.0,1.0,0.0,6.47,0.02,132.99,1.0
164-M4499771,APARTAMENTO,ARRIENDO,20.32,82.0,3.0,2.0,3921395.93,1.0,CEDRITOS,4,ENTRE 10 Y 20 ANOS,4.73,-74.04,USADO,1900000.0,0,0,0,0,1,0,0,0,0,1,False,USAQUEN,LA EMILIA,Mazurén,1555.87,0,PARQUE VECINAL NUEVA URBANIZACIÓN EL CEDRITO,844.18,0,0.25,23170.73,0.33,1.5,0.0,0.48,0.04,359.29,1.0
164-M4691570,APARTAMENTO,ARRIENDO,20.32,42.0,2.0,1.0,3921395.93,0.0,CASTILLA MARSELLA,3,ENTRE 10 Y 20 ANOS,4.65,-74.14,USADO,1100000.0,0,0,0,0,0,0,0,0,0,1,False,KENNEDY,CASTILLA REAL,Mandalay,1745.19,0,PARQUE VECINAL VILLA ALSACIA,414.43,1,0.48,26190.48,0.0,2.0,0.0,0.28,0.05,1208.57,0.0
164-M4487582,APARTAMENTO,ARRIENDO,20.32,44.0,1.0,1.0,3921395.93,1.0,COLINA Y ALREDEDORES,4,ENTRE 5 Y 10 ANOS,4.73,-74.07,USADO,1600000.0,0,0,0,0,1,0,0,0,0,1,False,SUBA,BOSQUE DE GRATAMIRA I Y II,Gratamira,407.15,1,PARQUE ZONAL EL TOMILLAR,1205.3,0,0.46,36363.64,1.0,1.0,0.0,0.41,0.02,674.65,0.0
989-M4699148,APARTAMENTO,ARRIENDO,20.32,186.0,3.0,5.0,1100000.0,3.0,COUNTRY,5,ENTRE 10 Y 20 ANOS,4.71,-74.03,USADO,4000000.0,0,1,0,0,0,0,0,0,0,1,False,USAQUEN,LISBOA_,Prado,2276.27,0,PARQUE VECINAL NUEVA URBANIZACIÓN EL CEDRITO,1033.76,0,0.11,21505.38,1.0,0.6,0.0,3.64,0.02,305.78,3.0
164-M4702673,APARTAMENTO,ARRIENDO,20.32,28.0,1.0,1.0,3921395.93,0.0,CENTRO Y ZONA COLONIAL,2,ENTRE 0 Y 5 ANOS,4.59,-74.07,USADO,1400000.0,0,0,0,0,1,0,0,0,0,1,False,CANDELARIA,SANTA BARBARA_,Bicentenario,862.4,0,PARQUE VECINAL DESARROLLO LOURDES,401.12,1,0.73,50000.0,0.0,1.0,0.0,0.36,0.04,569.7,0.0
164-M4586625,APARTAMENTO,ARRIENDO,20.32,40.0,1.0,2.0,3921395.93,1.0,CHAPINERO,4,MAS DE 20 ANOS,4.64,-74.08,USADO,1500000.0,0,0,0,0,1,0,0,0,0,1,False,TEUSAQUILLO,BELALCAZAR,Campín - UAN,314.84,1,PARQUE ESCENARIO DEPORTIVO EL CAMPINCITO - CEAD,374.19,1,0.51,37500.0,1.0,0.5,0.0,0.38,0.02,326.73,1.0
164-M4726156,APARTAMENTO,ARRIENDO,20.32,55.0,2.0,2.0,3921395.93,1.0,COLINA Y ALREDEDORES,3,ENTRE 10 Y 20 ANOS,4.74,-74.06,USADO,1800000.0,0,0,0,0,1,0,0,0,0,1,False,SUBA,CANTALEJO,Calle 161,1205.86,0,PARQUE VECINAL DESARROLLO CANTALEJO URBANIZACIÓN CANTALEJO MANZANA B,171.12,1,0.37,32727.27,0.5,1.0,0.0,0.46,0.04,1496.0,0.0
164-M4291008,APARTAMENTO,ARRIENDO,20.32,55.0,2.0,1.0,3921395.93,0.0,TIMIZA LA ALQUERIA,3,REMODELADO,4.6,-74.16,USADO,1200000.0,0,0,0,0,1,0,0,0,0,1,False,BOSA,VILLA DEL RIO II SECTOR,CC Paseo Villa del Río - Madelena,249.67,1,PARQUE VECINAL URBANIZACIÓN BALMORAL CESIÓN GUADALUPE,667.38,0,0.37,21818.18,0.0,2.0,0.0,0.31,0.04,580.62,0.0
989-M4460399,APARTAMENTO,ARRIENDO,20.32,106.0,4.0,3.0,819000.0,2.0,COUNTRY,5,MAS DE 20 ANOS,4.7,-74.03,USADO,2881000.0,0,1,0,0,1,0,0,0,0,1,False,USAQUEN,BELLA SUIZA,Calle 127,2462.76,0,PARQUE METROPOLITANO EL COUNTRY,724.0,0,0.19,27179.25,0.5,1.33,0.0,3.52,0.04,762.54,0.0
164-M4623764,APARTAMENTO,ARRIENDO,20.32,240.0,3.0,3.0,3921395.93,1.0,NICOLAS DE FEDERMAN,4,ENTRE 10 Y 20 ANOS,4.65,-74.08,USADO,3300000.0,0,0,0,0,0,0,0,0,0,1,False,TEUSAQUILLO,CAMPIN OCCIDENTAL,Movistar Arena,93.72,1,PARQUE VECINAL ARENA MOVISTAR,114.64,1,0.08,13750.0,0.33,1.0,0.0,0.84,0.01,176.7,1.0
164-M4733289,APARTAMENTO,ARRIENDO,20.32,52.0,3.0,1.0,119000.0,0.0,CORTIJO AUTOPISTA MEDELLIN,3,MAS DE 20 ANOS,4.72,-74.11,USADO,1200000.0,0,0,0,0,0,0,0,0,0,1,False,ENGATIVA,CIUDADELA COLSUBSIDIO,Portal 80,1546.33,0,PARQUE ZONAL VILLAS DE GRANADA,1383.66,0,0.39,23076.92,0.0,3.0,0.0,10.08,0.06,1422.09,0.0
617-M4294121,APARTAMENTO,ARRIENDO,20.32,174.0,3.0,4.0,3921395.93,2.0,CHICO,6,MAS DE 20 ANOS,4.66,-74.05,USADO,6200000.0,0,1,0,0,1,0,0,0,0,1,False,CHAPINERO,S.C. EL NOGAL,Calle 76 - San Felipe,1216.34,0,PARQUE ZONAL SAN ANDRÉS,431.41,1,0.12,35632.18,0.67,0.75,0.0,1.58,0.02,624.35,0.0
164-M4664306,APARTAMENTO,ARRIENDO,20.32,56.0,3.0,1.0,3921395.93,0.0,CIUDAD BOLIVAR,2,ENTRE 0 Y 5 ANOS,4.6,-74.17,USADO,850000.0,0,0,0,0,1,0,0,0,0,1,False,CIUDAD BOLIVAR,LA ESTANCIA,Portal Sur - JFK Coop. Financiera,223.93,1,PARQUE ZONAL LA ESTANCIA,456.34,1,0.36,15178.57,0.0,3.0,0.0,0.22,0.05,1902.28,0.0
164-M4578853,APARTAMENTO,ARRIENDO,20.32,55.0,2.0,2.0,3921395.93,0.0,KENNEDY,3,ENTRE 10 Y 20 ANOS,4.64,-74.16,USADO,900000.0,0,0,0,0,0,0,0,0,0,1,False,KENNEDY,MARIA PAZ,Biblioteca Tintal,340.32,1,PARQUE METROPOLITANO BIBLIOTECA EL TINTAL,695.79,0,0.37,16363.64,0.0,1.0,0.0,0.23,0.04,3036.7,0.0
164-M3678401,APARTAMENTO,ARRIENDO,20.32,37.0,2.0,1.0,3921395.93,0.0,,3,ENTRE 0 Y 5 ANOS,4.6,-74.16,USADO,1100000.0,0,0,0,0,1,0,0,0,0,1,False,BOSA,VILLA DEL RIO II SECTOR,CC Paseo Villa del Río - Madelena,298.46,1,PARQUE VECINAL URBANIZACIÓN BALMORAL CESIÓN GUADALUPE,600.77,0,0.55,29729.73,0.0,2.0,0.0,0.28,0.05,650.83,0.0
272-M4701591,APARTAMENTO,ARRIENDO,20.32,42.0,1.0,1.0,3921395.93,0.0,CORTIJO AUTOPISTA MEDELLIN,3,MAS DE 20 ANOS,4.72,-74.1,USADO,850000.0,0,0,0,0,0,0,0,0,0,1,False,ENGATIVA,BACHUE I Y II,Portal 80,1257.21,0,PARQUE VECINAL URBANIZACIÓN BACHUE PRIMERA ETAPA,111.91,1,0.48,20238.1,0.0,1.0,0.0,0.22,0.02,1372.4,0.0
164-M4461807,APARTAMENTO,ARRIENDO,20.32,51.0,2.0,2.0,3921395.93,1.0,ENGATIVA,4,ENTRE 5 Y 10 ANOS,4.68,-74.1,USADO,1550000.0,0,0,0,0,1,0,0,0,0,1,False,ENGATIVA,S.C. BOYACA,Minuto de Dios,1788.23,0,PARQUE VECINAL URBANIZACIÓN LA EUROPA,259.4,1,0.4,30392.16,0.5,1.0,0.0,0.4,0.04,1574.3,0.0
2882-M4735769,APARTAMENTO,ARRIENDO,20.32,34.0,1.0,1.0,3921395.93,1.0,COLINA Y ALREDEDORES,5,ENTRE 0 Y 5 ANOS,4.74,-74.06,USADO,2000000.0,0,0,0,1,1,0,1,0,0,1,False,SUBA,URB. LA SIRENA,Gratamira,1563.89,0,PARQUE VECINAL DESARROLLO CANTALEJO URBANIZACIÓN CANTALEJO MANZANA B,1016.4,0,0.6,58823.53,1.0,1.0,0.0,0.51,0.03,482.41,1.0
164-M4433615,APARTAMENTO,ARRIENDO,20.32,65.0,3.0,2.0,3921395.93,1.0,ALTOS DE SUBA Y CERROS DE SAN JORGE,2,REMODELADO,4.76,-74.08,USADO,1500000.0,0,0,0,0,1,0,0,0,0,1,False,SUBA,SALITRE II SECTOR,Portal Suba,1704.6,0,PARQUE ZONAL CAMPO VERDE,496.8,1,0.31,23076.92,0.33,1.5,0.0,0.38,0.05,1628.66,0.0
16425-M4625465,APARTAMENTO,ARRIENDO,20.32,285.0,3.0,5.0,3921395.93,2.0,SANTA BARBARA,6,REMODELADO,4.7,-74.04,USADO,12000000.0,0,1,0,0,1,0,0,0,0,1,False,USAQUEN,SANTA BARBARA OCCIDENTAL,Pepe Sierra,1198.03,0,PARQUE METROPOLITANO EL COUNTRY,940.58,0,0.07,42105.26,0.67,0.6,0.0,3.06,0.01,364.41,1.0
3325-M4738342,APARTAMENTO,ARRIENDO,20.32,67.0,3.0,2.0,247000.0,1.0,ALTOS DE SUBA Y CERROS DE SAN JORGE,3,ENTRE 10 Y 20 ANOS,4.75,-74.09,USADO,1153000.0,0,0,0,0,1,0,0,0,0,1,False,SUBA,LOMBARDIA III,Portal Suba,584.32,0,PARQUE VECINAL URBANIZACIÓN VALLE DE REFOUS,548.39,0,0.3,17208.96,0.33,1.5,0.0,4.67,0.04,352.71,1.0
164-M4723917,APARTAMENTO,ARRIENDO,20.32,72.0,3.0,2.0,3921395.93,1.0,ENGATIVA,4,MAS DE 20 ANOS,4.72,-74.14,USADO,2000000.0,0,0,0,0,1,0,0,0,0,1,False,ENGATIVA,S.C. EL GACO,Portal 80,3189.41,0,PARQUE METROPOLITANO PLANTA DE TRATAMIENTO SALITRE,1225.91,0,0.28,27777.78,0.33,1.5,0.0,0.51,0.04,2760.5,0.0
164-M4520140,APARTAMENTO,ARRIENDO,20.32,55.0,3.0,2.0,170000.0,1.0,ENGATIVA,3,REMODELADO,4.7,-74.12,USADO,1500000.0,0,0,0,0,1,0,0,0,0,1,False,ENGATIVA,SANTA_MONICA_,Quirigua,1123.0,0,PARQUE ZONAL EL CARMELO,222.51,1,0.37,27272.73,0.33,1.5,0.0,8.82,0.05,241.15,1.0
304-M3959069,APARTAMENTO,ARRIENDO,20.32,339.0,4.0,5.0,2330000.0,4.0,CEDRITOS,6,REMODELADO,4.72,-74.02,USADO,18400000.0,0,1,0,0,0,0,0,0,0,1,False,USAQUEN,SIERRAS DEL MORAL,Alcalá,3167.78,0,PARQUE VECINAL NUEVA URBANIZACIÓN EL CEDRITO,1348.04,0,0.06,54277.29,1.0,0.8,0.0,7.9,0.01,699.56,0.0
164-M4532993,APARTAMENTO,ARRIENDO,20.32,31.0,1.0,1.0,3921395.93,1.0,CHAPINERO ALTO,4,ENTRE 0 Y 5 ANOS,4.65,-74.06,USADO,1550000.0,0,0,0,0,1,0,0,0,0,1,False,CHAPINERO,S.C. CHAPINERO CENTRAL,Calle 63,359.23,1,PARQUE ZONAL GUSTAVO URIBE BOTERO,1247.7,0,0.66,50000.0,1.0,1.0,0.0,0.4,0.03,781.74,0.0
4903-M4741721,APARTAMENTO,ARRIENDO,20.32,89.42,2.0,2.0,640000.0,2.0,SANTA BARBARA,6,ENTRE 10 Y 20 ANOS,4.69,-74.04,USADO,3180000.0,0,1,0,0,1,0,0,0,0,1,False,USAQUEN,SANTA BARBARA CENTRAL I Y II,Calle 106,1539.56,0,PARQUE METROPOLITANO EL COUNTRY,1659.95,0,0.23,35562.51,1.0,1.0,0.0,4.97,0.02,581.74,0.0
164-M4554032,APARTAMENTO,ARRIENDO,20.32,42.0,1.0,1.0,3921395.93,0.0,CENTRO Y ZONA COLONIAL,3,ENTRE 0 Y 5 ANOS,4.59,-74.07,USADO,1550000.0,0,0,0,0,1,0,0,0,0,1,False,CANDELARIA,BELEN,Museo del Oro,1097.4,0,PARQUE VECINAL DESARROLLO LOURDES,530.9,0,0.48,36904.76,0.0,1.0,0.0,0.4,0.02,652.11,0.0
661-M4628542,APARTAMENTO,ARRIENDO,20.32,35.24,2.0,1.0,105000.0,0.0,CIUDAD BOLIVAR,3,ENTRE 0 Y 5 ANOS,4.59,-74.16,USADO,1095000.0,0,0,0,0,1,0,0,0,0,1,False,CIUDAD BOLIVAR,RAFAEL ESCAMILLA,CC Paseo Villa del Río - Madelena,217.67,1,PARQUE VECINAL URBANIZACIÓN BALMORAL CESIÓN GUADALUPE,631.31,0,0.58,31072.64,0.0,2.0,0.0,10.43,0.06,683.33,0.0
164-M4679100,APARTAMENTO,ARRIENDO,20.32,50.0,3.0,2.0,3921395.93,1.0,FONTIBON TINTAL,3,ENTRE 10 Y 20 ANOS,4.67,-74.14,USADO,1550000.0,0,0,0,0,0,0,0,0,0,1,False,FONTIBON,BELLAVISTA LOS PANTANOS,Portal El Dorado,1788.86,0,PARQUE VECINAL VILLA HELENA VILLEMAR,503.04,0,0.41,31000.0,0.33,1.5,0.0,0.4,0.06,1251.68,0.0
3057-M4731245,APARTAMENTO,ARRIENDO,20.32,79.0,2.0,2.0,3921395.93,2.0,NIZA ALHAMBRA,5,REMODELADO,4.69,-74.06,USADO,3000000.0,0,0,0,0,1,0,0,0,0,1,False,SUBA,S.C. ESTORIL,Calle 106,499.41,1,PARQUE ZONAL CANAL CORDOBA,1030.09,0,0.26,37974.68,1.0,1.0,0.0,0.77,0.03,732.17,0.0
34-M4689763,APARTAMENTO,ARRIENDO,20.32,287.56,4.0,4.0,3921395.93,2.0,CHICO,6,MAS DE 20 ANOS,4.66,-74.05,USADO,13000000.0,0,1,0,0,1,0,0,0,0,1,False,CHAPINERO,BOSQUE EL RETIRO I SECTOR,Calle 76 - San Felipe,1729.52,0,PARQUE ZONAL SAN ANDRÉS,755.46,0,0.07,45207.96,0.5,1.0,0.0,3.32,0.01,895.27,0.0
34-M4670562,APARTAMENTO,ARRIENDO,20.32,343.0,4.0,5.0,2280000.0,1.0,COUNTRY,6,ENTRE 10 Y 20 ANOS,4.72,-74.03,USADO,19783956.0,0,1,0,0,1,0,0,0,0,1,False,USAQUEN,MONTEARROYO,Alcalá,2727.42,0,PARQUE VECINAL NUEVA URBANIZACIÓN EL CEDRITO,1009.35,0,0.06,57679.17,0.25,0.8,0.0,8.68,0.01,277.26,1.0
164-M4458869,APARTAMENTO,ARRIENDO,20.32,170.0,4.0,4.0,3921395.93,0.0,CENTRO INTERNACIONAL,3,MAS DE 20 ANOS,4.61,-74.07,USADO,5500000.0,0,0,0,0,1,0,0,0,0,1,False,SANTA FE,SAN DIEGO,Museo Nacional,294.22,1,PARQUE METROPOLITANO INDEPENDENCIA BICENTENARIO,219.64,1,0.12,32352.94,0.0,1.0,0.0,1.4,0.02,251.28,8.0
164-M4581292,APARTAMENTO,ARRIENDO,20.32,47.0,3.0,1.0,3921395.93,0.0,FONTIBON TINTAL,3,ENTRE 0 Y 5 ANOS,4.68,-74.16,USADO,1000000.0,0,0,0,0,1,0,0,0,0,1,False,FONTIBON,EL CHARCO,Portal El Dorado,3992.76,0,PARQUE ZONAL LA CONCORDIA,864.54,0,0.43,21276.6,0.0,3.0,0.0,0.26,0.06,2269.28,0.0
164-M4440259,APARTAMENTO,ARRIENDO,20.32,55.0,2.0,1.0,3921395.93,1.0,ALTOS DE SUBA Y CERROS DE SAN JORGE,3,ENTRE 10 Y 20 ANOS,4.76,-74.09,USADO,1000000.0,0,1,0,0,0,0,0,0,0,1,False,SUBA,S.C. TUNA BAJA,Portal Suba,1143.92,0,PARQUE VECINAL URBANIZACIÓN VALLE DE REFOUS,870.25,0,0.37,18181.82,0.5,2.0,0.0,0.26,0.04,982.73,0.0
164-M4667619,APARTAMENTO,ARRIENDO,20.32,52.0,2.0,1.0,3921395.93,0.0,CASTILLA MARSELLA,3,REMODELADO,4.62,-74.15,USADO,1100000.0,0,0,0,0,0,0,0,0,0,1,False,KENNEDY,CIUDAD KENNEDY ORIENTAL SUPERMANZANA 6,Banderas,1690.49,0,PARQUE ZONAL LA AMISTAD,553.2,0,0.39,21153.85,0.0,2.0,0.0,0.28,0.04,1712.88,0.0
164-M3743783,APARTAMENTO,ARRIENDO,20.32,46.0,3.0,2.0,3921395.93,0.0,,2,ENTRE 0 Y 5 ANOS,4.65,-74.17,USADO,830000.0,0,0,0,0,1,0,0,0,0,1,False,KENNEDY,CALANDAIMA - LOS PANTANOS,Biblioteca Tintal,1789.58,0,PARQUE VECINAL PRIMAVERA,760.67,0,0.44,18043.48,0.0,1.5,0.0,0.21,0.07,4236.64,0.0
3057-M4289440,APARTAMENTO,ARRIENDO,20.32,197.03,4.0,3.0,3921395.93,2.0,COUNTRY,5,MAS DE 20 ANOS,4.72,-74.05,USADO,6000000.0,0,1,0,0,1,0,0,0,0,1,False,USAQUEN,LOS CEDROS,Alcalá,300.24,1,PARQUE VECINAL PRADO PINZÓN,720.79,0,0.1,30452.22,0.5,1.33,0.0,1.53,0.02,285.43,1.0
164-M4696386,APARTAMENTO,ARRIENDO,20.32,116.1,4.0,4.0,3921395.93,1.0,COLINA Y ALREDEDORES,4,MAS DE 20 ANOS,4.72,-74.07,USADO,2200000.0,0,0,0,0,0,0,0,0,0,1,False,SUBA,URB. IBERIA I ETAPA,Niza - Calle 127,957.89,0,PARQUE ZONAL LOS LACHES LA MINA,1019.28,0,0.18,18949.18,0.25,1.0,0.0,0.56,0.03,701.77,0.0
164-M3627485,APARTAMENTO,ARRIENDO,20.32,62.4,3.0,2.0,3921395.93,0.0,FONTIBON TINTAL,3,ENTRE 0 Y 5 ANOS,4.7,-74.17,USADO,1100000.0,0,0,0,0,1,0,0,0,0,1,False,FONTIBON,S.C. PUENTE GRANDE,Portal El Dorado,5355.77,0,PARQUE ZONAL LA CONCORDIA,2376.62,0,0.33,17628.21,0.0,1.5,0.0,0.28,0.05,2457.61,0.0
164-M4410625,APARTAMENTO,ARRIENDO,20.32,37.28,2.0,1.0,3921395.93,0.0,TIMIZA LA ALQUERIA,3,ENTRE 0 Y 5 ANOS,4.6,-74.16,USADO,1000000.0,0,0,0,0,1,0,0,0,0,1,False,BOSA,VILLA DEL RIO II SECTOR,CC Paseo Villa del Río - Madelena,249.67,1,PARQUE VECINAL URBANIZACIÓN BALMORAL CESIÓN GUADALUPE,667.38,0,0.55,26824.03,0.0,2.0,0.0,0.26,0.05,580.62,0.0
164-M4640942,APARTAMENTO,ARRIENDO,20.32,80.0,3.0,2.0,3921395.93,2.0,CASTILLA MARSELLA,3,REMODELADO,4.64,-74.13,USADO,1800000.0,0,0,0,0,0,0,0,0,0,1,False,KENNEDY,VILLA ALSACIA,AV. Américas - AV. Boyacá,1604.27,0,PARQUE VECINAL VILLA ALSACIA,338.5,1,0.25,22500.0,0.67,1.5,0.0,0.46,0.04,511.42,0.0
164-M4689488,APARTAMENTO,ARRIENDO,20.32,31.0,1.0,1.0,3921395.93,0.0,,4,ENTRE 0 Y 5 ANOS,4.63,-74.06,USADO,1700000.0,0,0,0,0,1,0,0,0,0,1,False,CHAPINERO,S.C. PARDO RUBIO,Marly,662.64,0,PARQUE METROPOLITANO PARQUE NACIONAL (PM2A) ENRIQUE OLAYA HERRERA (SECTOR HISTORICO),1190.26,0,0.66,54838.71,0.0,1.0,0.0,0.43,0.03,545.59,0.0
164-M4426181,APARTAMENTO,ARRIENDO,20.32,36.0,2.0,2.0,3921395.93,0.0,FONTIBON TINTAL,3,ENTRE 0 Y 5 ANOS,4.69,-74.15,USADO,1000000.0,0,0,0,0,1,0,0,0,0,1,False,FONTIBON,ALMAGRARIO,Portal El Dorado,3670.56,0,PARQUE ZONAL LA CONCORDIA,622.31,0,0.56,27777.78,0.0,1.0,0.0,0.26,0.06,1561.4,0.0
164-M4699468,APARTAMENTO,ARRIENDO,20.32,59.0,3.0,2.0,3921395.93,1.0,KENNEDY,3,ENTRE 10 Y 20 ANOS,4.64,-74.15,USADO,1400000.0,0,1,0,0,1,0,0,0,0,1,False,KENNEDY,CIUDAD TECHO II,Transversal 86,516.46,0,PARQUE METROPOLITANO BIBLIOTECA EL TINTAL,687.13,0,0.34,23728.81,0.33,1.5,0.0,0.36,0.05,2828.61,0.0
164-M4591883,APARTAMENTO,ARRIENDO,20.32,55.0,2.0,2.0,3921395.93,1.0,CEDRITOS,4,ENTRE 10 Y 20 ANOS,4.73,-74.03,USADO,2500000.0,0,0,0,0,1,0,0,0,0,1,False,USAQUEN,CAOBOS SALAZAR,Calle 146,1986.29,0,PARQUE VECINAL NUEVA URBANIZACIÓN EL CEDRITO,333.67,1,0.37,45454.55,0.5,1.0,0.0,0.64,0.04,429.41,1.0
164-M4698812,APARTAMENTO,ARRIENDO,20.32,55.0,3.0,2.0,3921395.93,0.0,FONTIBON TINTAL,3,ENTRE 0 Y 5 ANOS,4.69,-74.17,USADO,1250000.0,0,0,0,0,1,0,0,0,0,1,False,FONTIBON,S.C. PUENTE GRANDE,Portal El Dorado,5419.35,0,PARQUE ZONAL LA CONCORDIA,2404.42,0,0.37,22727.27,0.0,1.5,0.0,0.32,0.05,2574.71,0.0
164-M3568215,APARTAMENTO,ARRIENDO,20.32,66.0,3.0,2.0,307600.0,1.0,ENGATIVA,3,ENTRE 0 Y 5 ANOS,4.7,-74.11,USADO,1900000.0,0,0,0,0,1,0,0,0,0,1,False,ENGATIVA,FLORENCIA II SECTOR,Carrera 90,393.13,1,PARQUE VECINAL FLORENCIA LOS TRONQUITOS AGRUPACIÓN DE VIVIENDA FLORENCIA II SECTOR,107.11,1,0.31,28787.88,0.33,1.5,0.0,6.18,0.05,974.33,0.0
164-M4291002,APARTAMENTO,ARRIENDO,20.32,75.0,3.0,2.0,3921395.93,1.0,FONTIBON TINTAL,4,ENTRE 0 Y 5 ANOS,4.67,-74.14,USADO,2100000.0,0,0,0,0,1,0,0,0,0,1,False,FONTIBON,VILLEMAR,Portal El Dorado,2337.26,0,PARQUE VECINAL VILLA HELENA VILLEMAR,319.6,1,0.27,28000.0,0.33,1.5,0.0,0.54,0.04,1011.94,0.0
164-M4575275,APARTAMENTO,ARRIENDO,20.32,50.0,3.0,1.0,66800.0,0.0,BOSA SOACHA,2,ENTRE 10 Y 20 ANOS,4.64,-74.19,USADO,633200.0,0,0,0,0,0,0,0,0,0,1,False,BOSA,S.C. EL CORZO,Portal Américas,2101.61,0,PARQUE METROPOLITANO PORVENIR,569.1,0,0.41,12664.0,0.0,3.0,0.0,9.48,0.06,3515.33,0.0
3057-M4601382,APARTAMENTO,ARRIENDO,20.32,94.0,3.0,2.0,3921395.93,2.0,170 Y ALREDORES,4,ENTRE 10 Y 20 ANOS,4.76,-74.05,USADO,2500000.0,0,0,0,0,0,0,0,0,0,1,False,SUBA,CAMPO HERMOSO,Calle 187,495.49,1,PARQUE VECINAL URBANIZACIÓN VILANOVA,402.46,1,0.22,26595.74,0.67,1.5,0.0,0.64,0.03,367.93,1.0
164-M4472418,APARTAMENTO,ARRIENDO,20.32,50.0,2.0,1.0,3921395.93,0.0,,2,ENTRE 0 Y 5 ANOS,4.6,-74.18,USADO,850000.0,0,0,0,0,1,0,0,0,0,1,False,CIUDAD BOLIVAR,LA ESTANCIA,Bosa,668.61,0,PARQUE ZONAL LA ESTANCIA,336.12,1,0.41,17000.0,0.0,2.0,0.0,0.22,0.04,1433.69,0.0
164-M4587396,APARTAMENTO,ARRIENDO,20.32,50.0,2.0,2.0,3921395.93,0.0,ENGATIVA,3,ENTRE 5 Y 10 ANOS,4.72,-74.13,USADO,950000.0,0,0,0,0,0,0,0,0,0,1,False,ENGATIVA,VILLAS DE ALCALA - LOS CEREZOS,Portal 80,2247.44,0,PARQUE ZONAL VILLAS DE GRANADA,769.81,0,0.41,19000.0,0.0,1.0,0.0,0.24,0.04,2034.27,0.0
164-M4252913,APARTAMENTO,ARRIENDO,20.32,60.0,3.0,2.0,3921395.93,1.0,SALITRE MODELIA,4,ENTRE 0 Y 5 ANOS,4.66,-74.11,USADO,2400000.0,0,0,0,0,1,0,0,0,0,1,False,FONTIBON,MODELIA,Normandía,515.59,0,PARQUE ZONAL CANAL BOYACA,550.34,0,0.34,40000.0,0.33,1.5,0.0,0.61,0.05,786.22,0.0
34-M4663359,APARTAMENTO,ARRIENDO,20.32,80.86,2.0,2.0,576000.0,2.0,COUNTRY,6,ENTRE 10 Y 20 ANOS,4.71,-74.04,USADO,4000000.0,0,1,0,0,1,0,0,0,0,1,False,USAQUEN,COUNTRY CLUB,Prado,1262.52,0,PARQUE METROPOLITANO EL COUNTRY,722.87,0,0.25,49468.22,1.0,1.0,0.0,6.94,0.02,751.95,0.0
5545-M4645248,APARTAMENTO,ARRIENDO,20.32,65.0,3.0,2.0,3921395.93,1.0,CEDRITOS,4,ENTRE 5 Y 10 ANOS,4.72,-74.03,USADO,2600000.0,0,1,0,1,1,0,0,0,0,1,False,USAQUEN,BELMIRA,Alcalá,2334.67,0,PARQUE VECINAL NUEVA URBANIZACIÓN EL CEDRITO,519.96,0,0.31,40000.0,0.33,1.5,0.0,0.66,0.05,517.78,0.0
164-M4683215,APARTAMENTO,ARRIENDO,20.32,60.0,3.0,2.0,3921395.93,1.0,ENGATIVA,4,REMODELADO,4.72,-74.14,USADO,1600000.0,0,0,0,0,1,0,0,0,0,1,False,ENGATIVA,S.C. EL GACO,Portal 80,3277.0,0,PARQUE METROPOLITANO PLANTA DE TRATAMIENTO SALITRE,1211.89,0,0.34,26666.67,0.33,1.5,0.0,0.41,0.05,2868.06,0.0
164-M4580710,APARTAMENTO,ARRIENDO,20.32,86.25,2.0,2.0,3921395.93,2.0,COUNTRY,6,ENTRE 5 Y 10 ANOS,4.72,-74.04,USADO,4800000.0,0,0,0,0,1,0,0,0,0,1,False,USAQUEN,NUEVO COUNTRY,Alcalá,1228.1,0,PARQUE VECINAL NUEVA URBANIZACIÓN EL CEDRITO,1050.46,0,0.24,55652.17,1.0,1.0,0.0,1.22,0.02,447.7,1.0
164-M4434999,APARTAMENTO,ARRIENDO,20.32,48.0,2.0,1.0,160000.0,1.0,FONTIBON TINTAL,3,ENTRE 0 Y 5 ANOS,4.68,-74.15,USADO,1210000.0,0,0,0,0,1,0,0,0,0,1,False,FONTIBON,S.C VILLA CARMENZA,Portal El Dorado,3186.32,0,PARQUE ZONAL LA CONCORDIA,352.08,1,0.42,25208.33,0.5,2.0,0.0,7.56,0.04,2057.5,0.0
3325-M4717604,APARTAMENTO,ARRIENDO,20.32,45.0,3.0,1.0,115000.0,0.0,ALTOS DE SUBA Y CERROS DE SAN JORGE,3,ENTRE 10 Y 20 ANOS,4.76,-74.09,USADO,946000.0,0,0,0,0,1,0,0,0,0,1,False,SUBA,S.C. TUNA BAJA,Portal Suba,1153.2,0,PARQUE VECINAL URBANIZACIÓN VALLE DE REFOUS,864.63,0,0.45,21022.22,0.0,3.0,0.0,8.23,0.07,1002.75,0.0
34-M4126984,APARTAMENTO,ARRIENDO,20.32,208.0,4.0,3.0,1700000.0,3.0,CHICO,6,ENTRE 5 Y 10 ANOS,4.68,-74.05,USADO,7800000.0,0,0,0,0,1,0,0,0,0,1,False,CHAPINERO,S.C. CHICO NORTE,Virrey,1399.41,0,PARQUE VECINAL URBANIZACIÓN LA CABRERA,703.15,0,0.1,37500.0,0.75,1.33,0.0,4.59,0.02,276.24,1.0
34-M4577996,APARTAMENTO,ARRIENDO,20.32,290.0,3.0,4.0,1640000.0,3.0,CHICO,5,ENTRE 5 Y 10 ANOS,4.68,-74.05,USADO,11500000.0,0,1,0,0,0,0,0,0,0,1,True,CHAPINERO,S.C. CHICO NORTE,Virrey,919.08,0,PARQUE ZONAL CANAL EL VIRREY EL CHICO,408.68,1,0.07,39655.17,1.0,0.75,0.0,7.01,0.01,170.16,3.0
346-M4518328,APARTAMENTO,ARRIENDO,20.32,162.0,2.0,2.0,3921395.93,2.0,CHICO,6,MAS DE 20 ANOS,4.65,-74.06,USADO,5400000.0,0,0,0,0,1,0,0,0,0,1,False,CHAPINERO,S.C. EMAUS,Flores – Areandina,846.25,0,PARQUE ZONAL GUSTAVO URIBE BOTERO,447.83,1,0.13,33333.33,1.0,1.0,0.0,1.38,0.01,5.39,1.0
164-M3708750,APARTAMENTO,ARRIENDO,20.32,130.0,3.0,2.0,3921395.93,1.0,CHICO,6,MAS DE 20 ANOS,4.66,-74.05,USADO,4500000.0,0,0,0,0,1,0,0,0,0,1,False,CHAPINERO,LOS ROSALES,Calle 72,1388.28,0,PARQUE ZONAL GUSTAVO URIBE BOTERO,760.4,0,0.16,34615.38,0.33,1.5,0.0,1.15,0.02,641.83,0.0
12375-M4349685,APARTAMENTO,ARRIENDO,20.32,150.0,3.0,3.0,1392000.0,2.0,CHICO,6,MAS DE 20 ANOS,4.68,-74.05,USADO,6500000.0,0,0,0,0,0,0,0,0,0,1,False,CHAPINERO,S.C. CHICO NORTE,Virrey,1115.25,0,PARQUE ZONAL CANAL EL VIRREY EL CHICO,674.84,0,0.14,43333.33,0.67,1.0,0.0,4.67,0.02,85.72,2.0
164-M4684639,APARTAMENTO,ARRIENDO,20.32,76.63,3.0,2.0,3921395.93,0.0,ENGATIVA,4,ENTRE 0 Y 5 ANOS,4.72,-74.13,USADO,2300000.0,0,0,0,0,1,0,0,0,0,1,False,ENGATIVA,EL GACO - EL PORVENIR (PREDIO),Portal 80,2891.22,0,PARQUE METROPOLITANO PLANTA DE TRATAMIENTO SALITRE,997.06,0,0.27,30014.35,0.0,1.5,0.0,0.59,0.04,2677.62,0.0
164-M4688649,APARTAMENTO,ARRIENDO,20.32,37.39,2.0,1.0,3921395.93,0.0,FONTIBON TINTAL,3,ENTRE 0 Y 5 ANOS,4.67,-74.15,USADO,1100000.0,0,0,0,0,1,0,0,0,0,1,False,FONTIBON,LA LAGUNA FONTIBON,Portal El Dorado,3233.35,0,PARQUE ZONAL CARMEN DE LA LAGUNA,378.91,1,0.54,29419.63,0.0,2.0,0.0,0.28,0.05,2098.03,0.0
13753-M4673823,APARTAMENTO,ARRIENDO,20.32,220.0,3.0,5.0,3921395.93,3.0,SANTA BARBARA,6,ENTRE 10 Y 20 ANOS,4.69,-74.04,USADO,8000000.0,0,1,0,1,1,0,0,0,0,0,False,USAQUEN,MOLINOS NORTE,Calle 106,1794.22,0,PARQUE METROPOLITANO EL COUNTRY,1595.84,0,0.09,36363.64,1.0,0.6,0.0,2.04,0.01,319.12,1.0
164-M3577345,APARTAMENTO,ARRIENDO,20.32,45.0,3.0,2.0,3921395.93,0.0,FONTIBON TINTAL,3,ENTRE 0 Y 5 ANOS,4.7,-74.17,USADO,900000.0,0,0,0,0,1,0,0,0,0,1,False,FONTIBON,S.C. PUENTE GRANDE,Portal El Dorado,5355.77,0,PARQUE ZONAL LA CONCORDIA,2376.62,0,0.45,20000.0,0.0,1.5,0.0,0.23,0.07,2457.61,0.0
164-M3722393,APARTAMENTO,ARRIENDO,20.32,86.0,3.0,2.0,3921395.93,1.0,,3,REMODELADO,4.65,-74.14,USADO,1900000.0,0,0,0,0,1,0,0,0,0,1,False,KENNEDY,BOSCONIA,Transversal 86,1859.78,0,PARQUE VECINAL VILLA ALSACIA,1059.68,0,0.24,22093.02,0.33,1.5,0.0,0.48,0.03,1817.37,0.0
34-M4130340,APARTAMENTO,ARRIENDO,20.32,171.43,3.0,3.0,3921395.93,2.0,CHICO,6,ENTRE 10 Y 20 ANOS,4.66,-74.05,USADO,8000000.0,0,0,0,0,1,0,0,0,0,1,False,CHAPINERO,S.C. EL NOGAL,Calle 76 - San Felipe,760.73,0,PARQUE ZONAL SAN ANDRÉS,493.65,1,0.12,46666.28,0.67,1.0,0.0,2.04,0.02,506.13,0.0
164-M4744039,APARTAMENTO,ARRIENDO,20.32,85.0,2.0,2.0,3921395.93,0.0,,4,ENTRE 0 Y 5 ANOS,4.58,-74.1,USADO,1500000.0,0,0,0,0,1,0,0,0,0,1,False,ANTONIO NARINO,RESTREPO,Restrepo,69.89,1,PARQUE ESCENARIO DEPORTIVO GIMNASIO DEL SUR,475.42,1,0.24,17647.06,0.0,1.0,0.0,0.38,0.02,2745.54,0.0
164-M4744528,APARTAMENTO,ARRIENDO,20.32,60.0,3.0,2.0,195000.0,0.0,ENGATIVA,3,MAS DE 20 ANOS,4.7,-74.12,USADO,1400000.0,0,0,0,0,1,0,0,0,0,1,False,ENGATIVA,SANTA_MONICA_,Quirigua,1123.0,0,PARQUE ZONAL EL CARMELO,222.51,1,0.34,23333.33,0.0,1.5,0.0,7.18,0.05,241.15,1.0
164-M4623722,APARTAMENTO,ARRIENDO,20.32,44.0,2.0,1.0,3921395.93,0.0,,3,ENTRE 0 Y 5 ANOS,4.72,-74.09,USADO,1000000.0,0,0,0,0,1,0,0,0,0,1,False,SUBA,CIUDAD HUNZA - EL JORDAN,Suba - AV. Boyacá,1599.53,0,PARQUE METROPOLITANO CEFE COMETAS,1210.13,0,0.46,22727.27,0.0,2.0,0.0,0.26,0.05,2193.06,0.0
164-M4617822,APARTAMENTO,ARRIENDO,20.32,43.0,3.0,2.0,3921395.93,0.0,FONTIBON TINTAL,3,REMODELADO,4.69,-74.17,USADO,1000000.0,0,0,0,0,0,0,0,0,0,1,False,FONTIBON,S.C. PUENTE GRANDE,Portal El Dorado,5419.35,0,PARQUE ZONAL LA CONCORDIA,2404.42,0,0.47,23255.81,0.0,1.5,0.0,0.26,0.07,2574.71,0.0
164-M4529484,APARTAMENTO,ARRIENDO,20.32,31.0,1.0,1.0,3921395.93,0.0,CHAPINERO ALTO,4,ENTRE 0 Y 5 ANOS,4.64,-74.05,USADO,1600000.0,0,0,0,0,1,0,0,0,0,1,False,CHAPINERO,LOS OLIVOS,Calle 63,1263.11,0,PARQUE ZONAL GUSTAVO URIBE BOTERO,747.24,0,0.66,51612.9,0.0,1.0,0.0,0.41,0.03,902.84,0.0
13436-M4743714,APARTAMENTO,ARRIENDO,20.32,48.0,1.0,1.0,267000.0,1.0,CEDRITOS,4,ENTRE 5 Y 10 ANOS,4.73,-74.05,USADO,2100000.0,0,0,0,0,1,0,0,0,0,0,False,USAQUEN,LOS CEDRITOS,Calle 142,580.82,0,PARQUE VECINAL PRADO PINZÓN,953.39,0,0.42,43750.0,1.0,1.0,0.0,7.87,0.02,717.09,0.0
164-M4743860,APARTAMENTO,ARRIENDO,20.32,47.0,2.0,2.0,3921395.93,0.0,FONTIBON TINTAL,3,ENTRE 0 Y 5 ANOS,4.69,-74.17,USADO,1100000.0,0,0,0,0,1,0,0,0,0,1,False,FONTIBON,S.C. PUENTE GRANDE,Portal El Dorado,5419.35,0,PARQUE ZONAL LA CONCORDIA,2404.42,0,0.43,23404.26,0.0,1.0,0.0,0.28,0.04,2574.71,0.0
164-M4170057,APARTAMENTO,ARRIENDO,20.32,106.0,3.0,2.0,3921395.93,0.0,COLINA Y ALREDEDORES,5,REMODELADO,4.73,-74.06,USADO,4000000.0,0,1,0,0,1,0,0,0,0,1,False,SUBA,COLPATRIA SANTA HELENA II SECTOR,Calle 146,1224.38,0,PARQUE VECINAL URBANIZACIÓN LA LAGUNA,797.11,0,0.19,37735.85,0.0,1.5,0.0,1.02,0.03,587.61,0.0
164-M3795862,APARTAMENTO,ARRIENDO,20.32,59.0,3.0,2.0,3921395.93,1.0,KENNEDY,3,ENTRE 5 Y 10 ANOS,4.64,-74.15,USADO,1300000.0,0,0,0,0,1,0,0,0,0,1,False,KENNEDY,CIUDAD TECHO II,Transversal 86,516.46,0,PARQUE METROPOLITANO BIBLIOTECA EL TINTAL,687.13,0,0.34,22033.9,0.33,1.5,0.0,0.33,0.05,2828.61,0.0
3229-M4743847,APARTAMENTO,ARRIENDO,20.32,75.0,3.0,2.0,350000.0,1.0,SALITRE MODELIA,5,ENTRE 0 Y 5 ANOS,4.66,-74.11,USADO,3150000.0,0,0,0,1,1,1,0,0,0,1,False,FONTIBON,LA ESPERANZA NORTE,AV. Rojas,454.91,1,PARQUE ZONAL CANAL BOYACA,774.82,0,0.27,42000.0,0.33,1.5,0.0,9.0,0.04,720.96,0.0
10323-M4463460,APARTAMENTO,ARRIENDO,20.32,30.0,1.0,1.0,220000.0,0.0,CEDRITOS,4,ENTRE 0 Y 5 ANOS,4.73,-74.02,USADO,1380000.0,0,0,0,0,1,0,0,0,0,1,False,USAQUEN,BOSQUE DE PINOS III,Mazurén,2932.54,0,PARQUE ZONAL ALTA BLANCA,739.45,0,0.68,46000.0,0.0,1.0,0.0,6.27,0.03,1065.49,0.0
10139-M4657704,APARTAMENTO,ARRIENDO,20.32,300.0,3.0,5.0,2500000.0,4.0,CHICO,6,MAS DE 20 ANOS,4.67,-74.05,USADO,15000000.0,0,0,0,0,1,0,0,0,0,1,False,CHAPINERO,S.C. CHICO NORTE,Virrey,1485.11,0,PARQUE VECINAL URBANIZACIÓN LA CABRERA,753.02,0,0.07,50000.0,1.33,0.6,0.0,6.0,0.01,349.05,1.0
17-M3903591,APARTAMENTO,ARRIENDO,20.32,240.0,3.0,3.0,1400000.0,2.0,CHAPINERO ALTO,6,MAS DE 20 ANOS,4.66,-74.05,USADO,6500000.0,0,1,0,0,0,0,0,0,0,1,False,CHAPINERO,LOS ROSALES,Calle 76 - San Felipe,1642.73,0,PARQUE ZONAL SAN ANDRÉS,877.68,0,0.08,27083.33,0.67,1.0,0.0,4.64,0.01,957.32,0.0
279-M4652976,APARTAMENTO,ARRIENDO,20.32,132.0,3.0,4.0,3921395.93,2.0,SANTA BARBARA,6,MAS DE 20 ANOS,4.7,-74.04,USADO,5500000.0,0,1,0,0,1,0,0,0,0,1,False,USAQUEN,SANTA BARBARA OCCIDENTAL,Calle 127,1203.1,0,PARQUE METROPOLITANO EL COUNTRY,612.81,0,0.15,41666.67,0.67,0.75,0.0,1.4,0.02,203.25,1.0
164-M4644858,APARTAMENTO,ARRIENDO,20.32,38.0,1.0,1.0,3921395.93,0.0,KENNEDY,2,ENTRE 0 Y 5 ANOS,4.65,-74.17,USADO,800000.0,0,0,0,0,1,0,0,0,0,1,False,KENNEDY,PRADOS DEL TINTAL,Biblioteca Tintal,1967.34,0,PARQUE VECINAL PRIMAVERA,989.01,0,0.53,21052.63,0.0,1.0,0.0,0.2,0.03,4621.27,0.0
164-M4591915,APARTAMENTO,ARRIENDO,20.32,50.0,3.0,2.0,3921395.93,0.0,ALTOS DE SUBA Y CERROS DE SAN JORGE,3,ENTRE 0 Y 5 ANOS,4.74,-74.1,USADO,900000.0,0,0,0,0,0,0,0,0,0,1,False,SUBA,LOS ALCAPARROS DE SUBA,La Campiña,1244.71,0,PARQUE VECINAL URBANIZACIÓN NUEVA TIBABUYES 1,693.92,0,0.41,18000.0,0.0,1.5,0.0,0.23,0.06,1431.44,0.0
12503-M4275738,APARTAMENTO,ARRIENDO,20.32,130.0,4.0,3.0,485100.0,0.0,CENTRO INTERNACIONAL,4,MAS DE 20 ANOS,4.62,-74.07,USADO,2900000.0,0,0,0,0,1,0,0,0,0,1,True,SANTA FE,SAMPER,Museo Nacional,150.57,1,PARQUE METROPOLITANO INDEPENDENCIA BICENTENARIO,465.88,1,0.16,22307.69,0.0,1.33,0.0,5.98,0.03,164.43,6.0
164-M4301919,APARTAMENTO,ARRIENDO,20.32,61.0,2.0,2.0,3921395.93,1.0,,4,ENTRE 0 Y 5 ANOS,4.72,-74.12,USADO,1550000.0,0,0,0,0,1,0,0,0,0,1,False,ENGATIVA,EL DORADO INDUSTRIAL - SANTA ISABEL (HACIENDA),Portal 80,2271.15,0,PARQUE METROPOLITANO PLANTA DE TRATAMIENTO SALITRE,368.03,1,0.33,25409.84,0.5,1.0,0.0,0.4,0.03,2064.13,0.0
164-M4735665,APARTAMENTO,ARRIENDO,20.32,75.0,3.0,2.0,3921395.93,1.0,ENGATIVA,3,ENTRE 5 Y 10 ANOS,4.72,-74.13,USADO,1700000.0,0,0,0,0,1,0,0,0,0,1,False,ENGATIVA,S.C. ENGATIVA EL DORADO,Portal 80,2614.52,0,PARQUE METROPOLITANO PLANTA DE TRATAMIENTO SALITRE,818.51,0,0.27,22666.67,0.33,1.5,0.0,0.43,0.04,2400.97,0.0
164-M4549022,APARTAMENTO,ARRIENDO,20.32,32.0,1.0,1.0,3921395.93,1.0,PUENTE ARANDA,4,ENTRE 0 Y 5 ANOS,4.61,-74.11,USADO,1500000.0,0,0,0,0,1,0,0,0,0,1,True,PUENTE ARANDA,PUENTE ARANDA,Comuneros,847.97,0,PARQUE VECINAL GORGONZOLA,671.39,0,0.64,46875.0,1.0,1.0,0.0,0.38,0.03,2750.64,0.0
164-M4503295,APARTAMENTO,ARRIENDO,20.32,70.0,3.0,2.0,3921395.93,0.0,TIMIZA LA ALQUERIA,3,REMODELADO,4.6,-74.12,USADO,950000.0,0,0,0,0,0,0,0,0,0,0,False,PUENTE ARANDA,SANTA RITA III SECTOR,NQS - Calle 38A S,1039.83,0,PARQUE METROPOLITANO SANTA LUCIA,778.99,0,0.29,13571.43,0.0,1.5,0.0,0.24,0.04,1203.0,0.0
164-M4699681,APARTAMENTO,ARRIENDO,20.32,52.0,2.0,1.0,3921395.93,0.0,KENNEDY,3,ENTRE 0 Y 5 ANOS,4.62,-74.17,USADO,800000.0,0,0,0,0,0,0,0,0,0,0,False,KENNEDY,KENNEDY SUPERMANZANA 15,Portal Américas,1286.19,0,PARQUE ZONAL LA AMISTAD,949.6,0,0.39,15384.62,0.0,2.0,0.0,0.2,0.04,2782.84,0.0
2361-M4740187,APARTAMENTO,ARRIENDO,20.32,90.0,3.0,2.0,3921395.93,2.0,ORQUIDEAS,4,MAS DE 20 ANOS,4.75,-74.04,USADO,2800000.0,0,0,0,0,0,0,0,0,0,1,False,USAQUEN,CANAPRO,Portal Norte,869.39,0,PARQUE VECINAL URBANIZACIÓN CALLE 170 / ALAMEDA,51.2,1,0.23,31111.11,0.67,1.5,0.0,0.71,0.03,779.1,0.0
164-M4698285,APARTAMENTO,ARRIENDO,20.32,72.0,3.0,1.0,3921395.93,0.0,ALTOS DE SUBA Y CERROS DE SAN JORGE,2,ENTRE 10 Y 20 ANOS,4.74,-74.11,USADO,950000.0,0,0,0,0,0,0,0,0,0,0,False,SUBA,LA GAITANA,Portal Suba,1570.96,0,PARQUE ZONAL LA GAITANA,421.29,1,0.28,13194.44,0.0,3.0,0.0,0.24,0.04,1568.51,0.0
10323-M4595279,APARTAMENTO,ARRIENDO,20.32,91.5,3.0,1.0,3921395.93,0.0,CHAPINERO ALTO,4,MAS DE 20 ANOS,4.63,-74.06,USADO,2200000.0,0,0,0,0,0,0,0,0,0,1,False,CHAPINERO,S.C. CATALUNA,Calle 45 - American School Way,604.58,0,PARQUE METROPOLITANO PARQUE NACIONAL (PM2A) ENRIQUE OLAYA HERRERA (SECTOR HISTORICO),571.23,0,0.22,24043.72,0.0,3.0,0.0,0.56,0.03,260.71,1.0
164-M4507862,APARTAMENTO,ARRIENDO,20.32,65.0,2.0,1.0,3921395.93,0.0,CHAPINERO ALTO,4,MAS DE 20 ANOS,4.65,-74.06,USADO,1800000.0,0,0,0,0,0,0,0,0,0,1,False,CHAPINERO,S.C. MARIA CRISTINA,Calle 63,693.24,0,PARQUE ZONAL GUSTAVO URIBE BOTERO,741.36,0,0.31,27692.31,0.0,2.0,0.0,0.46,0.03,480.47,1.0
164-M4640855,APARTAMENTO,ARRIENDO,20.32,28.0,1.0,1.0,3921395.93,0.0,CENTRO Y ZONA COLONIAL,3,ENTRE 0 Y 5 ANOS,4.6,-74.07,USADO,1300000.0,0,0,0,0,1,0,0,0,0,1,False,SANTA FE,VERACRUZ__,Las Aguas - Centro Colombo Americano,249.32,1,PARQUE ZONAL SENDERO A MONSERRATE,1026.68,0,0.73,46428.57,0.0,1.0,0.0,0.33,0.04,132.93,5.0
164-M4496375,APARTAMENTO,ARRIENDO,20.32,55.0,2.0,1.0,3921395.93,0.0,TIMIZA LA ALQUERIA,3,ENTRE 10 Y 20 ANOS,4.6,-74.12,USADO,1360000.0,0,0,0,0,0,0,0,0,0,1,False,PUENTE ARANDA,CIUDAD MONTES III SECTOR,NQS - Calle 30 S,951.76,0,PARQUE ZONAL CIUDAD MONTES,598.02,0,0.37,24727.27,0.0,2.0,0.0,0.35,0.04,1236.67,0.0
164-M4619691,APARTAMENTO,ARRIENDO,20.32,38.0,1.0,1.0,3921395.93,0.0,ENGATIVA,3,ENTRE 0 Y 5 ANOS,4.72,-74.14,USADO,800000.0,0,0,0,0,1,0,0,0,0,1,False,ENGATIVA,LA FAENA - JABOQUE (FINCA),Portal 80,3020.03,0,PARQUE ZONAL VILLAS DE GRANADA,1585.62,0,0.53,21052.63,0.0,1.0,0.0,0.2,0.03,2121.6,0.0
164-M4569590,APARTAMENTO,ARRIENDO,20.32,62.0,3.0,2.0,390100.0,1.0,CENTRO INTERNACIONAL,3,ENTRE 10 Y 20 ANOS,4.61,-74.07,USADO,2500000.0,0,0,0,0,1,0,0,0,0,1,False,SANTA FE,SAN DIEGO,Calle 26,226.71,1,PARQUE METROPOLITANO INDEPENDENCIA BICENTENARIO,419.39,1,0.33,40322.58,0.33,1.5,0.0,6.41,0.05,186.96,9.0
164-M4586821,APARTAMENTO,ARRIENDO,20.32,56.0,3.0,1.0,3921395.93,0.0,CASTILLA MARSELLA,3,ENTRE 0 Y 5 ANOS,4.63,-74.13,USADO,1350000.0,0,0,0,0,0,0,0,0,0,1,False,KENNEDY,LOS PINOS DE MARSELLA,Marsella,515.92,0,PARQUE ZONAL MARSELLA,316.41,1,0.36,24107.14,0.0,3.0,0.0,0.34,0.05,1310.61,0.0
34-M3976283,APARTAMENTO,ARRIENDO,20.32,184.0,3.0,4.0,1264000.0,2.0,CHICO,6,MAS DE 20 ANOS,4.67,-74.05,USADO,7736000.0,0,1,0,0,1,0,0,0,0,1,False,CHAPINERO,LA CABRERA,Héroes - Gel´Hada,1309.43,0,PARQUE VECINAL URBANIZACIÓN LA CABRERA,372.84,1,0.11,42043.48,0.67,0.75,0.0,6.12,0.02,401.64,3.0
164-M4567643,APARTAMENTO,ARRIENDO,20.32,55.74,3.0,1.0,3921395.93,0.0,ALTOS DE SUBA Y CERROS DE SAN JORGE,3,ENTRE 10 Y 20 ANOS,4.74,-74.08,USADO,1200000.0,0,0,0,0,0,0,0,0,0,1,False,SUBA,URB. SAN ALEJO,21 Ángeles,183.88,1,PARQUE ZONAL BELLAVISTA DINDALITO,699.53,0,0.36,21528.53,0.0,3.0,0.0,0.31,0.05,1768.5,0.0
164-M4491242,APARTAMENTO,ARRIENDO,20.32,40.0,2.0,1.0,3921395.93,0.0,CASTILLA MARSELLA,3,ENTRE 5 Y 10 ANOS,4.64,-74.15,USADO,1200000.0,0,0,0,0,0,0,0,0,0,1,False,KENNEDY,URBANIZACION VILLAS DE CASTILLA,Transversal 86,870.21,0,PARQUE ZONAL CASTILLA,914.33,0,0.51,30000.0,0.0,2.0,0.0,0.31,0.05,2208.58,0.0
164-M4586495,APARTAMENTO,ARRIENDO,20.32,38.0,1.0,1.0,3921395.93,0.0,,3,ENTRE 0 Y 5 ANOS,4.66,-74.12,USADO,1500000.0,0,0,0,0,1,0,0,0,0,1,False,FONTIBON,LA ESPERANZA_,Normandía,1139.85,0,PARQUE ZONAL CANAL BOYACA,404.36,1,0.53,39473.68,0.0,1.0,0.0,0.38,0.03,517.94,0.0
164-M4204442,APARTAMENTO,ARRIENDO,20.32,48.0,3.0,2.0,3921395.93,0.0,BOSA SOACHA,2,ENTRE 0 Y 5 ANOS,4.62,-74.2,USADO,850000.0,0,0,0,0,0,0,0,0,0,1,False,BOSA,S.C. ISLANDIA,La Despensa,2559.92,0,PARQUE ZONAL PALESTINA,617.11,0,0.42,17708.33,0.0,1.5,0.0,0.22,0.06,1771.61,0.0
164-M4618403,APARTAMENTO,ARRIENDO,20.32,50.0,2.0,1.0,3921395.93,1.0,LA SOLEDAD,4,REMODELADO,4.63,-74.07,USADO,1800000.0,0,0,0,0,0,0,0,0,0,0,False,TEUSAQUILLO,PALERMO,Calle 45 - American School Way,479.17,1,PARQUE METROPOLITANO PARQUE NACIONAL (PM2A) ENRIQUE OLAYA HERRERA (SECTOR HISTORICO),1147.56,0,0.41,36000.0,0.5,2.0,0.0,0.46,0.04,623.37,0.0
164-M4656798,APARTAMENTO,ARRIENDO,20.32,45.0,2.0,1.0,3921395.93,0.0,CIUDAD BOLIVAR,2,REMODELADO,4.57,-74.15,USADO,900000.0,0,0,0,0,0,0,0,0,0,0,False,CIUDAD BOLIVAR,CANDELARIA LA NUEVA,Portal Tunal,1296.05,0,PARQUE ZONAL CANDELARIA LA NUEVA,517.28,0,0.45,20000.0,0.0,2.0,0.0,0.23,0.04,2421.38,0.0
164-M4666949,APARTAMENTO,ARRIENDO,20.32,45.0,1.0,1.0,3921395.93,0.0,COLINA Y ALREDEDORES,3,MAS DE 20 ANOS,4.72,-74.06,USADO,850000.0,0,0,0,0,0,0,0,0,0,0,False,SUBA,S.C. PRADO VERANIEGO NORTE,Prado,732.13,0,PARQUE VECINAL PRADO PINZÓN,960.13,0,0.45,18888.89,0.0,1.0,0.0,0.22,0.02,692.21,0.0
164-M4656802,APARTAMENTO,ARRIENDO,20.32,40.0,1.0,1.0,3921395.93,0.0,CIUDAD BOLIVAR,3,REMODELADO,4.57,-74.15,USADO,800000.0,0,0,0,0,0,0,0,0,0,0,False,CIUDAD BOLIVAR,CANDELARIA LA NUEVA,Portal Tunal,1296.05,0,PARQUE ZONAL CANDELARIA LA NUEVA,517.28,0,0.51,20000.0,0.0,1.0,0.0,0.2,0.02,2421.38,0.0
3325-M4512291,APARTAMENTO,ARRIENDO,20.32,72.0,3.0,1.0,3921395.93,0.0,ALTOS DE SUBA Y CERROS DE SAN JORGE,2,MAS DE 20 ANOS,4.72,-74.08,USADO,700000.0,0,0,0,0,0,0,0,0,0,0,False,SUBA,CIUDAD HUNZA,Suba - AV. Boyacá,1060.38,0,PARQUE VECINAL AGRUPACIÓN DE VIVIENDA EN BALCON DE LINDARAJA,821.54,0,0.28,9722.22,0.0,3.0,0.0,0.18,0.04,1697.05,0.0
164-M4463529,APARTAMENTO,ARRIENDO,20.32,30.0,1.0,1.0,3921395.93,0.0,ALTOS DE SUBA Y CERROS DE SAN JORGE,2,MAS DE 20 ANOS,4.74,-74.12,USADO,550000.0,0,0,0,0,0,0,0,0,0,0,False,SUBA,LISBOA,Portal Suba,2766.67,0,PARQUE VECINAL BERLIN,425.14,1,0.68,18333.33,0.0,1.0,0.0,0.14,0.03,2708.21,0.0
164-M4741972,APARTAMENTO,ARRIENDO,20.32,56.0,3.0,1.0,3921395.93,0.0,KENNEDY,3,ENTRE 0 Y 5 ANOS,4.62,-74.17,USADO,750000.0,0,0,0,0,0,0,0,0,0,0,False,KENNEDY,KENNEDY SUPERMANZANA 15,Portal Américas,1286.19,0,PARQUE ZONAL LA AMISTAD,949.6,0,0.36,13392.86,0.0,3.0,0.0,0.19,0.05,2782.84,0.0
164-M4654724,APARTAMENTO,ARRIENDO,20.32,50.0,3.0,2.0,3921395.93,0.0,PUENTE ARANDA,3,REMODELADO,4.61,-74.1,USADO,1300000.0,0,0,0,0,0,0,0,0,0,0,False,PUENTE ARANDA,PENSILVANIA,Ricaurte - NQS,168.59,1,PARQUE ZONAL INDUSTRIAL LOS EJIDOS,658.18,0,0.41,26000.0,0.0,1.5,0.0,0.33,0.06,2631.7,0.0
164-M4472423,APARTAMENTO,ARRIENDO,20.32,80.0,3.0,2.0,3921395.93,0.0,CORTIJO AUTOPISTA MEDELLIN,3,MAS DE 20 ANOS,4.71,-74.1,USADO,1300000.0,0,0,0,0,0,0,0,0,0,0,False,ENGATIVA,QUIRIGUA CENTRAL,Carrera 90,1177.26,0,PARQUE VECINAL URBANIZACIÓN BACHUE PRIMERA ETAPA,379.04,1,0.25,16250.0,0.0,1.5,0.0,0.33,0.04,1497.92,0.0
164-M4589317,APARTAMENTO,ARRIENDO,20.32,56.0,2.0,1.0,3921395.93,0.0,ENGATIVA,3,ENTRE 0 Y 5 ANOS,4.71,-74.13,USADO,850000.0,0,0,0,0,0,0,0,0,0,0,False,ENGATIVA,PORVENIR,Portal 80,2466.19,0,PARQUE ZONAL EL CARMELO,1582.64,0,0.36,15178.57,0.0,2.0,0.0,0.22,0.04,1293.68,0.0
164-M4742696,APARTAMENTO,ARRIENDO,20.32,33.0,1.0,1.0,3921395.93,0.0,KENNEDY,3,MAS DE 20 ANOS,4.62,-74.16,USADO,900000.0,0,0,0,0,0,0,0,0,0,0,False,KENNEDY,NUEVO KENNEDY,Portal Américas,1472.13,0,PARQUE ZONAL LA AMISTAD,894.81,0,0.62,27272.73,0.0,1.0,0.0,0.23,0.03,2611.25,0.0
164-M3200085,APARTAMENTO,ARRIENDO,20.32,80.0,3.0,2.0,100000.0,1.0,CASTILLA MARSELLA,3,ENTRE 0 Y 5 ANOS,4.64,-74.14,USADO,1800000.0,0,0,0,0,0,0,0,0,0,0,False,KENNEDY,BAVARIA TECHO,Mandalay,1287.19,0,PARQUE ZONAL CASTILLA,330.32,1,0.25,22500.0,0.33,1.5,0.0,18.0,0.04,1229.08,0.0
164-M4661107,APARTAMENTO,ARRIENDO,20.32,95.0,3.0,1.0,3921395.93,0.0,RAFAEL URIBE URIBE TUNJUELITO,3,MAS DE 20 ANOS,4.59,-74.14,USADO,1250000.0,0,0,0,0,0,0,0,0,0,0,False,TUNJUELITO,NUEVO MUZU II SECTOR 1 A ETAPA,Sevillana,731.47,0,PARQUE VECINAL URBANIZACIÓN LAS LAGUNETA,391.75,1,0.21,13157.89,0.0,3.0,0.0,0.32,0.03,1401.16,0.0
164-M4329365,APARTAMENTO,ARRIENDO,20.32,50.0,2.0,1.0,3921395.93,0.0,ENGATIVA,3,MAS DE 20 ANOS,4.71,-74.13,USADO,900000.0,0,0,0,0,0,0,0,0,0,0,False,ENGATIVA,BOSQUES DE MARIANA,Portal 80,1947.11,0,PARQUE ZONAL EL CARMELO,1104.29,0,0.41,18000.0,0.0,2.0,0.0,0.23,0.04,1507.65,0.0
164-M3849966,APARTAMENTO,ARRIENDO,20.32,65.0,2.0,2.0,3921395.93,1.0,SANTA BARBARA,5,REMODELADO,4.7,-74.04,USADO,2700000.0,0,0,0,0,0,0,0,0,0,1,False,USAQUEN,SANTA BARBARA CENTRAL I SECTOR,Calle 127,1512.04,0,PARQUE METROPOLITANO EL COUNTRY,644.15,0,0.31,41538.46,0.5,1.0,0.0,0.69,0.03,377.47,1.0
14737-M4670068,APARTAMENTO,ARRIENDO,20.32,87.0,2.0,2.0,3921395.93,2.0,COUNTRY,5,ENTRE 0 Y 5 ANOS,4.72,-74.04,USADO,3150000.0,0,0,0,0,1,0,0,0,0,1,False,USAQUEN,EL CONTADOR,Alcalá,801.66,0,PARQUE VECINAL PRADO PINZÓN,1186.8,0,0.23,36206.9,1.0,1.0,0.0,0.8,0.02,316.52,1.0
164-M4355597,APARTAMENTO,ARRIENDO,20.32,110.0,4.0,3.0,3921395.93,1.0,CENTRO INTERNACIONAL,4,ENTRE 10 Y 20 ANOS,4.61,-74.07,USADO,2900000.0,0,0,0,0,0,0,0,0,0,1,False,SANTA FE,BOSQUE IZQUIERDO,San Diego,460.67,1,PARQUE METROPOLITANO INDEPENDENCIA BICENTENARIO,196.06,1,0.18,26363.64,0.25,1.33,0.0,0.74,0.04,390.82,7.0
164-M4681168,APARTAMENTO,ARRIENDO,20.32,95.0,3.0,1.0,3921395.93,0.0,,3,ENTRE 10 Y 20 ANOS,4.62,-74.14,USADO,1900000.0,0,0,0,0,0,0,0,0,0,0,False,KENNEDY,EL TRIANGULO,Mandalay,1333.22,0,PARQUE VECINAL LAS AMÉRICAS OCCIDENTAL IV ETAPA,235.12,1,0.21,20000.0,0.0,3.0,0.0,0.48,0.03,447.35,1.0
164-M4730994,APARTAMENTO,ARRIENDO,20.32,52.0,3.0,1.0,3921395.93,0.0,KENNEDY,3,ENTRE 0 Y 5 ANOS,4.63,-74.17,USADO,1000000.0,0,0,0,0,1,0,0,0,0,1,False,KENNEDY,VILLA MENDOZA,Portal Américas,333.61,1,PARQUE ZONAL GILMA JIMENEZ (LAS MARGARITAS),379.92,1,0.39,19230.77,0.0,3.0,0.0,0.26,0.06,2678.14,0.0
164-M4715746,APARTAMENTO,ARRIENDO,20.32,49.0,3.0,1.0,3921395.93,0.0,TIMIZA LA ALQUERIA,3,ENTRE 10 Y 20 ANOS,4.61,-74.17,USADO,900000.0,0,0,0,0,0,0,0,0,0,0,False,KENNEDY,NUEVA ROMA ULTIMA ETAPA - BERTHA HERNANDEZ OSPINA,Portal Sur - JFK Coop. Financiera,1073.09,0,PARQUE VECINAL LAS LUCES Y VILLA RICA,279.32,1,0.41,18367.35,0.0,3.0,0.0,0.23,0.06,1508.64,0.0
164-M4018134,APARTAMENTO,ARRIENDO,20.32,65.0,2.0,2.0,3921395.93,0.0,CENTRO Y ZONA COLONIAL,3,ENTRE 10 Y 20 ANOS,4.61,-74.07,USADO,1550000.0,0,0,0,0,0,0,0,0,0,1,False,SANTA FE,LAS NIEVES,Universidades,318.91,1,PARQUE METROPOLITANO INDEPENDENCIA BICENTENARIO,622.23,0,0.31,23846.15,0.0,1.0,0.0,0.4,0.03,452.24,1.0
164-M4526035,APARTAMENTO,ARRIENDO,20.32,50.0,3.0,1.0,3921395.93,0.0,FONTIBON TINTAL,3,ENTRE 0 Y 5 ANOS,4.68,-74.16,USADO,1050000.0,0,0,0,0,1,0,0,0,0,1,False,FONTIBON,EL CHARCO,Portal El Dorado,3965.35,0,PARQUE ZONAL LA CONCORDIA,833.73,0,0.41,21000.0,0.0,3.0,0.0,0.27,0.06,2238.57,0.0
164-M4525461,APARTAMENTO,ARRIENDO,20.32,56.0,3.0,1.0,3921395.93,0.0,BOSA SOACHA,2,ENTRE 10 Y 20 ANOS,4.63,-74.2,USADO,800000.0,0,0,0,0,0,0,0,0,0,1,False,BOSA,NUEVO RECREO,Portal Américas,3276.55,0,PARQUE VECINAL URBANIZACIÓN PORTAL DEL SOL,528.42,0,0.36,14285.71,0.0,3.0,0.0,0.2,0.05,3274.66,0.0
164-M4684596,APARTAMENTO,ARRIENDO,20.32,70.0,2.0,2.0,3921395.93,1.0,TIMIZA LA ALQUERIA,3,MAS DE 20 ANOS,4.6,-74.12,USADO,1300000.0,0,0,0,0,0,0,0,0,0,0,False,PUENTE ARANDA,VILLA DEL ROSARIO,NQS - Calle 38A S,675.49,0,PARQUE METROPOLITANO SANTA LUCIA,526.62,0,0.29,18571.43,0.5,1.0,0.0,0.33,0.03,838.92,0.0
646-M4742443,APARTAMENTO,ARRIENDO,20.32,51.0,2.0,1.0,151000.0,0.0,CENTRO Y ZONA COLONIAL,3,MAS DE 20 ANOS,4.6,-74.07,USADO,1376000.0,0,0,0,0,1,0,0,0,0,1,False,SANTA FE,VERACRUZ__,Las Aguas - Centro Colombo Americano,237.35,1,PARQUE ZONAL SENDERO A MONSERRATE,947.22,0,0.4,26980.39,0.0,2.0,0.0,9.11,0.04,302.2,2.0
164-M4572496,APARTAMENTO,ARRIENDO,20.32,50.0,2.0,1.0,3921395.93,0.0,CASTILLA MARSELLA,3,REMODELADO,4.64,-74.13,USADO,1100000.0,0,0,0,0,0,0,0,0,0,0,False,KENNEDY,VILLA ALSACIA CIUDADELA,Marsella,1058.12,0,PARQUE ZONAL MARSELLA,869.29,0,0.41,22000.0,0.0,2.0,0.0,0.28,0.04,755.38,0.0
164-M4471439,APARTAMENTO,ARRIENDO,20.32,70.0,3.0,2.0,3921395.93,0.0,NORMANDIA,3,MAS DE 20 ANOS,4.68,-74.11,USADO,1100000.0,0,0,0,0,0,0,0,0,0,0,False,ENGATIVA,LOS MONJES,Modelia,789.94,0,PARQUE VECINAL MODELIA SECTOR A,1486.17,0,0.29,15714.29,0.0,1.5,0.0,0.28,0.04,411.28,2.0
164-M4742337,APARTAMENTO,ARRIENDO,20.32,85.0,3.0,2.0,3921395.93,1.0,,4,ENTRE 0 Y 5 ANOS,4.67,-74.11,USADO,3500000.0,0,0,0,0,0,0,0,0,0,1,False,ENGATIVA,S.C. SAN IGNACIO,Modelia,325.51,1,PARQUE VECINAL MODELIA SECTOR A,760.24,0,0.24,41176.47,0.33,1.5,0.0,0.89,0.04,1135.34,0.0
164-M4656821,APARTAMENTO,ARRIENDO,20.32,45.0,2.0,1.0,3921395.93,0.0,CIUDAD BOLIVAR,2,REMODELADO,4.64,-74.15,USADO,900000.0,0,0,0,0,0,0,0,0,0,0,False,KENNEDY,PIO XII,Transversal 86,225.31,1,PARQUE METROPOLITANO BIBLIOTECA EL TINTAL,986.82,0,0.45,20000.0,0.0,2.0,0.0,0.23,0.04,2613.51,0.0
164-M4476484,APARTAMENTO,ARRIENDO,20.32,69.0,3.0,2.0,3921395.93,1.0,CHAPINERO,4,REMODELADO,4.65,-74.07,USADO,2000000.0,0,0,0,0,0,0,0,0,0,0,False,TEUSAQUILLO,SAN LUIS,Calle 63,661.23,0,PARQUE ZONAL GIMNASIO DEL NORTE,775.96,0,0.29,28985.51,0.33,1.5,0.0,0.51,0.04,789.2,0.0
183-M4706341,APARTAMENTO,ARRIENDO,20.32,50.0,3.0,1.0,270000.0,1.0,ORQUIDEAS,3,ENTRE 0 Y 5 ANOS,4.74,-74.04,USADO,1130000.0,0,0,0,0,0,0,0,0,0,1,False,USAQUEN,TOBERIN,Toberin - Foundever,1063.36,0,PARQUE VECINAL URBANIZACIÓN TOBERIN,187.51,1,0.41,22600.0,0.33,3.0,0.0,4.19,0.06,495.13,1.0
164-M4742338,APARTAMENTO,ARRIENDO,20.32,39.0,2.0,1.0,3921395.93,0.0,TIMIZA LA ALQUERIA,3,ENTRE 0 Y 5 ANOS,4.61,-74.15,USADO,1300000.0,0,0,0,0,1,0,0,0,0,1,False,KENNEDY,TIMIZA,Sevillana,1562.95,0,PARQUE VECINAL LA ALEJANDRA,403.62,1,0.52,33333.33,0.0,2.0,0.0,0.33,0.05,1338.98,0.0
164-M4298798,APARTAMENTO,ARRIENDO,20.32,44.0,3.0,2.0,3921395.93,0.0,FONTIBON TINTAL,3,ENTRE 0 Y 5 ANOS,4.7,-74.17,USADO,1050000.0,0,0,0,0,0,0,0,0,0,1,False,FONTIBON,S.C. PUENTE GRANDE,Portal El Dorado,5374.54,0,PARQUE ZONAL LA CONCORDIA,2401.38,0,0.46,23863.64,0.0,1.5,0.0,0.27,0.07,2462.0,0.0
699-M4709730,APARTAMENTO,ARRIENDO,20.32,165.0,3.0,5.0,1300000.0,2.0,CHICO,6,ENTRE 0 Y 5 ANOS,4.67,-74.05,USADO,14000000.0,0,0,0,0,1,1,0,0,0,1,False,CHAPINERO,LA CABRERA,Calle 85,1251.71,0,PARQUE VECINAL URBANIZACIÓN LA CABRERA,198.63,1,0.12,84848.48,0.67,0.6,0.0,10.77,0.02,196.87,3.0
4566-M4619133,APARTAMENTO,ARRIENDO,20.32,167.0,3.0,4.0,1100000.0,2.0,CHICO,6,MAS DE 20 ANOS,4.66,-74.05,USADO,7500000.0,0,0,0,0,0,0,0,0,0,0,False,CHAPINERO,LOS ROSALES,Calle 72,1492.09,0,PARQUE ZONAL GUSTAVO URIBE BOTERO,730.0,0,0.12,44910.18,0.67,0.75,0.0,6.82,0.02,741.24,0.0
164-M4612022,APARTAMENTO,ARRIENDO,20.32,57.0,2.0,1.0,3921395.93,0.0,CORTIJO AUTOPISTA MEDELLIN,2,ENTRE 10 Y 20 ANOS,4.71,-74.11,USADO,900000.0,0,0,0,0,0,0,0,0,0,0,False,ENGATIVA,BOCHICA II,Portal 80,454.1,1,PARQUE VECINAL URBANIZACIÓN EL MADRIGAL PRIMER SECTOR,784.98,0,0.36,15789.47,0.0,2.0,0.0,0.23,0.04,498.06,1.0
164-M3792946,APARTAMENTO,ARRIENDO,20.32,140.0,3.0,2.0,3921395.93,0.0,TIMIZA LA ALQUERIA,3,MAS DE 20 ANOS,4.61,-74.13,USADO,1150000.0,0,0,0,0,0,0,0,0,0,0,False,PUENTE ARANDA,TEJAR,NQS - Calle 38A S,1521.32,0,PARQUE METROPOLITANO SANTA LUCIA,971.55,0,0.15,8214.29,0.0,1.5,0.0,0.29,0.02,1657.67,0.0
164-M4659983,APARTAMENTO,ARRIENDO,20.32,48.0,2.0,1.0,3921395.93,1.0,ENGATIVA,3,MAS DE 20 ANOS,4.67,-74.1,USADO,1400000.0,0,0,0,0,0,0,0,0,0,0,False,ENGATIVA,BOSQUE POPULAR - EL TREBOL,AV. Rojas,1771.9,0,PARQUE ESCENARIO DEPORTIVO UNIDAD DEPORTIVA EL SALITRE SIMON BOLIVAR,329.87,1,0.42,29166.67,0.5,2.0,0.0,0.36,0.04,738.37,0.0
164-M4730414,APARTAMENTO,ARRIENDO,20.32,42.0,2.0,1.0,3921395.93,0.0,CIUDAD BOLIVAR,3,ENTRE 0 Y 5 ANOS,4.59,-74.16,USADO,950000.0,0,0,0,0,0,0,0,0,0,1,False,CIUDAD BOLIVAR,S.C. ATLANTA,CC Paseo Villa del Río - Madelena,941.34,0,PARQUE ZONAL EL TALLER EL ENSUEÑO,447.45,1,0.48,22619.05,0.0,2.0,0.0,0.24,0.05,1246.23,0.0
164-M4732580,APARTAMENTO,ARRIENDO,20.32,50.0,2.0,1.0,3921395.93,0.0,NORMANDIA,4,MAS DE 20 ANOS,4.67,-74.11,USADO,1500000.0,0,0,0,0,0,0,0,0,0,1,False,ENGATIVA,NORMANDIA OCCIDENTAL,Normandía,92.62,1,PARQUE ZONAL CANAL BOYACA,847.2,0,0.41,30000.0,0.0,2.0,0.0,0.38,0.04,806.96,0.0
164-M4688640,APARTAMENTO,ARRIENDO,20.32,25.2,1.0,1.0,3921395.93,0.0,CENTRO Y ZONA COLONIAL,3,ENTRE 0 Y 5 ANOS,4.59,-74.1,USADO,1200000.0,0,0,0,0,1,0,0,0,0,1,False,ANTONIO NARINO,RESTREPO,Fucha,412.21,1,PARQUE ESCENARIO DEPORTIVO GIMNASIO DEL SUR,506.99,0,0.81,47619.05,0.0,1.0,0.0,0.31,0.04,2653.85,0.0
164-M4356150,APARTAMENTO,ARRIENDO,20.32,110.0,4.0,3.0,3921395.93,0.0,NIZA ALHAMBRA,4,ENTRE 10 Y 20 ANOS,4.7,-74.07,USADO,3500000.0,0,0,0,0,1,0,0,0,0,1,True,SUBA,NIZA SUR,Suba - Calle 116,417.66,1,PARQUE ZONAL MORATO,605.98,0,0.18,31818.18,0.0,1.33,0.0,0.89,0.04,892.0,0.0
164-M4726197,APARTAMENTO,ARRIENDO,20.32,50.0,3.0,2.0,3921395.93,1.0,ALTOS DE SUBA Y CERROS DE SAN JORGE,3,ENTRE 5 Y 10 ANOS,4.75,-74.1,USADO,1800000.0,0,0,0,0,1,0,0,0,0,0,False,SUBA,PINOS DE LOMBARDIA - IMPERIAL (FINCA),Portal Suba,580.77,0,PARQUE VECINAL URBANIZACIÓN LOMBARDIA II ETAPA,486.74,1,0.41,36000.0,0.33,1.5,0.0,0.46,0.06,302.43,1.0
164-M4584719,APARTAMENTO,ARRIENDO,20.32,80.0,3.0,1.0,3921395.93,0.0,CIUDAD BOLIVAR,2,MAS DE 20 ANOS,4.59,-74.17,USADO,850000.0,0,0,0,0,0,0,0,0,0,0,False,CIUDAD BOLIVAR,URB. GALICIA,Portal Sur - JFK Coop. Financiera,934.58,0,PARQUE ZONAL LA ESTANCIA,406.12,1,0.25,10625.0,0.0,3.0,0.0,0.22,0.04,2116.76,0.0
164-M4360319,APARTAMENTO,ARRIENDO,20.32,50.0,3.0,1.0,3921395.93,0.0,TIMIZA LA ALQUERIA,3,ENTRE 10 Y 20 ANOS,4.6,-74.12,USADO,1200000.0,0,0,0,0,0,0,0,0,0,0,False,PUENTE ARANDA,VILLA DEL ROSARIO,NQS - Calle 38A S,649.47,0,PARQUE METROPOLITANO SANTA LUCIA,490.87,1,0.41,24000.0,0.0,3.0,0.0,0.31,0.06,811.1,0.0
3057-M4452123,APARTAMENTO,ARRIENDO,20.32,150.0,4.0,5.0,3921395.93,2.0,SANTA BARBARA,5,MAS DE 20 ANOS,4.7,-74.04,USADO,4500000.0,0,1,0,0,0,0,0,0,0,0,False,USAQUEN,SANTA BARBARA CENTRAL I SECTOR,Calle 127,1770.87,0,PARQUE METROPOLITANO EL COUNTRY,613.43,0,0.14,30000.0,0.5,0.8,0.0,1.15,0.03,522.68,0.0
164-M4551095,APARTAMENTO,ARRIENDO,20.32,40.0,1.0,1.0,3921395.93,0.0,RAFAEL URIBE URIBE TUNJUELITO,2,REMODELADO,4.71,-74.07,USADO,500000.0,0,0,0,0,0,0,0,0,0,0,False,SUBA,NIZA SUR,Niza - Calle 127,106.66,1,PARQUE ZONAL LOS LACHES LA MINA,0.27,1,0.51,12500.0,0.0,1.0,0.0,0.13,0.02,0.27,10.0
5031-M4496953,APARTAMENTO,ARRIENDO,20.32,32.0,1.0,1.0,3921395.93,0.0,CASTILLA MARSELLA,3,MAS DE 20 ANOS,4.63,-74.14,USADO,1000000.0,0,0,0,0,0,0,0,0,0,1,False,KENNEDY,MARSELLA ALOHA SECTOR SUR,AV. Américas - AV. Boyacá,226.68,1,PARQUE ZONAL MARSELLA,856.81,0,0.64,31250.0,0.0,1.0,0.0,0.26,0.03,1448.83,0.0
164-M4681257,APARTAMENTO,ARRIENDO,20.32,44.0,2.0,1.0,3921395.93,0.0,ENGATIVA,3,MAS DE 20 ANOS,4.7,-74.11,USADO,1100000.0,0,0,0,0,0,0,0,0,0,0,False,ENGATIVA,ALAMOS NORTE,Quirigua,828.71,0,PARQUE ZONAL EL CARMELO,478.54,1,0.46,25000.0,0.0,2.0,0.0,0.28,0.05,149.73,1.0
164-M4297865,APARTAMENTO,ARRIENDO,20.32,140.0,4.0,3.0,3921395.93,0.0,NORMANDIA,5,REMODELADO,4.67,-74.11,USADO,3500000.0,0,0,0,0,0,0,0,0,0,1,False,ENGATIVA,NORMANDIA OCCIDENTAL,Normandía,322.87,1,PARQUE VECINAL MODELIA SECTOR A,990.22,0,0.15,25000.0,0.0,1.33,0.0,0.89,0.03,753.28,0.0
164-M4655937,APARTAMENTO,ARRIENDO,20.32,65.0,3.0,1.0,3921395.93,0.0,FONTIBON TINTAL,3,REMODELADO,4.67,-74.14,USADO,1600000.0,0,0,0,0,0,0,0,0,0,1,False,FONTIBON,GUADUAL,Portal El Dorado,2813.94,0,PARQUE VECINAL VILLA HELENA VILLEMAR,589.03,0,0.31,24615.38,0.0,3.0,0.0,0.41,0.05,1295.79,0.0
661-M4679264,APARTAMENTO,ARRIENDO,20.32,80.0,3.0,2.0,3921395.93,0.0,ENGATIVA,3,ENTRE 5 Y 10 ANOS,4.72,-74.14,USADO,1100000.0,0,0,0,0,0,0,0,0,0,0,False,ENGATIVA,LA TORTIGUA,Portal 80,3649.49,0,PARQUE REGIONAL LA FLORIDA,1468.68,0,0.25,13750.0,0.0,1.5,0.0,0.28,0.04,1901.06,0.0
14236-M4659586,APARTAMENTO,ARRIENDO,20.32,250.0,2.0,2.0,1693400.0,2.0,CHICO,6,MAS DE 20 ANOS,4.66,-74.05,USADO,11693400.0,0,1,0,0,1,0,0,0,0,1,False,CHAPINERO,S.C. BELLAVISTA,Calle 72,920.38,0,PARQUE ZONAL GUSTAVO URIBE BOTERO,669.05,0,0.08,46773.6,1.0,1.0,0.0,6.91,0.01,172.49,4.0
164-M4601232,APARTAMENTO,ARRIENDO,20.32,35.0,1.0,1.0,3921395.93,1.0,CENTRO Y ZONA COLONIAL,3,ENTRE 0 Y 5 ANOS,4.59,-74.08,USADO,1500000.0,0,0,0,0,1,0,0,0,0,1,False,SANTA FE,,Bicentenario,511.15,0,PARQUE VECINAL DESARROLLO LOURDES,651.31,0,0.58,42857.14,1.0,1.0,0.0,0.38,0.03,404.51,1.0
164-M3485433,APARTAMENTO,ARRIENDO,20.32,57.0,2.0,2.0,3921395.93,1.0,CENTRO NARINO,4,ENTRE 10 Y 20 ANOS,4.63,-74.1,USADO,3500000.0,0,0,0,0,0,0,0,0,0,1,False,TEUSAQUILLO,SANTA CLARA,Quinta Paredes,443.19,1,PARQUE VECINAL SANTA CLARA,217.8,1,0.36,61403.51,0.5,1.0,0.0,0.89,0.04,521.09,0.0
164-M4160729,APARTAMENTO,ARRIENDO,20.32,100.0,2.0,1.0,3921395.93,0.0,ENGATIVA,3,MAS DE 20 ANOS,4.69,-74.1,USADO,1400000.0,0,0,0,0,0,0,0,0,0,0,False,ENGATIVA,SANTA MARIA I Y II SECTOR,Minuto de Dios,783.49,0,PARQUE ZONAL BONANZA,713.19,0,0.2,14000.0,0.0,2.0,0.0,0.36,0.02,1129.71,0.0
34-M4696164,APARTAMENTO,ARRIENDO,20.32,99.0,3.0,2.0,257000.0,1.0,LA SOLEDAD,4,MAS DE 20 ANOS,4.63,-74.08,USADO,3200000.0,0,0,0,0,1,0,0,0,0,0,False,TEUSAQUILLO,LA SOLEDAD,AV. ElDorado,496.3,1,PARQUE METROPOLITANO EL RENACIMIENTO - PARQUE CEMENTERIO CENTRAL,1173.79,0,0.21,32323.23,0.33,1.5,0.0,12.45,0.03,556.92,0.0
661-M4735538,APARTAMENTO,ARRIENDO,20.32,37.0,1.0,1.0,140000.0,0.0,ORQUIDEAS,3,ENTRE 0 Y 5 ANOS,4.75,-74.04,USADO,1450000.0,0,0,0,0,0,0,0,0,0,1,False,USAQUEN,TOBERIN,Toberin - Foundever,603.55,0,PARQUE VECINAL URBANIZACIÓN TOBERIN,615.84,0,0.55,39189.19,0.0,1.0,0.0,10.36,0.03,668.29,0.0
164-M4459573,APARTAMENTO,ARRIENDO,20.32,60.0,2.0,2.0,3921395.93,0.0,BOSA SOACHA,3,ENTRE 0 Y 5 ANOS,4.62,-74.19,USADO,1100000.0,0,0,0,0,0,0,0,0,0,0,False,BOSA,EL CAUCE,Portal Américas,2213.88,0,PARQUE VECINAL URBANIZACIÓN CHICALA LOTE A,1174.28,0,0.34,18333.33,0.0,1.0,0.0,0.28,0.03,2291.13,0.0
164-M4547806,APARTAMENTO,ARRIENDO,20.32,50.0,2.0,1.0,3921395.93,0.0,ENGATIVA,2,ENTRE 5 Y 10 ANOS,4.73,-74.12,USADO,820000.0,0,0,0,0,0,0,0,0,0,0,False,ENGATIVA,CIUDADELA COLSUBSIDIO 4 SECTOR,Portal 80,2675.74,0,PARQUE VECINAL URBANIZACIÓN NUEVA TIBABUYES 1,1052.68,0,0.41,16400.0,0.0,2.0,0.0,0.21,0.04,2525.46,0.0
346-M4699445,APARTAMENTO,ARRIENDO,20.32,200.0,4.0,3.0,350000.0,1.0,CHICO,5,MAS DE 20 ANOS,4.67,-74.06,USADO,4200000.0,0,1,0,0,0,0,0,0,0,0,False,CHAPINERO,S.C. LAGO GAITAN,Héroes - Gel´Hada,423.81,1,PARQUE ZONAL SAN ANDRÉS,557.99,0,0.1,21000.0,0.25,1.33,0.0,12.0,0.02,141.94,6.0
5175-M4653681,APARTAMENTO,ARRIENDO,20.32,54.0,2.0,2.0,3921395.93,1.0,CEDRITOS,5,ENTRE 5 Y 10 ANOS,4.72,-74.04,USADO,2500000.0,1,0,0,0,1,0,0,0,0,1,False,USAQUEN,LOS CEDRITOS,Calle 142,994.89,0,PARQUE VECINAL NUEVA URBANIZACIÓN EL CEDRITO,939.94,0,0.38,46296.3,0.5,1.0,0.0,0.64,0.04,667.97,0.0
164-M4734346,APARTAMENTO,ARRIENDO,20.32,60.0,3.0,1.0,3921395.93,0.0,CIUDAD BOLIVAR,2,ENTRE 10 Y 20 ANOS,4.59,-74.18,USADO,700000.0,0,0,0,0,0,0,0,0,0,0,False,CIUDAD BOLIVAR,EL PORVENIR DE LA ESTANCIA,Portal Sur - JFK Coop. Financiera,1063.05,0,PARQUE ZONAL LA ESTANCIA,438.53,1,0.34,11666.67,0.0,3.0,0.0,0.18,0.05,1981.06,0.0
164-M4680725,APARTAMENTO,ARRIENDO,20.32,40.0,1.0,1.0,3921395.93,0.0,BOSA SOACHA,2,ENTRE 0 Y 5 ANOS,4.62,-74.18,USADO,600000.0,0,0,0,0,0,0,0,0,0,1,False,BOSA,VILLA SONIA II,Portal Américas,1555.67,0,PARQUE VECINAL URBANIZACIÓN CHICALA LOTE A,390.68,1,0.51,15000.0,0.0,1.0,0.0,0.15,0.02,1598.64,0.0
164-M3118688,APARTAMENTO,ARRIENDO,20.32,118.0,2.0,3.0,3921395.93,2.0,SANTA BARBARA,5,ENTRE 0 Y 5 ANOS,4.7,-74.04,USADO,6000000.0,0,0,0,0,1,0,0,0,0,0,False,USAQUEN,SANTA BARBARA CENTRAL IV SECTOR,Pepe Sierra,2156.33,0,PARQUE METROPOLITANO EL COUNTRY,748.56,0,0.17,50847.46,1.0,0.67,0.0,1.53,0.02,452.17,1.0
164-M4410101,APARTAMENTO,ARRIENDO,20.32,60.0,3.0,2.0,3921395.93,0.0,ENGATIVA,2,ENTRE 10 Y 20 ANOS,4.72,-74.14,USADO,900000.0,0,0,0,0,0,0,0,0,0,0,False,ENGATIVA,LA FAENA,Portal 80,3102.51,0,PARQUE ZONAL VILLAS DE GRANADA,1697.68,0,0.34,15000.0,0.0,1.5,0.0,0.23,0.05,1940.88,0.0
164-M4438031,APARTAMENTO,ARRIENDO,20.32,33.0,1.0,1.0,3921395.93,0.0,CENTRO Y ZONA COLONIAL,3,ENTRE 0 Y 5 ANOS,4.6,-74.09,USADO,1500000.0,0,0,0,0,0,0,0,0,0,1,False,LOS MARTIRES,LA ESTANZUELA_,Tygua - San José,69.01,1,PARQUE ZONAL EDUARDO SANTOS,245.79,1,0.62,45454.55,0.0,1.0,0.0,0.38,0.03,1238.06,0.0
3325-M4723664,APARTAMENTO,ARRIENDO,20.32,85.0,3.0,1.0,413000.0,1.0,ENGATIVA,3,REMODELADO,4.67,-74.1,USADO,1887000.0,0,0,0,0,0,0,0,0,0,0,False,ENGATIVA,LA RELIQUIA,Normandía,1208.4,0,PARQUE VECINAL URBANIZACIÓN LA EUROPA,1060.11,0,0.24,22200.0,0.33,3.0,0.0,4.57,0.04,572.32,0.0
12503-M4468787,APARTAMENTO,ARRIENDO,20.32,335.0,3.0,4.0,2000000.0,3.0,CHICO,6,MAS DE 20 ANOS,4.66,-74.05,USADO,9000000.0,0,0,0,0,1,0,0,0,0,1,False,CHAPINERO,LOS ROSALES,Calle 76 - San Felipe,1308.45,0,PARQUE ZONAL SAN ANDRÉS,428.83,1,0.06,26865.67,1.0,0.75,0.0,4.5,0.01,613.67,0.0
12503-M4593166,APARTAMENTO,ARRIENDO,20.32,157.0,3.0,4.0,1100000.0,2.0,COUNTRY,6,MAS DE 20 ANOS,4.71,-74.04,USADO,5200000.0,0,0,0,0,1,0,0,0,0,1,False,USAQUEN,LA_CAROLINA,Calle 127,1320.69,0,PARQUE METROPOLITANO EL COUNTRY,447.46,1,0.13,33121.02,0.67,0.75,0.0,4.73,0.02,304.96,1.0
164-M4631690,APARTAMENTO,ARRIENDO,20.32,30.0,1.0,1.0,3921395.93,0.0,PUENTE ARANDA,3,ENTRE 0 Y 5 ANOS,4.62,-74.12,USADO,1050000.0,0,0,0,0,0,0,0,0,0,0,False,PUENTE ARANDA,COLON,Distrito Grafiti,561.16,0,PARQUE METROPOLITANO PISTA DE BMX PRD,797.16,0,0.68,35000.0,0.0,1.0,0.0,0.27,0.03,855.52,0.0
34-M4426395,APARTAMENTO,ARRIENDO,20.32,188.29,3.0,3.0,3921395.93,4.0,NORMANDIA,4,MAS DE 20 ANOS,4.67,-74.11,USADO,3500000.0,0,0,0,0,0,0,0,0,0,0,False,ENGATIVA,NORMANDIA OCCIDENTAL,Normandía,247.36,1,PARQUE VECINAL MODELIA SECTOR A,919.11,0,0.11,18588.35,1.33,1.0,0.0,0.89,0.02,801.61,0.0
164-M4546536,APARTAMENTO,ARRIENDO,20.32,20.0,1.0,1.0,3921395.93,0.0,PUENTE ARANDA,3,MAS DE 20 ANOS,4.6,-74.11,USADO,600000.0,0,0,0,0,0,0,0,0,0,1,False,PUENTE ARANDA,REMANSO SUR,SENA,300.3,1,PARQUE ZONAL PARQUE INDUSTRIAL LOS EJIDOS,470.94,1,1.02,30000.0,0.0,1.0,0.0,0.15,0.05,1428.75,0.0
164-M4449992,APARTAMENTO,ARRIENDO,20.32,55.0,2.0,1.0,3921395.93,0.0,CIUDAD BOLIVAR,3,ENTRE 0 Y 5 ANOS,4.59,-74.16,USADO,1050000.0,0,0,0,0,0,0,0,0,0,1,False,CIUDAD BOLIVAR,S.C. ATLANTA,CC Paseo Villa del Río - Madelena,954.6,0,PARQUE ZONAL EL TALLER EL ENSUEÑO,453.25,1,0.37,19090.91,0.0,2.0,0.0,0.27,0.04,1254.4,0.0
164-M4672120,APARTAMENTO,ARRIENDO,20.32,80.0,3.0,2.0,3921395.93,1.0,ENGATIVA,3,ENTRE 0 Y 5 ANOS,4.7,-74.12,USADO,1738000.0,0,0,0,0,0,0,0,0,0,0,False,ENGATIVA,LOS ANGELES,Quirigua,1571.69,0,PARQUE ZONAL EL CARMELO,604.4,0,0.25,21725.0,0.33,1.5,0.0,0.44,0.04,600.41,0.0
164-M4453199,APARTAMENTO,ARRIENDO,20.32,42.0,3.0,1.0,3921395.93,1.0,CIUDAD BOLIVAR,3,ENTRE 5 Y 10 ANOS,4.59,-74.16,USADO,1100000.0,0,0,0,0,1,0,0,0,0,1,False,CIUDAD BOLIVAR,URB. CASA LARGA,CC Paseo Villa del Río - Madelena,542.48,0,PARQUE VECINAL URBANIZACIÓN BALMORAL CESIÓN GUADALUPE,514.43,0,0.48,26190.48,0.33,3.0,0.0,0.28,0.07,1001.67,0.0
164-M4212050,APARTAMENTO,ARRIENDO,20.32,52.0,2.0,1.0,3921395.93,0.0,,3,REMODELADO,4.71,-74.1,USADO,950000.0,0,0,0,0,0,0,0,0,0,0,False,ENGATIVA,S.C. PARIS GAITAN,AV. Cali,720.53,0,PARQUE ZONAL JUAN AMARILLO,399.7,1,0.39,18269.23,0.0,2.0,0.0,0.24,0.04,1639.93,0.0
164-M4590195,APARTAMENTO,ARRIENDO,20.32,50.0,3.0,1.0,3921395.93,1.0,RAFAEL URIBE URIBE TUNJUELITO,3,MAS DE 20 ANOS,4.58,-74.14,USADO,1050000.0,0,0,0,0,0,0,0,0,0,0,False,TUNJUELITO,SAN VICENTE FERRER,Alquería,1432.54,0,PARQUE METROPOLITANO TIMIZA (SECTOR VILLA DEL RIO),209.9,1,0.41,21000.0,0.33,3.0,0.0,0.27,0.06,1221.89,0.0
164-M4542161,APARTAMENTO,ARRIENDO,20.32,80.0,4.0,2.0,3921395.93,0.0,ENGATIVA,3,MAS DE 20 ANOS,4.7,-74.11,USADO,1400000.0,0,0,0,0,0,0,0,0,0,0,False,ENGATIVA,LOS ALAMOS - EL CARMELO,Quirigua,906.59,0,PARQUE ZONAL EL CARMELO,703.05,0,0.25,17500.0,0.0,2.0,0.0,0.36,0.05,283.8,1.0
164-M4685336,APARTAMENTO,ARRIENDO,20.32,140.0,3.0,1.0,3921395.93,0.0,PUENTE ARANDA,3,MAS DE 20 ANOS,4.62,-74.11,USADO,1300000.0,0,0,0,0,0,0,0,0,0,0,False,PUENTE ARANDA,PRIMAVERA NORTE - SAN FRANCISCO,Distrito Grafiti,745.68,0,PARQUE VECINAL URBANIZACIÓN PRIMAVERA NORTE,407.35,1,0.15,9285.71,0.0,3.0,0.0,0.33,0.02,1340.17,0.0
164-M4543790,APARTAMENTO,ARRIENDO,20.32,45.0,1.0,1.0,3921395.93,1.0,CHAPINERO ALTO,4,MAS DE 20 ANOS,4.64,-74.06,USADO,1600000.0,0,0,0,0,1,0,0,0,0,1,False,CHAPINERO,S.C. BOSQUE CALDERON,Calle 57,490.77,1,PARQUE ZONAL GUSTAVO URIBE BOTERO,1445.62,0,0.45,35555.56,1.0,1.0,0.0,0.41,0.02,1105.33,0.0
164-M4106113,APARTAMENTO,ARRIENDO,20.32,58.0,3.0,2.0,200000.0,1.0,,3,MAS DE 20 ANOS,4.7,-74.11,USADO,1200000.0,0,0,0,0,0,0,0,0,0,1,False,ENGATIVA,TORREDON,Quirigua,1108.13,0,PARQUE VECINAL FLORENCIA LOS TRONQUITOS AGRUPACIÓN DE VIVIENDA FLORENCIA II SECTOR,875.02,0,0.35,20689.66,0.33,1.5,0.0,6.0,0.05,523.3,0.0
164-M4730423,APARTAMENTO,ARRIENDO,20.32,120.0,3.0,2.0,3921395.93,1.0,ENGATIVA,3,MAS DE 20 ANOS,4.7,-74.12,USADO,1450000.0,0,0,0,0,0,0,0,0,0,0,False,ENGATIVA,ALAMOS NORTE,Portal 80,1040.03,0,PARQUE ZONAL EL CARMELO,141.18,1,0.17,12083.33,0.33,1.5,0.0,0.37,0.02,524.19,0.0
164-M4466714,APARTAMENTO,ARRIENDO,20.32,90.0,3.0,3.0,3921395.93,1.0,ANTONIO NARINO,3,ENTRE 0 Y 5 ANOS,4.59,-74.09,USADO,1800000.0,0,0,0,0,0,0,0,0,0,0,False,ANTONIO NARINO,CIUDAD BERNA,Policarpa,309.18,1,PARQUE ZONAL CIUDAD JARDIN,346.83,1,0.23,20000.0,0.33,1.0,0.0,0.46,0.03,1616.2,0.0
164-M4739066,APARTAMENTO,ARRIENDO,20.32,95.0,3.0,1.0,3921395.93,0.0,ORQUIDEAS,3,ENTRE 5 Y 10 ANOS,4.77,-74.03,USADO,1700000.0,0,0,0,0,0,0,0,0,0,0,False,USAQUEN,TIBABITA I,Terminal,1718.13,0,PARQUE VECINAL DESARROLLO VERBENAL I,1325.47,0,0.21,17894.74,0.0,3.0,0.0,0.43,0.03,1586.96,0.0
164-M4730030,APARTAMENTO,ARRIENDO,20.32,34.81,1.0,1.0,3921395.93,0.0,CENTRO Y ZONA COLONIAL,2,ENTRE 0 Y 5 ANOS,4.59,-74.08,USADO,1300000.0,0,0,0,0,0,0,0,0,0,1,False,SANTA FE,LAS CRUCES,San Bernardo,465.97,1,PARQUE VECINAL DESARROLLO LOURDES,775.61,0,0.58,37345.59,0.0,1.0,0.0,0.33,0.03,552.22,0.0
661-M4727628,APARTAMENTO,ARRIENDO,20.32,131.0,3.0,3.0,512300.0,2.0,CORTIJO AUTOPISTA MEDELLIN,6,ENTRE 5 Y 10 ANOS,4.7,-74.08,USADO,8364000.0,0,0,0,0,0,0,0,0,0,1,False,SUBA,S.C. CLUB DE LOS LAGARTOS,AV. Boyacá,1047.22,0,PARQUE METROPOLITANO CEFE COMETAS,1076.94,0,0.16,63847.33,0.67,1.0,0.0,16.33,0.02,930.93,0.0
164-M4656807,APARTAMENTO,ARRIENDO,20.32,40.0,1.0,1.0,3921395.93,0.0,CIUDAD BOLIVAR,3,REMODELADO,4.57,-74.15,USADO,800000.0,0,0,0,0,0,0,0,0,0,0,False,CIUDAD BOLIVAR,CANDELARIA LA NUEVA,Portal Tunal,1296.05,0,PARQUE ZONAL CANDELARIA LA NUEVA,517.28,0,0.51,20000.0,0.0,1.0,0.0,0.2,0.02,2421.38,0.0
4566-M4262903,APARTAMENTO,ARRIENDO,20.32,400.0,3.0,3.0,2400000.0,4.0,CHICO,6,MAS DE 20 ANOS,4.66,-74.05,USADO,18000000.0,0,0,0,0,0,0,0,0,0,0,False,CHAPINERO,S.C. PORCIUNCULA,Calle 72,906.18,0,PARQUE ZONAL GUSTAVO URIBE BOTERO,832.0,0,0.05,45000.0,1.33,1.0,0.0,7.5,0.01,192.34,4.0
164-M4493059,APARTAMENTO,ARRIENDO,20.32,75.0,3.0,2.0,3921395.93,1.0,ORQUIDEAS,4,REMODELADO,4.76,-74.04,USADO,1800000.0,0,0,0,0,0,0,0,0,0,1,False,USAQUEN,SAN ANTONIO NOROCCIDENTAL,Portal Norte,934.11,0,PARQUE VECINAL URBANIZACIÓN CALLE 170 / ALAMEDA,137.58,1,0.27,24000.0,0.33,1.5,0.0,0.46,0.04,947.29,0.0
164-M4590762,APARTAMENTO,ARRIENDO,20.32,57.0,2.0,2.0,3921395.93,1.0,ANTONIO NARINO,2,ENTRE 5 Y 10 ANOS,4.58,-74.08,USADO,1000000.0,0,0,0,0,0,0,0,0,0,1,False,SAN CRISTOBAL,BUENOS AIRES II SECTOR,Ciudad Jardín - UAN,1281.3,0,PARQUE METROPOLITANO CEFE SAN CRISTOBAL,766.31,0,0.36,17543.86,0.5,1.0,0.0,0.26,0.04,2008.76,0.0
34-M4725795,APARTAMENTO,ARRIENDO,20.32,58.0,2.0,2.0,304508.0,0.0,CEDRITOS,4,MAS DE 20 ANOS,4.73,-74.04,USADO,1400000.0,0,0,0,0,0,0,0,0,0,1,False,USAQUEN,LA EMILIA,Calle 146,1643.4,0,PARQUE VECINAL NUEVA URBANIZACIÓN EL CEDRITO,753.68,0,0.35,24137.93,0.0,1.0,0.0,4.6,0.03,273.18,1.0
164-M4470322,APARTAMENTO,ARRIENDO,20.32,70.0,3.0,1.0,3921395.93,0.0,ENGATIVA,2,ENTRE 0 Y 5 ANOS,4.71,-74.12,USADO,1100000.0,0,0,0,0,0,0,0,0,0,0,False,ENGATIVA,BOSQUES DE MARIANA,Portal 80,1540.37,0,PARQUE ZONAL EL CARMELO,714.74,0,0.29,15714.29,0.0,3.0,0.0,0.28,0.04,1133.07,0.0
34-M4693187,APARTAMENTO,ARRIENDO,20.32,250.0,4.0,5.0,676000.0,3.0,COUNTRY,5,MAS DE 20 ANOS,4.72,-74.05,USADO,5824000.0,0,1,0,0,0,0,0,0,0,0,False,USAQUEN,EL CONTADOR,Alcalá,605.54,0,PARQUE VECINAL PRADO PINZÓN,1134.59,0,0.08,23296.0,0.75,0.8,0.0,8.62,0.02,138.2,1.0
164-M3479392,APARTAMENTO,ARRIENDO,20.32,80.0,3.0,2.0,3921395.93,2.0,ENGATIVA,4,ENTRE 0 Y 5 ANOS,4.72,-74.13,USADO,2000000.0,0,0,0,0,0,0,0,0,0,0,False,ENGATIVA,VILLAS DE ALCALA - LOS CEREZOS,Portal 80,2292.36,0,PARQUE ZONAL VILLAS DE GRANADA,817.15,0,0.25,25000.0,0.67,1.5,0.0,0.51,0.04,2079.09,0.0
164-M4526538,APARTAMENTO,ARRIENDO,20.32,63.0,3.0,2.0,3921395.93,0.0,PUENTE ARANDA,3,REMODELADO,4.6,-74.13,USADO,1550000.0,0,0,0,0,0,0,0,0,0,0,True,PUENTE ARANDA,PUENTE ARANDA,NQS - Calle 38A S,825.66,0,PARQUE METROPOLITANO SANTA LUCIA,423.05,1,0.32,24603.17,0.0,1.5,0.0,0.4,0.05,971.88,0.0
164-M4641163,APARTAMENTO,ARRIENDO,20.32,90.0,2.0,1.0,3921395.93,0.0,ENGATIVA,3,MAS DE 20 ANOS,4.68,-74.1,USADO,1300000.0,0,0,0,0,0,0,0,0,0,0,False,ENGATIVA,EL LAUREL - LA EUROPA,Ferias,1848.41,0,PARQUE VECINAL URBANIZACIÓN LA EUROPA,107.57,1,0.23,14444.44,0.0,2.0,0.0,0.33,0.02,1360.36,0.0
164-M4683216,APARTAMENTO,ARRIENDO,20.32,50.0,2.0,1.0,3921395.93,0.0,ENGATIVA,3,MAS DE 20 ANOS,4.7,-74.13,USADO,750000.0,0,0,0,0,0,0,0,0,0,0,False,ENGATIVA,LAS MERCEDES_,Portal 80,1979.64,0,PARQUE ZONAL EL CARMELO,924.4,0,0.41,15000.0,0.0,2.0,0.0,0.19,0.04,1244.29,0.0
164-M4358903,APARTAMENTO,ARRIENDO,20.32,90.0,3.0,2.0,3921395.93,1.0,ENGATIVA,3,MAS DE 20 ANOS,4.71,-74.13,USADO,1400000.0,0,0,0,0,0,0,0,0,0,0,False,ENGATIVA,VILLAS DEL DORADO SAN ANTONIO,Portal 80,1913.12,0,PARQUE ZONAL EL CARMELO,1030.34,0,0.23,15555.56,0.33,1.5,0.0,0.36,0.03,1427.31,0.0
164-M4533574,APARTAMENTO,ARRIENDO,20.32,50.0,2.0,1.0,3921395.93,0.0,ENGATIVA,2,MAS DE 20 ANOS,4.71,-74.13,USADO,800000.0,0,0,0,0,0,0,0,0,0,0,False,ENGATIVA,LAS PALMERAS_,Portal 80,2367.87,0,PARQUE ZONAL VILLAS DE GRANADA,1442.28,0,0.41,16000.0,0.0,2.0,0.0,0.2,0.04,1440.97,0.0
164-M4560709,APARTAMENTO,ARRIENDO,20.32,30.0,2.0,1.0,3921395.93,0.0,CENTRO Y ZONA COLONIAL,3,ENTRE 0 Y 5 ANOS,4.61,-74.08,USADO,1200000.0,0,0,0,0,1,0,0,0,0,0,False,LOS MARTIRES,EL LISTON,San Facon Carrera 22,387.81,1,PARQUE METROPOLITANO EL RENACIMIENTO - PARQUE CEMENTERIO CENTRAL,1292.11,0,0.68,40000.0,0.0,2.0,0.0,0.31,0.07,1332.31,0.0
164-M4701223,APARTAMENTO,ARRIENDO,20.32,52.0,3.0,1.0,3921395.93,0.0,FONTIBON TINTAL,3,ENTRE 0 Y 5 ANOS,4.68,-74.16,USADO,1200000.0,0,0,0,0,1,0,0,0,0,1,False,FONTIBON,EL CHARCO,Portal El Dorado,3992.76,0,PARQUE ZONAL LA CONCORDIA,864.54,0,0.39,23076.92,0.0,3.0,0.0,0.31,0.06,2269.28,0.0
164-M4458881,APARTAMENTO,ARRIENDO,20.32,52.0,2.0,1.0,3921395.93,0.0,CASTILLA MARSELLA,3,ENTRE 5 Y 10 ANOS,4.65,-74.14,USADO,1300000.0,0,0,0,0,0,0,0,0,0,1,False,KENNEDY,CASTILLA REAL,Mandalay,1639.43,0,PARQUE VECINAL VILLA ALSACIA,397.55,1,0.39,25000.0,0.0,2.0,0.0,0.33,0.04,1222.47,0.0
164-M4698509,APARTAMENTO,ARRIENDO,20.32,93.0,3.0,2.0,3921395.93,1.0,COUNTRY,5,ENTRE 10 Y 20 ANOS,4.7,-74.03,USADO,3500000.0,0,0,0,0,1,0,0,0,0,1,False,USAQUEN,BELLA SUIZA,Calle 127,2499.47,0,PARQUE METROPOLITANO EL COUNTRY,757.54,0,0.22,37634.41,0.33,1.5,0.0,0.89,0.03,720.35,0.0
164-M4599732,APARTAMENTO,ARRIENDO,20.32,90.0,5.0,2.0,3921395.93,0.0,RAFAEL URIBE URIBE TUNJUELITO,2,MAS DE 20 ANOS,4.52,-74.12,USADO,800000.0,0,0,0,0,0,0,0,0,0,0,False,USME,S.C EL MOCHUELO ORIENTAL,Portal Usme,905.92,0,PARQUE ZONAL LA AURORA II,465.48,1,0.23,8888.89,0.0,2.5,0.0,0.2,0.06,6002.21,0.0
164-M4654682,APARTAMENTO,ARRIENDO,20.32,32.0,2.0,1.0,3921395.93,0.0,ENGATIVA,2,ENTRE 10 Y 20 ANOS,4.7,-74.13,USADO,850000.0,0,0,0,0,0,0,0,0,0,0,False,ENGATIVA,EL MUELLE I,Portal 80,2161.72,0,PARQUE ZONAL EL CARMELO,1073.23,0,0.64,26562.5,0.0,2.0,0.0,0.22,0.06,1345.43,0.0
164-M4594964,APARTAMENTO,ARRIENDO,20.32,42.0,3.0,1.0,3921395.93,0.0,ENGATIVA,2,ENTRE 10 Y 20 ANOS,4.71,-74.13,USADO,1050000.0,0,0,0,0,0,0,0,0,0,0,False,ENGATIVA,VILLAS DEL DORADO SAN ANTONIO,Portal 80,1926.21,0,PARQUE ZONAL EL CARMELO,1063.82,0,0.48,25000.0,0.0,3.0,0.0,0.27,0.07,1464.38,0.0
164-M4491195,APARTAMENTO,ARRIENDO,20.32,74.0,3.0,2.0,3921395.93,1.0,PUENTE ARANDA,3,ENTRE 10 Y 20 ANOS,4.61,-74.1,USADO,1900000.0,0,0,0,0,0,0,0,0,0,1,False,PUENTE ARANDA,VERAGUAS CENTRAL,Comuneros,490.06,1,PARQUE ZONAL SANTA ISABEL,951.69,0,0.27,25675.68,0.33,1.5,0.0,0.48,0.04,2992.46,0.0
164-M4636714,APARTAMENTO,ARRIENDO,20.32,47.0,2.0,1.0,3921395.93,0.0,CIUDAD BOLIVAR,3,ENTRE 5 Y 10 ANOS,4.6,-74.17,USADO,930000.0,0,0,0,0,0,0,0,0,0,1,False,CIUDAD BOLIVAR,LA ESTANCIA,Portal Sur - JFK Coop. Financiera,344.06,1,PARQUE ZONAL LA ESTANCIA,332.04,1,0.43,19787.23,0.0,2.0,0.0,0.24,0.04,1688.6,0.0
164-M4586845,APARTAMENTO,ARRIENDO,20.32,42.0,1.0,1.0,3921395.93,0.0,CHAPINERO ALTO,4,MAS DE 20 ANOS,4.63,-74.06,USADO,1450000.0,0,0,0,0,1,0,0,0,0,1,False,CHAPINERO,S.C. CATALUNA,AV. 39,638.67,0,PARQUE METROPOLITANO PARQUE NACIONAL (PM2A) ENRIQUE OLAYA HERRERA (SECTOR HISTORICO),486.93,1,0.48,34523.81,0.0,1.0,0.0,0.37,0.02,225.28,1.0
771-M4371636,APARTAMENTO,ARRIENDO,20.32,228.0,3.0,0.0,1080000.0,3.0,CHICO,6,MAS DE 20 ANOS,4.67,-74.05,USADO,12000000.0,0,0,0,0,0,0,0,0,0,1,False,CHAPINERO,S.C. EL CHICO,Virrey,915.24,0,PARQUE ZONAL CANAL EL VIRREY EL CHICO,318.85,1,0.09,52631.58,1.0,inf,0.0,11.11,0.01,303.76,4.0
164-M4689109,APARTAMENTO,ARRIENDO,20.32,50.0,2.0,1.0,3921395.93,0.0,CIUDAD BOLIVAR,3,ENTRE 0 Y 5 ANOS,4.6,-74.16,USADO,970000.0,0,0,0,0,0,0,0,0,0,1,False,BOSA,VILLA DEL RIO II SECTOR,CC Paseo Villa del Río - Madelena,272.54,1,PARQUE VECINAL URBANIZACIÓN BALMORAL CESIÓN GUADALUPE,763.24,0,0.41,19400.0,0.0,2.0,0.0,0.25,0.04,505.56,0.0
164-M4703015,APARTAMENTO,ARRIENDO,20.32,45.0,3.0,1.0,3921395.93,0.0,,3,ENTRE 0 Y 5 ANOS,4.73,-74.1,USADO,1100000.0,0,0,0,0,0,0,0,0,0,0,False,SUBA,LAGO DE SUBA,La Campiña,1406.44,0,PARQUE VECINAL URBANIZACIÓN NUEVA TIBABUYES 1,1175.44,0,0.45,24444.44,0.0,3.0,0.0,0.28,0.07,1966.75,0.0
164-M3502194,APARTAMENTO,ARRIENDO,20.32,33.0,2.0,1.0,3921395.93,0.0,ENGATIVA,2,REMODELADO,4.7,-74.13,USADO,750000.0,0,0,0,0,0,0,0,0,0,0,False,ENGATIVA,LAS MERCEDES_,Portal 80,2274.22,0,PARQUE ZONAL EL CARMELO,1210.95,0,0.62,22727.27,0.0,2.0,0.0,0.19,0.06,1345.17,0.0
183-M4538049,APARTAMENTO,ARRIENDO,20.32,225.0,2.0,2.0,1400000.0,2.0,CHICO,6,MAS DE 20 ANOS,4.68,-74.04,USADO,6600000.0,0,0,0,0,0,0,0,0,0,0,False,CHAPINERO,CHICO NORTE - URB. LA GRAN VIA,Calle 100 - Marketmedios,2119.35,0,PARQUE VECINAL URBANIZACIÓN LA CABRERA,1597.41,0,0.09,29333.33,1.0,1.0,0.0,4.71,0.01,269.65,1.0
164-M4567626,APARTAMENTO,ARRIENDO,20.32,90.0,3.0,1.0,3921395.93,0.0,RAFAEL URIBE URIBE TUNJUELITO,3,REMODELADO,4.59,-74.11,USADO,1600000.0,0,0,0,0,0,0,0,0,0,0,False,RAFAEL URIBE URIBE,S.C. SANTIAGO PEREZ,NQS - Calle 30 S,1023.65,0,PARQUE ZONAL QUIROGA,775.71,0,0.23,17777.78,0.0,3.0,0.0,0.41,0.03,1484.98,0.0
3552-M4730624,APARTAMENTO,ARRIENDO,20.32,68.0,3.0,2.0,3921395.93,1.0,SALITRE MODELIA,4,MAS DE 20 ANOS,4.66,-74.11,USADO,2600000.0,0,0,0,0,1,0,0,0,0,1,False,FONTIBON,CIUDAD_SALITRE,AV. Rojas,808.27,0,PARQUE VECINAL CARLOS LLERAS (EL FUEGO),178.77,1,0.3,38235.29,0.33,1.5,0.0,0.66,0.04,628.44,0.0
12503-M4292453,APARTAMENTO,ARRIENDO,20.32,61.0,1.0,1.0,3921395.93,1.0,CHAPINERO ALTO,3,ENTRE 10 Y 20 ANOS,4.64,-74.06,USADO,2990000.0,0,0,0,0,1,0,0,0,0,1,False,CHAPINERO,S.C. MARLY,Marly,338.88,1,PARQUE METROPOLITANO PARQUE NACIONAL (PM2A) ENRIQUE OLAYA HERRERA (SECTOR HISTORICO),1163.01,0,0.33,49016.39,1.0,1.0,0.0,0.76,0.02,312.02,1.0
164-M4291006,APARTAMENTO,ARRIENDO,20.32,90.0,3.0,2.0,3921395.93,0.0,RAFAEL URIBE URIBE TUNJUELITO,3,ENTRE 0 Y 5 ANOS,4.56,-74.1,USADO,1200000.0,0,0,0,0,0,0,0,0,0,0,False,SAN CRISTOBAL,SAN_ISIDRO,Portal 20 de Julio,239.62,1,PARQUE ZONAL VILLA DE LOS ALPES,304.58,1,0.23,13333.33,0.0,1.5,0.0,0.31,0.03,3753.29,0.0
164-M4499873,APARTAMENTO,ARRIENDO,20.32,100.0,1.0,2.0,3921395.93,1.0,NIZA ALHAMBRA,4,REMODELADO,4.69,-74.07,USADO,1800000.0,0,0,0,0,0,0,0,0,0,1,False,SUBA,S.C. ANDES NORTE,Suba - Calle 100,260.3,1,PARQUE ZONAL CANAL RIO NEGRO,749.15,0,0.2,18000.0,1.0,0.5,0.0,0.46,0.01,443.38,1.0
164-M4590209,APARTAMENTO,ARRIENDO,20.32,50.0,3.0,1.0,3921395.93,1.0,RAFAEL URIBE URIBE TUNJUELITO,3,MAS DE 20 ANOS,4.58,-74.14,USADO,1050000.0,0,0,0,0,0,0,0,0,0,0,False,TUNJUELITO,SAN VICENTE FERRER,Alquería,1432.54,0,PARQUE METROPOLITANO TIMIZA (SECTOR VILLA DEL RIO),209.9,1,0.41,21000.0,0.33,3.0,0.0,0.27,0.06,1221.89,0.0
164-M4309165,APARTAMENTO,ARRIENDO,20.32,50.0,2.0,1.0,3921395.93,0.0,CIUDAD BOLIVAR,2,ENTRE 0 Y 5 ANOS,4.57,-74.15,USADO,850000.0,0,0,0,0,0,0,0,0,0,0,False,CIUDAD BOLIVAR,SAN FRANCISCO I SECTOR,Portal Tunal,860.22,0,PARQUE ZONAL CANDELARIA LA NUEVA,278.02,1,0.41,17000.0,0.0,2.0,0.0,0.22,0.04,2199.55,0.0
164-M4723889,APARTAMENTO,ARRIENDO,20.32,40.0,1.0,1.0,3921395.93,0.0,,3,REMODELADO,4.58,-74.1,USADO,1300000.0,0,0,0,0,0,0,0,0,0,1,False,ANTONIO NARINO,RESTREPO,Restrepo,69.89,1,PARQUE ESCENARIO DEPORTIVO GIMNASIO DEL SUR,475.42,1,0.51,32500.0,0.0,1.0,0.0,0.33,0.02,2745.54,0.0
164-M4731261,APARTAMENTO,ARRIENDO,20.32,50.0,2.0,1.0,3921395.93,0.0,,3,MAS DE 20 ANOS,4.62,-74.15,USADO,1200000.0,0,0,0,0,0,0,0,0,0,1,False,KENNEDY,CIUDAD KENNEDY ORIENTAL SUPERMANZANA 5,Banderas,1136.47,0,PARQUE VECINAL URBANIZACIÓN BURGOS BRITALIA 1,729.47,0,0.41,24000.0,0.0,2.0,0.0,0.31,0.04,1216.36,0.0
164-M4491901,APARTAMENTO,ARRIENDO,20.32,150.0,3.0,2.0,3921395.93,0.0,NORMANDIA,4,MAS DE 20 ANOS,4.67,-74.11,USADO,2200000.0,0,0,0,0,1,0,0,0,0,1,False,ENGATIVA,NORMANDIA OCCIDENTAL,Normandía,428.73,1,PARQUE VECINAL MODELIA SECTOR A,1038.2,0,0.14,14666.67,0.0,1.5,0.0,0.56,0.02,771.8,0.0
164-M3615619,APARTAMENTO,ARRIENDO,20.32,80.0,3.0,2.0,3921395.93,1.0,NIZA ALHAMBRA,5,REMODELADO,4.69,-74.06,USADO,2100000.0,0,1,0,0,0,0,0,0,0,0,False,SUBA,SANTA MARGARITA,Calle 106,97.09,1,PARQUE ZONAL CANAL CORDOBA,1316.58,0,0.25,26250.0,0.33,1.5,0.0,0.54,0.04,816.04,0.0
495-M4723368,APARTAMENTO,ARRIENDO,20.32,161.0,4.0,2.0,805000.0,1.0,CHICO,6,MAS DE 20 ANOS,4.68,-74.06,USADO,3895000.0,0,0,0,0,0,0,0,0,0,1,False,CHAPINERO,S.C. EL CHICO,Virrey,444.68,1,PARQUE ZONAL CANAL EL VIRREY EL CHICO,336.88,1,0.13,24192.55,0.25,2.0,0.0,4.84,0.02,321.8,2.0
164-M4523656,APARTAMENTO,ARRIENDO,20.32,47.0,1.0,1.0,3921395.93,0.0,CHAPINERO ALTO,3,MAS DE 20 ANOS,4.65,-74.06,USADO,1500000.0,0,0,0,0,1,0,0,0,0,0,False,CHAPINERO,S.C. CHAPINERO NORTE,Flores – Areandina,376.34,1,PARQUE ZONAL GUSTAVO URIBE BOTERO,1150.33,0,0.43,31914.89,0.0,1.0,0.0,0.38,0.02,187.44,1.0
164-M4719199,APARTAMENTO,ARRIENDO,20.32,52.0,3.0,1.0,3921395.93,0.0,CIUDAD BOLIVAR,3,ENTRE 0 Y 5 ANOS,4.59,-74.17,USADO,950000.0,0,0,0,0,1,0,0,0,0,1,False,CIUDAD BOLIVAR,S.C. GALICIA,Portal Sur - JFK Coop. Financiera,588.53,0,PARQUE ZONAL LA ESTANCIA,482.53,1,0.39,18269.23,0.0,3.0,0.0,0.24,0.06,1942.37,0.0
164-M4521906,APARTAMENTO,ARRIENDO,20.32,45.0,2.0,1.0,3921395.93,0.0,,3,MAS DE 20 ANOS,4.6,-74.1,USADO,950000.0,0,0,0,0,0,0,0,0,0,0,False,LOS MARTIRES,SANTA ISABEL SUR,Santa Isabel,253.45,1,PARQUE ZONAL SANTA ISABEL,153.66,1,0.45,21111.11,0.0,2.0,0.0,0.24,0.04,2524.57,0.0
164-M4667429,APARTAMENTO,ARRIENDO,20.32,57.0,3.0,2.0,3921395.93,0.0,,3,ENTRE 5 Y 10 ANOS,4.59,-74.16,USADO,1000000.0,0,0,0,0,1,0,0,0,0,1,False,CIUDAD BOLIVAR,ISMAEL PERDOMO,Perdomo,809.29,0,PARQUE ZONAL EL TALLER EL ENSUEÑO,430.8,1,0.36,17543.86,0.0,1.5,0.0,0.26,0.05,1542.21,0.0
164-M4475648,APARTAMENTO,ARRIENDO,20.32,63.0,3.0,2.0,3921395.93,0.0,RAFAEL URIBE URIBE TUNJUELITO,2,ENTRE 5 Y 10 ANOS,4.53,-74.11,USADO,920000.0,0,0,0,0,0,0,0,0,0,1,False,USME,FISCALA SECTOR CENTRO,Portal Usme,909.76,0,PARQUE VECINAL CIUDAD NUEVO MILENIO I,498.28,1,0.32,14603.17,0.0,1.5,0.0,0.23,0.05,5301.12,0.0
164-M4280601,APARTAMENTO,ARRIENDO,20.32,120.0,3.0,2.0,3921395.93,0.0,ENGATIVA,3,MAS DE 20 ANOS,4.68,-74.11,USADO,2000000.0,0,0,0,0,0,0,0,0,0,0,False,ENGATIVA,EL ENCANTO,Modelia,1278.62,0,PARQUE VECINAL URBANIZACIÓN LA EUROPA,1050.95,0,0.17,16666.67,0.0,1.5,0.0,0.51,0.02,1103.65,0.0
3057-M4726226,APARTAMENTO,ARRIENDO,20.32,52.0,2.0,1.0,3921395.93,1.0,PUENTE ARANDA,3,MAS DE 20 ANOS,4.61,-74.12,USADO,1350000.0,0,0,0,0,0,0,0,0,0,0,False,PUENTE ARANDA,LA PONDEROSA,Pradera,1787.21,0,PARQUE ZONAL EL JAZMIN,386.24,1,0.39,25961.54,0.5,2.0,0.0,0.34,0.04,2141.46,0.0
164-M3705986,APARTAMENTO,ARRIENDO,20.32,42.0,3.0,1.0,3921395.93,0.0,ENGATIVA,3,REMODELADO,4.69,-74.1,USADO,1000000.0,0,0,0,0,0,0,0,0,0,0,False,ENGATIVA,S.C. SANTA HELENITA,Granja - Kr 77,1170.38,0,PARQUE VECINAL URBANIZACIÓN LA EUROPA,1106.65,0,0.48,23809.52,0.0,3.0,0.0,0.26,0.07,1666.25,0.0
164-M4684335,APARTAMENTO,ARRIENDO,20.32,52.0,3.0,1.0,3921395.93,0.0,ANTONIO NARINO,3,ENTRE 0 Y 5 ANOS,4.58,-74.08,USADO,950000.0,0,0,0,0,1,0,0,0,0,1,False,SAN CRISTOBAL,EL ALTO DE LAS BRISAS,Policarpa,769.71,0,PARQUE VECINAL DESARROLLO LOURDES,1001.42,0,0.39,18269.23,0.0,3.0,0.0,0.24,0.06,1361.06,0.0
164-M4537155,APARTAMENTO,ARRIENDO,20.32,50.0,2.0,1.0,3921395.93,0.0,KENNEDY,2,ENTRE 0 Y 5 ANOS,4.65,-74.14,USADO,800000.0,0,0,0,0,0,0,0,0,0,1,False,KENNEDY,BARRIO EL TINTAL,Mandalay,2389.14,0,PARQUE VECINAL VILLA ALSACIA,926.68,0,0.41,16000.0,0.0,2.0,0.0,0.2,0.04,1444.12,0.0
164-M4009099,APARTAMENTO,ARRIENDO,20.32,30.0,1.0,1.0,3921395.93,0.0,CHAPINERO ALTO,4,REMODELADO,4.65,-74.07,USADO,1250000.0,0,0,0,0,1,0,0,0,0,1,False,CHAPINERO,S.C. CHAPINERO CENTRAL,Calle 57,293.78,1,PARQUE ESCENARIO DEPORTIVO EL CAMPINCITO - CEAD,1428.47,0,0.68,41666.67,0.0,1.0,0.0,0.32,0.03,910.23,0.0
164-M4369321,APARTAMENTO,ARRIENDO,20.32,48.0,3.0,1.0,3921395.93,0.0,,2,ENTRE 10 Y 20 ANOS,4.53,-74.09,USADO,600000.0,0,0,0,0,0,0,0,0,0,1,False,SAN CRISTOBAL,JUAN REY,Portal Usme,3473.67,0,PARQUE ZONAL SAN CAYETANO,1049.56,0,0.42,12500.0,0.0,3.0,0.0,0.15,0.06,7317.62,0.0
376-M4684590,APARTAMENTO,ARRIENDO,20.32,98.0,3.0,3.0,470000.0,1.0,SANTA BARBARA,6,REMODELADO,4.7,-74.04,USADO,3230000.0,0,1,0,0,0,0,0,0,0,1,False,USAQUEN,SANTA BARBARA NORTE,Calle 127,1734.76,0,PARQUE METROPOLITANO EL COUNTRY,406.99,1,0.21,32959.18,0.33,1.0,0.0,6.87,0.03,391.0,1.0
164-M4084938,APARTAMENTO,ARRIENDO,20.32,90.0,4.0,2.0,3921395.93,1.0,ENGATIVA,3,MAS DE 20 ANOS,4.68,-74.11,USADO,2200000.0,0,0,0,0,0,0,0,0,0,0,False,ENGATIVA,EL ENCANTO,Modelia,1278.62,0,PARQUE VECINAL URBANIZACIÓN LA EUROPA,1050.95,0,0.23,24444.44,0.25,2.0,0.0,0.56,0.04,1103.65,0.0
164-M4726690,APARTAMENTO,ARRIENDO,20.32,45.0,1.0,1.0,3921395.93,0.0,CIUDAD BOLIVAR,2,ENTRE 10 Y 20 ANOS,4.57,-74.15,USADO,600000.0,0,0,0,0,0,0,0,0,0,0,False,CIUDAD BOLIVAR,PROTECHO BOGOTA II,Portal Tunal,649.48,0,PARQUE ZONAL CANDELARIA LA NUEVA,265.69,1,0.45,13333.33,0.0,1.0,0.0,0.15,0.02,1862.03,0.0
164-M4687848,APARTAMENTO,ARRIENDO,20.32,120.0,3.0,2.0,3921395.93,0.0,SANTA BARBARA,6,MAS DE 20 ANOS,4.7,-74.04,USADO,3400000.0,0,0,0,0,0,0,0,0,0,1,True,USAQUEN,SANTA BARBARA OCCIDENTAL,Calle 127,1248.78,0,PARQUE METROPOLITANO EL COUNTRY,510.15,0,0.17,28333.33,0.0,1.5,0.0,0.87,0.02,142.57,1.0
164-M4448849,APARTAMENTO,ARRIENDO,20.32,80.0,3.0,2.0,3921395.93,1.0,COLINA Y ALREDEDORES,4,ENTRE 10 Y 20 ANOS,4.75,-74.07,USADO,1900000.0,0,0,0,0,0,0,0,0,0,1,False,SUBA,URB. PIEDEMONTE,Portal Norte,2317.13,0,PARQUE ZONAL SAN JOSÉ DE BAVARIA,426.29,1,0.25,23750.0,0.33,1.5,0.0,0.48,0.04,2259.21,0.0
2368-M4689626,APARTAMENTO,ARRIENDO,20.32,43.0,1.0,1.0,3921395.93,0.0,NIZA ALHAMBRA,3,ENTRE 10 Y 20 ANOS,4.7,-74.08,USADO,1100000.0,0,0,0,0,0,0,0,0,0,1,True,SUBA,NIZA SUR,Humedal Córdoba,1035.93,0,PARQUE METROPOLITANO CEFE COMETAS,935.68,0,0.47,25581.4,0.0,1.0,0.0,0.28,0.02,1170.8,0.0
164-M4742238,APARTAMENTO,ARRIENDO,20.32,58.0,3.0,1.0,3921395.93,0.0,KENNEDY,3,MAS DE 20 ANOS,4.62,-74.16,USADO,1100000.0,0,0,0,0,0,0,0,0,0,0,False,KENNEDY,NUEVO KENNEDY,Portal Américas,1472.13,0,PARQUE ZONAL LA AMISTAD,894.81,0,0.35,18965.52,0.0,3.0,0.0,0.28,0.05,2611.25,0.0
164-M4182652,APARTAMENTO,ARRIENDO,20.32,37.0,2.0,1.0,3921395.93,0.0,NIZA ALHAMBRA,3,REMODELADO,4.69,-74.08,USADO,1300000.0,0,0,0,0,0,0,0,0,0,0,False,SUBA,EL EDEN,AV. 68,757.53,0,PARQUE ZONAL MORATO,782.61,0,0.55,35135.14,0.0,2.0,0.0,0.33,0.05,461.24,2.0
164-M4472426,APARTAMENTO,ARRIENDO,20.32,34.0,1.0,1.0,3921395.93,0.0,CENTRO Y ZONA COLONIAL,3,REMODELADO,4.6,-74.08,USADO,1000000.0,0,0,0,0,1,0,0,0,0,1,False,SANTA FE,LA CAPUCHINA,San Victorino,275.34,1,PARQUE METROPOLITANO TERCER MILENIO,690.44,0,0.6,29411.76,0.0,1.0,0.0,0.26,0.03,708.27,0.0
164-M4487170,APARTAMENTO,ARRIENDO,20.32,45.0,2.0,1.0,3921395.93,0.0,CENTRO NARINO,4,MAS DE 20 ANOS,4.63,-74.09,USADO,1650000.0,0,0,0,0,0,0,0,0,0,0,False,TEUSAQUILLO,EL_RECUERDO,Ciudad Universitaria - Lotería de Bogotá,401.81,1,PARQUE VECINAL SANTA CLARA,1217.27,0,0.45,36666.67,0.0,2.0,0.0,0.42,0.04,1434.78,0.0
34-M4668764,APARTAMENTO,ARRIENDO,20.32,180.0,3.0,3.0,3921395.93,1.0,CHICO,6,MAS DE 20 ANOS,4.68,-74.05,USADO,5900000.0,0,1,0,0,1,0,0,0,0,1,False,CHAPINERO,S.C. EL CHICO,Virrey,495.35,1,PARQUE ZONAL CANAL EL VIRREY EL CHICO,389.99,1,0.11,32777.78,0.33,1.0,0.0,1.5,0.02,352.19,3.0
164-M4338964,APARTAMENTO,ARRIENDO,20.32,50.0,2.0,1.0,3921395.93,0.0,TIMIZA LA ALQUERIA,3,MAS DE 20 ANOS,4.62,-74.15,USADO,950000.0,0,0,0,0,0,0,0,0,0,0,False,KENNEDY,CARVAJAL,Banderas,1636.87,0,PARQUE VECINAL LAS AMÉRICAS OCCIDENTAL IV ETAPA,784.17,0,0.41,19000.0,0.0,2.0,0.0,0.24,0.04,1044.86,0.0
164-M4442123,APARTAMENTO,ARRIENDO,20.32,45.0,1.0,1.0,3921395.93,0.0,ALTOS DE SUBA Y CERROS DE SAN JORGE,3,ENTRE 0 Y 5 ANOS,4.74,-74.09,USADO,850000.0,0,0,0,0,0,0,0,0,0,1,False,SUBA,OIKOS TEUCALI SAN ANTONIO,Suba - TV. 91,223.94,1,PARQUE ZONAL BELLAVISTA DINDALITO,256.98,1,0.45,18888.89,0.0,1.0,0.0,0.22,0.02,1384.36,0.0
164-M4575974,APARTAMENTO,ARRIENDO,20.32,53.0,3.0,2.0,104000.0,0.0,KENNEDY,2,ENTRE 10 Y 20 ANOS,4.65,-74.15,USADO,1000000.0,0,0,0,0,0,0,0,0,0,1,False,KENNEDY,S.C. TINTALA,Biblioteca Tintal,1259.95,0,PARQUE METROPOLITANO BIBLIOTECA EL TINTAL,421.73,1,0.38,18867.92,0.0,1.5,0.0,9.62,0.06,2834.13,0.0
164-M4666494,APARTAMENTO,ARRIENDO,20.32,36.0,1.0,1.0,3921395.93,1.0,CHAPINERO ALTO,3,ENTRE 10 Y 20 ANOS,4.64,-74.06,USADO,1600000.0,0,0,0,0,1,0,0,0,0,1,False,CHAPINERO,S.C. PARDO RUBIO,Marly,518.81,0,PARQUE METROPOLITANO PARQUE NACIONAL (PM2A) ENRIQUE OLAYA HERRERA (SECTOR HISTORICO),1365.16,0,0.56,44444.44,1.0,1.0,0.0,0.41,0.03,604.4,0.0
164-M4743640,APARTAMENTO,ARRIENDO,20.32,39.0,2.0,1.0,3921395.93,0.0,CASTILLA MARSELLA,3,ENTRE 5 Y 10 ANOS,4.64,-74.15,USADO,1150000.0,0,0,0,0,1,0,0,0,0,1,False,KENNEDY,URBANIZACION VILLAS DE CASTILLA,Transversal 86,870.21,0,PARQUE ZONAL CASTILLA,914.33,0,0.52,29487.18,0.0,2.0,0.0,0.29,0.05,2208.58,0.0
183-M4705902,APARTAMENTO,ARRIENDO,20.32,22.0,1.0,1.0,195000.0,0.0,CHAPINERO ALTO,3,ENTRE 0 Y 5 ANOS,4.64,-74.06,USADO,1405000.0,0,0,0,0,0,0,0,0,0,1,False,CHAPINERO,S.C. CHAPINERO CENTRAL,Calle 57,288.37,1,PARQUE ZONAL GUSTAVO URIBE BOTERO,1447.48,0,0.92,63863.64,0.0,1.0,0.0,7.21,0.05,978.5,0.0
164-M4618729,APARTAMENTO,ARRIENDO,20.32,58.0,3.0,2.0,3921395.93,1.0,FONTIBON TINTAL,3,ENTRE 10 Y 20 ANOS,4.67,-74.14,USADO,1400000.0,0,0,0,0,1,0,0,0,0,1,False,FONTIBON,BELLAVISTA LOS PANTANOS,Portal El Dorado,1712.57,0,PARQUE VECINAL VILLA HELENA VILLEMAR,580.41,0,0.35,24137.93,0.33,1.5,0.0,0.36,0.05,1289.85,0.0
164-M4426213,APARTAMENTO,ARRIENDO,20.32,51.0,2.0,2.0,3921395.93,0.0,ORQUIDEAS,3,ENTRE 0 Y 5 ANOS,4.77,-74.03,USADO,1000000.0,0,0,0,0,0,0,0,0,0,1,False,USAQUEN,TIBABITA I,Terminal,1674.64,0,PARQUE VECINAL DESARROLLO VERBENAL I,1297.92,0,0.4,19607.84,0.0,1.0,0.0,0.26,0.04,1533.59,0.0
2363-M4744594,APARTAMENTO,ARRIENDO,20.32,30.49,1.0,1.0,3921395.93,0.0,CHAPINERO,4,ENTRE 0 Y 5 ANOS,4.64,-74.07,USADO,1650000.0,0,0,0,0,0,0,0,0,0,1,False,TEUSAQUILLO,SAN LUIS,Calle 57,718.12,0,PARQUE ESCENARIO DEPORTIVO EL CAMPINCITO - CEAD,680.38,0,0.67,54116.1,0.0,1.0,0.0,0.42,0.03,349.88,1.0
3325-M4664748,APARTAMENTO,ARRIENDO,20.32,70.0,2.0,2.0,184000.0,1.0,CEDRITOS,5,MAS DE 20 ANOS,4.73,-74.03,USADO,2000000.0,0,1,0,0,0,0,0,0,0,0,False,USAQUEN,CEDRO SALAZAR,Calle 146,2506.24,0,PARQUE VECINAL NUEVA URBANIZACIÓN EL CEDRITO,668.2,0,0.29,28571.43,0.5,1.0,0.0,10.87,0.03,730.16,0.0
183-M4705883,APARTAMENTO,ARRIENDO,20.32,45.0,2.0,1.0,130000.0,0.0,,3,ENTRE 0 Y 5 ANOS,4.59,-74.15,USADO,870000.0,0,0,0,0,0,0,0,0,0,1,False,CIUDAD BOLIVAR,S.C. ATLANTA,CC Paseo Villa del Río - Madelena,1236.25,0,PARQUE ZONAL EL TALLER EL ENSUEÑO,633.97,0,0.45,19333.33,0.0,2.0,0.0,6.69,0.04,1458.85,0.0
3552-M4512875,APARTAMENTO,ARRIENDO,20.32,31.0,1.0,1.0,3921395.93,0.0,LA SOLEDAD,4,ENTRE 0 Y 5 ANOS,4.62,-74.07,USADO,1900000.0,0,0,0,0,0,0,0,0,0,1,False,TEUSAQUILLO,ARMENIA,Calle 26,95.9,1,PARQUE METROPOLITANO EL RENACIMIENTO - PARQUE CEMENTERIO CENTRAL,550.52,0,0.66,61290.32,0.0,1.0,0.0,0.48,0.03,306.95,4.0
661-M4617471,APARTAMENTO,ARRIENDO,20.32,24.0,1.0,1.0,122800.0,0.0,CENTRO Y ZONA COLONIAL,3,ENTRE 0 Y 5 ANOS,4.6,-74.07,USADO,1477200.0,0,0,0,0,1,0,0,0,0,1,False,SANTA FE,VERACRUZ__,Las Aguas - Centro Colombo Americano,249.32,1,PARQUE ZONAL SENDERO A MONSERRATE,1026.68,0,0.85,61550.0,0.0,1.0,0.0,12.03,0.04,132.93,5.0
183-M4706608,APARTAMENTO,ARRIENDO,20.32,74.0,3.0,2.0,305000.0,1.0,NIZA ALHAMBRA,4,ENTRE 10 Y 20 ANOS,4.69,-74.08,USADO,2300000.0,0,0,0,0,0,0,0,0,0,1,False,SUBA,S.C SANTA ROSA,Ferias,680.26,0,PARQUE ZONAL MORATO,788.56,0,0.27,31081.08,0.33,1.5,0.0,7.54,0.04,705.43,0.0
164-M4419614,APARTAMENTO,ARRIENDO,20.32,42.0,2.0,1.0,3921395.93,0.0,FONTIBON TINTAL,3,ENTRE 0 Y 5 ANOS,4.67,-74.15,USADO,1100000.0,0,0,0,0,1,0,0,0,0,1,False,FONTIBON,LA LAGUNA FONTIBON,Portal El Dorado,3233.35,0,PARQUE ZONAL CARMEN DE LA LAGUNA,378.91,1,0.48,26190.48,0.0,2.0,0.0,0.28,0.05,2098.03,0.0
164-M4744200,APARTAMENTO,ARRIENDO,20.32,38.0,1.0,2.0,3921395.93,0.0,,4,ENTRE 0 Y 5 ANOS,4.58,-74.1,USADO,1470000.0,0,0,0,0,1,0,0,0,0,1,False,ANTONIO NARINO,RESTREPO,Restrepo,69.89,1,PARQUE ESCENARIO DEPORTIVO GIMNASIO DEL SUR,475.42,1,0.53,38684.21,0.0,0.5,0.0,0.37,0.03,2745.54,0.0
164-M3782965,APARTAMENTO,ARRIENDO,20.32,50.0,3.0,1.0,3921395.93,0.0,KENNEDY,3,ENTRE 0 Y 5 ANOS,4.62,-74.17,USADO,850000.0,0,0,0,0,0,0,0,0,0,1,False,KENNEDY,CASABLANCA - URB. MANUEL MEJIA,Portal Américas,1555.28,0,PARQUE ZONAL CLARELANDIA,965.15,0,0.41,17000.0,0.0,3.0,0.0,0.22,0.06,1761.28,0.0
393-M4709083,APARTAMENTO,ARRIENDO,20.32,90.0,3.0,3.0,3921395.93,0.0,ENGATIVA,4,MAS DE 20 ANOS,4.69,-74.11,USADO,1600000.0,0,0,0,0,0,0,0,0,0,1,False,ENGATIVA,FLORIDA BLANCA,Portal El Dorado,1660.9,0,PARQUE VECINAL URBANIZACIÓN FLORENCIA I SECTOR,1286.86,0,0.23,17777.78,0.0,1.0,0.0,0.41,0.03,960.08,0.0
164-M4611569,APARTAMENTO,ARRIENDO,20.32,47.0,3.0,1.0,3921395.93,1.0,BOSA SOACHA,3,REMODELADO,4.58,-74.1,USADO,900000.0,0,0,0,0,0,0,0,0,0,1,False,ANTONIO NARINO,CIUDAD JARDIN DEL SUR,AV. 1 Mayo,259.42,1,PARQUE VECINAL SAN JOSÉ,696.89,0,0.43,19148.94,0.33,3.0,0.0,0.23,0.06,2671.61,0.0
164-M4738737,APARTAMENTO,ARRIENDO,20.32,23.0,1.0,1.0,3921395.93,0.0,CHAPINERO ALTO,3,ENTRE 0 Y 5 ANOS,4.65,-74.07,USADO,1400000.0,0,1,0,0,1,0,0,0,0,1,False,CHAPINERO,S.C. CHAPINERO CENTRAL,Calle 57,250.09,1,PARQUE ESCENARIO DEPORTIVO EL CAMPINCITO - CEAD,1420.03,0,0.88,60869.57,0.0,1.0,0.0,0.36,0.04,953.47,0.0
478-M4696689,APARTAMENTO,ARRIENDO,20.32,65.0,2.0,1.0,3921395.93,1.0,SALITRE MODELIA,4,ENTRE 0 Y 5 ANOS,4.67,-74.13,USADO,1600000.0,0,0,0,0,0,0,0,0,0,0,False,FONTIBON,MODELIA OCCIDENTAL,Modelia,1458.57,0,PARQUE VECINAL MODELIA SECTOR A,832.69,0,0.31,24615.38,0.5,2.0,0.0,0.41,0.03,558.29,0.0
164-M4632513,APARTAMENTO,ARRIENDO,20.32,30.0,1.0,1.0,3921395.93,0.0,PUENTE ARANDA,3,ENTRE 0 Y 5 ANOS,4.62,-74.12,USADO,1020000.0,0,0,0,0,0,0,0,0,0,0,False,PUENTE ARANDA,COLON,Distrito Grafiti,558.83,0,PARQUE METROPOLITANO PISTA DE BMX PRD,799.21,0,0.68,34000.0,0.0,1.0,0.0,0.26,0.03,853.33,0.0
164-M4721650,APARTAMENTO,ARRIENDO,20.32,80.0,3.0,2.0,3921395.93,0.0,PUENTE ARANDA,3,ENTRE 0 Y 5 ANOS,4.61,-74.1,USADO,1900000.0,0,0,0,0,0,0,0,0,0,0,False,PUENTE ARANDA,VERAGUAS CENTRAL,Comuneros,490.06,1,PARQUE ZONAL SANTA ISABEL,951.69,0,0.25,23750.0,0.0,1.5,0.0,0.48,0.04,2992.46,0.0
164-M4342038,APARTAMENTO,ARRIENDO,20.32,100.0,3.0,1.0,3921395.93,0.0,ENGATIVA,3,MAS DE 20 ANOS,4.7,-74.11,USADO,1500000.0,0,0,0,0,0,0,0,0,0,0,False,ENGATIVA,FLORENCIA 2,Carrera 90,696.97,0,PARQUE VECINAL FLORENCIA LOS TRONQUITOS AGRUPACIÓN DE VIVIENDA FLORENCIA II SECTOR,410.62,1,0.2,15000.0,0.0,3.0,0.0,0.38,0.03,847.01,0.0
164-M4672109,APARTAMENTO,ARRIENDO,20.32,30.0,1.0,1.0,3921395.93,1.0,NIZA ALHAMBRA,3,ENTRE 10 Y 20 ANOS,4.69,-74.06,USADO,1450000.0,0,0,0,0,0,0,0,0,0,1,False,SUBA,S.C. PASADENA,Suba - Calle 100,427.94,1,PARQUE ZONAL CANAL CORDOBA,1081.65,0,0.68,48333.33,1.0,1.0,0.0,0.37,0.03,519.31,0.0
164-M4574196,APARTAMENTO,ARRIENDO,20.32,24.0,1.0,1.0,3921395.93,0.0,CHAPINERO,3,REMODELADO,4.64,-74.07,USADO,1200000.0,0,0,0,0,1,0,0,0,0,1,False,TEUSAQUILLO,CHAPINERO OCCIDENTAL,Calle 57,143.61,1,PARQUE ESCENARIO DEPORTIVO EL CAMPINCITO - CEAD,1359.64,0,0.85,50000.0,0.0,1.0,0.0,0.31,0.04,897.0,0.0
164-M4477577,APARTAMENTO,ARRIENDO,20.32,42.0,2.0,1.0,3921395.93,0.0,ORQUIDEAS,3,ENTRE 10 Y 20 ANOS,4.76,-74.04,USADO,1100000.0,0,0,0,0,0,0,0,0,0,1,False,USAQUEN,SAN JOSE DE USAQUEN - URB. ARGO,Calle 187,1074.53,0,PARQUE VECINAL URBANIZACIÓN CALLE 170 / ALAMEDA,497.6,1,0.48,26190.48,0.0,2.0,0.0,0.28,0.05,1149.92,0.0
164-M4542889,APARTAMENTO,ARRIENDO,20.32,67.0,3.0,2.0,3921395.93,0.0,KENNEDY,2,ENTRE 10 Y 20 ANOS,4.65,-74.16,USADO,1250000.0,0,0,0,0,0,0,0,0,0,0,False,KENNEDY,S.C. TINTALA,Biblioteca Tintal,1294.06,0,PARQUE METROPOLITANO BIBLIOTECA EL TINTAL,493.92,1,0.3,18656.72,0.0,1.5,0.0,0.32,0.04,3001.73,0.0
164-M4459572,APARTAMENTO,ARRIENDO,20.32,60.0,2.0,2.0,3921395.93,0.0,BOSA SOACHA,3,ENTRE 0 Y 5 ANOS,4.62,-74.19,USADO,1100000.0,0,0,0,0,0,0,0,0,0,0,False,BOSA,EL CAUCE,Portal Américas,2213.88,0,PARQUE VECINAL URBANIZACIÓN CHICALA LOTE A,1174.28,0,0.34,18333.33,0.0,1.0,0.0,0.28,0.03,2291.13,0.0
164-M4548321,APARTAMENTO,ARRIENDO,20.32,190.0,3.0,1.0,3921395.93,0.0,ENGATIVA,3,REMODELADO,4.67,-74.1,USADO,1600000.0,0,0,0,0,0,0,0,0,0,0,False,ENGATIVA,LA ESTRADA,AV. Rojas,1987.2,0,PARQUE VECINAL URBANIZACIÓN CIUDAD HONDA,272.69,1,0.11,8421.05,0.0,3.0,0.0,0.41,0.02,813.69,0.0
164-M4640197,APARTAMENTO,ARRIENDO,20.32,50.0,3.0,1.0,3921395.93,0.0,CASTILLA MARSELLA,3,REMODELADO,4.64,-74.13,USADO,1250000.0,0,0,0,0,0,0,0,0,0,0,False,KENNEDY,VILLA ALSACIA CIUDADELA,Marsella,1666.91,0,PARQUE VECINAL VILLA ALSACIA,1066.8,0,0.41,25000.0,0.0,3.0,0.0,0.32,0.06,284.87,1.0
164-M4495686,APARTAMENTO,ARRIENDO,20.32,70.45,3.0,2.0,3921395.93,1.0,COLINA Y ALREDEDORES,3,MAS DE 20 ANOS,4.75,-74.06,USADO,1450000.0,0,0,0,0,0,0,0,0,0,1,False,SUBA,,Portal Norte,1080.46,0,PARQUE ZONAL SAN JOSÉ DE BAVARIA,925.28,0,0.29,20581.97,0.33,1.5,0.0,0.37,0.04,1603.03,0.0
164-M4459571,APARTAMENTO,ARRIENDO,20.32,63.0,2.0,2.0,3921395.93,0.0,BOSA SOACHA,3,ENTRE 0 Y 5 ANOS,4.62,-74.19,USADO,1200000.0,0,0,0,0,0,0,0,0,0,0,False,BOSA,EL CAUCE,Portal Américas,2213.88,0,PARQUE VECINAL URBANIZACIÓN CHICALA LOTE A,1174.28,0,0.32,19047.62,0.0,1.0,0.0,0.31,0.03,2291.13,0.0
164-M4647420,APARTAMENTO,ARRIENDO,20.32,32.0,2.0,1.0,3921395.93,0.0,ENGATIVA,2,REMODELADO,4.7,-74.13,USADO,850000.0,0,0,0,0,0,0,0,0,0,0,False,ENGATIVA,EL MUELLE I,Portal 80,2161.72,0,PARQUE ZONAL EL CARMELO,1073.23,0,0.64,26562.5,0.0,2.0,0.0,0.22,0.06,1345.43,0.0
164-M4456300,APARTAMENTO,ARRIENDO,20.32,50.0,2.0,1.0,3921395.93,0.0,CIUDAD BOLIVAR,2,ENTRE 0 Y 5 ANOS,4.57,-74.15,USADO,850000.0,0,0,0,0,0,0,0,0,0,0,False,CIUDAD BOLIVAR,SAN FRANCISCO I SECTOR,Portal Tunal,860.22,0,PARQUE ZONAL CANDELARIA LA NUEVA,278.02,1,0.41,17000.0,0.0,2.0,0.0,0.22,0.04,2199.55,0.0
164-M4546477,APARTAMENTO,ARRIENDO,20.32,22.0,1.0,1.0,3921395.93,0.0,PUENTE ARANDA,3,MAS DE 20 ANOS,4.6,-74.11,USADO,600000.0,0,0,0,0,0,0,0,0,0,0,False,PUENTE ARANDA,REMANSO SUR,SENA,300.3,1,PARQUE ZONAL PARQUE INDUSTRIAL LOS EJIDOS,470.94,1,0.92,27272.73,0.0,1.0,0.0,0.15,0.05,1428.75,0.0
164-M4507884,APARTAMENTO,ARRIENDO,20.32,50.07,2.0,2.0,3921395.93,0.0,KENNEDY,2,ENTRE 10 Y 20 ANOS,4.63,-74.18,USADO,900000.0,0,0,0,0,1,0,0,0,0,1,False,BOSA,CHICALA_,Portal Américas,924.05,0,PARQUE VECINAL URBANIZACIÓN CHICALA LOTE A,410.87,1,0.41,17974.84,0.0,1.0,0.0,0.23,0.04,2391.42,0.0
164-M4539626,APARTAMENTO,ARRIENDO,20.32,72.0,3.0,1.0,3921395.93,0.0,ENGATIVA,2,ENTRE 0 Y 5 ANOS,4.7,-74.12,USADO,1150000.0,0,0,0,0,0,0,0,0,0,0,False,ENGATIVA,EL MUELLE II,Portal El Dorado,1904.99,0,PARQUE ZONAL EL CARMELO,873.29,0,0.28,15972.22,0.0,3.0,0.0,0.29,0.04,1052.0,0.0
661-M4528951,APARTAMENTO,ARRIENDO,20.32,101.32,3.0,2.0,400000.0,2.0,CEDRITOS,4,MAS DE 20 ANOS,4.72,-74.03,USADO,2800000.0,0,1,0,0,0,0,0,0,0,1,False,USAQUEN,CEDRO NARVAEZ,Alcalá,2080.62,0,PARQUE VECINAL NUEVA URBANIZACIÓN EL CEDRITO,331.09,1,0.2,27635.22,0.67,1.5,0.0,7.0,0.03,546.01,0.0
3325-M4630653,APARTAMENTO,ARRIENDO,20.32,150.0,4.0,2.0,3921395.93,0.0,PUENTE ARANDA,3,MAS DE 20 ANOS,4.6,-74.1,USADO,1500000.0,0,0,0,0,0,0,0,0,0,0,False,PUENTE ARANDA,SANTA ISABEL OCCIDENTAL,Santa Isabel,54.19,1,PARQUE ZONAL SANTA ISABEL,290.27,1,0.14,10000.0,0.0,2.0,0.0,0.38,0.03,2573.78,0.0
164-M4578108,APARTAMENTO,ARRIENDO,20.32,63.0,2.0,1.0,3921395.93,0.0,METROPOLIS,3,ENTRE 10 Y 20 ANOS,4.67,-74.08,USADO,950000.0,0,0,0,0,0,0,0,0,0,0,False,BARRIOS UNIDOS,SAN FERNANDO OCCIDENTAL,Carrera 53,1060.73,0,PARQUE VECINAL URBANIZACIÓN METROPOLIS,464.33,1,0.32,15079.37,0.0,2.0,0.0,0.24,0.03,699.1,0.0
164-M4633220,APARTAMENTO,ARRIENDO,20.32,28.0,1.0,1.0,3921395.93,0.0,PUENTE ARANDA,3,ENTRE 0 Y 5 ANOS,4.62,-74.12,USADO,1020000.0,0,0,0,0,0,0,0,0,0,0,False,PUENTE ARANDA,COLON,Distrito Grafiti,561.16,0,PARQUE METROPOLITANO PISTA DE BMX PRD,797.16,0,0.73,36428.57,0.0,1.0,0.0,0.26,0.04,855.52,0.0
164-M4633168,APARTAMENTO,ARRIENDO,20.32,28.0,1.0,1.0,3921395.93,0.0,PUENTE ARANDA,3,ENTRE 0 Y 5 ANOS,4.62,-74.12,USADO,1050000.0,0,0,0,0,0,0,0,0,0,0,False,PUENTE ARANDA,COLON,Distrito Grafiti,561.16,0,PARQUE METROPOLITANO PISTA DE BMX PRD,797.16,0,0.73,37500.0,0.0,1.0,0.0,0.27,0.04,855.52,0.0
164-M4570526,APARTAMENTO,ARRIENDO,20.32,58.0,3.0,2.0,3921395.93,0.0,RAFAEL URIBE URIBE TUNJUELITO,3,REMODELADO,4.55,-74.09,USADO,850000.0,0,0,0,0,0,0,0,0,0,0,False,SAN CRISTOBAL,S.C. LA VICTORIA,Portal 20 de Julio,1544.89,0,PARQUE ZONAL LA VICTORIA,455.79,1,0.35,14655.17,0.0,1.5,0.0,0.22,0.05,4836.01,0.0
164-M4098164,APARTAMENTO,ARRIENDO,20.32,110.0,3.0,1.0,3921395.93,0.0,ENGATIVA,3,MAS DE 20 ANOS,4.68,-74.1,USADO,1200000.0,0,0,0,0,0,0,0,0,0,0,False,ENGATIVA,LA ESTRADA,Normandía,2024.01,0,PARQUE VECINAL URBANIZACIÓN CIUDAD HONDA,367.14,1,0.18,10909.09,0.0,3.0,0.0,0.31,0.03,902.22,0.0
164-M4627007,APARTAMENTO,ARRIENDO,20.32,57.0,2.0,1.0,3921395.93,0.0,ENGATIVA,3,ENTRE 0 Y 5 ANOS,4.7,-74.11,USADO,1250000.0,0,0,0,0,0,0,0,0,0,0,False,ENGATIVA,ALAMOS NORTE,Quirigua,821.55,0,PARQUE ZONAL EL CARMELO,374.44,1,0.36,21929.82,0.0,2.0,0.0,0.32,0.04,206.64,1.0
164-M4351237,APARTAMENTO,ARRIENDO,20.32,70.0,3.0,2.0,3921395.93,1.0,SANTA BARBARA,4,REMODELADO,4.69,-74.04,USADO,2400000.0,0,0,0,0,0,0,0,0,0,1,False,USAQUEN,SANTA BARBARA CENTRAL III SECTOR,Pepe Sierra,2075.72,0,PARQUE METROPOLITANO EL COUNTRY,1229.3,0,0.29,34285.71,0.33,1.5,0.0,0.61,0.04,338.69,1.0
164-M4742309,APARTAMENTO,ARRIENDO,20.32,35.0,1.0,1.0,3921395.93,0.0,CHAPINERO ALTO,4,REMODELADO,4.63,-74.07,USADO,1400000.0,0,0,0,0,1,0,0,0,0,1,False,CHAPINERO,S.C. SUCRE,Calle 45 - American School Way,322.87,1,PARQUE METROPOLITANO PARQUE NACIONAL (PM2A) ENRIQUE OLAYA HERRERA (SECTOR HISTORICO),464.77,1,0.58,40000.0,0.0,1.0,0.0,0.36,0.03,185.35,3.0
164-M3502201,APARTAMENTO,ARRIENDO,20.32,34.0,1.0,1.0,3921395.93,0.0,CENTRO Y ZONA COLONIAL,3,REMODELADO,4.6,-74.08,USADO,1000000.0,0,0,0,0,1,0,0,0,0,0,False,SANTA FE,LA CAPUCHINA,San Victorino,275.34,1,PARQUE METROPOLITANO TERCER MILENIO,690.44,0,0.6,29411.76,0.0,1.0,0.0,0.26,0.03,708.27,0.0
183-M4706075,APARTAMENTO,ARRIENDO,20.32,65.0,3.0,2.0,340000.0,0.0,CEDRITOS,4,MAS DE 20 ANOS,4.73,-74.04,USADO,1460000.0,0,0,0,0,0,0,0,0,0,1,False,USAQUEN,ACACIAS USAQUEN,Calle 142,1228.24,0,PARQUE VECINAL NUEVA URBANIZACIÓN EL CEDRITO,695.5,0,0.31,22461.54,0.0,1.5,0.0,4.29,0.05,653.04,0.0
164-M4742190,APARTAMENTO,ARRIENDO,20.32,50.0,3.0,1.0,3921395.93,0.0,CHAPINERO ALTO,3,MAS DE 20 ANOS,4.64,-74.07,USADO,1500000.0,0,0,0,0,0,0,0,0,0,0,False,CHAPINERO,S.C. CHAPINERO CENTRAL,Calle 57,59.48,1,PARQUE ESCENARIO DEPORTIVO EL CAMPINCITO - CEAD,1439.57,0,0.41,30000.0,0.0,3.0,0.0,0.38,0.06,1024.55,0.0
164-M4659977,APARTAMENTO,ARRIENDO,20.32,88.0,3.0,3.0,3921395.93,1.0,CORTIJO AUTOPISTA MEDELLIN,3,ENTRE 0 Y 5 ANOS,4.72,-74.12,USADO,2100000.0,0,0,0,0,0,0,0,0,0,1,False,ENGATIVA,CIUDADELA COLSUBSIDIO,Portal 80,1514.99,0,PARQUE ZONAL VILLAS DE GRANADA,948.18,0,0.23,23863.64,0.33,1.0,0.0,0.54,0.03,1342.58,0.0
342-M4741289,APARTAMENTO,ARRIENDO,20.32,93.8,2.0,2.0,883710.0,1.0,CHAPINERO ALTO,4,ENTRE 10 Y 20 ANOS,4.64,-74.06,USADO,2504661.0,0,0,0,0,0,0,0,0,0,1,False,CHAPINERO,S.C. BOSQUE CALDERON,Marly,659.25,0,PARQUE ZONAL GUSTAVO URIBE BOTERO,1618.5,0,0.22,26702.14,0.5,1.0,0.0,2.83,0.02,898.94,0.0
164-M4739301,APARTAMENTO,ARRIENDO,20.32,75.0,2.0,2.0,3921395.93,1.0,COLINA Y ALREDEDORES,5,ENTRE 0 Y 5 ANOS,4.73,-74.07,USADO,2250000.0,0,1,0,0,1,0,0,0,0,1,False,SUBA,URB. ATICOS DEL NORTE,Gratamira,978.75,0,PARQUE VECINAL PRADO PINZÓN,1362.14,0,0.27,30000.0,0.5,1.0,0.0,0.57,0.03,289.96,1.0
2363-M4703666,APARTAMENTO,ARRIENDO,20.32,58.0,2.0,2.0,539000.0,1.0,CHAPINERO,4,REMODELADO,4.64,-74.07,USADO,2100000.0,0,0,0,0,1,0,0,0,0,1,False,TEUSAQUILLO,BANCO CENTRAL,Calle 57,445.61,1,PARQUE ESCENARIO DEPORTIVO EL CAMPINCITO - CEAD,952.93,0,0.35,36206.9,0.5,1.0,0.0,3.9,0.03,563.71,0.0
734-M4592244,APARTAMENTO,ARRIENDO,20.32,40.0,2.0,1.0,3921395.93,0.0,ALTOS DE SUBA Y CERROS DE SAN JORGE,3,REMODELADO,4.75,-74.1,USADO,920000.0,0,0,0,0,0,0,0,0,0,1,False,SUBA,URB. LAS FLORES,Portal Suba,1180.6,0,PARQUE VECINAL CIUDADELA CAFAM ANTES URBANIZACIÓN PUERTO SOL,544.11,0,0.51,23000.0,0.0,2.0,0.0,0.23,0.05,948.15,0.0
34-M4699687,APARTAMENTO,ARRIENDO,20.32,58.0,1.0,1.0,700000.0,0.0,CHICO,6,ENTRE 0 Y 5 ANOS,4.67,-74.05,USADO,2800000.0,0,1,0,0,0,0,0,0,0,1,False,CHAPINERO,LA CABRERA,Calle 85,1444.91,0,PARQUE VECINAL URBANIZACIÓN LA CABRERA,398.27,1,0.35,48275.86,0.0,1.0,0.0,4.0,0.02,387.23,1.0
14236-M4709029,APARTAMENTO,ARRIENDO,20.32,129.34,3.0,4.0,1150000.0,2.0,SANTA BARBARA,6,ENTRE 10 Y 20 ANOS,4.69,-74.06,USADO,6200000.0,0,1,0,1,1,0,0,0,0,0,False,USAQUEN,SANTA BIBIANA,Calle 106,105.63,1,PARQUE ZONAL CANAL CORDOBA,1492.87,0,0.16,47935.67,0.67,0.75,0.0,5.39,0.02,679.99,0.0
164-M3502204,APARTAMENTO,ARRIENDO,20.32,34.0,1.0,1.0,3921395.93,0.0,CENTRO Y ZONA COLONIAL,3,REMODELADO,4.6,-74.08,USADO,1000000.0,0,0,0,0,1,0,0,0,0,0,False,SANTA FE,LA CAPUCHINA,San Victorino,275.34,1,PARQUE METROPOLITANO TERCER MILENIO,690.44,0,0.6,29411.76,0.0,1.0,0.0,0.26,0.03,708.27,0.0
164-M3307068,APARTAMENTO,ARRIENDO,20.32,44.0,2.0,1.0,3921395.93,0.0,ALTOS DE SUBA Y CERROS DE SAN JORGE,3,ENTRE 0 Y 5 ANOS,4.72,-74.09,USADO,920000.0,0,0,0,0,0,0,0,0,0,0,False,SUBA,CIUDAD HUNZA - EL JORDAN,Suba - AV. Boyacá,1641.98,0,PARQUE METROPOLITANO CEFE COMETAS,1164.63,0,0.46,20909.09,0.0,2.0,0.0,0.23,0.05,2192.24,0.0
164-M3502216,APARTAMENTO,ARRIENDO,20.32,25.0,1.0,1.0,3921395.93,0.0,CENTRO Y ZONA COLONIAL,3,REMODELADO,4.6,-74.08,USADO,800000.0,0,0,0,0,1,0,0,0,0,0,False,SANTA FE,LA CAPUCHINA,San Victorino,275.34,1,PARQUE METROPOLITANO TERCER MILENIO,690.44,0,0.81,32000.0,0.0,1.0,0.0,0.2,0.04,708.27,0.0
164-M4741967,APARTAMENTO,ARRIENDO,20.32,40.0,1.0,1.0,3921395.93,0.0,CENTRO Y ZONA COLONIAL,2,REMODELADO,4.6,-74.06,USADO,1500000.0,0,0,0,0,0,0,0,0,0,1,False,SANTA FE,VEREDA MONSERRATE,Universidades,634.54,0,PARQUE ZONAL SENDERO A MONSERRATE,32.85,1,0.51,37500.0,0.0,1.0,0.0,0.38,0.02,606.0,0.0
164-M3502197,APARTAMENTO,ARRIENDO,20.32,34.0,1.0,1.0,3921395.93,0.0,CENTRO Y ZONA COLONIAL,3,REMODELADO,4.6,-74.08,USADO,1000000.0,0,0,0,0,1,0,0,0,0,0,False,SANTA FE,LA CAPUCHINA,San Victorino,275.34,1,PARQUE METROPOLITANO TERCER MILENIO,690.44,0,0.6,29411.76,0.0,1.0,0.0,0.26,0.03,708.27,0.0
34-M4457907,APARTAMENTO,ARRIENDO,20.32,50.0,1.0,1.0,444000.0,1.0,CHICO,6,ENTRE 5 Y 10 ANOS,4.66,-74.05,USADO,3100000.0,0,0,0,0,1,0,0,0,0,1,False,CHAPINERO,LOS ROSALES,Calle 72,1549.45,0,PARQUE ZONAL GUSTAVO URIBE BOTERO,813.66,0,0.41,62000.0,1.0,1.0,0.0,6.98,0.02,802.12,0.0
164-M4504402,APARTAMENTO,ARRIENDO,20.32,124.0,2.0,2.0,3921395.93,1.0,CENTRO Y ZONA COLONIAL,3,REMODELADO,4.59,-74.07,USADO,4700000.0,0,0,0,0,0,0,0,0,0,1,False,SANTA FE,LOURDES III,Bicentenario,1174.2,0,PARQUE VECINAL DESARROLLO LOURDES,140.94,1,0.16,37903.23,0.5,1.0,0.0,1.2,0.02,995.67,0.0
164-M3502199,APARTAMENTO,ARRIENDO,20.32,34.0,1.0,1.0,3921395.93,0.0,CENTRO Y ZONA COLONIAL,3,REMODELADO,4.6,-74.08,USADO,1000000.0,0,0,0,0,1,0,0,0,0,0,False,SANTA FE,LA CAPUCHINA,San Victorino,275.34,1,PARQUE METROPOLITANO TERCER MILENIO,690.44,0,0.6,29411.76,0.0,1.0,0.0,0.26,0.03,708.27,0.0
164-M4600427,APARTAMENTO,ARRIENDO,20.32,50.0,2.0,1.0,3921395.93,0.0,,3,ENTRE 0 Y 5 ANOS,4.67,-74.15,USADO,1000000.0,0,0,0,0,0,0,0,0,0,1,False,FONTIBON,LA LAGUNA FONTIBON,Portal El Dorado,3233.35,0,PARQUE ZONAL CARMEN DE LA LAGUNA,378.91,1,0.41,20000.0,0.0,2.0,0.0,0.26,0.04,2098.03,0.0
164-M4656996,APARTAMENTO,ARRIENDO,20.32,40.0,2.0,1.0,3921395.93,0.0,ALTOS DE SUBA Y CERROS DE SAN JORGE,3,ENTRE 0 Y 5 ANOS,4.76,-74.1,USADO,1100000.0,0,0,0,0,1,0,0,0,0,1,False,SUBA,URB. CAMINO VERDE,Portal Suba,1608.25,0,PARQUE VECINAL CIUDADELA CAFAM ANTES URBANIZACIÓN PUERTO SOL,1260.37,0,0.51,27500.0,0.0,2.0,0.0,0.28,0.05,1313.67,0.0
4566-M4545303,APARTAMENTO,ARRIENDO,20.32,176.0,2.0,3.0,1200000.0,2.0,,6,ENTRE 5 Y 10 ANOS,4.65,-74.05,USADO,9800000.0,0,1,0,1,0,0,0,0,0,1,False,CHAPINERO,S.C. BELLAVISTA,Flores – Areandina,1235.34,0,PARQUE ZONAL GUSTAVO URIBE BOTERO,258.24,1,0.12,55681.82,1.0,0.67,0.0,8.17,0.01,435.79,1.0
3325-M4543942,APARTAMENTO,ARRIENDO,20.32,42.0,2.0,1.0,80400.0,0.0,KENNEDY,3,ENTRE 0 Y 5 ANOS,4.65,-74.17,USADO,869600.0,0,0,0,0,1,0,0,0,0,1,False,KENNEDY,CALANDAIMA - LOS PANTANOS,Biblioteca Tintal,1789.58,0,PARQUE VECINAL PRIMAVERA,760.67,0,0.48,20704.76,0.0,2.0,0.0,10.82,0.05,4236.64,0.0
164-M4635311,APARTAMENTO,ARRIENDO,20.32,19.0,1.0,1.0,3921395.93,1.0,CHAPINERO ALTO,3,REMODELADO,4.65,-74.06,USADO,1300000.0,0,0,0,0,1,0,0,0,0,1,True,CHAPINERO,S.C. CHAPINERO NORTE,Calle 63,334.25,1,PARQUE ZONAL GUSTAVO URIBE BOTERO,1098.01,0,1.07,68421.05,1.0,1.0,0.0,0.33,0.05,428.01,1.0
164-M4635343,APARTAMENTO,ARRIENDO,20.32,50.84,3.0,1.0,3921395.93,0.0,FONTIBON TINTAL,3,ENTRE 0 Y 5 ANOS,4.69,-74.16,USADO,1000000.0,0,0,0,0,1,0,0,0,0,1,False,FONTIBON,SAN PABLO JERICO,Portal El Dorado,4278.95,0,PARQUE ZONAL LA CONCORDIA,1282.9,0,0.4,19669.55,0.0,3.0,0.0,0.26,0.06,1727.94,0.0
164-M4583258,APARTAMENTO,ARRIENDO,20.32,60.0,3.0,1.0,3921395.93,0.0,ORQUIDEAS,3,MAS DE 20 ANOS,4.76,-74.04,USADO,1100000.0,0,0,0,0,0,0,0,0,0,1,False,USAQUEN,TARDES DE SAN JOSE,Calle 187,782.19,0,PARQUE VECINAL URBANIZACIÓN CALLE 170 / ALAMEDA,470.88,1,0.34,18333.33,0.0,3.0,0.0,0.28,0.05,845.07,0.0
164-M3649826,APARTAMENTO,ARRIENDO,20.32,53.0,3.0,2.0,3921395.93,0.0,CIUDAD BOLIVAR,3,ENTRE 10 Y 20 ANOS,4.59,-74.16,USADO,1000000.0,0,0,0,0,0,0,0,0,0,1,False,CIUDAD BOLIVAR,URB. CASA LARGA,CC Paseo Villa del Río - Madelena,565.21,0,PARQUE VECINAL URBANIZACIÓN BALMORAL CESIÓN GUADALUPE,498.54,1,0.38,18867.92,0.0,1.5,0.0,0.26,0.06,1025.81,0.0
164-M4120678,APARTAMENTO,ARRIENDO,20.32,42.0,3.0,1.0,3921395.93,0.0,BOSA SOACHA,3,ENTRE 0 Y 5 ANOS,4.64,-74.19,USADO,750000.0,0,0,0,0,0,0,0,0,0,1,False,BOSA,S.C OSORIO DIEZ,Portal Américas,1853.5,0,PARQUE METROPOLITANO PORVENIR,446.75,1,0.48,17857.14,0.0,3.0,0.0,0.19,0.07,4015.58,0.0
164-M4525182,APARTAMENTO,ARRIENDO,20.32,77.0,3.0,2.0,3921395.93,1.0,COLINA Y ALREDEDORES,4,ENTRE 10 Y 20 ANOS,4.74,-74.05,USADO,1900000.0,0,0,0,0,1,0,0,0,0,1,False,SUBA,MAZUREN,Mazurén,665.68,0,PARQUE VECINAL URBANIZACIÓN VICTORIA NORTE,239.69,1,0.26,24675.32,0.33,1.5,0.0,0.48,0.04,1400.26,0.0
34-M4623268,APARTAMENTO,ARRIENDO,20.32,174.0,3.0,3.0,749000.0,2.0,SANTA BARBARA,6,MAS DE 20 ANOS,4.76,-74.03,USADO,3190000.0,0,1,0,0,1,0,0,0,0,1,False,USAQUEN,SAN ANTONIO NORTE II SECTOR,Calle 187,1122.73,0,PARQUE VECINAL DESARROLLO VERBENAL I,656.77,0,0.12,18333.33,0.67,1.0,0.0,4.26,0.02,1125.09,0.0
164-M4577728,APARTAMENTO,ARRIENDO,20.32,41.0,3.0,2.0,3921395.93,0.0,FONTIBON TINTAL,3,ENTRE 0 Y 5 ANOS,4.7,-74.17,USADO,850000.0,0,0,0,0,1,0,0,0,0,1,False,FONTIBON,S.C. PUENTE GRANDE,Portal El Dorado,5355.77,0,PARQUE ZONAL LA CONCORDIA,2376.62,0,0.5,20731.71,0.0,1.5,0.0,0.22,0.07,2457.61,0.0
661-M4345563,APARTAMENTO,ARRIENDO,19.3,63.47,3.0,1.0,190000.0,0.0,ENGATIVA,3,MAS DE 20 ANOS,4.7,-74.11,USADO,1320000.0,0,0,0,0,0,0,0,0,0,1,False,ENGATIVA,FLORENCIA II SECTOR,Carrera 90,218.76,1,PARQUE VECINAL FLORENCIA LOS TRONQUITOS AGRUPACIÓN DE VIVIENDA FLORENCIA II SECTOR,95.86,1,0.3,20797.23,0.0,3.0,0.0,6.95,0.05,1038.58,0.0
279-M4740384,APARTAMENTO,ARRIENDO,20.32,42.5,2.0,2.0,3921395.93,1.0,ORQUIDEAS,3,ENTRE 0 Y 5 ANOS,4.76,-74.03,USADO,1550000.0,0,0,0,0,0,0,0,0,0,1,False,USAQUEN,ZULIMA,Calle 187,1882.39,0,PARQUE VECINAL URBANIZACIÓN CALLE 170 / ALAMEDA,1288.17,0,0.48,36470.59,0.5,1.0,0.0,0.4,0.05,1673.59,0.0
164-M4700503,APARTAMENTO,ARRIENDO,20.32,96.0,3.0,2.0,3921395.93,1.0,CENTRO INTERNACIONAL,2,MAS DE 20 ANOS,4.62,-74.07,USADO,2700000.0,0,0,0,0,0,0,0,0,0,1,False,SANTA FE,LA PERSEVERANCIA,Calle 34,552.76,0,PARQUE METROPOLITANO PARQUE NACIONAL (PM2A) ENRIQUE OLAYA HERRERA (SECTOR HISTORICO),581.61,0,0.21,28125.0,0.33,1.5,0.0,0.69,0.03,571.67,0.0
164-M4458805,APARTAMENTO,ARRIENDO,20.32,55.0,3.0,2.0,3921395.93,0.0,KENNEDY,3,ENTRE 5 Y 10 ANOS,4.64,-74.15,USADO,1200000.0,0,0,0,0,1,0,0,0,0,1,False,KENNEDY,CIUDAD TECHO II,Transversal 86,318.21,1,PARQUE METROPOLITANO BIBLIOTECA EL TINTAL,881.77,0,0.37,21818.18,0.0,1.5,0.0,0.31,0.05,2686.58,0.0
2363-M4734585,APARTAMENTO,ARRIENDO,20.32,79.6,3.0,3.0,3921395.93,2.0,CEDRITOS,4,REMODELADO,4.73,-74.04,USADO,2200000.0,0,0,0,0,0,0,0,0,0,1,False,USAQUEN,CAOBOS SALAZAR,Calle 146,1329.62,0,PARQUE VECINAL NUEVA URBANIZACIÓN EL CEDRITO,749.18,0,0.26,27638.19,0.67,1.0,0.0,0.56,0.04,643.87,0.0
164-M4071111,APARTAMENTO,ARRIENDO,20.32,85.0,3.0,1.0,3921395.93,0.0,ANTONIO NARINO,3,MAS DE 20 ANOS,4.59,-74.1,USADO,1300000.0,0,0,0,0,0,0,0,0,0,0,False,ANTONIO NARINO,RESTREPO,Fucha,382.96,1,PARQUE ESCENARIO DEPORTIVO GIMNASIO DEL SUR,406.6,1,0.24,15294.12,0.0,3.0,0.0,0.33,0.04,2609.84,0.0
3325-M4685635,APARTAMENTO,ARRIENDO,20.32,40.0,2.0,2.0,60000.0,0.0,CORTIJO AUTOPISTA MEDELLIN,3,ENTRE 10 Y 20 ANOS,4.71,-74.1,USADO,1000000.0,0,0,0,0,0,0,0,0,0,0,False,ENGATIVA,S.C. PARIS GAITAN,AV. Cali,673.75,0,PARQUE ZONAL JUAN AMARILLO,393.57,1,0.51,25000.0,0.0,1.0,0.0,16.67,0.05,1741.78,0.0
661-M4729909,APARTAMENTO,ARRIENDO,20.32,77.0,2.0,2.0,300000.0,2.0,CENTRO Y ZONA COLONIAL,4,ENTRE 0 Y 5 ANOS,4.6,-74.07,USADO,3000000.0,0,0,0,0,0,0,0,0,0,1,False,SANTA FE,VERACRUZ__,Las Aguas - Centro Colombo Americano,147.82,1,PARQUE ZONAL SENDERO A MONSERRATE,912.3,0,0.26,38961.04,1.0,1.0,0.0,10.0,0.03,199.97,5.0
5545-M4666158,APARTAMENTO,ARRIENDO,20.32,70.0,1.0,2.0,577000.0,1.0,CHAPINERO ALTO,5,ENTRE 10 Y 20 ANOS,4.64,-74.06,USADO,4000000.0,0,1,0,0,0,0,0,0,0,0,False,CHAPINERO,S.C. BOSQUE CALDERON,Calle 57,707.25,0,PARQUE ZONAL GUSTAVO URIBE BOTERO,1273.93,0,0.29,57142.86,1.0,0.5,0.0,6.93,0.01,1218.17,0.0
164-M4496148,APARTAMENTO,ARRIENDO,20.32,19.0,1.0,1.0,3921395.93,0.0,CENTRO Y ZONA COLONIAL,3,ENTRE 0 Y 5 ANOS,4.6,-74.07,USADO,1500000.0,0,0,0,0,0,0,0,0,0,0,False,SANTA FE,VERACRUZ__,Las Aguas - Centro Colombo Americano,147.82,1,PARQUE ZONAL SENDERO A MONSERRATE,912.3,0,1.07,78947.37,0.0,1.0,0.0,0.38,0.05,199.97,5.0
164-M4665969,APARTAMENTO,ARRIENDO,20.32,30.0,1.0,1.0,3921395.93,0.0,METROPOLIS,3,ENTRE 0 Y 5 ANOS,4.67,-74.08,USADO,1350000.0,0,0,0,0,0,0,0,0,0,0,False,BARRIOS UNIDOS,SAN FERNANDO OCCIDENTAL,Carrera 47,723.26,0,PARQUE VECINAL URBANIZACIÓN METROPOLIS,737.84,0,0.68,45000.0,0.0,1.0,0.0,0.34,0.03,875.33,0.0
4566-M4519969,APARTAMENTO,ARRIENDO,20.32,114.0,1.0,2.0,640000.0,2.0,SANTA BARBARA,6,ENTRE 10 Y 20 ANOS,4.7,-74.05,USADO,3360000.0,0,1,0,0,0,0,0,0,0,1,False,USAQUEN,SANTA BARBARA OCCIDENTAL,Pepe Sierra,931.41,0,PARQUE METROPOLITANO EL COUNTRY,1079.78,0,0.18,29473.68,2.0,0.5,0.0,5.25,0.01,226.53,1.0
164-M4210674,APARTAMENTO,ARRIENDO,20.32,90.0,2.0,2.0,3921395.93,1.0,CHICO,6,ENTRE 10 Y 20 ANOS,4.65,-74.05,USADO,3800000.0,0,0,0,0,1,0,0,0,0,1,False,CHAPINERO,S.C. LAS ACACIAS,Flores – Areandina,1435.25,0,PARQUE ZONAL GUSTAVO URIBE BOTERO,295.79,1,0.23,42222.22,0.5,1.0,0.0,0.97,0.02,624.14,0.0
13436-M4744029,APARTAMENTO,ARRIENDO,20.32,70.0,2.0,2.0,437000.0,1.0,GUAYMARAL,5,MAS DE 20 ANOS,4.7,-74.06,USADO,2300000.0,0,0,0,0,0,0,0,0,0,1,False,SUBA,EL BATAN,Calle 127,165.15,1,PARQUE ZONAL ATABANZA,646.28,0,0.29,32857.14,0.5,1.0,0.0,5.26,0.03,334.14,4.0
164-M4500552,APARTAMENTO,ARRIENDO,20.32,50.0,2.0,1.0,3921395.93,0.0,CIUDAD BOLIVAR,2,ENTRE 10 Y 20 ANOS,4.57,-74.14,USADO,850000.0,0,0,0,0,0,0,0,0,0,0,False,CIUDAD BOLIVAR,PROTECHO BOGOTA II,Portal Tunal,547.32,0,PARQUE ZONAL CANDELARIA LA NUEVA,448.56,1,0.41,17000.0,0.0,2.0,0.0,0.22,0.04,1687.69,0.0
13436-M4743757,APARTAMENTO,ARRIENDO,20.32,70.0,2.0,2.0,437000.0,1.0,GUAYMARAL,5,MAS DE 20 ANOS,4.7,-74.06,USADO,2300000.0,0,0,0,0,0,0,0,0,0,1,False,SUBA,EL BATAN,Calle 127,165.15,1,PARQUE ZONAL ATABANZA,646.28,0,0.29,32857.14,0.5,1.0,0.0,5.26,0.03,334.14,4.0
34-M4668501,APARTAMENTO,ARRIENDO,20.32,104.0,3.0,3.0,800000.0,2.0,COUNTRY,4,ENTRE 0 Y 5 ANOS,4.71,-74.04,USADO,4200000.0,0,1,0,0,1,0,0,0,0,0,False,USAQUEN,LISBOA_,Prado,1882.83,0,PARQUE VECINAL NUEVA URBANIZACIÓN EL CEDRITO,1039.36,0,0.2,40384.62,0.67,1.0,0.0,5.25,0.03,229.3,1.0
164-M4631663,APARTAMENTO,ARRIENDO,20.32,38.0,1.0,1.0,3921395.93,0.0,PUENTE ARANDA,3,ENTRE 0 Y 5 ANOS,4.62,-74.12,USADO,1100000.0,0,0,0,0,0,0,0,0,0,0,False,PUENTE ARANDA,COLON,Distrito Grafiti,561.16,0,PARQUE METROPOLITANO PISTA DE BMX PRD,797.16,0,0.53,28947.37,0.0,1.0,0.0,0.28,0.03,855.52,0.0
164-M4729984,APARTAMENTO,ARRIENDO,20.32,75.0,3.0,1.0,3921395.93,0.0,CASTILLA MARSELLA,3,ENTRE 10 Y 20 ANOS,4.64,-74.14,USADO,1200000.0,0,0,0,0,0,0,0,0,0,0,False,KENNEDY,CASTILLA,Mandalay,995.35,0,PARQUE ZONAL CASTILLA,322.3,1,0.27,16000.0,0.0,3.0,0.0,0.31,0.04,1695.72,0.0
164-M4732266,APARTAMENTO,ARRIENDO,20.32,58.0,3.0,2.0,3921395.93,0.0,RAFAEL URIBE URIBE TUNJUELITO,3,REMODELADO,4.55,-74.09,USADO,850000.0,0,0,0,0,0,0,0,0,0,0,False,SAN CRISTOBAL,S.C. LA VICTORIA,Portal 20 de Julio,1544.89,0,PARQUE ZONAL LA VICTORIA,455.79,1,0.35,14655.17,0.0,1.5,0.0,0.22,0.05,4836.01,0.0
164-M4689487,APARTAMENTO,ARRIENDO,20.32,45.0,1.0,1.0,3921395.93,0.0,CHAPINERO ALTO,3,MAS DE 20 ANOS,4.65,-74.06,USADO,2100000.0,0,0,0,0,1,0,0,0,0,0,False,CHAPINERO,S.C. LA SALLE,Calle 63,707.18,0,PARQUE ZONAL GUSTAVO URIBE BOTERO,902.75,0,0.45,46666.67,0.0,1.0,0.0,0.54,0.02,757.29,0.0
164-M4588584,APARTAMENTO,ARRIENDO,20.32,45.0,2.0,2.0,3921395.93,0.0,KENNEDY,3,ENTRE 10 Y 20 ANOS,4.64,-74.16,USADO,850000.0,0,0,0,0,0,0,0,0,0,0,False,KENNEDY,MARIA PAZ,Biblioteca Tintal,412.45,1,PARQUE METROPOLITANO BIBLIOTECA EL TINTAL,686.11,0,0.45,18888.89,0.0,1.0,0.0,0.22,0.04,2988.7,0.0
989-M4685157,APARTAMENTO,ARRIENDO,20.32,40.0,1.0,1.0,3921395.93,1.0,NIZA ALHAMBRA,5,ENTRE 10 Y 20 ANOS,4.71,-74.08,USADO,1700000.0,0,0,0,0,0,0,0,0,0,0,False,SUBA,NIZA SUR,Humedal Córdoba,693.68,0,PARQUE ZONAL LOS LACHES LA MINA,767.86,0,0.51,42500.0,1.0,1.0,0.0,0.43,0.02,766.63,0.0
164-M4448266,APARTAMENTO,ARRIENDO,20.32,50.0,3.0,1.0,3921395.93,0.0,ALTOS DE SUBA Y CERROS DE SAN JORGE,3,REMODELADO,4.75,-74.1,USADO,1000000.0,0,0,0,0,0,0,0,0,0,0,False,SUBA,RINCON DE SANTA INES,Portal Suba,1292.49,0,PARQUE VECINAL CIUDADELA CAFAM ANTES URBANIZACIÓN PUERTO SOL,767.62,0,0.41,20000.0,0.0,3.0,0.0,0.26,0.06,1029.82,0.0
164-M4329382,APARTAMENTO,ARRIENDO,20.32,50.0,2.0,1.0,3921395.93,0.0,ENGATIVA,3,MAS DE 20 ANOS,4.71,-74.13,USADO,800000.0,0,0,0,0,0,0,0,0,0,0,False,ENGATIVA,BOSQUES DE MARIANA,Portal 80,1947.11,0,PARQUE ZONAL EL CARMELO,1104.29,0,0.41,16000.0,0.0,2.0,0.0,0.2,0.04,1507.65,0.0
164-M4712555,APARTAMENTO,ARRIENDO,20.32,122.0,4.0,2.0,3921395.93,2.0,PUENTE ARANDA,3,MAS DE 20 ANOS,4.61,-74.12,USADO,2500000.0,0,0,0,0,0,0,0,0,0,0,False,PUENTE ARANDA,TORREMOLINOS,NQS - Calle 30 S,1852.15,0,PARQUE ZONAL EL JAZMIN,742.54,0,0.17,20491.8,0.5,2.0,0.0,0.64,0.03,1796.92,0.0
164-M4574414,APARTAMENTO,ARRIENDO,20.32,56.0,3.0,1.0,170000.0,0.0,RAFAEL URIBE URIBE TUNJUELITO,3,MAS DE 20 ANOS,4.58,-74.13,USADO,1100000.0,0,0,0,0,0,0,0,0,0,1,False,TUNJUELITO,TUNAL SECTOR_II,Biblioteca,762.79,0,PARQUE METROPOLITANO CEFE EL TUNAL,759.7,0,0.36,19642.86,0.0,3.0,0.0,6.47,0.05,489.58,1.0
164-M4084944,APARTAMENTO,ARRIENDO,20.32,70.0,2.0,2.0,3921395.93,0.0,ENGATIVA,3,ENTRE 10 Y 20 ANOS,4.71,-74.12,USADO,1350000.0,0,0,0,0,0,0,0,0,0,0,False,ENGATIVA,ALAMOS NORTE,Portal 80,851.54,0,PARQUE ZONAL EL CARMELO,279.67,1,0.29,19285.71,0.0,1.0,0.0,0.34,0.03,505.19,0.0
164-M4301427,APARTAMENTO,ARRIENDO,20.32,80.0,4.0,2.0,3921395.93,0.0,ALTOS DE SUBA Y CERROS DE SAN JORGE,2,ENTRE 0 Y 5 ANOS,4.75,-74.11,USADO,1200000.0,0,0,0,0,0,0,0,0,0,1,False,SUBA,URB. PIEDRA VERDE,Portal Suba,2271.49,0,PARQUE VECINAL BERLIN,310.7,1,0.25,15000.0,0.0,2.0,0.0,0.31,0.05,2203.31,0.0
562-M4698346,APARTAMENTO,ARRIENDO,20.32,90.0,3.0,3.0,3921395.93,2.0,CHICO,6,MAS DE 20 ANOS,4.68,-74.05,USADO,5500000.0,0,0,0,0,0,0,0,0,0,1,False,CHAPINERO,S.C. CHICO NORTE III SECTOR,Calle 100 - Marketmedios,867.71,0,PARQUE VECINAL URBANIZACIÓN NORMANDIA I II II Y IV SECTOR,1117.14,0,0.23,61111.11,0.67,1.0,0.0,1.4,0.03,153.65,3.0
164-M4453890,APARTAMENTO,ARRIENDO,20.32,70.0,2.0,1.0,3921395.93,0.0,ENGATIVA,2,ENTRE 10 Y 20 ANOS,4.71,-74.14,USADO,850000.0,0,0,0,0,0,0,0,0,0,0,False,ENGATIVA,EL PALMAR III,Portal 80,3029.81,0,PARQUE ZONAL VILLAS DE GRANADA,1672.87,0,0.29,12142.86,0.0,2.0,0.0,0.22,0.03,1778.67,0.0
164-M4618411,APARTAMENTO,ARRIENDO,20.32,70.0,3.0,1.0,3921395.93,0.0,RAFAEL URIBE URIBE TUNJUELITO,2,ENTRE 10 Y 20 ANOS,4.55,-74.11,USADO,900000.0,0,0,0,0,0,0,0,0,0,0,False,RAFAEL URIBE URIBE,MARRUECOS II SECTOR,Molinos,1004.01,0,PARQUE VECINAL URBANIZACIÓN MARRUECOS II SECTOR,75.44,1,0.29,12857.14,0.0,3.0,0.0,0.23,0.04,3203.88,0.0
973-M4699981,APARTAMENTO,ARRIENDO,20.32,97.0,3.0,3.0,3921395.93,2.0,CENTRO INTERNACIONAL,4,ENTRE 0 Y 5 ANOS,4.62,-74.07,USADO,3830000.0,0,0,0,0,0,0,0,0,0,1,False,SANTA FE,SAN_MARTIN,Calle 34,392.24,1,PARQUE METROPOLITANO PARQUE NACIONAL (PM2A) ENRIQUE OLAYA HERRERA (SECTOR HISTORICO),615.73,0,0.21,39484.54,0.67,1.0,0.0,0.98,0.03,445.2,3.0
164-M4734132,APARTAMENTO,ARRIENDO,20.32,72.0,3.0,2.0,309000.0,1.0,ENGATIVA,3,ENTRE 0 Y 5 ANOS,4.69,-74.09,USADO,2500000.0,0,0,0,0,0,0,0,0,0,1,False,ENGATIVA,SANTA MARIA I Y II SECTOR,Minuto de Dios,1009.23,0,PARQUE ZONAL BONANZA,593.86,0,0.28,34722.22,0.33,1.5,0.0,8.09,0.04,1184.49,0.0
2361-M4733809,APARTAMENTO,ARRIENDO,20.32,154.0,4.0,4.0,3921395.93,2.0,SANTA BARBARA,6,MAS DE 20 ANOS,4.7,-74.04,USADO,3200000.0,0,1,0,0,1,0,0,0,0,1,False,USAQUEN,SANTA BARBARA CENTRAL I SECTOR,Calle 127,1452.67,0,PARQUE METROPOLITANO EL COUNTRY,646.96,0,0.13,20779.22,0.5,1.0,0.0,0.82,0.03,344.72,1.0
2361-M4733946,APARTAMENTO,ARRIENDO,20.32,67.0,2.0,2.0,3921395.93,0.0,COLINA Y ALREDEDORES,4,ENTRE 10 Y 20 ANOS,4.73,-74.05,USADO,1800000.0,0,1,0,0,1,0,0,0,0,0,False,SUBA,LA VICTORIA NORTE,Calle 146,490.77,1,PARQUE VECINAL URBANIZACIÓN LA LAGUNA,248.58,1,0.3,26865.67,0.0,1.0,0.0,0.46,0.03,1287.33,0.0
164-M4502708,APARTAMENTO,ARRIENDO,20.32,70.0,3.0,2.0,3921395.93,1.0,COLINA Y ALREDEDORES,4,REMODELADO,4.74,-74.06,USADO,2300000.0,0,0,0,0,0,0,0,0,0,1,False,SUBA,S.C. GILMAR - LA SIRENA (PREDIO),Calle 161,1733.68,0,PARQUE VECINAL DESARROLLO CANTALEJO URBANIZACIÓN CANTALEJO MANZANA B,669.21,0,0.29,32857.14,0.33,1.5,0.0,0.59,0.04,1133.05,0.0
164-M3502198,APARTAMENTO,ARRIENDO,20.32,34.0,1.0,1.0,3921395.93,0.0,CENTRO Y ZONA COLONIAL,3,REMODELADO,4.6,-74.08,USADO,1000000.0,0,0,0,0,1,0,0,0,0,0,False,SANTA FE,LA CAPUCHINA,San Victorino,275.34,1,PARQUE METROPOLITANO TERCER MILENIO,690.44,0,0.6,29411.76,0.0,1.0,0.0,0.26,0.03,708.27,0.0
164-M4548714,APARTAMENTO,ARRIENDO,20.32,57.0,3.0,2.0,3921395.93,0.0,BOSA SOACHA,2,ENTRE 0 Y 5 ANOS,4.62,-74.2,USADO,850000.0,0,0,0,0,0,0,0,0,0,1,False,BOSA,LA INDEPENDENCIA,Portal Américas,2806.15,0,PARQUE ZONAL PARQUE DEL RIO (SAN JOSE DE MARYLAND),822.6,0,0.36,14912.28,0.0,1.5,0.0,0.22,0.05,2189.23,0.0
164-M4545706,APARTAMENTO,ARRIENDO,20.32,85.0,2.0,2.0,3921395.93,1.0,CEDRITOS,5,ENTRE 5 Y 10 ANOS,4.72,-74.04,USADO,3500000.0,0,0,0,0,1,0,0,0,0,1,False,USAQUEN,CEDRITOS,Alcalá,1215.28,0,PARQUE VECINAL NUEVA URBANIZACIÓN EL CEDRITO,787.99,0,0.24,41176.47,0.5,1.0,0.0,0.89,0.02,425.24,1.0
164-M4656761,APARTAMENTO,ARRIENDO,20.32,60.0,3.0,2.0,3921395.93,0.0,KENNEDY,2,REMODELADO,4.63,-74.18,USADO,950000.0,0,0,0,0,0,0,0,0,0,0,False,KENNEDY,LAS MARGARITAS,Portal Américas,305.54,1,PARQUE ZONAL GILMA JIMENEZ (LAS MARGARITAS),637.01,0,0.34,15833.33,0.0,1.5,0.0,0.24,0.05,2922.65,0.0
164-M4654733,APARTAMENTO,ARRIENDO,20.32,30.0,1.0,1.0,3921395.93,0.0,CEDRITOS,6,ENTRE 0 Y 5 ANOS,4.74,-74.02,USADO,1250000.0,0,0,0,0,1,0,0,0,0,0,False,USAQUEN,LA PERLA ORIENTAL,Calle 161,2874.59,0,PARQUE ZONAL SERVITA,572.09,0,0.68,41666.67,0.0,1.0,0.0,0.32,0.03,1376.9,0.0
164-M4458824,APARTAMENTO,ARRIENDO,20.32,120.0,4.0,2.0,3921395.93,0.0,PUENTE ARANDA,3,MAS DE 20 ANOS,4.62,-74.12,USADO,1350000.0,0,0,0,0,0,0,0,0,0,0,False,PUENTE ARANDA,GALAN,Pradera,1190.03,0,PARQUE METROPOLITANO PISTA DE BMX PRD,520.4,0,0.17,11250.0,0.0,2.0,0.0,0.34,0.03,1609.25,0.0
164-M4647884,APARTAMENTO,ARRIENDO,20.32,72.0,3.0,2.0,3921395.93,0.0,KENNEDY,3,MAS DE 20 ANOS,4.61,-74.13,USADO,1500000.0,0,0,0,0,0,0,0,0,0,1,False,PUENTE ARANDA,MILENTA,Marsella,1808.46,0,PARQUE VECINAL CARVAJAL,886.89,0,0.28,20833.33,0.0,1.5,0.0,0.38,0.04,1193.56,0.0
164-M4691682,APARTAMENTO,ARRIENDO,20.32,45.0,2.0,2.0,3921395.93,0.0,BOSA SOACHA,2,ENTRE 0 Y 5 ANOS,4.63,-74.19,USADO,780000.0,0,0,0,0,0,0,0,0,0,1,False,BOSA,S.C. ESCOCIA RURAL,Portal Américas,2035.56,0,PARQUE VECINAL URBANIZACIÓN CHICALA LOTE A,1058.74,0,0.45,17333.33,0.0,1.0,0.0,0.2,0.04,2371.58,0.0
164-M4509189,APARTAMENTO,ARRIENDO,20.32,56.0,2.0,1.0,3921395.93,1.0,ENGATIVA,3,MAS DE 20 ANOS,4.68,-74.11,USADO,1400000.0,0,0,0,0,0,0,0,0,0,0,False,ENGATIVA,VILLALUZ,Modelia,1536.46,0,PARQUE VECINAL URBANIZACIÓN LA EUROPA,1063.23,0,0.36,25000.0,0.5,2.0,0.0,0.36,0.04,996.27,0.0
164-M4645751,APARTAMENTO,ARRIENDO,20.32,56.0,3.0,2.0,3921395.93,0.0,RAFAEL URIBE URIBE TUNJUELITO,2,ENTRE 10 Y 20 ANOS,4.53,-74.11,USADO,850000.0,0,0,0,0,0,0,0,0,0,1,False,USME,EL_PORVENIR,Portal Usme,763.86,0,PARQUE VECINAL CIUDAD NUEVO MILENIO I,257.7,1,0.36,15178.57,0.0,1.5,0.0,0.22,0.05,5468.73,0.0
164-M4291001,APARTAMENTO,ARRIENDO,20.32,60.0,3.0,1.0,3921395.93,0.0,FONTIBON TINTAL,3,MAS DE 20 ANOS,4.69,-74.15,USADO,1100000.0,0,0,0,0,0,0,0,0,0,1,False,FONTIBON,ATAHUALPA,Portal El Dorado,2921.24,0,PARQUE ZONAL ATAHUALPA,216.49,1,0.34,18333.33,0.0,3.0,0.0,0.28,0.05,1067.58,0.0
164-M4590276,APARTAMENTO,ARRIENDO,20.32,48.0,2.0,1.0,132800.0,0.0,ORQUIDEAS,3,ENTRE 10 Y 20 ANOS,4.76,-74.02,USADO,1000000.0,0,0,0,0,0,0,0,0,0,1,False,USAQUEN,LOS NARANJOS,Calle 187,2449.74,0,PARQUE ZONAL SERVITA,1552.42,0,0.42,20833.33,0.0,2.0,0.0,7.53,0.04,1646.99,0.0
164-M4495916,APARTAMENTO,ARRIENDO,20.32,34.0,1.0,1.0,3921395.93,0.0,CENTRO Y ZONA COLONIAL,3,REMODELADO,4.6,-74.08,USADO,1200000.0,0,0,0,0,1,0,0,0,0,1,False,SANTA FE,LA CAPUCHINA,San Victorino,275.34,1,PARQUE METROPOLITANO TERCER MILENIO,690.44,0,0.6,35294.12,0.0,1.0,0.0,0.31,0.03,708.27,0.0
164-M4495653,APARTAMENTO,ARRIENDO,20.32,35.0,1.0,1.0,3921395.93,0.0,,3,ENTRE 0 Y 5 ANOS,4.75,-74.03,USADO,1100000.0,0,0,0,0,1,0,0,0,0,1,False,USAQUEN,LA GRANJA NORTE,Portal Norte,2153.72,0,PARQUE ZONAL SERVITA,871.67,0,0.58,31428.57,0.0,1.0,0.0,0.28,0.03,1003.56,0.0
164-M4635712,APARTAMENTO,ARRIENDO,20.32,31.0,1.0,1.0,3921395.93,0.0,CEDRITOS,3,ENTRE 0 Y 5 ANOS,4.72,-74.04,USADO,1400000.0,0,0,0,0,1,0,0,0,0,1,True,USAQUEN,CEDRITOS,Alcalá,1809.93,0,PARQUE VECINAL NUEVA URBANIZACIÓN EL CEDRITO,334.33,1,0.66,45161.29,0.0,1.0,0.0,0.36,0.03,297.97,1.0
164-M3391997,APARTAMENTO,ARRIENDO,20.32,70.0,3.0,2.0,3921395.93,1.0,CORTIJO AUTOPISTA MEDELLIN,3,ENTRE 10 Y 20 ANOS,4.72,-74.11,USADO,1300000.0,0,0,0,0,0,0,0,0,0,0,False,ENGATIVA,BOLIVIA SECTOR OCCIDENTAL,Portal 80,1142.43,0,PARQUE ZONAL VILLAS DE GRANADA,918.52,0,0.29,18571.43,0.33,1.5,0.0,0.33,0.04,977.37,0.0
12503-M4666714,APARTAMENTO,ARRIENDO,20.32,350.0,3.0,5.0,2000000.0,3.0,CHICO,6,ENTRE 10 Y 20 ANOS,4.67,-74.04,USADO,12000000.0,1,0,0,0,1,0,0,0,0,0,False,CHAPINERO,CHICO ALTO,Calle 85,1877.45,0,PARQUE VECINAL URBANIZACIÓN LA CABRERA,819.35,0,0.06,34285.71,1.0,0.6,0.0,6.0,0.01,770.32,0.0
164-M4509192,APARTAMENTO,ARRIENDO,20.32,46.0,3.0,2.0,3921395.93,0.0,ALTOS DE SUBA Y CERROS DE SAN JORGE,3,ENTRE 0 Y 5 ANOS,4.76,-74.11,USADO,1250000.0,0,0,0,0,0,0,0,0,0,1,False,SUBA,VEREDA TIBABUYES - FONTANAR DEL RIO,Portal Suba,2148.29,0,PARQUE ZONAL CEFE FONTANAR DEL RIO,224.87,1,0.44,27173.91,0.0,1.5,0.0,0.32,0.07,1932.14,0.0
661-M4618128,APARTAMENTO,ARRIENDO,20.32,42.0,1.0,1.0,600000.0,0.0,CHICO,6,MAS DE 20 ANOS,4.68,-74.04,USADO,2500000.0,0,0,0,0,1,0,0,0,0,1,False,CHAPINERO,CHICO RESERVADO,Calle 100 - Marketmedios,1783.4,0,PARQUE VECINAL URBANIZACIÓN LA CABRERA,1198.19,0,0.48,59523.81,0.0,1.0,0.0,4.17,0.02,421.23,2.0
164-M4742282,APARTAMENTO,ARRIENDO,20.32,61.4,3.0,2.0,3921395.93,1.0,SALITRE MODELIA,4,ENTRE 10 Y 20 ANOS,4.66,-74.12,USADO,1900000.0,0,0,0,0,1,0,0,0,0,1,False,FONTIBON,LA ESPERANZA_,Normandía,977.05,0,PARQUE ZONAL CANAL BOYACA,335.39,1,0.33,30944.63,0.33,1.5,0.0,0.48,0.05,532.77,0.0
164-M4739069,APARTAMENTO,ARRIENDO,20.32,55.0,3.0,1.0,3921395.93,0.0,RAFAEL URIBE URIBE TUNJUELITO,2,ENTRE 10 Y 20 ANOS,4.56,-74.12,USADO,850000.0,0,0,0,0,0,0,0,0,0,1,False,RAFAEL URIBE URIBE,URB. GUIPARMA,Molinos,440.93,1,PARQUE VECINAL URBANIZACIÓN MARRUECOS II SECTOR,1034.19,0,0.37,15454.55,0.0,3.0,0.0,0.22,0.05,2276.02,0.0
13300-M4698547,APARTAMENTO,ARRIENDO,20.32,57.0,1.0,0.0,3921395.93,1.0,SANTA BARBARA,5,ENTRE 5 Y 10 ANOS,4.7,-74.04,USADO,2600000.0,0,1,0,0,0,0,0,0,0,1,False,USAQUEN,SANTA BARBARA OCCIDENTAL,Pepe Sierra,1252.1,0,PARQUE METROPOLITANO EL COUNTRY,933.89,0,0.36,45614.04,1.0,inf,0.0,0.66,0.02,413.22,1.0
164-M4697604,APARTAMENTO,ARRIENDO,20.32,100.0,3.0,2.0,3921395.93,0.0,KENNEDY,3,ENTRE 0 Y 5 ANOS,4.65,-74.15,USADO,2000000.0,0,0,0,0,1,0,0,0,0,1,False,KENNEDY,S.C. TINTALA,Biblioteca Tintal,1024.24,0,PARQUE METROPOLITANO BIBLIOTECA EL TINTAL,186.11,1,0.2,20000.0,0.0,1.5,0.0,0.51,0.03,2871.12,0.0
164-M4721641,APARTAMENTO,ARRIENDO,20.32,64.0,2.0,2.0,3921395.93,1.0,CENTRO NARINO,4,MAS DE 20 ANOS,4.64,-74.09,USADO,2200000.0,0,0,0,0,0,0,0,0,0,0,False,TEUSAQUILLO,QUINTA PAREDES,Quinta Paredes,167.76,1,PARQUE VECINAL SANTA CLARA,584.55,0,0.32,34375.0,0.5,1.0,0.0,0.56,0.03,680.48,0.0
2363-M4637928,APARTAMENTO,ARRIENDO,20.32,29.0,1.0,1.0,3921395.93,1.0,CEDRITOS,4,ENTRE 10 Y 20 ANOS,4.74,-74.05,USADO,1290000.0,0,0,0,0,0,0,0,0,0,1,False,USAQUEN,ESTRELLA DEL NORTE,Calle 161,242.16,1,PARQUE VECINAL DESARROLLO ESTRELLA DEL NORTE,175.46,1,0.7,44482.76,1.0,1.0,0.0,0.33,0.03,1341.04,0.0
164-M4681150,APARTAMENTO,ARRIENDO,20.32,150.0,4.0,2.0,3921395.93,0.0,ENGATIVA,3,MAS DE 20 ANOS,4.7,-74.11,USADO,3400000.0,0,0,0,0,0,0,0,0,0,0,False,ENGATIVA,ALAMOS NORTE,Quirigua,821.55,0,PARQUE ZONAL EL CARMELO,374.44,1,0.14,22666.67,0.0,2.0,0.0,0.87,0.03,206.64,1.0
432-M4507864,APARTAMENTO,ARRIENDO,20.32,175.79,3.0,4.0,3921395.93,2.0,CHICO,6,MAS DE 20 ANOS,4.68,-74.05,USADO,4600000.0,0,0,0,0,0,0,0,0,0,1,False,CHAPINERO,S.C. CHICO NORTE,Virrey,1115.25,0,PARQUE ZONAL CANAL EL VIRREY EL CHICO,674.84,0,0.12,26167.59,0.67,0.75,0.0,1.17,0.02,85.72,2.0
346-M4476913,APARTAMENTO,ARRIENDO,20.32,165.0,3.0,3.0,3921395.93,2.0,SANTA BARBARA,6,MAS DE 20 ANOS,4.69,-74.04,USADO,4300000.0,0,1,0,0,1,0,0,0,0,1,False,USAQUEN,SANTA BARBARA CENTRAL II SECTOR,Pepe Sierra,1961.06,0,PARQUE METROPOLITANO EL COUNTRY,1114.01,0,0.12,26060.61,0.67,1.0,0.0,1.1,0.02,450.76,1.0
3552-M4681322,APARTAMENTO,ARRIENDO,20.32,26.0,1.0,1.0,3921395.93,0.0,CENTRO INTERNACIONAL,4,ENTRE 0 Y 5 ANOS,4.62,-74.07,USADO,1600000.0,0,0,0,0,1,0,0,0,0,1,False,SANTA FE,SAN_MARTIN,Calle 34,459.21,1,PARQUE METROPOLITANO PARQUE NACIONAL (PM2A) ENRIQUE OLAYA HERRERA (SECTOR HISTORICO),635.13,0,0.78,61538.46,0.0,1.0,0.0,0.41,0.04,445.3,3.0
164-M4197832,APARTAMENTO,ARRIENDO,20.32,120.0,4.0,2.0,3921395.93,0.0,FONTIBON TINTAL,3,MAS DE 20 ANOS,4.67,-74.15,USADO,1500000.0,0,0,0,0,0,0,0,0,0,0,False,FONTIBON,EL CARMEN FONTIBON,Portal El Dorado,3112.68,0,PARQUE ZONAL CARMEN DE LA LAGUNA,391.14,1,0.17,12500.0,0.0,2.0,0.0,0.38,0.03,2043.48,0.0
164-M4672119,APARTAMENTO,ARRIENDO,20.32,80.0,3.0,2.0,3921395.93,1.0,ENGATIVA,3,ENTRE 0 Y 5 ANOS,4.7,-74.12,USADO,1738000.0,0,0,0,0,0,0,0,0,0,0,False,ENGATIVA,LOS ANGELES,Quirigua,1572.77,0,PARQUE ZONAL EL CARMELO,604.05,0,0.25,21725.0,0.33,1.5,0.0,0.44,0.04,601.77,0.0
164-M4700418,APARTAMENTO,ARRIENDO,20.32,30.0,1.0,1.0,3921395.93,0.0,CHAPINERO ALTO,4,ENTRE 0 Y 5 ANOS,4.64,-74.05,USADO,1500000.0,0,0,0,0,0,0,0,0,0,1,False,CHAPINERO,LOS OLIVOS,Calle 63,1263.11,0,PARQUE ZONAL GUSTAVO URIBE BOTERO,747.24,0,0.68,50000.0,0.0,1.0,0.0,0.38,0.03,902.84,0.0
164-M4701219,APARTAMENTO,ARRIENDO,20.32,52.0,2.0,1.0,3921395.93,0.0,FONTIBON TINTAL,3,ENTRE 0 Y 5 ANOS,4.67,-74.15,USADO,1200000.0,0,0,0,0,1,0,0,0,0,1,False,FONTIBON,LA LAGUNA FONTIBON,Portal El Dorado,3233.35,0,PARQUE ZONAL CARMEN DE LA LAGUNA,378.91,1,0.39,23076.92,0.0,2.0,0.0,0.31,0.04,2098.03,0.0
164-M4487715,APARTAMENTO,ARRIENDO,20.32,55.0,2.0,1.0,3921395.93,0.0,ENGATIVA,3,ENTRE 10 Y 20 ANOS,4.69,-74.1,USADO,1200000.0,0,0,0,0,0,0,0,0,0,0,False,ENGATIVA,AGUAS CLARAS,Granja - Kr 77,909.18,0,PARQUE VECINAL URBANIZACIÓN FLORENCIA I SECTOR,682.72,0,0.37,21818.18,0.0,2.0,0.0,0.31,0.04,1545.63,0.0
164-M4502691,APARTAMENTO,ARRIENDO,20.32,92.0,3.0,2.0,3921395.93,0.0,CHAPINERO ALTO,3,REMODELADO,4.65,-74.06,USADO,2800000.0,0,0,0,0,1,0,0,0,0,1,False,CHAPINERO,S.C. CHAPINERO CENTRAL,Calle 63,427.65,1,PARQUE ZONAL GUSTAVO URIBE BOTERO,1282.44,0,0.22,30434.78,0.0,1.5,0.0,0.71,0.03,870.03,0.0
164-M4599794,APARTAMENTO,ARRIENDO,20.32,55.0,2.0,1.0,3921395.93,1.0,BOSA SOACHA,2,ENTRE 0 Y 5 ANOS,4.61,-74.2,USADO,800000.0,0,0,0,0,0,0,0,0,0,0,False,BOSA,SAN PEDRO_,La Despensa,2553.68,0,PARQUE ZONAL PARQUE DEL RIO (SAN JOSE DE MARYLAND),323.96,1,0.37,14545.45,0.5,2.0,0.0,0.2,0.04,1987.3,0.0
164-M4600011,APARTAMENTO,ARRIENDO,20.32,42.0,1.0,1.0,3921395.93,0.0,CHAPINERO,4,ENTRE 0 Y 5 ANOS,4.65,-74.07,USADO,1400000.0,0,0,0,0,1,0,0,0,0,1,False,TEUSAQUILLO,SAN LUIS,Calle 63,560.9,0,PARQUE ZONAL GIMNASIO DEL NORTE,879.06,0,0.48,33333.33,0.0,1.0,0.0,0.36,0.02,807.88,0.0
164-M4461036,APARTAMENTO,ARRIENDO,20.32,28.05,1.0,1.0,3921395.93,0.0,CENTRO Y ZONA COLONIAL,3,ENTRE 0 Y 5 ANOS,4.6,-74.07,USADO,1350000.0,0,0,0,0,0,0,0,0,0,1,False,SANTA FE,VERACRUZ__,Las Aguas - Centro Colombo Americano,255.53,1,PARQUE ZONAL SENDERO A MONSERRATE,1033.05,0,0.72,48128.34,0.0,1.0,0.0,0.34,0.04,115.44,5.0
164-M3615693,APARTAMENTO,ARRIENDO,20.32,48.0,3.0,1.0,3921395.93,0.0,KENNEDY,2,ENTRE 5 Y 10 ANOS,4.65,-74.17,USADO,750000.0,0,0,0,0,0,0,0,0,0,1,False,KENNEDY,CALANDAIMA - LOS PANTANOS,Biblioteca Tintal,1789.58,0,PARQUE VECINAL PRIMAVERA,760.67,0,0.42,15625.0,0.0,3.0,0.0,0.19,0.06,4236.64,0.0
164-M4503283,APARTAMENTO,ARRIENDO,20.32,47.38,2.0,1.0,3921395.93,0.0,PUENTE ARANDA,3,MAS DE 20 ANOS,4.61,-74.1,USADO,1100000.0,0,0,0,0,0,0,0,0,0,0,False,PUENTE ARANDA,VERAGUAS CENTRAL,Comuneros,325.31,1,PARQUE ZONAL SANTA ISABEL,754.35,0,0.43,23216.55,0.0,2.0,0.0,0.28,0.04,2906.37,0.0
164-M4742285,APARTAMENTO,ARRIENDO,20.32,51.0,3.0,2.0,3921395.93,1.0,CIUDAD BOLIVAR,3,ENTRE 5 Y 10 ANOS,4.58,-74.16,USADO,1100000.0,0,0,0,0,1,0,0,0,0,1,False,CIUDAD BOLIVAR,EL ENSUENO,CC Paseo Villa del Río - Madelena,1306.36,0,PARQUE ZONAL EL TALLER EL ENSUEÑO,406.11,1,0.4,21568.63,0.33,1.5,0.0,0.28,0.06,1597.73,0.0
164-M3568359,APARTAMENTO,ARRIENDO,20.32,50.0,2.0,1.0,3921395.93,0.0,METROPOLIS,3,ENTRE 10 Y 20 ANOS,4.66,-74.07,USADO,1000000.0,0,0,0,0,0,0,0,0,0,1,False,BARRIOS UNIDOS,LOS ALCAZARES,AV. Chile,517.71,0,PARQUE ZONAL LA ESTACIÓN,727.06,0,0.41,20000.0,0.0,2.0,0.0,0.26,0.04,1508.22,0.0
164-M4594982,APARTAMENTO,ARRIENDO,20.32,50.0,3.0,1.0,3921395.93,0.0,ENGATIVA,2,ENTRE 10 Y 20 ANOS,4.71,-74.13,USADO,1150000.0,0,0,0,0,0,0,0,0,0,0,False,ENGATIVA,VILLAS DEL DORADO SAN ANTONIO,Portal 80,1926.21,0,PARQUE ZONAL EL CARMELO,1063.82,0,0.41,23000.0,0.0,3.0,0.0,0.29,0.06,1464.38,0.0
164-M4543897,APARTAMENTO,ARRIENDO,20.32,50.0,2.0,1.0,3921395.93,0.0,CIUDAD BOLIVAR,3,REMODELADO,4.59,-74.15,USADO,900000.0,0,0,0,0,0,0,0,0,0,1,False,CIUDAD BOLIVAR,S.C. ATLANTA,CC Paseo Villa del Río - Madelena,1236.25,0,PARQUE ZONAL EL TALLER EL ENSUEÑO,633.97,0,0.41,18000.0,0.0,2.0,0.0,0.23,0.04,1458.85,0.0
164-M4547861,APARTAMENTO,ARRIENDO,20.32,65.0,3.0,2.0,3921395.93,0.0,ENGATIVA,3,ENTRE 0 Y 5 ANOS,4.7,-74.11,USADO,1400000.0,0,0,0,0,0,0,0,0,0,0,False,ENGATIVA,SANTA ROSITA,Quirigua,258.34,1,PARQUE VECINAL FLORENCIA LOS TRONQUITOS AGRUPACIÓN DE VIVIENDA FLORENCIA II SECTOR,287.51,1,0.31,21538.46,0.0,1.5,0.0,0.36,0.05,822.31,0.0
164-M3200100,APARTAMENTO,ARRIENDO,20.32,80.0,3.0,2.0,100000.0,1.0,CASTILLA MARSELLA,3,ENTRE 0 Y 5 ANOS,4.64,-74.14,USADO,1800000.0,0,0,0,0,0,0,0,0,0,0,False,KENNEDY,BAVARIA TECHO,Mandalay,1287.19,0,PARQUE ZONAL CASTILLA,330.32,1,0.25,22500.0,0.33,1.5,0.0,18.0,0.04,1229.08,0.0
164-M4544110,APARTAMENTO,ARRIENDO,20.32,75.0,2.0,1.0,3921395.93,0.0,ALTOS DE SUBA Y CERROS DE SAN JORGE,3,ENTRE 10 Y 20 ANOS,4.75,-74.1,USADO,940000.0,0,0,0,0,0,0,0,0,0,0,False,SUBA,URB. PUERTO SOL,Portal Suba,1007.82,0,PARQUE VECINAL CIUDADELA CAFAM ANTES URBANIZACIÓN PUERTO SOL,178.64,1,0.27,12533.33,0.0,2.0,0.0,0.24,0.03,950.39,0.0
3776104,APARTAMENTO,VENTA,19.27,58.0,3.0,1.0,195000.0,1.0,BOLIVIA,3,ENTRE 10 Y 20 ANOS,4.73,-74.12,,,0,0,0,0,0,1,0,0,0,0,False,ENGATIVA,EL_CORTIJO,Portal 80,2427.72,0,PARQUE METROPOLITANO PLANTA DE TRATAMIENTO SALITRE,230.22,1,0.33,,0.33,3.0,0.0,,0.05,2231.51,0.0
3087980,APARTAMENTO,VENTA,19.08,41.0,2.0,1.0,100000.0,0.0,BAVARIA,4,ENTRE 10 Y 20 ANOS,4.64,-74.13,,,0,0,0,0,0,1,0,0,0,0,False,KENNEDY,VILLA ALSACIA CIUDADELA,Marsella,1097.8,0,PARQUE ZONAL MARSELLA,898.74,0,0.47,,0.0,2.0,0.0,,0.05,730.87,0.0
2127714,APARTAMENTO,VENTA,19.43,74.0,3.0,2.0,298000.0,1.0,SUBA,4,MAS DE 20 ANOS,4.75,-74.09,,,0,0,0,0,0,1,0,0,0,0,False,SUBA,EL PINAR DE SUBA,Portal Suba,963.73,0,PARQUE VECINAL URBANIZACIÓN VALLE DE REFOUS,557.93,0,0.26,,0.33,1.5,0.0,,0.04,955.3,0.0
2200153,APARTAMENTO,VENTA,19.68,77.0,3.0,2.0,227000.0,1.0,CASTILLA,3,ENTRE 0 Y 5 ANOS,4.65,-74.14,,,0,0,0,1,0,1,0,0,0,0,False,KENNEDY,BOSCONIA,Transversal 86,1871.8,0,PARQUE VECINAL VILLA ALSACIA,1067.31,0,0.26,,0.33,1.5,0.0,,0.04,1821.66,0.0
2456-M4566153,APARTAMENTO,VENTA,20.54,134.0,3.0,4.0,470000.0,2.0,COLINA Y ALREDEDORES,4,ENTRE 0 Y 5 ANOS,4.74,-74.06,USADO,,0,1,0,1,1,1,0,0,0,1,False,SUBA,URB. VERSALLES,Mazurén,1291.99,0,PARQUE VECINAL DESARROLLO CANTALEJO URBANIZACIÓN CANTALEJO MANZANA B,538.48,0,0.15,,0.67,0.75,0.0,,0.02,967.41,0.0
2456-M4207883,APARTAMENTO,VENTA,20.62,173.0,3.0,5.0,580000.0,2.0,COLINA Y ALREDEDORES,5,ENTRE 10 Y 20 ANOS,4.74,-74.06,USADO,,0,0,0,1,1,1,0,0,0,1,False,SUBA,URB. LA SIRENA,Mazurén,1526.76,0,PARQUE VECINAL DESARROLLO CANTALEJO URBANIZACIÓN CANTALEJO MANZANA B,884.53,0,0.12,,0.67,0.6,0.0,,0.02,607.03,0.0
2821-M4520311,APARTAMENTO,VENTA,19.73,90.0,4.0,3.0,392000.0,2.0,CEDRITOS,4,MAS DE 20 ANOS,4.72,-74.03,USADO,,0,1,0,0,0,1,0,0,0,0,False,USAQUEN,CEDRO NARVAEZ,Alcalá,2092.96,0,PARQUE VECINAL NUEVA URBANIZACIÓN EL CEDRITO,339.15,1,0.22,,0.5,1.33,0.0,,0.04,557.2,0.0
2456-M4035801,APARTAMENTO,VENTA,20.13,88.0,3.0,2.0,430000.0,2.0,COLINA Y ALREDEDORES,5,ENTRE 10 Y 20 ANOS,4.73,-74.07,USADO,,0,1,0,1,1,1,0,0,0,1,False,SUBA,URB. PLAZA VALLARTA,Gratamira,711.58,0,PARQUE ZONAL EL TOMILLAR,1098.74,0,0.23,,0.67,1.5,0.0,,0.03,369.6,1.0
15697-M4421801,APARTAMENTO,VENTA,19.78,70.0,2.0,2.0,318000.0,1.0,CEDRITOS,4,ENTRE 5 Y 10 ANOS,4.72,-74.03,USADO,,0,0,0,1,1,1,0,0,0,1,False,USAQUEN,CEDRITOS,Alcalá,1838.05,0,PARQUE VECINAL NUEVA URBANIZACIÓN EL CEDRITO,444.71,1,0.28,,0.5,1.0,0.0,,0.03,287.0,1.0
3568-M3706786,APARTAMENTO,VENTA,21.13,154.0,3.0,4.0,1000000.0,2.0,,6,ENTRE 10 Y 20 ANOS,4.66,-74.05,USADO,,1,1,0,1,1,1,1,0,0,1,False,CHAPINERO,BOSQUE EL RETIRO I SECTOR,Héroes - Gel´Hada,1591.54,0,PARQUE ZONAL SAN ANDRÉS,615.02,0,0.14,,0.67,0.75,0.0,,0.02,734.63,0.0
44-M4422280,APARTAMENTO,VENTA,20.7,124.0,2.0,3.0,639000.0,2.0,CHICO,6,MAS DE 20 ANOS,4.68,-74.05,USADO,,0,0,0,1,0,1,0,0,0,0,False,CHAPINERO,S.C. CHICO NORTE,Virrey,1071.32,0,PARQUE ZONAL CANAL EL VIRREY EL CHICO,532.9,0,0.17,,1.0,0.67,0.0,,0.02,209.58,2.0
874-M4745001,APARTAMENTO,VENTA,19.32,55.0,3.0,2.0,248000.0,1.0,ALTOS DE SUBA Y CERROS DE SAN JORGE,3,MAS DE 20 ANOS,4.72,-74.09,USADO,,0,0,0,1,0,1,0,0,0,1,False,SUBA,BOSQUES DE SAN JORGE,Suba - AV. Boyacá,1634.06,0,PARQUE METROPOLITANO CEFE COMETAS,825.14,0,0.35,,0.33,1.5,0.0,,0.05,1978.33,0.0
10145-M4315901,APARTAMENTO,VENTA,19.84,85.0,3.0,2.0,239000.0,1.0,COLINA Y ALREDEDORES,4,ENTRE 10 Y 20 ANOS,4.74,-74.07,USADO,,0,1,0,1,1,1,1,0,0,1,False,SUBA,CASABLANCA (HACIENDA),Gratamira,1740.03,0,PARQUE ZONAL EL TOMILLAR,844.3,0,0.23,,0.33,1.5,0.0,,0.04,781.49,0.0
2748-M3929055,APARTAMENTO,VENTA,20.29,97.0,3.0,2.0,371000.0,1.0,NIZA ALHAMBRA,5,ENTRE 10 Y 20 ANOS,4.71,-74.07,USADO,,0,0,0,1,1,1,1,0,0,1,False,SUBA,LAGOS DE CORDOBA,Humedal Córdoba,162.73,1,PARQUE ZONAL LOS LACHES LA MINA,667.25,0,0.21,,0.33,1.5,0.0,,0.03,663.84,0.0
14674-M4315074,APARTAMENTO,VENTA,20.09,100.0,3.0,3.0,370000.0,2.0,NIZA ALHAMBRA,4,ENTRE 10 Y 20 ANOS,4.7,-74.07,USADO,,0,1,0,1,1,1,0,0,0,0,True,SUBA,NIZA SUR,Humedal Córdoba,491.64,1,PARQUE ZONAL MORATO,582.83,0,0.2,,0.67,1.0,0.0,,0.03,882.63,0.0
14655-M4401185,APARTAMENTO,VENTA,20.23,90.0,3.0,2.0,300000.0,1.0,SALITRE MODELIA,4,REMODELADO,4.64,-74.11,USADO,,0,1,0,1,1,1,0,0,0,1,False,TEUSAQUILLO,CIUDAD SALITRE SURORIENTAL,CAN,1033.15,0,PARQUE METROPOLITANO PARQUE CENTRAL SIMÓN BOLÍVAR,948.68,0,0.22,,0.33,1.5,0.0,,0.03,849.6,0.0
12477-M4701389,APARTAMENTO,VENTA,21.05,160.0,3.0,5.0,790000.0,2.0,SANTA BARBARA,6,ENTRE 10 Y 20 ANOS,4.7,-74.03,USADO,,0,1,0,1,1,1,1,0,0,1,False,USAQUEN,RESERVAS DE LA SIERRA - LA ARBOLEDA,Calle 127,2883.84,0,PARQUE METROPOLITANO EL COUNTRY,1173.96,0,0.13,,0.67,0.6,0.0,,0.02,659.31,0.0
10123-M4467934,APARTAMENTO,VENTA,19.81,78.0,3.0,2.0,500000.0,1.0,COLINA Y ALREDEDORES,5,MAS DE 20 ANOS,4.71,-74.06,USADO,,0,0,0,0,1,1,0,0,0,1,False,SUBA,CANODROMO - URB. ATABANZA,Calle 127,552.42,0,PARQUE ZONAL ATABANZA,146.5,1,0.25,,0.33,1.5,0.0,,0.04,555.52,0.0
368-M4146107,APARTAMENTO,VENTA,21.51,240.0,3.0,4.0,3921395.93,3.0,CHAPINERO ALTO,5,ENTRE 5 Y 10 ANOS,4.64,-74.06,USADO,,0,1,0,1,1,1,1,0,0,1,False,CHAPINERO,VISTA HERMOSA - MARIA CRISTINA,Calle 57,1153.71,0,PARQUE ZONAL GUSTAVO URIBE BOTERO,844.28,0,0.09,,1.0,0.75,0.0,,0.01,937.91,0.0
3147-M4657307,APARTAMENTO,VENTA,20.25,104.0,3.0,3.0,500800.0,2.0,SANTA BARBARA,6,MAS DE 20 ANOS,4.69,-74.05,USADO,,0,0,0,0,1,0,0,0,0,0,False,USAQUEN,SANTA BIBIANA,Calle 106,873.44,0,PARQUE METROPOLITANO EL COUNTRY,1800.78,0,0.19,,0.67,1.0,0.0,,0.03,265.72,1.0
537-M3789959,APARTAMENTO,VENTA,19.92,97.6,2.0,2.0,327200.0,2.0,COUNTRY,4,ENTRE 10 Y 20 ANOS,4.73,-74.03,USADO,,1,0,0,0,1,1,0,0,0,1,False,USAQUEN,CAOBOS SALAZAR,Calle 146,1926.42,0,PARQUE ZONAL ALTA BLANCA,644.0,0,0.2,,1.0,1.0,0.0,,0.02,27.89,1.0
3437-M4708318,APARTAMENTO,VENTA,19.11,52.86,2.0,1.0,227000.0,1.0,ANTONIO NARINO,2,ENTRE 0 Y 5 ANOS,4.58,-74.08,USADO,,0,0,0,1,1,1,0,0,0,1,False,SAN CRISTOBAL,EL ALTO DE LAS BRISAS II,Policarpa,819.56,0,PARQUE METROPOLITANO CEFE SAN CRISTOBAL,1038.92,0,0.36,,0.5,2.0,0.0,,0.04,1533.09,0.0
10278-10024,APARTAMENTO,VENTA,20.86,186.0,4.0,4.0,760000.0,3.0,ALTOS DE SUBA Y CERROS DE SAN JORGE,5,ENTRE 10 Y 20 ANOS,4.75,-74.11,USADO,,0,1,0,1,1,1,0,0,0,1,False,SUBA,COMPARTIR SUBA,Portal Suba,1372.62,0,PARQUE VECINAL CIUDADELA CAFAM ANTES URBANIZACIÓN PUERTO SOL,554.52,0,0.11,,0.75,1.0,0.0,,0.02,1158.89,0.0
2469-M4094296,APARTAMENTO,VENTA,20.44,134.0,3.0,3.0,1000000.0,2.0,SANTA BARBARA,5,ENTRE 10 Y 20 ANOS,4.7,-74.04,USADO,,0,1,0,0,1,1,0,0,0,1,False,USAQUEN,SANTA BARBARA OCCIDENTAL,Calle 127,1273.61,0,PARQUE METROPOLITANO EL COUNTRY,703.83,0,0.15,,0.67,1.0,0.0,,0.02,320.09,1.0
10278-M3701014,APARTAMENTO,VENTA,19.6,50.0,1.0,1.0,401922.0,1.0,COUNTRY,5,ENTRE 10 Y 20 ANOS,4.71,-74.03,USADO,,0,0,0,0,1,0,0,0,0,1,False,USAQUEN,COUNTRY COMODORO,Prado,2039.71,0,PARQUE METROPOLITANO EL COUNTRY,1016.43,0,0.39,,1.0,1.0,0.0,,0.02,15.02,2.0
16399-M4618723,APARTAMENTO,VENTA,19.34,80.0,3.0,2.0,206000.0,1.0,ORQUIDEAS,3,REMODELADO,4.76,-74.03,USADO,,0,0,0,0,0,1,0,0,0,1,False,USAQUEN,SAN ANTONIO NORTE,Calle 187,2059.72,0,PARQUE VECINAL URBANIZACIÓN CALLE 170 / ALAMEDA,1319.8,0,0.24,,0.33,1.5,0.0,,0.04,1565.63,0.0
12364-M3848705,APARTAMENTO,VENTA,19.58,52.0,1.0,1.0,360000.0,1.0,NIZA ALHAMBRA,5,MAS DE 20 ANOS,4.69,-74.06,USADO,,0,0,0,0,0,0,0,0,0,1,False,SUBA,PUENTE LARGO SECTOR I Y II,Puentelargo,250.07,1,PARQUE ZONAL CANAL CORDOBA,871.58,0,0.38,,1.0,1.0,0.0,,0.02,638.67,0.0
11256-M4618176,APARTAMENTO,VENTA,21.48,77.0,2.0,2.0,1500000.0,2.0,CHICO,6,ENTRE 0 Y 5 ANOS,4.67,-74.05,USADO,,0,1,0,1,1,1,0,0,0,0,False,CHAPINERO,S.C. CHICO NORTE,Virrey,1476.91,0,PARQUE VECINAL URBANIZACIÓN LA CABRERA,626.97,0,0.28,,1.0,1.0,0.0,,0.03,435.03,1.0
16349-M4657248,APARTAMENTO,VENTA,19.47,61.0,3.0,2.0,236000.0,1.0,CEDRITOS,4,ENTRE 10 Y 20 ANOS,4.73,-74.04,USADO,,0,0,0,0,0,1,0,0,0,1,False,USAQUEN,LAS MARGARITAS I SECTOR,Mazurén,982.19,0,PARQUE ZONAL LA VIDA,877.12,0,0.32,,0.33,1.5,0.0,,0.05,942.72,0.0
2428-M3776055,APARTAMENTO,VENTA,21.12,171.0,2.0,5.0,752400.0,4.0,SANTA BARBARA,6,ENTRE 5 Y 10 ANOS,4.69,-74.05,USADO,,0,0,0,0,1,0,0,0,0,1,False,USAQUEN,SANTA BIBIANA,Calle 106,965.59,0,PARQUE VECINAL URBANIZACIÓN NORMANDIA I II II Y IV SECTOR,1638.29,0,0.12,,2.0,0.4,0.0,,0.01,514.5,0.0
5483-M4709770,APARTAMENTO,VENTA,20.32,122.0,3.0,3.0,495000.0,2.0,COLINA Y ALREDEDORES,4,ENTRE 10 Y 20 ANOS,4.74,-74.06,USADO,,0,1,0,1,1,1,0,0,0,1,False,SUBA,URB. VERSALLES,Mazurén,1078.18,0,PARQUE VECINAL DESARROLLO CANTALEJO URBANIZACIÓN CANTALEJO MANZANA B,499.56,1,0.17,,0.67,1.0,0.0,,0.02,1119.77,0.0
3774-M4709571,APARTAMENTO,VENTA,21.36,250.0,4.0,5.0,1000000.0,3.0,ALTOS DE SUBA Y CERROS DE SAN JORGE,6,ENTRE 0 Y 5 ANOS,4.73,-74.08,USADO,,0,1,0,1,1,1,1,0,0,1,False,SUBA,URB. EL TABOR,21 Ángeles,732.48,0,PARQUE ZONAL BELLAVISTA DINDALITO,1211.12,0,0.09,,0.75,0.8,0.0,,0.02,1931.97,0.0
4428-M4310552,APARTAMENTO,VENTA,21.06,118.0,2.0,3.0,1050000.0,2.0,CHICO,6,ENTRE 10 Y 20 ANOS,4.67,-74.05,USADO,,0,1,0,1,1,1,0,0,0,1,False,CHAPINERO,S.C. EL CHICO,Calle 85,1315.41,0,PARQUE VECINAL URBANIZACIÓN LA CABRERA,355.05,1,0.18,,1.0,0.67,0.0,,0.02,265.81,1.0
252-M3156462,APARTAMENTO,VENTA,19.54,90.0,3.0,2.0,213000.0,1.0,CEDRITOS,4,MAS DE 20 ANOS,4.72,-74.03,USADO,,0,0,0,0,0,1,0,0,0,1,False,USAQUEN,CAOBOS SALAZAR,Calle 142,2022.07,0,PARQUE VECINAL NUEVA URBANIZACIÓN EL CEDRITO,222.07,1,0.22,,0.33,1.5,0.0,,0.03,564.03,0.0
10278-M2828298,APARTAMENTO,VENTA,21.31,272.79,4.0,4.0,3921395.93,4.0,SANTA BARBARA,6,MAS DE 20 ANOS,4.69,-74.05,USADO,,0,0,0,0,0,0,0,0,0,0,False,USAQUEN,SANTA BIBIANA,Calle 106,455.5,1,PARQUE VECINAL URBANIZACIÓN NORMANDIA I II II Y IV SECTOR,1472.81,0,0.08,,1.0,1.0,0.0,,0.01,734.09,0.0
689-M4345242,APARTAMENTO,VENTA,21.34,319.0,4.0,5.0,2000000.0,4.0,SANTA BARBARA,6,MAS DE 20 ANOS,4.69,-74.05,USADO,,1,1,0,0,1,0,0,0,0,1,False,USAQUEN,SANTA BIBIANA,Calle 106,313.28,1,PARQUE ZONAL CANAL CORDOBA,1646.9,0,0.07,,1.0,0.8,0.0,,0.01,497.75,1.0
689-M4595316,APARTAMENTO,VENTA,19.78,56.24,1.0,2.0,498000.0,1.0,SANTA BARBARA,5,ENTRE 10 Y 20 ANOS,4.7,-74.05,USADO,,0,0,0,0,1,0,0,0,0,1,False,USAQUEN,SANTA BARBARA OCCIDENTAL,Calle 127,145.16,1,PARQUE ZONAL ATABANZA,806.42,0,0.35,,1.0,0.5,0.0,,0.02,150.11,5.0
2359-M3325828,APARTAMENTO,VENTA,20.61,140.0,2.0,3.0,1000000.0,2.0,SANTA BARBARA,5,ENTRE 5 Y 10 ANOS,4.7,-74.05,USADO,,0,0,0,1,0,0,0,0,0,1,False,USAQUEN,SANTA BARBARA OCCIDENTAL,Pepe Sierra,746.79,0,PARQUE METROPOLITANO EL COUNTRY,1261.41,0,0.15,,1.0,0.67,0.0,,0.01,193.07,2.0
10123-M4313578,APARTAMENTO,VENTA,20.56,130.0,4.0,4.0,809000.0,2.0,SANTA BARBARA,6,ENTRE 10 Y 20 ANOS,4.69,-74.04,USADO,,0,0,0,0,1,0,0,0,0,1,False,USAQUEN,SANTA BARBARA CENTRAL I Y II,Calle 106,1335.73,0,PARQUE METROPOLITANO EL COUNTRY,1742.13,0,0.16,,0.5,1.0,0.0,,0.03,550.1,0.0
2359-M4311696,APARTAMENTO,VENTA,21.09,140.0,3.0,3.0,1280000.0,2.0,SANTA BARBARA,6,ENTRE 10 Y 20 ANOS,4.7,-74.05,USADO,,0,1,0,0,1,0,0,0,0,1,False,USAQUEN,SANTA BARBARA OCCIDENTAL,Calle 127,1034.61,0,PARQUE METROPOLITANO EL COUNTRY,827.58,0,0.15,,0.67,1.0,0.0,,0.02,417.78,2.0
368-M4207825,APARTAMENTO,VENTA,21.22,193.0,3.0,4.0,1470000.0,4.0,SANTA BARBARA,6,ENTRE 5 Y 10 ANOS,4.69,-74.05,USADO,,1,1,0,1,1,0,0,0,0,1,False,USAQUEN,SANTA BIBIANA,Calle 100 - Marketmedios,627.46,0,PARQUE VECINAL URBANIZACIÓN NORMANDIA I II II Y IV SECTOR,1250.28,0,0.11,,1.33,0.75,0.0,,0.02,440.96,1.0
2587-M3107676,APARTAMENTO,VENTA,20.61,154.0,3.0,3.0,981000.0,2.0,CHICO,6,MAS DE 20 ANOS,4.68,-74.05,USADO,,0,1,0,0,0,1,0,0,0,1,False,CHAPINERO,S.C. CHICO NORTE III SECTOR,Calle 100 - Marketmedios,647.23,0,PARQUE VECINAL URBANIZACIÓN NORMANDIA I II II Y IV SECTOR,918.72,0,0.13,,0.67,1.0,0.0,,0.02,248.76,3.0
3155-M4548980,APARTAMENTO,VENTA,20.29,80.0,3.0,3.0,598000.0,2.0,NIZA ALHAMBRA,5,ENTRE 0 Y 5 ANOS,4.69,-74.06,USADO,,0,0,0,1,1,1,0,0,0,1,False,SUBA,S.C. PASADENA,Calle 106,545.06,0,PARQUE ZONAL CANAL CORDOBA,911.07,0,0.25,,0.67,1.0,0.0,,0.04,837.8,0.0
11633-M4402024,APARTAMENTO,VENTA,19.25,31.0,1.0,1.0,170000.0,0.0,CHAPINERO ALTO,4,ENTRE 0 Y 5 ANOS,4.64,-74.05,USADO,,1,0,0,1,1,0,0,0,0,1,False,CHAPINERO,S.C. MARIA CRISTINA,Calle 63,1182.46,0,PARQUE ZONAL GUSTAVO URIBE BOTERO,729.39,0,0.62,,0.0,1.0,0.0,,0.03,846.3,0.0
3664-M3326712,APARTAMENTO,VENTA,21.51,235.0,3.0,4.0,1600000.0,3.0,CHICO,6,ENTRE 5 Y 10 ANOS,4.68,-74.04,USADO,,1,1,0,1,1,0,0,0,0,1,False,CHAPINERO,S.C. CHICO NORTE,Virrey,1628.53,0,PARQUE VECINAL URBANIZACIÓN LA CABRERA,874.06,0,0.09,,1.0,0.75,0.0,,0.01,468.7,1.0
4957-M3327353,APARTAMENTO,VENTA,20.52,137.0,3.0,4.0,680000.0,2.0,SANTA BARBARA,6,ENTRE 10 Y 20 ANOS,4.69,-74.05,USADO,,0,1,0,0,1,1,0,0,0,1,False,USAQUEN,SAN PATRICIO,Calle 106,423.96,1,PARQUE ZONAL CANAL CORDOBA,1687.54,0,0.15,,0.67,0.75,0.0,,0.02,362.94,1.0
272-M4596257,APARTAMENTO,VENTA,19.28,59.85,3.0,2.0,265000.0,1.0,COLINA Y ALREDEDORES,4,MAS DE 20 ANOS,4.75,-74.06,USADO,,0,0,0,0,0,1,0,0,0,1,False,SUBA,,Toberin - Foundever,1131.29,0,PARQUE ZONAL SAN JOSÉ DE BAVARIA,914.74,0,0.32,,0.33,1.5,0.0,,0.05,1708.24,0.0
689-M4580509,APARTAMENTO,VENTA,19.55,73.0,3.0,2.0,380000.0,1.0,CEDRITOS,4,MAS DE 20 ANOS,4.73,-74.03,USADO,,0,0,0,0,1,0,0,0,0,1,False,USAQUEN,CAOBOS SALAZAR,Calle 146,1826.47,0,PARQUE VECINAL NUEVA URBANIZACIÓN EL CEDRITO,329.38,1,0.27,,0.33,1.5,0.0,,0.04,447.76,1.0
689-M4010670,APARTAMENTO,VENTA,20.56,159.0,3.0,3.0,900000.0,2.0,SANTA BARBARA,5,MAS DE 20 ANOS,4.68,-74.04,USADO,,0,1,0,1,1,1,0,0,0,1,False,USAQUEN,RINCON DEL CHICO,Calle 100 - Marketmedios,1462.76,0,PARQUE ZONAL CANAL EL VIRREY EL CHICO,1622.67,0,0.13,,0.67,1.0,0.0,,0.02,334.22,2.0
512-M4518116,APARTAMENTO,VENTA,20.07,66.0,2.0,2.0,518000.0,1.0,SANTA BARBARA,6,ENTRE 10 Y 20 ANOS,4.69,-74.04,USADO,,0,1,0,0,1,0,0,0,0,1,False,USAQUEN,SANTA BARBARA CENTRAL I Y II,Pepe Sierra,1527.93,0,PARQUE METROPOLITANO EL COUNTRY,1146.88,0,0.3,,0.5,1.0,0.0,,0.03,633.05,0.0
3147-M4519513,APARTAMENTO,VENTA,20.14,75.0,2.0,2.0,580000.0,2.0,CHICO,6,ENTRE 10 Y 20 ANOS,4.68,-74.05,USADO,,0,0,0,0,1,1,0,0,0,0,False,CHAPINERO,S.C. CHICO NORTE,Virrey,1148.85,0,PARQUE ZONAL CANAL EL VIRREY EL CHICO,787.37,0,0.27,,1.0,1.0,0.0,,0.03,201.02,2.0
15815-M4206201,APARTAMENTO,VENTA,19.19,40.0,1.0,1.0,331000.0,0.0,CHAPINERO,3,ENTRE 0 Y 5 ANOS,4.65,-74.07,USADO,,0,0,0,0,1,1,0,0,0,1,False,TEUSAQUILLO,CHAPINERO OCCIDENTAL,Calle 57,260.43,1,PARQUE ESCENARIO DEPORTIVO EL CAMPINCITO - CEAD,1238.85,0,0.48,,0.0,1.0,0.0,,0.02,892.61,0.0
15815-M4727772,APARTAMENTO,VENTA,19.36,61.0,3.0,2.0,250000.0,1.0,ORQUIDEAS,3,REMODELADO,4.74,-74.04,USADO,,0,0,0,0,0,1,0,0,0,1,False,USAQUEN,LAS ORQUIDEAS,Calle 161,1032.65,0,PARQUE VECINAL URBANIZACIÓN TOBERIN,232.96,1,0.32,,0.33,1.5,0.0,,0.05,739.43,0.0
14836-M3821437,APARTAMENTO,VENTA,19.55,76.0,3.0,2.0,230000.0,1.0,170 Y ALREDORES,4,MAS DE 20 ANOS,4.77,-74.05,USADO,,0,0,0,0,0,1,0,0,0,1,False,SUBA,EL ESCORIAL,Calle 187,663.37,0,PARQUE VECINAL URBANIZACIÓN VILANOVA,286.02,1,0.26,,0.33,1.5,0.0,,0.04,606.78,0.0
3147-M4566105,APARTAMENTO,VENTA,20.39,120.0,3.0,4.0,911000.0,1.0,SANTA BARBARA,5,MAS DE 20 ANOS,4.71,-74.05,USADO,,0,0,0,0,1,0,0,0,0,0,False,USAQUEN,SANTA BARBARA OCCIDENTAL,Calle 127,596.28,0,PARQUE ZONAL ATABANZA,1099.36,0,0.17,,0.33,0.75,0.0,,0.02,379.98,5.0
3496-M4663236,APARTAMENTO,VENTA,19.03,50.0,3.0,2.0,10000.0,0.0,ENGATIVA,3,ENTRE 5 Y 10 ANOS,4.72,-74.13,USADO,,0,0,0,0,0,1,0,0,0,0,False,ENGATIVA,VILLAS DE ALCALA - LOS CEREZOS,Portal 80,2332.5,0,PARQUE ZONAL VILLAS DE GRANADA,858.52,0,0.38,,0.0,1.5,0.0,,0.06,2121.14,0.0
426-M4421798,APARTAMENTO,VENTA,21.31,305.0,3.0,4.0,988000.0,2.0,SANTA BARBARA,6,MAS DE 20 ANOS,4.7,-74.04,USADO,,0,1,0,0,1,1,0,0,0,1,False,USAQUEN,SANTA BARBARA CENTRAL I SECTOR,Pepe Sierra,1704.38,0,PARQUE METROPOLITANO EL COUNTRY,948.95,0,0.07,,0.67,0.75,0.0,,0.01,691.84,0.0
3496-M4664418,APARTAMENTO,VENTA,19.23,57.0,3.0,2.0,10000.0,0.0,ENGATIVA,3,MAS DE 20 ANOS,4.72,-74.12,USADO,,0,0,0,0,0,1,0,0,0,0,False,ENGATIVA,GRAN GRANADA II ETAPA,Portal 80,1901.63,0,PARQUE ZONAL VILLAS DE GRANADA,525.95,0,0.34,,0.0,1.5,0.0,,0.05,1690.34,0.0
3576-M4745085,APARTAMENTO,VENTA,19.83,90.0,3.0,2.0,538000.0,1.0,COUNTRY,5,MAS DE 20 ANOS,4.72,-74.04,USADO,,0,0,0,0,0,1,0,0,0,1,False,USAQUEN,EL CONTADOR,Alcalá,1004.44,0,PARQUE VECINAL NUEVA URBANIZACIÓN EL CEDRITO,1010.14,0,0.22,,0.33,1.5,0.0,,0.03,503.02,0.0
9859-M3932155,APARTAMENTO,VENTA,20.66,127.0,2.0,2.0,750000.0,1.0,CHICO,6,ENTRE 10 Y 20 ANOS,4.68,-74.04,USADO,,0,0,0,0,0,1,0,0,0,1,False,CHAPINERO,CHICO RESERVADO,Virrey,1954.59,0,PARQUE VECINAL URBANIZACIÓN LA CABRERA,1253.96,0,0.16,,0.5,1.0,0.0,,0.02,450.67,1.0
16577-M4710017,APARTAMENTO,VENTA,20.67,166.0,3.0,3.0,742000.0,2.0,SANTA BARBARA,6,MAS DE 20 ANOS,4.7,-74.04,USADO,,0,1,0,0,1,0,0,0,0,1,False,USAQUEN,SANTA BARBARA CENTRAL I SECTOR,Calle 127,1935.85,0,PARQUE METROPOLITANO EL COUNTRY,554.95,0,0.12,,0.67,1.0,0.0,,0.02,611.16,0.0
10278-M2434589,APARTAMENTO,VENTA,21.09,127.0,2.0,4.0,805500.0,2.0,CHICO,6,ENTRE 0 Y 5 ANOS,4.68,-74.04,USADO,,0,0,0,1,1,1,0,0,0,1,False,CHAPINERO,CHICO RESERVADO,Calle 100 - Marketmedios,1902.04,0,PARQUE VECINAL URBANIZACIÓN LA CABRERA,1335.29,0,0.17,,1.0,0.5,0.0,,0.02,317.64,2.0
450-M3513098,APARTAMENTO,VENTA,19.76,88.31,3.0,3.0,380000.0,1.0,CEDRITOS,4,MAS DE 20 ANOS,4.72,-74.03,USADO,,0,0,0,0,1,1,0,0,0,1,False,USAQUEN,CEDRITOS,Alcalá,2121.08,0,PARQUE VECINAL NUEVA URBANIZACIÓN EL CEDRITO,484.89,1,0.22,,0.33,1.0,0.0,,0.03,549.21,0.0
800-M3366193,APARTAMENTO,VENTA,19.92,53.0,1.0,2.0,3921395.93,1.0,CHAPINERO ALTO,4,ENTRE 0 Y 5 ANOS,4.65,-74.06,USADO,,0,0,0,0,0,1,0,0,0,0,False,CHAPINERO,S.C. CHAPINERO NORTE,Calle 63,592.32,0,PARQUE ZONAL GUSTAVO URIBE BOTERO,837.56,0,0.38,,1.0,0.5,0.0,,0.02,482.67,1.0
2162-M4711041,APARTAMENTO,VENTA,20.95,165.0,2.0,3.0,1320000.0,3.0,SANTA BARBARA,6,MAS DE 20 ANOS,4.7,-74.05,USADO,,0,1,0,0,1,0,0,0,0,1,False,USAQUEN,SAN PATRICIO,Pepe Sierra,704.83,0,PARQUE METROPOLITANO EL COUNTRY,1372.88,0,0.13,,1.5,0.67,0.0,,0.01,136.91,3.0
3774-M2378303,APARTAMENTO,VENTA,21.34,220.0,3.0,4.0,1300000.0,2.0,CEDRITOS,6,MAS DE 20 ANOS,4.72,-74.02,USADO,,0,1,0,0,1,1,0,0,0,1,False,USAQUEN,SIERRAS DEL MORAL,Alcalá,3026.1,0,PARQUE VECINAL NUEVA URBANIZACIÓN EL CEDRITO,1133.59,0,0.1,,0.67,0.75,0.0,,0.01,700.12,0.0
770-M3791537,APARTAMENTO,VENTA,20.64,98.0,2.0,3.0,675000.0,2.0,CHICO,6,ENTRE 0 Y 5 ANOS,4.68,-74.06,USADO,,0,0,0,1,1,0,0,0,0,1,False,CHAPINERO,S.C. EL CHICO,Virrey,451.01,1,PARQUE VECINAL URBANIZACIÓN NORMANDIA I II II Y IV SECTOR,375.93,1,0.21,,1.0,0.67,0.0,,0.02,408.62,3.0
5588-M4315472,APARTAMENTO,VENTA,21.28,216.0,4.0,5.0,1100000.0,3.0,CHICO,6,MAS DE 20 ANOS,4.66,-74.05,USADO,,0,1,0,1,1,0,0,0,0,1,False,CHAPINERO,LOS ROSALES,Calle 76 - San Felipe,1590.18,0,PARQUE ZONAL SAN ANDRÉS,677.72,0,0.1,,0.75,0.8,0.0,,0.02,842.73,0.0
770-M3791511,APARTAMENTO,VENTA,20.9,128.0,3.0,3.0,940000.0,2.0,SANTA BARBARA,6,ENTRE 0 Y 5 ANOS,4.69,-74.05,USADO,,0,0,0,0,1,0,0,0,0,1,False,USAQUEN,RINCON DEL CHICO,Calle 106,1157.67,0,PARQUE VECINAL URBANIZACIÓN NORMANDIA I II II Y IV SECTOR,1667.63,0,0.16,,0.67,1.0,0.0,,0.02,414.44,1.0
4933-M4711315,APARTAMENTO,VENTA,19.6,64.0,3.0,2.0,195000.0,1.0,SALITRE MODELIA,4,ENTRE 10 Y 20 ANOS,4.67,-74.13,USADO,,0,0,0,1,0,1,0,0,0,1,False,FONTIBON,CAPELLANIA,Portal El Dorado,1266.63,0,PARQUE VECINAL MODELIA SECTOR A,964.71,0,0.31,,0.33,1.5,0.0,,0.05,1066.24,0.0
16449-M4695530,APARTAMENTO,VENTA,21.18,234.0,3.0,3.0,914000.0,2.0,CHICO,6,ENTRE 10 Y 20 ANOS,4.68,-74.05,USADO,,0,1,0,1,0,0,0,0,0,1,False,CHAPINERO,S.C. CHICO NORTE,Virrey,579.53,0,PARQUE VECINAL URBANIZACIÓN NORMANDIA I II II Y IV SECTOR,456.9,1,0.09,,0.67,1.0,0.0,,0.01,202.42,2.0
2571-M3847631,APARTAMENTO,VENTA,20.26,137.0,3.0,3.0,450000.0,2.0,ORQUIDEAS,4,ENTRE 5 Y 10 ANOS,4.77,-74.03,USADO,,0,0,0,1,1,1,0,0,0,1,False,USAQUEN,ANDALUCIA,Terminal,1169.01,0,PARQUE VECINAL DESARROLLO VERBENAL I,909.81,0,0.15,,0.67,1.0,0.0,,0.02,990.36,0.0
16449-M4695532,APARTAMENTO,VENTA,20.69,109.0,2.0,3.0,824000.0,2.0,CHICO,5,ENTRE 10 Y 20 ANOS,4.66,-74.05,USADO,,0,1,0,1,0,0,0,0,0,1,False,CHAPINERO,S.C. PORCIUNCULA,Calle 72,851.15,0,PARQUE ZONAL SAN ANDRÉS,825.55,0,0.19,,1.0,0.67,0.0,,0.02,164.52,4.0
5483-M4017677,APARTAMENTO,VENTA,20.56,156.0,3.0,4.0,790000.0,2.0,SANTA BARBARA,6,ENTRE 10 Y 20 ANOS,4.69,-74.06,USADO,,0,0,0,0,1,0,0,0,0,1,False,USAQUEN,SANTA BIBIANA,Calle 106,401.55,1,PARQUE VECINAL URBANIZACIÓN NORMANDIA I II II Y IV SECTOR,1385.66,0,0.13,,0.67,0.75,0.0,,0.02,851.52,0.0
16466-M4645841,APARTAMENTO,VENTA,20.01,80.0,3.0,2.0,564000.0,1.0,SANTA BARBARA,6,MAS DE 20 ANOS,4.68,-74.05,USADO,,0,1,0,0,1,0,0,0,0,1,False,USAQUEN,RINCON DEL CHICO,Calle 100 - Marketmedios,1350.08,0,PARQUE ZONAL CANAL EL VIRREY EL CHICO,1572.24,0,0.25,,0.33,1.5,0.0,,0.04,329.52,2.0
2266-638,APARTAMENTO,VENTA,20.77,197.0,3.0,3.0,1178000.0,4.0,SANTA BARBARA,6,ENTRE 10 Y 20 ANOS,4.7,-74.05,USADO,,0,1,0,0,1,0,0,0,0,1,False,USAQUEN,SANTA BARBARA OCCIDENTAL,Calle 127,408.29,1,PARQUE ZONAL ATABANZA,975.82,0,0.11,,1.33,1.0,0.0,,0.02,249.4,5.0
2266-635,APARTAMENTO,VENTA,21.05,275.0,3.0,4.0,1400000.0,4.0,SANTA BARBARA,6,ENTRE 10 Y 20 ANOS,4.7,-74.05,USADO,,0,1,0,1,1,0,0,0,0,1,False,USAQUEN,SAN PATRICIO,Pepe Sierra,146.45,1,PARQUE ZONAL ATABANZA,1179.35,0,0.08,,1.33,0.75,0.0,,0.01,600.45,0.0
4070-M3443390,APARTAMENTO,VENTA,21.02,173.0,3.0,5.0,450000.0,2.0,NIZA ALHAMBRA,5,ENTRE 0 Y 5 ANOS,4.71,-74.07,USADO,,0,1,0,1,1,1,1,0,0,1,False,SUBA,BATAN LOTE NIZA XII,Humedal Córdoba,181.5,1,PARQUE ZONAL LOS LACHES LA MINA,607.54,0,0.12,,0.67,0.6,0.0,,0.02,605.06,0.0
4070-M4547371,APARTAMENTO,VENTA,21.02,172.0,4.0,5.0,530000.0,2.0,NIZA ALHAMBRA,5,ENTRE 0 Y 5 ANOS,4.71,-74.07,USADO,,0,1,0,1,1,1,1,0,0,1,False,SUBA,BATAN LOTE NIZA XII,Humedal Córdoba,282.16,1,PARQUE ZONAL CANAL CORDOBA,574.93,0,0.12,,0.5,0.8,0.0,,0.02,727.83,0.0
2748-M4616945,APARTAMENTO,VENTA,20.87,156.0,3.0,5.0,460000.0,2.0,NIZA ALHAMBRA,5,ENTRE 5 Y 10 ANOS,4.71,-74.07,USADO,,0,1,0,1,1,1,1,0,0,1,False,SUBA,BATAN LOTE NIZA XII,Humedal Córdoba,359.11,1,PARQUE ZONAL CANAL CORDOBA,532.5,0,0.13,,0.67,0.6,0.0,,0.02,748.78,0.0
14836-M4449460,APARTAMENTO,VENTA,19.57,64.0,4.0,2.0,190000.0,1.0,COLINA Y ALREDEDORES,3,ENTRE 10 Y 20 ANOS,4.75,-74.07,USADO,,0,0,0,0,0,1,0,0,0,1,False,SUBA,URB. CERROS 170,Portal Norte,2168.72,0,PARQUE ZONAL SAN JOSÉ DE BAVARIA,260.87,1,0.31,,0.25,2.0,0.0,,0.06,2343.01,0.0
2359-M3847519,APARTAMENTO,VENTA,20.99,180.0,3.0,4.0,1920000.0,2.0,SANTA BARBARA,6,ENTRE 5 Y 10 ANOS,4.7,-74.05,USADO,,0,0,0,0,1,0,0,0,0,0,False,USAQUEN,SANTA BARBARA OCCIDENTAL,Pepe Sierra,1133.69,0,PARQUE METROPOLITANO EL COUNTRY,1022.01,0,0.12,,0.67,0.75,0.0,,0.02,294.13,1.0
2469-M4617085,APARTAMENTO,VENTA,20.01,71.0,1.0,2.0,455000.0,2.0,SANTA BARBARA,6,ENTRE 10 Y 20 ANOS,4.69,-74.05,USADO,,0,1,0,0,1,1,0,0,0,1,False,USAQUEN,SANTA BIBIANA,Calle 106,536.38,0,PARQUE VECINAL URBANIZACIÓN NORMANDIA I II II Y IV SECTOR,1351.45,0,0.28,,2.0,0.5,0.0,,0.01,663.41,0.0
171-M2762448,APARTAMENTO,VENTA,20.23,68.3,1.0,2.0,923400.0,1.0,CHICO,6,ENTRE 5 Y 10 ANOS,4.68,-74.06,USADO,,0,0,0,1,1,1,1,0,0,1,False,CHAPINERO,S.C. CHICO NORTE,Virrey,357.64,1,PARQUE VECINAL URBANIZACIÓN NORMANDIA I II II Y IV SECTOR,209.93,1,0.3,,1.0,0.5,0.0,,0.01,445.52,1.0
14836-M4564653,APARTAMENTO,VENTA,19.43,60.0,3.0,2.0,200000.0,1.0,170 Y ALREDORES,4,ENTRE 10 Y 20 ANOS,4.77,-74.05,USADO,,0,0,0,1,0,1,0,0,0,1,False,SUBA,URB. SAN PEDRO,Terminal,562.55,0,PARQUE VECINAL URBANIZACIÓN VILANOVA,438.48,1,0.32,,0.33,1.5,0.0,,0.05,635.21,0.0
4698-M4309188,APARTAMENTO,VENTA,20.81,127.0,3.0,5.0,700000.0,2.0,COUNTRY,5,ENTRE 5 Y 10 ANOS,4.71,-74.05,USADO,,0,0,0,0,1,0,0,0,0,1,False,USAQUEN,LA CALLEJA,Prado,591.79,0,PARQUE ZONAL ATABANZA,814.84,0,0.16,,0.67,0.6,0.0,,0.02,327.66,2.0
3774-M4744235,APARTAMENTO,VENTA,21.34,210.0,3.0,5.0,1000000.0,3.0,COUNTRY,5,ENTRE 5 Y 10 ANOS,4.71,-74.05,USADO,,1,1,0,0,1,1,0,0,0,1,False,USAQUEN,COUNTRY CLUB,Prado,694.61,0,PARQUE ZONAL ATABANZA,1231.33,0,0.1,,1.0,0.6,0.0,,0.01,731.31,0.0
3252-M4710065,APARTAMENTO,VENTA,19.92,69.0,3.0,2.0,280000.0,1.0,NIZA ALHAMBRA,4,ENTRE 10 Y 20 ANOS,4.69,-74.08,USADO,,0,0,0,1,1,1,0,0,0,1,False,SUBA,JULIO FLOREZ - URB. OCASA,AV. 68,581.43,0,PARQUE ZONAL CANAL RIO NEGRO,556.17,0,0.29,,0.33,1.5,0.0,,0.04,238.13,2.0
2456-M4035716,APARTAMENTO,VENTA,20.44,144.0,3.0,3.0,390000.0,2.0,COLINA Y ALREDEDORES,5,ENTRE 5 Y 10 ANOS,4.74,-74.06,USADO,,0,1,0,1,1,1,1,0,0,1,False,SUBA,URB. LA SIRENA,Mazurén,1528.54,0,PARQUE VECINAL DESARROLLO CANTALEJO URBANIZACIÓN CANTALEJO MANZANA B,686.38,0,0.14,,0.67,1.0,0.0,,0.02,812.37,0.0
2456-M4421654,APARTAMENTO,VENTA,20.11,96.0,3.0,2.0,375000.0,1.0,COLINA Y ALREDEDORES,5,ENTRE 10 Y 20 ANOS,4.74,-74.06,USADO,,0,0,0,1,1,1,0,0,0,1,False,SUBA,URB. LA SIRENA,Mazurén,1537.68,0,PARQUE VECINAL DESARROLLO CANTALEJO URBANIZACIÓN CANTALEJO MANZANA B,904.17,0,0.21,,0.33,1.5,0.0,,0.03,587.48,0.0
2456-M2789657,APARTAMENTO,VENTA,20.44,140.0,3.0,4.0,400000.0,2.0,COLINA Y ALREDEDORES,5,ENTRE 0 Y 5 ANOS,4.74,-74.07,USADO,,0,1,0,1,1,1,1,0,0,1,False,SUBA,BURGOS BRITALIA,Calle 161,1911.82,0,PARQUE VECINAL DESARROLLO CANTALEJO URBANIZACIÓN CANTALEJO MANZANA B,848.18,0,0.15,,0.67,0.75,0.0,,0.02,1259.18,0.0
2456-M3931257,APARTAMENTO,VENTA,20.62,182.0,3.0,5.0,550000.0,2.0,COLINA Y ALREDEDORES,5,ENTRE 5 Y 10 ANOS,4.74,-74.06,USADO,,1,1,0,1,1,1,1,0,0,1,False,SUBA,URB. LA SIRENA,Mazurén,1537.05,0,PARQUE VECINAL DESARROLLO CANTALEJO URBANIZACIÓN CANTALEJO MANZANA B,904.22,0,0.11,,0.67,0.6,0.0,,0.02,587.5,0.0
851-M2360263,APARTAMENTO,VENTA,21.22,186.0,3.0,4.0,1200000.0,1.0,CHICO,6,MAS DE 20 ANOS,4.66,-74.05,USADO,,0,0,0,0,1,1,0,0,0,1,False,CHAPINERO,S.C. BELLAVISTA,Calle 72,1003.17,0,PARQUE ZONAL GUSTAVO URIBE BOTERO,585.57,0,0.11,,0.33,0.75,0.0,,0.02,264.54,4.0
3147-M4710024,APARTAMENTO,VENTA,20.82,180.73,3.0,4.0,1200000.0,3.0,ALTOS DE SUBA Y CERROS DE SAN JORGE,6,MAS DE 20 ANOS,4.74,-74.08,USADO,,0,0,0,0,1,1,0,0,0,0,False,SUBA,SALAMANCA Y CATALAYUD,21 Ángeles,594.99,0,PARQUE ZONAL EL TOMILLAR,645.45,0,0.12,,1.0,0.75,0.0,,0.02,996.59,0.0
14983-M4664701,APARTAMENTO,VENTA,20.01,82.0,2.0,2.0,689000.0,2.0,SANTA BARBARA,6,MAS DE 20 ANOS,4.7,-74.04,USADO,,0,1,0,0,1,1,0,0,0,1,False,USAQUEN,SANTA BARBARA CENTRAL I SECTOR,Calle 127,1693.87,0,PARQUE METROPOLITANO EL COUNTRY,578.15,0,0.24,,1.0,1.0,0.0,,0.02,447.49,1.0
10312-M3003479,APARTAMENTO,VENTA,20.5,101.0,2.0,3.0,800000000.0,2.0,CHICO,6,REMODELADO,4.67,-74.05,USADO,,0,1,0,0,1,0,0,0,0,1,False,CHAPINERO,LA CABRERA,Calle 85,866.25,0,PARQUE VECINAL URBANIZACIÓN LA CABRERA,197.71,1,0.2,,1.0,0.67,0.0,,0.02,266.01,6.0
3436-M2361703,APARTAMENTO,VENTA,20.11,85.0,3.0,2.0,386000.0,2.0,COLINA Y ALREDEDORES,5,ENTRE 0 Y 5 ANOS,4.74,-74.05,USADO,,0,0,0,1,1,1,1,0,0,1,False,SUBA,CAMPOS DE SILENCIO,Calle 161,771.73,0,PARQUE VECINAL DESARROLLO CANTALEJO URBANIZACIÓN CANTALEJO MANZANA B,307.2,1,0.24,,0.67,1.5,0.0,,0.04,1639.26,0.0
2411-M4422727,APARTAMENTO,VENTA,19.57,73.0,3.0,2.0,3921395.93,0.0,CASTILLA MARSELLA,3,MAS DE 20 ANOS,4.63,-74.13,USADO,,0,0,0,0,0,0,0,0,0,1,False,KENNEDY,MARSELLA,Marsella,188.77,1,PARQUE ZONAL MARSELLA,164.23,1,0.27,,0.0,1.5,0.0,,0.04,1481.56,0.0
851-M3851810,APARTAMENTO,VENTA,20.39,134.0,3.0,3.0,659000.0,2.0,SANTA BARBARA,6,REMODELADO,4.7,-74.03,USADO,,0,0,0,0,0,0,0,0,0,1,False,USAQUEN,SANTA BARBARA CENTRAL IV SECTOR,Calle 127,2303.08,0,PARQUE METROPOLITANO EL COUNTRY,641.49,0,0.15,,0.67,1.0,0.0,,0.02,548.79,0.0
754-M4663816,APARTAMENTO,VENTA,21.06,169.4,3.0,4.0,915000.0,2.0,SANTA BARBARA,5,ENTRE 10 Y 20 ANOS,4.7,-74.05,USADO,,0,1,0,0,1,1,0,0,0,0,False,USAQUEN,SANTA BARBARA OCCIDENTAL,Pepe Sierra,880.55,0,PARQUE METROPOLITANO EL COUNTRY,1126.68,0,0.12,,0.67,0.75,0.0,,0.02,210.9,1.0
874-M4744958,APARTAMENTO,VENTA,19.53,68.0,3.0,2.0,425000.0,1.0,CEDRITOS,4,MAS DE 20 ANOS,4.73,-74.04,USADO,,0,0,0,0,0,1,0,0,0,1,False,USAQUEN,ACACIAS USAQUEN,Calle 142,1309.83,0,PARQUE VECINAL NUEVA URBANIZACIÓN EL CEDRITO,693.03,0,0.29,,0.33,1.5,0.0,,0.04,765.17,0.0
2266-M3363897,APARTAMENTO,VENTA,20.47,80.0,2.0,2.0,350000.0,2.0,SALITRE MODELIA,5,ENTRE 0 Y 5 ANOS,4.67,-74.11,USADO,,0,0,0,1,1,1,0,0,0,1,False,FONTIBON,LA ESPERANZA NORTE,AV. Rojas,464.64,1,PARQUE ZONAL CANAL BOYACA,847.8,0,0.26,,1.0,1.0,0.0,,0.02,748.24,0.0
2238-M4645813,APARTAMENTO,VENTA,21.27,168.5,3.0,3.0,1405000.0,2.0,CENTRO INTERNACIONAL,3,ENTRE 10 Y 20 ANOS,4.62,-74.07,USADO,,0,0,0,0,0,0,0,0,0,0,False,SANTA FE,SAMPER,Calle 34,270.27,1,PARQUE METROPOLITANO PARQUE NACIONAL (PM2A) ENRIQUE OLAYA HERRERA (SECTOR HISTORICO),428.52,1,0.13,,0.67,1.0,0.0,,0.02,481.19,1.0
4070-M4049805,APARTAMENTO,VENTA,20.22,111.0,2.0,3.0,460000.0,1.0,NIZA ALHAMBRA,5,MAS DE 20 ANOS,4.7,-74.06,USADO,,0,1,0,0,1,1,0,0,0,1,False,SUBA,LA ALHAMBRA SECTOR SUR,Suba - Calle 116,689.79,0,PARQUE ZONAL CANAL CORDOBA,223.59,1,0.18,,0.5,0.67,0.0,,0.02,1184.7,0.0
2266-586,APARTAMENTO,VENTA,20.41,120.0,3.0,3.0,804000.0,2.0,COUNTRY,5,ENTRE 10 Y 20 ANOS,4.71,-74.05,USADO,,1,1,0,0,1,0,0,0,0,1,False,USAQUEN,,Prado,534.35,0,PARQUE ZONAL ATABANZA,1100.67,0,0.17,,0.67,1.0,0.0,,0.02,680.1,0.0
3147-M4519094,APARTAMENTO,VENTA,20.25,80.0,3.0,2.0,330000.0,1.0,SALITRE MODELIA,4,ENTRE 10 Y 20 ANOS,4.64,-74.1,USADO,,0,0,0,0,1,1,0,0,0,0,False,TEUSAQUILLO,PRADOS DEL_SALITRE,Gobernación,897.28,0,PARQUE VECINAL SANTA CLARA,593.38,0,0.25,,0.33,1.5,0.0,,0.04,331.94,2.0
5483-M3847440,APARTAMENTO,VENTA,20.58,136.13,3.0,3.0,778000.0,2.0,SANTA BARBARA,6,MAS DE 20 ANOS,4.69,-74.05,USADO,,0,1,0,0,1,0,0,0,0,1,False,USAQUEN,SANTA BIBIANA,Calle 106,685.09,0,PARQUE VECINAL URBANIZACIÓN NORMANDIA I II II Y IV SECTOR,1684.59,0,0.15,,0.67,1.0,0.0,,0.02,522.52,0.0
11002-M4742234,APARTAMENTO,VENTA,19.58,48.0,1.0,1.0,250000000.0,1.0,CEDRITOS,4,ENTRE 5 Y 10 ANOS,4.72,-74.04,USADO,,0,0,0,1,1,1,0,0,0,1,False,USAQUEN,CEDRITOS,Alcalá,1826.59,0,PARQUE VECINAL NUEVA URBANIZACIÓN EL CEDRITO,444.46,1,0.41,,1.0,1.0,0.0,,0.02,275.97,1.0
3553-M4422402,APARTAMENTO,VENTA,20.5,207.0,3.0,3.0,757000.0,2.0,CEDRITOS,4,ENTRE 0 Y 5 ANOS,4.74,-74.03,USADO,,0,0,0,1,1,1,0,0,0,1,False,USAQUEN,VILLAS DEL MEDITERRANEO,Calle 161,1771.82,0,PARQUE ZONAL LA VIDA,516.21,0,0.1,,0.67,1.0,0.0,,0.01,635.12,0.0
14383-M4566428,APARTAMENTO,VENTA,20.16,136.0,3.0,4.0,1083074.0,1.0,NORMANDIA,4,REMODELADO,4.67,-74.11,USADO,,0,0,0,0,1,0,0,0,0,1,False,ENGATIVA,NORMANDIA OCCIDENTAL,Normandía,148.86,1,PARQUE VECINAL MODELIA SECTOR A,866.59,0,0.15,,0.33,0.75,0.0,,0.02,830.65,0.0
12633-M4618469,APARTAMENTO,VENTA,19.09,49.0,3.0,1.0,130000.0,0.0,PUENTE ARANDA,3,ENTRE 10 Y 20 ANOS,4.61,-74.11,USADO,,0,0,0,0,1,1,0,0,0,1,False,PUENTE ARANDA,TIBANA II SECTOR - PARQUES DE PRIMAVERA,Carrera 43 - Comapan,1333.71,0,PARQUE VECINAL GORGONZOLA,196.68,1,0.39,,0.0,3.0,0.0,,0.06,2245.34,0.0
10278-M4420724,APARTAMENTO,VENTA,21.02,157.0,3.0,3.0,1100000.0,3.0,CHAPINERO ALTO,6,MAS DE 20 ANOS,4.65,-74.05,USADO,,0,0,0,0,1,1,0,0,0,1,False,CHAPINERO,S.C. EMAUS,Flores – Areandina,1037.09,0,PARQUE ZONAL GUSTAVO URIBE BOTERO,342.75,1,0.13,,1.0,1.0,0.0,,0.02,257.86,2.0
5588-M4313723,APARTAMENTO,VENTA,19.99,54.0,1.0,1.0,390000.0,1.0,CHICO,5,ENTRE 10 Y 20 ANOS,4.67,-74.06,USADO,,0,1,0,0,1,0,0,0,0,1,False,CHAPINERO,S.C. ANTIGUO COUNTRY,Virrey,301.34,1,PARQUE METROPOLITANO RECONCILIACIÓN,229.74,1,0.37,,1.0,1.0,0.0,,0.02,374.16,2.0
3604-M4469023,APARTAMENTO,VENTA,19.86,89.87,2.0,2.0,467000.0,1.0,CEDRITOS,4,ENTRE 10 Y 20 ANOS,4.72,-74.04,USADO,,0,0,0,0,1,0,0,0,0,1,False,USAQUEN,ACACIAS USAQUEN,Calle 142,1536.91,0,PARQUE VECINAL NUEVA URBANIZACIÓN EL CEDRITO,387.29,1,0.22,,0.5,1.0,0.0,,0.02,549.26,0.0
3774-M4662702,APARTAMENTO,VENTA,19.83,56.0,1.0,2.0,553000.0,1.0,SANTA BARBARA,6,ENTRE 5 Y 10 ANOS,4.7,-74.05,USADO,,0,1,0,0,0,1,0,0,0,1,False,USAQUEN,SANTA BARBARA OCCIDENTAL,Calle 127,1016.71,0,PARQUE METROPOLITANO EL COUNTRY,825.15,0,0.35,,1.0,0.5,0.0,,0.02,416.96,1.0
359-M4470809,APARTAMENTO,VENTA,19.92,90.0,3.0,2.0,366400.0,1.0,KENNEDY,4,ENTRE 0 Y 5 ANOS,4.62,-74.12,USADO,,0,0,0,1,1,1,0,0,0,0,False,KENNEDY,LA IGUALDAD,Pradera,761.23,0,PARQUE ZONAL LA IGUALDAD,403.09,1,0.22,,0.33,1.5,0.0,,0.03,1288.29,0.0
14383-M4566454,APARTAMENTO,VENTA,20.16,136.0,3.0,4.0,1083874.0,1.0,NORMANDIA,4,REMODELADO,4.67,-74.11,USADO,,0,0,0,0,1,0,0,0,0,1,False,ENGATIVA,NORMANDIA OCCIDENTAL,Normandía,148.86,1,PARQUE VECINAL MODELIA SECTOR A,866.59,0,0.15,,0.33,0.75,0.0,,0.02,830.65,0.0
10278-434,APARTAMENTO,VENTA,21.31,272.79,4.0,4.0,1385000.0,4.0,SANTA BARBARA,6,ENTRE 10 Y 20 ANOS,4.69,-74.05,USADO,,0,0,0,0,0,0,0,0,0,0,False,USAQUEN,SANTA BIBIANA,Calle 100 - Marketmedios,554.78,0,PARQUE VECINAL URBANIZACIÓN NORMANDIA I II II Y IV SECTOR,1249.72,0,0.08,,1.0,1.0,0.0,,0.01,604.64,0.0
689-M4659617,APARTAMENTO,VENTA,19.86,67.0,2.0,2.0,460000.0,2.0,CEDRITOS,4,ENTRE 0 Y 5 ANOS,4.72,-74.03,USADO,,0,0,0,0,1,0,0,0,0,1,False,USAQUEN,LAS_ACACIAS,Calle 142,2526.64,0,PARQUE VECINAL NUEVA URBANIZACIÓN EL CEDRITO,609.4,0,0.3,,1.0,1.0,0.0,,0.03,710.42,0.0
3664-M3784776,APARTAMENTO,VENTA,21.46,234.0,3.0,5.0,2300000.0,3.0,CHICO,6,ENTRE 10 Y 20 ANOS,4.66,-74.05,USADO,,1,1,0,1,1,0,0,0,0,1,False,CHAPINERO,S.C. EL RETIRO,Héroes - Gel´Hada,1413.12,0,PARQUE ZONAL SAN ANDRÉS,434.6,1,0.09,,1.0,0.6,0.0,,0.01,564.13,0.0
359-M4467886,APARTAMENTO,VENTA,20.68,78.45,1.0,2.0,647473.0,1.0,SALITRE MODELIA,5,ENTRE 0 Y 5 ANOS,4.65,-74.11,USADO,,0,0,0,1,1,1,1,0,0,0,False,FONTIBON,CIUDAD SALITRE OCCIDENTAL,Salitre - El Greco,573.75,0,PARQUE ZONAL SAUZALITO,642.33,0,0.26,,1.0,0.5,0.0,,0.01,67.18,3.0
10278-430,APARTAMENTO,VENTA,19.62,83.35,3.0,2.0,3921395.93,1.0,ORQUIDEAS,4,ENTRE 10 Y 20 ANOS,4.77,-74.03,USADO,,0,0,0,0,0,0,0,0,0,0,False,USAQUEN,ANDALUCIA,Terminal,1192.32,0,PARQUE VECINAL DESARROLLO VERBENAL I,885.34,0,0.24,,0.33,1.5,0.0,,0.04,1042.53,0.0
689-M2853880,APARTAMENTO,VENTA,20.2,95.0,3.0,3.0,822000.0,2.0,COUNTRY,5,ENTRE 5 Y 10 ANOS,4.71,-74.05,USADO,,0,1,0,0,1,0,0,0,0,1,False,USAQUEN,LA CALLEJA,Calle 127,561.83,0,PARQUE ZONAL ATABANZA,901.91,0,0.21,,0.67,1.0,0.0,,0.03,222.95,5.0
2571-M3846872,APARTAMENTO,VENTA,19.67,70.0,4.0,3.0,266000.0,1.0,CEDRITOS,3,MAS DE 20 ANOS,4.73,-74.03,USADO,,0,0,0,0,0,1,0,0,0,1,False,USAQUEN,BARRANCAS PERLAS DEL NORTE,Calle 146,2623.66,0,PARQUE ZONAL ALTA BLANCA,696.5,0,0.28,,0.25,1.33,0.0,,0.06,718.14,0.0
990-M3455120,APARTAMENTO,VENTA,20.61,140.0,3.0,4.0,1000000.0,2.0,SANTA BARBARA,6,REMODELADO,4.7,-74.04,USADO,,0,0,0,0,1,0,0,0,0,1,False,USAQUEN,SANTA BARBARA CENTRAL I SECTOR,Calle 127,1669.89,0,PARQUE METROPOLITANO EL COUNTRY,476.89,1,0.15,,0.67,0.75,0.0,,0.02,367.91,1.0
5588-M4313788,APARTAMENTO,VENTA,20.67,84.0,2.0,2.0,658102.0,2.0,CHICO,6,ENTRE 0 Y 5 ANOS,4.68,-74.05,USADO,,0,0,0,1,1,0,0,0,0,1,False,CHAPINERO,S.C. CHICO NORTE III SECTOR,Calle 100 - Marketmedios,466.78,1,PARQUE VECINAL URBANIZACIÓN NORMANDIA I II II Y IV SECTOR,861.59,0,0.25,,1.0,1.0,0.0,,0.02,275.36,2.0
3204-M4307509,APARTAMENTO,VENTA,21.24,150.0,3.0,4.0,1010000.0,2.0,CHAPINERO ALTO,6,MAS DE 20 ANOS,4.65,-74.05,USADO,,0,1,0,0,1,1,0,0,0,0,False,CHAPINERO,S.C. LAS ACACIAS,Flores – Areandina,1127.26,0,PARQUE ZONAL GUSTAVO URIBE BOTERO,172.57,1,0.14,,0.67,0.75,0.0,,0.02,285.69,1.0
2359-M3852596,APARTAMENTO,VENTA,21.41,212.0,3.0,4.0,1551000.0,2.0,CHICO,6,MAS DE 20 ANOS,4.66,-74.05,USADO,,0,1,0,1,1,1,1,0,0,0,False,CHAPINERO,BOSQUE EL RETIRO I SECTOR,Calle 76 - San Felipe,1651.58,0,PARQUE ZONAL SAN ANDRÉS,701.19,0,0.1,,0.67,0.75,0.0,,0.01,853.23,0.0
3553-M3325320,APARTAMENTO,VENTA,19.61,70.0,3.0,2.0,280000.0,1.0,CEDRITOS,3,ENTRE 10 Y 20 ANOS,4.74,-74.04,USADO,,0,0,0,0,0,1,0,0,0,1,False,USAQUEN,BALCONES DE ORIENTE,Calle 161,1275.78,0,PARQUE ZONAL LA VIDA,221.18,1,0.28,,0.33,1.5,0.0,,0.04,854.47,0.0
16145-M4566399,APARTAMENTO,VENTA,20.44,109.29,2.0,3.0,1268000.0,2.0,CHICO,6,ENTRE 10 Y 20 ANOS,4.68,-74.05,USADO,,0,1,0,0,1,1,0,0,0,1,False,CHAPINERO,S.C. CHICO NORTE,Calle 100 - Marketmedios,596.02,0,PARQUE VECINAL URBANIZACIÓN NORMANDIA I II II Y IV SECTOR,511.55,0,0.19,,1.0,0.67,0.0,,0.02,138.2,2.0
523-M2847516,APARTAMENTO,VENTA,21.73,254.0,4.0,4.0,2000000.0,2.0,CHICO,6,REMODELADO,4.67,-74.04,USADO,,0,1,0,1,1,1,0,0,0,1,False,CHAPINERO,EL REFUGIO,Héroes - Gel´Hada,1903.06,0,PARQUE VECINAL URBANIZACIÓN LA CABRERA,890.79,0,0.09,,0.5,1.0,0.0,,0.02,869.18,0.0
3147-M4566120,APARTAMENTO,VENTA,20.28,93.0,3.0,3.0,370000.0,1.0,FONTIBON TINTAL,4,ENTRE 0 Y 5 ANOS,4.66,-74.13,USADO,,0,0,0,0,1,1,0,0,0,0,False,FONTIBON,EL TINTAL A.S.D.,Normandía,1731.24,0,PARQUE ZONAL CANAL BOYACA,935.93,0,0.22,,0.33,1.0,0.0,,0.03,794.48,0.0
4313-M4744570,APARTAMENTO,VENTA,19.72,60.73,2.0,2.0,10000.0,1.0,CHAPINERO,3,ENTRE 5 Y 10 ANOS,4.65,-74.07,USADO,,0,0,0,0,0,0,0,0,0,1,False,BARRIOS UNIDOS,MUEQUETA,Calle 63,816.58,0,PARQUE ZONAL GIMNASIO DEL NORTE,531.76,0,0.32,,0.5,1.0,0.0,,0.03,897.75,0.0
990-M2663304,APARTAMENTO,VENTA,21.6,205.0,3.0,4.0,1600000.0,3.0,CHICO,6,ENTRE 0 Y 5 ANOS,4.66,-74.05,USADO,,0,1,0,0,1,0,0,0,0,0,False,CHAPINERO,S.C. BELLAVISTA,Calle 72,1270.68,0,PARQUE ZONAL SAN ANDRÉS,808.61,0,0.11,,1.0,0.75,0.0,,0.01,542.37,0.0
2748-M2561253,APARTAMENTO,VENTA,21.31,240.0,3.0,5.0,800000.0,3.0,CERROS DE SUBA,6,ENTRE 0 Y 5 ANOS,4.72,-74.08,USADO,,1,1,0,1,1,1,1,0,0,1,False,SUBA,BELLOMONTE SUBA,Suba - AV. Boyacá,412.13,1,PARQUE VECINAL AGRUPACIÓN DE VIVIENDA EN BALCON DE LINDARAJA,865.79,0,0.09,,1.0,0.6,0.0,,0.01,1377.82,0.0
2559-M4309090,APARTAMENTO,VENTA,20.56,165.0,3.0,3.0,790000.0,2.0,COUNTRY,6,MAS DE 20 ANOS,4.71,-74.04,USADO,,0,1,0,1,1,0,0,0,0,1,False,USAQUEN,LA_CAROLINA,Calle 127,1613.93,0,PARQUE METROPOLITANO EL COUNTRY,302.29,1,0.12,,0.67,1.0,0.0,,0.02,486.16,1.0
2559-M4519277,APARTAMENTO,VENTA,20.37,105.0,3.0,3.0,686000.0,2.0,COUNTRY,5,ENTRE 10 Y 20 ANOS,4.72,-74.05,USADO,,0,1,0,0,1,1,0,0,0,1,False,USAQUEN,COUNTRY CLUB,Prado,643.7,0,PARQUE VECINAL PRADO PINZÓN,1372.36,0,0.19,,0.67,1.0,0.0,,0.03,493.2,1.0
14983-M4420676,APARTAMENTO,VENTA,19.7,70.0,3.0,2.0,283000.0,1.0,ORQUIDEAS,4,ENTRE 10 Y 20 ANOS,4.75,-74.03,USADO,,0,0,0,1,1,1,0,0,0,1,False,USAQUEN,SANTA TERESA,Toberin - Foundever,2266.66,0,PARQUE ZONAL SERVITA,427.96,1,0.28,,0.33,1.5,0.0,,0.04,1092.52,0.0
2456-M4035832,APARTAMENTO,VENTA,20.49,152.0,3.0,4.0,400000.0,2.0,COLINA Y ALREDEDORES,5,ENTRE 5 Y 10 ANOS,4.74,-74.07,USADO,,1,1,0,1,1,1,1,0,0,1,False,SUBA,EL CORTIJO (FINCA),Gratamira,1537.51,0,PARQUE ZONAL EL TOMILLAR,878.83,0,0.13,,0.67,0.75,0.0,,0.02,539.04,0.0
2456-M4469152,APARTAMENTO,VENTA,20.13,84.0,2.0,2.0,400000.0,2.0,COLINA Y ALREDEDORES,5,ENTRE 0 Y 5 ANOS,4.74,-74.05,USADO,,0,0,0,1,1,1,1,0,0,1,False,SUBA,CAMPOS DE SILENCIO,Calle 161,783.2,0,PARQUE VECINAL DESARROLLO CANTALEJO URBANIZACIÓN CANTALEJO MANZANA B,369.17,1,0.24,,1.0,1.0,0.0,,0.02,1566.41,0.0
16145-M4744854,APARTAMENTO,VENTA,19.81,71.0,3.0,2.0,425000.0,1.0,CEDRITOS,4,ENTRE 5 Y 10 ANOS,4.72,-74.03,USADO,,0,1,0,1,1,1,0,0,0,1,False,USAQUEN,CEDRO NARVAEZ,Alcalá,2020.18,0,PARQUE VECINAL NUEVA URBANIZACIÓN EL CEDRITO,276.46,1,0.28,,0.33,1.5,0.0,,0.04,498.33,1.0
16350-M4744834,APARTAMENTO,VENTA,19.35,61.0,3.0,2.0,150800.0,0.0,CASTILLA MARSELLA,3,ENTRE 10 Y 20 ANOS,4.65,-74.14,USADO,,0,0,0,0,0,1,0,0,0,1,False,KENNEDY,CASTILLA REAL,Mandalay,1604.04,0,PARQUE VECINAL VILLA ALSACIA,544.66,0,0.32,,0.0,1.5,0.0,,0.05,1375.04,0.0
16205-M4710224,APARTAMENTO,VENTA,20.89,150.0,2.0,2.0,780000.0,1.0,CHICO,6,MAS DE 20 ANOS,4.66,-74.05,USADO,,1,1,0,1,1,1,0,0,0,1,False,CHAPINERO,LOS ROSALES,Calle 76 - San Felipe,1447.23,0,PARQUE ZONAL SAN ANDRÉS,680.53,0,0.14,,0.5,1.0,0.0,,0.01,831.92,0.0
359-M4154393,APARTAMENTO,VENTA,20.86,135.0,3.0,4.0,440000.0,2.0,COLINA Y ALREDEDORES,5,ENTRE 0 Y 5 ANOS,4.76,-74.07,USADO,,0,1,0,1,1,1,1,0,0,1,False,SUBA,SAN JOSE V SECTOR,Portal Norte,2228.18,0,PARQUE ZONAL SAN JOSÉ DE BAVARIA,585.03,0,0.15,,0.67,0.75,0.0,,0.02,2242.53,0.0
4535-M3852324,APARTAMENTO,VENTA,19.61,67.0,2.0,2.0,322000.0,1.0,CEDRITOS,4,MAS DE 20 ANOS,4.72,-74.03,USADO,,0,1,0,0,0,0,0,0,0,1,False,USAQUEN,LAS_ACACIAS,Calle 142,2307.34,0,PARQUE VECINAL NUEVA URBANIZACIÓN EL CEDRITO,387.74,1,0.29,,0.5,1.0,0.0,,0.03,830.03,0.0
38-M4207404,APARTAMENTO,VENTA,21.58,318.0,4.0,4.0,3238720.0,3.0,CHICO,6,REMODELADO,4.67,-74.04,USADO,,0,1,0,0,1,1,0,0,0,1,False,CHAPINERO,EL REFUGIO,Calle 85,1827.24,0,PARQUE VECINAL URBANIZACIÓN LA CABRERA,767.73,0,0.07,,0.75,1.0,0.0,,0.01,730.51,0.0
16146-M4469581,APARTAMENTO,VENTA,21.42,220.0,3.0,4.0,2350000.0,3.0,CHICO,6,ENTRE 10 Y 20 ANOS,4.68,-74.04,USADO,,0,0,0,0,1,0,0,0,0,1,False,CHAPINERO,S.C. CHICO NORTE,Virrey,1760.74,0,PARQUE VECINAL URBANIZACIÓN LA CABRERA,1098.23,0,0.1,,1.0,0.75,0.0,,0.01,527.02,0.0
515-M3931269,APARTAMENTO,VENTA,20.67,139.0,3.0,4.0,700000.0,2.0,SANTA BARBARA,6,ENTRE 5 Y 10 ANOS,4.7,-74.04,USADO,,0,1,0,1,1,1,0,0,0,1,False,USAQUEN,SANTA BARBARA CENTRAL I SECTOR,Calle 127,2074.77,0,PARQUE METROPOLITANO EL COUNTRY,525.57,0,0.15,,0.67,0.75,0.0,,0.02,611.75,0.0
2359-M4471681,APARTAMENTO,VENTA,21.49,244.0,3.0,5.0,1400000.0,4.0,SANTA BARBARA,5,ENTRE 5 Y 10 ANOS,4.7,-74.03,USADO,,0,0,0,1,1,1,1,0,0,1,False,USAQUEN,SAN,Calle 127,3003.16,0,PARQUE METROPOLITANO EL COUNTRY,1261.1,0,0.09,,1.33,0.6,0.0,,0.01,835.23,0.0
5506-M4663595,APARTAMENTO,VENTA,19.04,51.0,3.0,1.0,88000.0,0.0,CIUDAD BOLIVAR,3,ENTRE 5 Y 10 ANOS,4.59,-74.15,USADO,,0,0,0,1,1,1,0,0,0,1,False,CIUDAD BOLIVAR,S.C. ATLANTA,CC Paseo Villa del Río - Madelena,1155.31,0,PARQUE ZONAL EL TALLER EL ENSUEÑO,661.15,0,0.37,,0.0,3.0,0.0,,0.06,1367.74,0.0
3576-M4745147,APARTAMENTO,VENTA,20.5,103.0,3.0,3.0,422100.0,2.0,SALITRE MODELIA,4,MAS DE 20 ANOS,4.66,-74.11,USADO,,0,0,0,1,1,1,0,0,0,1,False,FONTIBON,CIUDAD SALITRE,AV. Rojas,496.03,1,PARQUE VECINAL CARLOS LLERAS (EL FUEGO),398.31,1,0.2,,0.67,1.0,0.0,,0.03,351.64,1.0
374-M4312945,APARTAMENTO,VENTA,21.75,300.0,3.0,5.0,1500000.0,2.0,SANTA BARBARA,6,ENTRE 10 Y 20 ANOS,4.7,-74.03,USADO,,1,1,0,1,1,1,0,0,0,1,False,USAQUEN,LA GLORIETA,Pepe Sierra,3069.52,0,PARQUE METROPOLITANO EL COUNTRY,1479.13,0,0.07,,0.67,0.6,0.0,,0.01,439.53,1.0
16399-M4744221,APARTAMENTO,VENTA,19.83,75.0,3.0,2.0,10000.0,2.0,COUNTRY,5,REMODELADO,4.72,-74.05,USADO,,0,0,0,0,1,1,0,0,0,1,False,USAQUEN,LOS CEDROS,Alcalá,467.35,1,PARQUE VECINAL PRADO PINZÓN,812.51,0,0.26,,0.67,1.5,0.0,,0.04,248.0,1.0
689-M4621021,APARTAMENTO,VENTA,20.27,106.0,3.0,3.0,558400.0,2.0,COUNTRY,5,ENTRE 5 Y 10 ANOS,4.72,-74.03,USADO,,0,0,0,1,1,0,0,0,0,1,False,USAQUEN,CEDRITOS,Alcalá,2008.28,0,PARQUE VECINAL NUEVA URBANIZACIÓN EL CEDRITO,643.05,0,0.19,,0.67,1.0,0.0,,0.03,480.48,1.0
16399-M4744241,APARTAMENTO,VENTA,19.68,68.0,3.0,2.0,10000.0,1.0,CASTILLA MARSELLA,3,REMODELADO,4.64,-74.14,USADO,,0,0,0,0,1,1,0,0,0,1,False,KENNEDY,BAVARIA TECHO,Mandalay,1236.98,0,PARQUE ZONAL CASTILLA,302.78,1,0.29,,0.33,1.5,0.0,,0.04,1385.05,0.0
3147-M4519148,APARTAMENTO,VENTA,19.92,87.0,3.0,2.0,350000.0,1.0,SALITRE MODELIA,4,ENTRE 10 Y 20 ANOS,4.66,-74.11,USADO,,0,0,0,0,0,0,0,0,0,0,False,FONTIBON,CIUDAD SALITRE,AV. Rojas,239.51,1,PARQUE ZONAL SAUZALITO,665.53,0,0.23,,0.33,1.5,0.0,,0.03,116.68,2.0
3147-M4566124,APARTAMENTO,VENTA,20.56,136.0,3.0,2.0,762000.0,2.0,COUNTRY,5,ENTRE 10 Y 20 ANOS,4.71,-74.05,USADO,,0,0,0,0,0,0,0,0,0,0,False,USAQUEN,LA CALLEJA,Calle 127,472.7,1,PARQUE ZONAL ATABANZA,850.89,0,0.15,,0.67,1.5,0.0,,0.02,143.75,5.0
2238-M4709453,APARTAMENTO,VENTA,21.34,189.0,2.0,3.0,1350000.0,3.0,SANTA BARBARA,6,MAS DE 20 ANOS,4.69,-74.03,USADO,,0,1,0,0,1,0,0,0,0,1,False,USAQUEN,SANTA ANA ORIENTAL,Calle 106,2515.48,0,PARQUE METROPOLITANO EL COUNTRY,1988.96,0,0.11,,1.5,0.67,0.0,,0.01,504.62,0.0
14983-M4564710,APARTAMENTO,VENTA,20.97,140.0,3.0,4.0,1190000.0,2.0,CHICO,6,ENTRE 5 Y 10 ANOS,4.66,-74.05,USADO,,0,1,0,1,1,1,1,0,0,1,False,CHAPINERO,BOSQUE EL RETIRO I SECTOR,Héroes - Gel´Hada,1570.32,0,PARQUE ZONAL SAN ANDRÉS,595.63,0,0.15,,0.67,0.75,0.0,,0.02,711.33,0.0
689-M4604557,APARTAMENTO,VENTA,20.09,114.77,3.0,2.0,680000.0,1.0,SANTA BARBARA,5,MAS DE 20 ANOS,4.7,-74.04,USADO,,0,0,0,0,1,0,0,0,0,1,False,USAQUEN,SANTA BARBARA CENTRAL I SECTOR,Pepe Sierra,1441.69,0,PARQUE METROPOLITANO EL COUNTRY,874.68,0,0.18,,0.33,1.5,0.0,,0.03,598.86,0.0
689-M3983051,APARTAMENTO,VENTA,21.51,248.0,3.0,4.0,1700000.0,4.0,CHICO,6,ENTRE 10 Y 20 ANOS,4.68,-74.04,USADO,,0,1,0,0,1,0,0,0,0,1,False,CHAPINERO,CHICO RESERVADO,Virrey,1870.34,0,PARQUE VECINAL URBANIZACIÓN LA CABRERA,1202.02,0,0.09,,1.33,0.75,0.0,,0.01,450.94,1.0
2162-M4566139,APARTAMENTO,VENTA,21.44,301.0,3.0,5.0,2300000.0,3.0,COUNTRY,6,MAS DE 20 ANOS,4.7,-74.04,USADO,,0,1,0,0,1,1,0,0,0,1,False,USAQUEN,PLENITUD LA CALLEJA,Calle 127,1227.56,0,PARQUE METROPOLITANO EL COUNTRY,516.25,0,0.07,,1.0,0.6,0.0,,0.01,205.76,1.0
2359-M2529395,APARTAMENTO,VENTA,21.64,235.0,4.0,5.0,1400000.0,4.0,COUNTRY,6,ENTRE 10 Y 20 ANOS,4.72,-74.03,USADO,,1,1,0,1,1,1,0,0,0,1,False,USAQUEN,LA CANADA,Alcalá,2767.24,0,PARQUE VECINAL NUEVA URBANIZACIÓN EL CEDRITO,942.29,0,0.09,,1.0,0.8,0.0,,0.02,447.6,1.0
3576-M4745125,APARTAMENTO,VENTA,19.63,57.0,3.0,2.0,251000.0,1.0,NORMANDIA,4,MAS DE 20 ANOS,4.68,-74.1,USADO,,0,0,0,0,1,1,1,0,0,1,False,ENGATIVA,NORMANDIA - CONJUNTO MULTIFAMILIAR COLSEGUROS,Normandía,1147.43,0,PARQUE VECINAL URBANIZACIÓN LA EUROPA,1098.37,0,0.34,,0.33,1.5,0.0,,0.05,623.61,0.0
3576-M4745117,APARTAMENTO,VENTA,19.8,91.0,3.0,2.0,371000.0,2.0,COLINA Y ALREDEDORES,4,MAS DE 20 ANOS,4.73,-74.05,USADO,,0,1,0,1,0,1,0,0,0,1,False,SUBA,LA VICTORIA NORTE,Mazurén,517.44,0,PARQUE VECINAL URBANIZACIÓN LA LAGUNA,80.2,1,0.22,,0.67,1.5,0.0,,0.03,1407.26,0.0
2571-M3364148,APARTAMENTO,VENTA,20.56,155.0,3.0,3.0,838000.0,2.0,SANTA BARBARA,5,MAS DE 20 ANOS,4.7,-74.04,USADO,,0,0,0,0,0,1,0,0,0,1,False,USAQUEN,SANTA BARBARA CENTRAL I Y II,Pepe Sierra,1532.26,0,PARQUE METROPOLITANO EL COUNTRY,1034.11,0,0.13,,0.67,1.0,0.0,,0.02,685.49,0.0
3147-M4519604,APARTAMENTO,VENTA,20.13,84.0,3.0,2.0,382000.0,1.0,SALITRE MODELIA,4,ENTRE 10 Y 20 ANOS,4.65,-74.11,USADO,,0,0,0,0,1,0,0,0,0,0,False,FONTIBON,INMUNIZADORA DE MADERAS,El Tiempo - Maloka,1215.17,0,PARQUE ZONAL SAUZALITO,669.27,0,0.24,,0.33,1.5,0.0,,0.04,617.78,0.0
10312-M4468676,APARTAMENTO,VENTA,20.65,106.97,2.0,2.0,817000.0,1.0,CHICO,6,MAS DE 20 ANOS,4.66,-74.05,USADO,,0,1,0,0,1,1,0,0,0,1,False,CHAPINERO,S.C. BELLAVISTA,Calle 72,969.57,0,PARQUE ZONAL GUSTAVO URIBE BOTERO,653.67,0,0.19,,0.5,1.0,0.0,,0.02,219.59,3.0
3553-M3699509,APARTAMENTO,VENTA,20.07,78.0,2.0,2.0,600000.0,1.0,CHICO,6,MAS DE 20 ANOS,4.67,-74.05,USADO,,0,1,0,0,1,0,0,0,0,1,True,CHAPINERO,S.C. CHICO NORTE,Virrey,1573.83,0,PARQUE VECINAL URBANIZACIÓN LA CABRERA,639.06,0,0.26,,0.5,1.0,0.0,,0.03,554.24,0.0
14836-M3725167,APARTAMENTO,VENTA,19.76,67.0,2.0,2.0,290000.0,1.0,COLINA Y ALREDEDORES,4,ENTRE 0 Y 5 ANOS,4.75,-74.06,USADO,,1,0,0,1,1,1,0,0,0,1,False,SUBA,,Portal Norte,1243.38,0,PARQUE ZONAL SAN JOSÉ DE BAVARIA,770.91,0,0.29,,0.5,1.0,0.0,,0.03,1725.6,0.0
3074-M4708186,APARTAMENTO,VENTA,20.32,173.0,3.0,3.0,412000.0,2.0,COUNTRY,5,MAS DE 20 ANOS,4.72,-74.04,USADO,,0,1,0,0,0,0,0,0,0,1,False,USAQUEN,LISBOA_,Alcalá,1715.52,0,PARQUE VECINAL NUEVA URBANIZACIÓN EL CEDRITO,886.45,0,0.12,,0.67,1.0,0.0,,0.02,394.85,2.0
2359-M4616864,APARTAMENTO,VENTA,20.95,123.0,2.0,3.0,990000.0,3.0,SANTA BARBARA,6,ENTRE 0 Y 5 ANOS,4.69,-74.05,USADO,,0,0,0,0,1,1,0,0,0,0,False,USAQUEN,SAN PATRICIO,Pepe Sierra,569.39,0,PARQUE ZONAL CANAL CORDOBA,1707.75,0,0.17,,1.5,0.67,0.0,,0.02,150.74,3.0
3702-M4708622,APARTAMENTO,VENTA,20.25,65.0,2.0,2.0,559731.0,2.0,CHAPINERO ALTO,4,ENTRE 5 Y 10 ANOS,4.64,-74.06,USADO,,0,0,0,1,1,0,0,0,0,1,False,CHAPINERO,S.C. BOSQUE CALDERON,Calle 57,741.34,0,PARQUE ZONAL GUSTAVO URIBE BOTERO,1422.24,0,0.31,,1.0,1.0,0.0,,0.03,1096.21,0.0
15833-M4617025,APARTAMENTO,VENTA,20.56,88.0,2.0,3.0,880000.0,2.0,SANTA BARBARA,6,ENTRE 5 Y 10 ANOS,4.69,-74.05,USADO,,0,1,0,0,1,1,0,0,0,0,False,USAQUEN,SAN PATRICIO,Calle 106,1026.33,0,PARQUE METROPOLITANO EL COUNTRY,1516.52,0,0.23,,1.0,0.67,0.0,,0.02,76.0,3.0
374-M3699790,APARTAMENTO,VENTA,21.44,313.0,3.0,5.0,2045800.0,3.0,COUNTRY,6,MAS DE 20 ANOS,4.72,-74.03,USADO,,1,1,0,1,1,1,0,0,0,1,False,USAQUEN,MONTEARROYO,Alcalá,2909.16,0,PARQUE VECINAL NUEVA URBANIZACIÓN EL CEDRITO,1156.28,0,0.07,,1.0,0.6,0.0,,0.01,428.6,1.0
5588-M4709242,APARTAMENTO,VENTA,20.61,136.0,2.0,3.0,900000.0,2.0,CHICO,6,ENTRE 10 Y 20 ANOS,4.68,-74.06,USADO,,0,1,0,1,1,0,0,0,0,1,False,CHAPINERO,S.C. CHICO NORTE,Virrey,557.52,0,PARQUE VECINAL URBANIZACIÓN NORMANDIA I II II Y IV SECTOR,431.63,1,0.15,,1.0,0.67,0.0,,0.01,213.11,2.0
4933-M4471454,APARTAMENTO,VENTA,19.34,25.0,1.0,1.0,273000.0,0.0,CENTRO INTERNACIONAL,3,ENTRE 0 Y 5 ANOS,4.62,-74.07,USADO,,0,0,0,1,1,0,0,0,0,1,False,SANTA FE,SAMPER,Calle 26,173.95,1,PARQUE METROPOLITANO EL RENACIMIENTO - PARQUE CEMENTERIO CENTRAL,583.48,0,0.77,,0.0,1.0,0.0,,0.04,316.8,4.0
2564-M4312279,APARTAMENTO,VENTA,21.13,238.0,4.0,4.0,1300000.0,2.0,CHICO,6,MAS DE 20 ANOS,4.66,-74.05,USADO,,0,1,0,0,1,0,0,0,0,1,False,CHAPINERO,LOS ROSALES,Calle 72,1533.78,0,PARQUE ZONAL GUSTAVO URIBE BOTERO,850.46,0,0.09,,0.5,1.0,0.0,,0.02,790.73,0.0
2428-M3792761,APARTAMENTO,VENTA,20.61,158.0,3.0,3.0,730000.0,2.0,COUNTRY,5,REMODELADO,4.71,-74.05,USADO,,0,0,0,0,1,1,0,0,0,1,False,USAQUEN,LA CALLEJA,Prado,680.99,0,PARQUE ZONAL ATABANZA,1009.88,0,0.13,,0.67,1.0,0.0,,0.02,451.09,2.0
3487-M4617887,APARTAMENTO,VENTA,20.18,84.0,3.0,2.0,450000.0,2.0,COUNTRY,5,ENTRE 5 Y 10 ANOS,4.71,-74.03,USADO,,0,0,0,1,1,1,0,0,0,1,False,USAQUEN,LISBOA_,Alcalá,2433.2,0,PARQUE VECINAL NUEVA URBANIZACIÓN EL CEDRITO,1010.95,0,0.24,,0.67,1.5,0.0,,0.04,144.61,2.0
4083-M3852257,APARTAMENTO,VENTA,20.72,220.0,3.0,4.0,1800000.0,3.0,SANTA BARBARA,6,ENTRE 10 Y 20 ANOS,4.69,-74.05,USADO,,0,1,0,0,1,1,0,0,0,1,False,USAQUEN,SANTA BIBIANA,Calle 100 - Marketmedios,538.46,0,PARQUE VECINAL URBANIZACIÓN NORMANDIA I II II Y IV SECTOR,1256.74,0,0.09,,1.0,0.75,0.0,,0.01,675.38,0.0
164-M3042981,APARTAMENTO,VENTA,20.17,84.9,2.0,2.0,290000.0,2.0,CEDRITOS,4,ENTRE 0 Y 5 ANOS,4.73,-74.03,USADO,,0,1,0,0,0,1,0,0,0,0,False,USAQUEN,CAOBOS SALAZAR,Calle 142,1922.67,0,PARQUE VECINAL NUEVA URBANIZACIÓN EL CEDRITO,194.65,1,0.24,,1.0,1.0,0.0,,0.02,556.34,0.0
874-M4744964,APARTAMENTO,VENTA,19.4,58.0,2.0,2.0,117900.0,1.0,CASTILLA MARSELLA,3,ENTRE 5 Y 10 ANOS,4.65,-74.15,USADO,,0,0,0,0,1,1,0,0,0,1,False,KENNEDY,BOSCONIA,Transversal 86,1873.6,0,PARQUE VECINAL VILLA ALSACIA,1175.69,0,0.33,,0.5,1.0,0.0,,0.03,1927.55,0.0
2359-M3645831,APARTAMENTO,VENTA,21.18,219.0,3.0,5.0,982800.0,3.0,COUNTRY,6,ENTRE 10 Y 20 ANOS,4.71,-74.03,USADO,,0,1,0,1,1,1,1,0,0,0,False,USAQUEN,GINEBRA,Prado,2810.79,0,PARQUE METROPOLITANO EL COUNTRY,1292.11,0,0.1,,1.0,0.6,0.0,,0.01,507.02,0.0
16587-M4708061,APARTAMENTO,VENTA,19.77,54.0,1.0,2.0,453000.0,1.0,COUNTRY,5,ENTRE 5 Y 10 ANOS,4.72,-74.05,USADO,,0,0,0,0,1,1,0,0,0,1,False,USAQUEN,LOS CEDROS,Alcalá,155.95,1,PARQUE VECINAL PRADO PINZÓN,776.34,0,0.37,,1.0,0.5,0.0,,0.02,422.08,1.0
675-M3700218,APARTAMENTO,VENTA,21.06,232.0,3.0,5.0,938400.0,2.0,COUNTRY,5,MAS DE 20 ANOS,4.71,-74.03,USADO,,0,1,0,1,1,1,0,0,0,1,False,USAQUEN,SAN,Prado,2912.25,0,PARQUE METROPOLITANO EL COUNTRY,1179.34,0,0.09,,0.67,0.6,0.0,,0.01,715.79,0.0
990-M3188970,APARTAMENTO,VENTA,21.77,288.0,3.0,5.0,2100000.0,4.0,CHICO,6,ENTRE 5 Y 10 ANOS,4.66,-74.05,USADO,,0,1,0,1,1,0,0,0,0,0,False,CHAPINERO,LOS ROSALES,Calle 72,1416.88,0,PARQUE ZONAL GUSTAVO URIBE BOTERO,698.25,0,0.08,,1.33,0.6,0.0,,0.01,665.76,0.0
9854-M4616962,APARTAMENTO,VENTA,20.41,100.0,3.0,3.0,450000.0,2.0,NIZA ALHAMBRA,4,ENTRE 10 Y 20 ANOS,4.69,-74.08,USADO,,0,0,0,0,1,1,0,0,0,0,False,SUBA,JULIO FLOREZ - URB. OCASA,AV. 68,581.43,0,PARQUE ZONAL CANAL RIO NEGRO,556.17,0,0.2,,0.67,1.0,0.0,,0.03,238.13,2.0
14733-M4153392,APARTAMENTO,VENTA,19.49,60.0,3.0,2.0,229000.0,1.0,ORQUIDEAS,4,ENTRE 10 Y 20 ANOS,4.74,-74.03,USADO,,0,0,0,1,1,1,1,0,0,1,False,USAQUEN,VILLAS DE ARANJUEZ,Toberin - Foundever,1629.11,0,PARQUE VECINAL URBANIZACIÓN TOBERIN,786.8,0,0.32,,0.33,1.5,0.0,,0.05,541.72,0.0
770-M4419962,APARTAMENTO,VENTA,21.53,283.0,3.0,3.0,2600000.0,4.0,CHICO,6,ENTRE 10 Y 20 ANOS,4.66,-74.05,USADO,,0,1,0,1,1,0,0,0,0,1,False,CHAPINERO,LOS ROSALES,Calle 76 - San Felipe,1313.69,0,PARQUE ZONAL SAN ANDRÉS,721.87,0,0.08,,1.33,1.0,0.0,,0.01,617.95,0.0
770-M2762698,APARTAMENTO,VENTA,21.31,181.0,2.0,3.0,1495000.0,3.0,CHICO,6,ENTRE 5 Y 10 ANOS,4.67,-74.05,USADO,,1,1,0,0,1,0,0,0,0,0,False,CHAPINERO,S.C. EL CHICO,Virrey,1448.49,0,PARQUE VECINAL URBANIZACIÓN LA CABRERA,476.83,1,0.12,,1.5,0.67,0.0,,0.01,391.72,1.0
3774-M2715668,APARTAMENTO,VENTA,21.47,256.0,4.0,4.0,1100000.0,2.0,CEDRITOS,6,MAS DE 20 ANOS,4.72,-74.02,USADO,,0,1,0,0,0,1,0,0,0,1,False,USAQUEN,SIERRAS DEL MORAL,Alcalá,3093.31,0,PARQUE VECINAL NUEVA URBANIZACIÓN EL CEDRITO,1235.2,0,0.08,,0.5,1.0,0.0,,0.02,688.42,0.0
356-M3723541,APARTAMENTO,VENTA,21.35,267.0,3.0,4.0,1700000.0,3.0,CEDRITOS,6,ENTRE 10 Y 20 ANOS,4.72,-74.03,USADO,,0,1,0,1,1,1,1,0,0,1,False,USAQUEN,LOS CEDROS ORIENTAL,Calle 142,2720.39,0,PARQUE VECINAL NUEVA URBANIZACIÓN EL CEDRITO,800.77,0,0.08,,1.0,0.75,0.0,,0.01,766.95,0.0
3774-M2378394,APARTAMENTO,VENTA,21.42,220.0,3.0,3.0,1300000.0,2.0,CEDRITOS,6,MAS DE 20 ANOS,4.72,-74.03,USADO,,0,1,0,0,1,1,0,0,0,1,False,USAQUEN,CEDRITOS,Alcalá,1977.16,0,PARQUE VECINAL NUEVA URBANIZACIÓN EL CEDRITO,366.89,1,0.1,,0.67,1.0,0.0,,0.01,433.65,1.0
770-M3366625,APARTAMENTO,VENTA,21.05,190.0,3.0,3.0,1100000.0,4.0,CHICO,6,REMODELADO,4.66,-74.05,USADO,,0,1,0,0,1,0,0,0,0,1,False,CHAPINERO,S.C. EL NOGAL,Calle 76 - San Felipe,970.89,0,PARQUE ZONAL SAN ANDRÉS,142.76,1,0.11,,1.33,1.0,0.0,,0.02,312.88,4.0
770-M4035792,APARTAMENTO,VENTA,21.21,200.0,3.0,3.0,1970000.0,3.0,CHICO,6,ENTRE 5 Y 10 ANOS,4.66,-74.05,USADO,,0,1,0,0,1,0,0,0,0,1,False,CHAPINERO,S.C. EL NOGAL,Calle 76 - San Felipe,1053.78,0,PARQUE ZONAL SAN ANDRÉS,359.25,1,0.11,,1.0,1.0,0.0,,0.02,547.82,0.0
2359-M3792634,APARTAMENTO,VENTA,20.57,110.0,3.0,3.0,500000.0,2.0,CORTIJO AUTOPISTA MEDELLIN,5,ENTRE 5 Y 10 ANOS,4.72,-74.09,USADO,,0,1,0,1,1,1,1,0,0,1,False,SUBA,BOSQUES DE SAN JORGE,Suba - AV. Boyacá,1588.87,0,PARQUE METROPOLITANO CEFE COMETAS,566.77,0,0.19,,0.67,1.0,0.0,,0.03,1775.52,0.0
770-M4035834,APARTAMENTO,VENTA,20.14,94.0,2.0,3.0,499000.0,2.0,CEDRITOS,4,ENTRE 10 Y 20 ANOS,4.72,-74.03,USADO,,0,1,0,1,1,0,1,0,0,1,False,USAQUEN,LAS_ACACIAS,Calle 142,2677.97,0,PARQUE VECINAL NUEVA URBANIZACIÓN EL CEDRITO,776.99,0,0.21,,1.0,0.67,0.0,,0.02,583.59,0.0
3576-M4745165,APARTAMENTO,VENTA,19.8,50.0,1.0,2.0,302100.0,1.0,LA SOLEDAD,4,ENTRE 0 Y 5 ANOS,4.62,-74.07,USADO,,0,0,0,1,1,1,0,0,0,1,False,TEUSAQUILLO,TEUSAQUILLO,Centro Memoria,446.21,1,PARQUE METROPOLITANO EL RENACIMIENTO - PARQUE CEMENTERIO CENTRAL,446.29,1,0.4,,1.0,0.5,0.0,,0.02,264.5,1.0
4186-M4711293,APARTAMENTO,VENTA,20.41,92.0,2.0,3.0,450000.0,2.0,CENTRO INTERNACIONAL,3,ENTRE 5 Y 10 ANOS,4.62,-74.07,USADO,,0,0,0,0,1,1,0,0,0,1,False,SANTA FE,SAN_MARTIN,Calle 34,434.14,1,PARQUE METROPOLITANO PARQUE NACIONAL (PM2A) ENRIQUE OLAYA HERRERA (SECTOR HISTORICO),625.06,0,0.22,,1.0,0.67,0.0,,0.02,446.28,3.0
874-M4467844,APARTAMENTO,VENTA,21.64,200.0,3.0,4.0,1100000.0,2.0,CHICO,6,MAS DE 20 ANOS,4.66,-74.05,USADO,,0,0,0,0,0,0,0,0,0,0,False,CHAPINERO,S.C. EL NOGAL,Calle 76 - San Felipe,845.64,0,PARQUE ZONAL SAN ANDRÉS,533.36,0,0.11,,0.67,0.75,0.0,,0.02,443.89,3.0
2359-M4709066,APARTAMENTO,VENTA,21.25,230.0,3.0,4.0,1700000.0,3.0,CHICO,6,MAS DE 20 ANOS,4.66,-74.05,USADO,,0,1,0,0,1,1,0,0,0,1,False,CHAPINERO,LOS ROSALES,Calle 76 - San Felipe,1310.35,0,PARQUE ZONAL SAN ANDRÉS,517.13,0,0.09,,1.0,0.75,0.0,,0.01,707.49,0.0
2748-M3069786,APARTAMENTO,VENTA,20.62,154.0,4.0,5.0,550000.0,2.0,COLINA Y ALREDEDORES,5,ENTRE 10 Y 20 ANOS,4.72,-74.08,USADO,,0,0,0,1,1,1,1,0,0,1,False,SUBA,S.C. NIZA NORTE,Suba - AV. Boyacá,306.67,1,PARQUE VECINAL AGRUPACIÓN DE VIVIENDA EN BALCON DE LINDARAJA,646.27,0,0.13,,0.5,0.8,0.0,,0.03,862.62,0.0
2501-M4742894,APARTAMENTO,VENTA,20.32,78.0,2.0,3.0,760000.0,3.0,SANTA BARBARA,6,ENTRE 5 Y 10 ANOS,4.7,-74.05,USADO,,0,0,0,1,1,0,0,0,0,1,False,USAQUEN,SAN PATRICIO,Pepe Sierra,485.46,1,PARQUE ZONAL CANAL CORDOBA,1619.76,0,0.26,,1.5,0.67,0.0,,0.03,205.34,1.0
2731-M3852241,APARTAMENTO,VENTA,19.92,53.0,1.0,2.0,320000.0,2.0,NIZA ALHAMBRA,5,ENTRE 0 Y 5 ANOS,4.7,-74.06,USADO,,0,0,0,1,1,0,0,0,0,1,False,SUBA,S.C. PASADENA,Calle 106,570.71,0,PARQUE ZONAL CANAL CORDOBA,848.87,0,0.38,,2.0,0.5,0.0,,0.02,917.09,0.0
3496-M4663252,APARTAMENTO,VENTA,19.38,64.0,3.0,1.0,10000.0,0.0,CORTIJO AUTOPISTA MEDELLIN,3,MAS DE 20 ANOS,4.73,-74.12,USADO,,0,0,0,0,0,1,0,0,0,0,False,ENGATIVA,CIUDADELA COLSUBSIDIO 4 SECTOR,Portal 80,2676.63,0,PARQUE VECINAL URBANIZACIÓN NUEVA TIBABUYES 1,1093.56,0,0.3,,0.0,3.0,0.0,,0.05,2523.92,0.0
800-M4469822,APARTAMENTO,VENTA,21.25,232.0,3.0,4.0,1300000.0,3.0,COUNTRY,6,MAS DE 20 ANOS,4.71,-74.03,USADO,,0,1,0,0,1,1,0,0,0,1,False,USAQUEN,BOSQUES DE MEDINA,Prado,2898.43,0,PARQUE METROPOLITANO EL COUNTRY,1405.93,0,0.09,,1.0,0.75,0.0,,0.01,594.23,0.0
2748-M3366687,APARTAMENTO,VENTA,20.49,140.0,3.0,4.0,520000.0,2.0,COLINA Y ALREDEDORES,5,ENTRE 5 Y 10 ANOS,4.72,-74.08,USADO,,1,1,0,1,1,1,1,0,0,1,False,SUBA,S.C. NIZA NORTE,Suba - AV. Boyacá,455.58,1,PARQUE VECINAL AGRUPACIÓN DE VIVIENDA EN BALCON DE LINDARAJA,559.25,0,0.15,,0.67,0.75,0.0,,0.02,729.21,0.0
2748-M3510823,APARTAMENTO,VENTA,21.3,330.0,3.0,5.0,1120000.0,3.0,CERROS DE SUBA,6,REMODELADO,4.71,-74.08,USADO,,0,1,0,1,1,1,1,0,0,1,False,SUBA,S.C. CLUB DE LOS LAGARTOS,Niza - Calle 127,1302.59,0,PARQUE METROPOLITANO CEFE COMETAS,250.68,1,0.06,,1.0,0.6,0.0,,0.01,1309.0,0.0
3553-M4422512,APARTAMENTO,VENTA,20.47,102.0,2.0,3.0,880000.0,2.0,SANTA BARBARA,6,ENTRE 5 Y 10 ANOS,4.7,-74.05,USADO,,0,0,0,0,1,0,0,0,0,1,False,USAQUEN,SAN PATRICIO,Pepe Sierra,1084.57,0,PARQUE METROPOLITANO EL COUNTRY,1301.28,0,0.2,,1.0,0.67,0.0,,0.02,249.09,3.0
3614-M4664071,APARTAMENTO,VENTA,19.21,51.0,3.0,1.0,100000.0,1.0,FONTIBON TINTAL,3,ENTRE 10 Y 20 ANOS,4.68,-74.13,USADO,,0,0,0,0,0,1,0,0,0,1,False,FONTIBON,URB. LA ABADIA,Portal El Dorado,1419.29,0,PARQUE VECINAL VILLA HELENA VILLEMAR,1082.6,0,0.38,,0.33,3.0,0.0,,0.06,1225.8,0.0
11589-M4015011,APARTAMENTO,VENTA,19.58,38.0,1.0,2.0,250000.0,1.0,CHAPINERO ALTO,3,ENTRE 5 Y 10 ANOS,4.65,-74.06,USADO,,0,0,0,1,1,0,0,0,0,1,False,CHAPINERO,S.C. CHAPINERO CENTRAL,Calle 63,399.38,1,PARQUE ZONAL GUSTAVO URIBE BOTERO,1278.88,0,0.52,,1.0,0.5,0.0,,0.03,842.37,0.0
13674-M4154635,APARTAMENTO,VENTA,20.71,175.0,3.0,4.0,587000.0,2.0,COLINA Y ALREDEDORES,5,ENTRE 10 Y 20 ANOS,4.75,-74.07,USADO,,1,1,0,1,1,1,1,0,0,1,False,SUBA,S.C. GILMAR - LA SIRENA (PREDIO),21 Ángeles,1767.05,0,PARQUE ZONAL EL TOMILLAR,741.03,0,0.12,,0.67,0.75,0.0,,0.02,1343.69,0.0
3496-M4664405,APARTAMENTO,VENTA,19.27,66.0,3.0,2.0,10000.0,0.0,ENGATIVA,3,ENTRE 10 Y 20 ANOS,4.72,-74.13,USADO,,0,0,0,0,0,1,0,0,0,0,False,ENGATIVA,S.C. ENGATIVA EL DORADO,Portal 80,2588.88,0,PARQUE METROPOLITANO PLANTA DE TRATAMIENTO SALITRE,892.82,0,0.29,,0.0,1.5,0.0,,0.05,2375.44,0.0
3576-M4745074,APARTAMENTO,VENTA,19.9,67.0,3.0,2.0,309000.0,1.0,COLINA Y ALREDEDORES,5,MAS DE 20 ANOS,4.73,-74.06,USADO,,0,0,0,1,1,1,0,0,0,1,False,SUBA,URB. COLINA NORTE II ETAPA,Gratamira,1118.19,0,PARQUE VECINAL PRADO PINZÓN,1219.45,0,0.3,,0.33,1.5,0.0,,0.04,265.84,2.0
3496-M4663242,APARTAMENTO,VENTA,19.54,67.0,3.0,2.0,10000.0,1.0,CORTIJO AUTOPISTA MEDELLIN,3,ENTRE 10 Y 20 ANOS,4.73,-74.12,USADO,,0,0,0,0,0,1,0,0,0,0,False,ENGATIVA,EL_CORTIJO,Portal 80,2384.6,0,PARQUE METROPOLITANO PLANTA DE TRATAMIENTO SALITRE,219.98,1,0.29,,0.33,1.5,0.0,,0.04,2186.5,0.0
450-M2571632,APARTAMENTO,VENTA,20.91,193.0,3.0,4.0,611000.0,2.0,COLINA Y ALREDEDORES,5,ENTRE 10 Y 20 ANOS,4.74,-74.06,USADO,,1,1,0,1,1,1,1,0,0,1,False,SUBA,URB. LA SIRENA,Mazurén,1698.01,0,PARQUE VECINAL DESARROLLO CANTALEJO URBANIZACIÓN CANTALEJO MANZANA B,845.99,0,0.11,,0.67,0.75,0.0,,0.02,698.42,0.0
883-M4154368,APARTAMENTO,VENTA,20.31,99.0,3.0,2.0,405000.0,1.0,SALITRE MODELIA,5,ENTRE 5 Y 10 ANOS,4.66,-74.11,USADO,,1,0,0,1,1,1,1,0,0,1,False,FONTIBON,LA ESPERANZA NORTE,AV. Rojas,648.59,0,PARQUE VECINAL CARLOS LLERAS (EL FUEGO),441.23,1,0.21,,0.33,1.5,0.0,,0.03,753.02,0.0
3576-M4745139,APARTAMENTO,VENTA,20.5,103.0,3.0,3.0,422100.0,2.0,SALITRE MODELIA,4,MAS DE 20 ANOS,4.66,-74.11,USADO,,0,0,0,1,1,1,0,0,0,1,False,FONTIBON,CIUDAD SALITRE,AV. Rojas,496.03,1,PARQUE VECINAL CARLOS LLERAS (EL FUEGO),398.31,1,0.2,,0.67,1.0,0.0,,0.03,351.64,1.0
14876-M4709824,APARTAMENTO,VENTA,19.92,82.0,2.0,2.0,420000.0,1.0,COLINA Y ALREDEDORES,4,MAS DE 20 ANOS,4.72,-74.06,USADO,,0,0,0,0,0,1,0,0,0,1,False,SUBA,URB. IBERIA I ETAPA,Suba - AV. Boyacá,1078.63,0,PARQUE ZONAL LOS LACHES LA MINA,1362.69,0,0.24,,0.5,1.0,0.0,,0.02,375.47,1.0
3774-1735165,APARTAMENTO,VENTA,21.42,220.0,3.0,4.0,1300000.0,2.0,CEDRITOS,6,MAS DE 20 ANOS,4.72,-74.02,USADO,,0,0,0,0,0,0,0,0,0,0,False,USAQUEN,SIERRAS DEL MORAL,Calle 142,2988.76,0,PARQUE VECINAL NUEVA URBANIZACIÓN EL CEDRITO,1072.72,0,0.1,,0.67,0.75,0.0,,0.01,784.83,0.0
3774-I1903146,APARTAMENTO,VENTA,21.02,180.0,3.0,3.0,1200000.0,2.0,COUNTRY,6,ENTRE 10 Y 20 ANOS,4.72,-74.02,USADO,,0,1,0,1,1,1,0,0,0,1,False,USAQUEN,CIUDADELA REAL,Alcalá,3045.63,0,PARQUE VECINAL NUEVA URBANIZACIÓN EL CEDRITO,1315.77,0,0.12,,0.67,1.0,0.0,,0.02,524.4,0.0
11589-M4206357,APARTAMENTO,VENTA,20.86,120.0,2.0,3.0,836000.0,3.0,CHICO,6,ENTRE 0 Y 5 ANOS,4.66,-74.05,USADO,,0,1,0,1,1,1,0,0,0,1,False,CHAPINERO,LOS ROSALES,Calle 72,1448.73,0,PARQUE ZONAL GUSTAVO URIBE BOTERO,839.39,0,0.17,,1.5,0.67,0.0,,0.02,709.1,0.0
2748-M4314597,APARTAMENTO,VENTA,20.44,111.0,3.0,2.0,585000.0,2.0,NIZA ALHAMBRA,5,ENTRE 5 Y 10 ANOS,4.71,-74.07,USADO,,0,1,0,1,1,1,1,0,0,1,False,SUBA,S.C. BATAN,Humedal Córdoba,368.86,1,PARQUE ZONAL LOS LACHES LA MINA,595.92,0,0.18,,0.67,1.5,0.0,,0.03,594.96,0.0
874-M4744922,APARTAMENTO,VENTA,19.94,101.0,4.0,3.0,430900.0,1.0,CEDRITOS,4,MAS DE 20 ANOS,4.72,-74.04,USADO,,0,0,0,0,1,1,0,0,0,1,False,USAQUEN,CEDRITOS,Calle 142,1578.82,0,PARQUE VECINAL NUEVA URBANIZACIÓN EL CEDRITO,435.2,1,0.2,,0.25,1.33,0.0,,0.04,253.8,1.0
2359-M3852566,APARTAMENTO,VENTA,21.82,232.0,3.0,5.0,1775000.0,4.0,CHICO,6,ENTRE 5 Y 10 ANOS,4.67,-74.05,USADO,,0,1,0,0,1,0,0,0,0,0,False,CHAPINERO,LA CABRERA,Calle 85,1463.41,0,PARQUE VECINAL URBANIZACIÓN LA CABRERA,414.76,1,0.09,,1.33,0.6,0.0,,0.01,400.85,1.0
2359-M4035620,APARTAMENTO,VENTA,21.41,212.0,3.0,5.0,1551000.0,2.0,CHICO,6,MAS DE 20 ANOS,4.66,-74.05,USADO,,0,1,0,1,0,1,1,0,0,0,False,CHAPINERO,BOSQUE EL RETIRO I SECTOR,Calle 76 - San Felipe,1651.58,0,PARQUE ZONAL SAN ANDRÉS,701.19,0,0.1,,0.67,0.6,0.0,,0.01,853.23,0.0
2559-M4710740,APARTAMENTO,VENTA,20.95,189.0,3.0,3.0,1350000.0,2.0,CERROS DE SUBA,6,MAS DE 20 ANOS,4.71,-74.08,USADO,,0,1,0,0,1,0,0,0,0,1,False,SUBA,URB. MONTE VERDE Y COLINA LINDA,Niza - Calle 127,1363.68,0,PARQUE METROPOLITANO CEFE COMETAS,511.51,0,0.11,,0.67,1.0,0.0,,0.02,1348.74,0.0
5161-M4519758,APARTAMENTO,VENTA,20.25,136.0,3.0,4.0,550000.0,2.0,CEDRITOS,4,ENTRE 10 Y 20 ANOS,4.73,-74.05,USADO,,0,1,0,0,1,1,0,0,0,1,False,USAQUEN,LOS CEDRITOS,Calle 142,236.46,1,PARQUE VECINAL PRADO PINZÓN,606.85,0,0.15,,0.67,0.75,0.0,,0.02,846.72,0.0
10278-M4471547,APARTAMENTO,VENTA,20.18,77.15,3.0,2.0,450000.0,1.0,COLINA Y ALREDEDORES,5,ENTRE 5 Y 10 ANOS,4.74,-74.06,USADO,,0,0,0,1,0,1,1,0,0,1,False,SUBA,CAMPOS DE SILENCIO,Calle 161,783.85,0,PARQUE VECINAL DESARROLLO CANTALEJO URBANIZACIÓN CANTALEJO MANZANA B,345.65,1,0.26,,0.33,1.5,0.0,,0.04,1579.51,0.0
10278-M3823038,APARTAMENTO,VENTA,20.99,189.86,5.0,5.0,967000.0,2.0,SANTA BARBARA,6,MAS DE 20 ANOS,4.7,-74.04,USADO,,0,0,0,0,0,1,0,0,0,1,False,USAQUEN,SAN PATRICIO,Pepe Sierra,1299.35,0,PARQUE METROPOLITANO EL COUNTRY,1206.53,0,0.11,,0.4,1.0,0.0,,0.03,421.24,1.0
10278-M3849809,APARTAMENTO,VENTA,20.15,55.13,1.0,2.0,285000.0,1.0,CHICO,6,ENTRE 5 Y 10 ANOS,4.67,-74.05,USADO,,0,0,0,1,1,1,0,0,0,1,False,CHAPINERO,S.C. EL CHICO,Virrey,808.16,0,PARQUE ZONAL CANAL EL VIRREY EL CHICO,214.19,1,0.37,,1.0,0.5,0.0,,0.02,242.95,3.0
5044-M4436683,APARTAMENTO,VENTA,20.35,134.0,3.0,3.0,640000.0,2.0,COUNTRY,5,ENTRE 10 Y 20 ANOS,4.72,-74.04,USADO,,0,0,0,1,0,0,0,0,0,1,True,USAQUEN,NUEVO COUNTRY,Alcalá,1130.67,0,PARQUE VECINAL NUEVA URBANIZACIÓN EL CEDRITO,1139.02,0,0.15,,0.67,1.0,0.0,,0.02,544.04,0.0
10278-M3743293,APARTAMENTO,VENTA,19.69,59.0,3.0,2.0,376300.0,1.0,ORQUIDEAS,4,ENTRE 0 Y 5 ANOS,4.75,-74.03,USADO,,0,0,0,1,1,1,1,0,0,1,False,USAQUEN,EL REDIL,Portal Norte,2006.61,0,PARQUE VECINAL URBANIZACIÓN CALLE 170 / ALAMEDA,1141.58,0,0.33,,0.33,1.5,0.0,,0.05,1077.21,0.0
10278-M3242483,APARTAMENTO,VENTA,20.7,157.0,3.0,3.0,750000.0,2.0,SANTA BARBARA,6,ENTRE 10 Y 20 ANOS,4.7,-74.05,USADO,,0,0,0,1,1,1,0,0,0,1,True,USAQUEN,SANTA BARBARA OCCIDENTAL,Calle 127,91.75,1,PARQUE ZONAL ATABANZA,735.39,0,0.13,,0.67,1.0,0.0,,0.02,96.54,5.0
10278-M3789492,APARTAMENTO,VENTA,20.23,101.49,3.0,2.0,570000.0,1.0,SANTA BARBARA,5,MAS DE 20 ANOS,4.7,-74.05,USADO,,0,1,0,0,0,1,0,0,0,1,False,USAQUEN,SAN PATRICIO,Pepe Sierra,698.05,0,PARQUE METROPOLITANO EL COUNTRY,1361.69,0,0.2,,0.33,1.5,0.0,,0.03,145.06,3.0
2456-M4035820,APARTAMENTO,VENTA,20.18,107.0,3.0,2.0,500000.0,2.0,COLINA Y ALREDEDORES,5,ENTRE 10 Y 20 ANOS,4.73,-74.06,USADO,,0,0,0,1,1,1,0,0,0,1,False,SUBA,URB. ATENAS,Gratamira,1117.55,0,PARQUE VECINAL PRADO PINZÓN,1265.04,0,0.19,,0.67,1.5,0.0,,0.03,173.94,2.0
14655-M4081019,APARTAMENTO,VENTA,19.99,106.0,3.0,2.0,390000.0,1.0,NIZA ALHAMBRA,5,MAS DE 20 ANOS,4.7,-74.06,USADO,,0,0,0,0,1,1,0,0,0,1,False,SUBA,LA ALHAMBRA SECTOR SUR,Pepe Sierra,310.34,1,PARQUE ZONAL CANAL CORDOBA,846.41,0,0.19,,0.33,1.5,0.0,,0.03,847.01,0.0
10278-M3497337,APARTAMENTO,VENTA,20.3,145.0,3.0,2.0,768000.0,2.0,CHICO,6,MAS DE 20 ANOS,4.68,-74.05,USADO,,0,0,0,0,1,0,0,0,0,1,False,CHAPINERO,S.C. CHICO NORTE III SECTOR,Calle 100 - Marketmedios,614.97,0,PARQUE VECINAL URBANIZACIÓN NORMANDIA I II II Y IV SECTOR,738.58,0,0.14,,0.67,1.5,0.0,,0.02,122.73,2.0
2510-M4709322,APARTAMENTO,VENTA,19.92,79.0,2.0,2.0,629600.0,2.0,COUNTRY,5,ENTRE 10 Y 20 ANOS,4.72,-74.05,USADO,,0,1,0,0,1,0,0,0,0,1,False,USAQUEN,LOS CEDROS,Alcalá,169.83,1,PARQUE VECINAL PRADO PINZÓN,725.43,0,0.25,,1.0,1.0,0.0,,0.03,345.69,1.0
3437-M3556360,APARTAMENTO,VENTA,19.79,51.9,2.0,1.0,450000.0,1.0,CHICO,6,MAS DE 20 ANOS,4.66,-74.05,USADO,,0,1,0,0,1,0,0,0,0,1,False,CHAPINERO,S.C. EL NOGAL,Calle 76 - San Felipe,976.76,0,PARQUE ZONAL SAN ANDRÉS,386.7,1,0.38,,0.5,2.0,0.0,,0.04,564.37,0.0
10278-M4519113,APARTAMENTO,VENTA,19.86,59.54,2.0,2.0,178000.0,1.0,CHAPINERO ALTO,4,ENTRE 10 Y 20 ANOS,4.64,-74.06,USADO,,0,0,0,0,0,1,0,0,0,1,False,CHAPINERO,S.C. CHAPINERO CENTRAL,Calle 57,384.96,1,PARQUE ZONAL GUSTAVO URIBE BOTERO,1351.51,0,0.33,,0.5,1.0,0.0,,0.03,914.37,0.0
11369-M4711588,APARTAMENTO,VENTA,19.97,98.0,4.0,2.0,463000.0,2.0,COLINA Y ALREDEDORES,5,MAS DE 20 ANOS,4.72,-74.06,USADO,,0,1,0,1,0,0,0,0,0,1,False,SUBA,URB. IBERIA III SECTOR,Suba - AV. Boyacá,1247.43,0,PARQUE VECINAL PRADO PINZÓN,1281.25,0,0.2,,0.5,2.0,0.0,,0.04,364.64,1.0
10278-M4519172,APARTAMENTO,VENTA,19.94,63.92,3.0,2.0,191000.0,1.0,CHAPINERO ALTO,4,ENTRE 10 Y 20 ANOS,4.64,-74.06,USADO,,0,0,0,0,0,1,0,0,0,1,False,CHAPINERO,S.C. CHAPINERO CENTRAL,Calle 57,384.96,1,PARQUE ZONAL GUSTAVO URIBE BOTERO,1351.51,0,0.31,,0.33,1.5,0.0,,0.05,914.37,0.0
72-M4466372,APARTAMENTO,VENTA,19.92,51.5,1.0,2.0,400000.0,1.0,CHICO,6,ENTRE 10 Y 20 ANOS,4.68,-74.05,USADO,,0,0,0,0,1,0,0,0,0,1,False,CHAPINERO,S.C. EL CHICO,Virrey,555.5,0,PARQUE ZONAL CANAL EL VIRREY EL CHICO,309.16,1,0.39,,1.0,0.5,0.0,,0.02,297.33,2.0
11369-M4154962,APARTAMENTO,VENTA,20.07,109.0,2.0,3.0,610000.0,2.0,,5,MAS DE 20 ANOS,4.7,-74.07,USADO,,0,1,0,0,1,0,0,0,0,1,False,SUBA,PUENTE LARGO III SECTOR,Suba - Calle 116,294.81,1,PARQUE ZONAL MORATO,519.83,0,0.18,,1.0,0.67,0.0,,0.02,553.93,0.0
10278-M4618596,APARTAMENTO,VENTA,19.11,20.11,1.0,1.0,250000.0,0.0,COUNTRY,5,ENTRE 0 Y 5 ANOS,4.72,-74.04,USADO,,0,0,0,1,0,1,0,0,0,1,False,USAQUEN,NUEVO COUNTRY,Alcalá,1247.3,0,PARQUE VECINAL NUEVA URBANIZACIÓN EL CEDRITO,1088.01,0,0.95,,0.0,1.0,0.0,,0.05,480.64,1.0
11369-M3201067,APARTAMENTO,VENTA,20.96,231.0,3.0,4.0,750000.0,3.0,SANTA BARBARA,6,ENTRE 10 Y 20 ANOS,4.69,-74.05,USADO,,0,1,0,0,1,0,0,0,0,1,False,USAQUEN,SANTA BIBIANA,Calle 106,816.87,0,PARQUE VECINAL URBANIZACIÓN NORMANDIA I II II Y IV SECTOR,1861.53,0,0.09,,1.0,0.75,0.0,,0.01,341.91,1.0
11369-M4566509,APARTAMENTO,VENTA,19.64,51.0,1.0,2.0,370000.0,1.0,CEDRITOS,4,ENTRE 5 Y 10 ANOS,4.72,-74.03,USADO,,0,0,0,0,0,1,0,0,0,1,False,USAQUEN,LAS_ACACIAS,Calle 142,2104.62,0,PARQUE VECINAL NUEVA URBANIZACIÓN EL CEDRITO,185.05,1,0.39,,1.0,0.5,0.0,,0.02,736.88,0.0
2214-M4617860,APARTAMENTO,VENTA,20.03,94.0,2.0,3.0,660000.0,2.0,COUNTRY,5,ENTRE 5 Y 10 ANOS,4.72,-74.05,USADO,,0,0,0,0,1,0,0,0,0,1,False,USAQUEN,EL CONTADOR,Alcalá,722.65,0,PARQUE VECINAL PRADO PINZÓN,1270.08,0,0.21,,1.0,0.67,0.0,,0.02,275.61,1.0
11369-M4617498,APARTAMENTO,VENTA,20.67,153.0,3.0,5.0,1200000.0,2.0,,6,ENTRE 5 Y 10 ANOS,4.71,-74.08,USADO,,0,1,0,1,0,1,0,0,0,1,False,SUBA,S.C. CLUB DE LOS LAGARTOS,Niza - Calle 127,973.92,0,PARQUE METROPOLITANO CEFE COMETAS,349.77,1,0.14,,0.67,0.6,0.0,,0.02,980.57,0.0
3436-1545304,APARTAMENTO,VENTA,19.81,100.0,2.0,3.0,495000.0,2.0,NIZA ALHAMBRA,5,ENTRE 10 Y 20 ANOS,4.69,-74.06,USADO,,0,1,0,0,1,0,0,0,0,1,False,SUBA,S.C. PASADENA,Calle 106,533.32,0,PARQUE ZONAL CANAL CORDOBA,970.81,0,0.2,,1.0,0.67,0.0,,0.02,765.14,0.0
2529-M4485570,APARTAMENTO,VENTA,20.32,102.0,3.0,3.0,390000.0,2.0,CEDRITOS,4,ENTRE 10 Y 20 ANOS,4.72,-74.03,USADO,,0,0,0,1,1,1,0,0,0,1,False,USAQUEN,LAS_ACACIAS,Calle 142,2577.92,0,PARQUE VECINAL NUEVA URBANIZACIÓN EL CEDRITO,668.06,0,0.2,,0.67,1.0,0.0,,0.03,641.2,0.0
2529-M4710272,APARTAMENTO,VENTA,19.45,60.0,2.0,3.0,225000.0,1.0,FONTIBON TINTAL,3,ENTRE 10 Y 20 ANOS,4.67,-74.14,USADO,,0,0,0,1,1,1,0,0,0,1,False,FONTIBON,URB. PRADO GRANDE,Modelia,2321.82,0,PARQUE VECINAL VILLA HELENA VILLEMAR,745.67,0,0.32,,0.5,0.67,0.0,,0.03,607.47,0.0
59-M4350262,APARTAMENTO,VENTA,20.34,138.72,3.0,3.0,800000.0,2.0,SANTA BARBARA,6,MAS DE 20 ANOS,4.7,-74.04,USADO,,0,1,0,0,1,1,0,0,0,1,False,USAQUEN,SANTA BARBARA CENTRAL II,Calle 127,2041.4,0,PARQUE METROPOLITANO EL COUNTRY,382.39,1,0.15,,0.67,1.0,0.0,,0.02,660.45,0.0
59-M4710981,APARTAMENTO,VENTA,20.56,137.0,3.0,3.0,550000.0,1.0,NICOLAS DE FEDERMAN,5,MAS DE 20 ANOS,4.65,-74.1,USADO,,1,1,0,0,1,0,0,0,0,1,False,TEUSAQUILLO,EL_SALITRE,Salitre - El Greco,144.64,1,PARQUE VECINAL URBANIZACIÓN SALITRE (GRECO),112.49,1,0.15,,0.33,1.0,0.0,,0.02,459.78,4.0
2529-M4710551,APARTAMENTO,VENTA,19.58,46.0,3.0,2.0,3921395.93,1.0,,4,ENTRE 0 Y 5 ANOS,4.65,-74.13,USADO,,0,0,0,1,1,1,1,0,0,1,False,FONTIBON,S.C INTERINDUSTRIAL,AV. Américas - AV. Boyacá,2437.46,0,PARQUE VECINAL VILLA ALSACIA,866.47,0,0.43,,0.33,1.5,0.0,,0.07,762.8,0.0
384-M4745407,APARTAMENTO,VENTA,19.49,55.0,2.0,2.0,199000.0,1.0,COLINA Y ALREDEDORES,4,ENTRE 10 Y 20 ANOS,4.74,-74.06,USADO,,0,0,0,0,0,0,0,0,0,0,False,SUBA,GILMAR II,Calle 161,1486.68,0,PARQUE VECINAL DESARROLLO CANTALEJO URBANIZACIÓN CANTALEJO MANZANA B,420.46,1,0.35,,0.5,1.0,0.0,,0.04,1280.95,0.0
614-M4709368,APARTAMENTO,VENTA,20.26,115.0,3.0,3.0,791000.0,2.0,NIZA ALHAMBRA,5,ENTRE 10 Y 20 ANOS,4.69,-74.06,USADO,,0,0,0,0,1,1,0,0,0,1,False,SUBA,S.C. PASADENA,Calle 106,546.2,0,PARQUE ZONAL CANAL CORDOBA,979.52,0,0.18,,0.67,1.0,0.0,,0.03,739.6,0.0
399-M3494848,APARTAMENTO,VENTA,20.86,187.0,3.0,5.0,980000.0,3.0,SANTA BARBARA,6,MAS DE 20 ANOS,4.69,-74.05,USADO,,0,1,0,1,1,0,0,0,0,1,False,USAQUEN,SANTA BIBIANA,Calle 106,640.68,0,PARQUE VECINAL URBANIZACIÓN NORMANDIA I II II Y IV SECTOR,1494.47,0,0.11,,1.0,0.6,0.0,,0.02,586.44,0.0
72-M4502375,APARTAMENTO,VENTA,20.34,86.0,2.0,3.0,540000.0,1.0,NIZA ALHAMBRA,4,ENTRE 0 Y 5 ANOS,4.71,-74.08,USADO,,0,0,0,1,1,0,0,0,0,1,True,SUBA,NIZA SUR,Humedal Córdoba,704.6,0,PARQUE ZONAL LOS LACHES LA MINA,727.68,0,0.24,,0.5,0.67,0.0,,0.02,726.91,0.0
384-M4074899,APARTAMENTO,VENTA,19.7,72.0,3.0,2.0,461000.0,2.0,NIZA ALHAMBRA,5,MAS DE 20 ANOS,4.7,-74.06,USADO,,0,0,0,0,0,0,0,0,0,0,False,SUBA,LA ALHAMBRA SECTOR NORTE,Suba - Calle 116,757.61,0,PARQUE ZONAL CANAL CORDOBA,189.54,1,0.27,,0.67,1.5,0.0,,0.04,1244.23,0.0
10278-M4313847,APARTAMENTO,VENTA,20.39,127.0,3.0,3.0,500000.0,2.0,COLINA Y ALREDEDORES,5,ENTRE 5 Y 10 ANOS,4.72,-74.07,USADO,,0,1,0,1,1,1,1,0,0,1,False,SUBA,CIUDAD JARDIN NORTE,Suba - AV. Boyacá,195.52,1,PARQUE VECINAL AGRUPACIÓN DE VIVIENDA EN BALCON DE LINDARAJA,1019.52,0,0.16,,0.67,1.0,0.0,,0.02,1022.53,0.0
614-M4449028,APARTAMENTO,VENTA,20.05,92.0,2.0,2.0,825000.0,1.0,,4,MAS DE 20 ANOS,4.64,-74.06,USADO,,0,1,0,1,1,1,0,0,0,1,False,CHAPINERO,S.C. LA SALLE,Calle 57,764.52,0,PARQUE ZONAL GUSTAVO URIBE BOTERO,1053.69,0,0.22,,0.5,1.0,0.0,,0.02,969.66,0.0
10278-M4313815,APARTAMENTO,VENTA,21.22,203.55,3.0,4.0,3921395.93,3.0,COUNTRY,6,ENTRE 10 Y 20 ANOS,4.71,-74.03,USADO,,0,1,0,1,1,1,0,0,0,1,False,USAQUEN,BOSQUES DE MEDINA,Prado,3080.5,0,PARQUE METROPOLITANO EL COUNTRY,1668.39,0,0.1,,1.0,0.75,0.0,,0.01,672.3,0.0
14255-M4710626,APARTAMENTO,VENTA,19.57,50.0,2.0,2.0,212600.0,1.0,ENGATIVA,4,ENTRE 5 Y 10 ANOS,4.68,-74.1,USADO,,0,0,0,1,1,1,1,0,0,0,False,ENGATIVA,S.C. BOYACA,Minuto de Dios,1743.11,0,PARQUE VECINAL URBANIZACIÓN LA EUROPA,185.67,1,0.39,,0.5,1.0,0.0,,0.04,1482.13,0.0
2671-11101,APARTAMENTO,VENTA,21.37,311.74,4.0,5.0,1077400.0,3.0,CEDRITOS,6,MAS DE 20 ANOS,4.72,-74.03,USADO,,0,1,0,1,1,1,0,0,0,1,True,USAQUEN,CEDRITOS,Alcalá,2009.01,0,PARQUE VECINAL NUEVA URBANIZACIÓN EL CEDRITO,370.72,1,0.07,,0.75,0.8,0.0,,0.01,464.81,1.0
5161-M4421732,APARTAMENTO,VENTA,19.99,93.0,3.0,2.0,350000.0,2.0,COLINA Y ALREDEDORES,4,ENTRE 10 Y 20 ANOS,4.74,-74.07,USADO,,0,0,0,1,1,1,0,0,0,1,False,SUBA,CASABLANCA (HACIENDA),21 Ángeles,1535.42,0,PARQUE ZONAL EL TOMILLAR,552.63,0,0.21,,0.67,1.5,0.0,,0.03,848.23,0.0
4278-M4742387,APARTAMENTO,VENTA,20.03,100.05,3.0,3.0,347000.0,2.0,ORQUIDEAS,3,ENTRE 10 Y 20 ANOS,4.55,-74.14,USADO,,0,0,0,1,1,1,0,0,0,1,False,CIUDAD BOLIVAR,LA_ALAMEDA,Consuelo,1780.63,0,PARQUE VECINAL DESARROLLO DOMINGO LAIN II,531.59,0,0.2,,0.67,1.0,0.0,,0.03,3067.98,0.0
3774-M2138682,APARTAMENTO,VENTA,21.42,220.0,3.0,4.0,1250000.0,2.0,CEDRITOS,6,MAS DE 20 ANOS,4.72,-74.03,USADO,,0,1,0,0,1,1,0,0,0,1,False,USAQUEN,SIERRAS DEL MORAL,Alcalá,2906.87,0,PARQUE VECINAL NUEVA URBANIZACIÓN EL CEDRITO,1008.19,0,0.1,,0.67,0.75,0.0,,0.01,644.71,0.0
5161-M4421740,APARTAMENTO,VENTA,21.31,248.0,3.0,5.0,1500000.0,3.0,SANTA BARBARA,6,ENTRE 10 Y 20 ANOS,4.69,-74.05,USADO,,0,0,0,0,1,1,0,0,0,1,False,USAQUEN,SANTA BIBIANA,Calle 106,818.44,0,PARQUE VECINAL URBANIZACIÓN NORMANDIA I II II Y IV SECTOR,1621.59,0,0.09,,1.0,0.6,0.0,,0.01,566.68,0.0
614-M4528369,APARTAMENTO,VENTA,20.45,134.0,4.0,5.0,534000.0,2.0,CEDRITOS,4,ENTRE 5 Y 10 ANOS,4.72,-74.04,USADO,,0,0,0,1,1,1,1,0,0,1,False,USAQUEN,CEDRITOS,Calle 142,1240.89,0,PARQUE VECINAL NUEVA URBANIZACIÓN EL CEDRITO,716.78,0,0.15,,0.5,0.8,0.0,,0.03,465.63,1.0
10123-M3070861,APARTAMENTO,VENTA,20.57,117.0,3.0,4.0,1400000.0,2.0,SANTA BARBARA,6,ENTRE 5 Y 10 ANOS,4.7,-74.05,USADO,,0,0,0,0,1,1,0,0,0,1,False,USAQUEN,SAN PATRICIO,Pepe Sierra,706.82,0,PARQUE METROPOLITANO EL COUNTRY,1509.72,0,0.18,,0.67,0.75,0.0,,0.03,110.82,3.0
770-M3366300,APARTAMENTO,VENTA,21.09,205.0,3.0,4.0,1000000.0,2.0,CHICO,6,ENTRE 10 Y 20 ANOS,4.67,-74.05,USADO,,0,0,0,0,1,0,0,0,0,1,False,CHAPINERO,EL RETIRO - VILLA ANDINA,Héroes - Gel´Hada,870.74,0,PARQUE ZONAL SAN ANDRÉS,145.79,1,0.1,,0.67,0.75,0.0,,0.01,62.77,5.0
675-M2360498,APARTAMENTO,VENTA,20.87,200.0,4.0,4.0,800000.0,3.0,SANTA BARBARA,6,MAS DE 20 ANOS,4.7,-74.04,USADO,,0,0,0,0,1,0,0,0,0,1,False,USAQUEN,SANTA BARBARA CENTRAL I SECTOR,Calle 127,1385.59,0,PARQUE METROPOLITANO EL COUNTRY,667.85,0,0.1,,0.75,1.0,0.0,,0.02,329.24,1.0
482-M4710724,APARTAMENTO,VENTA,19.92,93.5,3.0,2.0,420800.0,2.0,COLINA Y ALREDEDORES,5,ENTRE 10 Y 20 ANOS,4.73,-74.07,USADO,,1,0,0,1,1,1,0,0,0,1,False,SUBA,URB. LA ZERREZUELA,Gratamira,598.21,0,PARQUE ZONAL EL TOMILLAR,1153.3,0,0.21,,0.67,1.5,0.0,,0.03,482.5,1.0
920-M4518468,APARTAMENTO,VENTA,21.16,270.0,4.0,5.0,1417900.0,3.0,CERROS DE SUBA,6,ENTRE 10 Y 20 ANOS,4.73,-74.08,USADO,,1,1,0,1,1,0,0,0,0,1,False,SUBA,NIZA SUBA - EL PINAR,Gratamira,146.02,1,PARQUE VECINAL AGRUPACIÓN DE VIVIENDA EN BALCON DE LINDARAJA,1420.03,0,0.08,,0.75,0.8,0.0,,0.01,1214.46,0.0
72-M4577609,APARTAMENTO,VENTA,20.24,106.0,3.0,3.0,370000.0,2.0,COLINA Y ALREDEDORES,4,ENTRE 10 Y 20 ANOS,4.74,-74.07,USADO,,1,1,0,1,1,1,1,0,0,1,False,SUBA,BURGOS BRITALIA,21 Ángeles,1867.68,0,PARQUE ZONAL EL TOMILLAR,834.73,0,0.19,,0.67,1.0,0.0,,0.03,1329.39,0.0
384-M4743989,APARTAMENTO,VENTA,19.38,64.0,3.0,1.0,175000.0,0.0,CORTIJO AUTOPISTA MEDELLIN,3,MAS DE 20 ANOS,4.73,-74.12,USADO,,0,0,0,0,0,0,0,0,0,0,False,ENGATIVA,CIUDADELA COLSUBSIDIO 4 SECTOR,Portal 80,2674.1,0,PARQUE VECINAL URBANIZACIÓN NUEVA TIBABUYES 1,1115.4,0,0.3,,0.0,3.0,0.0,,0.05,2520.15,0.0
384-M4710112,APARTAMENTO,VENTA,19.79,90.0,3.0,2.0,196000.0,1.0,CASTILLA MARSELLA,3,ENTRE 0 Y 5 ANOS,4.65,-74.15,USADO,,0,0,0,0,0,0,0,0,0,0,False,KENNEDY,S.C. TINTALA,Biblioteca Tintal,1278.94,0,PARQUE METROPOLITANO BIBLIOTECA EL TINTAL,479.95,1,0.22,,0.33,1.5,0.0,,0.03,2575.62,0.0
384-M4077853,APARTAMENTO,VENTA,19.97,90.0,3.0,2.0,350000.0,2.0,COLINA Y ALREDEDORES,4,ENTRE 10 Y 20 ANOS,4.74,-74.06,USADO,,0,0,0,0,0,0,0,0,0,0,False,SUBA,CASABLANCA (HACIENDA),Calle 161,1838.54,0,PARQUE VECINAL DESARROLLO CANTALEJO URBANIZACIÓN CANTALEJO MANZANA B,786.03,0,0.22,,0.67,1.5,0.0,,0.03,988.62,0.0
384-M4709967,APARTAMENTO,VENTA,19.45,51.0,1.0,1.0,50000.0,1.0,ORQUIDEAS,4,ENTRE 5 Y 10 ANOS,4.75,-74.02,USADO,,0,0,0,0,0,0,0,0,0,0,False,USAQUEN,SANTA TERESA,Toberin - Foundever,2531.41,0,PARQUE ZONAL SERVITA,370.35,1,0.38,,1.0,1.0,0.0,,0.02,1350.09,0.0
11013-M4743579,APARTAMENTO,VENTA,21.64,372.0,3.0,3.0,2066000.0,4.0,SANTA BARBARA,6,ENTRE 10 Y 20 ANOS,4.69,-74.05,USADO,,0,1,0,1,1,0,0,0,0,1,False,USAQUEN,SANTA BIBIANA,Calle 100 - Marketmedios,917.98,0,PARQUE VECINAL URBANIZACIÓN NORMANDIA I II II Y IV SECTOR,1437.66,0,0.06,,1.33,1.0,0.0,,0.01,340.28,2.0
3606-M4586434,APARTAMENTO,VENTA,19.97,90.0,3.0,2.0,463000.0,2.0,COLINA Y ALREDEDORES,5,MAS DE 20 ANOS,4.72,-74.06,USADO,,0,0,0,1,1,1,0,0,0,1,False,SUBA,PRADO VERANIEGO NORTE - LA HACIENDA,Suba - AV. Boyacá,1189.37,0,PARQUE VECINAL PRADO PINZÓN,1264.62,0,0.22,,0.67,1.5,0.0,,0.03,292.19,1.0
11013-M4710114,APARTAMENTO,VENTA,20.7,122.16,2.0,3.0,600000.0,2.0,SANTA BARBARA,6,ENTRE 5 Y 10 ANOS,4.7,-74.03,USADO,,0,0,0,1,1,1,1,0,0,1,False,USAQUEN,SANTA BARBARA ORIENTAL,Calle 127,2825.07,0,PARQUE METROPOLITANO EL COUNTRY,1117.75,0,0.17,,1.0,0.67,0.0,,0.02,624.23,0.0
399-M4697932,APARTAMENTO,VENTA,20.23,123.5,3.0,4.0,368000.0,2.0,CEDRITOS,5,ENTRE 10 Y 20 ANOS,4.73,-74.03,USADO,,0,0,0,1,1,1,1,0,0,1,False,USAQUEN,EL MORAL,Mazurén,2057.78,0,PARQUE ZONAL ALTA BLANCA,442.92,1,0.16,,0.67,0.75,0.0,,0.02,201.09,1.0
4498-M4504033,APARTAMENTO,VENTA,20.56,151.0,3.0,3.0,630000.0,2.0,COLINA Y ALREDEDORES,4,ENTRE 5 Y 10 ANOS,4.72,-74.06,USADO,,0,1,0,1,1,1,0,0,0,1,False,SUBA,SAN RAFAEL NORTE,Alcalá,1038.99,0,PARQUE VECINAL PRADO PINZÓN,693.88,0,0.14,,0.67,1.0,0.0,,0.02,335.23,1.0
3496-M4663232,APARTAMENTO,VENTA,19.3,66.0,3.0,1.0,10000.0,1.0,ENGATIVA,3,MAS DE 20 ANOS,4.7,-74.11,USADO,,0,0,0,0,0,1,0,0,0,0,False,ENGATIVA,FLORENCIA II SECTOR,Carrera 90,408.52,1,PARQUE VECINAL FLORENCIA LOS TRONQUITOS AGRUPACIÓN DE VIVIENDA FLORENCIA II SECTOR,116.83,1,0.29,,0.33,3.0,0.0,,0.05,947.46,0.0
5161-M4421733,APARTAMENTO,VENTA,20.35,134.0,3.0,4.0,700000.0,2.0,COUNTRY,5,ENTRE 10 Y 20 ANOS,4.72,-74.05,USADO,,0,0,0,0,1,1,0,0,0,1,False,USAQUEN,LOS CEDROS,Alcalá,314.14,1,PARQUE VECINAL PRADO PINZÓN,922.88,0,0.15,,0.67,0.75,0.0,,0.02,314.91,1.0
2671-M4730688,APARTAMENTO,VENTA,21.34,235.0,3.0,4.0,1200000.0,3.0,CERROS DE SUBA,6,ENTRE 10 Y 20 ANOS,4.72,-74.08,USADO,,0,1,0,0,1,1,1,0,0,1,False,SUBA,S.C. NIZA SUBA,Gratamira,361.95,1,PARQUE VECINAL AGRUPACIÓN DE VIVIENDA EN BALCON DE LINDARAJA,1175.56,0,0.09,,1.0,0.75,0.0,,0.01,1357.35,0.0
3496-M4664374,APARTAMENTO,VENTA,19.03,54.0,2.0,1.0,10000.0,0.0,ENGATIVA,3,ENTRE 5 Y 10 ANOS,4.72,-74.14,USADO,,0,0,0,0,0,1,0,0,0,0,False,ENGATIVA,VILLAS DE ALCALA - ALTAMIRA (HACIENDA),Portal 80,3122.67,0,PARQUE METROPOLITANO PLANTA DE TRATAMIENTO SALITRE,1312.8,0,0.35,,0.0,2.0,0.0,,0.04,2595.28,0.0
2444-M4381175,APARTAMENTO,VENTA,20.84,177.35,3.0,4.0,750000.0,2.0,NIZA ALHAMBRA,5,ENTRE 10 Y 20 ANOS,4.7,-74.07,USADO,,0,1,0,1,1,0,1,0,0,1,False,SUBA,URB. LAGOS DE CORDOBA,Suba - Calle 116,216.65,1,PARQUE ZONAL CANAL CORDOBA,449.32,1,0.12,,0.67,0.75,0.0,,0.02,822.1,0.0
874-M4744910,APARTAMENTO,VENTA,19.06,48.0,3.0,1.0,139700.0,0.0,FONTIBON TINTAL,3,ENTRE 0 Y 5 ANOS,4.68,-74.16,USADO,,0,0,0,0,1,1,0,0,0,1,False,FONTIBON,EL CHARCO,Portal El Dorado,3993.65,0,PARQUE ZONAL LA CONCORDIA,860.85,0,0.4,,0.0,3.0,0.0,,0.06,2253.11,0.0
399-M4081021,APARTAMENTO,VENTA,19.41,44.0,2.0,2.0,150000.0,1.0,CASTILLA MARSELLA,3,ENTRE 0 Y 5 ANOS,4.66,-74.16,USADO,,0,0,0,1,1,1,1,0,0,1,False,KENNEDY,S.C. OSORIO II - LA MAGDALENA CIUDAD TINTAL,Biblioteca Tintal,1907.33,0,PARQUE ZONAL SAN IGNACIO,387.6,1,0.44,,0.5,1.0,0.0,,0.05,3124.57,0.0
3487-M2694648,APARTAMENTO,VENTA,20.82,200.0,4.0,4.0,1500000.0,2.0,SANTA BARBARA,6,MAS DE 20 ANOS,4.69,-74.04,USADO,,0,1,0,0,1,0,0,0,0,1,False,USAQUEN,ESCUELA DE INFANTERIA,Calle 100 - Marketmedios,1643.02,0,PARQUE ZONAL CANAL EL VIRREY EL CHICO,1799.04,0,0.1,,0.5,1.0,0.0,,0.02,439.84,1.0
771-M4370704,APARTAMENTO,VENTA,21.25,212.0,4.0,4.0,920000.0,4.0,COUNTRY,5,MAS DE 20 ANOS,4.72,-74.05,USADO,,0,1,0,1,1,1,0,0,0,1,False,USAQUEN,LA CALLEJA SANTACOLOMA,Prado,508.49,0,PARQUE ZONAL ATABANZA,1286.02,0,0.1,,1.0,1.0,0.0,,0.02,614.58,0.0
2671-M4269585,APARTAMENTO,VENTA,21.67,251.0,3.0,4.0,1700000.0,3.0,CHICO,6,ENTRE 5 Y 10 ANOS,4.66,-74.05,USADO,,0,1,0,1,1,0,0,0,0,1,False,CHAPINERO,BOSQUE EL RETIRO I SECTOR,Héroes - Gel´Hada,1685.89,0,PARQUE ZONAL SAN ANDRÉS,705.31,0,0.09,,1.0,0.75,0.0,,0.01,841.45,0.0
2821-M4520296,APARTAMENTO,VENTA,20.54,231.0,4.0,3.0,425000.0,2.0,CHAPINERO ALTO,4,MAS DE 20 ANOS,4.65,-74.06,USADO,,0,1,0,0,0,1,0,0,0,0,False,CHAPINERO,S.C. CHAPINERO NORTE,Calle 63,526.08,0,PARQUE ZONAL GUSTAVO URIBE BOTERO,931.59,0,0.09,,0.5,1.33,0.0,,0.02,632.44,0.0
614-M4363930,APARTAMENTO,VENTA,21.0,125.0,3.0,4.0,518400.0,2.0,SALITRE MODELIA,4,MAS DE 20 ANOS,4.65,-74.11,USADO,,0,1,0,1,1,1,1,0,0,1,False,FONTIBON,CIUDAD SALITRE 3 A. ETAPA,El Tiempo - Maloka,987.26,0,PARQUE ZONAL SAUZALITO,503.3,0,0.17,,0.67,0.75,0.0,,0.02,393.98,2.0
614-M4147279,APARTAMENTO,VENTA,20.16,85.0,3.0,2.0,344000.0,2.0,COLINA Y ALREDEDORES,4,ENTRE 0 Y 5 ANOS,4.74,-74.07,USADO,,0,0,0,1,1,1,1,0,0,1,False,SUBA,EL CORTIJO (FINCA),Gratamira,1530.02,0,PARQUE ZONAL EL TOMILLAR,818.18,0,0.24,,0.67,1.5,0.0,,0.04,561.83,0.0
2671-M4489153,APARTAMENTO,VENTA,20.44,113.0,3.0,3.0,560000.0,2.0,CEDRITOS,4,ENTRE 5 Y 10 ANOS,4.73,-74.05,USADO,,0,1,0,1,1,1,0,0,0,1,False,USAQUEN,LOS CEDRITOS,Calle 142,389.29,1,PARQUE VECINAL PRADO PINZÓN,765.0,0,0.18,,0.67,1.0,0.0,,0.03,725.63,0.0
614-M4423449,APARTAMENTO,VENTA,20.28,99.0,3.0,3.0,450000.0,2.0,CEDRITOS,4,ENTRE 5 Y 10 ANOS,4.72,-74.03,USADO,,0,0,0,1,1,1,0,0,0,1,False,USAQUEN,ACACIAS USAQUEN,Calle 142,2013.96,0,PARQUE VECINAL NUEVA URBANIZACIÓN EL CEDRITO,163.13,1,0.2,,0.67,1.0,0.0,,0.03,568.14,0.0
5588-M4315409,APARTAMENTO,VENTA,20.86,185.0,3.0,4.0,1058000.0,3.0,COUNTRY,5,ENTRE 10 Y 20 ANOS,4.71,-74.05,USADO,,0,0,0,1,1,0,0,0,0,1,False,USAQUEN,LA CALLEJA,Calle 127,614.48,0,PARQUE ZONAL ATABANZA,942.88,0,0.11,,1.0,0.75,0.0,,0.02,275.35,5.0
5506-M4664577,APARTAMENTO,VENTA,19.72,76.0,3.0,2.0,180000.0,1.0,CASTILLA MARSELLA,3,ENTRE 5 Y 10 ANOS,4.64,-74.14,USADO,,0,0,0,1,1,1,0,0,0,1,False,KENNEDY,CASTILLA,Banderas,1267.97,0,PARQUE ZONAL CASTILLA,625.95,0,0.26,,0.33,1.5,0.0,,0.04,1782.31,0.0
10278-31104528,APARTAMENTO,VENTA,19.7,61.0,1.0,2.0,420000.0,0.0,SANTA BARBARA,6,ENTRE 10 Y 20 ANOS,4.69,-74.05,USADO,1830000.0,0,1,0,0,1,0,0,0,0,1,False,USAQUEN,SAN PATRICIO,Calle 106,662.62,0,PARQUE METROPOLITANO EL COUNTRY,1819.17,0,0.32,30000.0,0.0,0.5,0.0,4.36,0.02,305.26,2.0
10139-M4469434,APARTAMENTO,VENTA,20.61,152.0,3.0,3.0,1239000.0,2.0,CHICO,5,REMODELADO,4.68,-74.05,USADO,,0,0,0,0,1,0,0,0,0,1,False,CHAPINERO,S.C. CHICO NORTE III SECTOR,Calle 100 - Marketmedios,878.52,0,PARQUE ZONAL CANAL EL VIRREY EL CHICO,1090.53,0,0.14,,0.67,1.0,0.0,,0.02,192.29,3.0
2748-M2433908,APARTAMENTO,VENTA,21.09,170.0,3.0,5.0,650000.0,4.0,CERROS DE SUBA,6,ENTRE 0 Y 5 ANOS,4.72,-74.08,USADO,,1,1,0,1,1,1,1,0,0,1,False,SUBA,BELLOMONTE SUBA,Suba - AV. Boyacá,410.62,1,PARQUE VECINAL AGRUPACIÓN DE VIVIENDA EN BALCON DE LINDARAJA,870.11,0,0.12,,1.33,0.6,0.0,,0.02,1379.64,0.0
2571-M3847071,APARTAMENTO,VENTA,20.37,65.0,1.0,2.0,500000.0,2.0,CHICO,5,ENTRE 5 Y 10 ANOS,4.66,-74.06,USADO,,0,0,0,0,1,1,0,0,0,1,False,CHAPINERO,S.C. PORCIUNCULA,Calle 72,588.91,0,PARQUE ZONAL SAN ANDRÉS,925.72,0,0.31,,2.0,0.5,0.0,,0.02,142.66,4.0
3147-M4518938,APARTAMENTO,VENTA,20.34,77.0,3.0,2.0,380000.0,2.0,SALITRE MODELIA,4,ENTRE 10 Y 20 ANOS,4.64,-74.1,USADO,,0,0,0,0,1,1,0,0,0,0,False,TEUSAQUILLO,PRADOS DEL_SALITRE,Gobernación,855.42,0,PARQUE VECINAL SANTA CLARA,585.66,0,0.26,,0.67,1.5,0.0,,0.04,289.84,2.0
3222-M3105651,APARTAMENTO,VENTA,20.34,88.0,3.0,2.0,490000.0,1.0,SANTA BARBARA,5,MAS DE 20 ANOS,4.7,-74.05,USADO,,0,0,0,0,0,1,0,0,0,0,False,USAQUEN,SANTA BARBARA OCCIDENTAL,Pepe Sierra,280.3,1,PARQUE ZONAL ATABANZA,1114.44,0,0.23,,0.33,1.5,0.0,,0.03,555.85,0.0
2748-M4153255,APARTAMENTO,VENTA,20.95,157.0,3.0,4.0,450000.0,2.0,NIZA ALHAMBRA,5,ENTRE 5 Y 10 ANOS,4.71,-74.07,USADO,,0,1,0,1,1,1,1,0,0,0,False,SUBA,BATAN LOTE NIZA XII,Humedal Córdoba,359.11,1,PARQUE ZONAL CANAL CORDOBA,532.5,0,0.13,,0.67,0.75,0.0,,0.02,748.78,0.0
14237-M3373177,APARTAMENTO,VENTA,19.92,72.1,3.0,2.0,318200.0,1.0,CEDRITOS,4,ENTRE 10 Y 20 ANOS,4.73,-74.04,USADO,,0,0,0,1,1,1,0,0,0,1,False,USAQUEN,PARQUES DE LORENA,Mazurén,1411.37,0,PARQUE ZONAL LA VIDA,811.88,0,0.28,,0.33,1.5,0.0,,0.04,503.2,0.0
3496-M4664344,APARTAMENTO,VENTA,19.48,73.0,3.0,2.0,10000.0,0.0,CORTIJO AUTOPISTA MEDELLIN,3,ENTRE 10 Y 20 ANOS,4.73,-74.12,USADO,,0,0,0,0,0,1,0,0,0,0,False,ENGATIVA,CIUDADELA COLSUBSIDIO 4 SECTOR,Portal 80,2423.96,0,PARQUE METROPOLITANO PLANTA DE TRATAMIENTO SALITRE,1091.64,0,0.27,,0.0,1.5,0.0,,0.04,2272.84,0.0
771-M4371461,APARTAMENTO,VENTA,20.82,134.0,3.0,3.0,950000.0,2.0,SANTA BARBARA,6,ENTRE 10 Y 20 ANOS,4.69,-74.04,USADO,,0,1,0,0,1,1,0,0,0,1,False,USAQUEN,SANTA ANA OCCIDENTAL,Calle 106,2333.05,0,PARQUE METROPOLITANO EL COUNTRY,1950.89,0,0.16,,0.67,1.0,0.0,,0.02,399.02,1.0
815-M4463872,APARTAMENTO,VENTA,20.21,76.0,3.0,2.0,290000.0,2.0,CHAPINERO,4,ENTRE 0 Y 5 ANOS,4.66,-74.08,USADO,,0,0,0,1,1,1,0,0,0,1,False,BARRIOS UNIDOS,BENJAMIN HERRERA,7 de Agosto,161.23,1,PARQUE ZONAL GIMNASIO DEL NORTE,289.68,1,0.27,,0.67,1.5,0.0,,0.04,767.09,0.0
5031-M4665939,APARTAMENTO,VENTA,20.44,94.0,3.0,2.0,386000.0,1.0,SALITRE MODELIA,5,ENTRE 10 Y 20 ANOS,4.64,-74.1,USADO,,0,0,0,1,1,1,1,0,0,1,False,TEUSAQUILLO,CIUDAD SALITRE NORORIENTAL,Gobernación,430.94,1,PARQUE VECINAL SANTA CLARA,609.75,0,0.22,,0.33,1.5,0.0,,0.03,127.39,2.0
3496-M4745439,APARTAMENTO,VENTA,19.4,58.0,2.0,2.0,10000.0,1.0,CASTILLA MARSELLA,3,ENTRE 5 Y 10 ANOS,4.65,-74.15,USADO,,0,0,0,0,0,1,0,0,0,0,False,KENNEDY,BOSCONIA,Transversal 86,1873.6,0,PARQUE VECINAL VILLA ALSACIA,1175.69,0,0.33,,0.5,1.0,0.0,,0.03,1927.55,0.0
815-M3397260,APARTAMENTO,VENTA,21.34,240.0,3.0,5.0,1650000.0,3.0,CHICO,6,ENTRE 10 Y 20 ANOS,4.66,-74.05,USADO,,0,1,0,1,1,1,0,0,0,1,False,CHAPINERO,S.C. BELLAVISTA,Calle 72,1124.34,0,PARQUE ZONAL GUSTAVO URIBE BOTERO,712.17,0,0.09,,1.0,0.6,0.0,,0.01,376.61,3.0
512-M3344882,APARTAMENTO,VENTA,21.37,302.72,3.0,5.0,870000.0,3.0,COUNTRY,5,ENTRE 10 Y 20 ANOS,4.71,-74.03,USADO,,0,1,0,1,1,1,1,0,0,1,False,USAQUEN,LISBOA_,Prado,2390.86,0,PARQUE VECINAL NUEVA URBANIZACIÓN EL CEDRITO,1078.66,0,0.07,,1.0,0.6,0.0,,0.01,244.48,3.0
3312-M3646645,APARTAMENTO,VENTA,21.13,225.0,3.0,3.0,1100000.0,3.0,SANTA BARBARA,6,ENTRE 5 Y 10 ANOS,4.69,-74.05,USADO,,0,1,0,1,1,0,0,0,0,1,False,USAQUEN,SANTA BIBIANA,Calle 106,848.49,0,PARQUE VECINAL URBANIZACIÓN NORMANDIA I II II Y IV SECTOR,1680.06,0,0.09,,1.0,1.0,0.0,,0.01,533.04,0.0
16285-M4566239,APARTAMENTO,VENTA,19.96,80.0,2.0,3.0,360000.0,2.0,CEDRITOS,4,ENTRE 0 Y 5 ANOS,4.73,-74.03,USADO,,0,0,0,1,1,1,0,0,0,1,False,USAQUEN,CAOBOS SALAZAR,Calle 142,2016.01,0,PARQUE VECINAL NUEVA URBANIZACIÓN EL CEDRITO,276.42,1,0.25,,1.0,0.67,0.0,,0.02,500.09,0.0
10323-M4570197,APARTAMENTO,VENTA,20.13,109.0,3.0,3.0,350000.0,2.0,CEDRITOS,5,ENTRE 10 Y 20 ANOS,4.73,-74.03,USADO,,0,0,0,1,1,1,1,0,0,1,False,USAQUEN,EL MORAL,Mazurén,2166.6,0,PARQUE ZONAL ALTA BLANCA,392.49,1,0.18,,0.67,1.0,0.0,,0.03,301.88,1.0
3774-M2441576,APARTAMENTO,VENTA,19.99,100.0,1.0,2.0,550000.0,2.0,CEDRITOS,4,ENTRE 5 Y 10 ANOS,4.72,-74.03,USADO,,0,0,0,1,1,1,1,0,0,1,False,USAQUEN,BELMIRA,Alcalá,2526.21,0,PARQUE VECINAL NUEVA URBANIZACIÓN EL CEDRITO,662.51,0,0.2,,2.0,0.5,0.0,,0.01,505.74,0.0
5105-M2872220,APARTAMENTO,VENTA,20.65,144.0,3.0,4.0,750000.0,2.0,CHICO,6,ENTRE 5 Y 10 ANOS,4.68,-74.06,USADO,,0,0,0,0,0,0,0,0,0,1,False,CHAPINERO,S.C. CHICO NORTE III SECTOR,Calle 100 - Marketmedios,268.79,1,PARQUE VECINAL URBANIZACIÓN NORMANDIA I II II Y IV SECTOR,813.97,0,0.14,,0.67,0.75,0.0,,0.02,359.67,1.0
3147-M4566138,APARTAMENTO,VENTA,19.98,78.2,3.0,3.0,291000.0,1.0,FONTIBON TINTAL,4,ENTRE 5 Y 10 ANOS,4.66,-74.13,USADO,,0,0,0,0,1,1,0,0,0,0,False,FONTIBON,EL TINTAL A.S.D.,Normandía,2383.97,0,PARQUE VECINAL VILLA ALSACIA,1386.37,0,0.26,,0.33,1.0,0.0,,0.04,651.89,0.0
10123-M2360070,APARTAMENTO,VENTA,20.55,208.0,3.0,4.0,688000.0,2.0,CHICO,6,MAS DE 20 ANOS,4.68,-74.06,USADO,,1,1,0,1,1,1,0,0,0,1,False,CHAPINERO,S.C. CHICO NORTE III SECTOR,Calle 100 - Marketmedios,368.85,1,PARQUE VECINAL URBANIZACIÓN NORMANDIA I II II Y IV SECTOR,537.15,0,0.1,,0.67,0.75,0.0,,0.01,195.53,1.0
10312-M2735107,APARTAMENTO,VENTA,21.13,198.0,4.0,4.0,1420000.0,4.0,COUNTRY,6,MAS DE 20 ANOS,4.71,-74.04,USADO,,0,1,0,0,1,0,0,0,0,1,False,USAQUEN,LA_CAROLINA,Prado,1604.09,0,PARQUE METROPOLITANO EL COUNTRY,400.21,1,0.11,,1.0,1.0,0.0,,0.02,582.55,0.0
14836-M3947176,APARTAMENTO,VENTA,19.38,63.0,2.0,2.0,166000.0,1.0,COLINA Y ALREDEDORES,3,MAS DE 20 ANOS,4.75,-74.06,USADO,,0,0,0,0,0,1,0,0,0,1,False,SUBA,URB. LOS ELISEOS,Toberin - Foundever,1004.73,0,PARQUE VECINAL DESARROLLO CANTALEJO URBANIZACIÓN CANTALEJO MANZANA B,389.83,1,0.31,,0.5,1.0,0.0,,0.03,1851.89,0.0
10312-M3847140,APARTAMENTO,VENTA,21.34,245.0,4.0,5.0,1204000.0,3.0,COUNTRY,6,ENTRE 10 Y 20 ANOS,4.71,-74.03,USADO,,0,1,0,1,1,1,0,0,0,1,False,USAQUEN,BOSQUES DE MEDINA,Prado,2852.98,0,PARQUE METROPOLITANO EL COUNTRY,1413.76,0,0.09,,0.75,0.8,0.0,,0.02,556.37,0.0
2748-M4153239,APARTAMENTO,VENTA,20.31,117.0,3.0,3.0,480000.0,1.0,NIZA ALHAMBRA,5,ENTRE 5 Y 10 ANOS,4.71,-74.07,USADO,,0,0,0,1,0,1,0,0,0,0,False,SUBA,BATAN LOTE NIZA XII,Humedal Córdoba,198.16,1,PARQUE ZONAL LOS LACHES LA MINA,514.24,0,0.17,,0.33,1.0,0.0,,0.03,512.5,0.0
2748-M2827904,APARTAMENTO,VENTA,20.49,151.0,3.0,4.0,686000.0,3.0,ALTOS DE SUBA Y CERROS DE SAN JORGE,6,MAS DE 20 ANOS,4.74,-74.08,USADO,,0,1,0,1,1,1,0,0,0,1,False,SUBA,SALAMANCA Y CATALAYUD,21 Ángeles,622.08,0,PARQUE ZONAL EL TOMILLAR,611.02,0,0.14,,1.0,0.75,0.0,,0.02,976.3,0.0
384-M4743880,APARTAMENTO,VENTA,19.42,67.0,3.0,2.0,211000.0,1.0,CORTIJO AUTOPISTA MEDELLIN,3,ENTRE 10 Y 20 ANOS,4.73,-74.12,USADO,,0,0,0,0,0,0,0,0,0,0,False,ENGATIVA,EL_CORTIJO,Portal 80,2353.21,0,PARQUE METROPOLITANO PLANTA DE TRATAMIENTO SALITRE,223.78,1,0.29,,0.33,1.5,0.0,,0.04,2153.28,0.0
12375-M4350886,APARTAMENTO,VENTA,20.14,69.74,3.0,2.0,421000.0,1.0,COLINA Y ALREDEDORES,5,ENTRE 10 Y 20 ANOS,4.73,-74.07,USADO,,0,0,0,1,1,1,1,0,0,1,False,SUBA,EL RINCON DE IBERIA,Gratamira,967.76,0,PARQUE VECINAL PRADO PINZÓN,1348.36,0,0.29,,0.33,1.5,0.0,,0.04,132.61,1.0
10278-M3744870,APARTAMENTO,VENTA,20.82,179.45,3.0,4.0,1367000.0,2.0,CHICO,6,MAS DE 20 ANOS,4.66,-74.05,USADO,,0,1,0,0,1,1,0,0,0,1,False,CHAPINERO,S.C. EL NOGAL,Héroes - Gel´Hada,1089.39,0,PARQUE ZONAL SAN ANDRÉS,111.32,1,0.12,,0.67,0.75,0.0,,0.02,264.28,3.0
2671-M4554397,APARTAMENTO,VENTA,20.52,103.0,3.0,3.0,488000.0,2.0,CEDRITOS,4,ENTRE 10 Y 20 ANOS,4.72,-74.03,USADO,,0,1,0,1,1,1,0,0,0,1,False,USAQUEN,LAS_ACACIAS,Calle 142,2120.94,0,PARQUE VECINAL NUEVA URBANIZACIÓN EL CEDRITO,228.49,1,0.2,,0.67,1.0,0.0,,0.03,668.23,0.0
3553-M4618377,APARTAMENTO,VENTA,19.77,45.47,1.0,1.0,180000.0,0.0,CENTRO INTERNACIONAL,4,ENTRE 10 Y 20 ANOS,4.62,-74.07,USADO,,0,0,0,0,1,1,0,0,0,1,False,SANTA FE,SAMPER,Calle 34,242.06,1,PARQUE METROPOLITANO PARQUE NACIONAL (PM2A) ENRIQUE OLAYA HERRERA (SECTOR HISTORICO),658.06,0,0.43,,0.0,1.0,0.0,,0.02,450.93,4.0
5099-M4207777,APARTAMENTO,VENTA,21.34,172.0,3.0,5.0,1200000.0,3.0,CHICO,5,ENTRE 0 Y 5 ANOS,4.67,-74.06,USADO,,0,0,0,0,0,1,0,0,0,0,False,CHAPINERO,S.C. ANTIGUO COUNTRY,Calle 85,243.85,1,PARQUE METROPOLITANO RECONCILIACIÓN,168.42,1,0.12,,1.0,0.6,0.0,,0.02,364.18,3.0
14383-M3852286,APARTAMENTO,VENTA,20.86,151.0,2.0,3.0,1200000.0,2.0,CHICO,5,ENTRE 0 Y 5 ANOS,4.67,-74.06,USADO,,1,0,0,0,1,0,0,0,0,1,False,CHAPINERO,S.C. ANTIGUO COUNTRY,Calle 85,101.08,1,PARQUE METROPOLITANO RECONCILIACIÓN,27.48,1,0.14,,1.0,0.67,0.0,,0.01,479.53,2.0
12633-M4207072,APARTAMENTO,VENTA,19.84,74.0,4.0,3.0,355000.0,1.0,SALITRE MODELIA,4,ENTRE 10 Y 20 ANOS,4.66,-74.11,USADO,,0,0,0,0,0,1,0,0,0,1,False,FONTIBON,CIUDAD SALITRE,AV. Rojas,517.57,0,PARQUE VECINAL CARLOS LLERAS (EL FUEGO),335.73,1,0.27,,0.25,1.33,0.0,,0.05,411.32,1.0
5545-M3155068,APARTAMENTO,VENTA,20.56,158.0,3.0,4.0,512000.0,2.0,COLINA Y ALREDEDORES,5,ENTRE 10 Y 20 ANOS,4.74,-74.06,USADO,,1,1,0,1,1,1,1,0,0,1,False,SUBA,URB. LA SIRENA,Mazurén,1767.36,0,PARQUE VECINAL DESARROLLO CANTALEJO URBANIZACIÓN CANTALEJO MANZANA B,769.43,0,0.13,,0.67,0.75,0.0,,0.02,868.39,0.0
14878-M4587092,APARTAMENTO,VENTA,20.39,89.42,3.0,3.0,539000.0,2.0,SALITRE MODELIA,4,MAS DE 20 ANOS,4.64,-74.1,USADO,,0,0,0,1,1,1,0,0,0,1,False,TEUSAQUILLO,CIUDAD SALITRE SURORIENTAL,CAN,684.96,0,PARQUE VECINAL URBANIZACIÓN SALITRE (GRECO),1157.39,0,0.23,,0.67,1.0,0.0,,0.03,583.49,0.0
5545-M4744693,APARTAMENTO,VENTA,21.72,270.0,3.0,5.0,2000000.0,2.0,CHICO,6,REMODELADO,4.66,-74.05,USADO,,0,1,0,0,1,0,0,0,0,1,False,CHAPINERO,LOS ROSALES,Calle 72,1381.29,0,PARQUE ZONAL GUSTAVO URIBE BOTERO,812.97,0,0.08,,0.67,0.6,0.0,,0.01,641.56,0.0
5105-M4743495,APARTAMENTO,VENTA,20.94,92.0,1.0,2.0,900000.0,2.0,CHICO,6,ENTRE 5 Y 10 ANOS,4.68,-74.04,USADO,,1,1,0,0,0,0,0,0,0,1,False,CHAPINERO,CHICO RESERVADO,Virrey,1954.59,0,PARQUE VECINAL URBANIZACIÓN LA CABRERA,1253.96,0,0.23,,2.0,0.5,0.0,,0.01,450.67,1.0
689-M4645964,APARTAMENTO,VENTA,20.62,170.0,3.0,3.0,705000.0,3.0,SANTA BARBARA,5,MAS DE 20 ANOS,4.7,-74.05,USADO,,0,1,0,0,1,0,0,0,0,1,False,USAQUEN,SANTA BARBARA OCCIDENTAL,Pepe Sierra,823.5,0,PARQUE METROPOLITANO EL COUNTRY,1201.53,0,0.12,,1.0,1.0,0.0,,0.02,140.97,2.0
689-M4099497,APARTAMENTO,VENTA,20.61,129.0,2.0,3.0,630000.0,2.0,COUNTRY,6,ENTRE 10 Y 20 ANOS,4.7,-74.04,USADO,,0,1,0,1,1,1,0,0,0,1,False,USAQUEN,SABANALARGA,Calle 127,1094.85,0,PARQUE METROPOLITANO EL COUNTRY,649.06,0,0.16,,1.0,0.67,0.0,,0.02,340.89,1.0
689-M4693020,APARTAMENTO,VENTA,20.01,86.0,2.0,2.0,773000.0,1.0,COUNTRY,6,MAS DE 20 ANOS,4.71,-74.04,USADO,,0,0,0,0,1,0,0,0,0,1,False,USAQUEN,LA_CAROLINA,Calle 127,1647.89,0,PARQUE METROPOLITANO EL COUNTRY,143.6,1,0.23,,0.5,1.0,0.0,,0.02,388.86,1.0
689-M4627913,APARTAMENTO,VENTA,20.26,77.0,2.0,3.0,614000.0,2.0,SANTA BARBARA,6,ENTRE 0 Y 5 ANOS,4.7,-74.04,USADO,,0,0,0,0,1,0,0,0,0,1,False,USAQUEN,SANTA BARBARA CENTRAL II SECTOR,Pepe Sierra,1790.17,0,PARQUE METROPOLITANO EL COUNTRY,846.49,0,0.26,,1.0,0.67,0.0,,0.03,736.22,0.0
2238-M4709373,APARTAMENTO,VENTA,19.77,85.0,3.0,2.0,440000.0,1.0,CEDRITOS,4,REMODELADO,4.73,-74.03,USADO,,0,1,0,0,0,1,0,0,0,1,False,USAQUEN,CAOBOS SALAZAR,Calle 146,1719.06,0,PARQUE VECINAL NUEVA URBANIZACIÓN EL CEDRITO,403.36,1,0.23,,0.33,1.5,0.0,,0.04,449.82,1.0
2748-M2610717,APARTAMENTO,VENTA,20.6,152.0,3.0,3.0,480000.0,2.0,COLINA Y ALREDEDORES,5,ENTRE 5 Y 10 ANOS,4.72,-74.07,USADO,,1,1,0,1,0,1,1,0,0,1,False,SUBA,S.C. LAS VILLAS,Suba - AV. Boyacá,468.51,1,PARQUE ZONAL LOS LACHES LA MINA,725.5,0,0.14,,0.67,1.0,0.0,,0.02,638.24,0.0
2501-M4742962,APARTAMENTO,VENTA,21.39,206.0,3.0,4.0,1640000.0,2.0,CHICO,6,MAS DE 20 ANOS,4.66,-74.05,USADO,,0,1,0,0,1,0,0,0,0,1,False,CHAPINERO,S.C. BELLAVISTA,Calle 72,1540.15,0,PARQUE ZONAL GUSTAVO URIBE BOTERO,692.37,0,0.1,,0.67,0.75,0.0,,0.01,788.46,0.0
3074-M4308523,APARTAMENTO,VENTA,19.47,74.0,3.0,2.0,255000.0,1.0,COLINA Y ALREDEDORES,3,MAS DE 20 ANOS,4.75,-74.06,USADO,,0,0,0,0,0,1,0,0,0,1,False,SUBA,,Portal Norte,1037.16,0,PARQUE ZONAL SAN JOSÉ DE BAVARIA,959.75,0,0.26,,0.33,1.5,0.0,,0.04,1563.92,0.0
2359-M4467022,APARTAMENTO,VENTA,20.7,170.0,3.0,5.0,980000.0,2.0,COUNTRY,5,MAS DE 20 ANOS,4.71,-74.03,USADO,,0,1,0,1,1,1,1,0,0,1,False,USAQUEN,LISBOA_,Prado,2502.35,0,PARQUE VECINAL NUEVA URBANIZACIÓN EL CEDRITO,1135.16,0,0.12,,0.67,0.6,0.0,,0.02,191.03,3.0
3450-M4419874,APARTAMENTO,VENTA,20.26,93.0,2.0,2.0,3921395.93,2.0,COUNTRY,5,ENTRE 10 Y 20 ANOS,4.7,-74.03,USADO,,0,0,0,0,1,1,0,0,0,1,False,USAQUEN,BELLA SUIZA,Calle 127,2643.36,0,PARQUE METROPOLITANO EL COUNTRY,901.04,0,0.22,,1.0,1.0,0.0,,0.02,743.32,0.0
614-M4453704,APARTAMENTO,VENTA,20.01,102.0,3.0,3.0,385200.0,2.0,ORQUIDEAS,4,ENTRE 5 Y 10 ANOS,4.76,-74.04,USADO,,0,0,0,1,1,1,0,0,0,1,False,USAQUEN,SAN ANTONIO NOROCCIDENTAL,Portal Norte,794.49,0,PARQUE VECINAL URBANIZACIÓN CALLE 170 / ALAMEDA,138.71,1,0.2,,0.67,1.0,0.0,,0.03,940.88,0.0
13300-M4560665,APARTAMENTO,VENTA,20.03,100.0,3.0,3.0,350000.0,2.0,ORQUIDEAS,4,ENTRE 5 Y 10 ANOS,4.75,-74.04,USADO,,0,0,0,0,1,1,0,0,0,1,False,USAQUEN,CANAPRO,Portal Norte,1017.28,0,PARQUE VECINAL URBANIZACIÓN CALLE 170 / ALAMEDA,268.34,1,0.2,,0.67,1.0,0.0,,0.03,565.43,0.0
603-M4433047,APARTAMENTO,VENTA,19.74,76.34,3.0,3.0,220000.0,1.0,ALTOS DE SUBA Y CERROS DE SAN JORGE,3,ENTRE 5 Y 10 ANOS,4.75,-74.1,USADO,,0,0,0,1,1,1,0,0,0,1,False,SUBA,URB. LAS FLORES,Portal Suba,700.17,0,PARQUE VECINAL URBANIZACIÓN LOMBARDIA II ETAPA,400.6,1,0.26,,0.33,1.0,0.0,,0.04,457.91,1.0
72-M4703696,APARTAMENTO,VENTA,20.59,122.0,3.0,3.0,560000.0,2.0,CHAPINERO ALTO,5,ENTRE 5 Y 10 ANOS,4.63,-74.06,USADO,,0,0,0,1,1,1,1,0,0,1,False,CHAPINERO,SAN MARTIN DE PORRES III Y IV,Calle 45 - American School Way,1095.48,0,PARQUE METROPOLITANO PARQUE NACIONAL (PM2A) ENRIQUE OLAYA HERRERA (SECTOR HISTORICO),1192.6,0,0.17,,0.67,1.0,0.0,,0.02,906.91,0.0
399-M3495618,APARTAMENTO,VENTA,19.85,93.0,3.0,2.0,355000.0,1.0,CEDRITOS,4,MAS DE 20 ANOS,4.73,-74.05,USADO,,0,0,0,0,0,1,0,0,0,1,False,USAQUEN,LAS_MARGARITAS,Calle 146,134.75,1,PARQUE VECINAL PRADO PINZÓN,683.42,0,0.21,,0.33,1.5,0.0,,0.03,1083.46,0.0
920-M4655779,APARTAMENTO,VENTA,20.71,150.0,3.0,4.0,862000.0,2.0,COUNTRY,5,MAS DE 20 ANOS,4.71,-74.03,USADO,,0,1,0,1,1,1,1,0,0,1,False,USAQUEN,LISBOA_,Prado,2501.64,0,PARQUE VECINAL NUEVA URBANIZACIÓN EL CEDRITO,1112.75,0,0.14,,0.67,0.75,0.0,,0.02,169.98,2.0
2671-M4703742,APARTAMENTO,VENTA,21.31,193.0,3.0,4.0,860000.0,2.0,SANTA BARBARA,6,ENTRE 5 Y 10 ANOS,4.7,-74.03,USADO,,0,1,0,1,1,0,1,0,0,1,False,USAQUEN,RESERVAS DE LA SIERRA - LA ARBOLEDA,Calle 127,2934.79,0,PARQUE METROPOLITANO EL COUNTRY,1222.73,0,0.11,,0.67,0.75,0.0,,0.02,693.26,0.0
851-M2559781,APARTAMENTO,VENTA,20.7,160.0,3.0,4.0,720000.0,2.0,CHICO,6,MAS DE 20 ANOS,4.66,-74.05,USADO,,0,1,0,0,0,0,0,0,0,1,False,CHAPINERO,LOS ROSALES,Calle 76 - San Felipe,1314.83,0,PARQUE ZONAL SAN ANDRÉS,576.62,0,0.13,,0.67,0.75,0.0,,0.02,742.41,0.0
883-M3034981,APARTAMENTO,VENTA,20.81,156.0,3.0,3.0,515000.0,2.0,SALITRE MODELIA,4,ENTRE 5 Y 10 ANOS,4.64,-74.11,USADO,,0,1,0,1,1,1,0,0,0,1,False,TEUSAQUILLO,CIUDAD SALITRE SURORIENTAL,CAN,1041.04,0,PARQUE METROPOLITANO PARQUE CENTRAL SIMÓN BOLÍVAR,977.04,0,0.13,,0.67,1.0,0.0,,0.02,843.58,0.0
399-M4071140,APARTAMENTO,VENTA,21.25,182.0,3.0,5.0,1219000.0,3.0,CHAPINERO ALTO,5,ENTRE 5 Y 10 ANOS,4.64,-74.06,USADO,,0,1,0,1,1,1,0,0,0,1,False,CHAPINERO,S.C INGEMAR,Calle 57,973.44,0,PARQUE ZONAL GUSTAVO URIBE BOTERO,1442.14,0,0.12,,1.0,0.6,0.0,,0.02,1139.69,0.0
2456-M2763586,APARTAMENTO,VENTA,20.39,140.0,3.0,4.0,380000.0,2.0,COLINA Y ALREDEDORES,5,ENTRE 5 Y 10 ANOS,4.74,-74.07,USADO,,1,1,0,1,1,1,1,0,0,1,False,SUBA,S.C. GILMAR - LA SIRENA (PREDIO),21 Ángeles,1780.72,0,PARQUE ZONAL EL TOMILLAR,748.63,0,0.15,,0.67,0.75,0.0,,0.02,1149.74,0.0
2456-M4710050,APARTAMENTO,VENTA,20.62,144.0,3.0,5.0,497000.0,2.0,CEDRITOS,4,ENTRE 5 Y 10 ANOS,4.73,-74.04,USADO,,0,1,0,1,1,1,0,0,0,1,False,USAQUEN,PARQUES DE LORENA,Mazurén,1572.8,0,PARQUE ZONAL LA VIDA,726.02,0,0.14,,0.67,0.6,0.0,,0.02,370.24,1.0
815-302,APARTAMENTO,VENTA,20.44,158.47,3.0,3.0,800000.0,2.0,COLINA Y ALREDEDORES,5,ENTRE 5 Y 10 ANOS,4.73,-74.07,USADO,,0,0,0,1,1,1,0,0,0,1,False,SUBA,ATENAS - HIBERNIA,Gratamira,524.71,0,PARQUE ZONAL EL TOMILLAR,943.6,0,0.13,,0.67,1.0,0.0,,0.02,808.16,0.0
399-M4289429,APARTAMENTO,VENTA,19.85,93.0,3.0,2.0,355000.0,1.0,CEDRITOS,4,MAS DE 20 ANOS,4.73,-74.05,USADO,,0,0,0,0,0,1,0,0,0,1,False,USAQUEN,LAS_MARGARITAS,Calle 146,134.75,1,PARQUE VECINAL PRADO PINZÓN,683.42,0,0.21,,0.33,1.5,0.0,,0.03,1083.46,0.0
2359-M2389441,APARTAMENTO,VENTA,21.31,230.0,3.0,3.0,1300000.0,2.0,CHICO,6,REMODELADO,4.67,-74.04,USADO,,1,1,0,0,1,0,0,0,0,0,False,CHAPINERO,CHICO ORIENTAL,Calle 85,2057.03,0,PARQUE VECINAL URBANIZACIÓN LA CABRERA,1012.92,0,0.09,,0.67,1.0,0.0,,0.01,952.36,0.0
2238-M4709410,APARTAMENTO,VENTA,20.17,92.0,3.0,2.0,390000.0,2.0,CEDRITOS,4,ENTRE 0 Y 5 ANOS,4.73,-74.03,USADO,,0,0,0,1,1,0,0,0,0,1,False,USAQUEN,CAOBOS SALAZAR,Calle 146,1719.06,0,PARQUE VECINAL NUEVA URBANIZACIÓN EL CEDRITO,403.36,1,0.22,,0.67,1.5,0.0,,0.03,449.82,1.0
10123-M4706793,APARTAMENTO,VENTA,20.13,69.5,2.0,2.0,460000.0,1.0,COUNTRY,5,ENTRE 0 Y 5 ANOS,4.72,-74.04,USADO,,0,0,0,1,1,1,0,0,0,1,False,USAQUEN,LISBOA_,Alcalá,1650.91,0,PARQUE VECINAL NUEVA URBANIZACIÓN EL CEDRITO,825.72,0,0.29,,0.5,1.0,0.0,,0.03,302.22,1.0
4933-M4420414,APARTAMENTO,VENTA,19.64,81.02,3.0,2.0,50000.0,1.0,FONTIBON TINTAL,3,ENTRE 10 Y 20 ANOS,4.67,-74.14,USADO,,0,0,0,0,0,0,0,0,0,0,False,FONTIBON,CENTRO FONTIBON,Portal El Dorado,2332.9,0,PARQUE VECINAL VILLA HELENA VILLEMAR,332.38,1,0.24,,0.33,1.5,0.0,,0.04,1625.89,0.0
689-M4694735,APARTAMENTO,VENTA,20.34,132.56,3.0,3.0,560000.0,2.0,COLINA Y ALREDEDORES,5,MAS DE 20 ANOS,4.73,-74.06,USADO,,0,1,0,1,1,1,0,0,0,1,False,SUBA,SANTA HELENA - PUERTA DE HIERRO LAS ACACIAS,Gratamira,1243.72,0,PARQUE VECINAL PRADO PINZÓN,1087.92,0,0.15,,0.67,1.0,0.0,,0.02,174.24,1.0
3774-M4662865,APARTAMENTO,VENTA,20.8,135.0,3.0,3.0,950000.0,2.0,CHICO,5,ENTRE 5 Y 10 ANOS,4.67,-74.06,USADO,,0,1,0,0,1,1,0,0,0,1,False,CHAPINERO,S.C. ANTIGUO COUNTRY,Calle 85,331.78,1,PARQUE METROPOLITANO RECONCILIACIÓN,253.74,1,0.15,,0.67,1.0,0.0,,0.02,295.85,2.0
3664-M4034427,APARTAMENTO,VENTA,21.47,234.0,3.0,5.0,1250000.0,1.0,CHICO,6,REMODELADO,4.66,-74.05,USADO,,0,1,0,0,1,1,0,0,0,1,False,CHAPINERO,S.C. PORCIUNCULA,Calle 72,885.03,0,PARQUE ZONAL GUSTAVO URIBE BOTERO,775.19,0,0.09,,0.33,0.6,0.0,,0.01,142.82,4.0
16646-M4743827,APARTAMENTO,VENTA,20.21,118.0,3.0,3.0,360000.0,2.0,CEDRITOS,5,ENTRE 10 Y 20 ANOS,4.73,-74.03,USADO,,0,1,0,1,1,1,1,0,0,1,False,USAQUEN,EL MORAL,Mazurén,2204.83,0,PARQUE ZONAL ALTA BLANCA,424.36,1,0.17,,0.67,1.0,0.0,,0.03,320.24,1.0
11013-M4744335,APARTAMENTO,VENTA,21.42,262.0,4.0,4.0,1450000.0,4.0,ALTOS DE SUBA Y CERROS DE SAN JORGE,6,ENTRE 5 Y 10 ANOS,4.73,-74.08,USADO,,0,1,0,1,1,1,1,0,0,1,False,SUBA,SALAMANCA Y CATALAYUD,21 Ángeles,354.15,1,PARQUE ZONAL EL TOMILLAR,905.96,0,0.08,,1.0,1.0,0.0,,0.02,1249.73,0.0
2359-M4466979,APARTAMENTO,VENTA,20.25,111.79,3.0,3.0,540000.0,1.0,CEDRITOS,4,ENTRE 10 Y 20 ANOS,4.72,-74.03,USADO,,0,0,0,1,1,0,0,0,0,1,False,USAQUEN,CEDRO NARVAEZ,Alcalá,2098.84,0,PARQUE VECINAL NUEVA URBANIZACIÓN EL CEDRITO,332.2,1,0.18,,0.33,1.0,0.0,,0.03,565.01,0.0
16587-M4708088,APARTAMENTO,VENTA,21.72,209.06,3.0,4.0,1400000.0,4.0,CHAPINERO ALTO,5,ENTRE 5 Y 10 ANOS,4.64,-74.06,USADO,,0,1,0,1,1,1,0,0,0,1,False,CHAPINERO,SIBERIA - BOSQUE CALDERON TEJADA,Calle 57,991.19,0,PARQUE ZONAL GUSTAVO URIBE BOTERO,1455.04,0,0.1,,1.33,0.75,0.0,,0.01,1136.11,0.0
14836-M3799205,APARTAMENTO,VENTA,20.47,95.71,3.0,2.0,630000.0,1.0,CENTRO INTERNACIONAL,4,ENTRE 10 Y 20 ANOS,4.62,-74.07,USADO,,0,0,0,1,1,1,0,0,0,1,True,SANTA FE,SAMPER,Calle 26,202.1,1,PARQUE METROPOLITANO EL RENACIMIENTO - PARQUE CEMENTERIO CENTRAL,568.19,0,0.21,,0.33,1.5,0.0,,0.03,348.34,4.0
3147-M4518289,APARTAMENTO,VENTA,19.67,82.0,3.0,2.0,231000.0,1.0,170 Y ALREDORES,4,MAS DE 20 ANOS,4.77,-74.05,USADO,,0,0,0,0,1,1,0,0,0,0,False,SUBA,VILLANOVA II,Terminal,900.72,0,PARQUE VECINAL URBANIZACIÓN VILANOVA,484.33,1,0.24,,0.33,1.5,0.0,,0.04,846.67,0.0
3147-M4566056,APARTAMENTO,VENTA,21.05,198.0,3.0,4.0,1280000.0,3.0,CERROS DE SUBA,6,ENTRE 10 Y 20 ANOS,4.71,-74.08,USADO,,0,0,0,0,1,1,0,0,0,0,False,SUBA,NIZA SUBA - EL BALCON DE LINDARAJA,Niza - Calle 127,936.21,0,PARQUE VECINAL AGRUPACIÓN DE VIVIENDA EN BALCON DE LINDARAJA,67.86,1,0.11,,1.0,0.75,0.0,,0.02,992.88,0.0
282-M4662869,APARTAMENTO,VENTA,20.44,123.0,3.0,3.0,840000.0,2.0,SANTA BARBARA,6,MAS DE 20 ANOS,4.7,-74.04,USADO,,0,1,0,0,1,0,0,0,0,0,False,USAQUEN,SANTA BARBARA CENTRAL IV SECTOR,Calle 127,2188.83,0,PARQUE METROPOLITANO EL COUNTRY,714.33,0,0.17,,0.67,1.0,0.0,,0.02,441.9,1.0
2671-11102,APARTAMENTO,VENTA,21.16,213.0,3.0,4.0,1200000.0,2.0,SANTA BARBARA,6,ENTRE 10 Y 20 ANOS,4.7,-74.04,USADO,,0,0,0,1,1,0,1,0,0,1,False,USAQUEN,SANTA BARBARA OCCIDENTAL,Pepe Sierra,1255.8,0,PARQUE METROPOLITANO EL COUNTRY,852.69,0,0.1,,0.67,0.75,0.0,,0.01,434.8,2.0
10278-M4313839,APARTAMENTO,VENTA,21.22,220.61,3.0,3.0,1493400.0,3.0,CERROS DE SUBA,6,ENTRE 10 Y 20 ANOS,4.73,-74.08,USADO,,0,1,0,0,1,1,0,0,0,1,False,SUBA,S.C. VEREDA SUBA NARANJOS,Gratamira,254.72,1,PARQUE VECINAL AGRUPACIÓN DE VIVIENDA EN BALCON DE LINDARAJA,1391.43,0,0.1,,1.0,1.0,0.0,,0.01,1312.47,0.0
5395-M4469286,APARTAMENTO,VENTA,19.76,40.0,1.0,1.0,502000.0,1.0,CHICO,6,ENTRE 5 Y 10 ANOS,4.68,-74.06,USADO,,0,0,0,1,1,0,0,0,0,1,False,CHAPINERO,S.C. EL CHICO,Virrey,258.9,1,PARQUE VECINAL URBANIZACIÓN NORMANDIA I II II Y IV SECTOR,111.77,1,0.49,,1.0,1.0,0.0,,0.02,539.59,0.0
11589-M4183384,APARTAMENTO,VENTA,19.92,65.0,3.0,2.0,450000.0,1.0,CHAPINERO ALTO,4,ENTRE 10 Y 20 ANOS,4.64,-74.06,USADO,,0,0,0,0,1,0,0,0,0,1,False,CHAPINERO,S.C. BOSQUE CALDERON,Calle 57,477.14,1,PARQUE ZONAL GUSTAVO URIBE BOTERO,1580.52,0,0.31,,0.33,1.5,0.0,,0.05,967.43,0.0
771-M4370785,APARTAMENTO,VENTA,21.37,246.0,4.0,5.0,1450000.0,3.0,COUNTRY,6,ENTRE 10 Y 20 ANOS,4.71,-74.03,USADO,,0,1,0,1,1,1,0,0,0,1,False,USAQUEN,BOSQUES DE MEDINA,Prado,3080.5,0,PARQUE METROPOLITANO EL COUNTRY,1668.39,0,0.09,,0.75,0.8,0.0,,0.02,672.3,0.0
399-M4289634,APARTAMENTO,VENTA,21.06,184.0,2.0,3.0,1540000.0,2.0,CHICO,6,MAS DE 20 ANOS,4.65,-74.05,USADO,,0,1,0,1,1,0,0,0,0,1,False,CHAPINERO,ALTOS DE BELLAVISTA,Calle 72,1418.15,0,PARQUE ZONAL GUSTAVO URIBE BOTERO,448.63,1,0.11,,1.0,0.67,0.0,,0.01,684.23,0.0
3774-M2105622,APARTAMENTO,VENTA,21.31,220.0,3.0,3.0,1232000.0,2.0,CEDRITOS,6,MAS DE 20 ANOS,4.72,-74.03,USADO,,0,1,0,1,1,1,0,0,0,1,False,USAQUEN,SIERRAS DEL MORAL,Calle 142,2849.07,0,PARQUE VECINAL NUEVA URBANIZACIÓN EL CEDRITO,932.1,0,0.1,,0.67,1.0,0.0,,0.01,741.29,0.0
15815-M4587824,APARTAMENTO,VENTA,19.04,45.0,3.0,2.0,139000.0,1.0,CASTILLA MARSELLA,3,ENTRE 5 Y 10 ANOS,4.64,-74.15,USADO,,0,0,0,0,1,1,0,0,0,1,False,KENNEDY,EL_CASTILLO,Transversal 86,993.35,0,PARQUE METROPOLITANO BIBLIOTECA EL TINTAL,627.63,0,0.42,,0.33,1.5,0.0,,0.07,2405.21,0.0
2559-M4710590,APARTAMENTO,VENTA,21.37,187.0,3.0,3.0,1100000.0,4.0,CHICO,6,ENTRE 10 Y 20 ANOS,4.68,-74.04,USADO,,0,0,0,1,1,0,0,0,0,1,False,CHAPINERO,CHICO RESERVADO,Calle 100 - Marketmedios,1681.52,0,PARQUE VECINAL URBANIZACIÓN LA CABRERA,1269.54,0,0.11,,1.33,1.0,0.0,,0.02,285.89,2.0
3222-M4034995,APARTAMENTO,VENTA,19.54,49.0,2.0,1.0,136000.0,1.0,ANTONIO NARINO,3,ENTRE 5 Y 10 ANOS,4.58,-74.09,USADO,,0,0,0,0,0,1,0,0,0,0,False,ANTONIO NARINO,CIUDAD BERNA,Ciudad Jardín - UAN,279.46,1,PARQUE ZONAL CIUDAD JARDIN,256.84,1,0.4,,0.5,2.0,0.0,,0.04,1694.73,0.0
3774-M2049794,APARTAMENTO,VENTA,21.16,191.0,3.0,4.0,1350000.0,2.0,CEDRITOS,6,ENTRE 10 Y 20 ANOS,4.72,-74.03,USADO,,0,1,0,1,1,1,0,0,0,1,False,USAQUEN,SIERRAS DEL MORAL,Calle 142,2873.22,0,PARQUE VECINAL NUEVA URBANIZACIÓN EL CEDRITO,954.3,0,0.11,,0.67,0.75,0.0,,0.02,785.43,0.0
79-M4519959,APARTAMENTO,VENTA,21.25,200.0,3.0,3.0,1100000.0,2.0,CHAPINERO ALTO,6,MAS DE 20 ANOS,4.65,-74.05,USADO,,0,1,0,0,1,0,0,0,0,1,False,CHAPINERO,S.C. LAS ACACIAS,Flores – Areandina,1305.26,0,PARQUE ZONAL GUSTAVO URIBE BOTERO,19.11,1,0.11,,0.67,1.0,0.0,,0.02,462.81,1.0
2453-M4092124,APARTAMENTO,VENTA,21.45,228.0,3.0,4.0,1200000.0,2.0,CHICO,5,ENTRE 5 Y 10 ANOS,4.67,-74.06,USADO,,0,0,0,1,1,1,0,0,0,1,False,CHAPINERO,S.C. ANTIGUO COUNTRY,Calle 85,287.43,1,PARQUE METROPOLITANO RECONCILIACIÓN,215.27,1,0.09,,0.67,0.75,0.0,,0.01,311.01,3.0
12496-M4743594,APARTAMENTO,VENTA,19.72,69.0,3.0,2.0,280000.0,1.0,ORQUIDEAS,4,ENTRE 5 Y 10 ANOS,4.75,-74.03,USADO,,0,0,0,1,1,1,0,0,0,1,False,USAQUEN,SANTA TERESA,Toberin - Foundever,2266.66,0,PARQUE ZONAL SERVITA,427.96,1,0.29,,0.33,1.5,0.0,,0.04,1092.52,0.0
776-M4709134,APARTAMENTO,VENTA,19.88,100.0,3.0,2.0,450000.0,1.0,NIZA ALHAMBRA,4,MAS DE 20 ANOS,4.7,-74.08,USADO,,0,0,0,0,1,1,0,0,0,1,False,SUBA,POTOSI SECTOR I,AV. Boyacá,667.84,0,PARQUE ZONAL MORATO,949.56,0,0.2,,0.33,1.5,0.0,,0.03,487.69,1.0
11312-M4518721,APARTAMENTO,VENTA,21.19,205.0,3.0,4.0,3921395.93,2.0,CHICO,6,MAS DE 20 ANOS,4.66,-74.05,USADO,,0,1,0,0,1,1,0,0,0,0,False,CHAPINERO,LOS ROSALES,Calle 76 - San Felipe,1449.9,0,PARQUE ZONAL SAN ANDRÉS,678.33,0,0.1,,0.67,0.75,0.0,,0.01,837.76,0.0
3147-M4518902,APARTAMENTO,VENTA,20.21,71.0,3.0,2.0,341000.0,1.0,SALITRE MODELIA,4,ENTRE 10 Y 20 ANOS,4.64,-74.1,USADO,,0,0,0,0,0,1,0,0,0,0,False,TEUSAQUILLO,PRADOS DEL_SALITRE,Gobernación,897.28,0,PARQUE VECINAL SANTA CLARA,593.38,0,0.28,,0.33,1.5,0.0,,0.04,331.94,2.0
14836-M4201139,APARTAMENTO,VENTA,20.95,154.0,3.0,4.0,1200000.0,3.0,COUNTRY,6,ENTRE 0 Y 5 ANOS,4.71,-74.05,USADO,,0,0,0,1,1,1,0,0,0,1,False,USAQUEN,LA CALLEJA,Calle 127,780.8,0,PARQUE METROPOLITANO EL COUNTRY,1059.13,0,0.14,,1.0,0.75,0.0,,0.02,482.62,1.0
3553-M4034205,APARTAMENTO,VENTA,19.45,87.0,4.0,2.0,3921395.93,1.0,METROPOLIS,3,MAS DE 20 ANOS,4.67,-74.07,USADO,,0,0,0,0,0,0,0,0,0,1,False,BARRIOS UNIDOS,11 DE NOVIEMBRE,Calle 75 - Zona M,278.78,1,PARQUE ZONAL TABORA,351.49,1,0.22,,0.25,2.0,0.0,,0.05,1382.95,0.0
14384-M4565880,APARTAMENTO,VENTA,19.7,43.92,1.0,1.0,396000.0,1.0,SANTA BARBARA,5,ENTRE 10 Y 20 ANOS,4.7,-74.05,USADO,,0,0,0,0,1,1,0,0,0,1,False,USAQUEN,SANTA BARBARA OCCIDENTAL,Pepe Sierra,385.31,1,PARQUE ZONAL ATABANZA,1017.38,0,0.45,,1.0,1.0,0.0,,0.02,440.92,3.0
646-3717,APARTAMENTO,VENTA,20.13,133.0,3.0,2.0,3921395.93,1.0,CEDRITOS,4,ENTRE 10 Y 20 ANOS,4.73,-74.04,USADO,,0,1,0,0,0,0,0,0,0,1,False,USAQUEN,ACACIAS USAQUEN,Calle 142,1442.36,0,PARQUE VECINAL NUEVA URBANIZACIÓN EL CEDRITO,489.26,1,0.15,,0.33,1.5,0.0,,0.02,603.02,0.0
2510-M4565831,APARTAMENTO,VENTA,19.45,45.0,2.0,2.0,122600.0,0.0,TIMIZA LA ALQUERIA,2,ENTRE 10 Y 20 ANOS,4.6,-74.14,USADO,,0,0,0,1,1,1,0,0,0,1,False,KENNEDY,RINCON DE SAN ANDRES,Venecia,296.57,1,PARQUE VECINAL URBANIZACIÓN LAS LAGUNETA,670.1,0,0.43,,0.0,1.0,0.0,,0.04,1311.45,0.0
12673-M4519618,APARTAMENTO,VENTA,20.97,232.0,4.0,4.0,1688000.0,4.0,SANTA BARBARA,6,MAS DE 20 ANOS,4.69,-74.04,USADO,,0,1,0,0,1,0,0,0,0,0,False,USAQUEN,SAN PATRICIO,Calle 106,1244.63,0,PARQUE METROPOLITANO EL COUNTRY,1476.27,0,0.09,,1.0,1.0,0.0,,0.02,316.52,1.0
2748-M2452505,APARTAMENTO,VENTA,21.47,290.0,3.0,5.0,1320000.0,3.0,CHICO,6,MAS DE 20 ANOS,4.65,-74.05,USADO,,1,1,0,0,1,1,0,0,0,1,False,CHAPINERO,S.C. EL BAGAZAL,Flores – Areandina,1742.45,0,PARQUE ZONAL GUSTAVO URIBE BOTERO,491.46,1,0.07,,1.0,0.6,0.0,,0.01,912.29,0.0
22-M4709038,APARTAMENTO,VENTA,20.34,95.0,3.0,2.0,337800.0,1.0,NIZA ALHAMBRA,5,MAS DE 20 ANOS,4.7,-74.07,USADO,,0,1,0,0,1,1,0,0,0,1,True,SUBA,NIZA SUR,Humedal Córdoba,513.17,0,PARQUE ZONAL MORATO,576.42,0,0.21,,0.33,1.5,0.0,,0.03,877.36,0.0
3147-M4519439,APARTAMENTO,VENTA,19.52,50.0,2.0,2.0,340000.0,1.0,CHAPINERO ALTO,4,MAS DE 20 ANOS,4.63,-74.06,USADO,,0,0,0,0,1,0,0,0,0,0,False,CHAPINERO,S.C. MARLY,Calle 45 - American School Way,404.27,1,PARQUE METROPOLITANO PARQUE NACIONAL (PM2A) ENRIQUE OLAYA HERRERA (SECTOR HISTORICO),802.69,0,0.39,,0.5,1.0,0.0,,0.04,233.54,2.0
815-M4641064,APARTAMENTO,VENTA,21.75,370.89,4.0,4.0,2000000.0,4.0,CEDRITOS,6,MAS DE 20 ANOS,4.72,-74.02,USADO,,0,1,0,1,1,1,0,0,0,1,False,USAQUEN,MONTEARROYO,Alcalá,3314.02,0,PARQUE VECINAL NUEVA URBANIZACIÓN EL CEDRITO,1518.73,0,0.06,,1.0,1.0,0.0,,0.01,807.2,0.0
703-M3722277,APARTAMENTO,VENTA,21.08,158.55,3.0,4.0,1559550.0,3.0,CHICO,6,MAS DE 20 ANOS,4.68,-74.05,USADO,,0,1,0,0,1,0,0,0,0,1,False,CHAPINERO,S.C. CHICO NORTE,Virrey,1240.67,0,PARQUE ZONAL CANAL EL VIRREY EL CHICO,830.97,0,0.13,,1.0,0.75,0.0,,0.02,144.68,2.0
11307-M4533685,APARTAMENTO,VENTA,20.2,109.3,3.0,3.0,3921395.93,1.0,COUNTRY,4,MAS DE 20 ANOS,4.72,-74.05,USADO,,0,0,0,0,0,1,0,0,0,1,False,USAQUEN,URB. SANTACOLOMA,Prado,278.51,1,PARQUE VECINAL PRADO PINZÓN,1045.03,0,0.18,,0.33,1.0,0.0,,0.03,685.12,0.0
703-2020,APARTAMENTO,VENTA,20.29,70.0,1.0,2.0,477000.0,1.0,CENTRO INTERNACIONAL,4,ENTRE 0 Y 5 ANOS,4.62,-74.07,USADO,,0,0,0,1,1,0,1,0,0,1,False,SANTA FE,SAN_MARTIN,Museo Nacional,393.19,1,PARQUE METROPOLITANO INDEPENDENCIA BICENTENARIO,643.9,0,0.29,,1.0,0.5,0.0,,0.01,306.27,4.0
12375-M4350511,APARTAMENTO,VENTA,20.95,126.03,2.0,3.0,1200000.0,2.0,CHICO,6,ENTRE 5 Y 10 ANOS,4.66,-74.05,USADO,,0,0,0,1,1,0,0,0,0,1,False,CHAPINERO,LOS ROSALES,Calle 72,1454.89,0,PARQUE ZONAL GUSTAVO URIBE BOTERO,794.15,0,0.17,,1.0,0.67,0.0,,0.02,709.48,0.0
603-M4418365,APARTAMENTO,VENTA,21.25,290.0,3.0,3.0,1350000.0,3.0,COUNTRY,5,MAS DE 20 ANOS,4.71,-74.03,USADO,,0,0,0,1,0,1,0,0,0,1,False,USAQUEN,BOSQUES DE MEDINA,Prado,2987.49,0,PARQUE METROPOLITANO EL COUNTRY,1520.68,0,0.07,,1.0,1.0,0.0,,0.01,689.22,0.0
815-M3796406,APARTAMENTO,VENTA,20.47,137.0,2.0,3.0,528000.0,1.0,SANTA BARBARA,6,MAS DE 20 ANOS,4.7,-74.04,USADO,,0,0,0,0,1,1,0,0,0,1,False,USAQUEN,SANTA BARBARA NORTE,Calle 127,1735.58,0,PARQUE METROPOLITANO EL COUNTRY,378.35,1,0.15,,0.5,0.67,0.0,,0.01,381.56,1.0
4796-M3901628,APARTAMENTO,VENTA,19.86,85.0,3.0,2.0,3921395.93,2.0,COLINA Y ALREDEDORES,4,ENTRE 10 Y 20 ANOS,4.74,-74.07,USADO,,0,0,0,1,1,1,0,0,0,1,False,SUBA,CASABLANCA (HACIENDA),21 Ángeles,1655.25,0,PARQUE ZONAL EL TOMILLAR,664.79,0,0.23,,0.67,1.5,0.0,,0.04,887.18,0.0
12033-M4656916,APARTAMENTO,VENTA,20.2,71.46,3.0,2.0,348900.0,1.0,ALTOS DE SUBA Y CERROS DE SAN JORGE,6,ENTRE 10 Y 20 ANOS,4.76,-74.07,USADO,,0,1,0,1,1,1,1,0,0,1,False,SUBA,URB. DEL MONTE,Portal Norte,2500.62,0,PARQUE ZONAL SAN JOSÉ DE BAVARIA,619.62,0,0.28,,0.33,1.5,0.0,,0.04,2613.55,0.0
603-M4418378,APARTAMENTO,VENTA,20.6,110.0,3.0,4.0,587000.0,2.0,CHICO,6,ENTRE 10 Y 20 ANOS,4.68,-74.05,USADO,,0,0,0,1,1,0,1,0,0,1,False,CHAPINERO,S.C. CHICO NORTE III SECTOR,Calle 100 - Marketmedios,422.9,1,PARQUE VECINAL URBANIZACIÓN NORMANDIA I II II Y IV SECTOR,812.59,0,0.19,,0.67,0.75,0.0,,0.03,246.26,2.0
2671-M4359874,APARTAMENTO,VENTA,21.52,302.0,5.0,4.0,3921395.93,2.0,,6,MAS DE 20 ANOS,4.65,-74.05,USADO,,0,0,0,1,0,1,0,0,0,1,False,CHAPINERO,S.C. LAS ACACIAS,Flores – Areandina,1507.07,0,PARQUE ZONAL GUSTAVO URIBE BOTERO,245.24,1,0.07,,0.4,1.25,0.0,,0.02,670.02,0.0
16437-M4701163,APARTAMENTO,VENTA,21.68,362.0,3.0,4.0,2500000.0,3.0,,6,MAS DE 20 ANOS,4.65,-74.05,USADO,,0,1,0,0,1,0,0,0,0,1,False,CHAPINERO,S.C. LAS ACACIAS,Flores – Areandina,1613.52,0,PARQUE ZONAL GUSTAVO URIBE BOTERO,354.79,1,0.06,,1.0,0.75,0.0,,0.01,779.07,0.0
3606-M4582481,APARTAMENTO,VENTA,19.81,102.0,4.0,3.0,90000.0,1.0,LA SOLEDAD,5,MAS DE 20 ANOS,4.64,-74.07,USADO,,0,0,0,0,0,0,0,0,0,1,False,TEUSAQUILLO,QUESADA,Marly,363.37,1,PARQUE ESCENARIO DEPORTIVO EL CAMPINCITO - CEAD,1351.73,0,0.19,,0.25,1.33,0.0,,0.04,638.01,0.0
4-M4123573,APARTAMENTO,VENTA,20.82,121.0,3.0,3.0,1176300.0,2.0,CHICO,6,ENTRE 10 Y 20 ANOS,4.68,-74.05,USADO,,0,1,0,0,1,1,0,0,0,1,True,CHAPINERO,S.C. CHICO NORTE,Virrey,917.86,0,PARQUE ZONAL CANAL EL VIRREY EL CHICO,623.53,0,0.17,,0.67,1.0,0.0,,0.02,161.19,3.0
3606-M4547882,APARTAMENTO,VENTA,19.52,60.0,3.0,2.0,351000.0,1.0,ORQUIDEAS,5,ENTRE 10 Y 20 ANOS,4.76,-74.04,USADO,,0,0,0,0,1,1,0,0,0,1,False,USAQUEN,SAN ANTONIO NOROCCIDENTAL,Calle 187,550.26,0,PARQUE VECINAL URBANIZACIÓN CALLE 170 / ALAMEDA,609.51,0,0.33,,0.33,1.5,0.0,,0.05,559.77,0.0
2123-M4361816,APARTAMENTO,VENTA,20.95,215.0,3.0,4.0,915000.0,2.0,COUNTRY,6,ENTRE 10 Y 20 ANOS,4.72,-74.03,USADO,,0,1,0,1,1,1,0,0,0,1,False,USAQUEN,LA CANADA,Alcalá,2752.19,0,PARQUE VECINAL NUEVA URBANIZACIÓN EL CEDRITO,948.91,0,0.1,,0.67,0.75,0.0,,0.01,407.03,1.0
815-1409,APARTAMENTO,VENTA,21.47,330.0,4.0,4.0,3921395.93,4.0,COUNTRY,6,MAS DE 20 ANOS,4.71,-74.04,USADO,,0,0,0,0,1,0,0,0,0,1,False,USAQUEN,LA_CAROLINA,Calle 127,1473.84,0,PARQUE METROPOLITANO EL COUNTRY,330.95,1,0.07,,1.0,1.0,0.0,,0.01,359.69,1.0
703-M4305771,APARTAMENTO,VENTA,21.13,393.0,4.0,5.0,1900000.0,3.0,SANTA BARBARA,6,MAS DE 20 ANOS,4.69,-74.05,USADO,,1,1,0,0,1,0,0,0,0,1,False,USAQUEN,SAN PATRICIO,Calle 106,1023.45,0,PARQUE METROPOLITANO EL COUNTRY,1488.37,0,0.05,,0.75,0.8,0.0,,0.01,70.5,3.0
10323-M4569902,APARTAMENTO,VENTA,20.0,94.0,2.0,2.0,3921395.93,2.0,SANTA BARBARA,5,MAS DE 20 ANOS,4.7,-74.05,USADO,,0,0,0,0,1,0,0,0,0,1,False,USAQUEN,SANTA BARBARA OCCIDENTAL,Calle 127,401.67,1,PARQUE ZONAL ATABANZA,1044.23,0,0.21,,1.0,1.0,0.0,,0.02,300.09,5.0
771-M4634771,APARTAMENTO,VENTA,20.5,73.0,2.0,2.0,600000.0,1.0,CHAPINERO ALTO,4,ENTRE 0 Y 5 ANOS,4.66,-74.06,USADO,,0,0,0,1,1,0,1,0,0,1,False,CHAPINERO,S.C. QUINTA CAMACHO,Calle 72,27.62,1,PARQUE ZONAL LA ESTACIÓN,747.28,0,0.28,,0.5,1.0,0.0,,0.03,450.88,1.0
815-M4670234,APARTAMENTO,VENTA,20.91,231.0,4.0,5.0,1350000.0,2.0,SANTA BARBARA,6,MAS DE 20 ANOS,4.7,-74.04,USADO,,0,0,0,1,1,1,0,0,0,1,False,USAQUEN,SANTA BARBARA CENTRAL II SECTOR,Pepe Sierra,1821.52,0,PARQUE METROPOLITANO EL COUNTRY,931.93,0,0.09,,0.5,0.8,0.0,,0.02,651.97,0.0
771-M4370738,APARTAMENTO,VENTA,20.47,155.0,2.0,4.0,933300.0,3.0,SANTA BARBARA,6,MAS DE 20 ANOS,4.69,-74.05,USADO,,0,1,0,1,1,0,0,0,0,1,False,USAQUEN,SANTA BIBIANA,Calle 106,565.79,0,PARQUE VECINAL URBANIZACIÓN NORMANDIA I II II Y IV SECTOR,1444.56,0,0.13,,1.5,0.5,0.0,,0.01,629.14,0.0
342-M4205039,APARTAMENTO,VENTA,20.01,97.0,3.0,2.0,527000.0,2.0,CEDRITOS,4,MAS DE 20 ANOS,4.73,-74.05,USADO,,0,1,0,0,0,1,0,0,0,1,False,USAQUEN,LAS_MARGARITAS,Calle 146,134.75,1,PARQUE VECINAL PRADO PINZÓN,683.42,0,0.21,,0.67,1.5,0.0,,0.03,1083.46,0.0
603-M4421035,APARTAMENTO,VENTA,20.77,144.0,3.0,4.0,950000.0,2.0,CHICO,6,ENTRE 10 Y 20 ANOS,4.68,-74.05,USADO,,0,1,0,1,1,1,0,0,0,1,False,CHAPINERO,S.C. CHICO NORTE,Virrey,1115.25,0,PARQUE ZONAL CANAL EL VIRREY EL CHICO,674.84,0,0.14,,0.67,0.75,0.0,,0.02,85.72,2.0
350-M4106351,APARTAMENTO,VENTA,20.91,204.0,3.0,4.0,1054000.0,3.0,COUNTRY,6,MAS DE 20 ANOS,4.7,-74.04,USADO,,0,1,0,0,1,0,0,0,0,1,False,USAQUEN,LA_CAROLINA,Calle 127,1466.61,0,PARQUE METROPOLITANO EL COUNTRY,285.47,1,0.1,,1.0,0.75,0.0,,0.01,255.15,1.0
603-M4417957,APARTAMENTO,VENTA,21.19,273.0,3.0,4.0,1190000.0,3.0,CHICO,6,MAS DE 20 ANOS,4.67,-74.04,USADO,,0,1,0,0,1,1,0,0,0,1,False,CHAPINERO,CHICO ORIENTAL,Calle 85,2207.61,0,PARQUE VECINAL URBANIZACIÓN LA CABRERA,1152.19,0,0.08,,1.0,0.75,0.0,,0.01,1099.77,0.0
920-M3357708,APARTAMENTO,VENTA,21.13,246.0,3.0,4.0,1200000.0,3.0,SANTA BARBARA,5,ENTRE 10 Y 20 ANOS,4.69,-74.05,USADO,,0,1,0,1,1,0,0,0,0,1,False,USAQUEN,SANTA BIBIANA,Calle 106,640.68,0,PARQUE VECINAL URBANIZACIÓN NORMANDIA I II II Y IV SECTOR,1494.47,0,0.09,,1.0,0.75,0.0,,0.01,586.44,0.0
11013-M4745436,APARTAMENTO,VENTA,19.38,33.0,1.0,1.0,260000.0,1.0,LA SOLEDAD,3,ENTRE 5 Y 10 ANOS,4.64,-74.08,USADO,,0,0,0,0,1,0,0,0,0,1,False,TEUSAQUILLO,ALFONSO LOPEZ,Universidad Nacional,522.6,0,PARQUE ESCENARIO DEPORTIVO EL CAMPINCITO - CEAD,862.83,0,0.59,,1.0,1.0,0.0,,0.03,403.86,1.0
2529-M4485571,APARTAMENTO,VENTA,20.29,116.0,3.0,3.0,360000.0,4.0,CEDRITOS,4,ENTRE 10 Y 20 ANOS,4.73,-74.03,USADO,,0,0,0,1,1,1,0,0,0,1,False,USAQUEN,CAOBOS SALAZAR,Calle 146,1756.11,0,PARQUE VECINAL NUEVA URBANIZACIÓN EL CEDRITO,739.64,0,0.17,,1.33,1.0,0.0,,0.03,160.03,1.0
920-M4313328,APARTAMENTO,VENTA,19.72,49.0,1.0,2.0,230000.0,1.0,COUNTRY,4,ENTRE 0 Y 5 ANOS,4.72,-74.03,USADO,,0,0,0,1,1,0,0,0,0,1,False,USAQUEN,CEDRITOS,Alcalá,2313.32,0,PARQUE VECINAL NUEVA URBANIZACIÓN EL CEDRITO,761.65,0,0.4,,1.0,0.5,0.0,,0.02,267.7,1.0
920-M3264531,APARTAMENTO,VENTA,20.99,200.0,4.0,5.0,1246000.0,2.0,SANTA BARBARA,6,MAS DE 20 ANOS,4.69,-74.04,USADO,,0,1,0,0,1,0,0,0,0,1,False,USAQUEN,RINCON DEL CHICO,Calle 106,1406.09,0,PARQUE ZONAL CANAL EL VIRREY EL CHICO,1813.74,0,0.1,,0.5,0.8,0.0,,0.02,517.29,0.0
2266-M4711580,APARTAMENTO,VENTA,21.82,300.0,3.0,5.0,2353000.0,4.0,,6,MAS DE 20 ANOS,4.69,-74.03,USADO,,1,1,0,1,1,1,1,0,0,1,False,USAQUEN,CERROS DE SANTA BARBARA,Calle 106,3184.0,0,PARQUE METROPOLITANO EL COUNTRY,2014.92,0,0.07,,1.33,0.6,0.0,,0.01,570.94,0.0
10278-M4314297,APARTAMENTO,VENTA,19.97,87.63,3.0,2.0,309000.0,1.0,NIZA ALHAMBRA,4,MAS DE 20 ANOS,4.7,-74.08,USADO,,0,1,0,0,1,0,0,0,0,1,False,SUBA,SAN NICOLAS,Suba - Calle 116,687.95,0,PARQUE ZONAL MORATO,443.39,1,0.23,,0.33,1.5,0.0,,0.03,702.17,0.0
2529-M4485539,APARTAMENTO,VENTA,20.18,139.0,2.0,3.0,800000.0,1.0,CHICO,6,MAS DE 20 ANOS,4.68,-74.05,USADO,,0,0,0,0,1,0,0,0,0,1,False,CHAPINERO,CHICO RESERVADO II SECTOR,Calle 100 - Marketmedios,1204.96,0,PARQUE ZONAL CANAL EL VIRREY EL CHICO,1230.57,0,0.15,,0.5,0.67,0.0,,0.01,241.43,3.0
920-M4307977,APARTAMENTO,VENTA,21.22,270.0,4.0,4.0,1450000.0,3.0,COUNTRY,6,MAS DE 20 ANOS,4.71,-74.04,USADO,,0,0,0,1,1,0,0,0,0,1,False,USAQUEN,S.C. LA CAROLINA,Calle 127,2025.81,0,PARQUE METROPOLITANO EL COUNTRY,331.63,1,0.08,,0.75,1.0,0.0,,0.01,636.31,0.0
920-M4669202,APARTAMENTO,VENTA,20.47,129.0,3.0,3.0,650000.0,2.0,COUNTRY,5,ENTRE 10 Y 20 ANOS,4.71,-74.03,USADO,,0,0,0,1,1,0,1,0,0,1,False,USAQUEN,LISBOA_,Prado,2058.53,0,PARQUE VECINAL NUEVA URBANIZACIÓN EL CEDRITO,1042.45,0,0.16,,0.67,1.0,0.0,,0.02,156.58,2.0
920-M4313403,APARTAMENTO,VENTA,19.64,44.0,1.0,2.0,187900.0,1.0,COUNTRY,4,ENTRE 0 Y 5 ANOS,4.72,-74.03,USADO,,0,0,0,1,1,1,0,0,0,1,False,USAQUEN,CEDRITOS,Alcalá,2313.32,0,PARQUE VECINAL NUEVA URBANIZACIÓN EL CEDRITO,761.65,0,0.45,,1.0,0.5,0.0,,0.02,267.7,1.0
293-M4742470,APARTAMENTO,VENTA,20.07,79.0,3.0,2.0,322000.0,1.0,ORQUIDEAS,4,ENTRE 10 Y 20 ANOS,4.76,-74.04,USADO,,0,0,0,0,1,1,0,0,0,1,False,USAQUEN,CANAPRO,Portal Norte,891.37,0,PARQUE VECINAL URBANIZACIÓN CALLE 170 / ALAMEDA,19.9,1,0.25,,0.33,1.5,0.0,,0.04,803.73,0.0
920-M4307848,APARTAMENTO,VENTA,21.37,270.0,4.0,4.0,1500000.0,3.0,COUNTRY,6,MAS DE 20 ANOS,4.71,-74.04,USADO,,0,0,0,1,1,0,0,0,0,1,False,USAQUEN,S.C. LA CAROLINA,Calle 127,2025.81,0,PARQUE METROPOLITANO EL COUNTRY,331.63,1,0.08,,0.75,1.0,0.0,,0.01,636.31,0.0
342-M4423474,APARTAMENTO,VENTA,21.13,200.0,3.0,4.0,1300000.0,3.0,CERROS DE SUBA,6,ENTRE 10 Y 20 ANOS,4.71,-74.08,USADO,,0,1,0,1,1,0,0,0,0,1,False,SUBA,S.C. ALMIRANTE COLON,Niza - Calle 127,1187.84,0,PARQUE METROPOLITANO CEFE COMETAS,58.21,1,0.11,,1.0,0.75,0.0,,0.02,1215.35,0.0
4796-M4429205,APARTAMENTO,VENTA,19.99,79.5,3.0,2.0,420500.0,1.0,CEDRITOS,4,MAS DE 20 ANOS,4.72,-74.03,USADO,,0,0,0,1,1,0,0,0,0,1,False,USAQUEN,LAS_ACACIAS,Alcalá,2602.29,0,PARQUE VECINAL NUEVA URBANIZACIÓN EL CEDRITO,719.11,0,0.25,,0.33,1.5,0.0,,0.04,533.75,0.0
4796-M4209235,APARTAMENTO,VENTA,19.99,92.0,3.0,2.0,349000.0,1.0,ORQUIDEAS,4,ENTRE 5 Y 10 ANOS,4.74,-74.03,USADO,,0,0,0,1,1,1,0,0,0,1,False,USAQUEN,VILLAS DE ARANJUEZ,Toberin - Foundever,1586.75,0,PARQUE VECINAL URBANIZACIÓN TOBERIN,754.95,0,0.22,,0.33,1.5,0.0,,0.03,488.89,1.0
343-M4423155,APARTAMENTO,VENTA,19.81,74.0,3.0,2.0,320000.0,1.0,METROPOLIS,4,MAS DE 20 ANOS,4.68,-74.08,USADO,,0,0,0,0,0,1,0,0,0,1,False,BARRIOS UNIDOS,METROPOLIS,Carrera 53,302.12,1,PARQUE VECINAL URBANIZACIÓN METROPOLIS,514.76,0,0.27,,0.33,1.5,0.0,,0.04,324.25,1.0
293-M3447171,APARTAMENTO,VENTA,20.49,193.0,4.0,4.0,944000.0,2.0,NIZA ALHAMBRA,5,MAS DE 20 ANOS,4.7,-74.07,USADO,,0,1,0,1,1,0,0,0,0,1,False,SUBA,PUENTE LARGO III SECTOR,Suba - Calle 116,321.87,1,PARQUE ZONAL MORATO,560.96,0,0.11,,0.5,1.0,0.0,,0.02,588.52,0.0
11013-M4710133,APARTAMENTO,VENTA,20.32,92.0,3.0,2.0,300000.0,2.0,COLINA Y ALREDEDORES,5,ENTRE 0 Y 5 ANOS,4.76,-74.06,USADO,,0,0,0,1,1,0,1,0,0,1,False,SUBA,SAN JOSE DE BAVARIA,Portal Norte,2078.65,0,PARQUE ZONAL SAN JOSÉ DE BAVARIA,555.1,0,0.22,,0.67,1.5,0.0,,0.03,2084.07,0.0
920-M4631428,APARTAMENTO,VENTA,21.12,120.0,3.0,3.0,800000.0,2.0,CHICO,6,MAS DE 20 ANOS,4.66,-74.05,USADO,,0,1,0,0,1,0,0,0,0,1,False,CHAPINERO,LOS ROSALES,Calle 72,1448.6,0,PARQUE ZONAL SAN ANDRÉS,858.93,0,0.18,,0.67,1.0,0.0,,0.02,718.07,0.0
2671-M4711360,APARTAMENTO,VENTA,20.86,136.6,3.0,3.0,1264959.0,2.0,CHICO,6,ENTRE 10 Y 20 ANOS,4.68,-74.04,USADO,,0,1,0,0,1,0,0,0,0,1,False,CHAPINERO,CHICO RESERVADO,Calle 100 - Marketmedios,1757.77,0,PARQUE VECINAL URBANIZACIÓN LA CABRERA,1198.22,0,0.15,,0.67,1.0,0.0,,0.02,413.33,2.0
464-M4209164,APARTAMENTO,VENTA,21.13,198.0,3.0,5.0,1060000.0,2.0,CHICO,6,MAS DE 20 ANOS,4.67,-74.05,USADO,,0,1,0,0,1,0,0,0,0,1,False,CHAPINERO,LA CABRERA,Héroes - Gel´Hada,1370.38,0,PARQUE VECINAL URBANIZACIÓN LA CABRERA,430.14,1,0.11,,0.67,0.6,0.0,,0.02,451.1,1.0
343-M4230393,APARTAMENTO,VENTA,19.81,74.54,3.0,2.0,240000.0,1.0,ORQUIDEAS,4,ENTRE 10 Y 20 ANOS,4.77,-74.03,USADO,,0,0,0,1,1,1,0,0,0,1,False,USAQUEN,ANDALUCIA,Terminal,1171.38,0,PARQUE VECINAL DESARROLLO VERBENAL I,924.89,0,0.27,,0.33,1.5,0.0,,0.04,984.2,0.0
342-M4593017,APARTAMENTO,VENTA,21.25,163.15,3.0,4.0,948000.0,2.0,SANTA BARBARA,6,ENTRE 10 Y 20 ANOS,4.7,-74.03,USADO,,0,1,0,1,1,1,1,0,0,1,False,USAQUEN,RESERVAS DE LA SIERRA - LA ARBOLEDA,Calle 127,2934.79,0,PARQUE METROPOLITANO EL COUNTRY,1222.73,0,0.13,,0.67,0.75,0.0,,0.02,693.26,0.0
343-M4423130,APARTAMENTO,VENTA,20.11,105.57,3.0,3.0,705000.0,2.0,COUNTRY,5,MAS DE 20 ANOS,4.72,-74.04,USADO,,0,0,0,0,1,1,0,0,0,1,False,USAQUEN,LISBOA_,Prado,1947.38,0,PARQUE VECINAL NUEVA URBANIZACIÓN EL CEDRITO,943.95,0,0.19,,0.67,1.0,0.0,,0.03,275.03,1.0
920-42152917,APARTAMENTO,VENTA,21.13,250.0,3.0,4.0,1165000.0,4.0,CHICO,6,ENTRE 10 Y 20 ANOS,4.68,-74.05,USADO,,0,1,0,0,1,0,0,0,0,1,False,CHAPINERO,S.C. CHICO NORTE,Virrey,598.61,0,PARQUE VECINAL URBANIZACIÓN NORMANDIA I II II Y IV SECTOR,503.4,0,0.08,,1.33,0.75,0.0,,0.01,306.96,2.0
546-M3727032,APARTAMENTO,VENTA,21.35,268.0,3.0,4.0,1700000.0,2.0,CEDRITOS,6,ENTRE 10 Y 20 ANOS,4.72,-74.03,USADO,,0,1,0,0,1,0,0,0,0,1,False,USAQUEN,AGUA DULCE,Alcalá,2712.98,0,PARQUE VECINAL NUEVA URBANIZACIÓN EL CEDRITO,815.8,0,0.08,,0.67,0.75,0.0,,0.01,572.59,0.0
293-M4511364,APARTAMENTO,VENTA,20.44,131.0,3.0,3.0,450000.0,2.0,COLINA Y ALREDEDORES,5,ENTRE 10 Y 20 ANOS,4.73,-74.06,USADO,,0,0,0,1,1,1,0,0,0,1,False,SUBA,COLPATRIA SANTA HELENA,Calle 146,1017.18,0,PARQUE VECINAL URBANIZACIÓN LA LAGUNA,613.94,0,0.16,,0.67,1.0,0.0,,0.02,763.49,0.0
920-M4478911,APARTAMENTO,VENTA,20.82,173.0,2.0,3.0,834000.0,2.0,COUNTRY,6,MAS DE 20 ANOS,4.71,-74.04,USADO,,0,1,0,0,1,1,0,0,0,1,False,USAQUEN,LA_CAROLINA,Calle 127,1598.56,0,PARQUE METROPOLITANO EL COUNTRY,336.53,1,0.12,,1.0,0.67,0.0,,0.01,502.29,0.0
343-M3677524,APARTAMENTO,VENTA,20.71,249.0,3.0,3.0,3921395.93,2.0,SANTA BARBARA,6,MAS DE 20 ANOS,4.7,-74.04,USADO,,1,1,0,0,0,0,0,0,0,1,False,USAQUEN,SANTA BARBARA CENTRAL I SECTOR,Calle 127,2115.3,0,PARQUE METROPOLITANO EL COUNTRY,658.07,0,0.08,,0.67,1.0,0.0,,0.01,513.81,0.0
293-M4269470,APARTAMENTO,VENTA,20.48,138.0,4.0,4.0,728000.0,2.0,COUNTRY,5,MAS DE 20 ANOS,4.71,-74.05,USADO,,0,0,0,1,1,1,1,0,0,1,False,USAQUEN,,Prado,431.69,1,PARQUE ZONAL ATABANZA,1087.67,0,0.15,,0.5,1.0,0.0,,0.03,751.73,0.0
11013-M4744344,APARTAMENTO,VENTA,21.68,220.0,3.0,4.0,1547000.0,3.0,CHICO,6,ENTRE 10 Y 20 ANOS,4.68,-74.04,USADO,,0,1,0,1,1,0,0,0,0,1,False,CHAPINERO,S.C. CHICO NORTE,Virrey,1552.93,0,PARQUE VECINAL URBANIZACIÓN LA CABRERA,884.54,0,0.1,,1.0,0.75,0.0,,0.01,372.44,1.0
920-42151290,APARTAMENTO,VENTA,21.31,250.0,3.0,4.0,1094800.0,4.0,COUNTRY,6,ENTRE 5 Y 10 ANOS,4.71,-74.04,USADO,,0,1,0,1,1,0,0,0,0,1,False,USAQUEN,LA_CAROLINA,Calle 127,1363.65,0,PARQUE METROPOLITANO EL COUNTRY,427.93,1,0.09,,1.33,0.75,0.0,,0.01,346.12,1.0
343-M4664679,APARTAMENTO,VENTA,20.82,160.0,3.0,4.0,1200000.0,4.0,SANTA BARBARA,6,MAS DE 20 ANOS,4.69,-74.05,USADO,,0,0,0,1,1,0,0,0,0,1,False,USAQUEN,SANTA BIBIANA,Calle 106,760.76,0,PARQUE VECINAL URBANIZACIÓN NORMANDIA I II II Y IV SECTOR,1704.26,0,0.13,,1.33,0.75,0.0,,0.02,497.25,1.0
293-M3447174,APARTAMENTO,VENTA,20.61,150.0,4.0,5.0,1050000.0,2.0,SANTA BARBARA,6,MAS DE 20 ANOS,4.69,-74.05,USADO,,0,0,0,0,1,0,0,0,0,1,False,USAQUEN,SAN PATRICIO,Calle 106,802.98,0,PARQUE METROPOLITANO EL COUNTRY,1801.09,0,0.14,,0.5,0.8,0.0,,0.03,252.23,2.0
920-M4635930,APARTAMENTO,VENTA,21.05,175.0,4.0,4.0,870000.0,2.0,COUNTRY,6,ENTRE 10 Y 20 ANOS,4.7,-74.04,USADO,,0,1,0,1,1,1,1,0,0,1,False,USAQUEN,PLENITUD LA CALLEJA,Calle 127,1134.31,0,PARQUE METROPOLITANO EL COUNTRY,613.16,0,0.12,,0.5,1.0,0.0,,0.02,332.01,1.0
920-M3791602,APARTAMENTO,VENTA,20.82,180.0,3.0,3.0,1100000.0,2.0,SANTA BARBARA,6,MAS DE 20 ANOS,4.7,-74.04,USADO,,0,1,0,1,1,0,0,0,0,1,False,USAQUEN,SANTA BARBARA CENTRAL I SECTOR,Calle 127,2060.33,0,PARQUE METROPOLITANO EL COUNTRY,465.95,1,0.12,,0.67,1.0,0.0,,0.02,665.13,0.0
293-M4420814,APARTAMENTO,VENTA,21.06,150.0,3.0,4.0,676000.0,2.0,COLINA Y ALREDEDORES,4,ENTRE 10 Y 20 ANOS,4.74,-74.07,USADO,,1,0,0,1,1,1,1,0,0,1,False,SUBA,CASABLANCA (HACIENDA),Gratamira,1708.15,0,PARQUE ZONAL EL TOMILLAR,773.95,0,0.14,,0.67,0.75,0.0,,0.02,781.09,0.0
920-42150292,APARTAMENTO,VENTA,20.98,152.0,2.0,4.0,550000.0,2.0,SANTA BARBARA,6,ENTRE 0 Y 5 ANOS,4.7,-74.04,USADO,,0,1,0,1,1,0,0,0,0,1,False,USAQUEN,SANTA BARBARA CENTRAL I SECTOR,Calle 127,1659.17,0,PARQUE METROPOLITANO EL COUNTRY,513.06,0,0.14,,1.0,0.5,0.0,,0.01,380.51,1.0
234-M4206724,APARTAMENTO,VENTA,20.5,151.0,3.0,4.0,650000.0,2.0,ALTOS DE SUBA Y CERROS DE SAN JORGE,6,MAS DE 20 ANOS,4.74,-74.07,USADO,,0,1,0,0,1,0,0,0,0,1,False,SUBA,SALAMANCA Y CATALAYUD,21 Ángeles,761.02,0,PARQUE ZONAL EL TOMILLAR,613.78,0,0.14,,0.67,0.75,0.0,,0.02,831.42,0.0
920-M4631449,APARTAMENTO,VENTA,21.16,162.0,2.0,3.0,3921395.93,2.0,CHICO,6,ENTRE 10 Y 20 ANOS,4.68,-74.04,USADO,,0,1,0,1,1,0,0,0,0,1,False,CHAPINERO,S.C. CHICO NORTE,Calle 100 - Marketmedios,1554.64,0,PARQUE VECINAL URBANIZACIÓN LA CABRERA,1060.33,0,0.13,,1.0,0.67,0.0,,0.01,390.28,2.0
920-M4239393,APARTAMENTO,VENTA,21.12,105.0,3.0,4.0,1140000.0,2.0,COUNTRY,6,ENTRE 0 Y 5 ANOS,4.7,-74.04,USADO,,0,0,0,1,1,0,0,0,0,1,False,USAQUEN,LA_CAROLINA,Calle 127,1577.39,0,PARQUE METROPOLITANO EL COUNTRY,180.17,1,0.2,,0.67,0.75,0.0,,0.03,315.12,1.0
920-M4575652,APARTAMENTO,VENTA,21.7,366.0,4.0,5.0,2044000.0,4.0,CHICO,6,MAS DE 20 ANOS,4.68,-74.05,USADO,,1,1,0,0,1,0,0,0,0,1,False,CHAPINERO,S.C. CHICO NORTE,Virrey,1446.33,0,PARQUE VECINAL URBANIZACIÓN LA CABRERA,727.79,0,0.06,,1.0,0.8,0.0,,0.01,316.52,1.0
343-M4372857,APARTAMENTO,VENTA,19.81,69.0,3.0,2.0,273000.0,1.0,COLINA Y ALREDEDORES,4,ENTRE 10 Y 20 ANOS,4.74,-74.06,USADO,,0,0,0,1,1,1,0,0,0,1,False,SUBA,BURGOS BRITALIA,Calle 161,1807.47,0,PARQUE VECINAL DESARROLLO CANTALEJO URBANIZACIÓN CANTALEJO MANZANA B,754.7,0,0.29,,0.33,1.5,0.0,,0.04,1364.52,0.0
920-M4567318,APARTAMENTO,VENTA,20.55,144.0,3.0,4.0,912000.0,2.0,SANTA BARBARA,6,ENTRE 10 Y 20 ANOS,4.7,-74.05,USADO,,0,1,0,0,1,0,0,0,0,1,False,USAQUEN,SANTA BARBARA OCCIDENTAL,Calle 127,141.97,1,PARQUE ZONAL ATABANZA,731.12,0,0.14,,0.67,0.75,0.0,,0.02,28.39,5.0
646-M4710889,APARTAMENTO,VENTA,19.55,66.0,3.0,2.0,230000.0,1.0,ALTOS DE SUBA Y CERROS DE SAN JORGE,4,ENTRE 5 Y 10 ANOS,4.75,-74.1,USADO,,0,0,0,0,1,1,0,0,0,1,False,SUBA,LOMBARDIA III,Portal Suba,713.69,0,PARQUE VECINAL URBANIZACIÓN LOMBARDIA II ETAPA,742.74,0,0.3,,0.33,1.5,0.0,,0.05,419.58,1.0
897-M4745661,APARTAMENTO,VENTA,19.47,39.69,1.0,1.0,3921395.93,1.0,NIZA ALHAMBRA,5,MAS DE 20 ANOS,4.7,-74.06,USADO,,0,0,0,1,0,1,0,0,0,1,False,SUBA,EL BATAN,Calle 127,640.77,0,PARQUE ZONAL ATABANZA,516.95,0,0.49,,1.0,1.0,0.0,,0.03,804.08,0.0
920-42152442,APARTAMENTO,VENTA,21.28,175.0,3.0,4.0,1100000.0,2.0,CHICO,6,ENTRE 5 Y 10 ANOS,4.66,-74.05,USADO,,0,1,0,1,1,0,0,0,0,1,False,CHAPINERO,LOS ROSALES,Calle 72,1454.89,0,PARQUE ZONAL GUSTAVO URIBE BOTERO,794.15,0,0.12,,0.67,0.75,0.0,,0.02,709.48,0.0
920-M4439186,APARTAMENTO,VENTA,20.14,82.0,3.0,2.0,864000.0,2.0,COUNTRY,5,ENTRE 10 Y 20 ANOS,4.72,-74.04,USADO,,0,0,0,0,1,0,0,0,0,1,False,USAQUEN,EL CONTADOR,Alcalá,754.36,0,PARQUE VECINAL PRADO PINZÓN,1267.69,0,0.25,,0.67,1.5,0.0,,0.04,260.94,1.0
920-M3555835,APARTAMENTO,VENTA,20.85,128.0,2.0,3.0,1450000.0,2.0,CHICO,6,ENTRE 5 Y 10 ANOS,4.68,-74.04,USADO,,0,0,0,1,1,0,0,0,0,1,False,CHAPINERO,CHICO RESERVADO,Calle 100 - Marketmedios,1655.62,0,PARQUE VECINAL URBANIZACIÓN LA CABRERA,1125.94,0,0.16,,1.0,0.67,0.0,,0.02,390.34,3.0
464-M4201713,APARTAMENTO,VENTA,21.47,208.82,3.0,5.0,1129000.0,2.0,CHICO,6,ENTRE 10 Y 20 ANOS,4.67,-74.06,USADO,,0,0,0,1,1,0,0,0,0,1,False,CHAPINERO,S.C. ANTIGUO COUNTRY,Calle 85,294.67,1,PARQUE METROPOLITANO RECONCILIACIÓN,223.07,1,0.1,,0.67,0.6,0.0,,0.01,302.29,3.0
15060-M4710698,APARTAMENTO,VENTA,19.79,90.0,3.0,3.0,196000.0,1.0,CASTILLA MARSELLA,3,ENTRE 0 Y 5 ANOS,4.65,-74.15,USADO,,0,1,0,1,1,1,1,0,0,1,False,KENNEDY,S.C. TINTALA,Biblioteca Tintal,1278.11,0,PARQUE METROPOLITANO BIBLIOTECA EL TINTAL,493.89,1,0.22,,0.33,1.0,0.0,,0.03,2544.08,0.0
72-M4526295,APARTAMENTO,VENTA,19.78,80.0,2.0,2.0,350000.0,1.0,CEDRITOS,4,ENTRE 10 Y 20 ANOS,4.72,-74.04,USADO,,0,0,0,0,1,0,0,0,0,1,False,USAQUEN,EL CONTADOR,Calle 142,1035.7,0,PARQUE VECINAL NUEVA URBANIZACIÓN EL CEDRITO,938.14,0,0.25,,0.5,1.0,0.0,,0.02,609.38,0.0
15738-M4742835,APARTAMENTO,VENTA,20.32,110.0,3.0,3.0,700000.0,2.0,COUNTRY,5,ENTRE 10 Y 20 ANOS,4.71,-74.05,USADO,,0,1,0,1,1,0,0,0,0,1,False,USAQUEN,,Prado,377.13,1,PARQUE ZONAL ATABANZA,811.14,0,0.18,,0.67,1.0,0.0,,0.03,518.19,0.0
293-M4663508,APARTAMENTO,VENTA,20.41,84.42,2.0,2.0,536900.0,1.0,CHAPINERO,4,ENTRE 5 Y 10 ANOS,4.65,-74.07,USADO,,0,0,0,1,1,1,0,0,0,1,False,TEUSAQUILLO,SAN LUIS,Movistar Arena,738.94,0,PARQUE ESCENARIO DEPORTIVO EL CAMPINCITO - CEAD,699.86,0,0.24,,0.5,1.0,0.0,,0.02,659.51,0.0
920-M4296461,APARTAMENTO,VENTA,21.31,254.0,4.0,5.0,2250000.0,3.0,CHICO,6,MAS DE 20 ANOS,4.66,-74.05,USADO,,0,1,0,0,1,0,0,0,0,1,False,CHAPINERO,S.C. EL NOGAL,Calle 76 - San Felipe,1050.82,0,PARQUE ZONAL SAN ANDRÉS,458.53,1,0.08,,0.75,0.8,0.0,,0.02,581.07,0.0
2751-M4478623,APARTAMENTO,VENTA,20.7,98.0,3.0,2.0,346000.0,1.0,,4,ENTRE 10 Y 20 ANOS,4.64,-74.1,USADO,,0,0,0,1,1,0,0,0,0,1,False,TEUSAQUILLO,CIUDAD SALITRE NORORIENTAL,CAN,209.21,1,PARQUE VECINAL URBANIZACIÓN SALITRE (GRECO),849.01,0,0.21,,0.33,1.5,0.0,,0.03,420.98,4.0
12500-M4700738,APARTAMENTO,VENTA,21.24,220.0,4.0,5.0,1100000.0,2.0,COUNTRY,6,ENTRE 5 Y 10 ANOS,4.71,-74.03,USADO,,0,0,0,1,1,1,0,0,0,1,False,USAQUEN,GINEBRA NORTE,Prado,2641.52,0,PARQUE METROPOLITANO EL COUNTRY,1285.81,0,0.1,,0.5,0.8,0.0,,0.02,363.51,2.0
11301-M4652778,APARTAMENTO,VENTA,20.99,119.06,3.0,3.0,633500.0,2.0,COUNTRY,5,ENTRE 0 Y 5 ANOS,4.71,-74.05,USADO,,0,0,0,1,0,0,0,0,0,1,False,USAQUEN,,Prado,535.02,0,PARQUE ZONAL ATABANZA,1190.68,0,0.18,,0.67,1.0,0.0,,0.03,806.84,0.0
12715-M4734679,APARTAMENTO,VENTA,20.38,78.9,3.0,3.0,374000.0,2.0,SALITRE MODELIA,4,MAS DE 20 ANOS,4.65,-74.11,USADO,,0,1,0,1,1,1,1,0,0,1,False,FONTIBON,CIUDAD SALITRE OCCIDENTAL,Salitre - El Greco,783.53,0,PARQUE ZONAL SAUZALITO,812.44,0,0.26,,0.67,1.0,0.0,,0.04,425.99,1.0
2123-M4160565,APARTAMENTO,VENTA,20.98,173.0,3.0,5.0,930000.0,2.0,COUNTRY,6,ENTRE 10 Y 20 ANOS,4.7,-74.03,USADO,,0,0,0,1,1,1,0,0,0,1,False,USAQUEN,SANTA BARBARA ORIENTAL,Calle 127,2496.9,0,PARQUE METROPOLITANO EL COUNTRY,763.12,0,0.12,,0.67,0.6,0.0,,0.02,734.21,0.0
2123-M2887174,APARTAMENTO,VENTA,20.74,160.0,3.0,4.0,843000.0,2.0,COUNTRY,6,ENTRE 10 Y 20 ANOS,4.72,-74.03,USADO,,0,1,0,0,1,1,0,0,0,1,False,USAQUEN,LA CANADA,Alcalá,2801.04,0,PARQUE VECINAL NUEVA URBANIZACIÓN EL CEDRITO,980.91,0,0.13,,0.67,0.75,0.0,,0.02,452.66,1.0
2123-M4413602,APARTAMENTO,VENTA,20.95,147.0,3.0,4.0,830000.0,2.0,COUNTRY,6,ENTRE 5 Y 10 ANOS,4.71,-74.03,USADO,,0,0,0,1,1,1,0,0,0,1,False,USAQUEN,BELLA SUIZA,Calle 127,2705.92,0,PARQUE METROPOLITANO EL COUNTRY,967.47,0,0.14,,0.67,0.75,0.0,,0.02,618.09,0.0
2123-M2870811,APARTAMENTO,VENTA,21.28,221.0,3.0,5.0,1200000.0,4.0,COUNTRY,6,ENTRE 5 Y 10 ANOS,4.71,-74.03,USADO,,0,1,0,1,1,1,0,0,0,1,False,USAQUEN,BOSQUES DE MEDINA,Prado,2789.73,0,PARQUE METROPOLITANO EL COUNTRY,1364.99,0,0.1,,1.33,0.6,0.0,,0.01,494.21,1.0
350-M4548621,APARTAMENTO,VENTA,20.67,125.16,2.0,3.0,513000.0,1.0,CENTRO INTERNACIONAL,4,MAS DE 20 ANOS,4.62,-74.07,USADO,,0,1,0,0,1,1,1,0,0,1,False,SANTA FE,SAMPER,Calle 34,288.84,1,PARQUE METROPOLITANO EL RENACIMIENTO - PARQUE CEMENTERIO CENTRAL,680.37,0,0.17,,0.5,0.67,0.0,,0.02,408.58,4.0
2123-M3837500,APARTAMENTO,VENTA,21.44,313.0,3.0,5.0,1850000.0,3.0,COUNTRY,6,ENTRE 10 Y 20 ANOS,4.72,-74.03,USADO,,0,1,0,1,1,1,0,0,0,1,False,USAQUEN,CIUDADELA REAL,Alcalá,2773.91,0,PARQUE VECINAL NUEVA URBANIZACIÓN EL CEDRITO,1093.66,0,0.07,,1.0,0.6,0.0,,0.01,265.74,1.0
771-M4550731,APARTAMENTO,VENTA,21.16,162.0,2.0,3.0,3921395.93,2.0,CHICO,6,ENTRE 10 Y 20 ANOS,4.68,-74.04,USADO,,0,1,0,1,1,0,0,0,0,1,False,CHAPINERO,S.C. CHICO NORTE,Calle 100 - Marketmedios,1554.64,0,PARQUE VECINAL URBANIZACIÓN LA CABRERA,1060.33,0,0.13,,1.0,0.67,0.0,,0.01,390.28,2.0
4498-M4504492,APARTAMENTO,VENTA,20.18,102.0,3.0,2.0,518000.0,2.0,ORQUIDEAS,4,ENTRE 0 Y 5 ANOS,4.75,-74.03,USADO,,0,0,0,1,1,1,1,0,0,1,False,USAQUEN,EL REDIL,Portal Norte,2337.89,0,PARQUE ZONAL SERVITA,1241.44,0,0.2,,0.67,1.5,0.0,,0.03,1372.47,0.0
703-M4593179,APARTAMENTO,VENTA,21.06,162.0,3.0,4.0,1318500.0,3.0,SANTA BARBARA,6,ENTRE 10 Y 20 ANOS,4.7,-74.05,USADO,,0,0,0,0,1,0,0,0,0,1,True,USAQUEN,SANTA BARBARA OCCIDENTAL,Pepe Sierra,985.02,0,PARQUE METROPOLITANO EL COUNTRY,1021.78,0,0.13,,1.0,0.75,0.0,,0.02,275.69,1.0
272-M4651264,APARTAMENTO,VENTA,19.52,68.11,3.0,2.0,214000.0,1.0,CASTILLA MARSELLA,3,ENTRE 5 Y 10 ANOS,4.65,-74.14,USADO,,0,0,0,0,0,1,1,0,0,1,False,KENNEDY,LAGOS DE CASTILLA,Transversal 86,1988.03,0,PARQUE VECINAL VILLA ALSACIA,806.93,0,0.29,,0.33,1.5,0.0,,0.04,1536.64,0.0
72-M4499587,APARTAMENTO,VENTA,20.29,79.0,3.0,2.0,3921395.93,1.0,CENTRO INTERNACIONAL,4,ENTRE 10 Y 20 ANOS,4.62,-74.07,USADO,,0,0,0,0,1,0,0,0,0,1,False,SANTA FE,SAMPER,Calle 34,299.43,1,PARQUE METROPOLITANO PARQUE NACIONAL (PM2A) ENRIQUE OLAYA HERRERA (SECTOR HISTORICO),727.63,0,0.26,,0.33,1.5,0.0,,0.04,386.77,4.0
72-M4590691,APARTAMENTO,VENTA,21.19,254.0,3.0,5.0,1393000.0,2.0,CHICO,6,MAS DE 20 ANOS,4.66,-74.05,USADO,,0,0,0,0,1,0,0,0,0,1,False,CHAPINERO,S.C. EL NOGAL,Calle 76 - San Felipe,1026.28,0,PARQUE ZONAL SAN ANDRÉS,236.14,1,0.08,,0.67,0.6,0.0,,0.01,424.31,2.0
920-M3574356,APARTAMENTO,VENTA,20.77,200.0,4.0,4.0,1209000.0,2.0,COUNTRY,5,MAS DE 20 ANOS,4.72,-74.05,USADO,,0,1,0,0,1,0,0,0,0,1,False,USAQUEN,LOS CEDROS,Alcalá,287.62,1,PARQUE VECINAL PRADO PINZÓN,713.71,0,0.1,,0.5,1.0,0.0,,0.02,293.18,1.0
920-M3693812,APARTAMENTO,VENTA,20.37,128.0,3.0,2.0,633000.0,2.0,CEDRITOS,4,ENTRE 10 Y 20 ANOS,4.73,-74.04,USADO,,0,0,0,1,1,1,0,0,0,1,False,USAQUEN,PARQUES DE LORENA,Mazurén,1168.19,0,PARQUE ZONAL LA VIDA,730.23,0,0.16,,0.67,1.5,0.0,,0.02,745.63,0.0
10159-M4618279,APARTAMENTO,VENTA,19.99,79.57,3.0,3.0,337589.0,2.0,ENGATIVA,4,ENTRE 0 Y 5 ANOS,4.72,-74.13,USADO,,0,0,0,1,1,1,1,0,0,1,False,ENGATIVA,S.C. ENGATIVA EL DORADO,Portal 80,2910.73,0,PARQUE METROPOLITANO PLANTA DE TRATAMIENTO SALITRE,828.96,0,0.25,,0.67,1.0,0.0,,0.04,2697.07,0.0
12503-M4709212,APARTAMENTO,VENTA,20.07,107.0,3.0,3.0,527000.0,2.0,COLINA Y ALREDEDORES,5,ENTRE 10 Y 20 ANOS,4.73,-74.04,USADO,,0,1,0,1,1,1,0,0,0,1,False,USAQUEN,LAS MARGARITAS I SECTOR,Mazurén,858.79,0,PARQUE ZONAL LA VIDA,888.81,0,0.19,,0.67,1.0,0.0,,0.03,1061.3,0.0
920-42152561,APARTAMENTO,VENTA,20.68,54.0,1.0,2.0,351000.0,1.0,CHICO,5,ENTRE 0 Y 5 ANOS,4.67,-74.06,USADO,4500000.0,0,0,0,1,1,0,0,0,0,1,False,CHAPINERO,S.C. ANTIGUO COUNTRY,Calle 85,302.33,1,PARQUE METROPOLITANO RECONCILIACIÓN,224.06,1,0.38,83333.33,1.0,0.5,0.0,12.82,0.02,327.64,2.0
293-M4298194,APARTAMENTO,VENTA,20.09,96.0,2.0,2.0,614000.0,2.0,COUNTRY,5,ENTRE 10 Y 20 ANOS,4.71,-74.03,USADO,,0,0,0,0,1,0,0,0,0,1,False,USAQUEN,S.C. LA CAROLINA,Prado,2325.66,0,PARQUE METROPOLITANO EL COUNTRY,676.58,0,0.21,,1.0,1.0,0.0,,0.02,376.92,1.0
2529-M4511312,APARTAMENTO,VENTA,20.56,101.0,3.0,3.0,648700.0,2.0,COUNTRY,5,ENTRE 5 Y 10 ANOS,4.72,-74.05,USADO,,0,0,0,0,1,0,0,0,0,1,False,USAQUEN,COUNTRY CLUB,Alcalá,760.91,0,PARQUE VECINAL PRADO PINZÓN,1344.62,0,0.2,,0.67,1.0,0.0,,0.03,392.23,1.0
11013-M4710139,APARTAMENTO,VENTA,19.88,57.0,1.0,2.0,369000.0,1.0,SANTA BARBARA,6,ENTRE 0 Y 5 ANOS,4.7,-74.03,USADO,,0,0,0,1,1,0,0,0,0,1,False,USAQUEN,SANTA BARBARA ORIENTAL,Calle 127,2701.1,0,PARQUE METROPOLITANO EL COUNTRY,978.43,0,0.35,,1.0,0.5,0.0,,0.02,670.24,0.0
920-M3979257,APARTAMENTO,VENTA,20.28,117.0,3.0,3.0,888000.0,2.0,SANTA BARBARA,6,MAS DE 20 ANOS,4.7,-74.04,USADO,,0,0,0,0,1,0,0,0,0,1,False,USAQUEN,SANTA BARBARA CENTRAL I SECTOR,Calle 127,1659.17,0,PARQUE METROPOLITANO EL COUNTRY,513.06,0,0.17,,0.67,1.0,0.0,,0.03,380.51,1.0
920-M4647744,APARTAMENTO,VENTA,20.72,132.0,3.0,3.0,1000000.0,2.0,COUNTRY,6,MAS DE 20 ANOS,4.71,-74.04,USADO,,0,1,0,0,1,0,0,0,0,1,False,USAQUEN,LA_CAROLINA,Calle 127,1380.41,0,PARQUE METROPOLITANO EL COUNTRY,485.68,1,0.16,,0.67,1.0,0.0,,0.02,456.65,1.0
920-M3533941,APARTAMENTO,VENTA,21.05,218.0,3.0,5.0,736000.0,2.0,CHICO,6,MAS DE 20 ANOS,4.66,-74.05,USADO,,0,1,0,0,1,0,0,0,0,1,False,CHAPINERO,S.C. BELLAVISTA,Calle 72,1251.71,0,PARQUE ZONAL GUSTAVO URIBE BOTERO,614.68,0,0.1,,0.67,0.6,0.0,,0.01,499.91,1.0
920-M4242266,APARTAMENTO,VENTA,21.06,310.0,4.0,4.0,1500000.0,3.0,SANTA BARBARA,5,MAS DE 20 ANOS,4.7,-74.05,USADO,,0,1,0,0,1,1,0,0,0,1,False,USAQUEN,SANTA BARBARA OCCIDENTAL,Pepe Sierra,728.39,0,PARQUE METROPOLITANO EL COUNTRY,1260.47,0,0.07,,0.75,1.0,0.0,,0.01,286.53,2.0
12500-M4709119,APARTAMENTO,VENTA,19.79,90.0,3.0,2.0,196000.0,1.0,CASTILLA MARSELLA,3,ENTRE 0 Y 5 ANOS,4.65,-74.15,USADO,,0,0,0,0,1,1,0,0,0,1,False,KENNEDY,S.C. TINTALA,Biblioteca Tintal,1291.01,0,PARQUE METROPOLITANO BIBLIOTECA EL TINTAL,529.94,0,0.22,,0.33,1.5,0.0,,0.03,2490.8,0.0
920-M4530013,APARTAMENTO,VENTA,20.86,138.0,3.0,4.0,746000.0,3.0,SANTA BARBARA,5,ENTRE 10 Y 20 ANOS,4.7,-74.05,USADO,,0,1,0,1,1,0,0,0,0,1,False,USAQUEN,SANTA BARBARA OCCIDENTAL,Calle 127,401.67,1,PARQUE ZONAL ATABANZA,1044.23,0,0.15,,1.0,0.75,0.0,,0.02,300.09,5.0
11013-M4710138,APARTAMENTO,VENTA,20.44,138.0,3.0,4.0,653000.0,1.0,SANTA BARBARA,6,MAS DE 20 ANOS,4.7,-74.04,USADO,,0,0,0,0,1,1,0,0,0,1,False,USAQUEN,SANTA BARBARA NORTE,Calle 127,1697.54,0,PARQUE METROPOLITANO EL COUNTRY,161.59,1,0.15,,0.33,0.75,0.0,,0.02,320.84,1.0
72-M4499617,APARTAMENTO,VENTA,20.13,125.0,3.0,3.0,390000.0,2.0,NIZA ALHAMBRA,5,MAS DE 20 ANOS,4.7,-74.06,USADO,,1,1,0,0,0,0,0,0,0,1,False,SUBA,EL BATAN,Calle 127,201.42,1,PARQUE ZONAL ATABANZA,770.58,0,0.16,,0.67,1.0,0.0,,0.02,338.21,3.0
920-M3680944,APARTAMENTO,VENTA,20.28,112.0,3.0,4.0,558000.0,2.0,CEDRITOS,4,ENTRE 10 Y 20 ANOS,4.73,-74.03,USADO,,0,0,0,0,1,0,0,0,0,1,False,USAQUEN,CAOBOS SALAZAR URB. CAPRI I Y II SECTOR,Calle 146,1913.72,0,PARQUE VECINAL NUEVA URBANIZACIÓN EL CEDRITO,408.76,1,0.18,,0.67,0.75,0.0,,0.03,343.33,1.0
920-M4310073,APARTAMENTO,VENTA,21.51,299.0,4.0,4.0,2064000.0,3.0,CHICO,6,MAS DE 20 ANOS,4.66,-74.05,USADO,,0,0,0,1,1,0,0,0,0,1,False,CHAPINERO,BELLAVISTA - URB. EL CASTILLO,Calle 72,928.23,0,PARQUE ZONAL GUSTAVO URIBE BOTERO,633.82,0,0.07,,0.75,1.0,0.0,,0.01,190.06,5.0
10159-M4618127,APARTAMENTO,VENTA,19.78,61.0,3.0,2.0,220000.0,1.0,COLINA Y ALREDEDORES,4,ENTRE 10 Y 20 ANOS,4.74,-74.06,USADO,,0,0,0,1,1,1,1,0,0,1,False,SUBA,S.C. GILMAR - LA SIRENA (PREDIO),Calle 161,1706.04,0,PARQUE VECINAL DESARROLLO CANTALEJO URBANIZACIÓN CANTALEJO MANZANA B,640.31,0,0.32,,0.33,1.5,0.0,,0.05,1234.8,0.0
3858-M4563843,APARTAMENTO,VENTA,21.12,55.0,3.0,4.0,1100000.0,3.0,COUNTRY,6,MAS DE 20 ANOS,4.71,-74.03,USADO,,0,1,0,0,1,1,0,0,0,1,False,USAQUEN,BOSQUES DE MEDINA,Prado,2729.97,0,PARQUE METROPOLITANO EL COUNTRY,1321.82,0,0.38,,1.0,0.75,0.0,,0.05,436.33,1.0
920-M3234962,APARTAMENTO,VENTA,20.03,65.0,1.0,2.0,478000.0,2.0,SANTA BARBARA,5,ENTRE 5 Y 10 ANOS,4.7,-74.04,USADO,,0,0,0,1,1,0,0,0,0,1,False,USAQUEN,SANTA BARBARA CENTRAL I SECTOR,Pepe Sierra,1695.37,0,PARQUE METROPOLITANO EL COUNTRY,727.07,0,0.31,,2.0,0.5,0.0,,0.02,578.08,0.0
920-M4294031,APARTAMENTO,VENTA,19.81,97.0,3.0,2.0,410000.0,2.0,CEDRITOS,4,MAS DE 20 ANOS,4.73,-74.04,USADO,,0,1,0,1,1,0,0,0,0,1,False,USAQUEN,PARQUES DE LORENA,Mazurén,1305.44,0,PARQUE ZONAL LA VIDA,817.31,0,0.2,,0.67,1.5,0.0,,0.03,612.24,0.0
15060-M4264512,APARTAMENTO,VENTA,20.18,92.42,3.0,3.0,360000.0,2.0,CEDRITOS,4,ENTRE 10 Y 20 ANOS,4.73,-74.03,USADO,,0,0,0,1,1,1,1,0,0,1,False,USAQUEN,LA LIBERIA,Mazurén,1834.13,0,PARQUE ZONAL ALTA BLANCA,475.04,1,0.22,,0.67,1.0,0.0,,0.03,296.09,1.0
920-M3850557,APARTAMENTO,VENTA,21.77,275.0,3.0,4.0,1300000.0,2.0,CHICO,6,MAS DE 20 ANOS,4.66,-74.04,USADO,,0,1,0,0,1,0,0,0,0,1,False,CHAPINERO,EL REFUGIO,Héroes - Gel´Hada,1950.11,0,PARQUE VECINAL URBANIZACIÓN LA CABRERA,990.71,0,0.08,,0.67,0.75,0.0,,0.01,978.67,0.0
920-42153189,APARTAMENTO,VENTA,21.47,362.0,4.0,5.0,3600000.0,4.0,SANTA BARBARA,6,MAS DE 20 ANOS,4.69,-74.06,USADO,8000000.0,0,1,0,0,1,0,0,0,0,1,False,USAQUEN,SANTA BIBIANA,Calle 100 - Marketmedios,540.74,0,PARQUE VECINAL URBANIZACIÓN NORMANDIA I II II Y IV SECTOR,1260.09,0,0.06,22099.45,1.0,0.8,0.0,2.22,0.01,679.81,0.0
920-M4343308,APARTAMENTO,VENTA,20.97,123.0,3.0,3.0,646000.0,3.0,SANTA BARBARA,6,ENTRE 0 Y 5 ANOS,4.69,-74.05,USADO,,0,1,0,1,1,0,0,0,0,1,False,USAQUEN,SANTA BIBIANA,Calle 106,584.17,0,PARQUE VECINAL URBANIZACIÓN NORMANDIA I II II Y IV SECTOR,1841.39,0,0.17,,1.0,1.0,0.0,,0.02,426.18,2.0
920-42151465,APARTAMENTO,VENTA,20.31,103.0,2.0,3.0,828000.0,2.0,CHICO,6,MAS DE 20 ANOS,4.68,-74.06,USADO,4000000.0,0,1,0,1,1,0,0,0,0,1,False,CHAPINERO,S.C. CHICO NORTE,Virrey,401.51,1,PARQUE VECINAL URBANIZACIÓN NORMANDIA I II II Y IV SECTOR,287.78,1,0.2,38834.95,1.0,0.67,0.0,4.83,0.02,373.33,1.0
920-M4084292,APARTAMENTO,VENTA,20.52,107.0,3.0,3.0,1220000.0,1.0,SANTA BARBARA,6,MAS DE 20 ANOS,4.69,-74.04,USADO,,0,1,0,0,1,0,0,0,0,1,False,USAQUEN,RINCON DEL CHICO,Calle 100 - Marketmedios,1425.41,0,PARQUE ZONAL CANAL EL VIRREY EL CHICO,1720.9,0,0.19,,0.33,1.0,0.0,,0.03,446.96,1.0
897-M4516340,APARTAMENTO,VENTA,20.8,118.95,3.0,3.0,3921395.93,2.0,NIZA ALHAMBRA,5,ENTRE 0 Y 5 ANOS,4.69,-74.06,USADO,,0,0,0,1,1,0,0,0,0,1,False,SUBA,SANTA MARGARITA,Calle 106,382.55,1,PARQUE ZONAL CANAL CORDOBA,1378.23,0,0.17,,0.67,1.0,0.0,,0.03,672.9,0.0
2751-M4543416,APARTAMENTO,VENTA,20.36,104.0,3.0,3.0,460000.0,2.0,SALITRE MODELIA,4,ENTRE 0 Y 5 ANOS,4.66,-74.12,USADO,,0,1,0,1,1,1,1,0,0,1,False,FONTIBON,LA ESPERANZA_,AV. Rojas,1395.69,0,PARQUE ZONAL CANAL BOYACA,640.94,0,0.2,,0.67,1.0,0.0,,0.03,675.59,0.0
175-M4489708,APARTAMENTO,VENTA,20.82,163.0,2.0,2.0,1150000.0,3.0,,6,MAS DE 20 ANOS,4.68,-74.05,USADO,,0,0,0,0,1,0,0,0,0,1,False,CHAPINERO,S.C. CHICO NORTE,Calle 100 - Marketmedios,1058.93,0,PARQUE ZONAL CANAL EL VIRREY EL CHICO,920.02,0,0.13,,1.5,1.0,0.0,,0.01,371.22,4.0
4796-M4709249,APARTAMENTO,VENTA,20.13,220.0,4.0,5.0,700000.0,2.0,CEDRITOS,4,MAS DE 20 ANOS,4.72,-74.04,USADO,,0,0,0,0,0,1,0,0,0,1,False,USAQUEN,LOS CEDRITOS,Calle 142,644.33,0,PARQUE VECINAL PRADO PINZÓN,990.86,0,0.09,,0.5,0.8,0.0,,0.02,545.05,0.0
920-M4640020,APARTAMENTO,VENTA,20.13,108.0,2.0,3.0,418000.0,2.0,CEDRITOS,4,ENTRE 10 Y 20 ANOS,4.72,-74.04,USADO,,0,0,0,1,1,0,0,0,0,1,False,USAQUEN,ACACIAS USAQUEN,Calle 142,1401.49,0,PARQUE VECINAL NUEVA URBANIZACIÓN EL CEDRITO,526.44,0,0.19,,1.0,0.67,0.0,,0.02,599.67,0.0
293-M4566688,APARTAMENTO,VENTA,19.83,73.0,3.0,2.0,248000.0,1.0,COLINA Y ALREDEDORES,4,ENTRE 10 Y 20 ANOS,4.74,-74.07,USADO,,0,0,0,1,1,1,1,0,0,1,False,SUBA,CASABLANCA (HACIENDA),21 Ángeles,1655.25,0,PARQUE ZONAL EL TOMILLAR,664.79,0,0.27,,0.33,1.5,0.0,,0.04,887.18,0.0
920-M3889889,APARTAMENTO,VENTA,21.68,244.0,3.0,4.0,1600000.0,4.0,CHICO,6,MAS DE 20 ANOS,4.67,-74.04,USADO,,0,1,0,1,1,0,0,0,0,1,False,CHAPINERO,CHICO ORIENTAL,Calle 85,1960.43,0,PARQUE VECINAL URBANIZACIÓN LA CABRERA,929.73,0,0.09,,1.33,0.75,0.0,,0.01,862.97,0.0
920-42153254,APARTAMENTO,VENTA,21.13,224.0,3.0,4.0,1360000.0,3.0,CHICO,6,MAS DE 20 ANOS,4.67,-74.05,USADO,5540000.0,0,1,0,0,1,0,0,0,0,1,False,CHAPINERO,S.C. CHICO NORTE,Virrey,1349.61,0,PARQUE VECINAL URBANIZACIÓN LA CABRERA,571.18,0,0.09,24732.14,1.0,0.75,0.0,4.07,0.01,332.76,2.0
920-M4479036,APARTAMENTO,VENTA,20.56,173.0,2.0,3.0,1000000.0,2.0,SANTA BARBARA,6,MAS DE 20 ANOS,4.69,-74.04,USADO,,0,0,0,0,1,0,0,0,0,1,False,USAQUEN,RINCON DEL CHICO,Calle 106,1315.56,0,PARQUE METROPOLITANO EL COUNTRY,1854.14,0,0.12,,1.0,0.67,0.0,,0.01,604.26,0.0
10278-311065178,APARTAMENTO,VENTA,21.19,380.0,4.0,4.0,2000000.0,4.0,CERROS DE SUBA,6,MAS DE 20 ANOS,4.77,-74.07,USADO,,1,0,0,0,1,0,0,0,0,1,False,SUBA,SAN JOSE DE BAVARIA,Calle 187,2427.62,0,PARQUE ZONAL SAN JOSÉ DE BAVARIA,1360.03,0,0.06,,1.0,1.0,0.0,,0.01,2332.28,0.0
234-M4206734,APARTAMENTO,VENTA,19.61,54.0,2.0,2.0,270000.0,1.0,COUNTRY,5,MAS DE 20 ANOS,4.71,-74.03,USADO,,0,0,0,0,0,1,0,0,0,1,False,USAQUEN,BELLA SUIZA,Prado,2743.65,0,PARQUE METROPOLITANO EL COUNTRY,1093.16,0,0.36,,0.5,1.0,0.0,,0.04,510.55,0.0
920-M4569105,APARTAMENTO,VENTA,20.29,81.0,2.0,3.0,510000.0,1.0,NIZA ALHAMBRA,4,ENTRE 0 Y 5 ANOS,4.71,-74.08,USADO,,0,0,0,1,1,0,0,0,0,1,True,SUBA,NIZA SUR,Niza - Calle 127,818.74,0,PARQUE METROPOLITANO CEFE COMETAS,535.45,0,0.25,,0.5,0.67,0.0,,0.02,813.25,0.0
920-M4578211,APARTAMENTO,VENTA,20.29,122.0,3.0,3.0,735000.0,2.0,COUNTRY,5,ENTRE 10 Y 20 ANOS,4.72,-74.05,USADO,,0,1,0,0,1,0,0,0,0,1,False,USAQUEN,LOS CEDROS,Alcalá,300.85,1,PARQUE VECINAL PRADO PINZÓN,875.93,0,0.17,,0.67,1.0,0.0,,0.02,241.94,1.0
293-M4490372,APARTAMENTO,VENTA,20.36,152.0,3.0,3.0,625000.0,2.0,COUNTRY,5,MAS DE 20 ANOS,4.71,-74.05,USADO,,0,0,0,1,1,1,0,0,0,1,False,USAQUEN,,Prado,509.94,0,PARQUE ZONAL ATABANZA,1234.27,0,0.13,,0.67,1.0,0.0,,0.02,723.16,0.0
920-M4681240,APARTAMENTO,VENTA,20.99,204.0,4.0,4.0,1368000.0,2.0,COUNTRY,5,MAS DE 20 ANOS,4.72,-74.05,USADO,,0,1,0,0,1,0,0,0,0,1,False,USAQUEN,LOS CEDROS,Alcalá,287.62,1,PARQUE VECINAL PRADO PINZÓN,713.71,0,0.1,,0.5,1.0,0.0,,0.02,293.18,1.0
205-M4270300,APARTAMENTO,VENTA,21.25,234.0,3.0,3.0,1235000.0,2.0,CHICO,6,MAS DE 20 ANOS,4.68,-74.05,USADO,,0,0,0,0,1,0,0,0,0,1,True,CHAPINERO,S.C. CHICO NORTE,Virrey,1186.59,0,PARQUE ZONAL CANAL EL VIRREY EL CHICO,703.84,0,0.09,,0.67,1.0,0.0,,0.01,28.09,2.0
350-M4648050,APARTAMENTO,VENTA,19.61,51.47,2.0,1.0,147000.0,1.0,KENNEDY,3,MAS DE 20 ANOS,4.62,-74.13,USADO,,0,0,0,0,0,1,0,0,0,1,False,KENNEDY,HIPOTECHO OCCIDENTAL,AV. Américas - AV. Boyacá,802.54,0,PARQUE ESCENARIO DEPORTIVO ESTADIO DE TECHO,436.59,1,0.38,,0.5,2.0,0.0,,0.04,604.07,0.0
272-M4593259,APARTAMENTO,VENTA,20.25,114.52,3.0,3.0,775000.0,2.0,NIZA ALHAMBRA,5,ENTRE 10 Y 20 ANOS,4.71,-74.06,USADO,,0,1,0,0,1,1,0,0,0,1,False,SUBA,EL BATAN,Humedal Córdoba,904.1,0,PARQUE ZONAL CANAL CORDOBA,514.73,0,0.18,,0.67,1.0,0.0,,0.03,1141.56,0.0
5340-M3750172,APARTAMENTO,VENTA,20.56,250.0,3.0,4.0,1052000.0,2.0,SANTA BARBARA,6,MAS DE 20 ANOS,4.7,-74.05,USADO,,0,1,0,0,1,1,0,0,0,1,True,USAQUEN,SANTA BARBARA OCCIDENTAL,Pepe Sierra,652.45,0,PARQUE METROPOLITANO EL COUNTRY,1359.26,0,0.08,,0.67,0.75,0.0,,0.01,229.15,2.0
2123-3447804,APARTAMENTO,VENTA,20.95,189.0,3.0,5.0,800000.0,3.0,COUNTRY,6,ENTRE 10 Y 20 ANOS,4.72,-74.03,USADO,,0,0,0,0,1,0,0,0,0,1,False,USAQUEN,LA CANADA,Alcalá,2614.04,0,PARQUE VECINAL NUEVA URBANIZACIÓN EL CEDRITO,883.12,0,0.11,,1.0,0.6,0.0,,0.02,269.8,1.0
2123-M3189029,APARTAMENTO,VENTA,21.09,170.0,3.0,5.0,1200000.0,3.0,COUNTRY,5,ENTRE 5 Y 10 ANOS,4.71,-74.05,USADO,,0,0,0,1,1,0,0,0,0,1,False,USAQUEN,LA CALLEJA,Calle 127,471.18,1,PARQUE ZONAL ATABANZA,690.58,0,0.12,,1.0,0.6,0.0,,0.02,143.21,5.0
703-2080,APARTAMENTO,VENTA,19.5,72.0,2.0,2.0,288000.0,1.0,CEDRITOS,5,MAS DE 20 ANOS,4.72,-74.04,USADO,,0,0,0,0,1,1,0,0,0,1,False,USAQUEN,CEDRITOS,Calle 142,1137.52,0,PARQUE VECINAL NUEVA URBANIZACIÓN EL CEDRITO,827.44,0,0.27,,0.5,1.0,0.0,,0.03,538.52,0.0
771-M4371491,APARTAMENTO,VENTA,20.41,130.0,3.0,3.0,634000.0,2.0,CEDRITOS,4,ENTRE 10 Y 20 ANOS,4.73,-74.04,USADO,,0,1,0,0,1,1,0,0,0,1,False,USAQUEN,PARQUES DE LORENA,Mazurén,1168.19,0,PARQUE ZONAL LA VIDA,730.23,0,0.16,,0.67,1.0,0.0,,0.02,745.63,0.0
614-M4494063,APARTAMENTO,VENTA,19.96,75.0,2.0,2.0,436000.0,1.0,CHAPINERO ALTO,5,MAS DE 20 ANOS,4.63,-74.06,USADO,,0,0,0,0,1,1,0,0,0,1,False,CHAPINERO,S.C. EL PARAISO,AV. 39,852.5,0,PARQUE METROPOLITANO PARQUE NACIONAL (PM2A) ENRIQUE OLAYA HERRERA (SECTOR HISTORICO),603.96,0,0.27,,0.5,1.0,0.0,,0.03,462.41,1.0
771-M4371176,APARTAMENTO,VENTA,21.31,220.0,3.0,3.0,1232000.0,2.0,SANTA BARBARA,5,MAS DE 20 ANOS,4.7,-74.03,USADO,,0,1,0,0,1,0,0,0,0,1,False,USAQUEN,RESERVAS DE LA SIERRA - LA ARBOLEDA,Calle 127,2934.79,0,PARQUE METROPOLITANO EL COUNTRY,1222.73,0,0.1,,0.67,1.0,0.0,,0.01,693.26,0.0
603-M4578707,APARTAMENTO,VENTA,20.0,99.0,3.0,3.0,260000.0,1.0,METROPOLIS,3,MAS DE 20 ANOS,4.66,-74.07,USADO,,0,0,0,0,1,0,0,0,0,1,False,BARRIOS UNIDOS,SAN_FELIPE,Calle 76 - San Felipe,536.25,0,PARQUE ZONAL LA ESTACIÓN,147.96,1,0.2,,0.33,1.0,0.0,,0.03,1099.47,0.0
12500-M4677519,APARTAMENTO,VENTA,19.42,63.0,3.0,2.0,300000.0,1.0,ORQUIDEAS,4,MAS DE 20 ANOS,4.74,-74.03,USADO,,0,0,0,0,0,1,0,0,0,1,False,USAQUEN,SANTA TERESA,Toberin - Foundever,1819.21,0,PARQUE ZONAL SERVITA,715.93,0,0.31,,0.33,1.5,0.0,,0.05,731.08,0.0
920-42151322,APARTAMENTO,VENTA,20.28,140.0,3.0,3.0,960000.0,4.0,SANTA BARBARA,5,MAS DE 20 ANOS,4.7,-74.05,USADO,,0,1,0,0,0,0,0,0,0,1,False,USAQUEN,SANTA BARBARA OCCIDENTAL,Calle 127,540.31,0,PARQUE ZONAL ATABANZA,1203.23,0,0.14,,1.33,1.0,0.0,,0.02,489.95,3.0
495-M4312610,APARTAMENTO,VENTA,20.56,129.0,3.0,3.0,500000.0,2.0,ALTOS DE SUBA Y CERROS DE SAN JORGE,6,ENTRE 5 Y 10 ANOS,4.71,-74.09,USADO,,0,0,0,1,1,1,1,0,0,1,False,SUBA,BOSQUES DE SAN JORGE,Suba - AV. Boyacá,1683.39,0,PARQUE METROPOLITANO CEFE COMETAS,547.14,0,0.16,,0.67,1.0,0.0,,0.02,1796.06,0.0
17-M4617872,APARTAMENTO,VENTA,21.56,276.0,3.0,3.0,2000000.0,3.0,SANTA BARBARA,6,MAS DE 20 ANOS,4.69,-74.03,USADO,,0,1,0,1,1,0,0,0,0,1,False,USAQUEN,SANTA ANA ORIENTAL,Calle 106,3280.73,0,PARQUE METROPOLITANO EL COUNTRY,2221.97,0,0.08,,1.0,1.0,0.0,,0.01,744.07,0.0
495-M4618119,APARTAMENTO,VENTA,20.67,140.0,3.0,3.0,590000.0,2.0,COLINA Y ALREDEDORES,5,ENTRE 5 Y 10 ANOS,4.73,-74.07,USADO,,1,0,0,1,0,0,0,0,0,1,False,SUBA,S.C. CIUDAD JARDIN NORTE,Gratamira,169.07,1,PARQUE VECINAL AGRUPACIÓN DE VIVIENDA EN BALCON DE LINDARAJA,1400.55,0,0.15,,0.67,1.0,0.0,,0.02,1008.69,0.0
495-M4314139,APARTAMENTO,VENTA,21.34,275.0,3.0,4.0,3921395.93,2.0,COUNTRY,6,ENTRE 10 Y 20 ANOS,4.71,-74.03,USADO,,0,0,0,1,0,0,0,0,0,1,False,USAQUEN,GINEBRA,Prado,2847.59,0,PARQUE VECINAL NUEVA URBANIZACIÓN EL CEDRITO,1456.82,0,0.08,,0.67,0.75,0.0,,0.01,445.33,1.0
416-M4412599,APARTAMENTO,VENTA,20.37,142.0,3.0,3.0,3921395.93,2.0,,4,ENTRE 0 Y 5 ANOS,4.72,-74.04,USADO,,0,1,0,1,1,0,0,0,0,0,False,USAQUEN,CEDRO NARVAEZ,Alcalá,1781.49,0,PARQUE VECINAL NUEVA URBANIZACIÓN EL CEDRITO,297.73,1,0.14,,0.67,1.0,0.0,,0.02,311.31,1.0
416-M4448288,APARTAMENTO,VENTA,20.01,93.0,3.0,2.0,430000.0,1.0,,4,ENTRE 5 Y 10 ANOS,4.75,-74.06,USADO,,0,0,0,1,1,0,0,0,0,0,False,SUBA,VILLA JULIA,Portal Norte,1590.26,0,PARQUE ZONAL SAN JOSÉ DE BAVARIA,393.62,1,0.22,,0.33,1.5,0.0,,0.03,1954.71,0.0
16288-M4663523,APARTAMENTO,VENTA,20.26,120.0,3.0,2.0,725000.0,2.0,COUNTRY,5,MAS DE 20 ANOS,4.71,-74.05,USADO,,0,1,0,1,1,1,0,0,0,1,False,USAQUEN,LA CALLEJA,Prado,611.72,0,PARQUE ZONAL ATABANZA,1049.71,0,0.17,,0.67,1.5,0.0,,0.02,552.68,0.0
416-M4493082,APARTAMENTO,VENTA,20.28,110.0,3.0,2.0,3921395.93,2.0,,5,ENTRE 5 Y 10 ANOS,4.75,-74.07,USADO,,0,1,0,1,1,0,0,0,0,0,False,SUBA,S.C CASABLANCA SUBA,21 Ángeles,2038.28,0,PARQUE ZONAL SAN JOSÉ DE BAVARIA,874.04,0,0.18,,0.67,1.5,0.0,,0.03,1801.07,0.0
920-M4618588,APARTAMENTO,VENTA,20.45,329.0,3.0,3.0,200000.0,1.0,CEDRITOS,4,MAS DE 20 ANOS,4.72,-74.04,USADO,,0,1,0,0,0,0,0,0,0,1,False,USAQUEN,LOS CEDRITOS,Calle 142,857.28,0,PARQUE VECINAL NUEVA URBANIZACIÓN EL CEDRITO,1063.76,0,0.06,,0.33,1.0,0.0,,0.01,661.87,0.0
920-M3803574,APARTAMENTO,VENTA,20.64,132.0,2.0,4.0,1148000.0,2.0,SANTA BARBARA,6,ENTRE 5 Y 10 ANOS,4.7,-74.05,USADO,,0,0,0,0,1,0,0,0,0,1,False,USAQUEN,SANTA BARBARA OCCIDENTAL,Calle 127,997.77,0,PARQUE METROPOLITANO EL COUNTRY,911.18,0,0.16,,1.0,0.5,0.0,,0.02,406.55,1.0
920-42153612,APARTAMENTO,VENTA,20.5,200.0,3.0,4.0,200000.0,2.0,SANTA BARBARA,6,MAS DE 20 ANOS,4.7,-74.05,USADO,,0,0,0,0,0,0,0,0,0,1,False,USAQUEN,SANTA BARBARA OCCIDENTAL,Pepe Sierra,919.66,0,PARQUE METROPOLITANO EL COUNTRY,1178.0,0,0.1,,0.67,0.75,0.0,,0.02,84.07,3.0
293-M3358753,APARTAMENTO,VENTA,20.09,86.02,3.0,3.0,291900.0,1.0,SALITRE MODELIA,4,MAS DE 20 ANOS,4.66,-74.11,USADO,,0,0,0,0,0,0,0,0,0,1,False,FONTIBON,CIUDAD SALITRE,AV. Rojas,256.94,1,PARQUE VECINAL CARLOS LLERAS (EL FUEGO),592.52,0,0.23,,0.33,1.0,0.0,,0.03,204.6,1.0
920-M4545885,APARTAMENTO,VENTA,20.11,61.0,2.0,2.0,479000.0,1.0,CHAPINERO ALTO,4,ENTRE 0 Y 5 ANOS,4.66,-74.06,USADO,,0,0,0,1,1,0,1,0,0,1,False,CHAPINERO,S.C. QUINTA CAMACHO,Calle 72,27.62,1,PARQUE ZONAL LA ESTACIÓN,747.28,0,0.33,,0.5,1.0,0.0,,0.03,450.88,1.0
11013-M4744384,APARTAMENTO,VENTA,20.17,57.64,2.0,2.0,380000.0,1.0,NIZA ALHAMBRA,5,ENTRE 0 Y 5 ANOS,4.69,-74.06,USADO,,0,0,0,1,1,0,0,0,0,1,False,SUBA,S.C. ESTORIL,Suba - Calle 95,516.86,0,PARQUE VECINAL URBANIZACIÓN NORMANDIA I II II Y IV SECTOR,1211.76,0,0.35,,0.5,1.0,0.0,,0.03,490.38,1.0
3220-M4405805,APARTAMENTO,VENTA,20.82,185.7,3.0,4.0,3921395.93,2.0,SANTA BARBARA,6,MAS DE 20 ANOS,4.7,-74.04,USADO,,0,0,0,1,1,1,0,0,0,1,True,USAQUEN,SANTA BARBARA OCCIDENTAL,Calle 127,1269.06,0,PARQUE METROPOLITANO EL COUNTRY,542.89,0,0.11,,0.67,0.75,0.0,,0.02,132.64,1.0
920-M4441853,APARTAMENTO,VENTA,21.09,213.0,3.0,3.0,1623000.0,2.0,CHICO,6,MAS DE 20 ANOS,4.68,-74.05,USADO,,0,0,0,0,1,0,0,0,0,1,False,CHAPINERO,S.C. CHICO NORTE III SECTOR,Calle 100 - Marketmedios,667.32,0,PARQUE VECINAL URBANIZACIÓN NORMANDIA I II II Y IV SECTOR,893.49,0,0.1,,0.67,1.0,0.0,,0.01,267.92,3.0
293-M4575311,APARTAMENTO,VENTA,20.25,116.0,2.0,2.0,823000.0,2.0,SANTA BARBARA,6,MAS DE 20 ANOS,4.7,-74.05,USADO,,0,0,0,0,1,0,0,0,0,1,False,USAQUEN,SAN PATRICIO,Pepe Sierra,283.7,1,PARQUE ZONAL CANAL CORDOBA,1438.01,0,0.17,,1.0,1.0,0.0,,0.02,327.48,1.0
495-M4315180,APARTAMENTO,VENTA,21.6,320.0,3.0,5.0,1844000.0,4.0,COUNTRY,5,ENTRE 5 Y 10 ANOS,4.71,-74.05,USADO,,0,1,0,1,1,0,0,0,0,1,False,USAQUEN,LA CALLEJA,Calle 127,360.37,1,PARQUE ZONAL ATABANZA,715.16,0,0.07,,1.33,0.6,0.0,,0.01,11.19,5.0
2751-M4469003,APARTAMENTO,VENTA,19.92,83.0,3.0,2.0,625000.0,1.0,NIZA ALHAMBRA,5,MAS DE 20 ANOS,4.7,-74.06,USADO,,0,0,0,0,0,0,0,0,0,1,False,SUBA,LA ALHAMBRA SECTOR SUR,Pepe Sierra,771.47,0,PARQUE ZONAL CANAL CORDOBA,393.46,1,0.24,,0.33,1.5,0.0,,0.04,1168.96,0.0
72-M4499582,APARTAMENTO,VENTA,21.19,180.0,4.0,4.0,1320000.0,2.0,CHAPINERO ALTO,6,MAS DE 20 ANOS,4.65,-74.05,USADO,,0,1,0,0,1,0,0,0,0,1,False,CHAPINERO,ZAMUDIO,Flores – Areandina,1237.39,0,PARQUE ZONAL GUSTAVO URIBE BOTERO,112.97,1,0.12,,0.5,1.0,0.0,,0.02,405.33,1.0
416-M4169660,APARTAMENTO,VENTA,20.02,78.0,3.0,2.0,3921395.93,2.0,,4,ENTRE 0 Y 5 ANOS,4.67,-74.13,USADO,,0,0,0,1,1,0,0,0,0,0,False,FONTIBON,RINCON DE MODELIA,Modelia,1002.83,0,PARQUE VECINAL MODELIA SECTOR A,595.53,0,0.26,,0.67,1.5,0.0,,0.04,899.36,0.0
416-M4332505,APARTAMENTO,VENTA,19.89,66.0,3.0,2.0,3921395.93,1.0,,4,ENTRE 0 Y 5 ANOS,4.67,-74.13,USADO,,0,0,0,1,1,0,0,0,0,0,False,FONTIBON,RINCON DE MODELIA,Modelia,1035.5,0,PARQUE VECINAL MODELIA SECTOR A,613.59,0,0.3,,0.33,1.5,0.0,,0.05,898.81,0.0
416-M4478157,APARTAMENTO,VENTA,20.85,97.0,3.0,2.0,385000.0,2.0,,5,ENTRE 0 Y 5 ANOS,4.66,-74.11,USADO,,1,0,0,1,1,0,0,0,0,0,False,FONTIBON,LA ESPERANZA NORTE,AV. Rojas,364.31,1,PARQUE VECINAL CARLOS LLERAS (EL FUEGO),672.48,0,0.21,,0.67,1.5,0.0,,0.03,575.43,0.0
920-M4528027,APARTAMENTO,VENTA,20.99,195.0,3.0,3.0,3921395.93,2.0,COUNTRY,6,MAS DE 20 ANOS,4.71,-74.04,USADO,,0,1,0,0,1,0,0,0,0,1,False,USAQUEN,LA_CAROLINA,Calle 127,1380.41,0,PARQUE METROPOLITANO EL COUNTRY,485.68,1,0.11,,0.67,1.0,0.0,,0.02,456.65,1.0
293-M4472082,APARTAMENTO,VENTA,21.71,333.0,4.0,4.0,1651000.0,4.0,,6,MAS DE 20 ANOS,4.67,-74.04,USADO,,0,0,0,0,1,0,0,0,0,1,False,CHAPINERO,CHICO ALTO,Calle 85,2098.42,0,PARQUE VECINAL URBANIZACIÓN LA CABRERA,1042.04,0,0.07,,1.0,1.0,0.0,,0.01,990.57,0.0
703-M4199593,APARTAMENTO,VENTA,19.78,69.0,1.0,1.0,429000.0,1.0,CHAPINERO ALTO,5,ENTRE 10 Y 20 ANOS,4.65,-74.06,USADO,,0,1,0,0,1,0,0,0,0,1,True,CHAPINERO,S.C. CHAPINERO NORTE,Calle 63,456.04,1,PARQUE ZONAL GUSTAVO URIBE BOTERO,1001.87,0,0.29,,1.0,1.0,0.0,,0.01,344.68,1.0
703-M4572487,APARTAMENTO,VENTA,19.97,72.0,2.0,2.0,577000.0,1.0,NIZA ALHAMBRA,5,MAS DE 20 ANOS,4.71,-74.06,USADO,,0,0,0,1,1,0,0,0,0,1,False,SUBA,EL BATAN,Humedal Córdoba,904.1,0,PARQUE ZONAL CANAL CORDOBA,514.73,0,0.28,,0.5,1.0,0.0,,0.03,1141.56,0.0
603-M4418371,APARTAMENTO,VENTA,20.91,198.0,3.0,3.0,710000.0,1.0,CENTRO INTERNACIONAL,4,ENTRE 5 Y 10 ANOS,4.62,-74.07,USADO,,0,0,0,0,1,0,0,0,0,1,True,SANTA FE,SAMPER,Calle 34,244.15,1,PARQUE METROPOLITANO PARQUE NACIONAL (PM2A) ENRIQUE OLAYA HERRERA (SECTOR HISTORICO),413.33,1,0.11,,0.33,1.0,0.0,,0.02,453.61,1.0
416-M4151016,APARTAMENTO,VENTA,20.07,113.0,3.0,3.0,475000.0,2.0,,5,ENTRE 10 Y 20 ANOS,4.73,-74.07,USADO,,0,1,0,0,1,0,0,0,0,0,False,SUBA,ALMERIA DE SAN LUIS,Gratamira,706.67,0,PARQUE ZONAL EL TOMILLAR,1198.27,0,0.18,,0.67,1.0,0.0,,0.03,388.9,1.0
603-M4418208,APARTAMENTO,VENTA,20.67,122.0,2.0,3.0,570000.0,2.0,SANTA BARBARA,5,MAS DE 20 ANOS,4.7,-74.05,USADO,,0,0,0,0,1,0,0,0,0,1,True,USAQUEN,SANTA BARBARA OCCIDENTAL,Calle 127,1030.9,0,PARQUE METROPOLITANO EL COUNTRY,848.84,0,0.17,,1.0,0.67,0.0,,0.02,438.62,2.0
93-M4620919,APARTAMENTO,VENTA,20.62,170.0,3.0,4.0,750000.0,3.0,SANTA BARBARA,6,MAS DE 20 ANOS,4.7,-74.05,USADO,,0,1,0,0,1,0,0,0,0,1,False,USAQUEN,SANTA BARBARA OCCIDENTAL,Pepe Sierra,814.57,0,PARQUE METROPOLITANO EL COUNTRY,1209.79,0,0.12,,1.0,0.75,0.0,,0.02,141.58,2.0
920-M3868527,APARTAMENTO,VENTA,20.05,78.0,2.0,2.0,700000.0,2.0,SANTA BARBARA,6,MAS DE 20 ANOS,4.7,-74.05,USADO,,0,0,0,0,1,0,0,0,0,1,False,USAQUEN,SANTA BARBARA OCCIDENTAL,Calle 127,153.72,1,PARQUE ZONAL ATABANZA,807.09,0,0.26,,1.0,1.0,0.0,,0.03,121.1,5.0
2123-2824386,APARTAMENTO,VENTA,21.04,225.0,3.0,5.0,1100000.0,3.0,COUNTRY,5,ENTRE 10 Y 20 ANOS,4.72,-74.04,USADO,,0,1,0,1,1,1,0,0,0,1,True,USAQUEN,NUEVO COUNTRY,Alcalá,1299.55,0,PARQUE VECINAL NUEVA URBANIZACIÓN EL CEDRITO,1153.47,0,0.09,,1.0,0.6,0.0,,0.01,544.04,0.0
495-M4322047,APARTAMENTO,VENTA,21.6,300.0,3.0,4.0,2373000.0,3.0,CHICO,6,ENTRE 10 Y 20 ANOS,4.68,-74.06,USADO,,0,1,0,0,0,0,0,0,0,1,False,CHAPINERO,S.C. EL CHICO,Virrey,352.09,1,PARQUE VECINAL URBANIZACIÓN NORMANDIA I II II Y IV SECTOR,275.0,1,0.07,,1.0,0.75,0.0,,0.01,467.56,2.0
350-M4732711,APARTAMENTO,VENTA,19.34,29.44,1.0,1.0,142000.0,0.0,,3,ENTRE 0 Y 5 ANOS,4.75,-74.03,USADO,,0,0,0,1,1,1,0,0,0,1,False,USAQUEN,LA GRANJA NORTE,Portal Norte,2199.98,0,PARQUE ZONAL SERVITA,829.44,0,0.66,,0.0,1.0,0.0,,0.03,1037.84,0.0
3535-M3466569,APARTAMENTO,VENTA,20.56,155.0,3.0,3.0,956000.0,2.0,CHICO,6,MAS DE 20 ANOS,4.68,-74.05,USADO,,0,0,0,0,1,0,0,0,0,1,False,CHAPINERO,S.C. CHICO NORTE III SECTOR,Calle 100 - Marketmedios,614.97,0,PARQUE VECINAL URBANIZACIÓN NORMANDIA I II II Y IV SECTOR,738.58,0,0.13,,0.67,1.0,0.0,,0.02,122.73,2.0
771-M4371192,APARTAMENTO,VENTA,21.53,318.0,3.0,5.0,2200000.0,3.0,,6,MAS DE 20 ANOS,4.72,-74.02,USADO,,0,0,0,1,1,1,0,0,0,1,False,USAQUEN,MONTEARROYO,Alcalá,3095.96,0,PARQUE VECINAL NUEVA URBANIZACIÓN EL CEDRITO,1337.41,0,0.07,,1.0,0.6,0.0,,0.01,586.57,0.0
16419-M4624080,APARTAMENTO,VENTA,19.7,46.42,3.0,2.0,174000.0,1.0,FONTIBON TINTAL,4,ENTRE 0 Y 5 ANOS,4.65,-74.13,USADO,,0,0,0,1,1,1,1,0,0,1,False,FONTIBON,INTERINDUSTRIAL - EL VERGEL,AV. Américas - AV. Boyacá,2301.34,0,PARQUE VECINAL VILLA ALSACIA,857.27,0,0.42,,0.33,1.5,0.0,,0.06,538.11,0.0
350-M4639808,APARTAMENTO,VENTA,19.79,64.14,2.0,2.0,457500.0,2.0,COUNTRY,5,ENTRE 10 Y 20 ANOS,4.72,-74.04,USADO,,0,1,0,0,1,0,0,0,0,1,False,USAQUEN,LISBOA_,Alcalá,1911.44,0,PARQUE VECINAL NUEVA URBANIZACIÓN EL CEDRITO,834.61,0,0.31,,1.0,1.0,0.0,,0.03,382.35,2.0
679-M3663723,APARTAMENTO,VENTA,21.47,300.0,4.0,4.0,1800000.0,3.0,SANTA BARBARA,6,MAS DE 20 ANOS,4.7,-74.05,USADO,,1,1,0,0,1,0,0,0,0,1,False,USAQUEN,SANTA BARBARA OCCIDENTAL,Calle 127,443.86,1,PARQUE ZONAL ATABANZA,1034.5,0,0.07,,0.75,1.0,0.0,,0.01,296.27,5.0
5545-M4681325,APARTAMENTO,VENTA,20.11,75.0,2.0,3.0,420000.0,1.0,CHAPINERO ALTO,4,ENTRE 5 Y 10 ANOS,4.64,-74.06,USADO,,0,0,0,1,0,0,0,0,0,1,False,CHAPINERO,S.C. BOSQUE CALDERON,Calle 57,694.75,0,PARQUE ZONAL GUSTAVO URIBE BOTERO,1336.13,0,0.27,,0.5,0.67,0.0,,0.03,1180.46,0.0
2398-M3524324,APARTAMENTO,VENTA,21.19,230.0,4.0,4.0,1300000.0,2.0,CHICO,6,MAS DE 20 ANOS,4.67,-74.05,USADO,,0,0,0,0,1,0,0,0,0,1,False,CHAPINERO,S.C. EL CHICO,Virrey,808.16,0,PARQUE ZONAL CANAL EL VIRREY EL CHICO,214.19,1,0.09,,0.5,1.0,0.0,,0.02,242.95,3.0
34-M3092109,APARTAMENTO,VENTA,21.06,222.76,3.0,4.0,955000.0,3.0,ALTOS DE SUBA Y CERROS DE SAN JORGE,6,ENTRE 10 Y 20 ANOS,4.73,-74.03,USADO,,0,1,0,0,1,0,0,0,0,1,False,USAQUEN,CEDRO SALAZAR,Mazurén,2045.47,0,PARQUE ZONAL ALTA BLANCA,483.61,1,0.09,,1.0,0.75,0.0,,0.01,167.1,1.0
34-64509,APARTAMENTO,VENTA,20.42,128.0,3.0,3.0,428000.0,2.0,COUNTRY,5,MAS DE 20 ANOS,4.72,-74.05,USADO,,0,1,0,0,1,0,0,0,0,1,False,USAQUEN,COUNTRY CLUB,Prado,605.41,0,PARQUE VECINAL PRADO PINZÓN,1369.15,0,0.16,,0.67,1.0,0.0,,0.02,513.73,0.0
703-M4668111,APARTAMENTO,VENTA,20.32,126.8,3.0,2.0,509000.0,2.0,SANTA BARBARA,5,MAS DE 20 ANOS,4.7,-74.04,USADO,,0,0,0,0,1,0,0,0,0,1,False,USAQUEN,SANTA BARBARA CENTRAL III SECTOR,Pepe Sierra,2057.33,0,PARQUE METROPOLITANO EL COUNTRY,1054.74,0,0.16,,0.67,1.5,0.0,,0.02,517.71,0.0
2529-M4504808,APARTAMENTO,VENTA,20.03,51.0,1.0,2.0,462000.0,2.0,SANTA BARBARA,5,ENTRE 5 Y 10 ANOS,4.7,-74.05,USADO,,0,0,0,1,0,0,0,0,0,1,False,USAQUEN,SANTA BARBARA OCCIDENTAL,Calle 127,323.67,1,PARQUE ZONAL ATABANZA,979.44,0,0.39,,2.0,0.5,0.0,,0.02,340.23,3.0
957-M4430985,APARTAMENTO,VENTA,20.99,168.0,2.0,3.0,1750000.0,2.0,CHICO,6,ENTRE 5 Y 10 ANOS,4.67,-74.05,USADO,,0,0,0,0,1,0,0,0,0,1,False,CHAPINERO,S.C. CHICO NORTE,Virrey,1459.05,0,PARQUE VECINAL URBANIZACIÓN LA CABRERA,648.5,0,0.12,,1.0,0.67,0.0,,0.01,393.09,1.0
10278-M4708962,APARTAMENTO,VENTA,19.92,109.0,3.0,4.0,401000.0,1.0,CEDRITOS,4,MAS DE 20 ANOS,4.72,-74.04,USADO,,0,1,0,0,0,0,0,0,0,1,False,USAQUEN,CEDRITOS,Alcalá,1272.75,0,PARQUE VECINAL NUEVA URBANIZACIÓN EL CEDRITO,731.53,0,0.18,,0.33,0.75,0.0,,0.03,381.89,1.0
495-M4314841,APARTAMENTO,VENTA,20.97,134.0,3.0,3.0,1049000.0,2.0,CENTRO INTERNACIONAL,4,ENTRE 10 Y 20 ANOS,4.63,-74.07,USADO,,0,0,0,1,1,0,1,0,0,1,False,SANTA FE,SAGRADO CORAZON,AV. 39,77.44,1,PARQUE METROPOLITANO PARQUE NACIONAL (PM2A) ENRIQUE OLAYA HERRERA (SECTOR HISTORICO),329.72,1,0.16,,0.67,1.0,0.0,,0.02,164.08,2.0
10159-M4545655,APARTAMENTO,VENTA,20.25,115.56,4.0,4.0,407000.0,2.0,SANTA BARBARA,5,MAS DE 20 ANOS,4.7,-74.05,USADO,,0,1,0,0,1,1,0,0,0,1,False,USAQUEN,SANTA BARBARA OCCIDENTAL,Pepe Sierra,823.71,0,PARQUE METROPOLITANO EL COUNTRY,1195.89,0,0.18,,0.5,1.0,0.0,,0.03,155.43,2.0
15613-M4745455,APARTAMENTO,VENTA,20.91,185.0,3.0,5.0,1200000.0,3.0,COUNTRY,5,MAS DE 20 ANOS,4.71,-74.04,USADO,,0,1,0,0,1,0,0,0,0,1,False,USAQUEN,LA_CAROLINA,Calle 127,1532.46,0,PARQUE METROPOLITANO EL COUNTRY,300.27,1,0.11,,1.0,0.6,0.0,,0.02,399.71,1.0
2751-M4471738,APARTAMENTO,VENTA,19.58,60.0,3.0,2.0,3921395.93,2.0,CEDRITOS,4,MAS DE 20 ANOS,4.73,-74.03,USADO,,0,0,0,0,0,0,0,0,0,1,False,USAQUEN,CEDRO SALAZAR,Calle 146,2439.5,0,PARQUE ZONAL ALTA BLANCA,707.59,0,0.33,,0.67,1.5,0.0,,0.05,555.36,0.0
2671-M3223744,APARTAMENTO,VENTA,20.66,118.0,3.0,3.0,530000.0,2.0,SANTA BARBARA,6,ENTRE 5 Y 10 ANOS,4.7,-74.04,USADO,,0,0,0,1,0,0,0,0,0,1,False,USAQUEN,SANTA BARBARA CENTRAL I SECTOR,Pepe Sierra,2031.63,0,PARQUE METROPOLITANO EL COUNTRY,835.89,0,0.18,,0.67,1.0,0.0,,0.03,538.0,0.0
464-M4745528,APARTAMENTO,VENTA,21.12,156.0,3.0,5.0,1570000.0,3.0,CHICO,6,MAS DE 20 ANOS,4.67,-74.05,USADO,,0,1,0,0,0,0,0,0,0,1,False,CHAPINERO,S.C. EL CHICO,Calle 85,1408.45,0,PARQUE VECINAL URBANIZACIÓN LA CABRERA,383.72,1,0.14,,1.0,0.6,0.0,,0.02,309.58,1.0
12375-M4743515,APARTAMENTO,VENTA,20.18,111.0,3.0,3.0,470000.0,2.0,COLINA Y ALREDEDORES,5,ENTRE 10 Y 20 ANOS,4.74,-74.07,USADO,,0,1,0,1,1,1,0,0,0,1,False,SUBA,CASABLANCA (HACIENDA),21 Ángeles,1553.02,0,PARQUE ZONAL EL TOMILLAR,554.59,0,0.18,,0.67,1.0,0.0,,0.03,897.09,0.0
10278-311065186,APARTAMENTO,VENTA,21.58,280.0,3.0,3.0,2300000.0,4.0,SANTA BARBARA,5,ENTRE 10 Y 20 ANOS,4.7,-74.05,USADO,,1,1,0,1,0,0,0,0,0,1,False,USAQUEN,SANTA BARBARA OCCIDENTAL,Calle 127,804.31,0,PARQUE METROPOLITANO EL COUNTRY,942.44,0,0.08,,1.33,1.0,0.0,,0.01,580.61,0.0
293-M3817151,APARTAMENTO,VENTA,20.98,221.0,3.0,4.0,1269000.0,3.0,ALTOS DE SUBA Y CERROS DE SAN JORGE,6,ENTRE 5 Y 10 ANOS,4.74,-74.07,USADO,,0,0,0,1,1,0,0,0,0,1,False,SUBA,EL CERRITO (LOTE),21 Ángeles,1447.07,0,PARQUE ZONAL EL TOMILLAR,520.11,0,0.09,,1.0,0.75,0.0,,0.01,1449.79,0.0
495-M4314248,APARTAMENTO,VENTA,21.25,198.0,3.0,4.0,1650000.0,3.0,CHICO,6,MAS DE 20 ANOS,4.67,-74.05,USADO,,0,0,0,1,0,0,0,0,0,1,False,CHAPINERO,S.C. EL CHICO,Calle 85,1533.43,0,PARQUE VECINAL URBANIZACIÓN LA CABRERA,480.97,1,0.11,,1.0,0.75,0.0,,0.02,424.95,1.0
920-42152625,APARTAMENTO,VENTA,20.48,154.0,3.0,3.0,1043000.0,2.0,SANTA BARBARA,6,MAS DE 20 ANOS,4.69,-74.06,USADO,,0,0,0,0,1,0,0,0,0,1,False,USAQUEN,SANTA BIBIANA,Calle 106,461.62,1,PARQUE VECINAL URBANIZACIÓN NORMANDIA I II II Y IV SECTOR,1366.39,0,0.13,,0.67,1.0,0.0,,0.02,757.28,0.0
5175-M4652293,APARTAMENTO,VENTA,20.03,89.0,3.0,2.0,325000.0,1.0,COLINA Y ALREDEDORES,4,ENTRE 10 Y 20 ANOS,4.74,-74.06,USADO,,0,0,0,1,1,0,0,0,0,1,False,SUBA,URB. CARIMAGUA I,Calle 161,1129.89,0,PARQUE VECINAL DESARROLLO CANTALEJO URBANIZACIÓN CANTALEJO MANZANA B,310.56,1,0.23,,0.33,1.5,0.0,,0.03,1245.66,0.0
15060-M4264492,APARTAMENTO,VENTA,19.85,96.12,3.0,2.0,665000.0,2.0,CEDRITOS,4,MAS DE 20 ANOS,4.73,-74.04,USADO,,0,1,0,0,1,1,0,0,0,1,False,USAQUEN,ACACIAS USAQUEN,Calle 142,1387.25,0,PARQUE VECINAL NUEVA URBANIZACIÓN EL CEDRITO,597.46,0,0.21,,0.67,1.5,0.0,,0.03,728.4,0.0
12375-M4350705,APARTAMENTO,VENTA,20.29,115.0,3.0,3.0,685100.0,2.0,CERROS DE SUBA,6,MAS DE 20 ANOS,4.72,-74.08,USADO,,0,0,0,0,1,1,0,0,0,1,False,SUBA,S.C. NIZA SUBA,Suba - AV. Boyacá,293.96,1,PARQUE VECINAL AGRUPACIÓN DE VIVIENDA EN BALCON DE LINDARAJA,655.26,0,0.18,,0.67,1.0,0.0,,0.03,1073.6,0.0
2123-1704640,APARTAMENTO,VENTA,20.82,176.0,3.0,4.0,860000.0,2.0,COUNTRY,6,ENTRE 10 Y 20 ANOS,4.71,-74.03,USADO,,0,1,0,0,1,0,0,0,0,0,False,USAQUEN,BOSQUES DE MEDINA,Prado,2968.6,0,PARQUE METROPOLITANO EL COUNTRY,1584.37,0,0.12,,0.67,0.75,0.0,,0.02,578.91,0.0
2123-3763154,APARTAMENTO,VENTA,21.04,220.0,3.0,5.0,1100000.0,3.0,COUNTRY,6,ENTRE 0 Y 5 ANOS,4.72,-74.02,USADO,,0,1,0,1,1,0,0,0,0,1,False,USAQUEN,BOSQUE DE PINOS III,Calle 142,2910.26,0,PARQUE VECINAL NUEVA URBANIZACIÓN EL CEDRITO,1015.88,0,0.1,,1.0,0.6,0.0,,0.01,1102.09,0.0
10159-M4618378,APARTAMENTO,VENTA,19.61,70.0,3.0,2.0,215000.0,1.0,ENGATIVA,4,ENTRE 10 Y 20 ANOS,4.72,-74.14,USADO,,0,0,0,0,1,1,0,0,0,1,False,ENGATIVA,S.C. EL GACO,Portal 80,3212.97,0,PARQUE METROPOLITANO PLANTA DE TRATAMIENTO SALITRE,1256.6,0,0.28,,0.33,1.5,0.0,,0.04,2742.11,0.0
350-M4208474,APARTAMENTO,VENTA,19.94,68.2,3.0,2.0,470000.0,1.0,CHAPINERO ALTO,4,ENTRE 10 Y 20 ANOS,4.64,-74.06,USADO,,0,0,0,0,1,1,0,0,0,1,False,CHAPINERO,S.C. BOSQUE CALDERON,Calle 57,477.49,1,PARQUE ZONAL GUSTAVO URIBE BOTERO,1524.63,0,0.29,,0.33,1.5,0.0,,0.04,1024.61,0.0
603-M4418272,APARTAMENTO,VENTA,19.99,101.0,2.0,2.0,216000.0,2.0,NIZA ALHAMBRA,4,MAS DE 20 ANOS,4.69,-74.06,USADO,,0,0,0,0,0,0,0,0,0,1,False,SUBA,S.C. PASADENA,Suba - Calle 100,403.38,1,PARQUE ZONAL CANAL RIO NEGRO,1264.95,0,0.2,,1.0,1.0,0.0,,0.02,330.0,1.0
603-M4418154,APARTAMENTO,VENTA,21.53,268.0,3.0,5.0,1555000.0,3.0,CHICO,6,MAS DE 20 ANOS,4.68,-74.04,USADO,,0,0,0,0,0,0,0,0,0,1,False,CHAPINERO,CHICO RESERVADO,Calle 100 - Marketmedios,1642.98,0,PARQUE ZONAL CANAL EL VIRREY EL CHICO,1541.47,0,0.08,,1.0,0.6,0.0,,0.01,148.5,2.0
847-M4710990,APARTAMENTO,VENTA,20.07,99.0,3.0,2.0,331000.0,1.0,COLINA Y ALREDEDORES,4,ENTRE 10 Y 20 ANOS,4.74,-74.06,USADO,,0,1,1,1,0,1,1,0,0,1,False,SUBA,S.C. GILMAR - LA SIRENA (PREDIO),Calle 161,1840.09,0,PARQUE VECINAL DESARROLLO CANTALEJO URBANIZACIÓN CANTALEJO MANZANA B,775.1,0,0.2,,0.33,1.5,0.0,,0.03,1235.43,0.0
79-M3735,APARTAMENTO,VENTA,21.82,275.0,3.0,5.0,1800000.0,3.0,SANTA BARBARA,6,ENTRE 10 Y 20 ANOS,4.69,-74.03,USADO,,0,1,0,0,0,0,0,0,0,1,False,USAQUEN,SANTA ANA ORIENTAL,Calle 106,2993.37,0,PARQUE METROPOLITANO EL COUNTRY,2061.57,0,0.08,,1.0,0.6,0.0,,0.01,546.65,0.0
15060-M4488890,APARTAMENTO,VENTA,19.57,61.11,3.0,2.0,203000.0,1.0,FONTIBON TINTAL,4,ENTRE 10 Y 20 ANOS,4.67,-74.14,USADO,,0,0,0,0,1,1,0,0,0,1,False,FONTIBON,URB. PRADO GRANDE,Modelia,2317.53,0,PARQUE VECINAL VILLA HELENA VILLEMAR,857.65,0,0.32,,0.33,1.5,0.0,,0.05,517.75,0.0
920-M3727810,APARTAMENTO,VENTA,20.95,150.0,2.0,3.0,700000.0,2.0,CHAPINERO ALTO,6,MAS DE 20 ANOS,4.66,-74.05,USADO,,0,1,0,0,1,0,0,0,0,1,False,CHAPINERO,S.C. BELLAVISTA,Calle 72,1492.46,0,PARQUE ZONAL GUSTAVO URIBE BOTERO,602.91,0,0.14,,1.0,0.67,0.0,,0.01,743.1,0.0
495-M4315068,APARTAMENTO,VENTA,21.13,300.0,4.0,4.0,1200000.0,4.0,CEDRITOS,6,MAS DE 20 ANOS,4.73,-74.02,USADO,,0,1,0,0,0,0,0,0,0,1,False,USAQUEN,CERROS NORTE,Calle 161,3330.41,0,PARQUE ZONAL ALTA BLANCA,1084.83,0,0.07,,1.0,1.0,0.0,,0.01,1565.74,0.0
10159-M4664793,APARTAMENTO,VENTA,20.5,99.15,3.0,3.0,805500.0,2.0,SANTA BARBARA,6,ENTRE 5 Y 10 ANOS,4.69,-74.04,USADO,,0,0,0,1,1,0,0,0,0,1,False,USAQUEN,SANTA BARBARA CENTRAL I Y II,Calle 106,1464.89,0,PARQUE METROPOLITANO EL COUNTRY,1684.12,0,0.21,,0.67,1.0,0.0,,0.03,635.95,0.0
2751-M4711559,APARTAMENTO,VENTA,19.58,65.0,3.0,3.0,471000.0,1.0,COLINA Y ALREDEDORES,5,MAS DE 20 ANOS,4.73,-74.06,USADO,,0,0,0,0,1,0,0,0,0,1,False,SUBA,LA COLINA CAMPESTRE II SECTOR,Gratamira,1197.93,0,PARQUE VECINAL PRADO PINZÓN,1124.15,0,0.3,,0.33,1.0,0.0,,0.05,229.08,2.0
504-M4290889,APARTAMENTO,VENTA,19.75,61.27,2.0,2.0,339000.0,1.0,LA SOLEDAD,4,ENTRE 10 Y 20 ANOS,4.62,-74.07,USADO,,0,0,0,0,1,0,0,0,0,1,False,TEUSAQUILLO,ARMENIA,Calle 26,42.92,1,PARQUE METROPOLITANO EL RENACIMIENTO - PARQUE CEMENTERIO CENTRAL,572.85,0,0.32,,0.5,1.0,0.0,,0.03,276.55,6.0
15060-M4584603,APARTAMENTO,VENTA,19.64,81.02,3.0,2.0,262900.0,2.0,ENGATIVA,3,MAS DE 20 ANOS,4.71,-74.11,USADO,,0,0,0,0,0,1,0,0,0,1,False,ENGATIVA,VILLAS DEL MADRIGAL,Portal 80,265.36,1,PARQUE VECINAL URBANIZACIÓN EL MADRIGAL PRIMER SECTOR,161.55,1,0.24,,0.67,1.5,0.0,,0.04,153.74,1.0
16288-M4745447,APARTAMENTO,VENTA,20.67,270.0,4.0,4.0,1167000.0,2.0,SANTA BARBARA,6,MAS DE 20 ANOS,4.7,-74.03,USADO,,0,1,0,0,1,1,0,0,0,1,False,USAQUEN,SANTA BARBARA CENTRAL IV SECTOR,Pepe Sierra,2358.1,0,PARQUE METROPOLITANO EL COUNTRY,914.97,0,0.08,,0.5,1.0,0.0,,0.01,237.13,2.0
562-M4074952,APARTAMENTO,VENTA,20.89,185.0,3.0,5.0,1323000.0,2.0,COUNTRY,6,ENTRE 10 Y 20 ANOS,4.71,-74.04,USADO,,0,0,0,1,1,1,0,0,0,0,False,USAQUEN,LA_CAROLINA,Calle 127,1921.46,0,PARQUE METROPOLITANO EL COUNTRY,304.48,1,0.11,,0.67,0.6,0.0,,0.02,668.66,0.0
495-M4314688,APARTAMENTO,VENTA,20.72,120.0,3.0,2.0,1380000.0,2.0,CHICO,6,MAS DE 20 ANOS,4.66,-74.05,USADO,,0,0,0,0,0,0,0,0,0,1,False,CHAPINERO,S.C. EL NOGAL,Calle 76 - San Felipe,1159.3,0,PARQUE ZONAL SAN ANDRÉS,471.65,1,0.17,,0.67,1.5,0.0,,0.02,658.43,0.0
464-2301,APARTAMENTO,VENTA,20.5,123.56,3.0,3.0,480350.0,2.0,CEDRITOS,4,ENTRE 5 Y 10 ANOS,4.72,-74.04,USADO,,0,0,0,0,1,0,0,0,0,1,False,USAQUEN,CEDRITOS,Calle 142,1240.89,0,PARQUE VECINAL NUEVA URBANIZACIÓN EL CEDRITO,716.78,0,0.17,,0.67,1.0,0.0,,0.02,465.63,1.0
710-M4516219,APARTAMENTO,VENTA,20.82,170.0,3.0,5.0,800000.0,2.0,FONTIBON TINTAL,5,ENTRE 10 Y 20 ANOS,4.66,-74.13,USADO,,0,0,0,1,0,1,0,0,0,1,False,FONTIBON,EL TINTAL A.S.D.,Normandía,2081.34,0,PARQUE ZONAL CANAL BOYACA,1289.01,0,0.12,,0.67,0.6,0.0,,0.02,682.01,0.0
4903-M4629134,APARTAMENTO,VENTA,21.42,274.0,4.0,5.0,3921395.93,4.0,ALTOS DE SUBA Y CERROS DE SAN JORGE,6,REMODELADO,4.75,-74.07,USADO,,0,1,0,0,1,0,0,0,0,1,False,SUBA,EL CERRITO (LOTE),21 Ángeles,1496.67,0,PARQUE ZONAL EL TOMILLAR,572.18,0,0.08,,1.0,0.8,0.0,,0.01,1486.91,0.0
920-M3680386,APARTAMENTO,VENTA,21.06,188.0,3.0,2.0,1050000.0,2.0,CHAPINERO ALTO,6,MAS DE 20 ANOS,4.65,-74.05,USADO,,0,1,0,0,1,0,0,0,0,1,False,CHAPINERO,S.C. INGEMAR ORIENTAL,Flores – Areandina,1751.89,0,PARQUE ZONAL GUSTAVO URIBE BOTERO,467.54,1,0.11,,0.67,1.5,0.0,,0.02,911.76,0.0
15060-M4494989,APARTAMENTO,VENTA,19.52,72.0,3.0,2.0,290000.0,1.0,ORQUIDEAS,4,ENTRE 10 Y 20 ANOS,4.74,-74.03,USADO,,0,0,0,1,1,1,0,0,0,1,False,USAQUEN,SANTA TERESA,Toberin - Foundever,2171.98,0,PARQUE ZONAL SERVITA,385.45,1,0.27,,0.33,1.5,0.0,,0.04,1048.21,0.0
16288-M4745680,APARTAMENTO,VENTA,20.98,184.0,3.0,3.0,1000000.0,3.0,SANTA BARBARA,6,ENTRE 5 Y 10 ANOS,4.7,-74.05,USADO,,0,1,0,0,1,1,0,0,0,0,False,USAQUEN,SAN PATRICIO,Pepe Sierra,249.7,1,PARQUE ZONAL ATABANZA,1386.58,0,0.11,,1.0,1.0,0.0,,0.02,375.18,1.0
3858-M3111677,APARTAMENTO,VENTA,20.67,145.0,3.0,5.0,1150000.0,2.0,CHAPINERO ALTO,6,MAS DE 20 ANOS,4.65,-74.05,USADO,,0,1,0,0,0,0,0,0,0,1,False,CHAPINERO,S.C. EMAUS,Flores – Areandina,956.05,0,PARQUE ZONAL GUSTAVO URIBE BOTERO,367.81,1,0.14,,0.67,0.6,0.0,,0.02,153.88,2.0
3858-M4431816,APARTAMENTO,VENTA,20.82,130.0,3.0,5.0,790000.0,4.0,COUNTRY,5,ENTRE 0 Y 5 ANOS,4.71,-74.05,USADO,,0,0,0,1,1,0,1,0,0,1,False,USAQUEN,,Prado,466.24,1,PARQUE ZONAL ATABANZA,1228.59,0,0.16,,1.33,0.6,0.0,,0.02,668.31,0.0
11369-M4728484,APARTAMENTO,VENTA,19.97,79.7,2.0,2.0,590000.0,2.0,CHAPINERO ALTO,4,MAS DE 20 ANOS,4.64,-74.06,USADO,,0,1,0,0,1,0,0,0,0,1,False,CHAPINERO,S.C. BOSQUE CALDERON,Calle 57,674.66,0,PARQUE ZONAL GUSTAVO URIBE BOTERO,1360.51,0,0.25,,1.0,1.0,0.0,,0.03,1156.76,0.0
10139-M4146827,APARTAMENTO,VENTA,21.72,160.0,2.0,3.0,3921395.93,2.0,CHICO,6,ENTRE 0 Y 5 ANOS,4.67,-74.05,USADO,,0,0,0,1,1,1,1,0,0,1,False,CHAPINERO,S.C. CHICO NORTE,Virrey,1490.94,0,PARQUE VECINAL URBANIZACIÓN LA CABRERA,599.76,0,0.14,,1.0,0.67,0.0,,0.01,478.83,1.0
350-M4710377,APARTAMENTO,VENTA,19.92,78.59,3.0,2.0,680000.0,1.0,CHAPINERO ALTO,4,MAS DE 20 ANOS,4.64,-74.06,USADO,,0,0,0,0,1,0,0,0,0,1,False,CHAPINERO,S.C. PARDO RUBIO,Marly,552.42,0,PARQUE METROPOLITANO PARQUE NACIONAL (PM2A) ENRIQUE OLAYA HERRERA (SECTOR HISTORICO),1638.1,0,0.25,,0.33,1.5,0.0,,0.04,832.91,0.0
11233-2435204,APARTAMENTO,VENTA,21.42,290.0,3.0,5.0,1200000.0,4.0,SANTA BARBARA,6,MAS DE 20 ANOS,4.69,-74.05,USADO,,1,1,0,0,1,0,0,0,0,0,False,USAQUEN,SANTA BIBIANA,Calle 106,618.85,0,PARQUE VECINAL URBANIZACIÓN NORMANDIA I II II Y IV SECTOR,1417.93,0,0.07,,1.33,0.6,0.0,,0.01,576.55,0.0
34-8653,APARTAMENTO,VENTA,21.51,320.0,3.0,4.0,1801000.0,4.0,CEDRITOS,6,MAS DE 20 ANOS,4.72,-74.03,USADO,,0,1,0,0,1,0,0,0,0,1,False,USAQUEN,MONTEARROYO,Alcalá,2594.13,0,PARQUE VECINAL NUEVA URBANIZACIÓN EL CEDRITO,942.56,0,0.07,,1.33,0.75,0.0,,0.01,155.05,1.0
2751-M4663254,APARTAMENTO,VENTA,19.32,53.0,3.0,2.0,80000.0,0.0,CHAPINERO ALTO,2,MAS DE 20 ANOS,4.65,-74.06,USADO,,0,0,0,0,0,0,0,0,0,1,True,CHAPINERO,S.C. CHAPINERO NORTE,Flores – Areandina,406.51,1,PARQUE ZONAL GUSTAVO URIBE BOTERO,1132.23,0,0.36,,0.0,1.5,0.0,,0.06,213.31,1.0
815-M4491590,APARTAMENTO,VENTA,19.88,76.0,2.0,2.0,430000.0,1.0,SANTA BARBARA,6,MAS DE 20 ANOS,4.69,-74.06,USADO,,0,0,0,0,0,0,0,0,0,1,False,USAQUEN,SANTA BIBIANA,Calle 106,130.61,1,PARQUE ZONAL CANAL CORDOBA,1484.0,0,0.26,,0.5,1.0,0.0,,0.03,616.28,0.0
10159-M4618546,APARTAMENTO,VENTA,20.05,116.0,3.0,3.0,496000.0,2.0,COLINA Y ALREDEDORES,5,MAS DE 20 ANOS,4.72,-74.06,USADO,,0,1,0,0,1,1,0,0,0,0,False,SUBA,URB. BOCA COLINA,Alcalá,1261.48,0,PARQUE VECINAL PRADO PINZÓN,962.4,0,0.17,,0.67,1.0,0.0,,0.03,161.68,2.0
495-M4314145,APARTAMENTO,VENTA,20.64,155.0,3.0,4.0,854000.0,3.0,COUNTRY,5,MAS DE 20 ANOS,4.71,-74.03,USADO,,0,0,0,1,0,0,0,0,0,1,False,USAQUEN,S.C. LA CAROLINA,Calle 127,2357.48,0,PARQUE METROPOLITANO EL COUNTRY,636.4,0,0.13,,1.0,0.75,0.0,,0.02,485.12,1.0
495-M4312632,APARTAMENTO,VENTA,20.47,100.0,2.0,2.0,545000.0,2.0,CHICO,6,MAS DE 20 ANOS,4.66,-74.06,USADO,,0,0,0,0,0,0,0,0,0,1,False,CHAPINERO,S.C. PORCIUNCULA,Calle 76 - San Felipe,771.3,0,PARQUE ZONAL SAN ANDRÉS,659.83,0,0.2,,1.0,1.0,0.0,,0.02,334.79,4.0
11013-M4664091,APARTAMENTO,VENTA,20.72,170.0,3.0,2.0,3921395.93,2.0,CHICO,6,MAS DE 20 ANOS,4.65,-74.05,USADO,,0,1,0,0,1,0,0,0,0,1,False,CHAPINERO,S.C. BELLAVISTA,Flores – Areandina,1458.61,0,PARQUE ZONAL GUSTAVO URIBE BOTERO,359.86,1,0.12,,0.67,1.5,0.0,,0.02,662.49,0.0
4796-M4305650,APARTAMENTO,VENTA,19.62,59.5,2.0,2.0,435000.0,1.0,CEDRITOS,4,MAS DE 20 ANOS,4.73,-74.04,USADO,,0,0,0,0,0,0,0,0,0,1,False,USAQUEN,CEDRO BOLIVAR II SECTOR,Calle 146,1108.57,0,PARQUE VECINAL NUEVA URBANIZACIÓN EL CEDRITO,951.26,0,0.33,,0.5,1.0,0.0,,0.03,833.97,0.0
2396-M4421582,APARTAMENTO,VENTA,21.16,187.0,3.0,3.0,980000.0,2.0,,5,ENTRE 10 Y 20 ANOS,4.64,-74.05,USADO,,0,1,0,1,1,0,1,0,0,0,False,CHAPINERO,VISTA HERMOSA - MARIA CRISTINA,Calle 57,1221.93,0,PARQUE ZONAL GUSTAVO URIBE BOTERO,867.7,0,0.11,,0.67,1.0,0.0,,0.02,998.5,0.0
2671-M3297204,APARTAMENTO,VENTA,21.28,254.0,3.0,4.0,1400000.0,2.0,CHAPINERO ALTO,6,MAS DE 20 ANOS,4.66,-74.05,USADO,,0,1,0,0,0,0,0,0,0,1,False,CHAPINERO,S.C. BELLAVISTA,Calle 72,1385.17,0,PARQUE ZONAL GUSTAVO URIBE BOTERO,545.68,0,0.08,,0.67,0.75,0.0,,0.01,638.02,0.0
2671-10914,APARTAMENTO,VENTA,20.52,163.0,4.0,3.0,495000.0,2.0,CEDRITOS,4,MAS DE 20 ANOS,4.73,-74.04,USADO,,0,0,0,0,0,0,0,0,0,1,False,USAQUEN,PARQUES DE LORENA,Mazurén,1365.32,0,PARQUE ZONAL LA VIDA,589.55,0,0.13,,0.5,1.33,0.0,,0.02,589.46,0.0
2671-M4132522,APARTAMENTO,VENTA,21.64,318.0,4.0,4.0,1900000.0,4.0,CHICO,6,MAS DE 20 ANOS,4.66,-74.05,USADO,,0,0,0,0,1,0,0,0,0,1,False,CHAPINERO,S.C. PORCIUNCULA,Calle 72,894.61,0,PARQUE ZONAL SAN ANDRÉS,822.64,0,0.07,,1.0,1.0,0.0,,0.01,190.26,4.0
410-M3288742,APARTAMENTO,VENTA,19.7,60.0,2.0,1.0,181300.0,0.0,CHAPINERO ALTO,3,MAS DE 20 ANOS,4.65,-74.06,USADO,,0,0,0,0,1,0,0,0,0,1,True,CHAPINERO,S.C. CHAPINERO NORTE,Flores – Areandina,346.4,1,PARQUE ZONAL GUSTAVO URIBE BOTERO,1055.39,0,0.33,,0.0,2.0,0.0,,0.03,141.58,1.0
2751-M4492001,APARTAMENTO,VENTA,19.67,67.0,3.0,1.0,160000.0,1.0,SALITRE MODELIA,3,MAS DE 20 ANOS,4.66,-74.12,USADO,,0,0,0,0,0,1,0,0,0,1,False,FONTIBON,LA ESPERANZA_,AV. Rojas,1217.0,0,PARQUE VECINAL CARLOS LLERAS (EL FUEGO),456.54,1,0.29,,0.33,3.0,0.0,,0.04,807.42,0.0
350-M4634191,APARTAMENTO,VENTA,19.38,57.48,3.0,2.0,238400.0,1.0,KENNEDY,3,ENTRE 5 Y 10 ANOS,4.65,-74.16,USADO,,0,0,0,0,1,1,1,0,0,1,False,KENNEDY,S.C. TINTALA,Biblioteca Tintal,1853.93,0,PARQUE ZONAL SAN IGNACIO,620.96,0,0.34,,0.33,1.5,0.0,,0.05,2847.63,0.0
12500-M4672906,APARTAMENTO,VENTA,19.4,66.0,3.0,2.0,198900.0,0.0,CORTIJO AUTOPISTA MEDELLIN,3,ENTRE 10 Y 20 ANOS,4.73,-74.12,USADO,,0,0,0,0,0,1,0,0,0,1,False,ENGATIVA,CIUDADELA COLSUBSIDIO 4 SECTOR,Portal 80,2568.13,0,PARQUE METROPOLITANO PLANTA DE TRATAMIENTO SALITRE,1051.04,0,0.29,,0.0,1.5,0.0,,0.05,2412.1,0.0
495-M4314319,APARTAMENTO,VENTA,20.22,61.45,2.0,2.0,368700.0,1.0,CENTRO NARINO,4,ENTRE 0 Y 5 ANOS,4.62,-74.09,USADO,,0,0,0,1,0,0,0,0,0,1,False,PUENTE ARANDA,LA FLORIDA OCCIDENTAL,CAD,269.26,1,PARQUE METROPOLITANO EL RENACIMIENTO - PARQUE CEMENTERIO CENTRAL,1226.78,0,0.33,,0.5,1.0,0.0,,0.03,1233.6,0.0
72-M4499589,APARTAMENTO,VENTA,20.19,97.0,3.0,2.0,3921395.93,1.0,NICOLAS DE FEDERMAN,4,ENTRE 10 Y 20 ANOS,4.65,-74.08,USADO,,0,0,0,0,1,0,0,0,0,1,False,TEUSAQUILLO,NICOLAS DE FEDERMAN,Campín - UAN,508.94,0,PARQUE ZONAL NICOLAS DE FEDERMAN 3,267.97,1,0.21,,0.33,1.5,0.0,,0.03,610.6,0.0
293-M4187423,APARTAMENTO,VENTA,21.06,252.0,4.0,5.0,1569400.0,4.0,ALTOS DE SUBA Y CERROS DE SAN JORGE,6,ENTRE 10 Y 20 ANOS,4.73,-74.09,USADO,,0,0,0,1,1,0,0,0,0,1,False,SUBA,VILLA CATALINA,Suba - TV. 91,546.07,0,PARQUE ZONAL BELLAVISTA DINDALITO,675.3,0,0.08,,1.0,0.8,0.0,,0.02,1976.79,0.0
2529-M4485710,APARTAMENTO,VENTA,20.95,164.0,4.0,3.0,880000.0,2.0,CHICO,6,ENTRE 10 Y 20 ANOS,4.67,-74.04,USADO,,0,0,0,1,1,0,0,0,0,1,False,CHAPINERO,EL REFUGIO,Héroes - Gel´Hada,1812.26,0,PARQUE VECINAL URBANIZACIÓN LA CABRERA,781.9,0,0.13,,0.5,1.33,0.0,,0.02,758.2,0.0
15060-M4504335,APARTAMENTO,VENTA,20.12,96.6,3.0,2.0,346000.0,2.0,CEDRITOS,4,ENTRE 10 Y 20 ANOS,4.73,-74.03,USADO,,0,0,0,1,0,1,1,0,0,1,False,USAQUEN,LA LIBERIA,Mazurén,1812.41,0,PARQUE ZONAL ALTA BLANCA,509.99,0,0.21,,0.67,1.5,0.0,,0.03,270.1,1.0
5168-M4745826,APARTAMENTO,VENTA,20.17,89.0,3.0,2.0,350000.0,1.0,NIZA ALHAMBRA,4,ENTRE 10 Y 20 ANOS,4.7,-74.08,USADO,,0,0,0,1,1,0,0,0,0,1,False,SUBA,POTOSI SECTOR I,AV. Boyacá,503.47,0,PARQUE ZONAL BONANZA,1013.15,0,0.23,,0.33,1.5,0.0,,0.03,324.16,3.0
495-M4314323,APARTAMENTO,VENTA,20.43,79.59,2.0,2.0,477540.0,1.0,CENTRO NARINO,4,ENTRE 0 Y 5 ANOS,4.63,-74.08,USADO,,0,0,0,1,0,1,0,0,0,1,False,TEUSAQUILLO,GRAN AMERICA,CAD,399.57,1,PARQUE METROPOLITANO EL RENACIMIENTO - PARQUE CEMENTERIO CENTRAL,1160.81,0,0.26,,0.5,1.0,0.0,,0.03,1017.71,0.0
11013-M4292990,APARTAMENTO,VENTA,19.38,34.0,1.0,1.0,150000.0,0.0,CHAPINERO ALTO,3,ENTRE 5 Y 10 ANOS,4.65,-74.06,USADO,,0,0,0,1,1,0,0,0,0,1,False,CHAPINERO,S.C. CHAPINERO CENTRAL,Calle 63,353.49,1,PARQUE ZONAL GUSTAVO URIBE BOTERO,1159.98,0,0.57,,0.0,1.0,0.0,,0.03,689.89,0.0
15060-M4264440,APARTAMENTO,VENTA,20.5,135.93,3.0,4.0,650000.0,2.0,COUNTRY,5,ENTRE 10 Y 20 ANOS,4.71,-74.03,USADO,,0,1,0,1,1,1,0,0,0,1,False,USAQUEN,BELLA SUIZA,Prado,2541.11,0,PARQUE METROPOLITANO EL COUNTRY,1063.83,0,0.15,,0.67,0.75,0.0,,0.02,244.72,1.0
410-386,APARTAMENTO,VENTA,20.56,146.0,3.0,3.0,784000.0,2.0,SANTA BARBARA,6,MAS DE 20 ANOS,4.69,-74.05,USADO,,0,1,0,0,1,1,0,0,0,1,False,USAQUEN,SANTA BIBIANA,Calle 106,969.4,0,PARQUE VECINAL URBANIZACIÓN NORMANDIA I II II Y IV SECTOR,1594.29,0,0.14,,0.67,1.0,0.0,,0.02,473.94,2.0
2671-M3330218,APARTAMENTO,VENTA,21.39,286.0,4.0,5.0,1100000.0,3.0,COUNTRY,6,ENTRE 10 Y 20 ANOS,4.71,-74.03,USADO,,0,1,0,0,0,0,0,0,0,1,False,USAQUEN,GINEBRA,Prado,2899.99,0,PARQUE METROPOLITANO EL COUNTRY,1375.02,0,0.07,,0.75,0.8,0.0,,0.01,595.39,0.0
2671-11369,APARTAMENTO,VENTA,21.13,151.27,3.0,3.0,1200000.0,2.0,CHICO,6,ENTRE 5 Y 10 ANOS,4.68,-74.05,USADO,,0,1,0,1,1,0,0,0,0,1,True,CHAPINERO,S.C. CHICO NORTE,Calle 100 - Marketmedios,1021.74,0,PARQUE ZONAL CANAL EL VIRREY EL CHICO,803.66,0,0.14,,0.67,1.0,0.0,,0.02,325.3,2.0
4796-M4630915,APARTAMENTO,VENTA,20.77,156.0,3.0,4.0,1032000.0,2.0,SANTA BARBARA,6,ENTRE 10 Y 20 ANOS,4.7,-74.05,USADO,,0,0,0,0,0,0,0,0,0,1,True,USAQUEN,SANTA BARBARA OCCIDENTAL,Calle 127,402.12,1,PARQUE ZONAL ATABANZA,964.2,0,0.13,,0.67,0.75,0.0,,0.02,241.15,5.0
2398-M4023130,APARTAMENTO,VENTA,20.25,126.0,3.0,4.0,200000.0,2.0,NIZA ALHAMBRA,5,MAS DE 20 ANOS,4.71,-74.06,USADO,,0,0,0,0,1,0,0,0,0,1,False,SUBA,EL BATAN,Humedal Córdoba,904.1,0,PARQUE ZONAL CANAL CORDOBA,514.73,0,0.16,,0.67,0.75,0.0,,0.02,1141.56,0.0
815-M3753148,APARTAMENTO,VENTA,20.21,118.0,3.0,3.0,3921395.93,1.0,NIZA ALHAMBRA,5,MAS DE 20 ANOS,4.71,-74.07,USADO,,0,0,0,0,0,1,0,0,0,1,False,SUBA,NIZA SUR,Niza - Calle 127,377.38,1,PARQUE ZONAL LOS LACHES LA MINA,305.95,1,0.17,,0.33,1.0,0.0,,0.03,305.23,10.0
12500-M4672924,APARTAMENTO,VENTA,19.38,64.0,3.0,1.0,175000.0,0.0,CORTIJO AUTOPISTA MEDELLIN,3,ENTRE 10 Y 20 ANOS,4.73,-74.12,USADO,,0,0,0,0,0,1,0,0,0,1,False,ENGATIVA,CIUDADELA COLSUBSIDIO 4 SECTOR,Portal 80,2568.13,0,PARQUE METROPOLITANO PLANTA DE TRATAMIENTO SALITRE,1051.04,0,0.3,,0.0,3.0,0.0,,0.05,2412.1,0.0
11307-M4669528,APARTAMENTO,VENTA,20.67,127.4,3.0,2.0,684292.0,2.0,SANTA BARBARA,6,ENTRE 10 Y 20 ANOS,4.69,-74.05,USADO,,0,0,0,0,0,0,0,0,0,1,False,USAQUEN,SANTA BIBIANA,Calle 106,604.28,0,PARQUE VECINAL URBANIZACIÓN NORMANDIA I II II Y IV SECTOR,1298.23,0,0.16,,0.67,1.5,0.0,,0.02,600.84,0.0
603-M4418081,APARTAMENTO,VENTA,20.71,181.0,3.0,4.0,1100000.0,2.0,SANTA BARBARA,6,MAS DE 20 ANOS,4.69,-74.04,USADO,,0,1,0,0,0,1,0,0,0,1,False,USAQUEN,RINCON DEL CHICO,Calle 106,1357.03,0,PARQUE ZONAL CANAL EL VIRREY EL CHICO,1908.55,0,0.11,,0.67,0.75,0.0,,0.02,599.88,0.0
432-M4290360,APARTAMENTO,VENTA,19.21,54.0,3.0,2.0,305000.0,1.0,COLINA Y ALREDEDORES,3,ENTRE 10 Y 20 ANOS,4.75,-74.06,USADO,,0,0,0,0,0,1,0,0,0,1,False,SUBA,LAS PASTORCITAS,Toberin - Foundever,1551.71,0,PARQUE ZONAL SAN JOSÉ DE BAVARIA,508.55,0,0.36,,0.33,1.5,0.0,,0.06,2006.68,0.0
12375-M4477693,APARTAMENTO,VENTA,19.83,79.0,3.0,3.0,411000.0,1.0,COLINA Y ALREDEDORES,5,MAS DE 20 ANOS,4.71,-74.08,USADO,,0,0,0,0,1,0,0,0,0,1,False,SUBA,NIZA NORTE,Niza - Calle 127,633.76,0,PARQUE VECINAL AGRUPACIÓN DE VIVIENDA EN BALCON DE LINDARAJA,367.8,1,0.25,,0.33,1.0,0.0,,0.04,664.94,0.0
603-M4418651,APARTAMENTO,VENTA,20.26,94.0,3.0,2.0,439000.0,2.0,CEDRITOS,4,ENTRE 10 Y 20 ANOS,4.72,-74.03,USADO,,0,0,0,0,1,0,0,0,0,1,False,USAQUEN,CEDRO SALAZAR,Calle 142,2171.78,0,PARQUE VECINAL NUEVA URBANIZACIÓN EL CEDRITO,335.35,1,0.22,,0.67,1.5,0.0,,0.03,587.06,0.0
495-M4314745,APARTAMENTO,VENTA,20.18,92.0,3.0,2.0,334000.0,1.0,COLINA Y ALREDEDORES,5,ENTRE 0 Y 5 ANOS,4.74,-74.06,USADO,,0,0,0,1,0,1,0,0,0,1,False,SUBA,CANTALEJO,Calle 161,1331.36,0,PARQUE VECINAL DESARROLLO CANTALEJO URBANIZACIÓN CANTALEJO MANZANA B,282.11,1,0.22,,0.33,1.5,0.0,,0.03,1249.34,0.0
10058-M4744527,APARTAMENTO,VENTA,20.61,147.0,3.0,4.0,519000.0,2.0,COLINA Y ALREDEDORES,5,ENTRE 0 Y 5 ANOS,4.74,-74.05,USADO,,0,1,0,1,1,0,1,0,0,0,False,SUBA,CAMPOS DE SILENCIO,Calle 161,748.44,0,PARQUE VECINAL DESARROLLO CANTALEJO URBANIZACIÓN CANTALEJO MANZANA B,326.8,1,0.14,,0.67,0.75,0.0,,0.02,1663.01,0.0
920-M4744210,APARTAMENTO,VENTA,19.86,95.0,3.0,2.0,317000.0,1.0,COUNTRY,4,MAS DE 20 ANOS,4.72,-74.03,USADO,,0,0,0,0,1,0,0,0,0,1,False,USAQUEN,CEDRITOS,Alcalá,2338.08,0,PARQUE VECINAL NUEVA URBANIZACIÓN EL CEDRITO,865.94,0,0.21,,0.33,1.5,0.0,,0.03,207.95,1.0
920-42152736,APARTAMENTO,VENTA,21.72,324.0,3.0,3.0,1991000.0,2.0,CHICO,6,MAS DE 20 ANOS,4.66,-74.05,USADO,,0,1,0,0,0,0,0,0,0,1,False,CHAPINERO,S.C. BELLAVISTA,Calle 72,1492.46,0,PARQUE ZONAL GUSTAVO URIBE BOTERO,602.91,0,0.07,,0.67,1.0,0.0,,0.01,743.1,0.0
12503-M4294857,APARTAMENTO,VENTA,19.87,62.0,1.0,2.0,345000.0,1.0,CEDRITOS,4,ENTRE 5 Y 10 ANOS,4.73,-74.04,USADO,,0,0,0,1,1,1,0,0,0,1,False,USAQUEN,CAOBOS SALAZAR,Calle 146,1552.47,0,PARQUE VECINAL NUEVA URBANIZACIÓN EL CEDRITO,541.19,0,0.32,,1.0,0.5,0.0,,0.02,504.74,0.0
920-42150350,APARTAMENTO,VENTA,20.37,126.0,3.0,3.0,300000.0,0.0,CENTRO Y ZONA COLONIAL,4,MAS DE 20 ANOS,4.61,-74.07,USADO,,0,0,0,0,0,0,0,0,0,1,False,SANTA FE,LAS AGUAS,Universidades,52.48,1,PARQUE ZONAL SENDERO A MONSERRATE,632.81,0,0.16,,0.0,1.0,0.0,,0.02,207.94,4.0
10159-M4618389,APARTAMENTO,VENTA,19.49,71.0,3.0,2.0,216000.0,1.0,ENGATIVA,4,ENTRE 5 Y 10 ANOS,4.72,-74.14,USADO,,0,0,0,0,0,1,0,0,0,1,False,ENGATIVA,S.C. EL GACO,Portal 80,3212.97,0,PARQUE METROPOLITANO PLANTA DE TRATAMIENTO SALITRE,1256.6,0,0.27,,0.33,1.5,0.0,,0.04,2742.11,0.0
646-M3363964,APARTAMENTO,VENTA,19.73,89.0,3.0,2.0,257000.0,1.0,SALITRE MODELIA,4,MAS DE 20 ANOS,4.67,-74.13,USADO,,0,0,0,0,0,1,0,0,0,1,False,FONTIBON,CAPELLANIA,Modelia,1478.52,0,PARQUE VECINAL MODELIA SECTOR A,948.48,0,0.22,,0.33,1.5,0.0,,0.03,655.09,0.0
293-M4550851,APARTAMENTO,VENTA,20.01,81.0,3.0,2.0,338000.0,1.0,CEDRITOS,4,MAS DE 20 ANOS,4.73,-74.04,USADO,,0,0,0,1,1,0,0,0,0,1,False,USAQUEN,PARQUES DE LORENA,Mazurén,1492.65,0,PARQUE ZONAL LA VIDA,711.84,0,0.25,,0.33,1.5,0.0,,0.04,437.16,1.0
920-42153334,APARTAMENTO,VENTA,20.82,161.0,3.0,3.0,830000.0,2.0,CHICO,6,ENTRE 10 Y 20 ANOS,4.66,-74.05,USADO,,0,1,0,0,1,0,0,0,0,1,False,CHAPINERO,LOS ROSALES,Calle 72,1337.79,0,PARQUE ZONAL SAN ANDRÉS,822.45,0,0.13,,0.67,1.0,0.0,,0.02,608.68,0.0
10159-M4618313,APARTAMENTO,VENTA,19.67,76.0,3.0,2.0,210000.0,2.0,ENGATIVA,3,MAS DE 20 ANOS,4.71,-74.11,USADO,,0,0,0,0,0,1,0,0,0,1,False,ENGATIVA,VILLAS DEL MADRIGAL,Portal 80,245.51,1,PARQUE VECINAL URBANIZACIÓN EL MADRIGAL PRIMER SECTOR,176.43,1,0.26,,0.67,1.5,0.0,,0.04,136.58,1.0
12041-M4710955,APARTAMENTO,VENTA,21.31,303.0,4.0,4.0,3921395.93,3.0,CHICO,6,MAS DE 20 ANOS,4.65,-74.05,USADO,,0,1,0,1,0,1,0,0,0,1,False,CHAPINERO,S.C. BELLAVISTA,Flores – Areandina,1349.05,0,PARQUE ZONAL GUSTAVO URIBE BOTERO,297.21,1,0.07,,0.75,1.0,0.0,,0.01,552.71,0.0
416-113077,APARTAMENTO,VENTA,19.96,32.0,1.0,1.0,3921395.93,1.0,SANTA BARBARA,6,ENTRE 0 Y 5 ANOS,4.69,-74.03,USADO,,0,0,0,1,1,0,0,0,0,0,False,USAQUEN,SANTA ANA ORIENTAL,Calle 106,2490.04,0,PARQUE METROPOLITANO EL COUNTRY,1914.42,0,0.62,,1.0,1.0,0.0,,0.03,447.46,1.0
495-M4314876,APARTAMENTO,VENTA,21.47,216.0,3.0,4.0,850000.0,2.0,COUNTRY,6,MAS DE 20 ANOS,4.71,-74.04,USADO,,0,1,0,1,0,0,0,0,0,1,False,USAQUEN,LA_CAROLINA,Prado,1379.64,0,PARQUE METROPOLITANO EL COUNTRY,559.8,0,0.1,,0.67,0.75,0.0,,0.01,567.2,0.0
5031-M4599909,APARTAMENTO,VENTA,19.98,53.0,1.0,2.0,450000.0,1.0,NIZA ALHAMBRA,4,ENTRE 0 Y 5 ANOS,4.71,-74.07,USADO,,0,0,0,0,1,1,0,0,0,1,True,SUBA,NIZA SUR,Humedal Córdoba,159.52,1,PARQUE ZONAL LOS LACHES LA MINA,461.06,1,0.38,,1.0,0.5,0.0,,0.02,458.55,9.0
920-M4441751,APARTAMENTO,VENTA,19.66,44.0,1.0,1.0,370000.0,1.0,COUNTRY,6,ENTRE 10 Y 20 ANOS,4.71,-74.04,USADO,,0,1,0,0,1,0,0,0,0,1,False,USAQUEN,LA_CAROLINA,Calle 127,1584.12,0,PARQUE METROPOLITANO EL COUNTRY,245.95,1,0.45,,1.0,1.0,0.0,,0.02,404.44,1.0
350-M4274202,APARTAMENTO,VENTA,20.03,107.82,3.0,3.0,411300.0,2.0,ORQUIDEAS,4,ENTRE 10 Y 20 ANOS,4.76,-74.04,USADO,,0,0,0,1,1,0,0,0,0,1,False,USAQUEN,SAN ANTONIO NOROCCIDENTAL,Portal Norte,794.49,0,PARQUE VECINAL URBANIZACIÓN CALLE 170 / ALAMEDA,138.71,1,0.19,,0.67,1.0,0.0,,0.03,940.88,0.0
920-M3208714,APARTAMENTO,VENTA,20.99,179.0,3.0,4.0,978000.0,2.0,CHICO,6,MAS DE 20 ANOS,4.66,-74.05,USADO,,0,1,0,0,1,0,0,0,0,1,False,CHAPINERO,LOS ROSALES,Calle 76 - San Felipe,1325.97,0,PARQUE ZONAL SAN ANDRÉS,715.98,0,0.12,,0.67,0.75,0.0,,0.02,638.14,0.0
416-M4711541,APARTAMENTO,VENTA,20.13,75.0,3.0,2.0,350000.0,2.0,,4,ENTRE 10 Y 20 ANOS,4.64,-74.1,USADO,,0,0,0,1,1,0,0,0,0,0,False,TEUSAQUILLO,CIUDAD SALITRE SURORIENTAL,CAN,708.03,0,PARQUE VECINAL SANTA CLARA,1116.65,0,0.27,,0.67,1.5,0.0,,0.04,558.85,0.0
11013-M4295766,APARTAMENTO,VENTA,19.19,29.44,1.0,1.0,3921395.93,0.0,ORQUIDEAS,3,ENTRE 0 Y 5 ANOS,4.75,-74.03,USADO,,0,0,0,1,1,0,0,0,0,1,False,USAQUEN,LA GRANJA NORTE,Portal Norte,2026.19,0,PARQUE ZONAL SERVITA,821.4,0,0.65,,0.0,1.0,0.0,,0.03,809.31,0.0
920-M3849999,APARTAMENTO,VENTA,19.86,90.0,3.0,2.0,340000.0,1.0,CEDRITOS,4,MAS DE 20 ANOS,4.73,-74.04,USADO,,0,0,0,0,1,0,0,0,0,1,False,USAQUEN,PARQUES DE LORENA,Mazurén,1305.44,0,PARQUE ZONAL LA VIDA,817.31,0,0.22,,0.33,1.5,0.0,,0.03,612.24,0.0
12500-M4709129,APARTAMENTO,VENTA,19.34,55.0,3.0,2.0,326000.0,1.0,ALTOS DE SUBA Y CERROS DE SAN JORGE,3,MAS DE 20 ANOS,4.72,-74.09,USADO,,0,0,0,0,0,1,0,0,0,1,False,SUBA,BOSQUES DE SAN JORGE,Suba - AV. Boyacá,1690.4,0,PARQUE METROPOLITANO CEFE COMETAS,757.28,0,0.35,,0.33,1.5,0.0,,0.05,1956.01,0.0
4498-M3307193,APARTAMENTO,VENTA,20.67,151.0,3.0,4.0,742000.0,3.0,SANTA BARBARA,6,ENTRE 10 Y 20 ANOS,4.69,-74.05,USADO,,0,0,0,0,0,0,0,0,0,1,False,USAQUEN,SAN PATRICIO,Calle 106,476.69,1,PARQUE ZONAL CANAL CORDOBA,1687.0,0,0.14,,1.0,0.75,0.0,,0.02,285.69,2.0
5545-M3561929,APARTAMENTO,VENTA,21.64,207.0,4.0,5.0,1505000.0,4.0,CHICO,6,MAS DE 20 ANOS,4.68,-74.05,USADO,,0,1,0,0,1,0,0,0,0,1,False,CHAPINERO,S.C. CHICO NORTE,Calle 100 - Marketmedios,1059.94,0,PARQUE ZONAL CANAL EL VIRREY EL CHICO,824.4,0,0.1,,1.0,0.8,0.0,,0.02,302.58,2.0
495-M4333194,APARTAMENTO,VENTA,20.13,119.0,3.0,3.0,607000.0,2.0,SANTA BARBARA,6,MAS DE 20 ANOS,4.69,-74.04,USADO,,0,0,0,0,0,0,0,0,0,1,False,USAQUEN,SAN PATRICIO,Pepe Sierra,1229.93,0,PARQUE METROPOLITANO EL COUNTRY,1359.04,0,0.17,,0.67,1.0,0.0,,0.03,289.68,1.0
495-M4315202,APARTAMENTO,VENTA,19.92,89.5,3.0,2.0,350000.0,2.0,COLINA Y ALREDEDORES,5,MAS DE 20 ANOS,4.73,-74.07,USADO,,0,1,0,1,1,0,0,0,0,1,False,SUBA,EL REFUGIO DE LA COLINA I,Gratamira,601.68,0,PARQUE ZONAL EL TOMILLAR,1204.93,0,0.22,,0.67,1.5,0.0,,0.03,485.92,1.0
175-M4490376,APARTAMENTO,VENTA,19.11,30.0,1.0,1.0,340000.0,0.0,CEDRITOS,5,ENTRE 0 Y 5 ANOS,4.74,-74.03,USADO,,0,0,0,0,1,1,0,0,0,1,False,USAQUEN,EL_JARDIN,Calle 161,2128.71,0,PARQUE ZONAL ALTA BLANCA,521.46,0,0.64,,0.0,1.0,0.0,,0.03,1063.21,0.0
679-M4032068,APARTAMENTO,VENTA,21.72,308.0,4.0,4.0,2800000.0,2.0,CHICO,6,MAS DE 20 ANOS,4.65,-74.05,USADO,,0,1,0,0,1,0,0,0,0,1,False,CHAPINERO,ALTOS DE BELLAVISTA,Calle 72,1518.65,0,PARQUE ZONAL GUSTAVO URIBE BOTERO,555.33,0,0.07,,0.5,1.0,0.0,,0.01,773.93,0.0
4796-M4333003,APARTAMENTO,VENTA,20.46,111.0,3.0,2.0,510000.0,2.0,SALITRE MODELIA,4,ENTRE 10 Y 20 ANOS,4.64,-74.1,USADO,,0,0,0,0,1,0,0,0,0,1,False,TEUSAQUILLO,CIUDAD SALITRE SURORIENTAL,CAN,733.37,0,PARQUE VECINAL URBANIZACIÓN SALITRE (GRECO),1092.2,0,0.18,,0.67,1.5,0.0,,0.03,543.68,0.0
4796-M4120837,APARTAMENTO,VENTA,19.81,70.0,2.0,3.0,40000.0,1.0,COUNTRY,5,ENTRE 10 Y 20 ANOS,4.72,-74.04,USADO,,0,0,0,0,0,1,0,0,0,1,False,USAQUEN,EL CONTADOR,Alcalá,1044.69,0,PARQUE VECINAL NUEVA URBANIZACIÓN EL CEDRITO,1264.61,0,0.28,,0.5,0.67,0.0,,0.03,573.07,0.0
4796-M3865979,APARTAMENTO,VENTA,19.44,80.0,3.0,2.0,123000.0,0.0,CORTIJO AUTOPISTA MEDELLIN,4,MAS DE 20 ANOS,4.7,-74.09,USADO,,0,0,0,1,0,1,0,0,0,1,False,ENGATIVA,EL MINUTO DE DIOS,Minuto de Dios,510.33,0,PARQUE ZONAL LA SERENA,1107.05,0,0.24,,0.0,1.5,0.0,,0.04,804.0,0.0
4796-M3869416,APARTAMENTO,VENTA,19.82,82.0,3.0,2.0,322300.0,1.0,COUNTRY,5,MAS DE 20 ANOS,4.71,-74.05,USADO,,0,0,0,0,0,1,0,0,0,1,False,USAQUEN,LA CALLEJA,Prado,487.47,1,PARQUE ZONAL ATABANZA,914.17,0,0.24,,0.33,1.5,0.0,,0.04,504.31,0.0
4796-M4629540,APARTAMENTO,VENTA,19.55,40.0,1.0,2.0,237000.0,1.0,CHAPINERO ALTO,4,ENTRE 10 Y 20 ANOS,4.64,-74.06,USADO,,0,0,0,1,1,0,0,0,0,1,False,CHAPINERO,S.C. PARDO RUBIO,Marly,447.52,1,PARQUE METROPOLITANO PARQUE NACIONAL (PM2A) ENRIQUE OLAYA HERRERA (SECTOR HISTORICO),1611.72,0,0.49,,1.0,0.5,0.0,,0.02,777.18,0.0
399-M4204163,APARTAMENTO,VENTA,20.28,123.0,3.0,2.0,406000.0,1.0,CHAPINERO ALTO,4,MAS DE 20 ANOS,4.64,-74.06,USADO,,0,1,0,0,0,0,0,0,0,1,False,CHAPINERO,S.C. PARDO RUBIO,Marly,420.66,1,PARQUE METROPOLITANO PARQUE NACIONAL (PM2A) ENRIQUE OLAYA HERRERA (SECTOR HISTORICO),1503.07,0,0.16,,0.33,1.5,0.0,,0.02,680.18,0.0
2671-M3589325,APARTAMENTO,VENTA,21.72,261.0,3.0,4.0,2200000.0,3.0,CHICO,6,ENTRE 5 Y 10 ANOS,4.66,-74.05,USADO,,0,1,0,0,1,0,0,0,0,1,False,CHAPINERO,BOSQUE EL RETIRO I SECTOR,Héroes - Gel´Hada,1685.89,0,PARQUE ZONAL SAN ANDRÉS,705.31,0,0.08,,1.0,0.75,0.0,,0.01,841.45,0.0
4796-M4518792,APARTAMENTO,VENTA,20.26,101.0,2.0,3.0,811000.0,1.0,COUNTRY,5,ENTRE 5 Y 10 ANOS,4.72,-74.05,USADO,,0,0,0,0,1,0,0,0,0,1,False,USAQUEN,LOS CEDROS,Alcalá,394.05,1,PARQUE VECINAL PRADO PINZÓN,800.62,0,0.2,,0.5,0.67,0.0,,0.02,213.71,1.0
12500-M4703416,APARTAMENTO,VENTA,20.37,108.0,2.0,3.0,608000.0,2.0,COUNTRY,5,ENTRE 5 Y 10 ANOS,4.72,-74.05,USADO,,0,0,0,0,1,1,0,0,0,1,False,USAQUEN,LOS CEDROS,Alcalá,206.2,1,PARQUE VECINAL PRADO PINZÓN,812.53,0,0.19,,1.0,0.67,0.0,,0.02,351.33,1.0
2123-M4206690,APARTAMENTO,VENTA,20.49,95.0,3.0,3.0,540000.0,2.0,CEDRITOS,4,ENTRE 0 Y 5 ANOS,4.72,-74.03,USADO,,0,1,0,1,1,1,0,0,0,1,False,USAQUEN,CEDRO SALAZAR,Calle 142,2373.29,0,PARQUE VECINAL NUEVA URBANIZACIÓN EL CEDRITO,492.74,1,0.22,,0.67,1.0,0.0,,0.03,723.78,0.0
771-M4457295,APARTAMENTO,VENTA,21.51,244.0,3.0,5.0,1400000.0,4.0,,5,ENTRE 5 Y 10 ANOS,4.7,-74.03,USADO,,0,0,0,0,1,1,1,0,0,1,False,USAQUEN,DELICIAS DEL CARMEN,Calle 127,3129.18,0,PARQUE METROPOLITANO EL COUNTRY,1386.26,0,0.09,,1.33,0.6,0.0,,0.01,980.45,0.0
12500-M4734448,APARTAMENTO,VENTA,19.18,55.0,3.0,2.0,110000.0,0.0,CASTILLA MARSELLA,3,MAS DE 20 ANOS,4.64,-74.14,USADO,,0,0,0,0,0,1,0,0,0,1,False,KENNEDY,CASTILLA REAL - SANTA MARIA DE LOS ANGELES,Mandalay,1644.27,0,PARQUE VECINAL VILLA ALSACIA,107.55,1,0.35,,0.0,1.5,0.0,,0.05,940.09,0.0
10677-M3878516,APARTAMENTO,VENTA,20.56,96.0,3.0,3.0,603653.0,2.0,SANTA BARBARA,6,ENTRE 0 Y 5 ANOS,4.7,-74.05,USADO,,0,1,0,0,1,0,0,0,0,1,False,USAQUEN,SANTA BARBARA OCCIDENTAL,Calle 127,944.5,0,PARQUE METROPOLITANO EL COUNTRY,895.58,0,0.21,,0.67,1.0,0.0,,0.03,484.03,2.0
920-42152303,APARTAMENTO,VENTA,21.6,345.0,3.0,4.0,2100000.0,3.0,CHICO,6,MAS DE 20 ANOS,4.68,-74.06,USADO,,0,1,0,0,1,0,0,0,0,1,True,CHAPINERO,S.C. CHICO NORTE,Virrey,396.29,1,PARQUE VECINAL URBANIZACIÓN NORMANDIA I II II Y IV SECTOR,260.18,1,0.06,,1.0,0.75,0.0,,0.01,366.95,1.0
2671-11311,APARTAMENTO,VENTA,21.06,242.0,4.0,4.0,3800000.0,4.0,CHAPINERO ALTO,6,MAS DE 20 ANOS,4.65,-74.05,USADO,,0,1,0,0,1,0,0,0,0,1,False,CHAPINERO,S.C. LAS ACACIAS,Flores – Areandina,1401.31,0,PARQUE ZONAL GUSTAVO URIBE BOTERO,137.77,1,0.09,,1.0,1.0,0.0,,0.02,561.72,0.0
5175-2295,APARTAMENTO,VENTA,21.7,265.0,3.0,4.0,1881000.0,4.0,CHICO,6,ENTRE 10 Y 20 ANOS,4.66,-74.05,USADO,,0,0,0,1,1,0,0,0,0,1,False,CHAPINERO,LOS ROSALES,Calle 72,1559.41,0,PARQUE ZONAL SAN ANDRÉS,907.56,0,0.08,,1.33,0.75,0.0,,0.01,827.87,0.0
2671-11560,APARTAMENTO,VENTA,21.82,373.0,3.0,4.0,2138000.0,3.0,CHICO,6,MAS DE 20 ANOS,4.66,-74.05,USADO,,1,1,0,0,0,0,0,0,0,1,False,CHAPINERO,LOS ROSALES,Calle 76 - San Felipe,1486.83,0,PARQUE ZONAL SAN ANDRÉS,637.54,0,0.06,,1.0,0.75,0.0,,0.01,817.33,0.0
920-42152679,APARTAMENTO,VENTA,21.05,220.0,2.0,3.0,2136000.0,2.0,CHAPINERO ALTO,4,MAS DE 20 ANOS,4.65,-74.06,USADO,,0,0,0,0,1,0,0,0,0,1,False,CHAPINERO,S.C. QUINTA CAMACHO,Flores – Areandina,565.55,0,PARQUE ZONAL GUSTAVO URIBE BOTERO,748.19,0,0.1,,1.0,0.67,0.0,,0.01,304.55,6.0
2123-M3095906,APARTAMENTO,VENTA,21.6,330.0,3.0,5.0,2200000.0,3.0,COUNTRY,6,ENTRE 10 Y 20 ANOS,4.71,-74.03,USADO,,0,1,0,1,1,0,0,0,0,1,False,USAQUEN,CIUDADELA REAL,Alcalá,2673.15,0,PARQUE VECINAL NUEVA URBANIZACIÓN EL CEDRITO,1176.23,0,0.07,,1.0,0.6,0.0,,0.01,165.17,1.0
2123-M4139652,APARTAMENTO,VENTA,20.61,130.0,3.0,3.0,700000.0,2.0,COUNTRY,6,ENTRE 5 Y 10 ANOS,4.7,-74.03,USADO,,0,1,0,1,0,0,0,0,0,1,False,USAQUEN,SANTA BARBARA ORIENTAL,Calle 127,2496.9,0,PARQUE METROPOLITANO EL COUNTRY,763.12,0,0.16,,0.67,1.0,0.0,,0.02,734.21,0.0
771-M4371562,APARTAMENTO,VENTA,21.16,250.0,3.0,4.0,1400000.0,2.0,,6,MAS DE 20 ANOS,4.68,-74.06,USADO,,1,1,0,0,0,0,0,0,0,1,False,CHAPINERO,S.C. EL CHICO,Virrey,249.69,1,PARQUE VECINAL URBANIZACIÓN NORMANDIA I II II Y IV SECTOR,102.34,1,0.08,,0.67,0.75,0.0,,0.01,531.98,0.0
5031-M4699896,APARTAMENTO,VENTA,19.11,42.0,2.0,1.0,216500.0,1.0,COLINA Y ALREDEDORES,3,MAS DE 20 ANOS,4.73,-74.05,USADO,,0,0,0,0,0,1,0,0,0,1,False,SUBA,PRADO PINZON,Calle 142,208.78,1,PARQUE VECINAL PRADO PINZÓN,286.08,1,0.46,,0.5,2.0,0.0,,0.05,1011.78,0.0
4498-M4504007,APARTAMENTO,VENTA,20.91,135.0,2.0,3.0,1200000.0,2.0,CHICO,5,ENTRE 5 Y 10 ANOS,4.67,-74.06,USADO,,0,1,0,0,0,0,0,0,0,1,False,CHAPINERO,S.C. ANTIGUO COUNTRY,Calle 85,327.09,1,PARQUE METROPOLITANO RECONCILIACIÓN,272.11,1,0.15,,1.0,0.67,0.0,,0.01,237.63,3.0
10093-M4370977,APARTAMENTO,VENTA,21.55,241.0,3.0,4.0,1600000.0,3.0,CHAPINERO ALTO,5,ENTRE 10 Y 20 ANOS,4.65,-74.05,USADO,,1,1,0,1,1,1,0,0,0,1,False,CHAPINERO,S.C. GRANADA,Flores – Areandina,1127.61,0,PARQUE ZONAL GUSTAVO URIBE BOTERO,172.57,1,0.09,,1.0,0.75,0.0,,0.01,289.42,1.0
10323-M4493734,APARTAMENTO,VENTA,20.68,196.0,3.0,3.0,3921395.93,2.0,CHICO,5,MAS DE 20 ANOS,4.68,-74.05,USADO,,0,1,0,0,1,0,0,0,0,1,False,CHAPINERO,S.C. CHICO NORTE,Virrey,1240.67,0,PARQUE ZONAL CANAL EL VIRREY EL CHICO,830.97,0,0.11,,0.67,1.0,0.0,,0.02,144.68,2.0
15925-M4427181,APARTAMENTO,VENTA,19.16,54.0,3.0,1.0,160000.0,0.0,,3,MAS DE 20 ANOS,4.75,-74.1,USADO,,0,0,0,0,0,0,0,0,0,0,False,SUBA,URB. LA FONTANA,Portal Suba,1031.18,0,PARQUE VECINAL CIUDADELA CAFAM ANTES URBANIZACIÓN PUERTO SOL,391.62,1,0.35,,0.0,3.0,0.0,,0.06,824.34,0.0
771-M4678466,APARTAMENTO,VENTA,20.49,113.0,3.0,3.0,630000.0,2.0,CHICO,6,ENTRE 10 Y 20 ANOS,4.67,-74.05,USADO,,0,1,0,0,1,1,0,0,0,1,False,CHAPINERO,LA CABRERA,Calle 85,626.04,0,PARQUE ZONAL CANAL EL VIRREY EL CHICO,138.99,1,0.18,,0.67,1.0,0.0,,0.03,138.14,4.0
771-M4370750,APARTAMENTO,VENTA,21.09,307.0,4.0,5.0,1140000.0,4.0,CHICO,6,MAS DE 20 ANOS,4.68,-74.05,USADO,,0,0,0,0,1,0,0,0,0,1,False,CHAPINERO,S.C. CHICO NORTE,Virrey,1115.25,0,PARQUE ZONAL CANAL EL VIRREY EL CHICO,674.84,0,0.07,,1.0,0.8,0.0,,0.01,85.72,2.0
512-9630005,APARTAMENTO,VENTA,21.09,157.0,3.0,4.0,3921395.93,2.0,COUNTRY,6,ENTRE 0 Y 5 ANOS,4.7,-74.04,USADO,,0,0,0,1,1,0,0,0,0,1,False,USAQUEN,LA_CAROLINA,Calle 127,1577.39,0,PARQUE METROPOLITANO EL COUNTRY,180.17,1,0.13,,0.67,0.75,0.0,,0.02,315.12,1.0
11079-M4306751,APARTAMENTO,VENTA,21.25,342.0,3.0,5.0,1600000.0,4.0,SANTA BARBARA,6,MAS DE 20 ANOS,4.7,-74.03,USADO,,0,0,0,0,1,1,0,0,0,1,False,USAQUEN,SANTA BARBARA CENTRAL IV SECTOR,Pepe Sierra,2272.7,0,PARQUE METROPOLITANO EL COUNTRY,813.5,0,0.06,,1.33,0.6,0.0,,0.01,344.12,1.0
5044-3774754,APARTAMENTO,VENTA,20.82,135.0,2.0,3.0,927450000.0,2.0,CHAPINERO ALTO,5,ENTRE 10 Y 20 ANOS,4.65,-74.05,USADO,,0,0,0,0,1,1,0,0,0,1,False,CHAPINERO,EMAUS,Flores – Areandina,1059.65,0,PARQUE ZONAL GUSTAVO URIBE BOTERO,283.68,1,0.15,,1.0,0.67,0.0,,0.01,245.91,1.0
15060-M4710697,APARTAMENTO,VENTA,19.41,60.0,3.0,2.0,150000.0,0.0,PUENTE ARANDA,3,ENTRE 10 Y 20 ANOS,4.61,-74.11,USADO,,0,0,0,0,1,1,0,0,0,1,False,PUENTE ARANDA,PRIMAVERA OCCIDENTAL,Carrera 43 - Comapan,1482.49,0,PARQUE VECINAL GORGONZOLA,335.69,1,0.32,,0.0,1.5,0.0,,0.05,2172.05,0.0
3422-M4708427,APARTAMENTO,VENTA,20.42,107.0,3.0,3.0,930000.0,2.0,SANTA BARBARA,6,ENTRE 5 Y 10 ANOS,4.69,-74.04,USADO,,0,1,0,0,1,0,0,0,0,1,False,USAQUEN,SANTA BARBARA CENTRAL III SECTOR,Pepe Sierra,2111.64,0,PARQUE METROPOLITANO EL COUNTRY,1187.39,0,0.19,,0.67,1.0,0.0,,0.03,393.58,1.0
10159-M4618585,APARTAMENTO,VENTA,19.5,68.0,3.0,2.0,90000.0,1.0,ENGATIVA,3,ENTRE 0 Y 5 ANOS,4.7,-74.12,USADO,,0,0,0,1,0,0,0,0,0,0,False,ENGATIVA,LOS ANGELES 2,Portal El Dorado,1533.52,0,PARQUE ZONAL EL CARMELO,904.96,0,0.29,,0.33,1.5,0.0,,0.04,749.72,0.0
5168-M4566497,APARTAMENTO,VENTA,20.58,141.0,3.0,4.0,983000.0,2.0,CEDRITOS,5,ENTRE 5 Y 10 ANOS,4.73,-74.02,USADO,,0,1,0,1,1,0,0,0,0,1,False,USAQUEN,BOSQUE DE PINOS III,Calle 146,2916.54,0,PARQUE ZONAL ALTA BLANCA,997.31,0,0.15,,0.67,0.75,0.0,,0.02,1033.61,0.0
920-M4685083,APARTAMENTO,VENTA,19.72,70.0,3.0,2.0,323000.0,0.0,CENTRO NARINO,4,MAS DE 20 ANOS,4.64,-74.09,USADO,,0,0,0,0,0,0,0,0,0,1,False,TEUSAQUILLO,QUINTA PAREDES,Quinta Paredes,297.51,1,PARQUE VECINAL SANTA CLARA,423.1,1,0.28,,0.0,1.5,0.0,,0.04,653.41,0.0
5044-M3748825,APARTAMENTO,VENTA,20.91,209.0,3.0,3.0,800000.0,3.0,SANTA BARBARA,5,MAS DE 20 ANOS,4.69,-74.04,USADO,,0,1,0,0,1,1,0,0,0,1,False,USAQUEN,SANTA BARBARA CENTRAL III SECTOR,Pepe Sierra,2034.84,0,PARQUE METROPOLITANO EL COUNTRY,1150.21,0,0.1,,1.0,1.0,0.0,,0.01,414.51,1.0
495-M4314855,APARTAMENTO,VENTA,20.77,110.0,3.0,3.0,570000.0,2.0,CHICO,6,ENTRE 5 Y 10 ANOS,4.68,-74.06,USADO,,0,0,0,1,0,0,0,0,0,1,False,CHAPINERO,S.C. EL CHICO,Virrey,315.43,1,PARQUE VECINAL URBANIZACIÓN NORMANDIA I II II Y IV SECTOR,185.37,1,0.19,,0.67,1.0,0.0,,0.03,445.96,1.0
10278-M3638150,APARTAMENTO,VENTA,20.09,88.0,3.0,3.0,561200.0,2.0,SANTA BARBARA,6,MAS DE 20 ANOS,4.69,-74.04,USADO,,0,1,0,1,0,0,0,0,0,1,False,USAQUEN,RINCON DEL CHICO,Calle 106,1604.8,0,PARQUE ZONAL CANAL EL VIRREY EL CHICO,1941.57,0,0.23,,0.67,1.0,0.0,,0.03,621.57,0.0
495-M4315126,APARTAMENTO,VENTA,21.28,210.0,3.0,3.0,3921395.93,2.0,CHICO,6,MAS DE 20 ANOS,4.68,-74.05,USADO,,0,0,0,0,1,0,0,0,0,1,True,CHAPINERO,S.C. CHICO NORTE,Calle 100 - Marketmedios,648.33,0,PARQUE VECINAL URBANIZACIÓN NORMANDIA I II II Y IV SECTOR,670.93,0,0.1,,0.67,1.0,0.0,,0.01,115.51,2.0
495-M4312649,APARTAMENTO,VENTA,20.5,134.0,3.0,3.0,830000.0,2.0,SANTA BARBARA,6,ENTRE 10 Y 20 ANOS,4.7,-74.05,USADO,,0,0,0,1,1,1,0,0,0,1,False,USAQUEN,SAN PATRICIO,Pepe Sierra,842.55,0,PARQUE METROPOLITANO EL COUNTRY,1404.63,0,0.15,,0.67,1.0,0.0,,0.02,196.25,3.0
59-M4188999,APARTAMENTO,VENTA,19.45,60.19,2.0,1.0,264000.0,1.0,CEDRITOS,4,MAS DE 20 ANOS,4.72,-74.04,USADO,,0,0,0,0,0,0,0,0,0,1,False,USAQUEN,ACACIAS USAQUEN,Calle 142,1422.08,0,PARQUE VECINAL NUEVA URBANIZACIÓN EL CEDRITO,499.04,1,0.32,,0.5,2.0,0.0,,0.03,489.6,1.0
495-M4314846,APARTAMENTO,VENTA,20.61,193.0,4.0,3.0,948000.0,1.0,SANTA BARBARA,5,MAS DE 20 ANOS,4.7,-74.04,USADO,,0,0,0,0,0,0,0,0,0,1,False,USAQUEN,SANTA BARBARA CENTRAL I Y II,Pepe Sierra,1383.18,0,PARQUE METROPOLITANO EL COUNTRY,1055.34,0,0.11,,0.25,1.33,0.0,,0.02,557.96,0.0
342-M4528074,APARTAMENTO,VENTA,19.64,53.0,2.0,2.0,3921395.93,1.0,ENGATIVA,4,ENTRE 0 Y 5 ANOS,4.72,-74.13,USADO,,0,0,0,1,1,0,0,0,0,1,False,ENGATIVA,EL DORADO INDUSTRIAL - SANTA ISABEL (HACIENDA),Portal 80,2186.2,0,PARQUE METROPOLITANO PLANTA DE TRATAMIENTO SALITRE,622.02,0,0.37,,0.5,1.0,0.0,,0.04,1974.64,0.0
10278-M3714385,APARTAMENTO,VENTA,19.94,119.0,3.0,3.0,389000.0,0.0,,4,MAS DE 20 ANOS,4.69,-74.07,USADO,,0,0,0,0,0,1,0,0,0,1,False,BARRIOS UNIDOS,LOS_ANDES,Puentelargo,719.42,0,PARQUE ZONAL CANAL RIO NEGRO,459.53,1,0.17,,0.0,1.0,0.0,,0.03,280.03,2.0
10278-M3479602,APARTAMENTO,VENTA,20.54,128.0,3.0,2.0,799000.0,2.0,SANTA BARBARA,6,ENTRE 5 Y 10 ANOS,4.7,-74.05,USADO,,0,1,0,0,1,0,0,0,0,1,False,USAQUEN,SANTA BARBARA OCCIDENTAL,Calle 127,821.65,0,PARQUE METROPOLITANO EL COUNTRY,953.74,0,0.16,,0.67,1.5,0.0,,0.02,567.23,0.0
3858-M4521820,APARTAMENTO,VENTA,21.19,213.0,3.0,3.0,1069000.0,2.0,CHICO,6,MAS DE 20 ANOS,4.68,-74.04,USADO,,0,1,0,0,1,1,0,0,0,1,True,CHAPINERO,S.C. CHICO NORTE,Virrey,1907.07,0,PARQUE VECINAL URBANIZACIÓN LA CABRERA,1111.33,0,0.1,,0.67,1.0,0.0,,0.01,638.64,0.0
3229-M4565529,APARTAMENTO,VENTA,20.29,94.57,3.0,2.0,440000.0,1.0,CORTIJO AUTOPISTA MEDELLIN,6,ENTRE 10 Y 20 ANOS,4.71,-74.09,USADO,,0,0,0,1,0,1,1,0,0,0,False,SUBA,OASIS DE SAN JORGE,AV. Cali,1744.9,0,PARQUE ZONAL LA SERENA,622.85,0,0.21,,0.33,1.5,0.0,,0.03,1895.77,0.0
2529-M4485549,APARTAMENTO,VENTA,20.07,104.0,2.0,2.0,605000.0,2.0,CHICO,6,MAS DE 20 ANOS,4.68,-74.04,USADO,,0,0,0,0,1,0,0,0,0,1,False,CHAPINERO,CHICO RESERVADO,Calle 100 - Marketmedios,1614.43,0,PARQUE VECINAL URBANIZACIÓN LA CABRERA,1214.81,0,0.19,,1.0,1.0,0.0,,0.02,280.15,2.0
15060-M4570426,APARTAMENTO,VENTA,19.97,116.43,3.0,3.0,370000.0,2.0,COLINA Y ALREDEDORES,4,ENTRE 10 Y 20 ANOS,4.74,-74.07,USADO,,0,0,0,1,1,1,0,0,0,1,False,SUBA,CASABLANCA (HACIENDA),21 Ángeles,1652.44,0,PARQUE ZONAL EL TOMILLAR,706.55,0,0.17,,0.67,1.0,0.0,,0.03,761.47,0.0
10278-M4744799,APARTAMENTO,VENTA,20.47,124.0,3.0,4.0,611000.0,2.0,COUNTRY,5,ENTRE 10 Y 20 ANOS,4.71,-74.05,USADO,,0,1,0,1,1,0,0,0,0,1,False,USAQUEN,,Prado,521.77,0,PARQUE ZONAL ATABANZA,1270.57,0,0.17,,0.67,0.75,0.0,,0.02,671.09,0.0
15060-M4710710,APARTAMENTO,VENTA,19.41,61.15,3.0,2.0,190000.0,1.0,KENNEDY,3,ENTRE 0 Y 5 ANOS,4.65,-74.15,USADO,,0,0,0,1,1,0,1,0,0,1,False,KENNEDY,S.C. TINTALA,Biblioteca Tintal,1934.65,0,PARQUE ZONAL SAN IGNACIO,679.28,0,0.32,,0.33,1.5,0.0,,0.05,2787.16,0.0
10159-M4665649,APARTAMENTO,VENTA,20.47,116.75,2.0,3.0,540000.0,2.0,COUNTRY,5,MAS DE 20 ANOS,4.71,-74.03,USADO,,0,0,0,1,1,1,0,0,0,1,False,USAQUEN,LISBOA_,Alcalá,2530.56,0,PARQUE VECINAL NUEVA URBANIZACIÓN EL CEDRITO,1108.84,0,0.18,,1.0,0.67,0.0,,0.02,142.54,1.0
11301-M4712223,APARTAMENTO,VENTA,21.19,207.0,3.0,3.0,1568800.0,4.0,CERROS DE SUBA,6,ENTRE 5 Y 10 ANOS,4.72,-74.08,USADO,,0,0,0,1,0,0,1,0,0,1,False,SUBA,S.C VEREDA SUBA NARANJOS,Suba - AV. Boyacá,820.13,0,PARQUE VECINAL AGRUPACIÓN DE VIVIENDA EN BALCON DE LINDARAJA,629.09,0,0.1,,1.33,1.0,0.0,,0.01,1450.92,0.0
546-M4563931,APARTAMENTO,VENTA,19.45,56.0,2.0,1.0,50000.0,1.0,CEDRITOS,4,MAS DE 20 ANOS,4.73,-74.03,USADO,,0,0,0,0,0,0,0,0,0,1,False,USAQUEN,CAOBOS SALAZAR URB. CAPRI I Y II SECTOR,Calle 146,1782.57,0,PARQUE VECINAL NUEVA URBANIZACIÓN EL CEDRITO,518.0,0,0.35,,0.5,2.0,0.0,,0.04,279.46,1.0
3535-M4471540,APARTAMENTO,VENTA,19.49,74.43,3.0,2.0,235000.0,0.0,METROPOLIS,3,MAS DE 20 ANOS,4.67,-74.08,USADO,,0,0,0,0,0,1,0,0,0,1,False,BARRIOS UNIDOS,POPULAR MODELO,AV. Chile,821.37,0,PARQUE ZONAL TABORA,938.19,0,0.26,,0.0,1.5,0.0,,0.04,890.11,0.0
847-M4712634,APARTAMENTO,VENTA,20.58,108.0,3.0,2.0,762100.0,2.0,SANTA BARBARA,5,ENTRE 5 Y 10 ANOS,4.7,-74.05,USADO,,0,1,1,1,0,0,0,0,0,1,False,USAQUEN,SANTA BARBARA OCCIDENTAL,Calle 127,355.11,1,PARQUE ZONAL ATABANZA,968.36,0,0.19,,0.67,1.5,0.0,,0.03,220.9,5.0
11079-M4151306,APARTAMENTO,VENTA,21.56,190.0,2.0,4.0,900000.0,2.0,SANTA BARBARA,6,ENTRE 0 Y 5 ANOS,4.69,-74.05,USADO,,0,0,0,1,1,0,0,0,0,1,False,USAQUEN,RINCON DEL CHICO,Calle 106,1242.03,0,PARQUE METROPOLITANO EL COUNTRY,1834.46,0,0.11,,1.0,0.5,0.0,,0.01,533.42,0.0
847-M4712654,APARTAMENTO,VENTA,21.62,228.0,3.0,4.0,756000.0,2.0,CHICO,6,MAS DE 20 ANOS,4.66,-74.05,USADO,,0,1,1,0,0,0,0,0,0,1,False,CHAPINERO,S.C. BELLAVISTA,Calle 72,1079.99,0,PARQUE ZONAL GUSTAVO URIBE BOTERO,787.5,0,0.09,,0.67,0.75,0.0,,0.01,347.12,3.0
495-M4318690,APARTAMENTO,VENTA,21.02,198.0,3.0,5.0,3921395.93,4.0,COUNTRY,5,ENTRE 10 Y 20 ANOS,4.72,-74.03,USADO,,0,0,0,1,0,0,0,0,0,1,False,USAQUEN,LISBOA_,Alcalá,2367.81,0,PARQUE VECINAL NUEVA URBANIZACIÓN EL CEDRITO,971.76,0,0.11,,1.33,0.6,0.0,,0.02,198.19,2.0
957-M4696660,APARTAMENTO,VENTA,20.13,114.0,2.0,2.0,600000.0,2.0,CERROS DE SUBA,6,MAS DE 20 ANOS,4.71,-74.08,USADO,,0,1,0,1,1,1,0,0,0,1,False,SUBA,URB. LAS PLEYADES,Niza - Calle 127,1167.85,0,PARQUE METROPOLITANO CEFE COMETAS,426.16,1,0.18,,1.0,1.0,0.0,,0.02,1157.43,0.0
957-M3691635,APARTAMENTO,VENTA,20.82,183.0,3.0,4.0,900000.0,2.0,COUNTRY,6,MAS DE 20 ANOS,4.71,-74.04,USADO,,0,1,0,0,1,0,0,0,0,1,False,USAQUEN,LA_CAROLINA,Calle 127,1443.8,0,PARQUE METROPOLITANO EL COUNTRY,361.25,1,0.11,,0.67,0.75,0.0,,0.02,359.93,1.0
4877-M4513366,APARTAMENTO,VENTA,19.64,50.0,1.0,1.0,300000.0,1.0,CEDRITOS,4,ENTRE 5 Y 10 ANOS,4.72,-74.04,USADO,,0,0,0,1,1,0,0,0,0,1,False,USAQUEN,LOS CEDRITOS,Calle 142,965.22,0,PARQUE VECINAL NUEVA URBANIZACIÓN EL CEDRITO,954.76,0,0.39,,1.0,1.0,0.0,,0.02,738.58,0.0
546-M4556758,APARTAMENTO,VENTA,20.22,64.0,2.0,2.0,223200.0,1.0,SALITRE MODELIA,5,ENTRE 0 Y 5 ANOS,4.66,-74.11,USADO,,0,0,0,1,1,1,0,0,0,1,False,FONTIBON,LA ESPERANZA NORTE,AV. Rojas,336.86,1,PARQUE VECINAL CARLOS LLERAS (EL FUEGO),809.69,0,0.32,,0.5,1.0,0.0,,0.03,602.31,0.0
10159-M4712510,APARTAMENTO,VENTA,19.24,35.65,2.0,1.0,180000.0,0.0,COLINA Y ALREDEDORES,4,ENTRE 0 Y 5 ANOS,4.74,-74.07,USADO,,0,0,0,1,1,1,0,0,0,1,False,SUBA,CASABLANCA (HACIENDA),21 Ángeles,1447.74,0,PARQUE ZONAL EL TOMILLAR,433.88,1,0.54,,0.0,2.0,0.0,,0.06,943.39,0.0
3422-M4711907,APARTAMENTO,VENTA,19.4,56.0,3.0,2.0,258000.0,1.0,ORQUIDEAS,4,ENTRE 10 Y 20 ANOS,4.74,-74.03,USADO,,0,0,0,0,1,1,0,0,0,1,False,USAQUEN,BALCONES DE ORIENTE,Calle 161,1538.68,0,PARQUE ZONAL LA VIDA,334.93,1,0.35,,0.33,1.5,0.0,,0.05,967.8,0.0
10159-M4664095,APARTAMENTO,VENTA,19.3,57.2,2.0,2.0,220000.0,1.0,COLINA Y ALREDEDORES,3,MAS DE 20 ANOS,4.75,-74.06,USADO,,0,0,0,1,0,1,0,0,0,1,False,SUBA,URB. SAN DIEGO,Toberin - Foundever,1149.66,0,PARQUE VECINAL DESARROLLO CANTALEJO URBANIZACIÓN CANTALEJO MANZANA B,578.62,0,0.34,,0.5,1.0,0.0,,0.03,1951.31,0.0
3858-M4583786,APARTAMENTO,VENTA,21.28,329.15,3.0,5.0,375000.0,4.0,SANTA BARBARA,5,MAS DE 20 ANOS,4.7,-74.03,USADO,,0,1,0,0,0,0,0,0,0,1,False,USAQUEN,SANTA BARBARA ORIENTAL,Calle 127,2491.79,0,PARQUE METROPOLITANO EL COUNTRY,861.02,0,0.06,,1.33,0.6,0.0,,0.01,371.56,1.0
495-M4317538,APARTAMENTO,VENTA,20.4,85.0,2.0,2.0,809000.0,1.0,CHICO,6,ENTRE 0 Y 5 ANOS,4.67,-74.06,USADO,,0,0,0,0,0,0,0,0,0,1,False,CHAPINERO,S.C. ANTIGUO COUNTRY,Virrey,248.5,1,PARQUE METROPOLITANO RECONCILIACIÓN,199.16,1,0.24,,0.5,1.0,0.0,,0.02,445.27,1.0
957-M4430881,APARTAMENTO,VENTA,20.58,150.0,2.0,3.0,990000.0,2.0,SANTA BARBARA,6,ENTRE 10 Y 20 ANOS,4.69,-74.04,USADO,,0,0,0,0,1,0,0,0,0,1,False,USAQUEN,SANTA BARBARA CENTRAL I Y II,Calle 106,1526.1,0,PARQUE METROPOLITANO EL COUNTRY,1779.84,0,0.14,,1.0,0.67,0.0,,0.01,641.1,0.0
3422-M4666416,APARTAMENTO,VENTA,19.73,102.0,3.0,2.0,560000.0,2.0,CEDRITOS,4,MAS DE 20 ANOS,4.73,-74.05,USADO,,0,0,0,0,1,1,0,0,0,1,False,USAQUEN,LOS CEDRITOS,Calle 142,414.44,1,PARQUE VECINAL PRADO PINZÓN,789.03,0,0.19,,0.67,1.5,0.0,,0.03,712.97,0.0
495-M4317313,APARTAMENTO,VENTA,20.64,119.8,2.0,2.0,492000.0,1.0,CHICO,6,MAS DE 20 ANOS,4.66,-74.05,USADO,,0,0,0,0,1,0,0,0,0,1,False,CHAPINERO,S.C. EL NOGAL,Calle 76 - San Felipe,812.74,0,PARQUE ZONAL SAN ANDRÉS,412.23,1,0.17,,0.5,1.0,0.0,,0.02,489.6,1.0
617-M4617590,APARTAMENTO,VENTA,21.06,174.0,4.0,5.0,1119000.0,4.0,CHAPINERO ALTO,5,ENTRE 10 Y 20 ANOS,4.64,-74.06,USADO,,0,1,0,1,1,1,0,0,0,1,False,CHAPINERO,INGEMAR - URB. NUEVO ASIS,Marly,809.0,0,PARQUE METROPOLITANO PARQUE NACIONAL (PM2A) ENRIQUE OLAYA HERRERA (SECTOR HISTORICO),1591.63,0,0.12,,1.0,0.8,0.0,,0.02,914.31,0.0
495-M4318821,APARTAMENTO,VENTA,20.99,230.0,4.0,4.0,1559000.0,2.0,SANTA BARBARA,6,MAS DE 20 ANOS,4.69,-74.04,USADO,,0,0,0,0,1,1,0,0,0,1,False,USAQUEN,RINCON DEL CHICO,Calle 100 - Marketmedios,1425.41,0,PARQUE ZONAL CANAL EL VIRREY EL CHICO,1720.9,0,0.09,,0.5,1.0,0.0,,0.02,446.96,1.0
183-M4314493,APARTAMENTO,VENTA,21.09,188.0,4.0,4.0,1335000.0,2.0,CHICO,6,MAS DE 20 ANOS,4.66,-74.05,USADO,,0,1,0,0,1,0,0,0,0,1,False,CHAPINERO,BOSQUE EL RETIRO I SECTOR,Héroes - Gel´Hada,1482.54,0,PARQUE ZONAL SAN ANDRÉS,502.21,0,0.11,,0.5,1.0,0.0,,0.02,638.86,0.0
2379-M4745776,APARTAMENTO,VENTA,20.01,60.0,1.0,2.0,296000.0,1.0,CHAPINERO ALTO,4,ENTRE 5 Y 10 ANOS,4.63,-74.06,USADO,,0,1,0,0,1,0,0,0,0,1,False,CHAPINERO,S.C. PARDO RUBIO,Marly,662.64,0,PARQUE METROPOLITANO PARQUE NACIONAL (PM2A) ENRIQUE OLAYA HERRERA (SECTOR HISTORICO),1190.26,0,0.33,,1.0,0.5,0.0,,0.02,545.59,0.0
953-M4424303,APARTAMENTO,VENTA,19.97,90.0,3.0,2.0,350000.0,2.0,COLINA Y ALREDEDORES,4,ENTRE 10 Y 20 ANOS,4.74,-74.06,USADO,,0,1,0,1,1,0,1,0,0,1,False,SUBA,CASABLANCA (HACIENDA),Calle 161,1833.42,0,PARQUE VECINAL DESARROLLO CANTALEJO URBANIZACIÓN CANTALEJO MANZANA B,779.56,0,0.22,,0.67,1.5,0.0,,0.03,999.56,0.0
5044-M2911210,APARTAMENTO,VENTA,20.74,147.0,3.0,3.0,3921395.93,3.0,,5,ENTRE 10 Y 20 ANOS,4.7,-74.03,USADO,,0,1,0,0,1,1,0,0,0,1,False,USAQUEN,LOS ALPES II SECTOR,Calle 127,2953.76,0,PARQUE METROPOLITANO EL COUNTRY,1249.56,0,0.14,,1.0,1.0,0.0,,0.02,667.69,0.0
15060-M4543246,APARTAMENTO,VENTA,20.42,95.0,3.0,3.0,470000.0,1.0,SALITRE MODELIA,4,ENTRE 10 Y 20 ANOS,4.64,-74.1,USADO,,0,1,0,1,1,1,0,0,0,1,False,TEUSAQUILLO,PRADOS DEL_SALITRE,Gobernación,799.66,0,PARQUE VECINAL SANTA CLARA,758.98,0,0.21,,0.33,1.0,0.0,,0.03,318.8,2.0
495-M4314008,APARTAMENTO,VENTA,20.99,230.0,3.0,4.0,935000.0,3.0,COUNTRY,6,MAS DE 20 ANOS,4.71,-74.04,USADO,,0,1,0,1,1,0,0,0,0,1,False,USAQUEN,LA_CAROLINA,Prado,1379.64,0,PARQUE METROPOLITANO EL COUNTRY,559.8,0,0.09,,1.0,0.75,0.0,,0.01,567.2,0.0
3858-M4745235,APARTAMENTO,VENTA,19.97,80.5,3.0,2.0,385000.0,1.0,CEDRITOS,4,ENTRE 10 Y 20 ANOS,4.73,-74.04,USADO,,0,0,0,0,1,1,0,0,0,1,False,USAQUEN,CAOBOS SALAZAR,Calle 146,1478.08,0,PARQUE VECINAL NUEVA URBANIZACIÓN EL CEDRITO,611.44,0,0.25,,0.33,1.5,0.0,,0.04,541.49,0.0
15060-M4512568,APARTAMENTO,VENTA,19.43,50.25,2.0,2.0,143000.0,1.0,ANTONIO NARINO,3,ENTRE 5 Y 10 ANOS,4.59,-74.1,USADO,,0,0,0,0,0,1,0,0,0,1,False,ANTONIO NARINO,LA FRAGUITA,Santa Isabel,832.96,0,PARQUE ZONAL LA FRAGUA,518.61,0,0.39,,0.5,1.0,0.0,,0.04,2496.21,0.0
495-M4312641,APARTAMENTO,VENTA,21.22,198.0,2.0,3.0,1357000.0,2.0,CHICO,6,ENTRE 10 Y 20 ANOS,4.66,-74.05,USADO,,0,0,0,1,0,0,0,0,0,1,False,CHAPINERO,S.C. EL NOGAL,Calle 76 - San Felipe,1032.65,0,PARQUE ZONAL SAN ANDRÉS,347.34,1,0.11,,1.0,0.67,0.0,,0.01,533.9,0.0
488-M4664006,APARTAMENTO,VENTA,20.44,138.0,3.0,3.0,1000000.0,2.0,SANTA BARBARA,6,MAS DE 20 ANOS,4.73,-74.05,USADO,,0,1,0,0,0,0,0,0,0,1,False,USAQUEN,LAS MARGARITAS II SECTOR,Calle 146,336.87,1,PARQUE VECINAL URBANIZACIÓN MAZUREN I SECTOR,881.85,0,0.15,,0.67,1.0,0.0,,0.02,1131.34,0.0
488-M4664510,APARTAMENTO,VENTA,21.06,189.0,3.0,4.0,1468888.0,3.0,SANTA BARBARA,6,ENTRE 10 Y 20 ANOS,4.7,-74.05,USADO,,0,1,0,0,1,0,0,0,0,1,False,USAQUEN,SAN PATRICIO,Pepe Sierra,317.7,1,PARQUE ZONAL CANAL CORDOBA,1398.71,0,0.11,,1.0,0.75,0.0,,0.02,430.53,1.0
10278-M4033895,APARTAMENTO,VENTA,20.31,112.0,3.0,2.0,821000.0,2.0,SANTA BARBARA,6,MAS DE 20 ANOS,4.69,-74.04,USADO,,0,0,0,0,1,0,0,0,0,1,False,USAQUEN,ESCUELA DE INFANTERIA,Calle 100 - Marketmedios,1644.58,0,PARQUE ZONAL CANAL EL VIRREY EL CHICO,1855.13,0,0.18,,0.67,1.5,0.0,,0.03,514.37,0.0
14-M4174123,APARTAMENTO,VENTA,19.5,56.85,3.0,2.0,301000.0,1.0,SANTA BARBARA,4,ENTRE 10 Y 20 ANOS,4.7,-74.02,USADO,,0,0,0,1,1,1,0,0,0,1,False,USAQUEN,SAN NORTE,Prado,3273.54,0,PARQUE METROPOLITANO EL COUNTRY,1535.35,0,0.34,,0.33,1.5,0.0,,0.05,1028.47,0.0
350-M4709080,APARTAMENTO,VENTA,20.37,115.16,3.0,3.0,908000.0,2.0,CHICO,6,MAS DE 20 ANOS,4.68,-74.05,USADO,,0,0,0,0,1,0,0,0,0,1,False,CHAPINERO,S.C. CHICO NORTE III SECTOR,Calle 100 - Marketmedios,563.64,0,PARQUE VECINAL URBANIZACIÓN NORMANDIA I II II Y IV SECTOR,807.22,0,0.18,,0.67,1.0,0.0,,0.03,181.12,2.0
15738-M4711852,APARTAMENTO,VENTA,19.1,54.0,3.0,1.0,146000.0,0.0,CORTIJO AUTOPISTA MEDELLIN,3,ENTRE 10 Y 20 ANOS,4.73,-74.12,USADO,,0,0,0,0,0,1,0,0,0,1,False,ENGATIVA,CIUDADELA COLSUBSIDIO 4 SECTOR,Portal 80,2783.07,0,PARQUE ZONAL LA GAITANA,1085.29,0,0.35,,0.0,3.0,0.0,,0.06,2628.77,0.0
2412-M4712782,APARTAMENTO,VENTA,20.54,142.0,4.0,4.0,470000.0,2.0,COLINA Y ALREDEDORES,4,ENTRE 10 Y 20 ANOS,4.73,-74.07,USADO,,0,1,0,1,1,0,1,0,0,1,False,SUBA,ATENAS - HIBERNIA,Gratamira,485.03,1,PARQUE ZONAL EL TOMILLAR,1022.71,0,0.14,,0.5,1.0,0.0,,0.03,689.92,0.0
495-M4317308,APARTAMENTO,VENTA,20.29,94.44,3.0,3.0,550000.0,2.0,COUNTRY,5,ENTRE 5 Y 10 ANOS,4.72,-74.04,USADO,,0,1,0,1,1,0,0,0,0,1,False,USAQUEN,EL CONTADOR,Alcalá,1000.46,0,PARQUE VECINAL NUEVA URBANIZACIÓN EL CEDRITO,1205.92,0,0.21,,0.67,1.0,0.0,,0.03,506.48,0.0
847-M4712239,APARTAMENTO,VENTA,21.28,240.5,3.0,3.0,1500000.0,2.0,CHICO,6,MAS DE 20 ANOS,4.66,-74.05,USADO,,0,1,1,0,0,1,0,0,0,1,False,CHAPINERO,LOS ROSALES,Calle 76 - San Felipe,1404.27,0,PARQUE ZONAL SAN ANDRÉS,549.46,0,0.09,,0.67,1.0,0.0,,0.01,732.08,0.0
495-M4317417,APARTAMENTO,VENTA,20.29,107.0,3.0,3.0,550000.0,2.0,SANTA BARBARA,6,ENTRE 10 Y 20 ANOS,4.69,-74.04,USADO,,0,1,0,1,1,0,0,0,0,1,False,USAQUEN,RINCON DEL CHICO,Calle 106,1406.09,0,PARQUE ZONAL CANAL EL VIRREY EL CHICO,1813.74,0,0.19,,0.67,1.0,0.0,,0.03,517.29,0.0
957-M4679491,APARTAMENTO,VENTA,21.68,276.0,3.0,4.0,2090000.0,3.0,SANTA BARBARA,6,MAS DE 20 ANOS,4.69,-74.03,USADO,,1,1,0,1,1,0,0,0,0,1,False,USAQUEN,SANTA ANA ORIENTAL,Calle 106,3201.34,0,PARQUE METROPOLITANO EL COUNTRY,2133.88,0,0.08,,1.0,0.75,0.0,,0.01,652.58,0.0
3422-M4711741,APARTAMENTO,VENTA,20.03,86.0,2.0,2.0,485000.0,1.0,METROPOLIS,4,ENTRE 0 Y 5 ANOS,4.66,-74.08,USADO,,0,0,0,0,1,0,0,0,0,1,False,BARRIOS UNIDOS,SAN MIGUEL_,AV. Chile,497.04,1,PARQUE ZONAL TABORA,886.6,0,0.23,,0.5,1.0,0.0,,0.02,1526.24,0.0
3858-3353435,APARTAMENTO,VENTA,20.7,206.0,3.0,5.0,805000.0,2.0,SANTA BARBARA,6,MAS DE 20 ANOS,4.7,-74.04,USADO,,0,1,0,1,1,1,0,0,0,1,False,USAQUEN,SANTA BARBARA NORTE,Calle 127,1434.97,0,PARQUE METROPOLITANO EL COUNTRY,413.96,1,0.1,,0.67,0.6,0.0,,0.01,87.72,1.0
957-M4430880,APARTAMENTO,VENTA,21.39,229.0,4.0,5.0,1560000.0,3.0,CHICO,6,MAS DE 20 ANOS,4.66,-74.05,USADO,,0,0,0,0,1,0,0,0,0,1,False,CHAPINERO,S.C. EL RETIRO,Héroes - Gel´Hada,1516.03,0,PARQUE ZONAL SAN ANDRÉS,553.95,0,0.09,,0.75,0.8,0.0,,0.02,649.49,0.0
304-M4306816,APARTAMENTO,VENTA,21.28,181.17,3.0,4.0,920000.0,2.0,SANTA BARBARA,6,ENTRE 10 Y 20 ANOS,4.7,-74.03,USADO,,0,1,0,0,1,0,0,0,0,1,False,USAQUEN,LOS ALPES II SECTOR,Calle 127,2912.35,0,PARQUE METROPOLITANO EL COUNTRY,1207.62,0,0.12,,0.67,0.75,0.0,,0.02,649.23,0.0
920-M4505640,APARTAMENTO,VENTA,20.58,126.0,2.0,2.0,1001000.0,2.0,SANTA BARBARA,6,MAS DE 20 ANOS,4.69,-74.03,USADO,,0,1,0,0,0,0,0,0,0,1,False,USAQUEN,SANTA ANA ORIENTAL,Calle 106,2589.99,0,PARQUE METROPOLITANO EL COUNTRY,1709.95,0,0.16,,1.0,1.0,0.0,,0.02,274.71,3.0
5044-M4621257,APARTAMENTO,VENTA,21.06,210.0,3.0,5.0,740000.0,2.0,COLINA Y ALREDEDORES,6,ENTRE 10 Y 20 ANOS,4.75,-74.06,USADO,,0,0,0,1,1,0,1,0,0,1,False,SUBA,URB. CERROS 170,Portal Norte,2100.94,0,PARQUE ZONAL SAN JOSÉ DE BAVARIA,195.93,1,0.1,,0.67,0.6,0.0,,0.01,2356.5,0.0
164-M4095941,APARTAMENTO,VENTA,20.31,135.75,3.0,3.0,700000.0,2.0,COUNTRY,5,ENTRE 10 Y 20 ANOS,4.72,-74.04,USADO,,0,1,0,0,1,0,0,0,0,1,False,USAQUEN,EL CONTADOR,Alcalá,835.46,0,PARQUE VECINAL NUEVA URBANIZACIÓN EL CEDRITO,1206.34,0,0.15,,0.67,1.0,0.0,,0.02,321.72,1.0
5044-M3107747,APARTAMENTO,VENTA,20.91,144.0,3.0,4.0,970000.0,2.0,,6,ENTRE 0 Y 5 ANOS,4.69,-74.04,USADO,,0,0,0,0,1,1,0,0,0,1,False,USAQUEN,SANTA ANA OCCIDENTAL,Calle 106,1800.11,0,PARQUE METROPOLITANO EL COUNTRY,1862.9,0,0.15,,0.67,0.75,0.0,,0.02,473.95,1.0
14236-M4711603,APARTAMENTO,VENTA,20.37,116.0,2.0,2.0,600000.0,2.0,NIZA ALHAMBRA,5,MAS DE 20 ANOS,4.69,-74.06,USADO,,0,1,0,0,1,0,0,0,0,1,False,SUBA,S.C. PASADENA,Suba - Calle 100,414.41,1,PARQUE ZONAL CANAL CORDOBA,1069.26,0,0.18,,1.0,1.0,0.0,,0.02,516.9,0.0
495-M4314052,APARTAMENTO,VENTA,20.86,210.0,3.0,4.0,1317000.0,2.0,SANTA BARBARA,6,MAS DE 20 ANOS,4.7,-74.05,USADO,,0,0,0,0,0,0,0,0,0,1,False,USAQUEN,SANTA BARBARA OCCIDENTAL,Pepe Sierra,329.1,1,PARQUE ZONAL ATABANZA,1168.81,0,0.1,,0.67,0.75,0.0,,0.01,545.7,0.0
164-M4064001,APARTAMENTO,VENTA,20.23,92.01,3.0,3.0,730000.0,2.0,SANTA BARBARA,4,ENTRE 10 Y 20 ANOS,4.7,-74.03,USADO,,0,0,0,0,1,0,0,0,0,1,False,USAQUEN,SAN,Calle 127,2981.11,0,PARQUE METROPOLITANO EL COUNTRY,1239.64,0,0.22,,0.67,1.0,0.0,,0.03,807.57,0.0
164-M4020101,APARTAMENTO,VENTA,20.37,127.5,3.0,2.0,320000.0,0.0,CENTRO Y ZONA COLONIAL,3,MAS DE 20 ANOS,4.6,-74.07,USADO,,0,0,0,0,1,0,0,0,0,1,False,SANTA FE,LAS AGUAS,Universidades,32.19,1,PARQUE ZONAL SENDERO A MONSERRATE,626.04,0,0.16,,0.0,1.5,0.0,,0.02,166.58,4.0
495-M4317491,APARTAMENTO,VENTA,20.89,167.0,3.0,4.0,980000.0,3.0,COUNTRY,6,ENTRE 10 Y 20 ANOS,4.71,-74.05,USADO,,0,1,0,1,0,0,0,0,0,1,False,USAQUEN,LA CALLEJA,Calle 127,599.34,0,PARQUE ZONAL ATABANZA,902.96,0,0.13,,1.0,0.75,0.0,,0.02,252.04,5.0
175-M4712255,APARTAMENTO,VENTA,20.86,170.0,2.0,2.0,850000.0,0.0,SANTA BARBARA,5,MAS DE 20 ANOS,4.7,-74.05,USADO,,0,0,0,0,1,0,0,0,0,1,False,USAQUEN,SANTA BARBARA OCCIDENTAL,Calle 127,714.02,0,PARQUE METROPOLITANO EL COUNTRY,1063.3,0,0.12,,0.0,1.0,0.0,,0.01,574.71,0.0
920-42153466,APARTAMENTO,VENTA,20.91,180.0,3.0,4.0,1000000.0,3.0,ALTOS DE SUBA Y CERROS DE SAN JORGE,4,ENTRE 5 Y 10 ANOS,4.74,-74.08,USADO,,0,0,0,0,0,0,0,0,0,1,False,SUBA,ALTAMIRA,21 Ángeles,1062.33,0,PARQUE ZONAL EL TOMILLAR,364.15,1,0.12,,1.0,0.75,0.0,,0.02,1434.94,0.0
495-M4315026,APARTAMENTO,VENTA,20.77,134.0,3.0,2.0,570000.0,2.0,CHAPINERO ALTO,6,MAS DE 20 ANOS,4.65,-74.05,USADO,,0,1,0,0,1,0,0,0,0,1,False,CHAPINERO,S.C. LAS ACACIAS,Flores – Areandina,1296.39,0,PARQUE ZONAL GUSTAVO URIBE BOTERO,48.79,1,0.16,,0.67,1.5,0.0,,0.02,454.7,1.0
342-M4596537,APARTAMENTO,VENTA,20.11,121.5,3.0,3.0,250000.0,1.0,,6,MAS DE 20 ANOS,4.69,-74.04,USADO,,0,1,0,0,0,0,0,0,0,1,False,USAQUEN,SANTA BARBARA CENTRAL III SECTOR,Pepe Sierra,1999.87,0,PARQUE METROPOLITANO EL COUNTRY,1265.12,0,0.17,,0.33,1.0,0.0,,0.02,302.86,1.0
15060-M4282893,APARTAMENTO,VENTA,19.35,59.37,3.0,2.0,250000.0,1.0,ORQUIDEAS,3,MAS DE 20 ANOS,4.75,-74.03,USADO,,0,0,0,0,0,1,0,0,0,1,False,USAQUEN,SANTA TERESA,Toberin - Foundever,1827.55,0,PARQUE ZONAL SERVITA,758.77,0,0.33,,0.33,1.5,0.0,,0.05,674.52,0.0
15060-M4457876,APARTAMENTO,VENTA,20.07,99.0,3.0,3.0,470000.0,2.0,COLINA Y ALREDEDORES,4,ENTRE 10 Y 20 ANOS,4.74,-74.07,USADO,,0,0,0,1,0,1,0,0,0,1,False,SUBA,CASABLANCA (HACIENDA),Gratamira,1649.1,0,PARQUE ZONAL EL TOMILLAR,717.4,0,0.2,,0.67,1.0,0.0,,0.03,745.73,0.0
5175-M4709627,APARTAMENTO,VENTA,20.97,185.0,3.0,4.0,1210000.0,2.0,COUNTRY,5,ENTRE 10 Y 20 ANOS,4.71,-74.05,USADO,,0,0,0,0,1,0,0,0,0,1,False,USAQUEN,LA CALLEJA,Calle 127,537.12,0,PARQUE ZONAL ATABANZA,926.29,0,0.11,,0.67,0.75,0.0,,0.02,220.99,5.0
15060-M4264398,APARTAMENTO,VENTA,20.02,119.0,3.0,2.0,410000.0,2.0,NIZA ALHAMBRA,5,MAS DE 20 ANOS,4.71,-74.06,USADO,,0,0,0,0,0,1,0,0,0,1,False,SUBA,EL BATAN,Calle 127,398.0,1,PARQUE ZONAL ATABANZA,310.48,1,0.17,,0.67,1.5,0.0,,0.03,527.15,0.0
10139-M4711911,APARTAMENTO,VENTA,21.31,220.0,3.0,3.0,1000000.0,4.0,CHICO,6,ENTRE 10 Y 20 ANOS,4.66,-74.05,USADO,,0,0,0,0,1,0,0,0,0,1,False,CHAPINERO,S.C. EL NOGAL,Calle 76 - San Felipe,1117.02,0,PARQUE ZONAL SAN ANDRÉS,293.36,1,0.1,,1.33,1.0,0.0,,0.01,487.35,2.0
14925-M4665780,APARTAMENTO,VENTA,20.99,191.0,3.0,3.0,973000.0,2.0,CHICO,6,MAS DE 20 ANOS,4.67,-74.05,USADO,,0,1,0,0,1,0,0,0,0,1,False,CHAPINERO,LA CABRERA,Calle 85,1516.56,0,PARQUE VECINAL URBANIZACIÓN LA CABRERA,464.32,1,0.11,,0.67,1.0,0.0,,0.02,444.41,1.0
957-M4207145,APARTAMENTO,VENTA,21.59,287.0,3.0,4.0,1820000.0,3.0,SANTA BARBARA,6,ENTRE 10 Y 20 ANOS,4.7,-74.05,USADO,,0,1,0,1,1,1,1,0,0,1,True,USAQUEN,SANTA BARBARA OCCIDENTAL,Calle 127,360.18,1,PARQUE ZONAL ATABANZA,967.36,0,0.08,,1.0,0.75,0.0,,0.01,221.1,5.0
183-M4177510,APARTAMENTO,VENTA,20.21,89.53,3.0,2.0,3921395.93,2.0,,4,ENTRE 10 Y 20 ANOS,4.69,-74.08,USADO,,0,0,0,0,0,0,0,0,0,1,False,ENGATIVA,S.C. SANTA ROSA,AV. Boyacá,290.52,1,PARQUE ZONAL BONANZA,729.9,0,0.23,,0.67,1.5,0.0,,0.03,127.26,3.0
14925-M4665790,APARTAMENTO,VENTA,20.7,138.0,3.0,3.0,1000000.0,2.0,CHAPINERO ALTO,4,ENTRE 10 Y 20 ANOS,4.65,-74.05,USADO,,0,0,0,1,1,1,0,0,0,1,False,CHAPINERO,S.C. MARIA CRISTINA,Calle 63,1332.04,0,PARQUE ZONAL GUSTAVO URIBE BOTERO,342.1,1,0.15,,0.67,1.0,0.0,,0.02,611.33,0.0
11013-M4711983,APARTAMENTO,VENTA,20.13,77.0,2.0,2.0,707000.0,1.0,SANTA BARBARA,6,MAS DE 20 ANOS,4.7,-74.05,USADO,,0,1,0,0,0,0,0,0,0,1,False,USAQUEN,SAN PATRICIO,Pepe Sierra,589.56,0,PARQUE ZONAL CANAL CORDOBA,1731.16,0,0.26,,0.5,1.0,0.0,,0.03,129.38,3.0
2363-M3682633,APARTAMENTO,VENTA,20.18,82.3,3.0,2.0,3921395.93,1.0,NICOLAS DE FEDERMAN,5,ENTRE 5 Y 10 ANOS,4.65,-74.09,USADO,,0,1,0,0,1,0,0,0,0,1,False,TEUSAQUILLO,NICOLAS DE FEDERMAN,Campín - UAN,775.03,0,PARQUE ZONAL NICOLAS DE FEDERMAN 3,319.92,1,0.25,,0.33,1.5,0.0,,0.04,776.62,0.0
356-M4709081,APARTAMENTO,VENTA,21.75,375.0,3.0,4.0,1350000.0,4.0,COUNTRY,6,MAS DE 20 ANOS,4.71,-74.04,USADO,,0,1,0,1,1,0,0,0,0,1,False,USAQUEN,LA_CAROLINA,Prado,1333.86,0,PARQUE METROPOLITANO EL COUNTRY,601.21,0,0.06,,1.33,0.75,0.0,,0.01,582.0,0.0
3552-M4421260,APARTAMENTO,VENTA,19.73,66.0,3.0,2.0,160000.0,1.0,,3,ENTRE 0 Y 5 ANOS,4.65,-74.14,USADO,,0,0,0,0,1,0,0,0,0,1,False,KENNEDY,BOSCONIA,Transversal 86,1868.91,0,PARQUE VECINAL VILLA ALSACIA,977.96,0,0.3,,0.33,1.5,0.0,,0.05,1736.27,0.0
2751-M4121863,APARTAMENTO,VENTA,19.88,93.0,3.0,2.0,3921395.93,0.0,,4,MAS DE 20 ANOS,4.64,-74.08,USADO,,0,0,0,0,0,0,0,0,0,1,False,TEUSAQUILLO,GALERIAS,Campín - UAN,337.02,1,PARQUE ESCENARIO DEPORTIVO EL CAMPINCITO - CEAD,328.3,1,0.21,,0.0,1.5,0.0,,0.03,218.61,1.0
34-63458,APARTAMENTO,VENTA,21.04,182.98,2.0,3.0,1500000.0,2.0,CHICO,6,ENTRE 10 Y 20 ANOS,4.66,-74.05,USADO,,0,1,0,0,1,0,0,0,0,0,False,CHAPINERO,LOS ROSALES,Calle 72,1467.87,0,PARQUE ZONAL SAN ANDRÉS,882.69,0,0.11,,1.0,0.67,0.0,,0.01,734.26,0.0
183-M3662422,APARTAMENTO,VENTA,20.13,125.5,3.0,3.0,500000.0,2.0,COLINA Y ALREDEDORES,5,MAS DE 20 ANOS,4.72,-74.06,USADO,,0,1,0,0,1,0,0,0,0,1,False,SUBA,URB. BOCA COLINA,Suba - AV. Boyacá,1295.92,0,PARQUE VECINAL PRADO PINZÓN,1080.61,0,0.16,,0.67,1.0,0.0,,0.02,132.01,1.0
183-M4106991,APARTAMENTO,VENTA,19.92,99.0,3.0,2.0,585000.0,1.0,NIZA ALHAMBRA,5,MAS DE 20 ANOS,4.7,-74.07,USADO,,0,1,0,0,0,0,0,0,0,1,False,SUBA,PUENTE LARGO III SECTOR,Puentelargo,490.32,1,PARQUE ZONAL CANAL CORDOBA,491.25,1,0.2,,0.33,1.5,0.0,,0.03,836.48,0.0
34-M2958607,APARTAMENTO,VENTA,19.78,88.36,3.0,2.0,86000.0,0.0,CHAPINERO ALTO,4,MAS DE 20 ANOS,4.65,-74.06,USADO,,0,0,0,0,1,0,0,0,0,1,False,CHAPINERO,S.C. CHAPINERO NORTE,Calle 63,447.61,1,PARQUE ZONAL GUSTAVO URIBE BOTERO,1012.81,0,0.22,,0.0,1.5,0.0,,0.03,338.49,1.0
16425-M4622874,APARTAMENTO,VENTA,21.47,207.31,3.0,4.0,1361000.0,3.0,CHICO,6,REMODELADO,4.66,-74.05,USADO,,0,1,0,0,0,0,0,0,0,1,False,CHAPINERO,S.C. EL NOGAL,Héroes - Gel´Hada,1154.13,0,PARQUE ZONAL SAN ANDRÉS,173.71,1,0.1,,1.0,0.75,0.0,,0.01,329.58,3.0
603-M4418172,APARTAMENTO,VENTA,19.83,120.0,3.0,2.0,200000.0,1.0,CEDRITOS,4,MAS DE 20 ANOS,4.72,-74.03,USADO,,0,0,0,0,0,0,0,0,0,1,False,USAQUEN,CEDRO SALAZAR,Calle 146,2612.54,0,PARQUE VECINAL NUEVA URBANIZACIÓN EL CEDRITO,747.47,0,0.17,,0.33,1.5,0.0,,0.02,833.74,0.0
34-58455,APARTAMENTO,VENTA,20.67,125.95,2.0,3.0,950000.0,1.0,CHICO,6,ENTRE 0 Y 5 ANOS,4.68,-74.05,USADO,,0,1,0,0,1,0,0,0,0,1,True,CHAPINERO,S.C. CHICO NORTE,Calle 100 - Marketmedios,1045.82,0,PARQUE ZONAL CANAL EL VIRREY EL CHICO,949.71,0,0.16,,0.5,0.67,0.0,,0.02,384.1,4.0
12375-M4385423,APARTAMENTO,VENTA,20.07,62.0,3.0,2.0,395000.0,1.0,COLINA Y ALREDEDORES,5,ENTRE 10 Y 20 ANOS,4.73,-74.07,USADO,,0,0,0,1,1,1,0,0,0,1,False,SUBA,EL RINCON DE IBERIA,Gratamira,967.76,0,PARQUE VECINAL PRADO PINZÓN,1348.36,0,0.32,,0.33,1.5,0.0,,0.05,132.61,1.0
13076-M4620807,APARTAMENTO,VENTA,20.29,118.65,3.0,2.0,300000.0,2.0,CENTRO NARINO,4,MAS DE 20 ANOS,4.63,-74.08,USADO,,0,0,0,0,1,0,0,0,0,1,False,TEUSAQUILLO,GRAN AMERICA,CAD,256.94,1,PARQUE METROPOLITANO EL RENACIMIENTO - PARQUE CEMENTERIO CENTRAL,967.64,0,0.17,,0.67,1.5,0.0,,0.03,901.9,0.0
504-101894,APARTAMENTO,VENTA,19.67,82.18,3.0,2.0,3921395.93,0.0,ANTONIO NARINO,3,MAS DE 20 ANOS,4.58,-74.09,USADO,,0,0,0,0,0,0,0,0,0,1,False,ANTONIO NARINO,CIUDAD BERNA,Ciudad Jardín - UAN,330.47,1,PARQUE ZONAL CIUDAD JARDIN,195.06,1,0.24,,0.0,1.5,0.0,,0.04,1919.01,0.0
10159-M4642622,APARTAMENTO,VENTA,20.35,130.8,3.0,5.0,750000.0,2.0,SANTA BARBARA,6,MAS DE 20 ANOS,4.69,-74.05,USADO,,0,1,0,0,1,0,0,0,0,1,False,USAQUEN,SAN PATRICIO,Calle 106,469.29,1,PARQUE ZONAL CANAL CORDOBA,1655.27,0,0.16,,0.67,0.6,0.0,,0.02,275.25,1.0
164-M4694353,APARTAMENTO,VENTA,19.6,62.35,2.0,2.0,165000.0,1.0,CIUDAD BOLIVAR,3,ENTRE 0 Y 5 ANOS,4.59,-74.16,USADO,,0,0,0,0,1,0,0,0,0,1,False,CIUDAD BOLIVAR,URB. CASA LARGA,CC Paseo Villa del Río - Madelena,430.01,1,PARQUE VECINAL URBANIZACIÓN BALMORAL CESIÓN GUADALUPE,624.73,0,0.31,,0.5,1.0,0.0,,0.03,873.5,0.0
